20160101
0.00
0.00
0.00
0.00
0.00
0.00
0.00
0.00
0.00
0.00
0.00
0.00
1.00
1.00
0.00
0.00
0.00
0.00
2.00
23.00
1.00
0.00
0.00
0.00
0.00
0.00
0.00
0.00
0.00
0.00
0.00
0.00
0.00
0.00
0.00
0.00
0.00
0.00
0.00
0.00
0.00
0.00
0.00
0.00
0.00
0.00
0.00
0.00
0.00
0.00
1.00
1.00
1.00
102.00
447.00
22.00
25.00
0.00
0.00
0.00
1.00
0.00
0.00
0.00
0.00
3.00
0.00
0.00
0.00
8.00
0.00
0.00
0.00
0.00
0.00
1.00
0.00
3.00
9.00
22.00
0.00
0.00
0.00
0.00
0.00
0.00
0.00
128.00
0.00
31.00
545.00
81.00
76.00
106.00
11.00
0.00
0.00
0.00
3.00
0.00
0.00
0.00
0.00
0.00
0.00
0.00
0.00
0.00
0.00
0.00
0.00
0.00
0.00
0.00
0.00
0.00
3.00
0.00
0.00
1.00
0.00
14.00
28.00
0.00
6.00
1.00
12.00
65.00
1.00
0.00
0.00
0.00
0.00
823.00
0.00
0.00
0.00
51.00
308.00
307.00
1127.00
328.00
0.00
0.00
222.00
329.00
0.00
11.00
301.00
9.00
53.00
113.00
0.00
0.00
0.00
3.00
20.00
21.00
97.00
150.00
60.00
25.00
1547.00
271.00
270.00
4.00
1.00
6.00
12.00
11.00
2.00
2.00
4.00
3.00
32.00
13.00
186.00
2.00
1.00
288.00
33.00
1.00
215.00
310.00
317.00
304.00
88.00
155.00
117.00
23.00
29.00
20.00
2.00
77.00
178.00
13.00
379.00
375.00
83.00
256.00
66.00
12.00
16.00
15.00
11.00
81.00
236.00
2.00
1.00
98.00
111.00
219.00
693.00
72.00
0.00
65.00
16.00
41.00
95.00
76.00
21.00
191.00
261.00
123.00
9.00
193.00
172.00
82.00
126.00
32.00
0.00
0.00
440.00
505.00
0.00
3.00
20.00
328.00
282.00
150.00
334.00
4.00
243.00
544.00
151.00
106.00
169.00
19.00
17.00
24.00
9.00
2.00
14.00
29.00
105.00
207.00
215.00
7.00
1.00
23.00
23.00
2.00
3.00
233.00
7.00
84.00
2.00
24.00
26.00
338.00
1289.00
359.00
0.00
133.00
55.00
158.00
561.00
350.00
22.00
9.00
152.00
71.00
198.00
298.00
1177.00
21.00
0.00
0.00
0.00
0.00
0.00
0.00
0.00
0.00
0.00
0.00
0.00
0.00
2.00
9.00
72.00
51.00
70.00
0.00
0.00
0.00
0.00
2.00
285.00
651.00
20.00
0.00
0.00
0.00
0.00
0.00
0.00
0.00
0.00
0.00
0.00
0.00
0.00
0.00
0.00
0.00
0.00
0.00
0.00
0.00
0.00
0.00
0.00
0.00
0.00
8.00
0.00
0.00
0.00
0.00
0.00
0.00
0.00
0.00
0.00
0.00
0.00
0.00
0.00
0.00
0.00
0.00
0.00
0.00
0.00
0.00
0.00
0.00
82.00
0.00
0.00
0.00
0.00
0.00
0.00
0.00
0.00
0.00
0.00
0.00
0.00
0.00
0.00
0.00
0.00
0.00
0.00
0.00
0.00
0.00
0.00
0.00
0.00
0.00
0.00
2.00
0.00
0.00
0.00
0.00
0.00
0.00
31.00
0.00
0.00
0.00
0.00
0.00
0.00
0.00
0.00
0.00
0.00
0.00
0.00
0.00
0.00
0.00
0.00
0.00
0.00
0.00
0.00
0.00
0.00
0.00
0.00
0.00
0.00
0.00
0.00
0.00
0.00
0.00
0.00
0.00
0.00
0.00
0.00
15.00
272.00
0.00
94.00
3.00
31.00
86.00
0.00
0.00
0.00
0.00
0.00
0.00
320.00
13.00
29.00
0.00
0.00
0.00
0.00
1.00
0.00
0.00
0.00
24.00
0.00
2.00
0.00
0.00
50.00
72.00
344.00
0.00
0.00
0.00
0.00
0.00
0.00
0.00
0.00
0.00
20.00
0.00
0.00
0.00
862.00
137.00
271.00
1075.00
446.00
567.00
2.00
0.00
0.00
0.00
1.00
0.00
3.00
0.00
0.00
0.00
16.00
5.00
0.00
0.00
245.00
0.00
6.00
0.00
0.00
0.00
613.00
99.00
56.00
0.00
0.00
0.00
0.00
0.00
0.00
0.00
0.00
30.00
37.00
233.00
214.00
1159.00
24.00
1057.00
26.00
7.00
99.00
756.00
0.00
42.00
271.00
33.00
123.00
395.00
276.00
712.00
0.00
106.00
13.00
21.00
228.00
1221.00
49.00
152.00
89.00
0.00
18.00
0.00
8.00
3.00
32.00
27.00
39.00
409.00
649.00
467.00
164.00
214.00
16.00
0.00
48.00
41.00
313.00
51.00
155.00
201.00
151.00
11.00
105.00
109.00
727.00
554.00
1063.00
452.00
21.00
60.00
601.00
245.00
421.00
70.00
103.00
110.00
152.00
0.00
43.00
49.00
62.00
103.00
166.00
159.00
126.00
3.00
8.00
203.00
247.00
504.00
79.00
15.00
302.00
283.00
30.00
94.00
54.00
73.00
400.00
196.00
104.00
146.00
99.00
66.00
120.00
29.00
31.00
105.00
402.00
202.00
30.00
129.00
25.00
81.00
2.00
99.00
4.00
3.00
193.00
348.00
83.00
2.00
6.00
40.00
115.00
625.00
209.00
326.00
29.00
49.00
0.00
158.00
261.00
292.00
183.00
301.00
51.00
111.00
69.00
3.00
2.00
13.00
41.00
1.00
4.00
1.00
4.00
123.00
0.00
5.00
0.00
0.00
0.00
40.00
0.00
24.00
120.00
148.00
1300.00
962.00
0.00
0.00
0.00
0.00
0.00
0.00
0.00
68.00
83.00
0.00
0.00
0.00
0.00
0.00
0.00
0.00
0.00
0.00
0.00
0.00
0.00
9.00
0.00
1.00
338.00
44.00
39.00
0.00
0.00
0.00
0.00
0.00
0.00
0.00
0.00
0.00
0.00
0.00
0.00
0.00
0.00
0.00
0.00
0.00
0.00
0.00
155.00
1158.00
919.00
501.00
0.00
0.00
0.00
0.00
0.00
0.00
0.00
0.00
0.00
0.00
0.00
0.00
0.00
0.00
0.00
0.00
0.00
0.00
0.00
0.00
6.00
215.00
10.00
0.00
0.00
0.00
0.00
0.00
0.00
0.00
0.00
0.00
0.00
0.00
0.00
0.00
0.00
0.00
0.00
0.00
0.00
0.00
0.00
0.00
0.00
0.00
0.00
0.00
0.00
0.00
0.00
0.00
0.00
0.00
0.00
5.00
0.00
53.00
322.00
241.00
539.00
101.00
72.00
0.00
0.00
0.00
0.00
0.00
0.00
0.00
0.00
0.00
0.00
0.00
0.00
0.00
0.00
118.00
0.00
0.00
0.00
0.00
0.00
0.00
0.00
0.00
0.00
0.00
0.00
0.00
0.00
0.00
0.00
0.00
0.00
153.00
11.00
0.00
0.00
0.00
0.00
0.00
0.00
5.00
45.00
0.00
0.00
0.00
0.00
90.00
146.00
0.00
25.00
0.00
0.00
51.00
158.00
65.00
0.00
114.00
0.00
201.00
30.00
0.00
103.00
0.00
6.00
279.00
0.00
1.00
10.00
5.00
600.00
0.00
0.00
0.00
9.00
0.00
0.00
460.00
176.00
5.00
369.00
19.00
41.00
533.00
0.00
52.00
18.00
0.00
351.00
725.00
2.00
52.00
16.00
0.00
63.00
1.00
584.00
111.00
119.00
186.00
34.00
191.00
96.00
23.00
0.00
0.00
91.00
127.00
333.00
306.00
138.00
39.00
10.00
201.00
87.00
0.00
0.00
250.00
517.00
449.00
949.00
840.00
15.00
35.00
161.00
76.00
0.00
0.00
112.00
67.00
1.00
53.00
178.00
243.00
32.00
1.00
2.00
6.00
1.00
17.00
10.00
233.00
511.00
149.00
16.00
13.00
1.00
9.00
2.00
10.00
86.00
3.00
155.00
109.00
19.00
95.00
62.00
11.00
24.00
47.00
129.00
85.00
412.00
482.00
237.00
119.00
245.00
161.00
8.00
19.00
31.00
106.00
107.00
107.00
117.00
385.00
144.00
8.00
26.00
1.00
84.00
31.00
26.00
44.00
434.00
10.00
19.00
278.00
205.00
278.00
37.00
211.00
10.00
62.00
150.00
95.00
26.00
1.00
42.00
22.00
24.00
4.00
9.00
35.00
81.00
105.00
0.00
11.00
0.00
1.00
12.00
26.00
6.00
248.00
3.00
15.00
69.00
0.00
0.00
48.00
106.00
136.00
8.00
0.00
58.00
45.00
42.00
0.00
13.00
29.00
0.00
0.00
0.00
0.00
0.00
0.00
0.00
0.00
0.00
0.00
128.00
408.00
494.00
470.00
320.00
0.00
0.00
0.00
0.00
0.00
0.00
0.00
0.00
0.00
0.00
0.00
0.00
0.00
3.00
54.00
220.00
38.00
18.00
0.00
0.00
0.00
0.00
0.00
0.00
0.00
0.00
0.00
0.00
0.00
0.00
0.00
3.00
0.00
0.00
0.00
0.00
0.00
0.00
10.00
0.00
0.00
0.00
0.00
0.00
0.00
0.00
0.00
0.00
0.00
0.00
0.00
0.00
0.00
4.00
0.00
0.00
0.00
0.00
0.00
0.00
0.00
0.00
0.00
58.00
28.00
4.00
0.00
0.00
0.00
0.00
0.00
0.00
0.00
0.00
0.00
0.00
0.00
0.00
0.00
0.00
0.00
0.00
0.00
0.00
0.00
0.00
0.00
0.00
0.00
0.00
0.00
0.00
0.00
0.00
0.00
0.00
0.00
0.00
0.00
0.00
0.00
0.00
0.00
0.00
0.00
0.00
0.00
0.00
0.00
0.00
0.00
0.00
0.00
0.00
0.00
0.00
0.00
1.00
0.00
0.00
0.00
0.00
0.00
0.00
0.00
4.00
0.00
0.00
0.00
0.00
0.00
0.00
0.60
0.60
66.40
54.10
41.90
15.50
0.00
0.00
0.00
4.50
15.20
0.00
0.00
0.00
0.00
0.00
0.00
0.00
0.00
0.00
1.70
2.20
14.20
0.20
0.00
8.60
0.00
7.20
0.00
0.00
0.00
0.00
0.30
0.00
0.00
0.00
30.90
28.90
41.00
55.00
0.00
0.00
16.00
1.00
5.10
26.70
8.10
17.90
0.00
29.50
0.00
0.00
0.00
0.00
0.00
0.00
0.00
1.00
0.10
0.00
0.00
0.00
0.00
0.00
0.00
0.00
0.00
0.00
0.10
109.60
57.40
0.00
0.00
0.00
0.00
0.00
0.00
0.00
0.00
53.90
0.40
4.80
2.60
1.70
0.00
0.00
0.00
0.00
45.10
45.10
25.60
16.50
0.00
0.00
0.00
0.00
0.00
2.40
9.10
67.20
26.70
56.80
1.40
3.80
6.20
5.30
24.10
0.40
0.00
0.30
41.60
2.90
60.60
0.00
15.10
2.90
12.60
4.30
6.40
3.30
0.00
0.10
7.10
14.50
2.10
4.80
19.90
1.30
13.00
4.10
5.80
0.30
12.50
10.00
49.30
58.10
57.10
57.10
48.90
48.90
41.10
0.00
0.00
0.80
19.60
0.00
0.00
0.00
2.70
1.20
6.90
3.70
49.30
6.10
2.60
0.00
5.10
30.60
1.30
3.20
3.50
2.50
40.50
110.30
5.20
6.30
19.70
15.30
0.80
92.90
17.10
47.90
45.80
24.90
32.00
0.50
16.70
0.00
4.00
2.80
32.20
22.50
9.70
15.20
0.60
0.30
2.00
0.00
7.80
55.70
29.20
34.60
3.60
8.70
1.60
1.50
20.80
63.30
12.00
29.80
5.90
64.00
17.90
0.20
1.10
2.70
0.20
1.60
1.60
1.30
2.20
11.00
6.80
24.60
16.60
12.80
3.20
7.20
24.40
35.70
35.70
52.40
1.20
0.00
0.30
12.90
4.50
0.30
3.30
28.40
2.10
0.00
0.00
0.00
0.00
44.80
0.00
0.00
0.10
0.00
0.30
4.30
3.70
0.00
0.00
1.20
