20160101
0.00
0.00
0.00
0.00
0.00
0.00
0.00
0.00
0.00
0.00
0.00
0.00
1.00
0.00
0.00
0.00
0.00
0.00
1.00
17.00
0.00
0.00
0.00
0.00
0.00
0.00
0.00
0.00
0.00
0.00
0.00
0.00
0.00
0.00
0.00
0.00
0.00
0.00
0.00
0.00
0.00
0.00
35.00
0.00
0.00
0.00
0.00
0.00
0.00
0.00
0.00
1.00
0.00
53.00
275.00
6.00
29.00
0.00
0.00
0.00
2.00
0.00
0.00
0.00
0.00
12.00
0.00
0.00
0.00
1.00
0.00
5.00
1.00
0.00
0.00
0.00
0.00
1.00
8.00
1.00
4.00
0.00
0.00
0.00
0.00
0.00
0.00
525.00
7.00
11.00
299.00
75.00
9.00
33.00
126.00
1.00
0.00
0.00
1.00
0.00
0.00
0.00
0.00
0.00
0.00
0.00
0.00
0.00
0.00
0.00
0.00
0.00
0.00
0.00
1.00
0.00
5.00
0.00
0.00
0.00
0.00
57.00
188.00
0.00
2.00
0.00
60.00
59.00
0.00
0.00
6.00
11.00
13.00
553.00
0.00
0.00
2.00
273.00
303.00
323.00
1266.00
621.00
1.00
0.00
175.00
97.00
0.00
0.00
192.00
104.00
5.00
112.00
0.00
0.00
0.00
26.00
0.00
122.00
512.00
247.00
459.00
355.00
1035.00
193.00
196.00
0.00
0.00
10.00
34.00
2.00
1.00
6.00
62.00
13.00
47.00
32.00
169.00
5.00
0.00
284.00
166.00
5.00
22.00
49.00
387.00
726.00
63.00
99.00
232.00
65.00
29.00
17.00
0.00
146.00
131.00
1.00
258.00
61.00
98.00
209.00
46.00
31.00
5.00
2.00
16.00
68.00
349.00
5.00
13.00
83.00
203.00
543.00
270.00
116.00
5.00
172.00
55.00
6.00
12.00
0.00
40.00
49.00
591.00
155.00
0.00
155.00
155.00
65.00
107.00
21.00
1.00
0.00
454.00
1082.00
0.00
2.00
1.00
390.00
91.00
124.00
206.00
5.00
57.00
328.00
201.00
121.00
58.00
20.00
0.00
1.00
3.00
2.00
8.00
15.00
304.00
364.00
213.00
27.00
23.00
187.00
83.00
24.00
5.00
165.00
16.00
58.00
38.00
0.00
3.00
23.00
368.00
70.00
0.00
730.00
272.00
91.00
118.00
148.00
72.00
40.00
216.00
133.00
95.00
251.00
1557.00
356.00
27.00
0.00
0.00
0.00
0.00
0.00
0.00
0.00
0.00
0.00
0.00
0.00
0.00
0.00
23.00
44.00
8.00
2.00
0.00
0.00
0.00
24.00
224.00
728.00
133.00
0.00
0.00
0.00
0.00
0.00
0.00
0.00
0.00
0.00
0.00
0.00
0.00
0.00
0.00
0.00
0.00
0.00
0.00
0.00
0.00
0.00
0.00
0.00
0.00
2.00
0.00
0.00
0.00
0.00
0.00
0.00
0.00
0.00
0.00
0.00
0.00
0.00
0.00
0.00
0.00
0.00
0.00
0.00
0.00
0.00
0.00
0.00
0.00
0.00
0.00
0.00
0.00
0.00
0.00
0.00
0.00
0.00
0.00
0.00
0.00
0.00
0.00
0.00
0.00
0.00
0.00
0.00
0.00
0.00
0.00
0.00
0.00
0.00
0.00
0.00
0.00
0.00
0.00
0.00
0.00
0.00
18.00
0.00
0.00
0.00
0.00
0.00
0.00
0.00
0.00
0.00
0.00
0.00
0.00
0.00
0.00
0.00
0.00
0.00
0.00
0.00
0.00
0.00
0.00
0.00
0.00
0.00
0.00
0.00
0.00
0.00
0.00
0.00
0.00
0.00
0.00
0.00
0.00
18.00
233.00
0.00
106.00
2.00
129.00
42.00
0.00
0.00
0.00
0.00
0.00
0.00
359.00
7.00
38.00
0.00
0.00
0.00
0.00
17.00
0.00
0.00
0.00
34.00
79.00
0.00
0.00
0.00
495.00
271.00
701.00
0.00
0.00
0.00
0.00
0.00
0.00
0.00
0.00
0.00
18.00
0.00
0.00
0.00
1002.00
134.00
256.00
362.00
54.00
409.00
168.00
0.00
0.00
0.00
0.00
0.00
6.00
0.00
0.00
0.00
4.00
0.00
0.00
0.00
390.00
0.00
3.00
0.00
32.00
14.00
300.00
23.00
161.00
0.00
4.00
0.00
0.00
0.00
0.00
0.00
0.00
0.00
32.00
157.00
589.00
696.00
84.00
2302.00
53.00
129.00
246.00
4.00
0.00
370.00
527.00
8.00
213.00
357.00
302.00
989.00
0.00
340.00
172.00
190.00
324.00
587.00
53.00
109.00
53.00
9.00
40.00
1.00
20.00
4.00
28.00
17.00
51.00
136.00
473.00
579.00
241.00
192.00
2.00
0.00
1.00
15.00
158.00
40.00
108.00
82.00
71.00
103.00
85.00
77.00
247.00
861.00
2466.00
385.00
10.00
235.00
1336.00
152.00
128.00
146.00
107.00
212.00
50.00
9.00
8.00
0.00
84.00
232.00
41.00
99.00
28.00
4.00
60.00
186.00
553.00
298.00
190.00
29.00
344.00
83.00
39.00
77.00
124.00
149.00
395.00
225.00
278.00
291.00
59.00
133.00
241.00
68.00
20.00
164.00
259.00
390.00
29.00
206.00
31.00
76.00
8.00
12.00
2.00
8.00
337.00
235.00
266.00
4.00
27.00
78.00
325.00
549.00
239.00
75.00
52.00
20.00
1.00
216.00
434.00
284.00
470.00
232.00
124.00
424.00
51.00
16.00
0.00
43.00
199.00
5.00
95.00
0.00
0.00
81.00
0.00
0.00
8.00
0.00
0.00
0.00
0.00
9.00
208.00
209.00
663.00
1629.00
0.00
0.00
0.00
0.00
0.00
0.00
0.00
338.00
65.00
0.00
0.00
0.00
0.00
0.00
0.00
0.00
0.00
0.00
0.00
0.00
0.00
10.00
0.00
0.00
208.00
47.00
12.00
0.00
0.00
0.00
0.00
0.00
0.00
0.00
0.00
0.00
0.00
0.00
0.00
0.00
0.00
0.00
0.00
0.00
0.00
0.00
31.00
1348.00
1163.00
959.00
0.00
0.00
0.00
0.00
0.00
0.00
0.00
0.00
0.00
0.00
0.00
0.00
0.00
0.00
0.00
0.00
0.00
0.00
0.00
0.00
273.00
311.00
0.00
0.00
0.00
0.00
0.00
0.00
0.00
0.00
0.00
0.00
0.00
0.00
0.00
0.00
0.00
0.00
0.00
0.00
0.00
0.00
0.00
0.00
0.00
0.00
0.00
0.00
0.00
0.00
0.00
0.00
0.00
0.00
0.00
0.00
0.00
0.00
113.00
65.00
483.00
22.00
67.00
0.00
4.00
0.00
0.00
0.00
0.00
0.00
0.00
0.00
0.00
0.00
0.00
0.00
0.00
244.00
0.00
0.00
0.00
0.00
0.00
0.00
1.00
0.00
0.00
0.00
0.00
0.00
0.00
0.00
0.00
0.00
0.00
49.00
4.00
0.00
0.00
0.00
0.00
0.00
0.00
0.00
0.00
0.00
0.00
0.00
0.00
89.00
204.00
0.00
12.00
2.00
0.00
0.00
135.00
21.00
21.00
94.00
11.00
61.00
5.00
0.00
7.00
0.00
5.00
252.00
51.00
60.00
119.00
39.00
19.00
0.00
0.00
0.00
9.00
0.00
0.00
546.00
394.00
0.00
46.00
18.00
83.00
624.00
51.00
152.00
2.00
37.00
161.00
608.00
0.00
71.00
19.00
1.00
42.00
0.00
364.00
209.00
52.00
20.00
6.00
61.00
64.00
6.00
0.00
0.00
10.00
25.00
462.00
146.00
41.00
23.00
4.00
320.00
20.00
14.00
20.00
195.00
388.00
482.00
511.00
1643.00
43.00
147.00
51.00
126.00
17.00
3.00
96.00
21.00
0.00
24.00
164.00
225.00
9.00
15.00
1.00
7.00
0.00
0.00
7.00
441.00
375.00
134.00
0.00
8.00
21.00
5.00
1.00
3.00
110.00
21.00
53.00
150.00
31.00
9.00
24.00
3.00
27.00
75.00
128.00
22.00
650.00
359.00
57.00
118.00
247.00
96.00
26.00
5.00
87.00
76.00
176.00
29.00
269.00
435.00
216.00
36.00
19.00
27.00
117.00
20.00
173.00
94.00
647.00
16.00
8.00
299.00
129.00
55.00
4.00
40.00
5.00
117.00
17.00
54.00
28.00
0.00
2.00
0.00
11.00
11.00
6.00
23.00
14.00
217.00
0.00
0.00
0.00
0.00
65.00
19.00
87.00
370.00
9.00
12.00
166.00
0.00
0.00
204.00
194.00
195.00
33.00
0.00
54.00
93.00
10.00
8.00
29.00
0.00
0.00
0.00
0.00
0.00
0.00
0.00
0.00
0.00
0.00
18.00
211.00
329.00
499.00
516.00
174.00
0.00
0.00
0.00
0.00
0.00
0.00
0.00
0.00
0.00
0.00
0.00
0.00
0.00
15.00
40.00
306.00
93.00
4.00
0.00
0.00
0.00
0.00
0.00
0.00
0.00
0.00
0.00
0.00
0.00
0.00
0.00
0.00
0.00
0.00
0.00
0.00
0.00
0.00
2.00
0.00
0.00
0.00
0.00
0.00
0.00
0.00
0.00
0.00
0.00
0.00
0.00
0.00
0.00
0.00
0.00
0.00
0.00
0.00
0.00
0.00
0.00
0.00
0.00
47.00
52.00
0.00
0.00
0.00
0.00
0.00
0.00
0.00
0.00
0.00
0.00
0.00
0.00
0.00
0.00
0.00
0.00
0.00
0.00
0.00
0.00
0.00
0.00
0.00
0.00
0.00
0.00
0.00
0.00
0.00
0.00
0.00
0.00
0.00
0.00
0.00
0.00
0.00
0.00
0.00
0.00
0.00
0.00
0.00
0.00
0.00
0.00
0.00
0.00
0.00
0.00
0.00
0.00
0.00
0.00
0.00
0.00
0.00
0.00
0.00
0.00
2.00
0.00
0.00
0.00
0.00
0.00
0.00
0.00
0.20
86.30
77.70
27.00
24.20
0.00
0.00
0.00
2.50
19.10
0.00
0.00
0.00
0.00
0.00
0.00
0.00
0.00
0.00
0.40
1.60
0.80
1.20
0.20
1.90
0.00
3.20
0.00
0.00
0.00
0.00
1.20
0.00
0.00
0.00
21.40
34.40
103.30
26.60
0.00
2.20
13.00
0.00
38.30
52.00
1.80
6.90
0.00
6.50
0.00
0.00
0.00
0.00
0.00
0.00
0.00
0.00
0.10
0.00
0.00
0.00
0.00
0.00
0.00
0.00
0.00
0.00
0.80
45.30
80.90
0.00
0.00
0.00
0.00
0.00
0.00
0.00
0.00
18.60
2.60
0.50
2.00
15.30
0.00
0.80
0.80
0.00
14.80
14.80
112.60
16.10
1.70
0.00
0.00
0.00
0.00
0.00
25.40
1.80
1.90
0.60
0.30
0.30
0.50
5.60
7.90
0.50
0.10
11.90
82.50
12.00
66.40
0.00
0.70
11.10
18.70
21.80
3.90
0.00
0.00
1.20
1.50
1.30
4.80
1.80
3.70
2.10
1.00
0.70
0.30
1.20
0.30
14.70
82.40
71.20
106.60
106.60
100.80
100.80
43.50
0.00
0.00
0.30
37.90
0.00
0.00
0.00
1.70
0.50
5.10
4.20
35.60
2.10
5.20
0.00
1.50
17.40
7.70
3.70
9.70
10.10
42.30
40.20
9.90
1.10
36.30
7.90
0.10
49.20
21.60
18.40
59.70
27.50
6.70
0.00
0.00
0.20
6.50
2.30
43.90
26.50
22.20
26.90
0.30
1.90
2.50
0.00
24.80
55.40
28.70
11.10
3.60
15.10
3.80
2.00
6.70
19.90
27.60
9.10
4.20
60.50
14.70
0.70
3.40
0.20
3.00
3.60
1.70
0.30
4.20
19.80
17.60
7.90
9.40
0.50
15.30
0.00
22.90
10.60
10.60
37.30
0.10
0.10
0.90
10.10
1.40
10.20
15.80
26.80
0.80
0.00
0.00
0.00
0.00
4.70
0.00
0.00
0.00
0.00
0.30
4.20
3.80
0.30
0.00
1.50
