20160101
0.00
0.00
0.00
0.00
0.00
0.00
0.00
0.00
0.00
0.00
0.00
0.00
4.00
0.00
0.00
0.00
0.00
0.00
3.00
31.00
0.00
0.00
0.00
0.00
0.00
0.00
3.00
0.00
0.00
0.00
0.00
0.00
0.00
0.00
0.00
0.00
0.00
4.00
18.00
0.00
0.00
0.00
3.00
0.00
0.00
0.00
0.00
0.00
0.00
0.00
1.00
1.00
2.00
170.00
552.00
36.00
20.00
0.00
0.00
0.00
0.00
0.00
0.00
0.00
0.00
0.00
0.00
0.00
0.00
5.00
0.00
2.00
2.00
0.00
2.00
1.00
0.00
0.00
75.00
0.00
0.00
0.00
0.00
0.00
0.00
0.00
0.00
9.00
1.00
60.00
723.00
176.00
200.00
50.00
0.00
9.00
0.00
0.00
0.00
0.00
0.00
0.00
0.00
0.00
0.00
0.00
0.00
0.00
0.00
0.00
0.00
0.00
0.00
0.00
0.00
0.00
0.00
0.00
0.00
0.00
0.00
16.00
367.00
0.00
6.00
5.00
6.00
35.00
1.00
1.00
0.00
2.00
0.00
775.00
0.00
0.00
0.00
101.00
274.00
297.00
880.00
223.00
0.00
0.00
47.00
140.00
0.00
3.00
89.00
0.00
102.00
0.00
1.00
0.00
0.00
0.00
5.00
0.00
22.00
0.00
1.00
0.00
1703.00
586.00
192.00
3.00
1.00
1.00
5.00
11.00
2.00
3.00
11.00
27.00
17.00
3.00
101.00
2.00
3.00
95.00
11.00
10.00
187.00
160.00
95.00
339.00
71.00
403.00
110.00
20.00
53.00
10.00
8.00
33.00
47.00
14.00
89.00
344.00
175.00
211.00
52.00
46.00
11.00
8.00
44.00
56.00
94.00
9.00
3.00
9.00
136.00
256.00
474.00
156.00
14.00
29.00
9.00
57.00
129.00
18.00
146.00
198.00
263.00
220.00
32.00
87.00
37.00
33.00
100.00
157.00
93.00
3.00
710.00
1826.00
15.00
19.00
40.00
137.00
77.00
75.00
355.00
42.00
54.00
235.00
84.00
163.00
109.00
39.00
10.00
29.00
27.00
46.00
7.00
63.00
198.00
143.00
79.00
49.00
14.00
37.00
55.00
12.00
7.00
75.00
36.00
29.00
152.00
55.00
265.00
39.00
108.00
601.00
53.00
20.00
0.00
3.00
45.00
544.00
55.00
300.00
128.00
1.00
32.00
38.00
131.00
17.00
0.00
0.00
0.00
0.00
0.00
0.00
0.00
0.00
0.00
0.00
0.00
0.00
0.00
11.00
101.00
118.00
9.00
0.00
0.00
0.00
0.00
16.00
384.00
605.00
0.00
0.00
0.00
0.00
0.00
0.00
0.00
0.00
0.00
0.00
0.00
0.00
0.00
0.00
0.00
0.00
0.00
0.00
0.00
0.00
0.00
0.00
0.00
0.00
0.00
31.00
0.00
0.00
0.00
0.00
0.00
0.00
0.00
0.00
0.00
0.00
0.00
0.00
0.00
0.00
0.00
0.00
0.00
0.00
0.00
0.00
0.00
0.00
0.00
0.00
0.00
0.00
0.00
0.00
0.00
0.00
0.00
0.00
0.00
0.00
0.00
0.00
0.00
0.00
0.00
2.00
0.00
0.00
0.00
0.00
0.00
0.00
0.00
0.00
0.00
0.00
0.00
0.00
0.00
0.00
0.00
0.00
16.00
0.00
0.00
0.00
0.00
0.00
0.00
0.00
0.00
0.00
0.00
0.00
0.00
0.00
0.00
0.00
0.00
0.00
0.00
0.00
0.00
0.00
0.00
0.00
0.00
0.00
0.00
0.00
0.00
0.00
0.00
0.00
0.00
0.00
0.00
0.00
0.00
6.00
27.00
0.00
60.00
2.00
86.00
89.00
0.00
0.00
0.00
0.00
0.00
0.00
76.00
19.00
46.00
0.00
0.00
0.00
0.00
7.00
0.00
0.00
0.00
162.00
0.00
0.00
0.00
0.00
0.00
0.00
300.00
0.00
0.00
0.00
0.00
0.00
0.00
0.00
0.00
0.00
0.00
0.00
0.00
24.00
225.00
154.00
752.00
694.00
303.00
208.00
0.00
0.00
1.00
0.00
14.00
0.00
58.00
0.00
0.00
0.00
47.00
6.00
0.00
0.00
368.00
0.00
7.00
0.00
1.00
0.00
352.00
1.00
191.00
0.00
0.00
0.00
0.00
0.00
0.00
0.00
0.00
266.00
0.00
1.00
325.00
208.00
0.00
913.00
700.00
0.00
0.00
1145.00
0.00
1.00
95.00
0.00
30.00
476.00
329.00
131.00
1.00
110.00
73.00
283.00
187.00
1121.00
21.00
178.00
210.00
4.00
6.00
6.00
4.00
5.00
87.00
21.00
127.00
156.00
286.00
507.00
171.00
386.00
17.00
6.00
12.00
27.00
176.00
197.00
135.00
246.00
44.00
22.00
408.00
111.00
294.00
399.00
666.00
26.00
28.00
66.00
494.00
270.00
64.00
144.00
13.00
88.00
32.00
3.00
2.00
284.00
31.00
71.00
213.00
230.00
151.00
3.00
11.00
74.00
192.00
718.00
134.00
11.00
112.00
191.00
47.00
54.00
35.00
23.00
269.00
244.00
76.00
17.00
64.00
151.00
102.00
31.00
113.00
65.00
227.00
19.00
44.00
182.00
33.00
22.00
8.00
10.00
24.00
85.00
45.00
208.00
12.00
12.00
1.00
1.00
100.00
366.00
264.00
213.00
64.00
33.00
6.00
52.00
40.00
66.00
65.00
85.00
431.00
13.00
61.00
136.00
53.00
2.00
1.00
2.00
4.00
13.00
276.00
378.00
0.00
2.00
4.00
0.00
0.00
28.00
0.00
0.00
3.00
224.00
838.00
682.00
0.00
0.00
4.00
0.00
0.00
0.00
0.00
46.00
54.00
0.00
0.00
0.00
0.00
0.00
0.00
0.00
0.00
0.00
0.00
0.00
0.00
7.00
0.00
20.00
347.00
16.00
27.00
0.00
2.00
3.00
0.00
0.00
0.00
0.00
0.00
0.00
0.00
0.00
0.00
0.00
0.00
0.00
0.00
0.00
0.00
3.00
28.00
406.00
252.00
9.00
0.00
0.00
0.00
0.00
0.00
0.00
0.00
0.00
0.00
0.00
0.00
0.00
0.00
0.00
0.00
0.00
0.00
0.00
0.00
0.00
18.00
235.00
1.00
0.00
0.00
0.00
0.00
0.00
0.00
0.00
0.00
0.00
0.00
0.00
0.00
0.00
0.00
0.00
0.00
0.00
0.00
0.00
0.00
0.00
0.00
0.00
0.00
0.00
0.00
0.00
0.00
0.00
0.00
0.00
0.00
0.00
0.00
0.00
520.00
346.00
482.00
302.00
40.00
0.00
60.00
55.00
0.00
0.00
0.00
0.00
0.00
0.00
0.00
0.00
0.00
0.00
0.00
195.00
0.00
0.00
0.00
0.00
0.00
0.00
2.00
1.00
0.00
0.00
0.00
0.00
0.00
0.00
4.00
0.00
0.00
288.00
28.00
0.00
0.00
0.00
0.00
0.00
0.00
18.00
41.00
2.00
21.00
0.00
0.00
173.00
534.00
0.00
213.00
0.00
0.00
179.00
14.00
246.00
0.00
0.00
0.00
47.00
158.00
0.00
89.00
0.00
12.00
484.00
3.00
7.00
0.00
7.00
196.00
2.00
0.00
61.00
1.00
0.00
0.00
147.00
164.00
5.00
231.00
0.00
1.00
485.00
0.00
0.00
15.00
0.00
97.00
404.00
330.00
33.00
2.00
0.00
102.00
0.00
351.00
7.00
73.00
356.00
0.00
161.00
59.00
87.00
0.00
0.00
0.00
0.00
19.00
244.00
534.00
11.00
5.00
123.00
3.00
0.00
1.00
2.00
401.00
356.00
279.00
457.00
6.00
27.00
61.00
72.00
0.00
0.00
347.00
7.00
7.00
253.00
118.00
334.00
23.00
1.00
29.00
10.00
19.00
125.00
16.00
46.00
391.00
116.00
2.00
16.00
3.00
0.00
21.00
17.00
25.00
3.00
114.00
106.00
22.00
8.00
19.00
20.00
213.00
31.00
53.00
51.00
141.00
278.00
358.00
119.00
43.00
189.00
79.00
45.00
75.00
53.00
72.00
53.00
17.00
142.00
86.00
13.00
35.00
2.00
26.00
28.00
26.00
51.00
103.00
28.00
9.00
377.00
82.00
413.00
79.00
212.00
38.00
26.00
204.00
82.00
39.00
11.00
19.00
16.00
21.00
75.00
34.00
55.00
29.00
123.00
1.00
69.00
0.00
4.00
1.00
37.00
4.00
39.00
140.00
31.00
241.00
2.00
0.00
26.00
16.00
177.00
30.00
0.00
1.00
4.00
73.00
1.00
45.00
0.00
0.00
0.00
0.00
0.00
0.00
0.00
0.00
0.00
0.00
0.00
70.00
585.00
258.00
704.00
371.00
0.00
0.00
0.00
0.00
0.00
0.00
0.00
0.00
0.00
0.00
0.00
0.00
0.00
10.00
77.00
130.00
17.00
0.00
0.00
0.00
0.00
0.00
0.00
0.00
0.00
0.00
0.00
0.00
0.00
0.00
0.00
0.00
0.00
0.00
0.00
0.00
0.00
0.00
4.00
0.00
0.00
0.00
0.00
0.00
0.00
0.00
0.00
0.00
0.00
0.00
0.00
0.00
0.00
0.00
0.00
0.00
0.00
0.00
0.00
0.00
0.00
0.00
0.00
60.00
44.00
11.00
0.00
0.00
0.00
0.00
0.00
0.00
0.00
0.00
0.00
0.00
0.00
0.00
0.00
0.00
0.00
0.00
0.00
0.00
0.00
0.00
0.00
0.00
0.00
0.00
0.00
0.00
0.00
0.00
0.00
0.00
0.00
0.00
0.00
0.00
0.00
0.00
0.00
0.00
1.00
1.00
0.00
0.00
0.00
0.00
0.00
0.00
0.00
0.00
0.00
0.00
0.00
0.00
0.00
0.00
0.00
0.00
0.00
0.00
0.00
4.00
0.00
0.00
0.00
0.00
0.00
0.00
0.00
1.60
48.20
40.20
55.70
15.70
0.00
0.00
0.00
1.20
22.40
0.00
0.00
0.00
0.00
0.00
0.00
0.00
0.00
0.20
5.00
0.30
31.10
2.00
0.00
0.00
0.00
10.50
0.00
0.00
0.00
0.10
1.00
0.00
0.00
0.70
32.30
0.10
62.90
23.20
0.00
0.10
31.30
1.00
0.10
40.50
6.30
11.20
0.00
18.70
0.10
0.00
0.70
0.00
0.00
0.00
0.00
1.20
0.00
0.00
0.00
0.00
0.00
0.60
0.00
0.00
0.00
0.00
0.10
136.50
8.50
0.00
0.00
0.00
0.00
0.00
0.00
0.00
0.00
2.90
1.40
11.00
0.00
0.00
0.00
2.00
2.00
0.00
37.20
37.20
22.50
9.40
0.00
0.00
0.00
0.00
0.00
1.60
0.00
14.50
19.70
3.80
16.20
0.90
16.30
6.40
1.10
0.00
0.00
0.40
5.70
2.90
184.20
0.00
7.80
9.20
1.80
0.20
0.60
0.00
0.00
0.40
1.40
4.70
2.30
7.40
0.50
0.90
0.50
20.20
1.00
0.80
0.50
4.50
16.40
14.50
13.80
13.80
9.80
9.80
49.50
1.10
1.10
1.10
1.10
1.10
1.10
1.10
2.80
5.60
1.90
5.10
43.40
13.50
3.80
0.20
1.90
23.00
2.20
3.10
2.90
2.50
13.40
35.70
8.00
12.20
6.40
10.40
1.60
39.60
31.50
78.20
44.00
20.10
12.20
6.20
0.00
2.10
4.80
1.00
23.30
40.80
10.10
5.50
1.30
0.00
2.30
0.00
0.50
23.40
24.40
26.60
1.90
5.80
1.80
0.60
7.30
41.40
1.90
17.30
2.80
28.50
5.80
0.00
0.00
1.90
0.20
0.10
0.60
0.10
5.80
18.30
2.40
14.70
28.20
7.80
0.20
14.00
61.40
17.70
17.70
21.90
0.00
7.40
1.90
12.00
0.70
0.20
17.60
31.50
0.00
0.10
0.00
0.00
0.00
14.00
0.00
0.00
0.00
0.00
0.10
3.20
1.30
0.10
0.00
2.30
