20160101
0.00
0.00
0.00
0.00
0.00
0.00
0.00
0.00
0.00
0.00
0.00
0.00
0.00
0.00
0.00
0.00
0.00
0.00
0.00
0.00
33.00
0.00
0.00
0.00
0.00
0.00
0.00
0.00
0.00
0.00
0.00
0.00
0.00
0.00
0.00
0.00
0.00
0.00
0.00
0.00
0.00
0.00
0.00
0.00
0.00
0.00
0.00
0.00
0.00
0.00
0.00
0.00
0.00
28.00
139.00
60.00
14.00
0.00
0.00
0.00
0.00
0.00
0.00
0.00
0.00
0.00
0.00
0.00
0.00
0.00
0.00
1.00
1.00
0.00
0.00
0.00
0.00
0.00
18.00
0.00
0.00
0.00
0.00
0.00
0.00
0.00
0.00
10.00
23.00
0.00
376.00
13.00
11.00
4.00
77.00
50.00
0.00
0.00
0.00
0.00
0.00
0.00
0.00
19.00
0.00
0.00
19.00
29.00
0.00
0.00
0.00
0.00
4.00
0.00
18.00
437.00
7.00
0.00
7.00
0.00
0.00
469.00
22.00
0.00
59.00
0.00
1.00
0.00
0.00
0.00
0.00
0.00
184.00
4.00
1.00
0.00
0.00
63.00
195.00
130.00
148.00
387.00
0.00
0.00
7.00
22.00
0.00
0.00
12.00
3.00
0.00
18.00
3.00
0.00
46.00
88.00
120.00
26.00
54.00
24.00
71.00
415.00
4.00
23.00
42.00
0.00
68.00
46.00
9.00
65.00
25.00
128.00
25.00
82.00
24.00
127.00
65.00
8.00
3.00
1.00
3.00
100.00
86.00
20.00
22.00
14.00
40.00
11.00
105.00
32.00
17.00
10.00
2.00
34.00
28.00
39.00
40.00
109.00
0.00
0.00
12.00
34.00
96.00
56.00
132.00
136.00
157.00
0.00
49.00
37.00
108.00
87.00
74.00
31.00
61.00
15.00
9.00
30.00
27.00
23.00
47.00
2.00
3.00
4.00
8.00
72.00
25.00
1.00
0.00
10.00
7.00
13.00
661.00
15.00
0.00
29.00
9.00
70.00
70.00
19.00
7.00
109.00
76.00
43.00
4.00
0.00
29.00
20.00
3.00
24.00
21.00
10.00
229.00
23.00
68.00
5.00
1.00
0.00
0.00
74.00
14.00
3.00
38.00
396.00
3.00
1.00
26.00
0.00
107.00
11.00
13.00
0.00
7.00
2.00
0.00
63.00
0.00
2.00
40.00
0.00
61.00
12.00
58.00
4.00
0.00
64.00
0.00
0.00
0.00
0.00
0.00
0.00
0.00
0.00
0.00
0.00
0.00
0.00
0.00
0.00
31.00
36.00
22.00
14.00
3.00
0.00
74.00
21.00
31.00
317.00
122.00
0.00
0.00
0.00
0.00
0.00
0.00
0.00
0.00
0.00
0.00
0.00
0.00
0.00
0.00
0.00
0.00
0.00
0.00
0.00
0.00
0.00
0.00
0.00
0.00
0.00
0.00
0.00
0.00
0.00
0.00
0.00
0.00
0.00
0.00
0.00
0.00
0.00
0.00
0.00
0.00
0.00
0.00
0.00
0.00
0.00
0.00
0.00
0.00
0.00
0.00
0.00
0.00
0.00
0.00
0.00
0.00
0.00
0.00
1.00
0.00
0.00
0.00
0.00
0.00
0.00
0.00
0.00
0.00
0.00
0.00
0.00
0.00
0.00
0.00
0.00
0.00
0.00
0.00
0.00
0.00
0.00
3.00
0.00
0.00
0.00
0.00
0.00
0.00
0.00
0.00
0.00
0.00
0.00
0.00
0.00
0.00
0.00
0.00
0.00
0.00
0.00
0.00
0.00
0.00
0.00
0.00
0.00
0.00
0.00
0.00
0.00
0.00
0.00
0.00
0.00
0.00
0.00
0.00
0.00
6.00
0.00
51.00
0.00
76.00
38.00
4.00
0.00
0.00
0.00
0.00
0.00
15.00
3.00
30.00
0.00
0.00
0.00
0.00
10.00
0.00
0.00
0.00
125.00
42.00
0.00
0.00
0.00
18.00
367.00
21.00
0.00
0.00
0.00
0.00
0.00
0.00
0.00
0.00
10.00
5.00
3.00
68.00
0.00
213.00
108.00
384.00
189.00
66.00
72.00
181.00
2.00
0.00
0.00
0.00
5.00
1.00
0.00
0.00
0.00
0.00
1.00
0.00
0.00
178.00
0.00
16.00
0.00
18.00
18.00
93.00
0.00
56.00
0.00
1.00
0.00
0.00
0.00
0.00
0.00
6.00
0.00
117.00
38.00
127.00
144.00
1.00
3.00
55.00
95.00
33.00
5.00
45.00
60.00
118.00
32.00
51.00
75.00
64.00
184.00
28.00
140.00
6.00
16.00
0.00
79.00
0.00
0.00
5.00
127.00
0.00
19.00
28.00
19.00
104.00
136.00
40.00
37.00
0.00
82.00
11.00
58.00
0.00
1.00
3.00
68.00
35.00
104.00
67.00
175.00
14.00
134.00
3.00
93.00
107.00
27.00
57.00
8.00
13.00
74.00
97.00
94.00
26.00
33.00
268.00
102.00
22.00
25.00
23.00
48.00
48.00
64.00
21.00
94.00
2.00
8.00
1.00
3.00
27.00
8.00
24.00
27.00
17.00
87.00
11.00
27.00
5.00
36.00
59.00
60.00
2.00
45.00
131.00
454.00
14.00
1.00
72.00
68.00
17.00
6.00
8.00
0.00
3.00
37.00
50.00
11.00
56.00
22.00
50.00
31.00
65.00
240.00
11.00
7.00
206.00
223.00
39.00
258.00
61.00
0.00
20.00
3.00
4.00
83.00
311.00
9.00
51.00
0.00
30.00
103.00
93.00
0.00
0.00
4.00
1.00
1.00
0.00
8.00
23.00
20.00
31.00
0.00
0.00
0.00
0.00
0.00
28.00
62.00
24.00
55.00
2.00
0.00
0.00
0.00
0.00
0.00
1.00
4.00
120.00
37.00
0.00
0.00
0.00
0.00
0.00
0.00
0.00
63.00
0.00
0.00
0.00
4.00
0.00
2.00
194.00
64.00
1.00
0.00
0.00
0.00
0.00
1.00
0.00
0.00
0.00
0.00
0.00
0.00
0.00
0.00
0.00
0.00
0.00
0.00
0.00
0.00
1.00
524.00
332.00
0.00
0.00
0.00
0.00
0.00
0.00
0.00
0.00
0.00
0.00
0.00
0.00
0.00
0.00
0.00
0.00
0.00
0.00
0.00
0.00
0.00
2.00
432.00
295.00
0.00
0.00
0.00
0.00
0.00
0.00
0.00
0.00
0.00
0.00
0.00
0.00
0.00
0.00
0.00
0.00
0.00
0.00
0.00
0.00
0.00
0.00
0.00
0.00
0.00
0.00
0.00
0.00
0.00
0.00
0.00
0.00
0.00
0.00
0.00
0.00
1.00
14.00
2.00
14.00
0.00
0.00
0.00
0.00
0.00
0.00
0.00
0.00
0.00
0.00
0.00
0.00
0.00
0.00
86.00
0.00
0.00
0.00
0.00
0.00
0.00
0.00
0.00
0.00
0.00
0.00
0.00
0.00
0.00
89.00
0.00
0.00
18.00
22.00
0.00
0.00
0.00
0.00
0.00
0.00
0.00
0.00
4.00
5.00
0.00
0.00
0.00
4.00
0.00
257.00
228.00
0.00
0.00
0.00
35.00
32.00
0.00
47.00
0.00
0.00
0.00
0.00
0.00
0.00
22.00
8.00
29.00
5.00
27.00
1.00
0.00
0.00
0.00
0.00
31.00
0.00
123.00
56.00
6.00
229.00
1.00
16.00
76.00
206.00
428.00
135.00
79.00
115.00
489.00
2.00
40.00
2.00
13.00
3.00
0.00
0.00
0.00
0.00
0.00
0.00
28.00
1.00
0.00
0.00
36.00
6.00
79.00
0.00
2.00
5.00
70.00
203.00
493.00
60.00
16.00
29.00
69.00
44.00
216.00
259.00
111.00
51.00
5.00
37.00
0.00
0.00
21.00
6.00
22.00
10.00
23.00
48.00
1.00
4.00
68.00
18.00
41.00
1.00
8.00
0.00
3.00
15.00
12.00
2.00
1.00
10.00
28.00
19.00
51.00
53.00
28.00
18.00
17.00
38.00
20.00
35.00
10.00
137.00
43.00
228.00
17.00
16.00
31.00
3.00
0.00
57.00
16.00
50.00
238.00
60.00
0.00
1.00
1.00
55.00
188.00
37.00
5.00
23.00
5.00
9.00
212.00
110.00
14.00
53.00
19.00
3.00
1.00
65.00
2.00
54.00
3.00
5.00
99.00
19.00
30.00
10.00
18.00
12.00
7.00
42.00
1.00
161.00
1.00
2.00
33.00
0.00
11.00
0.00
76.00
161.00
51.00
0.00
0.00
26.00
37.00
49.00
12.00
69.00
65.00
220.00
2.00
1.00
31.00
96.00
28.00
4.00
5.00
56.00
16.00
0.00
0.00
0.00
0.00
0.00
0.00
0.00
0.00
5.00
35.00
180.00
373.00
393.00
315.00
87.00
0.00
0.00
0.00
0.00
0.00
0.00
0.00
2.00
1.00
0.00
0.00
0.00
0.00
532.00
4.00
117.00
61.00
85.00
0.00
0.00
0.00
0.00
0.00
0.00
0.00
0.00
0.00
0.00
0.00
0.00
1.00
7.00
0.00
0.00
0.00
0.00
0.00
0.00
0.00
0.00
0.00
0.00
0.00
0.00
0.00
0.00
0.00
0.00
0.00
0.00
0.00
0.00
0.00
3.00
0.00
0.00
0.00
0.00
2.00
0.00
0.00
0.00
0.00
4.00
3.00
79.00
0.00
0.00
0.00
0.00
0.00
0.00
0.00
0.00
0.00
0.00
0.00
0.00
0.00
0.00
0.00
0.00
0.00
0.00
0.00
7.00
0.00
0.00
0.00
0.00
0.00
0.00
0.00
0.00
0.00
0.00
0.00
0.00
0.00
0.00
0.00
0.00
0.00
0.00
0.00
0.00
0.00
0.00
0.00
0.00
0.00
0.00
0.00
0.00
0.00
0.00
0.00
0.00
0.00
0.00
0.00
0.00
0.00
0.00
0.00
0.00
1.00
0.00
0.00
0.00
0.00
0.00
0.00
0.00
94.50
81.10
29.30
22.40
0.00
0.00
0.00
9.20
16.10
2.70
0.00
0.00
0.00
0.00
0.00
0.00
0.00
0.00
0.00
0.00
0.00
0.10
0.00
0.00
0.00
0.00
0.00
0.00
0.00
0.00
0.00
0.00
0.00
0.00
57.60
18.00
31.80
7.30
0.00
6.50
5.00
1.50
55.00
35.60
0.00
0.00
0.00
0.00
0.00
0.00
0.00
0.00
0.00
0.00
0.00
0.00
0.00
0.00
0.00
0.00
0.00
0.00
0.10
0.00
0.00
0.00
2.70
0.20
0.20
0.00
0.00
0.00
0.00
0.00
0.00
0.00
0.00
3.40
12.40
0.10
0.40
3.80
0.20
0.00
0.00
0.00
0.00
0.00
32.50
0.00
0.00
0.00
0.00
0.00
0.00
0.00
0.30
0.30
0.00
9.60
0.30
5.80
2.10
1.50
0.90
18.30
6.30
3.80
0.30
10.00
1.60
0.20
1.20
7.10
2.80
3.70
1.80
1.80
7.00
4.30
1.90
2.50
3.70
7.70
1.60
1.70
5.80
0.10
0.10
4.90
1.90
6.10
6.20
5.30
0.10
0.10
9.70
9.70
6.40
1.30
1.30
0.30
0.00
1.30
1.30
1.30
2.60
15.50
3.80
0.70
8.50
14.20
2.80
3.60
2.30
3.90
3.20
6.00
7.40
0.10
0.50
65.50
2.10
16.70
1.40
0.10
2.30
23.50
4.00
5.40
10.20
0.10
0.20
1.20
2.80
1.80
3.60
31.70
1.30
20.30
19.40
0.30
0.50
1.30
8.00
1.00
3.00
53.80
10.20
3.30
0.10
1.00
0.50
0.40
3.10
1.40
0.00
7.80
12.50
1.10
1.40
3.20
16.70
9.70
1.10
4.50
4.90
7.90
9.10
10.70
7.80
34.30
14.10
4.10
1.60
17.70
3.80
0.10
0.10
4.30
0.10
0.30
3.30
2.20
8.50
0.30
2.60
3.90
0.70
0.50
0.00
9.30
6.90
1.30
1.90
0.10
3.80
0.10
1.40
4.40
2.60
0.40
0.00
1.90
