20160101
0.00
0.00
0.00
0.00
0.00
0.00
0.00
0.00
0.00
0.00
0.00
0.00
0.00
0.00
0.00
0.00
0.00
0.00
0.00
0.00
23.00
0.00
0.00
0.00
0.00
0.00
0.00
0.00
0.00
0.00
0.00
0.00
0.00
0.00
0.00
0.00
0.00
0.00
0.00
0.00
0.00
0.00
0.00
0.00
0.00
0.00
0.00
0.00
0.00
0.00
4.00
0.00
13.00
26.00
106.00
142.00
2.00
2.00
0.00
0.00
0.00
0.00
2.00
0.00
0.00
0.00
0.00
0.00
2.00
5.00
1.00
1.00
1.00
0.00
0.00
1.00
0.00
0.00
7.00
0.00
0.00
0.00
0.00
0.00
0.00
0.00
0.00
16.00
1.00
21.00
171.00
3.00
0.00
0.00
41.00
197.00
0.00
0.00
0.00
0.00
0.00
0.00
0.00
1.00
0.00
0.00
5.00
41.00
0.00
1.00
3.00
7.00
2.00
0.00
5.00
50.00
2.00
0.00
0.00
0.00
0.00
23.00
16.00
0.00
10.00
2.00
0.00
2.00
0.00
0.00
0.00
2.00
92.00
0.00
6.00
1.00
0.00
29.00
170.00
58.00
104.00
300.00
50.00
3.00
1.00
0.00
0.00
0.00
0.00
61.00
0.00
56.00
0.00
64.00
2.00
0.00
22.00
2.00
128.00
266.00
136.00
229.00
72.00
4.00
0.00
0.00
12.00
71.00
1.00
43.00
21.00
92.00
29.00
85.00
45.00
143.00
66.00
0.00
0.00
1.00
0.00
8.00
84.00
66.00
39.00
2.00
7.00
42.00
50.00
76.00
7.00
7.00
1.00
56.00
10.00
48.00
67.00
409.00
1.00
1.00
35.00
38.00
61.00
30.00
383.00
97.00
216.00
0.00
11.00
110.00
143.00
260.00
90.00
21.00
89.00
1.00
62.00
32.00
19.00
103.00
23.00
15.00
4.00
7.00
19.00
15.00
31.00
0.00
3.00
64.00
0.00
40.00
1150.00
5.00
1.00
96.00
0.00
70.00
61.00
26.00
3.00
16.00
9.00
32.00
72.00
20.00
1.00
6.00
4.00
1.00
4.00
17.00
311.00
125.00
69.00
28.00
19.00
0.00
10.00
62.00
43.00
53.00
251.00
111.00
26.00
27.00
0.00
11.00
12.00
3.00
162.00
0.00
5.00
0.00
0.00
9.00
0.00
29.00
118.00
3.00
55.00
0.00
0.00
6.00
5.00
33.00
107.00
1.00
0.00
0.00
0.00
0.00
0.00
0.00
0.00
0.00
0.00
0.00
0.00
180.00
90.00
60.00
179.00
6.00
0.00
0.00
1.00
2.00
26.00
105.00
20.00
0.00
0.00
0.00
0.00
0.00
0.00
0.00
0.00
0.00
0.00
0.00
0.00
0.00
0.00
0.00
0.00
0.00
0.00
0.00
0.00
0.00
0.00
0.00
0.00
0.00
1.00
0.00
0.00
0.00
0.00
0.00
0.00
0.00
0.00
0.00
0.00
0.00
0.00
0.00
0.00
0.00
0.00
0.00
0.00
0.00
0.00
0.00
0.00
0.00
0.00
0.00
5.00
0.00
0.00
0.00
0.00
0.00
0.00
0.00
0.00
0.00
0.00
0.00
0.00
0.00
0.00
0.00
0.00
0.00
0.00
0.00
0.00
0.00
0.00
0.00
0.00
0.00
0.00
0.00
0.00
0.00
3.00
0.00
0.00
0.00
0.00
0.00
0.00
0.00
0.00
0.00
0.00
0.00
0.00
0.00
0.00
0.00
0.00
0.00
0.00
0.00
0.00
0.00
0.00
0.00
0.00
0.00
0.00
0.00
0.00
0.00
0.00
0.00
0.00
0.00
0.00
0.00
0.00
0.00
0.00
0.00
32.00
0.00
5.00
10.00
2.00
0.00
0.00
0.00
0.00
0.00
4.00
0.00
18.00
0.00
0.00
0.00
0.00
5.00
0.00
0.00
4.00
20.00
42.00
4.00
0.00
0.00
72.00
101.00
0.00
0.00
0.00
0.00
0.00
0.00
0.00
0.00
0.00
5.00
7.00
5.00
46.00
0.00
66.00
13.00
78.00
44.00
35.00
75.00
59.00
3.00
0.00
0.00
0.00
0.00
5.00
0.00
0.00
0.00
0.00
0.00
0.00
0.00
204.00
0.00
9.00
0.00
32.00
31.00
69.00
6.00
15.00
0.00
4.00
0.00
3.00
0.00
0.00
60.00
18.00
56.00
107.00
19.00
204.00
122.00
104.00
42.00
3.00
0.00
3.00
0.00
1.00
1.00
87.00
27.00
6.00
35.00
19.00
71.00
6.00
81.00
3.00
23.00
0.00
27.00
43.00
8.00
19.00
47.00
0.00
0.00
0.00
12.00
5.00
18.00
2.00
15.00
9.00
59.00
110.00
22.00
0.00
0.00
28.00
203.00
322.00
184.00
158.00
59.00
15.00
277.00
19.00
157.00
319.00
49.00
194.00
23.00
49.00
88.00
7.00
17.00
15.00
5.00
267.00
144.00
10.00
34.00
23.00
53.00
23.00
50.00
52.00
368.00
12.00
3.00
2.00
1.00
10.00
71.00
54.00
15.00
67.00
75.00
22.00
42.00
3.00
9.00
40.00
92.00
18.00
7.00
92.00
924.00
21.00
21.00
25.00
122.00
9.00
13.00
30.00
15.00
2.00
113.00
24.00
7.00
62.00
123.00
124.00
72.00
32.00
127.00
117.00
0.00
707.00
599.00
19.00
45.00
60.00
0.00
28.00
2.00
1.00
36.00
108.00
14.00
6.00
0.00
4.00
11.00
12.00
41.00
3.00
10.00
9.00
5.00
6.00
1.00
1.00
42.00
92.00
0.00
7.00
191.00
0.00
1.00
142.00
25.00
3.00
3.00
5.00
0.00
0.00
0.00
0.00
0.00
0.00
0.00
9.00
10.00
1.00
0.00
0.00
0.00
0.00
0.00
0.00
0.00
0.00
0.00
0.00
0.00
0.00
0.00
16.00
65.00
0.00
0.00
0.00
0.00
0.00
9.00
0.00
0.00
0.00
0.00
0.00
0.00
0.00
0.00
0.00
0.00
0.00
0.00
0.00
8.00
0.00
305.00
235.00
8.00
0.00
0.00
0.00
0.00
0.00
0.00
0.00
0.00
0.00
0.00
0.00
2.00
0.00
0.00
0.00
0.00
0.00
0.00
0.00
0.00
6.00
384.00
929.00
0.00
0.00
0.00
0.00
0.00
0.00
0.00
0.00
0.00
0.00
0.00
0.00
0.00
0.00
0.00
0.00
0.00
0.00
0.00
0.00
0.00
0.00
0.00
0.00
0.00
0.00
0.00
0.00
0.00
0.00
0.00
0.00
0.00
0.00
9.00
0.00
5.00
54.00
0.00
5.00
0.00
0.00
0.00
0.00
0.00
0.00
0.00
0.00
0.00
0.00
0.00
0.00
0.00
0.00
15.00
0.00
0.00
0.00
0.00
0.00
0.00
0.00
0.00
0.00
0.00
0.00
0.00
0.00
0.00
16.00
0.00
0.00
32.00
54.00
0.00
0.00
0.00
0.00
0.00
0.00
0.00
0.00
0.00
0.00
0.00
0.00
0.00
51.00
2.00
48.00
26.00
0.00
42.00
1.00
10.00
0.00
0.00
0.00
0.00
2.00
0.00
3.00
0.00
0.00
3.00
0.00
3.00
0.00
30.00
0.00
0.00
0.00
0.00
0.00
0.00
0.00
21.00
31.00
8.00
5.00
1.00
27.00
37.00
65.00
150.00
86.00
63.00
188.00
444.00
2.00
205.00
3.00
14.00
4.00
0.00
0.00
6.00
4.00
0.00
9.00
54.00
146.00
4.00
10.00
344.00
42.00
38.00
0.00
0.00
0.00
94.00
210.00
379.00
11.00
0.00
121.00
53.00
14.00
146.00
76.00
85.00
178.00
107.00
78.00
0.00
0.00
113.00
1.00
31.00
9.00
79.00
194.00
95.00
27.00
3.00
1.00
5.00
8.00
44.00
0.00
7.00
0.00
11.00
13.00
1.00
10.00
30.00
15.00
0.00
13.00
2.00
45.00
21.00
15.00
9.00
25.00
22.00
147.00
84.00
328.00
35.00
143.00
300.00
70.00
1.00
28.00
34.00
39.00
212.00
80.00
0.00
0.00
32.00
98.00
649.00
230.00
17.00
1.00
49.00
55.00
34.00
30.00
21.00
34.00
13.00
3.00
0.00
81.00
11.00
52.00
12.00
7.00
348.00
39.00
1.00
33.00
8.00
2.00
2.00
34.00
83.00
177.00
3.00
5.00
29.00
0.00
0.00
0.00
53.00
179.00
174.00
2.00
8.00
15.00
17.00
24.00
0.00
0.00
32.00
403.00
129.00
0.00
0.00
34.00
74.00
3.00
2.00
3.00
36.00
1.00
19.00
6.00
0.00
0.00
26.00
0.00
0.00
68.00
37.00
175.00
314.00
417.00
343.00
54.00
0.00
0.00
0.00
0.00
0.00
0.00
0.00
39.00
0.00
15.00
0.00
0.00
0.00
164.00
14.00
66.00
49.00
107.00
0.00
0.00
0.00
0.00
0.00
0.00
0.00
0.00
0.00
0.00
0.00
12.00
0.00
10.00
0.00
0.00
0.00
0.00
0.00
0.00
0.00
0.00
0.00
0.00
0.00
0.00
0.00
0.00
0.00
0.00
0.00
0.00
0.00
0.00
0.00
18.00
0.00
0.00
0.00
0.00
0.00
0.00
0.00
0.00
1.00
1.00
0.00
11.00
0.00
0.00
0.00
0.00
0.00
0.00
0.00
0.00
0.00
0.00
0.00
0.00
0.00
0.00
0.00
0.00
0.00
0.00
0.00
31.00
0.00
0.00
0.00
0.00
0.00
0.00
0.00
0.00
0.00
0.00
0.00
0.00
0.00
0.00
0.00
0.00
0.00
0.00
0.00
0.00
0.00
2.00
0.00
0.00
0.00
0.00
0.00
0.00
0.00
0.00
0.00
0.00
0.00
0.00
0.00
0.00
0.00
0.00
0.00
0.00
0.00
0.00
0.00
0.00
0.00
0.00
0.00
0.00
64.70
47.00
11.10
7.20
0.00
0.00
0.00
0.10
10.50
4.40
0.00
0.00
0.00
0.00
0.00
0.00
0.00
0.00
0.00
0.00
0.00
0.70
0.00
0.00
0.00
0.00
0.00
0.00
0.00
0.00
0.00
0.00
0.00
0.00
11.20
3.90
22.70
13.70
0.00
22.20
12.70
0.00
7.70
5.20
0.20
0.00
0.00
0.00
0.00
0.00
0.00
0.00
0.00
0.00
0.00
0.00
0.50
0.00
0.00
0.00
0.00
0.00
0.20
0.00
0.00
0.00
1.80
1.30
0.00
0.00
0.00
0.00
0.00
0.00
0.00
0.00
0.00
0.00
0.30
0.00
0.20
0.00
0.30
0.00
0.00
0.00
0.00
0.00
5.70
0.00
0.00
0.00
0.00
0.00
0.00
0.40
0.50
3.40
13.60
0.30
0.00
9.10
2.30
3.90
5.30
7.40
16.00
32.10
24.00
3.50
1.00
0.10
0.40
2.20
3.10
0.30
0.00
0.00
9.00
0.10
4.50
4.40
1.90
0.60
10.40
0.60
4.40
7.80
1.00
1.50
19.20
2.50
0.30
2.10
0.80
0.80
1.30
1.30
9.60
1.60
1.60
0.00
0.10
1.60
1.60
1.60
8.70
18.30
9.20
6.90
9.90
5.90
0.70
0.00
6.10
3.50
36.40
22.60
2.90
0.00
0.30
55.70
0.90
3.80
6.80
0.10
7.10
34.20
1.10
1.20
0.40
0.80
5.50
0.00
2.90
4.60
4.50
10.90
3.70
53.80
25.40
0.00
4.30
0.00
12.00
0.00
1.60
35.10
11.80
2.90
5.30
4.80
3.00
0.00
0.80
0.70
0.00
0.30
1.10
3.70
0.30
0.90
2.50
0.10
0.00
0.20
2.00
0.10
0.60
25.60
0.10
10.50
8.40
0.00
0.00
0.30
6.00
0.00
0.00
7.00
0.00
0.10
7.40
0.20
1.70
0.40
9.20
4.30
0.40
0.00
0.10
0.40
33.00
1.40
0.00
0.00
0.00
0.00
1.30
6.10
2.00
0.20
0.00
2.50
