20160101
0.00
0.00
0.00
0.00
0.00
0.00
0.00
75.00
0.00
0.00
0.00
0.00
0.00
1.00
0.00
1.00
0.00
0.00
2.00
57.00
0.00
0.00
0.00
0.00
0.00
0.00
1.00
0.00
0.00
0.00
0.00
0.00
0.00
0.00
0.00
0.00
0.00
11.00
1.00
0.00
0.00
0.00
0.00
0.00
0.00
0.00
0.00
0.00
0.00
0.00
1.00
1.00
0.00
17.00
259.00
6.00
89.00
0.00
1.00
0.00
3.00
0.00
0.00
0.00
0.00
0.00
0.00
0.00
1.00
1.00
0.00
2.00
0.00
0.00
5.00
1.00
0.00
0.00
303.00
4.00
0.00
0.00
0.00
0.00
0.00
0.00
0.00
0.00
0.00
104.00
692.00
3.00
19.00
26.00
0.00
171.00
0.00
0.00
4.00
0.00
0.00
0.00
0.00
0.00
0.00
0.00
0.00
0.00
3.00
0.00
0.00
0.00
0.00
0.00
0.00
0.00
0.00
2.00
0.00
0.00
0.00
7.00
717.00
2.00
8.00
0.00
0.00
118.00
7.00
8.00
0.00
0.00
0.00
404.00
16.00
0.00
3.00
78.00
86.00
190.00
497.00
191.00
0.00
2.00
141.00
318.00
45.00
4.00
66.00
0.00
98.00
12.00
67.00
0.00
0.00
1.00
10.00
9.00
4.00
0.00
6.00
36.00
1994.00
625.00
229.00
707.00
1.00
1.00
7.00
32.00
19.00
8.00
5.00
24.00
8.00
2.00
34.00
2.00
10.00
20.00
10.00
2.00
104.00
96.00
172.00
299.00
98.00
431.00
98.00
40.00
20.00
4.00
9.00
13.00
32.00
17.00
114.00
249.00
242.00
22.00
54.00
16.00
20.00
44.00
110.00
88.00
68.00
33.00
1.00
1.00
144.00
219.00
296.00
248.00
22.00
10.00
36.00
13.00
132.00
73.00
80.00
201.00
338.00
117.00
107.00
38.00
44.00
17.00
135.00
149.00
29.00
2.00
184.00
1922.00
43.00
26.00
29.00
132.00
28.00
35.00
123.00
76.00
43.00
159.00
93.00
174.00
78.00
46.00
24.00
15.00
22.00
48.00
16.00
85.00
217.00
258.00
200.00
13.00
11.00
35.00
122.00
29.00
1.00
167.00
229.00
33.00
25.00
95.00
154.00
15.00
48.00
426.00
3.00
12.00
3.00
3.00
47.00
117.00
57.00
9.00
8.00
19.00
22.00
66.00
8.00
2.00
0.00
0.00
0.00
0.00
0.00
0.00
0.00
0.00
0.00
0.00
0.00
1.00
0.00
134.00
73.00
64.00
7.00
0.00
1.00
0.00
110.00
169.00
776.00
531.00
0.00
0.00
0.00
0.00
0.00
0.00
0.00
0.00
0.00
0.00
0.00
0.00
0.00
0.00
0.00
0.00
0.00
0.00
0.00
0.00
0.00
0.00
0.00
44.00
0.00
60.00
0.00
0.00
0.00
0.00
0.00
0.00
0.00
0.00
0.00
1.00
0.00
0.00
0.00
0.00
0.00
0.00
0.00
0.00
0.00
0.00
0.00
0.00
0.00
0.00
0.00
0.00
0.00
0.00
129.00
0.00
881.00
448.00
123.00
0.00
0.00
0.00
0.00
0.00
0.00
5.00
0.00
0.00
0.00
0.00
0.00
0.00
0.00
0.00
0.00
0.00
0.00
0.00
0.00
0.00
0.00
0.00
41.00
0.00
0.00
0.00
0.00
0.00
0.00
0.00
0.00
0.00
0.00
0.00
0.00
0.00
0.00
0.00
6.00
1.00
0.00
0.00
0.00
0.00
0.00
0.00
0.00
0.00
0.00
0.00
0.00
0.00
0.00
0.00
0.00
0.00
0.00
0.00
0.00
25.00
0.00
0.00
83.00
0.00
169.00
44.00
0.00
0.00
0.00
0.00
0.00
0.00
14.00
40.00
31.00
0.00
0.00
0.00
0.00
0.00
0.00
0.00
0.00
0.00
0.00
0.00
0.00
0.00
1.00
0.00
0.00
0.00
3.00
0.00
0.00
0.00
0.00
0.00
0.00
0.00
0.00
1.00
0.00
23.00
18.00
28.00
7.00
436.00
856.00
26.00
0.00
0.00
16.00
0.00
18.00
1.00
157.00
0.00
0.00
0.00
80.00
1.00
0.00
0.00
265.00
0.00
91.00
0.00
54.00
0.00
182.00
0.00
596.00
110.00
0.00
0.00
0.00
0.00
0.00
0.00
0.00
17.00
0.00
61.00
208.00
14.00
361.00
2641.00
963.00
0.00
0.00
741.00
7.00
3.00
75.00
5.00
22.00
556.00
335.00
21.00
1.00
182.00
117.00
285.00
131.00
790.00
15.00
71.00
76.00
0.00
0.00
1.00
4.00
7.00
26.00
16.00
10.00
94.00
759.00
623.00
80.00
334.00
50.00
8.00
41.00
15.00
426.00
237.00
212.00
15.00
8.00
7.00
191.00
143.00
49.00
348.00
762.00
307.00
69.00
212.00
521.00
471.00
49.00
136.00
3.00
41.00
18.00
1.00
39.00
405.00
121.00
68.00
163.00
163.00
138.00
47.00
7.00
125.00
220.00
1103.00
118.00
48.00
100.00
178.00
29.00
24.00
40.00
37.00
94.00
170.00
8.00
1.00
27.00
43.00
104.00
49.00
60.00
11.00
69.00
24.00
52.00
38.00
85.00
15.00
1.00
1.00
35.00
54.00
4.00
238.00
8.00
4.00
2.00
2.00
27.00
126.00
366.00
205.00
76.00
4.00
3.00
2.00
2.00
7.00
13.00
48.00
495.00
127.00
94.00
143.00
10.00
0.00
27.00
3.00
1.00
1.00
71.00
319.00
42.00
0.00
2.00
0.00
0.00
0.00
0.00
0.00
0.00
155.00
1682.00
208.00
0.00
0.00
65.00
0.00
0.00
0.00
0.00
8.00
9.00
0.00
0.00
0.00
0.00
0.00
0.00
0.00
0.00
0.00
0.00
0.00
0.00
49.00
0.00
34.00
411.00
75.00
20.00
0.00
3.00
2.00
0.00
0.00
0.00
0.00
0.00
0.00
0.00
0.00
0.00
0.00
0.00
0.00
0.00
0.00
0.00
2.00
7.00
141.00
112.00
0.00
0.00
0.00
0.00
0.00
0.00
0.00
0.00
0.00
0.00
0.00
0.00
0.00
0.00
0.00
0.00
0.00
0.00
0.00
0.00
0.00
0.00
56.00
2.00
0.00
0.00
0.00
0.00
0.00
0.00
0.00
0.00
0.00
0.00
0.00
0.00
0.00
0.00
0.00
0.00
0.00
0.00
0.00
0.00
0.00
0.00
0.00
0.00
0.00
0.00
0.00
0.00
0.00
0.00
1.00
0.00
0.00
0.00
0.00
767.00
438.00
559.00
757.00
149.00
8.00
276.00
202.00
0.00
0.00
0.00
0.00
0.00
4.00
0.00
0.00
0.00
0.00
0.00
174.00
0.00
0.00
0.00
0.00
0.00
0.00
86.00
0.00
0.00
0.00
0.00
0.00
0.00
16.00
0.00
0.00
0.00
497.00
20.00
0.00
0.00
0.00
0.00
0.00
0.00
39.00
144.00
0.00
12.00
0.00
0.00
0.00
800.00
33.00
309.00
0.00
0.00
351.00
23.00
504.00
2.00
12.00
0.00
22.00
344.00
0.00
12.00
0.00
0.00
69.00
0.00
0.00
0.00
5.00
365.00
22.00
0.00
0.00
6.00
0.00
0.00
1.00
134.00
11.00
246.00
0.00
4.00
646.00
1.00
0.00
12.00
0.00
158.00
208.00
16.00
398.00
1.00
0.00
165.00
1.00
353.00
0.00
55.00
71.00
34.00
145.00
27.00
7.00
0.00
0.00
17.00
0.00
0.00
257.00
56.00
2.00
5.00
1.00
11.00
0.00
22.00
70.00
695.00
233.00
62.00
189.00
11.00
0.00
0.00
297.00
4.00
0.00
354.00
47.00
31.00
1.00
55.00
157.00
43.00
3.00
4.00
11.00
15.00
17.00
30.00
33.00
196.00
161.00
1.00
0.00
14.00
0.00
2.00
16.00
18.00
4.00
49.00
56.00
10.00
15.00
7.00
5.00
502.00
5.00
37.00
26.00
284.00
97.00
279.00
49.00
20.00
124.00
64.00
38.00
91.00
81.00
9.00
97.00
4.00
27.00
127.00
7.00
5.00
3.00
11.00
3.00
8.00
10.00
53.00
12.00
14.00
111.00
31.00
171.00
68.00
68.00
251.00
6.00
35.00
40.00
6.00
16.00
3.00
8.00
56.00
30.00
48.00
152.00
58.00
144.00
0.00
100.00
2.00
1.00
17.00
30.00
116.00
27.00
41.00
60.00
15.00
4.00
1.00
2.00
127.00
44.00
142.00
5.00
1.00
0.00
5.00
1.00
0.00
0.00
0.00
0.00
0.00
0.00
0.00
0.00
0.00
0.00
0.00
0.00
18.00
270.00
19.00
620.00
106.00
0.00
0.00
0.00
0.00
0.00
0.00
0.00
0.00
0.00
0.00
6.00
0.00
0.00
16.00
13.00
29.00
9.00
0.00
0.00
0.00
0.00
0.00
0.00
16.00
0.00
0.00
0.00
0.00
0.00
1.00
0.00
0.00
0.00
0.00
0.00
0.00
0.00
0.00
0.00
0.00
0.00
0.00
0.00
0.00
0.00
0.00
0.00
0.00
0.00
0.00
0.00
0.00
0.00
11.00
0.00
0.00
0.00
0.00
0.00
0.00
0.00
0.00
0.00
59.00
71.00
16.00
0.00
0.00
0.00
0.00
0.00
0.00
0.00
0.00
0.00
0.00
0.00
0.00
0.00
0.00
0.00
0.00
0.00
0.00
0.00
0.00
0.00
0.00
0.00
0.00
0.00
0.00
0.00
0.00
0.00
0.00
0.00
0.00
0.00
0.00
0.00
0.00
0.00
0.00
6.00
6.00
4.00
0.00
0.00
0.00
0.00
0.00
0.00
0.00
0.00
0.00
0.00
0.00
0.00
0.00
0.00
0.00
0.00
0.00
0.00
5.00
0.00
0.00
0.00
0.00
0.00
0.00
0.50
14.70
41.40
54.30
60.70
15.90
0.00
0.00
0.00
0.90
6.00
0.00
0.00
0.00
0.00
0.00
0.00
0.00
0.00
0.70
6.90
0.00
95.00
5.80
0.00
0.00
0.00
14.50
0.00
0.00
0.00
1.50
1.40
0.00
0.00
0.00
40.20
0.10
28.70
8.20
0.00
6.80
84.10
0.50
0.20
51.80
31.30
1.30
0.00
4.20
0.00
0.00
4.50
0.00
0.00
0.00
0.00
4.60
0.00
0.00
0.00
0.00
25.90
3.80
0.00
0.00
0.00
0.00
0.00
87.00
5.40
0.00
0.00
0.00
0.00
0.00
0.00
0.00
0.00
0.70
7.60
1.60
0.00
0.00
0.00
15.80
15.80
0.00
57.50
57.50
2.30
7.30
0.00
0.00
0.30
0.00
1.10
0.90
0.00
8.10
0.00
2.30
167.70
2.70
1.40
2.10
8.40
0.00
0.00
0.00
1.00
0.30
27.50
0.00
0.10
4.50
0.10
0.20
3.80
0.00
0.00
0.60
0.60
1.30
3.90
1.20
0.60
0.30
0.70
1.10
0.30
1.70
2.80
24.80
14.10
3.50
2.20
2.20
23.60
23.60
40.80
0.00
0.00
0.00
0.00
0.00
0.00
0.00
0.20
0.90
0.80
5.90
22.30
23.70
3.10
0.60
2.10
13.80
8.00
2.90
1.60
2.00
5.80
15.70
10.80
2.20
24.00
6.70
0.70
16.60
30.70
39.00
51.60
22.10
73.00
11.00
0.10
1.30
9.00
1.80
10.00
11.60
4.80
8.00
7.60
0.00
2.20
0.60
0.70
5.50
46.40
32.80
2.00
1.20
1.50
1.40
2.20
20.10
2.70
16.60
1.50
11.60
4.30
0.00
0.40
0.00
0.10
0.00
0.10
3.20
21.10
45.90
6.30
16.50
25.30
4.10
2.90
7.80
15.00
23.20
23.20
25.20
0.00
2.40
0.50
16.40
1.60
0.20
45.90
19.70
1.00
4.90
0.30
1.10
0.80
0.90
0.00
0.00
1.30
0.60
0.30
4.90
0.70
0.10
0.00
5.50
