20160101
0.00
0.00
0.00
0.00
0.00
0.00
0.00
30.00
0.00
0.00
0.00
0.00
0.00
0.00
25.00
11.00
0.00
0.00
4.00
76.00
0.00
0.00
0.00
0.00
0.00
0.00
1.00
0.00
0.00
0.00
0.00
0.00
0.00
0.00
0.00
0.00
0.00
9.00
2.00
0.00
0.00
0.00
0.00
0.00
0.00
0.00
0.00
0.00
0.00
0.00
0.00
3.00
3.00
18.00
250.00
1.00
84.00
0.00
2.00
0.00
0.00
0.00
0.00
0.00
0.00
0.00
0.00
0.00
3.00
5.00
0.00
0.00
1.00
3.00
15.00
1.00
0.00
0.00
153.00
0.00
0.00
0.00
0.00
0.00
0.00
0.00
0.00
0.00
0.00
80.00
563.00
7.00
11.00
22.00
0.00
157.00
0.00
2.00
3.00
0.00
0.00
0.00
0.00
0.00
0.00
0.00
0.00
0.00
6.00
0.00
0.00
0.00
0.00
0.00
0.00
0.00
0.00
1.00
0.00
0.00
0.00
4.00
384.00
7.00
6.00
0.00
0.00
101.00
9.00
13.00
0.00
0.00
0.00
301.00
24.00
0.00
11.00
76.00
24.00
199.00
494.00
163.00
0.00
1.00
98.00
240.00
117.00
8.00
37.00
0.00
188.00
15.00
103.00
0.00
1.00
5.00
1.00
6.00
3.00
0.00
36.00
8.00
1794.00
625.00
236.00
97.00
4.00
3.00
14.00
31.00
32.00
8.00
7.00
39.00
37.00
3.00
15.00
9.00
0.00
6.00
2.00
5.00
95.00
86.00
224.00
400.00
60.00
280.00
66.00
89.00
66.00
4.00
13.00
18.00
44.00
43.00
162.00
194.00
158.00
26.00
97.00
15.00
18.00
52.00
126.00
94.00
87.00
41.00
1.00
1.00
122.00
202.00
548.00
273.00
103.00
6.00
30.00
25.00
244.00
107.00
91.00
338.00
421.00
126.00
164.00
43.00
52.00
24.00
144.00
239.00
48.00
5.00
162.00
1688.00
68.00
25.00
40.00
117.00
34.00
45.00
78.00
89.00
52.00
164.00
89.00
136.00
64.00
53.00
36.00
24.00
43.00
60.00
20.00
87.00
200.00
242.00
218.00
3.00
21.00
41.00
126.00
44.00
4.00
143.00
33.00
50.00
133.00
218.00
421.00
37.00
49.00
292.00
3.00
9.00
6.00
5.00
67.00
38.00
81.00
17.00
11.00
27.00
33.00
99.00
1.00
3.00
0.00
0.00
0.00
0.00
0.00
0.00
0.00
0.00
0.00
0.00
0.00
2.00
0.00
106.00
193.00
57.00
9.00
1.00
1.00
1.00
136.00
238.00
1031.00
646.00
0.00
0.00
0.00
0.00
0.00
0.00
0.00
0.00
0.00
0.00
0.00
0.00
0.00
0.00
0.00
0.00
0.00
0.00
0.00
0.00
0.00
0.00
0.00
42.00
0.00
66.00
0.00
0.00
0.00
0.00
0.00
0.00
0.00
0.00
0.00
0.00
0.00
0.00
0.00
0.00
0.00
0.00
0.00
0.00
0.00
0.00
136.00
0.00
120.00
0.00
0.00
0.00
0.00
0.00
0.00
0.00
949.00
431.00
127.00
0.00
0.00
0.00
0.00
0.00
0.00
6.00
0.00
0.00
0.00
0.00
0.00
0.00
0.00
0.00
0.00
0.00
0.00
0.00
0.00
0.00
0.00
0.00
56.00
0.00
0.00
0.00
0.00
0.00
0.00
0.00
0.00
0.00
0.00
0.00
0.00
0.00
0.00
0.00
6.00
3.00
0.00
0.00
0.00
0.00
0.00
0.00
0.00
0.00
0.00
0.00
0.00
0.00
0.00
0.00
0.00
0.00
0.00
0.00
0.00
13.00
0.00
0.00
82.00
2.00
159.00
41.00
0.00
0.00
0.00
0.00
0.00
0.00
6.00
38.00
15.00
0.00
0.00
0.00
0.00
0.00
0.00
0.00
0.00
0.00
0.00
0.00
0.00
0.00
0.00
0.00
0.00
0.00
3.00
0.00
3.00
0.00
0.00
0.00
0.00
0.00
0.00
0.00
0.00
4.00
19.00
4.00
8.00
210.00
605.00
23.00
0.00
1.00
16.00
0.00
9.00
0.00
151.00
0.00
0.00
0.00
100.00
0.00
0.00
0.00
320.00
0.00
89.00
0.00
57.00
0.00
232.00
0.00
309.00
3.00
0.00
0.00
0.00
0.00
0.00
0.00
0.00
2.00
0.00
17.00
104.00
18.00
193.00
2382.00
462.00
0.00
0.00
633.00
5.00
0.00
91.00
23.00
26.00
466.00
329.00
24.00
3.00
107.00
115.00
503.00
122.00
770.00
24.00
179.00
83.00
0.00
15.00
2.00
8.00
1.00
109.00
36.00
9.00
68.00
669.00
798.00
114.00
353.00
87.00
15.00
50.00
20.00
239.00
165.00
175.00
22.00
10.00
10.00
170.00
109.00
31.00
292.00
812.00
396.00
253.00
236.00
375.00
385.00
100.00
135.00
4.00
37.00
29.00
0.00
24.00
436.00
92.00
81.00
111.00
166.00
212.00
64.00
8.00
108.00
214.00
826.00
128.00
41.00
90.00
147.00
23.00
36.00
68.00
79.00
70.00
144.00
25.00
1.00
5.00
37.00
109.00
25.00
73.00
13.00
55.00
50.00
32.00
9.00
67.00
8.00
3.00
3.00
51.00
71.00
5.00
212.00
10.00
10.00
8.00
3.00
33.00
111.00
285.00
251.00
66.00
3.00
0.00
1.00
1.00
70.00
7.00
54.00
504.00
73.00
135.00
168.00
3.00
1.00
2.00
0.00
2.00
2.00
80.00
421.00
29.00
0.00
1.00
0.00
0.00
0.00
0.00
0.00
0.00
233.00
1906.00
59.00
0.00
0.00
6.00
0.00
0.00
0.00
0.00
1.00
8.00
0.00
0.00
0.00
0.00
0.00
0.00
0.00
0.00
0.00
0.00
0.00
0.00
47.00
0.00
47.00
421.00
91.00
13.00
1.00
4.00
5.00
0.00
0.00
0.00
0.00
0.00
0.00
0.00
0.00
0.00
0.00
0.00
0.00
0.00
0.00
0.00
4.00
6.00
127.00
112.00
0.00
0.00
0.00
0.00
0.00
0.00
0.00
0.00
0.00
1.00
0.00
0.00
0.00
0.00
0.00
0.00
0.00
0.00
0.00
0.00
0.00
0.00
41.00
4.00
0.00
0.00
0.00
0.00
0.00
0.00
0.00
0.00
0.00
0.00
0.00
0.00
0.00
0.00
0.00
0.00
0.00
0.00
0.00
0.00
0.00
0.00
0.00
0.00
0.00
0.00
0.00
0.00
0.00
14.00
0.00
0.00
1.00
0.00
0.00
763.00
411.00
338.00
682.00
126.00
11.00
336.00
223.00
0.00
0.00
0.00
0.00
0.00
2.00
0.00
0.00
0.00
0.00
4.00
127.00
0.00
52.00
0.00
0.00
0.00
0.00
46.00
0.00
0.00
0.00
0.00
0.00
0.00
171.00
0.00
0.00
84.00
817.00
33.00
0.00
0.00
0.00
0.00
0.00
4.00
35.00
155.00
0.00
13.00
0.00
0.00
0.00
876.00
94.00
457.00
0.00
0.00
245.00
55.00
591.00
3.00
51.00
37.00
4.00
230.00
0.00
46.00
0.00
0.00
42.00
0.00
0.00
0.00
16.00
262.00
36.00
0.00
0.00
18.00
5.00
0.00
0.00
157.00
12.00
175.00
0.00
46.00
310.00
1.00
0.00
12.00
0.00
181.00
263.00
3.00
412.00
3.00
0.00
119.00
13.00
692.00
0.00
105.00
48.00
20.00
102.00
18.00
4.00
0.00
0.00
0.00
0.00
0.00
67.00
24.00
0.00
2.00
3.00
0.00
0.00
1.00
15.00
294.00
192.00
272.00
313.00
11.00
2.00
0.00
208.00
2.00
0.00
237.00
199.00
22.00
0.00
66.00
137.00
75.00
5.00
6.00
9.00
14.00
2.00
24.00
25.00
206.00
109.00
6.00
0.00
7.00
1.00
13.00
19.00
20.00
4.00
33.00
43.00
8.00
5.00
9.00
3.00
344.00
1.00
43.00
24.00
275.00
72.00
279.00
95.00
24.00
150.00
55.00
25.00
116.00
80.00
6.00
49.00
4.00
35.00
186.00
6.00
9.00
3.00
5.00
7.00
9.00
5.00
43.00
14.00
32.00
69.00
102.00
261.00
63.00
60.00
271.00
14.00
29.00
38.00
7.00
18.00
13.00
15.00
36.00
7.00
18.00
117.00
40.00
107.00
1.00
96.00
25.00
2.00
10.00
93.00
101.00
169.00
50.00
48.00
20.00
6.00
1.00
5.00
166.00
51.00
151.00
5.00
8.00
0.00
5.00
1.00
0.00
0.00
0.00
0.00
0.00
0.00
0.00
0.00
0.00
0.00
0.00
0.00
16.00
256.00
20.00
706.00
63.00
0.00
0.00
0.00
0.00
0.00
0.00
0.00
0.00
0.00
0.00
3.00
0.00
0.00
23.00
16.00
32.00
2.00
0.00
0.00
0.00
0.00
0.00
0.00
21.00
0.00
0.00
0.00
0.00
0.00
0.00
0.00
0.00
0.00
0.00
0.00
0.00
0.00
0.00
0.00
0.00
0.00
0.00
0.00
0.00
0.00
0.00
0.00
0.00
0.00
0.00
0.00
0.00
0.00
14.00
0.00
0.00
0.00
0.00
0.00
0.00
0.00
0.00
0.00
49.00
76.00
15.00
0.00
0.00
0.00
0.00
0.00
0.00
0.00
0.00
0.00
0.00
0.00
0.00
0.00
0.00
0.00
0.00
0.00
0.00
0.00
0.00
0.00
0.00
0.00
0.00
0.00
0.00
0.00
0.00
0.00
0.00
0.00
0.00
0.00
0.00
0.00
0.00
0.00
0.00
4.00
4.00
4.00
0.00
0.00
0.00
0.00
0.00
0.00
0.00
0.00
0.00
0.00
0.00
0.00
0.00
0.00
0.00
0.00
0.00
0.00
5.00
0.00
0.00
0.00
0.00
0.00
0.00
0.00
15.40
44.10
59.10
66.90
15.40
0.00
0.00
0.00
1.20
2.60
0.00
0.00
0.00
0.00
0.00
0.00
0.00
0.00
1.80
8.30
0.00
118.60
8.00
0.00
0.00
0.00
9.20
0.00
0.00
0.00
0.20
0.50
0.00
0.00
0.20
21.10
0.00
10.10
5.60
0.00
11.00
89.00
0.50
0.40
50.50
20.10
1.40
0.00
2.30
0.00
0.00
4.10
0.00
0.00
0.00
0.00
5.90
0.00
0.00
0.00
0.00
15.30
0.60
0.00
0.00
0.00
0.00
0.00
94.40
1.10
0.00
0.00
0.00
0.00
0.00
0.00
0.00
0.00
1.70
4.90
0.00
0.00
0.00
0.00
25.40
25.40
0.00
27.90
27.90
2.20
13.50
0.00
0.00
0.90
0.00
0.50
0.80
0.10
13.40
0.00
13.90
158.80
1.00
2.20
0.70
2.00
0.00
0.00
0.30
0.90
0.10
15.80
0.00
1.10
8.10
0.00
0.00
4.80
0.00
0.00
2.10
1.20
2.70
3.70
4.50
0.40
0.00
0.30
1.20
2.90
0.10
5.40
32.50
9.70
1.50
2.60
2.60
15.00
15.00
51.70
0.00
0.00
0.00
0.20
0.00
0.00
0.00
0.60
1.70
2.60
5.90
17.70
75.00
3.10
1.50
3.50
18.10
15.20
1.40
2.00
0.40
4.70
20.00
12.10
3.00
22.70
4.90
0.50
13.80
21.40
41.30
40.80
26.10
94.60
37.10
0.80
4.70
8.70
3.30
9.60
14.20
6.50
13.00
1.80
1.90
2.80
5.30
2.80
10.20
27.70
25.20
3.00
1.90
2.20
1.80
6.50
18.90
2.40
6.40
8.00
13.90
4.90
2.10
1.20
0.70
1.50
7.00
0.30
1.20
16.00
27.40
6.10
14.90
34.60
5.70
3.70
5.80
11.90
25.80
25.80
12.80
0.80
17.60
2.20
9.50
4.60
0.60
33.90
11.80
1.90
5.10
1.10
1.80
1.20
1.70
0.00
0.40
0.50
1.00
0.30
4.90
0.70
0.10
0.00
5.50
