20160101
0.00
0.00
0.00
0.00
0.00
0.00
0.00
0.00
0.00
0.00
0.00
0.00
0.00
0.00
0.00
0.00
0.00
0.00
1.00
2.00
13.00
0.00
0.00
0.00
0.00
0.00
0.00
0.00
0.00
0.00
0.00
0.00
0.00
0.00
0.00
0.00
0.00
0.00
0.00
0.00
0.00
0.00
6.00
0.00
0.00
0.00
0.00
0.00
0.00
0.00
0.00
0.00
0.00
21.00
336.00
25.00
22.00
1.00
0.00
0.00
0.00
0.00
0.00
0.00
0.00
9.00
0.00
0.00
0.00
1.00
0.00
0.00
0.00
0.00
0.00
0.00
3.00
0.00
4.00
0.00
10.00
0.00
0.00
0.00
0.00
0.00
0.00
677.00
0.00
0.00
59.00
129.00
0.00
53.00
109.00
23.00
0.00
0.00
0.00
0.00
0.00
0.00
0.00
0.00
0.00
0.00
21.00
9.00
7.00
1.00
0.00
0.00
0.00
0.00
5.00
48.00
4.00
0.00
0.00
0.00
0.00
303.00
107.00
33.00
216.00
0.00
5.00
1.00
0.00
0.00
0.00
5.00
14.00
88.00
13.00
0.00
4.00
117.00
190.00
325.00
818.00
794.00
1.00
0.00
94.00
11.00
0.00
0.00
11.00
2.00
0.00
52.00
40.00
0.00
823.00
178.00
249.00
28.00
84.00
98.00
55.00
837.00
623.00
138.00
264.00
0.00
45.00
33.00
18.00
3.00
0.00
10.00
21.00
18.00
5.00
25.00
105.00
265.00
14.00
335.00
287.00
6.00
1.00
9.00
34.00
161.00
185.00
19.00
318.00
99.00
66.00
7.00
2.00
52.00
10.00
13.00
21.00
134.00
69.00
11.00
2.00
27.00
2.00
41.00
90.00
57.00
311.00
5.00
0.00
141.00
246.00
101.00
330.00
765.00
65.00
69.00
106.00
21.00
5.00
1.00
225.00
30.00
253.00
237.00
1.00
164.00
199.00
14.00
62.00
5.00
0.00
21.00
440.00
244.00
0.00
4.00
0.00
645.00
117.00
112.00
79.00
11.00
105.00
31.00
110.00
13.00
14.00
2.00
0.00
1.00
8.00
8.00
4.00
0.00
67.00
353.00
127.00
85.00
173.00
981.00
131.00
57.00
29.00
62.00
211.00
57.00
348.00
1.00
15.00
146.00
264.00
445.00
199.00
403.00
130.00
290.00
337.00
35.00
71.00
129.00
305.00
115.00
0.00
6.00
469.00
331.00
1.00
0.00
0.00
0.00
0.00
64.00
0.00
0.00
0.00
0.00
0.00
8.00
2.00
12.00
39.00
18.00
11.00
5.00
0.00
0.00
9.00
4.00
233.00
1041.00
293.00
0.00
0.00
0.00
0.00
0.00
0.00
0.00
0.00
0.00
0.00
0.00
0.00
0.00
0.00
0.00
0.00
0.00
0.00
0.00
0.00
0.00
0.00
0.00
0.00
0.00
0.00
0.00
0.00
0.00
0.00
0.00
0.00
0.00
0.00
0.00
0.00
0.00
0.00
0.00
0.00
0.00
0.00
0.00
0.00
0.00
0.00
0.00
0.00
0.00
0.00
0.00
0.00
0.00
0.00
0.00
0.00
0.00
0.00
0.00
0.00
0.00
0.00
0.00
0.00
0.00
0.00
0.00
0.00
0.00
0.00
0.00
0.00
0.00
0.00
0.00
0.00
0.00
1.00
0.00
0.00
0.00
0.00
0.00
0.00
0.00
0.00
0.00
0.00
0.00
0.00
0.00
0.00
0.00
0.00
0.00
0.00
0.00
0.00
0.00
0.00
0.00
0.00
0.00
0.00
0.00
0.00
0.00
0.00
0.00
0.00
0.00
0.00
0.00
0.00
0.00
0.00
0.00
0.00
61.00
68.00
6.00
98.00
6.00
135.00
39.00
2.00
0.00
0.00
0.00
0.00
0.00
177.00
0.00
37.00
0.00
0.00
0.00
0.00
14.00
0.00
0.00
0.00
70.00
31.00
0.00
0.00
0.00
139.00
212.00
132.00
0.00
0.00
0.00
0.00
0.00
0.00
0.00
0.00
0.00
5.00
0.00
0.00
0.00
759.00
183.00
221.00
297.00
434.00
420.00
287.00
1.00
0.00
0.00
0.00
0.00
2.00
0.00
0.00
0.00
0.00
1.00
0.00
0.00
121.00
0.00
0.00
0.00
88.00
6.00
149.00
2.00
236.00
0.00
33.00
0.00
6.00
0.00
0.00
0.00
0.00
0.00
225.00
174.00
274.00
733.00
246.00
1571.00
213.00
80.00
388.00
0.00
0.00
789.00
860.00
805.00
237.00
147.00
868.00
1784.00
0.00
309.00
221.00
36.00
734.00
459.00
128.00
38.00
24.00
181.00
108.00
48.00
37.00
27.00
108.00
75.00
174.00
61.00
43.00
280.00
227.00
19.00
1.00
8.00
0.00
9.00
116.00
32.00
139.00
248.00
454.00
46.00
69.00
40.00
90.00
201.00
348.00
12.00
50.00
685.00
850.00
42.00
37.00
59.00
367.00
128.00
19.00
92.00
19.00
0.00
438.00
233.00
85.00
21.00
18.00
8.00
2.00
135.00
656.00
382.00
52.00
8.00
127.00
13.00
21.00
181.00
55.00
327.00
455.00
252.00
298.00
346.00
524.00
165.00
37.00
38.00
134.00
49.00
278.00
57.00
46.00
2.00
148.00
4.00
125.00
216.00
138.00
16.00
36.00
183.00
0.00
40.00
162.00
6.00
269.00
79.00
392.00
28.00
13.00
0.00
5.00
222.00
998.00
571.00
279.00
191.00
56.00
68.00
62.00
0.00
65.00
8.00
176.00
32.00
449.00
5.00
11.00
18.00
0.00
268.00
339.00
0.00
0.00
0.00
2.00
851.00
129.00
302.00
303.00
707.00
0.00
0.00
0.00
0.00
0.00
0.00
18.00
178.00
22.00
0.00
0.00
0.00
0.00
0.00
0.00
0.00
0.00
0.00
0.00
0.00
0.00
0.00
0.00
11.00
139.00
112.00
9.00
0.00
0.00
0.00
0.00
0.00
0.00
0.00
0.00
0.00
0.00
0.00
0.00
0.00
0.00
0.00
0.00
0.00
0.00
0.00
34.00
1373.00
756.00
27.00
0.00
0.00
0.00
0.00
0.00
0.00
0.00
0.00
0.00
0.00
0.00
0.00
0.00
0.00
0.00
0.00
0.00
0.00
0.00
0.00
54.00
364.00
15.00
0.00
0.00
0.00
0.00
0.00
0.00
0.00
0.00
0.00
0.00
0.00
0.00
0.00
0.00
0.00
0.00
0.00
0.00
0.00
0.00
0.00
0.00
0.00
0.00
0.00
0.00
0.00
0.00
0.00
0.00
0.00
0.00
0.00
0.00
0.00
33.00
49.00
155.00
1.00
48.00
0.00
0.00
0.00
0.00
0.00
0.00
0.00
0.00
0.00
0.00
0.00
0.00
0.00
0.00
342.00
0.00
0.00
0.00
0.00
0.00
0.00
0.00
0.00
0.00
0.00
0.00
0.00
0.00
0.00
243.00
0.00
0.00
2.00
71.00
0.00
0.00
0.00
0.00
0.00
0.00
0.00
0.00
0.00
0.00
0.00
0.00
0.00
62.00
0.00
9.00
45.00
0.00
0.00
96.00
21.00
55.00
26.00
6.00
0.00
0.00
0.00
0.00
0.00
0.00
132.00
5.00
82.00
53.00
235.00
0.00
0.00
0.00
2.00
182.00
26.00
82.00
343.00
432.00
1.00
0.00
5.00
135.00
357.00
103.00
671.00
208.00
264.00
313.00
418.00
0.00
117.00
0.00
15.00
73.00
0.00
0.00
134.00
117.00
38.00
1.00
19.00
189.00
0.00
0.00
0.00
0.00
20.00
81.00
151.00
1.00
86.00
37.00
848.00
89.00
2.00
17.00
920.00
316.00
807.00
2798.00
879.00
87.00
512.00
129.00
43.00
148.00
33.00
2.00
0.00
17.00
34.00
52.00
72.00
12.00
18.00
17.00
97.00
1.00
29.00
15.00
329.00
155.00
86.00
1.00
1.00
187.00
4.00
7.00
9.00
128.00
40.00
12.00
90.00
98.00
2.00
29.00
0.00
125.00
70.00
65.00
61.00
101.00
190.00
42.00
54.00
61.00
5.00
5.00
87.00
84.00
96.00
44.00
3.00
194.00
370.00
504.00
8.00
109.00
86.00
82.00
182.00
445.00
72.00
129.00
117.00
23.00
38.00
12.00
29.00
5.00
32.00
0.00
45.00
24.00
86.00
46.00
37.00
18.00
2.00
95.00
60.00
11.00
0.00
84.00
185.00
0.00
1.00
0.00
8.00
180.00
9.00
61.00
2.00
0.00
0.00
426.00
0.00
99.00
180.00
49.00
59.00
29.00
0.00
84.00
102.00
26.00
6.00
120.00
0.00
0.00
0.00
69.00
0.00
0.00
0.00
0.00
0.00
0.00
1.00
206.00
454.00
468.00
681.00
137.00
4.00
0.00
0.00
0.00
0.00
0.00
0.00
0.00
0.00
0.00
0.00
0.00
0.00
56.00
50.00
302.00
210.00
46.00
0.00
0.00
0.00
0.00
0.00
12.00
0.00
0.00
0.00
0.00
0.00
0.00
0.00
2.00
0.00
0.00
0.00
0.00
0.00
0.00
4.00
0.00
0.00
0.00
0.00
0.00
0.00
0.00
0.00
0.00
0.00
0.00
0.00
0.00
0.00
0.00
0.00
0.00
0.00
0.00
0.00
0.00
0.00
0.00
0.00
53.00
79.00
64.00
0.00
0.00
0.00
0.00
0.00
0.00
0.00
0.00
0.00
0.00
0.00
0.00
0.00
0.00
0.00
0.00
0.00
0.00
0.00
0.00
0.00
0.00
0.00
0.00
0.00
0.00
0.00
0.00
0.00
0.00
0.00
0.00
0.00
0.00
0.00
0.00
0.00
0.00
0.00
0.00
0.00
0.00
0.00
0.00
0.00
0.00
0.00
0.00
0.00
0.00
0.00
0.00
0.00
0.00
0.00
0.00
0.00
0.00
0.00
1.00
5.00
0.00
0.00
0.00
0.00
0.00
0.00
0.00
104.80
95.50
21.80
24.70
0.00
0.00
0.00
1.20
13.80
0.00
0.00
0.00
0.00
0.00
0.00
0.00
0.00
0.00
0.00
0.00
0.00
1.20
0.00
0.00
0.00
1.30
0.00
0.00
0.00
0.00
0.40
0.00
0.00
0.00
43.30
36.40
56.80
15.10
0.00
2.20
9.50
0.00
47.40
25.20
1.50
0.30
0.00
0.10
0.00
0.00
0.00
0.00
0.00
0.00
0.00
0.00
0.00
0.00
0.00
0.00
0.00
0.00
0.00
0.00
0.00
0.00
0.10
28.10
24.70
0.00
0.00
0.00
0.00
0.00
0.00
0.00
0.00
1.60
3.00
10.20
16.90
0.60
0.00
3.40
3.40
0.00
33.90
33.90
84.90
23.90
0.40
3.80
0.00
0.00
0.00
0.00
44.30
7.20
1.00
1.50
0.10
17.50
4.20
0.80
33.80
33.70
0.00
50.70
281.50
109.30
12.30
0.40
0.00
84.90
56.80
13.10
12.20
1.70
0.20
5.30
0.10
4.10
15.70
0.40
5.70
1.00
1.60
0.00
0.00
0.30
1.40
44.60
127.40
89.40
19.80
19.80
129.20
129.20
46.30
1.70
1.70
0.00
13.90
1.70
1.70
1.70
2.90
4.60
10.10
2.40
26.30
6.40
2.80
0.40
1.00
17.40
2.70
6.20
3.60
4.60
45.30
21.20
18.30
0.30
16.00
2.20
17.10
2.20
12.20
8.30
10.70
12.40
6.30
1.40
0.30
1.10
6.00
3.50
41.80
21.30
16.40
14.30
19.30
7.40
6.70
1.30
43.70
10.90
14.60
3.00
5.70
14.80
9.70
1.40
1.40
0.80
4.40
6.70
5.50
25.70
10.00
0.90
3.70
2.80
2.50
2.90
7.60
1.40
7.70
13.40
32.40
7.20
8.20
0.00
8.60
5.20
18.10
0.90
0.90
16.50
0.00
0.00
5.00
10.00
0.70
0.20
15.80
9.70
2.20
0.00
0.00
17.20
36.50
1.10
0.00
0.00
0.00
0.00
1.40
4.40
2.60
0.40
0.00
1.90
