20160101
0.00
0.00
0.00
0.00
0.00
0.00
0.00
0.00
0.00
0.00
0.00
0.00
0.00
0.00
0.00
0.00
0.00
0.00
0.00
0.00
30.00
0.00
0.00
0.00
0.00
7.00
0.00
0.00
0.00
0.00
0.00
0.00
0.00
0.00
0.00
0.00
0.00
0.00
0.00
0.00
0.00
0.00
3.00
0.00
0.00
0.00
0.00
0.00
0.00
0.00
0.00
0.00
0.00
18.00
172.00
37.00
19.00
2.00
0.00
0.00
0.00
0.00
0.00
0.00
0.00
4.00
0.00
0.00
0.00
0.00
0.00
1.00
0.00
0.00
0.00
0.00
0.00
0.00
28.00
0.00
44.00
0.00
52.00
0.00
0.00
0.00
0.00
178.00
1.00
20.00
217.00
44.00
5.00
14.00
144.00
55.00
0.00
0.00
0.00
0.00
0.00
0.00
0.00
0.00
0.00
0.00
26.00
26.00
0.00
1.00
0.00
0.00
0.00
0.00
6.00
244.00
1.00
0.00
0.00
0.00
0.00
77.00
82.00
1.00
154.00
0.00
2.00
0.00
0.00
0.00
0.00
3.00
274.00
4.00
0.00
0.00
5.00
31.00
156.00
324.00
331.00
509.00
1.00
0.00
38.00
88.00
0.00
0.00
146.00
2.00
0.00
19.00
0.00
45.00
259.00
375.00
97.00
0.00
69.00
21.00
29.00
413.00
63.00
100.00
62.00
0.00
51.00
70.00
80.00
14.00
8.00
34.00
40.00
82.00
2.00
80.00
78.00
9.00
0.00
2.00
25.00
28.00
61.00
3.00
47.00
30.00
31.00
3.00
150.00
67.00
68.00
17.00
2.00
4.00
10.00
23.00
19.00
107.00
1.00
12.00
7.00
28.00
25.00
15.00
38.00
79.00
248.00
1.00
12.00
64.00
185.00
10.00
29.00
73.00
7.00
6.00
23.00
59.00
25.00
6.00
161.00
10.00
15.00
38.00
25.00
161.00
61.00
4.00
1.00
11.00
1.00
9.00
591.00
88.00
0.00
13.00
0.00
80.00
11.00
131.00
24.00
118.00
35.00
13.00
29.00
0.00
12.00
13.00
0.00
12.00
8.00
31.00
33.00
1.00
36.00
74.00
4.00
47.00
152.00
211.00
4.00
1.00
133.00
134.00
219.00
52.00
78.00
26.00
111.00
29.00
130.00
6.00
62.00
51.00
3.00
491.00
64.00
0.00
4.00
35.00
23.00
30.00
0.00
2.00
28.00
242.00
0.00
0.00
0.00
0.00
84.00
0.00
0.00
0.00
0.00
0.00
0.00
0.00
0.00
0.00
51.00
5.00
42.00
7.00
0.00
0.00
44.00
0.00
71.00
491.00
232.00
0.00
0.00
0.00
0.00
0.00
0.00
0.00
0.00
0.00
0.00
0.00
0.00
0.00
0.00
0.00
0.00
0.00
0.00
0.00
0.00
0.00
0.00
0.00
0.00
6.00
0.00
0.00
0.00
0.00
0.00
0.00
0.00
0.00
0.00
0.00
0.00
0.00
0.00
0.00
0.00
0.00
0.00
0.00
0.00
0.00
0.00
0.00
0.00
0.00
0.00
0.00
0.00
0.00
0.00
0.00
0.00
0.00
0.00
0.00
0.00
0.00
0.00
0.00
0.00
0.00
0.00
0.00
0.00
0.00
0.00
0.00
0.00
0.00
0.00
0.00
0.00
0.00
0.00
0.00
0.00
0.00
3.00
0.00
0.00
0.00
0.00
0.00
0.00
0.00
0.00
0.00
0.00
0.00
0.00
0.00
0.00
0.00
0.00
0.00
0.00
0.00
0.00
0.00
0.00
0.00
0.00
0.00
0.00
0.00
0.00
0.00
0.00
0.00
0.00
0.00
0.00
0.00
0.00
16.00
8.00
0.00
92.00
0.00
201.00
71.00
2.00
0.00
0.00
0.00
0.00
0.00
79.00
2.00
52.00
0.00
0.00
0.00
0.00
39.00
0.00
0.00
0.00
147.00
63.00
0.00
0.00
0.00
79.00
318.00
54.00
0.00
0.00
0.00
0.00
0.00
0.00
0.00
0.00
0.00
86.00
0.00
50.00
0.00
393.00
87.00
365.00
185.00
214.00
169.00
371.00
0.00
0.00
0.00
0.00
8.00
24.00
0.00
0.00
0.00
0.00
0.00
0.00
0.00
82.00
0.00
2.00
0.00
12.00
13.00
163.00
11.00
97.00
0.00
4.00
0.00
15.00
0.00
0.00
0.00
0.00
0.00
248.00
79.00
158.00
428.00
113.00
98.00
184.00
128.00
188.00
0.00
62.00
204.00
624.00
363.00
136.00
46.00
368.00
820.00
0.00
21.00
15.00
25.00
37.00
152.00
11.00
7.00
5.00
119.00
12.00
135.00
92.00
128.00
60.00
77.00
90.00
9.00
0.00
46.00
41.00
39.00
17.00
17.00
0.00
22.00
0.00
17.00
120.00
460.00
51.00
128.00
21.00
58.00
74.00
44.00
16.00
125.00
20.00
112.00
177.00
127.00
9.00
9.00
189.00
82.00
9.00
110.00
33.00
10.00
69.00
76.00
201.00
17.00
4.00
4.00
0.00
41.00
222.00
38.00
18.00
6.00
43.00
32.00
25.00
13.00
29.00
56.00
61.00
64.00
98.00
123.00
49.00
342.00
25.00
6.00
112.00
78.00
196.00
40.00
17.00
1.00
53.00
22.00
157.00
38.00
89.00
9.00
123.00
9.00
1.00
115.00
49.00
4.00
73.00
193.00
188.00
73.00
45.00
1.00
17.00
19.00
123.00
99.00
303.00
103.00
284.00
31.00
6.00
13.00
314.00
84.00
6.00
5.00
108.00
46.00
3.00
61.00
55.00
55.00
56.00
0.00
0.00
0.00
0.00
3.00
23.00
203.00
34.00
232.00
0.00
0.00
0.00
0.00
0.00
0.00
25.00
83.00
84.00
1.00
0.00
0.00
0.00
0.00
0.00
0.00
0.00
0.00
0.00
0.00
0.00
5.00
0.00
0.00
242.00
53.00
35.00
0.00
0.00
0.00
0.00
1.00
0.00
0.00
0.00
0.00
0.00
0.00
0.00
0.00
0.00
0.00
0.00
0.00
0.00
0.00
3.00
858.00
612.00
19.00
0.00
0.00
0.00
0.00
0.00
0.00
0.00
0.00
0.00
0.00
0.00
0.00
0.00
0.00
0.00
0.00
0.00
0.00
0.00
0.00
36.00
470.00
74.00
0.00
0.00
0.00
0.00
0.00
0.00
0.00
0.00
0.00
0.00
0.00
0.00
0.00
0.00
0.00
0.00
0.00
0.00
0.00
0.00
0.00
0.00
0.00
0.00
0.00
0.00
0.00
0.00
0.00
0.00
0.00
0.00
0.00
0.00
0.00
4.00
4.00
26.00
0.00
50.00
0.00
0.00
0.00
0.00
0.00
0.00
0.00
0.00
0.00
0.00
0.00
0.00
0.00
0.00
129.00
0.00
0.00
0.00
0.00
0.00
0.00
0.00
0.00
0.00
0.00
0.00
0.00
0.00
0.00
177.00
0.00
0.00
33.00
127.00
0.00
0.00
0.00
0.00
0.00
0.00
0.00
0.00
0.00
35.00
0.00
0.00
0.00
65.00
0.00
23.00
227.00
0.00
0.00
31.00
12.00
142.00
5.00
89.00
0.00
0.00
0.00
0.00
0.00
0.00
56.00
47.00
28.00
16.00
86.00
0.00
0.00
0.00
0.00
36.00
75.00
1.00
131.00
173.00
5.00
32.00
8.00
21.00
112.00
461.00
632.00
235.00
84.00
166.00
584.00
0.00
17.00
0.00
0.00
38.00
0.00
6.00
20.00
80.00
0.00
0.00
14.00
61.00
4.00
0.00
14.00
0.00
53.00
0.00
25.00
0.00
58.00
101.00
429.00
94.00
1.00
13.00
204.00
121.00
408.00
759.00
516.00
156.00
113.00
158.00
2.00
0.00
13.00
0.00
28.00
18.00
21.00
12.00
5.00
2.00
72.00
33.00
67.00
6.00
2.00
1.00
106.00
23.00
22.00
14.00
0.00
75.00
5.00
19.00
35.00
103.00
18.00
63.00
3.00
135.00
12.00
20.00
5.00
143.00
62.00
99.00
13.00
4.00
84.00
2.00
0.00
42.00
6.00
71.00
213.00
100.00
3.00
12.00
0.00
133.00
58.00
85.00
5.00
60.00
38.00
71.00
155.00
177.00
71.00
64.00
52.00
13.00
33.00
23.00
2.00
45.00
6.00
0.00
39.00
4.00
58.00
78.00
36.00
6.00
2.00
61.00
10.00
34.00
7.00
58.00
27.00
5.00
2.00
0.00
63.00
204.00
16.00
3.00
0.00
0.00
3.00
92.00
0.00
168.00
360.00
103.00
21.00
31.00
9.00
62.00
3.00
1.00
1.00
0.00
3.00
0.00
0.00
0.00
0.00
0.00
0.00
0.00
0.00
8.00
35.00
186.00
424.00
503.00
461.00
99.00
0.00
0.00
0.00
0.00
0.00
0.00
0.00
0.00
0.00
0.00
0.00
0.00
0.00
355.00
17.00
230.00
82.00
63.00
0.00
0.00
0.00
0.00
0.00
0.00
0.00
0.00
0.00
0.00
0.00
2.00
0.00
3.00
0.00
0.00
0.00
0.00
0.00
0.00
0.00
0.00
0.00
0.00
0.00
0.00
0.00
0.00
0.00
0.00
0.00
0.00
0.00
0.00
0.00
0.00
0.00
0.00
0.00
0.00
14.00
0.00
0.00
0.00
0.00
10.00
20.00
76.00
0.00
0.00
0.00
0.00
0.00
0.00
0.00
0.00
0.00
0.00
0.00
0.00
0.00
0.00
0.00
0.00
0.00
0.00
0.00
0.00
0.00
0.00
0.00
0.00
0.00
0.00
0.00
0.00
0.00
0.00
0.00
0.00
0.00
0.00
0.00
0.00
0.00
0.00
0.00
0.00
0.00
0.00
0.00
0.00
0.00
0.00
0.00
0.00
0.00
0.00
0.00
0.00
0.00
0.00
0.00
0.00
0.00
0.00
0.00
0.00
1.00
0.00
0.00
0.00
0.00
0.00
0.00
0.00
118.40
105.20
30.90
32.10
0.00
0.00
0.00
7.30
22.60
2.00
0.00
0.00
0.00
0.00
0.00
0.00
0.00
0.00
0.00
0.00
5.40
0.00
0.10
0.00
0.00
0.00
0.00
0.00
0.00
0.00
0.00
0.00
0.00
0.00
72.00
18.40
38.20
31.30
0.00
4.30
15.30
0.00
30.70
37.80
0.00
0.00
0.00
0.00
0.00
0.00
0.00
0.00
0.00
0.00
0.00
0.00
0.00
0.00
0.00
0.00
0.00
0.00
0.20
0.00
0.00
0.00
0.30
0.50
2.80
0.00
0.00
0.00
0.00
0.00
0.00
0.00
0.00
2.90
9.80
0.50
2.50
1.20
0.00
0.00
0.00
0.00
10.30
10.30
92.20
1.20
0.40
0.00
0.00
0.00
0.00
0.00
0.20
0.40
16.90
2.70
0.00
14.60
8.90
0.20
0.00
3.90
0.00
45.60
25.20
21.20
4.90
0.30
0.00
1.30
37.50
11.80
2.90
0.10
1.10
7.80
0.50
5.70
0.00
0.10
1.30
8.40
0.10
0.00
0.00
1.20
6.50
11.80
21.50
10.90
3.90
3.90
77.10
77.10
15.40
5.40
5.40
0.10
33.00
5.40
5.40
5.40
0.50
8.70
1.40
0.50
16.70
6.00
2.60
2.90
0.30
10.90
1.20
14.30
16.20
4.10
2.10
32.40
8.80
10.20
1.10
2.10
1.70
3.10
0.60
4.80
1.90
7.30
6.30
4.00
0.20
5.60
7.90
11.60
5.10
33.70
19.80
0.20
4.20
0.20
6.10
0.10
2.60
28.40
7.30
0.00
3.30
5.60
2.80
8.80
6.00
0.40
1.60
6.50
13.20
2.50
0.90
4.90
10.80
8.30
0.60
2.40
14.60
11.70
11.10
28.10
21.30
45.60
12.40
0.60
1.80
21.50
10.30
1.50
1.50
8.10
0.00
0.00
13.30
19.30
10.70
5.00
4.90
11.80
0.30
0.00
0.00
2.70
10.00
3.20
0.00
0.00
0.00
0.00
0.90
7.20
3.00
1.10
0.50
2.30
