20160101
0.00
0.00
0.00
0.00
0.00
0.00
0.00
0.00
0.00
0.00
0.00
0.00
0.00
0.00
0.00
0.00
0.00
0.00
1.00
0.00
23.00
0.00
0.00
0.00
0.00
1.00
0.00
0.00
0.00
0.00
0.00
0.00
0.00
0.00
0.00
0.00
0.00
0.00
0.00
0.00
0.00
0.00
8.00
0.00
0.00
0.00
0.00
0.00
0.00
0.00
0.00
0.00
0.00
14.00
298.00
28.00
20.00
0.00
0.00
0.00
1.00
0.00
0.00
0.00
0.00
13.00
0.00
0.00
0.00
0.00
0.00
0.00
1.00
0.00
0.00
0.00
1.00
0.00
7.00
0.00
8.00
0.00
6.00
0.00
0.00
0.00
0.00
479.00
1.00
0.00
106.00
74.00
0.00
50.00
123.00
44.00
0.00
0.00
0.00
0.00
0.00
0.00
0.00
0.00
0.00
0.00
42.00
17.00
0.00
1.00
0.00
0.00
0.00
0.00
4.00
185.00
6.00
0.00
0.00
0.00
0.00
152.00
45.00
14.00
358.00
0.00
1.00
2.00
0.00
0.00
0.00
3.00
28.00
34.00
10.00
0.00
11.00
66.00
179.00
291.00
612.00
722.00
2.00
0.00
66.00
22.00
0.00
0.00
19.00
25.00
0.00
138.00
5.00
2.00
1264.00
199.00
20.00
1.00
46.00
52.00
20.00
584.00
323.00
97.00
186.00
2.00
65.00
68.00
40.00
13.00
9.00
9.00
19.00
35.00
0.00
50.00
97.00
10.00
2.00
88.00
140.00
15.00
8.00
3.00
31.00
85.00
99.00
16.00
101.00
96.00
84.00
11.00
0.00
49.00
0.00
21.00
31.00
122.00
55.00
21.00
1.00
27.00
12.00
16.00
47.00
26.00
314.00
4.00
3.00
157.00
199.00
71.00
479.00
530.00
65.00
34.00
72.00
35.00
17.00
2.00
346.00
16.00
62.00
180.00
15.00
186.00
161.00
15.00
35.00
0.00
0.00
18.00
495.00
167.00
0.00
5.00
0.00
475.00
14.00
135.00
95.00
27.00
66.00
111.00
97.00
13.00
2.00
8.00
0.00
9.00
0.00
36.00
59.00
1.00
88.00
248.00
31.00
91.00
154.00
854.00
54.00
37.00
104.00
93.00
235.00
222.00
298.00
3.00
96.00
61.00
261.00
500.00
243.00
96.00
52.00
344.00
253.00
3.00
74.00
128.00
342.00
93.00
0.00
0.00
279.00
352.00
0.00
0.00
0.00
0.00
0.00
0.00
0.00
0.00
0.00
0.00
0.00
3.00
0.00
0.00
127.00
8.00
11.00
2.00
0.00
0.00
2.00
6.00
155.00
844.00
293.00
0.00
0.00
0.00
0.00
0.00
0.00
0.00
0.00
0.00
0.00
0.00
0.00
0.00
0.00
0.00
0.00
0.00
0.00
0.00
0.00
0.00
0.00
0.00
0.00
4.00
1.00
0.00
0.00
0.00
0.00
0.00
0.00
0.00
0.00
0.00
0.00
0.00
0.00
0.00
0.00
0.00
0.00
0.00
0.00
0.00
0.00
0.00
0.00
0.00
0.00
0.00
0.00
0.00
0.00
0.00
0.00
0.00
0.00
0.00
0.00
0.00
0.00
0.00
0.00
0.00
0.00
0.00
0.00
0.00
0.00
0.00
0.00
0.00
0.00
0.00
0.00
0.00
0.00
0.00
0.00
0.00
3.00
0.00
0.00
0.00
0.00
0.00
0.00
0.00
0.00
0.00
0.00
0.00
0.00
0.00
0.00
0.00
0.00
0.00
0.00
0.00
0.00
0.00
0.00
0.00
0.00
0.00
0.00
0.00
0.00
0.00
0.00
0.00
0.00
0.00
0.00
0.00
0.00
72.00
45.00
1.00
100.00
0.00
227.00
21.00
0.00
0.00
0.00
0.00
0.00
0.00
184.00
0.00
41.00
0.00
0.00
0.00
0.00
31.00
0.00
0.00
0.00
159.00
71.00
0.00
0.00
0.00
173.00
252.00
100.00
0.00
0.00
0.00
0.00
0.00
0.00
0.00
0.00
0.00
12.00
0.00
0.00
0.00
596.00
163.00
276.00
263.00
297.00
436.00
481.00
0.00
0.00
0.00
0.00
111.00
2.00
0.00
0.00
0.00
0.00
4.00
0.00
0.00
105.00
0.00
1.00
0.00
46.00
14.00
242.00
3.00
240.00
0.00
31.00
0.00
2.00
0.00
0.00
0.00
0.00
0.00
111.00
91.00
229.00
555.00
372.00
1475.00
206.00
28.00
255.00
0.00
1.00
481.00
981.00
1178.00
202.00
128.00
885.00
1009.00
0.00
79.00
204.00
15.00
439.00
210.00
22.00
60.00
10.00
102.00
96.00
115.00
70.00
50.00
112.00
56.00
177.00
21.00
15.00
172.00
58.00
24.00
3.00
11.00
0.00
16.00
34.00
20.00
153.00
424.00
365.00
52.00
48.00
35.00
124.00
125.00
157.00
9.00
52.00
315.00
897.00
75.00
69.00
63.00
295.00
74.00
1.00
161.00
7.00
0.00
338.00
126.00
152.00
5.00
15.00
5.00
0.00
42.00
510.00
251.00
61.00
8.00
58.00
28.00
26.00
105.00
44.00
154.00
477.00
166.00
362.00
228.00
305.00
215.00
42.00
26.00
208.00
38.00
247.00
26.00
25.00
36.00
63.00
1.00
183.00
149.00
221.00
1.00
46.00
48.00
1.00
49.00
122.00
16.00
150.00
120.00
566.00
31.00
13.00
5.00
8.00
108.00
305.00
434.00
151.00
221.00
133.00
73.00
74.00
0.00
87.00
15.00
172.00
39.00
374.00
31.00
11.00
0.00
0.00
343.00
571.00
0.00
0.00
0.00
8.00
589.00
81.00
370.00
172.00
600.00
1.00
0.00
0.00
0.00
0.00
0.00
34.00
164.00
45.00
5.00
2.00
0.00
0.00
0.00
0.00
0.00
0.00
0.00
0.00
0.00
0.00
7.00
0.00
8.00
212.00
88.00
9.00
0.00
0.00
0.00
0.00
0.00
0.00
0.00
0.00
0.00
0.00
0.00
0.00
0.00
0.00
0.00
0.00
0.00
0.00
0.00
11.00
1181.00
657.00
44.00
0.00
0.00
0.00
0.00
0.00
0.00
0.00
0.00
0.00
0.00
0.00
0.00
0.00
0.00
0.00
0.00
0.00
0.00
0.00
0.00
0.00
329.00
74.00
0.00
0.00
0.00
0.00
0.00
0.00
0.00
0.00
0.00
0.00
0.00
0.00
0.00
0.00
0.00
0.00
0.00
0.00
0.00
0.00
0.00
0.00
0.00
0.00
0.00
0.00
0.00
0.00
0.00
0.00
0.00
0.00
0.00
0.00
0.00
27.00
18.00
72.00
0.00
44.00
0.00
0.00
0.00
0.00
0.00
0.00
0.00
0.00
0.00
0.00
0.00
0.00
0.00
0.00
301.00
0.00
0.00
0.00
0.00
0.00
0.00
0.00
0.00
0.00
0.00
0.00
0.00
0.00
0.00
144.00
0.00
0.00
24.00
59.00
0.00
0.00
0.00
0.00
0.00
0.00
0.00
0.00
0.00
47.00
0.00
0.00
0.00
58.00
0.00
1.00
275.00
0.00
0.00
103.00
7.00
138.00
3.00
12.00
0.00
0.00
0.00
0.00
0.00
0.00
218.00
2.00
23.00
50.00
261.00
0.00
0.00
0.00
0.00
90.00
38.00
11.00
281.00
297.00
5.00
0.00
6.00
26.00
319.00
187.00
609.00
238.00
119.00
309.00
461.00
0.00
77.00
0.00
10.00
34.00
0.00
0.00
186.00
132.00
0.00
6.00
0.00
239.00
1.00
0.00
0.00
0.00
48.00
43.00
88.00
25.00
60.00
5.00
1069.00
68.00
1.00
8.00
682.00
263.00
716.00
1633.00
649.00
135.00
331.00
463.00
4.00
128.00
28.00
0.00
9.00
146.00
3.00
41.00
20.00
8.00
30.00
24.00
108.00
3.00
15.00
0.00
174.00
81.00
69.00
17.00
0.00
136.00
1.00
6.00
7.00
335.00
50.00
17.00
48.00
120.00
3.00
16.00
2.00
111.00
334.00
62.00
19.00
63.00
153.00
17.00
13.00
32.00
11.00
9.00
98.00
48.00
107.00
25.00
0.00
146.00
223.00
775.00
38.00
155.00
83.00
42.00
242.00
494.00
56.00
148.00
106.00
7.00
16.00
6.00
15.00
5.00
30.00
0.00
18.00
12.00
38.00
111.00
57.00
7.00
2.00
81.00
54.00
13.00
0.00
66.00
61.00
5.00
0.00
0.00
5.00
231.00
23.00
5.00
6.00
11.00
0.00
468.00
0.00
267.00
243.00
85.00
105.00
23.00
1.00
51.00
69.00
31.00
0.00
95.00
10.00
0.00
0.00
65.00
0.00
0.00
0.00
0.00
0.00
45.00
58.00
246.00
412.00
486.00
700.00
138.00
6.00
0.00
0.00
0.00
0.00
0.00
0.00
0.00
0.00
0.00
0.00
0.00
0.00
201.00
46.00
264.00
178.00
46.00
0.00
0.00
0.00
0.00
0.00
0.00
0.00
0.00
0.00
0.00
0.00
0.00
0.00
11.00
0.00
0.00
0.00
0.00
0.00
0.00
1.00
0.00
0.00
0.00
0.00
0.00
0.00
0.00
0.00
0.00
0.00
0.00
0.00
0.00
0.00
0.00
0.00
0.00
0.00
0.00
0.00
0.00
0.00
0.00
0.00
31.00
68.00
78.00
0.00
0.00
0.00
0.00
0.00
0.00
0.00
0.00
0.00
0.00
0.00
0.00
0.00
0.00
0.00
0.00
0.00
0.00
0.00
0.00
0.00
0.00
0.00
0.00
0.00
0.00
0.00
0.00
0.00
0.00
0.00
0.00
0.00
0.00
0.00
0.00
0.00
0.00
0.00
0.00
0.00
1.00
0.00
0.00
0.00
0.00
0.00
0.00
0.00
0.00
0.00
0.00
0.00
0.00
0.00
0.00
0.00
0.00
0.00
1.00
2.00
0.00
0.00
0.00
0.00
0.00
0.00
0.00
101.00
105.00
22.00
30.50
0.00
0.00
0.00
2.10
18.70
0.00
0.00
0.00
0.00
0.00
0.00
0.00
0.00
0.00
0.00
0.20
0.00
0.00
0.20
0.00
0.00
0.00
0.00
0.00
0.00
0.00
0.00
0.00
0.00
0.00
48.40
22.10
25.40
13.20
0.00
3.40
21.90
0.00
38.40
23.10
0.50
0.20
0.00
0.00
0.00
0.00
0.00
0.00
0.00
0.00
0.00
0.00
0.00
0.00
0.00
0.00
0.00
0.00
0.00
0.00
0.00
0.00
0.00
12.70
21.10
0.00
0.00
0.00
0.00
0.00
0.00
0.00
0.00
2.60
2.30
0.00
0.70
6.10
0.00
0.60
0.60
0.00
29.10
29.10
119.40
33.60
0.40
1.90
0.00
0.00
0.00
0.00
28.50
3.50
1.00
0.90
0.50
25.40
5.40
0.20
1.80
1.60
0.00
56.80
121.80
20.60
5.30
0.20
0.60
27.80
72.40
18.60
11.00
4.60
0.10
4.50
0.20
7.40
24.80
0.30
3.30
14.00
0.40
0.20
0.10
0.40
4.20
29.60
91.80
43.50
29.00
29.00
126.60
126.60
58.70
3.10
3.10
0.20
15.00
3.10
3.10
3.10
0.20
3.00
8.80
2.40
24.90
6.10
2.30
0.20
1.30
24.40
3.60
1.80
3.30
5.40
9.00
16.80
21.10
0.50
2.40
4.20
3.00
1.80
7.40
1.50
15.20
11.00
5.20
0.10
0.30
0.50
16.60
6.50
33.10
39.10
17.30
3.80
36.00
23.70
4.80
0.10
13.50
4.90
4.10
1.70
6.30
3.10
7.70
13.20
0.30
2.60
6.50
2.40
7.20
12.40
1.90
0.30
4.40
8.50
0.20
0.10
9.80
0.40
8.90
12.20
23.90
10.60
13.20
3.40
8.10
3.00
9.20
1.50
1.50
15.50
0.00
0.00
4.30
22.40
0.00
0.00
23.00
11.60
0.60
0.00
0.00
39.00
19.60
0.00
0.00
0.00
0.00
0.00
0.30
7.40
4.80
0.10
0.00
2.30
