20160101
0.00
0.00
0.00
0.00
0.00
0.00
0.00
0.00
0.00
0.00
0.00
0.00
0.00
0.00
0.00
0.00
0.00
0.00
0.00
1.00
25.00
0.00
0.00
0.00
0.00
0.00
0.00
0.00
0.00
0.00
0.00
0.00
0.00
0.00
0.00
0.00
0.00
0.00
0.00
0.00
0.00
0.00
0.00
0.00
0.00
0.00
0.00
0.00
0.00
0.00
11.00
0.00
38.00
19.00
84.00
73.00
5.00
13.00
0.00
0.00
0.00
0.00
1.00
0.00
0.00
0.00
0.00
0.00
2.00
2.00
0.00
2.00
0.00
0.00
0.00
1.00
0.00
0.00
9.00
0.00
0.00
0.00
0.00
0.00
0.00
0.00
0.00
13.00
1.00
14.00
318.00
2.00
0.00
3.00
44.00
94.00
0.00
0.00
0.00
0.00
0.00
0.00
0.00
0.00
0.00
0.00
12.00
42.00
0.00
4.00
5.00
30.00
3.00
0.00
7.00
198.00
3.00
0.00
0.00
2.00
0.00
51.00
17.00
0.00
10.00
0.00
0.00
0.00
0.00
0.00
0.00
0.00
79.00
0.00
2.00
0.00
0.00
26.00
201.00
62.00
111.00
348.00
17.00
5.00
7.00
3.00
0.00
0.00
0.00
2.00
0.00
39.00
2.00
7.00
6.00
0.00
131.00
27.00
157.00
149.00
107.00
259.00
50.00
34.00
0.00
0.00
89.00
53.00
3.00
56.00
15.00
148.00
37.00
132.00
19.00
221.00
50.00
0.00
0.00
0.00
0.00
18.00
122.00
119.00
20.00
11.00
4.00
24.00
72.00
88.00
9.00
13.00
10.00
45.00
3.00
10.00
81.00
234.00
0.00
0.00
21.00
26.00
53.00
53.00
223.00
129.00
268.00
1.00
21.00
67.00
46.00
198.00
72.00
88.00
61.00
0.00
23.00
39.00
53.00
39.00
8.00
2.00
4.00
1.00
7.00
67.00
17.00
5.00
10.00
31.00
0.00
18.00
830.00
6.00
0.00
53.00
0.00
77.00
109.00
20.00
7.00
17.00
18.00
76.00
25.00
6.00
28.00
66.00
23.00
24.00
1.00
3.00
451.00
108.00
112.00
19.00
52.00
1.00
9.00
26.00
22.00
18.00
70.00
123.00
24.00
94.00
0.00
0.00
3.00
3.00
65.00
0.00
0.00
0.00
0.00
16.00
1.00
0.00
142.00
0.00
30.00
3.00
0.00
28.00
1.00
17.00
11.00
0.00
0.00
0.00
0.00
0.00
0.00
0.00
0.00
0.00
0.00
0.00
0.00
16.00
150.00
43.00
55.00
23.00
0.00
0.00
7.00
7.00
41.00
158.00
44.00
0.00
0.00
0.00
0.00
0.00
0.00
0.00
0.00
0.00
0.00
0.00
0.00
0.00
0.00
0.00
0.00
0.00
0.00
0.00
0.00
0.00
0.00
0.00
0.00
0.00
0.00
0.00
0.00
0.00
0.00
0.00
0.00
0.00
0.00
0.00
0.00
0.00
0.00
0.00
0.00
0.00
0.00
0.00
0.00
0.00
0.00
0.00
0.00
0.00
0.00
0.00
0.00
0.00
0.00
0.00
0.00
0.00
0.00
0.00
0.00
0.00
0.00
0.00
0.00
0.00
0.00
0.00
0.00
0.00
0.00
0.00
0.00
0.00
0.00
1.00
0.00
0.00
1.00
0.00
0.00
0.00
5.00
0.00
0.00
0.00
0.00
0.00
0.00
0.00
0.00
0.00
0.00
0.00
0.00
0.00
0.00
0.00
0.00
0.00
0.00
0.00
0.00
0.00
0.00
0.00
0.00
0.00
0.00
0.00
0.00
0.00
0.00
0.00
0.00
0.00
0.00
0.00
0.00
0.00
1.00
0.00
39.00
0.00
29.00
21.00
6.00
0.00
0.00
0.00
0.00
0.00
2.00
2.00
18.00
0.00
0.00
0.00
0.00
10.00
0.00
0.00
0.00
32.00
55.00
11.00
0.00
0.00
99.00
130.00
2.00
0.00
0.00
0.00
0.00
0.00
0.00
0.00
0.00
4.00
17.00
2.00
16.00
0.00
116.00
66.00
136.00
60.00
47.00
78.00
84.00
0.00
0.00
0.00
0.00
1.00
2.00
0.00
0.00
0.00
0.00
4.00
0.00
0.00
193.00
0.00
4.00
0.00
27.00
32.00
80.00
7.00
20.00
0.00
0.00
0.00
0.00
0.00
0.00
0.00
12.00
2.00
121.00
27.00
101.00
92.00
12.00
11.00
13.00
6.00
17.00
2.00
0.00
0.00
65.00
86.00
43.00
71.00
66.00
176.00
0.00
109.00
2.00
23.00
0.00
165.00
2.00
0.00
17.00
52.00
0.00
2.00
2.00
30.00
31.00
68.00
9.00
62.00
2.00
98.00
125.00
76.00
0.00
0.00
31.00
212.00
166.00
105.00
99.00
20.00
9.00
289.00
14.00
197.00
218.00
105.00
138.00
0.00
61.00
136.00
30.00
22.00
4.00
34.00
323.00
103.00
0.00
23.00
44.00
35.00
24.00
62.00
53.00
205.00
5.00
10.00
3.00
1.00
6.00
11.00
82.00
6.00
78.00
86.00
12.00
119.00
1.00
15.00
28.00
97.00
4.00
3.00
80.00
687.00
4.00
26.00
37.00
67.00
17.00
6.00
43.00
5.00
15.00
68.00
21.00
18.00
126.00
62.00
118.00
135.00
5.00
268.00
68.00
0.00
770.00
309.00
65.00
103.00
70.00
0.00
40.00
12.00
17.00
23.00
231.00
13.00
6.00
0.00
13.00
28.00
36.00
9.00
0.00
14.00
279.00
0.00
9.00
0.00
0.00
167.00
46.00
0.00
0.00
9.00
0.00
2.00
17.00
5.00
34.00
12.00
3.00
0.00
0.00
0.00
0.00
0.00
0.00
0.00
36.00
11.00
0.00
0.00
0.00
0.00
0.00
0.00
0.00
0.00
0.00
0.00
0.00
0.00
0.00
0.00
112.00
35.00
0.00
0.00
0.00
0.00
0.00
3.00
0.00
0.00
0.00
0.00
0.00
0.00
0.00
0.00
0.00
0.00
0.00
0.00
0.00
1.00
0.00
357.00
294.00
0.00
0.00
0.00
0.00
0.00
0.00
0.00
0.00
0.00
0.00
0.00
0.00
7.00
0.00
0.00
0.00
0.00
0.00
0.00
0.00
0.00
3.00
391.00
683.00
2.00
0.00
0.00
0.00
0.00
0.00
0.00
0.00
0.00
0.00
0.00
0.00
0.00
0.00
0.00
0.00
0.00
0.00
0.00
0.00
0.00
0.00
0.00
0.00
0.00
0.00
0.00
0.00
0.00
0.00
0.00
0.00
0.00
0.00
5.00
0.00
4.00
47.00
1.00
1.00
0.00
0.00
0.00
0.00
0.00
0.00
0.00
0.00
0.00
0.00
0.00
0.00
0.00
0.00
29.00
0.00
0.00
0.00
0.00
0.00
0.00
0.00
0.00
0.00
0.00
0.00
0.00
0.00
0.00
28.00
0.00
0.00
21.00
150.00
0.00
0.00
0.00
0.00
0.00
0.00
0.00
0.00
0.00
0.00
0.00
0.00
0.00
43.00
0.00
123.00
11.00
14.00
5.00
0.00
31.00
12.00
0.00
2.00
0.00
0.00
0.00
0.00
0.00
0.00
1.00
0.00
3.00
0.00
26.00
0.00
0.00
0.00
0.00
0.00
0.00
0.00
28.00
34.00
9.00
11.00
0.00
2.00
136.00
151.00
266.00
169.00
81.00
159.00
443.00
8.00
173.00
0.00
1.00
3.00
0.00
0.00
0.00
0.00
0.00
0.00
240.00
124.00
2.00
1.00
270.00
41.00
68.00
3.00
0.00
0.00
20.00
191.00
343.00
57.00
0.00
17.00
36.00
27.00
131.00
85.00
69.00
133.00
36.00
93.00
0.00
0.00
55.00
29.00
19.00
0.00
26.00
150.00
65.00
13.00
34.00
4.00
14.00
1.00
25.00
0.00
5.00
28.00
4.00
8.00
0.00
1.00
43.00
9.00
4.00
11.00
22.00
22.00
46.00
36.00
269.00
32.00
12.00
144.00
62.00
485.00
42.00
65.00
221.00
11.00
0.00
20.00
33.00
131.00
126.00
80.00
0.00
3.00
46.00
123.00
466.00
137.00
1.00
8.00
12.00
41.00
88.00
81.00
24.00
82.00
28.00
2.00
11.00
73.00
17.00
33.00
5.00
9.00
164.00
36.00
34.00
50.00
24.00
0.00
2.00
36.00
57.00
133.00
2.00
0.00
29.00
0.00
2.00
0.00
26.00
201.00
179.00
0.00
0.00
7.00
16.00
38.00
0.00
0.00
37.00
187.00
6.00
0.00
3.00
68.00
57.00
0.00
0.00
0.00
4.00
9.00
0.00
54.00
5.00
0.00
0.00
0.00
0.00
6.00
22.00
172.00
334.00
424.00
340.00
48.00
0.00
0.00
0.00
0.00
0.00
0.00
0.00
4.00
0.00
0.00
0.00
0.00
6.00
280.00
0.00
81.00
34.00
90.00
0.00
0.00
0.00
0.00
0.00
0.00
0.00
0.00
0.00
0.00
0.00
23.00
0.00
8.00
0.00
0.00
0.00
0.00
0.00
0.00
0.00
0.00
0.00
0.00
0.00
0.00
0.00
0.00
0.00
0.00
0.00
0.00
0.00
0.00
0.00
17.00
0.00
0.00
0.00
0.00
1.00
0.00
0.00
1.00
0.00
4.00
0.00
6.00
0.00
0.00
0.00
0.00
0.00
0.00
0.00
0.00
0.00
0.00
0.00
0.00
0.00
0.00
0.00
0.00
0.00
0.00
0.00
36.00
0.00
0.00
0.00
0.00
0.00
0.00
0.00
0.00
0.00
0.00
0.00
0.00
0.00
0.00
0.00
0.00
0.00
0.00
0.00
0.00
0.00
0.00
0.00
0.00
0.00
0.00
0.00
0.00
0.00
0.00
0.00
0.00
0.00
0.00
0.00
0.00
0.00
0.00
0.00
0.00
0.00
0.00
0.00
0.00
0.00
0.00
0.00
0.00
74.70
65.30
17.40
9.80
0.00
0.00
0.00
0.10
13.00
1.80
0.00
0.00
0.00
0.00
0.00
0.00
0.00
0.00
0.00
0.00
0.00
1.70
0.00
0.00
0.00
0.00
0.00
0.00
0.00
0.00
0.10
0.00
0.00
0.00
14.50
4.90
16.90
16.00
0.00
7.00
2.90
0.00
10.60
10.80
0.10
0.00
0.00
0.00
0.00
0.00
0.00
0.00
0.00
0.00
0.00
0.00
0.10
0.00
0.00
0.00
0.00
0.00
0.50
0.00
0.00
0.00
5.30
3.90
0.00
0.00
0.00
0.00
0.00
0.00
0.00
0.00
0.00
1.00
4.50
0.10
0.00
0.20
0.10
0.00
0.00
0.00
0.00
0.00
6.70
0.00
0.00
0.00
0.00
0.00
0.00
0.00
0.00
0.50
2.10
6.60
0.00
3.70
0.00
1.90
1.30
11.10
6.70
2.20
21.50
4.10
0.20
0.00
0.60
8.10
0.20
29.20
3.10
0.20
5.90
1.50
1.00
2.60
0.10
14.10
7.10
1.80
0.30
0.00
0.60
2.20
1.20
0.80
4.50
2.70
0.10
0.10
8.60
8.60
12.30
1.60
1.60
0.10
0.20
1.60
1.60
1.60
5.20
22.20
5.50
10.60
10.60
4.10
2.60
0.00
0.50
5.50
15.90
15.30
6.70
0.00
0.20
61.50
2.50
5.30
7.20
0.60
2.80
29.00
1.90
1.50
0.40
0.50
2.00
1.90
7.60
1.40
3.40
6.90
1.40
53.70
19.80
0.70
0.00
0.30
6.80
0.20
1.90
51.20
17.80
1.20
1.90
0.30
1.50
0.00
0.70
2.30
0.00
1.70
1.10
1.20
0.00
0.10
5.80
0.60
0.00
2.10
1.60
0.20
1.70
7.40
0.30
13.40
11.60
0.00
0.30
1.70
1.70
0.00
0.00
2.40
0.00
0.00
4.20
2.60
1.20
0.00
4.20
6.00
0.50
0.00
0.00
1.10
12.00
2.50
0.00
0.00
0.00
0.00
1.30
6.10
2.00
0.20
0.00
2.50
