20160101
0.00
0.00
0.00
0.00
0.00
0.00
0.00
0.00
0.00
0.00
0.00
0.00
0.00
0.00
0.00
0.00
0.00
0.00
0.00
1.00
42.00
0.00
0.00
0.00
0.00
7.00
0.00
0.00
0.00
0.00
0.00
0.00
0.00
0.00
0.00
0.00
0.00
0.00
0.00
0.00
0.00
0.00
12.00
0.00
0.00
0.00
0.00
0.00
0.00
0.00
0.00
0.00
0.00
13.00
161.00
35.00
21.00
0.00
0.00
0.00
0.00
0.00
0.00
0.00
0.00
3.00
0.00
0.00
0.00
1.00
0.00
2.00
0.00
0.00
0.00
0.00
0.00
0.00
18.00
0.00
22.00
0.00
45.00
0.00
0.00
0.00
0.00
197.00
1.00
0.00
169.00
52.00
2.00
25.00
139.00
65.00
0.00
0.00
0.00
0.00
0.00
0.00
0.00
0.00
0.00
0.00
38.00
21.00
0.00
1.00
0.00
0.00
0.00
0.00
6.00
209.00
1.00
0.00
0.00
0.00
0.00
85.00
54.00
5.00
184.00
0.00
4.00
0.00
0.00
0.00
0.00
4.00
462.00
15.00
2.00
0.00
8.00
42.00
163.00
337.00
387.00
592.00
0.00
0.00
46.00
126.00
0.00
0.00
123.00
16.00
0.00
49.00
0.00
67.00
391.00
873.00
134.00
7.00
35.00
26.00
32.00
423.00
135.00
124.00
93.00
13.00
24.00
75.00
70.00
14.00
8.00
22.00
24.00
64.00
1.00
64.00
83.00
9.00
0.00
0.00
36.00
27.00
91.00
0.00
83.00
55.00
20.00
14.00
122.00
73.00
118.00
20.00
2.00
11.00
5.00
30.00
22.00
129.00
13.00
25.00
7.00
24.00
25.00
11.00
37.00
53.00
277.00
7.00
3.00
111.00
173.00
9.00
169.00
91.00
26.00
14.00
34.00
81.00
16.00
6.00
207.00
9.00
29.00
51.00
25.00
208.00
87.00
12.00
5.00
3.00
0.00
11.00
662.00
104.00
0.00
12.00
0.00
177.00
7.00
87.00
44.00
79.00
35.00
20.00
52.00
0.00
9.00
17.00
0.00
11.00
0.00
40.00
77.00
8.00
137.00
167.00
24.00
127.00
767.00
214.00
0.00
32.00
213.00
224.00
113.00
106.00
148.00
74.00
156.00
104.00
182.00
170.00
144.00
58.00
7.00
547.00
102.00
0.00
10.00
88.00
152.00
43.00
0.00
2.00
72.00
281.00
0.00
0.00
0.00
0.00
147.00
28.00
0.00
0.00
0.00
0.00
0.00
0.00
0.00
0.00
72.00
10.00
35.00
5.00
0.00
0.00
24.00
0.00
115.00
602.00
266.00
0.00
0.00
0.00
0.00
0.00
0.00
0.00
0.00
0.00
0.00
0.00
0.00
0.00
0.00
0.00
0.00
0.00
0.00
0.00
0.00
0.00
0.00
0.00
0.00
0.00
0.00
0.00
0.00
0.00
0.00
0.00
0.00
0.00
0.00
0.00
0.00
0.00
0.00
0.00
0.00
0.00
0.00
0.00
0.00
0.00
0.00
0.00
0.00
0.00
0.00
0.00
0.00
0.00
0.00
0.00
0.00
0.00
0.00
0.00
0.00
0.00
0.00
0.00
0.00
0.00
0.00
0.00
0.00
0.00
0.00
0.00
0.00
0.00
0.00
0.00
0.00
0.00
0.00
0.00
0.00
0.00
0.00
0.00
0.00
0.00
0.00
0.00
0.00
0.00
0.00
0.00
0.00
0.00
0.00
0.00
0.00
0.00
0.00
0.00
0.00
0.00
0.00
0.00
0.00
0.00
0.00
0.00
0.00
0.00
0.00
0.00
0.00
0.00
0.00
0.00
0.00
0.00
1.00
40.00
21.00
0.00
111.00
0.00
334.00
41.00
1.00
0.00
0.00
0.00
0.00
0.00
97.00
1.00
48.00
0.00
0.00
0.00
0.00
37.00
0.00
0.00
0.00
105.00
63.00
0.00
0.00
0.00
106.00
192.00
75.00
0.00
0.00
0.00
0.00
0.00
0.00
0.00
0.00
0.00
12.00
1.00
117.00
0.00
426.00
58.00
343.00
182.00
216.00
248.00
437.00
0.00
0.00
0.00
0.00
0.00
20.00
0.00
0.00
0.00
0.00
0.00
0.00
0.00
64.00
0.00
2.00
0.00
8.00
19.00
220.00
7.00
74.00
0.00
12.00
0.00
6.00
0.00
0.00
0.00
0.00
0.00
146.00
67.00
155.00
475.00
178.00
546.00
206.00
111.00
226.00
0.00
29.00
293.00
1122.00
579.00
120.00
33.00
573.00
1112.00
0.00
64.00
39.00
40.00
114.00
206.00
8.00
16.00
6.00
167.00
38.00
129.00
68.00
122.00
119.00
58.00
99.00
5.00
3.00
55.00
34.00
26.00
12.00
17.00
0.00
18.00
27.00
17.00
219.00
337.00
180.00
120.00
31.00
45.00
65.00
81.00
89.00
97.00
31.00
100.00
333.00
98.00
30.00
17.00
187.00
89.00
2.00
84.00
32.00
2.00
92.00
85.00
183.00
18.00
5.00
2.00
0.00
29.00
356.00
46.00
49.00
3.00
47.00
22.00
14.00
37.00
34.00
48.00
165.00
117.00
206.00
170.00
87.00
298.00
41.00
19.00
160.00
75.00
198.00
51.00
11.00
2.00
29.00
19.00
198.00
72.00
148.00
2.00
100.00
11.00
9.00
67.00
71.00
24.00
93.00
276.00
380.00
83.00
19.00
1.00
18.00
75.00
194.00
247.00
195.00
171.00
243.00
52.00
14.00
1.00
252.00
46.00
37.00
10.00
202.00
84.00
5.00
15.00
3.00
52.00
174.00
0.00
0.00
0.00
5.00
15.00
59.00
246.00
40.00
321.00
0.00
0.00
0.00
0.00
0.00
0.00
27.00
179.00
48.00
7.00
0.00
0.00
0.00
0.00
0.00
0.00
0.00
0.00
0.00
0.00
0.00
3.00
0.00
0.00
225.00
58.00
41.00
0.00
0.00
0.00
0.00
0.00
0.00
0.00
0.00
0.00
0.00
0.00
0.00
0.00
0.00
0.00
0.00
16.00
1.00
0.00
4.00
1004.00
701.00
40.00
0.00
0.00
0.00
0.00
0.00
0.00
0.00
0.00
0.00
0.00
0.00
0.00
0.00
0.00
0.00
0.00
0.00
0.00
0.00
0.00
44.00
448.00
9.00
0.00
0.00
0.00
0.00
0.00
0.00
0.00
0.00
0.00
0.00
0.00
0.00
0.00
0.00
0.00
0.00
0.00
0.00
0.00
0.00
0.00
0.00
0.00
0.00
0.00
0.00
0.00
0.00
0.00
0.00
0.00
0.00
0.00
0.00
0.00
12.00
12.00
20.00
0.00
12.00
0.00
0.00
0.00
0.00
0.00
0.00
0.00
0.00
0.00
0.00
0.00
0.00
0.00
0.00
222.00
0.00
0.00
0.00
0.00
0.00
0.00
0.00
0.00
0.00
0.00
0.00
0.00
0.00
0.00
165.00
0.00
0.00
37.00
149.00
0.00
0.00
0.00
0.00
0.00
0.00
0.00
0.00
0.00
39.00
0.00
0.00
0.00
73.00
0.00
0.00
184.00
0.00
0.00
29.00
5.00
207.00
12.00
55.00
0.00
0.00
0.00
0.00
0.00
0.00
107.00
29.00
19.00
21.00
141.00
0.00
0.00
0.00
0.00
12.00
56.00
0.00
133.00
281.00
18.00
3.00
9.00
25.00
163.00
444.00
719.00
188.00
99.00
269.00
458.00
0.00
28.00
3.00
0.00
23.00
0.00
1.00
65.00
122.00
0.00
0.00
6.00
83.00
1.00
0.00
0.00
0.00
52.00
0.00
50.00
0.00
53.00
120.00
496.00
105.00
0.00
3.00
150.00
157.00
574.00
947.00
583.00
129.00
85.00
285.00
24.00
0.00
12.00
0.00
9.00
34.00
20.00
11.00
3.00
6.00
45.00
26.00
96.00
3.00
12.00
0.00
213.00
53.00
33.00
10.00
0.00
91.00
5.00
11.00
15.00
80.00
17.00
37.00
11.00
133.00
10.00
27.00
5.00
128.00
102.00
91.00
18.00
1.00
69.00
2.00
2.00
41.00
6.00
45.00
159.00
75.00
2.00
10.00
0.00
146.00
128.00
187.00
12.00
105.00
65.00
75.00
175.00
251.00
73.00
48.00
29.00
14.00
47.00
24.00
3.00
25.00
18.00
0.00
35.00
6.00
64.00
119.00
63.00
5.00
1.00
64.00
2.00
24.00
7.00
77.00
34.00
13.00
0.00
0.00
41.00
179.00
27.00
15.00
9.00
0.00
1.00
107.00
0.00
261.00
406.00
76.00
111.00
28.00
5.00
60.00
2.00
0.00
0.00
0.00
1.00
0.00
0.00
0.00
0.00
0.00
0.00
0.00
0.00
32.00
55.00
203.00
438.00
510.00
481.00
121.00
0.00
0.00
0.00
0.00
0.00
0.00
0.00
0.00
0.00
0.00
0.00
0.00
0.00
277.00
3.00
241.00
115.00
67.00
0.00
0.00
0.00
0.00
0.00
0.00
0.00
0.00
0.00
0.00
0.00
1.00
0.00
24.00
0.00
0.00
0.00
0.00
0.00
0.00
0.00
0.00
0.00
0.00
0.00
0.00
0.00
0.00
0.00
0.00
0.00
0.00
0.00
0.00
0.00
0.00
0.00
0.00
0.00
0.00
7.00
0.00
0.00
0.00
0.00
14.00
34.00
70.00
0.00
0.00
0.00
0.00
0.00
0.00
0.00
0.00
0.00
0.00
0.00
0.00
0.00
0.00
0.00
0.00
0.00
0.00
0.00
0.00
0.00
0.00
0.00
0.00
0.00
0.00
0.00
0.00
0.00
0.00
0.00
0.00
0.00
0.00
0.00
0.00
0.00
0.00
0.00
0.00
0.00
0.00
0.00
0.00
0.00
0.00
0.00
0.00
0.00
0.00
0.00
0.00
0.00
0.00
0.00
0.00
0.00
0.00
0.00
1.00
1.00
0.00
0.00
0.00
0.00
0.00
0.00
0.00
115.90
117.60
35.00
37.30
0.00
0.00
0.00
9.10
20.30
1.40
0.00
0.00
0.00
0.00
0.00
0.00
0.00
0.00
0.00
0.00
5.40
0.10
0.20
0.00
0.00
0.00
0.00
0.00
0.00
0.00
0.00
0.00
0.00
0.00
44.10
19.90
34.20
25.20
0.00
4.90
30.00
0.00
41.40
41.30
0.10
0.00
0.00
0.00
0.00
0.00
0.00
0.00
0.00
0.00
0.00
0.00
0.70
0.00
0.00
0.00
0.00
0.00
0.00
0.00
0.00
0.00
0.60
3.60
3.80
0.00
0.00
0.00
0.00
0.00
0.00
0.00
0.00
3.10
15.60
0.30
0.80
0.60
0.70
0.00
0.00
0.00
4.30
4.30
111.20
4.70
1.80
0.00
0.00
0.00
0.00
0.00
1.20
1.50
0.60
4.70
0.60
21.40
9.90
0.90
0.10
1.80
0.00
139.20
29.80
17.50
6.70
0.40
0.30
10.80
31.10
11.30
4.70
0.80
0.40
6.80
4.10
14.90
1.10
0.30
3.70
13.60
0.20
0.40
0.10
0.50
5.20
30.00
37.00
32.50
6.90
6.90
88.90
88.90
32.60
7.50
7.50
0.10
14.40
7.50
7.50
7.50
0.10
6.50
3.30
1.20
20.80
3.80
3.90
0.90
0.80
16.50
3.20
7.90
11.70
9.10
3.60
22.40
12.00
3.90
2.00
3.90
1.10
0.30
1.30
4.40
12.60
6.50
7.30
5.30
0.50
1.40
12.60
9.60
11.00
34.10
24.90
4.10
4.50
0.60
5.20
10.30
12.10
85.40
4.00
1.90
5.90
7.20
7.10
35.80
0.90
0.60
3.50
5.10
6.80
4.10
1.20
0.50
10.80
30.10
1.00
2.00
3.10
7.50
15.00
19.60
21.40
50.00
14.50
0.90
16.10
39.80
16.90
2.00
2.00
9.10
0.00
0.00
4.70
28.60
15.00
0.10
13.10
17.20
0.60
0.00
0.00
9.60
16.80
0.00
0.00
0.00
0.00
0.10
1.30
6.10
2.00
0.20
0.00
2.50
