20160101
0.00
0.00
0.00
0.00
0.00
0.00
0.00
0.00
0.00
0.00
0.00
0.00
0.00
0.00
0.00
0.00
0.00
0.00
1.00
13.00
13.00
0.00
0.00
0.00
0.00
0.00
0.00
0.00
0.00
0.00
0.00
0.00
0.00
0.00
0.00
0.00
0.00
0.00
0.00
0.00
0.00
0.00
0.00
0.00
0.00
0.00
0.00
0.00
0.00
0.00
0.00
0.00
0.00
40.00
271.00
21.00
30.00
1.00
0.00
0.00
0.00
0.00
0.00
0.00
0.00
1.00
0.00
0.00
0.00
3.00
0.00
4.00
1.00
0.00
0.00
0.00
0.00
0.00
2.00
0.00
1.00
0.00
0.00
0.00
0.00
0.00
0.00
579.00
0.00
0.00
117.00
144.00
17.00
51.00
203.00
14.00
0.00
0.00
0.00
0.00
0.00
0.00
0.00
0.00
0.00
0.00
9.00
8.00
0.00
0.00
0.00
0.00
0.00
0.00
0.00
14.00
3.00
0.00
0.00
0.00
0.00
222.00
68.00
23.00
104.00
0.00
251.00
21.00
0.00
0.00
2.00
21.00
1.00
147.00
3.00
0.00
2.00
391.00
206.00
333.00
1095.00
785.00
2.00
0.00
66.00
13.00
0.00
0.00
32.00
5.00
0.00
39.00
13.00
0.00
141.00
93.00
171.00
100.00
136.00
166.00
190.00
351.00
1254.00
189.00
112.00
0.00
9.00
65.00
32.00
6.00
2.00
0.00
2.00
4.00
58.00
71.00
122.00
183.00
4.00
449.00
288.00
12.00
4.00
83.00
125.00
575.00
240.00
119.00
415.00
56.00
50.00
11.00
1.00
115.00
46.00
1.00
44.00
110.00
90.00
26.00
4.00
82.00
44.00
18.00
29.00
90.00
346.00
9.00
0.00
82.00
248.00
271.00
277.00
97.00
16.00
320.00
107.00
15.00
0.00
2.00
119.00
48.00
473.00
112.00
1.00
141.00
170.00
3.00
116.00
20.00
0.00
16.00
420.00
637.00
0.00
0.00
1.00
461.00
503.00
100.00
175.00
12.00
57.00
70.00
178.00
69.00
73.00
21.00
1.00
2.00
5.00
41.00
1.00
9.00
193.00
313.00
247.00
20.00
60.00
879.00
214.00
102.00
1.00
77.00
156.00
188.00
19.00
0.00
4.00
53.00
339.00
140.00
43.00
1081.00
325.00
153.00
234.00
60.00
78.00
130.00
90.00
40.00
8.00
61.00
882.00
279.00
0.00
0.00
0.00
0.00
0.00
0.00
0.00
0.00
0.00
0.00
0.00
0.00
0.00
10.00
4.00
28.00
1.00
2.00
0.00
0.00
1.00
17.00
231.00
900.00
297.00
0.00
0.00
0.00
0.00
0.00
0.00
0.00
0.00
0.00
0.00
0.00
0.00
0.00
0.00
0.00
0.00
0.00
0.00
0.00
0.00
0.00
0.00
0.00
0.00
0.00
0.00
0.00
0.00
0.00
0.00
0.00
0.00
0.00
0.00
0.00
0.00
0.00
0.00
0.00
0.00
0.00
0.00
0.00
0.00
0.00
0.00
0.00
0.00
0.00
0.00
0.00
0.00
0.00
0.00
0.00
0.00
0.00
0.00
0.00
0.00
0.00
0.00
0.00
0.00
0.00
0.00
0.00
0.00
0.00
0.00
0.00
0.00
0.00
0.00
0.00
0.00
0.00
4.00
0.00
0.00
0.00
0.00
0.00
0.00
0.00
0.00
0.00
0.00
0.00
0.00
0.00
0.00
0.00
0.00
0.00
0.00
0.00
0.00
0.00
0.00
0.00
0.00
0.00
0.00
0.00
0.00
0.00
0.00
0.00
0.00
0.00
0.00
0.00
0.00
0.00
0.00
0.00
0.00
52.00
108.00
14.00
160.00
0.00
46.00
50.00
0.00
0.00
0.00
0.00
0.00
0.00
252.00
1.00
45.00
0.00
0.00
0.00
0.00
1.00
0.00
0.00
0.00
19.00
28.00
0.00
0.00
0.00
163.00
251.00
319.00
0.00
0.00
0.00
0.00
0.00
0.00
0.00
0.00
0.00
12.00
0.00
0.00
12.00
989.00
123.00
227.00
293.00
51.00
535.00
264.00
0.00
0.00
0.00
0.00
0.00
26.00
0.00
0.00
0.00
1.00
1.00
0.00
0.00
116.00
0.00
1.00
0.00
109.00
13.00
164.00
0.00
197.00
0.00
13.00
0.00
10.00
0.00
0.00
0.00
0.00
0.00
109.00
286.00
333.00
1015.00
18.00
767.00
247.00
57.00
254.00
0.00
0.00
1182.00
1079.00
555.00
470.00
652.00
785.00
1671.00
0.00
327.00
154.00
92.00
775.00
677.00
30.00
27.00
90.00
125.00
99.00
1.00
33.00
10.00
61.00
54.00
132.00
90.00
113.00
390.00
349.00
30.00
1.00
1.00
0.00
28.00
158.00
52.00
120.00
164.00
357.00
89.00
54.00
58.00
65.00
298.00
868.00
22.00
25.00
630.00
1347.00
123.00
56.00
79.00
213.00
186.00
4.00
16.00
20.00
3.00
260.00
357.00
69.00
38.00
13.00
20.00
25.00
143.00
803.00
419.00
37.00
19.00
245.00
14.00
16.00
223.00
49.00
214.00
510.00
148.00
261.00
270.00
167.00
93.00
28.00
34.00
89.00
47.00
226.00
332.00
68.00
16.00
172.00
4.00
21.00
98.00
56.00
7.00
33.00
167.00
18.00
20.00
93.00
11.00
500.00
277.00
260.00
16.00
5.00
10.00
1.00
277.00
1052.00
395.00
470.00
232.00
54.00
62.00
180.00
1.00
10.00
117.00
208.00
26.00
220.00
25.00
2.00
13.00
0.00
30.00
94.00
0.00
0.00
0.00
0.00
276.00
396.00
306.00
391.00
755.00
0.00
0.00
0.00
0.00
0.00
0.00
10.00
237.00
20.00
0.00
0.00
0.00
0.00
0.00
0.00
0.00
0.00
0.00
0.00
0.00
0.00
1.00
0.00
7.00
119.00
69.00
4.00
0.00
0.00
0.00
0.00
0.00
0.00
0.00
0.00
0.00
0.00
0.00
0.00
0.00
0.00
0.00
0.00
0.00
0.00
0.00
36.00
1318.00
929.00
209.00
0.00
0.00
0.00
0.00
0.00
0.00
0.00
0.00
0.00
0.00
0.00
0.00
0.00
0.00
0.00
0.00
0.00
0.00
0.00
0.00
227.00
433.00
21.00
0.00
0.00
0.00
0.00
0.00
0.00
0.00
0.00
0.00
0.00
0.00
0.00
0.00
0.00
0.00
0.00
0.00
0.00
0.00
0.00
0.00
0.00
0.00
0.00
0.00
0.00
0.00
0.00
0.00
0.00
0.00
0.00
0.00
0.00
0.00
25.00
59.00
294.00
3.00
27.00
0.00
0.00
9.00
0.00
0.00
0.00
0.00
0.00
0.00
0.00
0.00
0.00
0.00
0.00
379.00
0.00
0.00
0.00
0.00
0.00
0.00
0.00
0.00
0.00
0.00
0.00
0.00
0.00
0.00
33.00
0.00
0.00
52.00
9.00
0.00
0.00
0.00
0.00
0.00
0.00
0.00
0.00
0.00
0.00
0.00
0.00
0.00
123.00
2.00
4.00
5.00
0.00
0.00
99.00
23.00
16.00
54.00
17.00
1.00
0.00
0.00
1.00
0.00
0.00
151.00
111.00
111.00
131.00
271.00
0.00
0.00
0.00
0.00
206.00
19.00
0.00
686.00
320.00
0.00
0.00
0.00
123.00
473.00
60.00
599.00
162.00
28.00
190.00
446.00
0.00
63.00
0.00
0.00
204.00
1.00
40.00
64.00
108.00
18.00
8.00
126.00
72.00
0.00
0.00
0.00
0.00
2.00
301.00
36.00
4.00
12.00
11.00
428.00
84.00
4.00
0.00
336.00
374.00
903.00
2163.00
923.00
211.00
247.00
109.00
68.00
63.00
6.00
19.00
0.00
1.00
278.00
94.00
208.00
13.00
7.00
7.00
71.00
0.00
14.00
0.00
490.00
384.00
121.00
1.00
6.00
128.00
1.00
3.00
3.00
184.00
186.00
1.00
183.00
59.00
2.00
20.00
2.00
69.00
17.00
80.00
29.00
142.00
356.00
5.00
7.00
155.00
3.00
15.00
34.00
88.00
65.00
80.00
3.00
249.00
493.00
646.00
14.00
41.00
65.00
143.00
76.00
292.00
67.00
175.00
61.00
16.00
340.00
195.00
57.00
2.00
45.00
0.00
47.00
16.00
172.00
44.00
0.00
23.00
1.00
55.00
37.00
11.00
0.00
55.00
208.00
9.00
2.00
0.00
3.00
134.00
8.00
53.00
4.00
30.00
2.00
320.00
0.00
14.00
61.00
92.00
64.00
12.00
0.00
108.00
90.00
13.00
49.00
54.00
2.00
0.00
17.00
0.00
0.00
0.00
0.00
0.00
0.00
0.00
2.00
227.00
425.00
471.00
716.00
163.00
0.00
0.00
0.00
0.00
0.00
0.00
0.00
0.00
0.00
0.00
0.00
0.00
0.00
16.00
58.00
398.00
121.00
37.00
0.00
0.00
0.00
0.00
0.00
0.00
0.00
0.00
0.00
0.00
0.00
0.00
0.00
0.00
0.00
0.00
0.00
0.00
0.00
0.00
2.00
0.00
0.00
0.00
0.00
0.00
0.00
0.00
0.00
0.00
0.00
0.00
0.00
0.00
0.00
0.00
0.00
0.00
0.00
0.00
0.00
0.00
0.00
0.00
0.00
82.00
58.00
5.00
0.00
0.00
0.00
0.00
0.00
0.00
0.00
0.00
0.00
0.00
0.00
0.00
0.00
0.00
0.00
0.00
0.00
0.00
0.00
0.00
0.00
0.00
0.00
0.00
0.00
0.00
0.00
0.00
0.00
0.00
0.00
0.00
0.00
0.00
0.00
0.00
0.00
0.00
0.00
0.00
0.00
0.00
0.00
0.00
0.00
0.00
0.00
0.00
0.00
0.00
0.00
0.00
0.00
0.00
0.00
0.00
0.00
0.00
0.00
2.00
7.00
0.00
0.00
0.00
0.00
0.00
0.00
0.00
99.10
96.90
24.10
22.30
0.00
0.00
0.00
0.80
14.60
0.00
0.00
0.00
0.00
0.00
0.00
0.00
0.00
0.00
0.00
0.30
0.20
3.50
0.00
0.00
0.00
8.10
0.00
0.00
0.00
0.00
1.00
0.00
0.00
0.00
39.30
41.50
79.80
23.80
0.00
2.10
18.80
0.00
29.60
34.30
1.60
2.80
0.00
0.10
0.00
0.00
0.00
0.00
0.00
0.00
0.00
0.00
0.00
0.00
0.00
0.00
0.00
0.00
0.00
0.00
0.00
0.00
0.10
45.70
30.80
0.00
0.00
0.00
0.00
0.00
0.00
0.00
0.00
1.00
5.90
7.80
14.40
4.20
0.00
9.60
9.60
0.00
14.10
14.10
50.50
33.70
0.10
0.10
0.00
0.00
0.00
0.00
56.10
21.40
0.50
7.70
0.30
0.10
0.80
0.90
32.30
1.90
0.30
42.40
45.90
27.20
37.80
0.00
0.10
228.50
124.20
21.10
3.00
0.10
1.10
2.40
2.40
3.00
8.30
0.30
1.40
11.70
1.90
0.60
0.30
1.70
5.40
19.10
93.50
127.00
36.70
36.70
115.10
115.10
53.70
0.40
0.40
1.00
19.20
0.40
0.40
0.40
0.70
2.50
4.60
3.30
32.90
4.00
2.40
2.60
0.40
31.00
5.60
8.30
6.70
6.70
50.30
34.80
16.20
0.20
22.10
6.70
7.10
12.20
17.30
22.50
21.90
35.30
9.60
2.60
0.00
0.30
3.80
4.30
52.20
28.50
25.60
9.10
4.20
2.10
7.30
0.50
41.50
34.80
21.40
10.10
4.10
9.30
8.20
0.90
1.10
4.30
30.80
2.90
4.40
41.30
2.80
1.40
2.80
0.10
23.50
4.50
6.50
0.40
9.80
22.40
25.90
1.50
2.50
0.30
0.40
0.10
12.30
6.10
6.10
19.40
1.70
0.30
3.30
10.70
1.80
0.00
17.90
16.00
2.80
0.00
0.00
0.30
5.60
1.30
0.00
0.00
0.70
0.00
0.00
2.80
3.00
0.10
0.00
0.50
