20160101
0.00
0.00
0.00
0.00
0.00
0.00
0.00
11.00
0.00
0.00
0.00
0.00
0.00
1.00
0.00
1.00
0.00
0.00
4.00
58.00
0.00
0.00
0.00
0.00
0.00
0.00
1.00
0.00
0.00
0.00
0.00
0.00
0.00
0.00
0.00
0.00
0.00
8.00
1.00
0.00
0.00
0.00
0.00
0.00
0.00
0.00
0.00
0.00
0.00
0.00
4.00
1.00
0.00
31.00
482.00
12.00
69.00
0.00
1.00
0.00
1.00
0.00
0.00
0.00
0.00
0.00
0.00
0.00
2.00
2.00
0.00
2.00
0.00
0.00
0.00
1.00
0.00
0.00
141.00
21.00
0.00
0.00
0.00
0.00
0.00
0.00
0.00
1.00
0.00
101.00
851.00
2.00
45.00
34.00
0.00
111.00
0.00
0.00
4.00
0.00
0.00
0.00
0.00
0.00
0.00
0.00
0.00
0.00
0.00
0.00
0.00
0.00
0.00
0.00
0.00
0.00
0.00
0.00
0.00
1.00
0.00
16.00
699.00
1.00
15.00
0.00
0.00
77.00
6.00
45.00
0.00
0.00
0.00
228.00
6.00
0.00
0.00
52.00
82.00
189.00
464.00
168.00
0.00
0.00
170.00
311.00
41.00
3.00
66.00
0.00
151.00
8.00
10.00
0.00
0.00
0.00
12.00
14.00
27.00
0.00
3.00
9.00
1570.00
488.00
193.00
717.00
2.00
0.00
7.00
25.00
10.00
7.00
5.00
39.00
11.00
2.00
44.00
1.00
9.00
39.00
9.00
2.00
139.00
89.00
144.00
256.00
86.00
522.00
97.00
40.00
44.00
5.00
13.00
14.00
41.00
24.00
105.00
266.00
272.00
50.00
50.00
18.00
17.00
28.00
97.00
65.00
59.00
38.00
0.00
0.00
177.00
249.00
372.00
222.00
18.00
8.00
26.00
13.00
114.00
60.00
103.00
159.00
309.00
141.00
83.00
41.00
34.00
19.00
128.00
162.00
34.00
3.00
213.00
2136.00
49.00
24.00
21.00
136.00
24.00
33.00
154.00
54.00
43.00
146.00
88.00
197.00
91.00
44.00
36.00
13.00
21.00
41.00
16.00
74.00
243.00
406.00
221.00
28.00
8.00
34.00
165.00
14.00
2.00
198.00
115.00
34.00
19.00
100.00
92.00
19.00
62.00
371.00
5.00
10.00
2.00
4.00
14.00
177.00
62.00
16.00
11.00
76.00
50.00
31.00
15.00
4.00
0.00
0.00
0.00
0.00
0.00
0.00
0.00
0.00
0.00
0.00
0.00
1.00
0.00
141.00
66.00
145.00
2.00
1.00
0.00
0.00
23.00
58.00
632.00
549.00
0.00
0.00
0.00
0.00
0.00
0.00
1.00
0.00
0.00
0.00
0.00
0.00
0.00
0.00
0.00
0.00
0.00
0.00
0.00
0.00
0.00
9.00
0.00
0.00
0.00
54.00
0.00
0.00
0.00
17.00
10.00
0.00
0.00
0.00
0.00
3.00
0.00
0.00
0.00
0.00
0.00
14.00
0.00
0.00
0.00
3.00
0.00
0.00
128.00
0.00
65.00
0.00
43.00
0.00
0.00
0.00
413.00
481.00
123.00
0.00
0.00
0.00
0.00
0.00
0.00
4.00
0.00
0.00
0.00
0.00
0.00
0.00
0.00
0.00
0.00
0.00
0.00
0.00
0.00
0.00
0.00
0.00
40.00
0.00
0.00
0.00
0.00
0.00
0.00
0.00
0.00
0.00
0.00
0.00
0.00
0.00
0.00
0.00
7.00
1.00
0.00
0.00
0.00
0.00
0.00
0.00
0.00
0.00
0.00
0.00
0.00
0.00
0.00
0.00
0.00
0.00
0.00
0.00
0.00
14.00
13.00
0.00
61.00
1.00
135.00
57.00
0.00
0.00
0.00
0.00
0.00
0.00
20.00
24.00
39.00
0.00
0.00
0.00
0.00
0.00
0.00
0.00
0.00
2.00
0.00
0.00
0.00
0.00
0.00
0.00
1.00
0.00
2.00
0.00
3.00
0.00
0.00
0.00
0.00
0.00
0.00
3.00
0.00
83.00
31.00
81.00
40.00
477.00
832.00
48.00
0.00
0.00
3.00
0.00
21.00
11.00
113.00
0.00
0.00
0.00
90.00
12.00
0.00
0.00
409.00
0.00
106.00
0.00
32.00
0.00
178.00
0.00
525.00
2.00
0.00
0.00
0.00
0.00
0.00
0.00
0.00
28.00
0.00
8.00
264.00
30.00
335.00
2816.00
1030.00
0.00
0.00
740.00
0.00
3.00
108.00
2.00
19.00
477.00
355.00
21.00
1.00
227.00
136.00
251.00
185.00
1056.00
21.00
118.00
74.00
1.00
0.00
1.00
5.00
8.00
28.00
9.00
13.00
85.00
701.00
575.00
79.00
313.00
30.00
7.00
37.00
21.00
327.00
295.00
237.00
22.00
10.00
10.00
237.00
137.00
75.00
384.00
860.00
129.00
37.00
189.00
549.00
407.00
23.00
133.00
4.00
45.00
13.00
5.00
45.00
379.00
153.00
102.00
173.00
229.00
119.00
33.00
15.00
139.00
188.00
922.00
132.00
49.00
104.00
195.00
26.00
26.00
29.00
17.00
121.00
165.00
16.00
3.00
17.00
74.00
103.00
48.00
71.00
24.00
84.00
49.00
40.00
70.00
89.00
22.00
1.00
1.00
26.00
56.00
5.00
220.00
1.00
6.00
2.00
2.00
31.00
139.00
341.00
219.00
92.00
8.00
5.00
5.00
4.00
9.00
18.00
44.00
539.00
120.00
93.00
143.00
49.00
0.00
22.00
5.00
0.00
2.00
47.00
310.00
2.00
0.00
0.00
0.00
0.00
0.00
0.00
0.00
0.00
124.00
996.00
244.00
0.00
0.00
53.00
0.00
0.00
0.00
0.00
6.00
6.00
0.00
0.00
0.00
0.00
0.00
0.00
0.00
0.00
0.00
0.00
0.00
0.00
36.00
0.00
30.00
403.00
67.00
14.00
0.00
3.00
1.00
0.00
0.00
0.00
0.00
0.00
0.00
0.00
0.00
0.00
0.00
0.00
0.00
0.00
0.00
0.00
1.00
4.00
183.00
112.00
0.00
0.00
0.00
0.00
0.00
0.00
0.00
0.00
0.00
0.00
0.00
0.00
0.00
0.00
0.00
0.00
0.00
0.00
0.00
0.00
0.00
1.00
61.00
3.00
0.00
0.00
0.00
0.00
0.00
0.00
0.00
0.00
0.00
0.00
0.00
0.00
0.00
0.00
0.00
0.00
0.00
0.00
0.00
0.00
0.00
0.00
0.00
0.00
0.00
0.00
0.00
0.00
0.00
2.00
9.00
0.00
0.00
0.00
0.00
716.00
416.00
676.00
602.00
86.00
0.00
286.00
212.00
0.00
0.00
0.00
0.00
0.00
3.00
0.00
0.00
0.00
0.00
0.00
90.00
0.00
0.00
0.00
0.00
0.00
0.00
39.00
0.00
0.00
0.00
0.00
0.00
0.00
0.00
0.00
0.00
0.00
477.00
11.00
0.00
0.00
0.00
0.00
0.00
0.00
41.00
116.00
0.00
0.00
0.00
0.00
0.00
573.00
0.00
227.00
0.00
0.00
340.00
11.00
389.00
1.00
4.00
0.00
48.00
420.00
0.00
12.00
0.00
0.00
102.00
0.00
5.00
0.00
4.00
359.00
26.00
0.00
0.00
4.00
0.00
0.00
66.00
124.00
9.00
168.00
0.00
61.00
525.00
0.00
0.00
2.00
0.00
126.00
327.00
29.00
246.00
2.00
0.00
118.00
0.00
339.00
0.00
45.00
70.00
16.00
151.00
34.00
12.00
0.00
0.00
29.00
0.00
11.00
175.00
88.00
3.00
6.00
7.00
4.00
0.00
8.00
2.00
646.00
267.00
205.00
147.00
11.00
1.00
1.00
442.00
2.00
0.00
407.00
28.00
23.00
3.00
52.00
206.00
33.00
3.00
7.00
21.00
18.00
34.00
37.00
30.00
233.00
141.00
0.00
0.00
16.00
0.00
3.00
17.00
34.00
3.00
63.00
58.00
15.00
15.00
7.00
11.00
584.00
28.00
34.00
14.00
311.00
94.00
307.00
72.00
17.00
131.00
55.00
18.00
122.00
83.00
14.00
106.00
4.00
44.00
135.00
6.00
24.00
2.00
7.00
5.00
10.00
14.00
56.00
18.00
12.00
132.00
55.00
201.00
56.00
91.00
114.00
3.00
78.00
36.00
13.00
13.00
7.00
8.00
44.00
37.00
55.00
146.00
69.00
174.00
0.00
141.00
3.00
1.00
3.00
22.00
86.00
68.00
56.00
36.00
9.00
2.00
1.00
3.00
74.00
68.00
132.00
4.00
1.00
0.00
22.00
4.00
0.00
0.00
0.00
0.00
0.00
0.00
0.00
0.00
0.00
0.00
0.00
0.00
35.00
334.00
33.00
585.00
93.00
0.00
0.00
0.00
0.00
0.00
0.00
0.00
0.00
0.00
0.00
0.00
0.00
0.00
2.00
12.00
28.00
19.00
0.00
0.00
0.00
0.00
0.00
0.00
23.00
0.00
0.00
0.00
0.00
0.00
9.00
0.00
0.00
0.00
0.00
0.00
0.00
0.00
0.00
0.00
0.00
0.00
0.00
0.00
0.00
0.00
0.00
0.00
0.00
0.00
0.00
0.00
0.00
0.00
1.00
0.00
0.00
0.00
0.00
0.00
0.00
0.00
0.00
0.00
54.00
67.00
12.00
0.00
0.00
0.00
0.00
0.00
0.00
0.00
0.00
0.00
0.00
0.00
0.00
0.00
0.00
0.00
0.00
0.00
0.00
0.00
0.00
0.00
0.00
0.00
0.00
0.00
0.00
0.00
0.00
0.00
0.00
0.00
0.00
0.00
0.00
0.00
0.00
0.00
0.00
5.00
5.00
3.00
0.00
0.00
0.00
0.00
0.00
0.00
0.00
0.00
0.00
0.00
0.00
0.00
0.00
0.00
0.00
0.00
0.00
0.00
5.00
0.00
0.00
0.00
0.00
0.00
0.00
0.40
8.20
43.90
52.10
50.80
15.70
0.00
0.00
0.00
0.90
14.10
0.00
0.00
0.00
0.00
0.00
0.00
0.00
0.00
0.60
7.00
0.10
69.30
5.30
0.00
0.10
0.00
7.10
0.00
0.00
0.00
0.90
1.50
0.00
0.00
0.00
58.10
0.10
66.70
16.10
0.00
5.60
66.70
0.00
0.10
52.80
16.70
3.70
0.00
5.30
0.00
0.00
3.00
0.00
0.00
0.00
0.00
3.70
0.00
0.00
0.00
0.00
12.10
4.20
0.00
0.00
0.00
0.00
0.10
86.20
9.80
0.00
0.00
0.00
0.00
0.00
0.00
0.00
0.00
0.30
8.30
4.90
0.00
0.00
0.00
12.90
12.90
0.00
62.60
62.60
4.80
7.70
0.00
0.00
0.00
0.00
4.50
0.50
0.00
12.40
0.00
2.30
147.10
2.30
2.10
1.60
4.90
0.00
0.00
0.00
0.20
0.00
40.70
0.00
0.10
10.30
0.40
0.20
15.90
0.00
0.00
1.10
0.80
0.70
4.00
3.30
1.60
1.30
1.20
1.90
0.20
2.00
2.50
17.80
16.10
6.40
5.10
5.10
23.90
23.90
46.90
0.00
0.00
0.50
0.00
0.00
0.00
0.00
0.20
1.90
1.20
6.90
17.60
19.70
5.80
0.60
1.40
17.10
1.80
1.60
0.20
2.00
2.30
16.40
10.20
3.70
22.80
8.00
0.60
17.60
37.30
52.80
52.20
25.60
24.50
11.50
0.10
1.50
8.70
1.70
10.40
11.70
5.90
5.80
7.50
0.00
2.00
0.60
0.20
6.70
27.00
34.70
1.90
1.40
1.60
2.60
1.80
16.50
3.50
13.90
1.20
9.50
4.20
0.20
0.30
0.00
0.10
0.00
0.10
4.00
15.10
32.90
2.70
16.30
28.20
5.60
5.10
10.90
21.20
20.40
20.40
8.20
0.10
2.00
0.90
23.90
6.20
5.10
41.50
25.10
0.20
3.70
0.80
1.10
0.80
0.50
0.00
0.60
0.40
0.50
0.30
4.90
0.70
0.10
0.00
5.50
