20160101
0.00
0.00
0.00
0.00
0.00
0.00
1.00
14.00
0.00
0.00
0.00
0.00
1.00
0.00
0.00
0.00
0.00
0.00
4.00
56.00
0.00
0.00
0.00
0.00
0.00
0.00
1.00
0.00
0.00
0.00
0.00
0.00
0.00
0.00
0.00
0.00
0.00
6.00
1.00
0.00
0.00
0.00
0.00
0.00
0.00
0.00
0.00
0.00
0.00
0.00
0.00
3.00
0.00
60.00
459.00
10.00
55.00
0.00
0.00
0.00
0.00
0.00
0.00
0.00
0.00
0.00
0.00
0.00
3.00
6.00
0.00
1.00
3.00
1.00
1.00
1.00
0.00
0.00
221.00
22.00
0.00
0.00
0.00
0.00
0.00
0.00
0.00
0.00
0.00
89.00
852.00
10.00
18.00
23.00
0.00
52.00
0.00
0.00
5.00
0.00
0.00
0.00
0.00
0.00
0.00
0.00
0.00
0.00
1.00
0.00
0.00
0.00
0.00
0.00
0.00
0.00
0.00
0.00
0.00
0.00
0.00
23.00
628.00
2.00
19.00
1.00
0.00
44.00
1.00
9.00
0.00
0.00
1.00
409.00
2.00
0.00
1.00
52.00
94.00
226.00
576.00
131.00
0.00
1.00
122.00
309.00
27.00
1.00
53.00
0.00
228.00
20.00
6.00
0.00
0.00
1.00
46.00
9.00
217.00
0.00
4.00
1.00
1551.00
620.00
194.00
611.00
2.00
14.00
9.00
31.00
9.00
4.00
5.00
23.00
21.00
1.00
45.00
12.00
1.00
45.00
3.00
2.00
170.00
90.00
186.00
316.00
66.00
397.00
59.00
55.00
12.00
5.00
10.00
26.00
44.00
37.00
127.00
272.00
149.00
82.00
140.00
26.00
5.00
29.00
103.00
59.00
59.00
47.00
0.00
0.00
136.00
254.00
356.00
221.00
19.00
7.00
55.00
26.00
140.00
52.00
99.00
168.00
348.00
140.00
154.00
66.00
23.00
13.00
103.00
162.00
76.00
2.00
254.00
1878.00
49.00
20.00
12.00
123.00
14.00
31.00
95.00
38.00
34.00
229.00
96.00
188.00
97.00
42.00
20.00
15.00
14.00
34.00
15.00
62.00
249.00
341.00
198.00
30.00
6.00
26.00
124.00
13.00
2.00
148.00
32.00
39.00
18.00
127.00
55.00
30.00
61.00
691.00
2.00
0.00
3.00
4.00
38.00
249.00
83.00
25.00
25.00
78.00
43.00
34.00
51.00
4.00
0.00
0.00
0.00
0.00
0.00
0.00
0.00
0.00
0.00
0.00
0.00
1.00
0.00
15.00
51.00
83.00
6.00
0.00
0.00
0.00
0.00
47.00
517.00
538.00
0.00
0.00
0.00
0.00
0.00
0.00
0.00
0.00
0.00
0.00
0.00
0.00
0.00
0.00
0.00
0.00
0.00
0.00
0.00
0.00
0.00
0.00
0.00
0.00
0.00
11.00
0.00
0.00
0.00
0.00
0.00
0.00
0.00
0.00
0.00
0.00
0.00
0.00
0.00
0.00
0.00
0.00
0.00
0.00
0.00
0.00
0.00
0.00
0.00
0.00
0.00
0.00
23.00
0.00
0.00
0.00
116.00
164.00
122.00
0.00
0.00
0.00
0.00
0.00
0.00
5.00
0.00
0.00
0.00
0.00
0.00
0.00
0.00
0.00
0.00
0.00
0.00
0.00
0.00
0.00
0.00
0.00
29.00
0.00
0.00
0.00
0.00
0.00
0.00
0.00
0.00
0.00
0.00
0.00
0.00
0.00
0.00
0.00
6.00
3.00
0.00
0.00
0.00
0.00
0.00
0.00
0.00
0.00
0.00
0.00
0.00
0.00
0.00
0.00
0.00
0.00
0.00
0.00
0.00
1.00
7.00
0.00
64.00
1.00
89.00
56.00
0.00
0.00
0.00
0.00
0.00
0.00
26.00
13.00
27.00
0.00
0.00
0.00
0.00
0.00
0.00
0.00
0.00
6.00
0.00
0.00
0.00
0.00
0.00
0.00
3.00
0.00
1.00
0.00
15.00
0.00
0.00
0.00
0.00
0.00
0.00
7.00
0.00
31.00
54.00
63.00
165.00
652.00
738.00
50.00
0.00
0.00
2.00
0.00
28.00
3.00
114.00
0.00
0.00
0.00
76.00
84.00
0.00
0.00
512.00
0.00
75.00
0.00
12.00
0.00
132.00
0.00
452.00
1.00
0.00
0.00
0.00
0.00
0.00
0.00
0.00
0.00
0.00
12.00
268.00
29.00
0.00
2082.00
862.00
0.00
0.00
669.00
0.00
0.00
153.00
3.00
33.00
601.00
501.00
22.00
1.00
170.00
66.00
320.00
164.00
982.00
18.00
127.00
68.00
6.00
10.00
1.00
9.00
18.00
48.00
25.00
31.00
59.00
369.00
488.00
100.00
317.00
69.00
10.00
5.00
20.00
216.00
231.00
231.00
75.00
10.00
13.00
241.00
97.00
68.00
328.00
808.00
102.00
38.00
146.00
577.00
363.00
18.00
171.00
4.00
41.00
36.00
31.00
34.00
350.00
76.00
92.00
188.00
233.00
198.00
22.00
9.00
109.00
171.00
1069.00
163.00
57.00
93.00
196.00
25.00
23.00
26.00
66.00
143.00
173.00
3.00
1.00
5.00
79.00
120.00
30.00
69.00
30.00
104.00
18.00
29.00
50.00
68.00
13.00
0.00
1.00
28.00
118.00
2.00
298.00
11.00
15.00
3.00
2.00
43.00
168.00
298.00
253.00
79.00
2.00
0.00
11.00
14.00
16.00
22.00
54.00
435.00
45.00
98.00
189.00
6.00
1.00
33.00
6.00
0.00
2.00
87.00
335.00
0.00
0.00
0.00
0.00
0.00
0.00
0.00
0.00
11.00
153.00
909.00
229.00
0.00
0.00
5.00
0.00
0.00
0.00
0.00
13.00
10.00
0.00
0.00
0.00
0.00
0.00
0.00
0.00
0.00
0.00
0.00
0.00
0.00
20.00
0.00
26.00
365.00
52.00
15.00
0.00
5.00
5.00
0.00
0.00
0.00
0.00
0.00
0.00
0.00
0.00
0.00
0.00
0.00
0.00
0.00
0.00
0.00
1.00
9.00
193.00
121.00
0.00
0.00
0.00
0.00
0.00
0.00
0.00
0.00
0.00
0.00
0.00
0.00
0.00
0.00
0.00
0.00
0.00
0.00
0.00
0.00
0.00
12.00
127.00
1.00
0.00
0.00
0.00
0.00
0.00
0.00
0.00
0.00
0.00
0.00
0.00
0.00
0.00
0.00
0.00
0.00
0.00
0.00
0.00
0.00
0.00
0.00
0.00
0.00
0.00
0.00
0.00
0.00
0.00
16.00
0.00
0.00
0.00
0.00
0.00
714.00
361.00
555.00
490.00
125.00
0.00
219.00
189.00
0.00
0.00
0.00
0.00
0.00
2.00
0.00
0.00
0.00
0.00
0.00
86.00
0.00
0.00
4.00
0.00
0.00
0.00
18.00
0.00
0.00
0.00
0.00
0.00
0.00
0.00
0.00
0.00
0.00
527.00
33.00
0.00
0.00
0.00
0.00
0.00
0.00
30.00
136.00
0.00
0.00
0.00
0.00
19.00
789.00
1.00
197.00
0.00
0.00
346.00
22.00
231.00
0.00
2.00
1.00
8.00
412.00
0.00
22.00
0.00
0.00
167.00
0.00
2.00
0.00
5.00
354.00
32.00
0.00
0.00
15.00
0.00
0.00
38.00
158.00
14.00
132.00
0.00
7.00
585.00
0.00
0.00
14.00
0.00
284.00
333.00
18.00
235.00
2.00
0.00
89.00
13.00
382.00
0.00
56.00
63.00
12.00
173.00
12.00
26.00
0.00
0.00
7.00
0.00
5.00
206.00
154.00
2.00
1.00
30.00
18.00
0.00
1.00
16.00
471.00
253.00
143.00
202.00
10.00
2.00
5.00
371.00
2.00
0.00
438.00
22.00
12.00
11.00
82.00
264.00
30.00
7.00
13.00
7.00
14.00
35.00
53.00
10.00
424.00
101.00
8.00
1.00
0.00
2.00
12.00
26.00
29.00
2.00
57.00
64.00
13.00
7.00
26.00
7.00
608.00
14.00
43.00
14.00
304.00
120.00
363.00
106.00
33.00
149.00
40.00
29.00
119.00
136.00
38.00
110.00
4.00
58.00
184.00
6.00
51.00
3.00
6.00
6.00
33.00
8.00
51.00
15.00
13.00
109.00
41.00
272.00
64.00
93.00
115.00
24.00
114.00
25.00
12.00
9.00
55.00
4.00
24.00
7.00
12.00
98.00
30.00
197.00
0.00
138.00
3.00
1.00
1.00
11.00
23.00
28.00
188.00
33.00
10.00
6.00
0.00
11.00
237.00
109.00
132.00
15.00
1.00
0.00
71.00
0.00
2.00
0.00
0.00
0.00
0.00
0.00
0.00
0.00
19.00
0.00
0.00
0.00
51.00
409.00
52.00
695.00
241.00
0.00
0.00
0.00
0.00
0.00
0.00
0.00
0.00
0.00
0.00
0.00
0.00
0.00
4.00
26.00
28.00
16.00
0.00
0.00
0.00
0.00
0.00
0.00
74.00
0.00
0.00
0.00
0.00
0.00
2.00
0.00
0.00
0.00
0.00
0.00
0.00
0.00
0.00
0.00
0.00
0.00
0.00
0.00
0.00
0.00
0.00
0.00
0.00
0.00
0.00
0.00
0.00
0.00
0.00
0.00
0.00
0.00
0.00
0.00
0.00
0.00
0.00
0.00
48.00
59.00
13.00
0.00
0.00
0.00
0.00
0.00
0.00
0.00
0.00
0.00
0.00
0.00
0.00
0.00
0.00
0.00
0.00
0.00
0.00
0.00
0.00
0.00
0.00
0.00
0.00
0.00
0.00
0.00
0.00
0.00
0.00
0.00
0.00
0.00
0.00
0.00
0.00
0.00
0.00
6.00
6.00
2.00
0.00
0.00
0.00
0.00
0.00
0.00
0.00
0.00
0.00
0.00
0.00
0.00
0.00
0.00
0.00
0.00
0.00
0.00
4.00
0.00
0.00
0.00
0.00
0.00
0.00
0.10
7.60
48.70
44.30
52.40
18.10
0.00
0.00
0.00
1.40
4.90
0.00
0.00
0.00
0.00
0.00
0.00
0.00
0.00
1.80
7.50
0.10
64.10
5.00
0.00
1.10
0.00
12.90
0.00
0.00
0.00
0.00
1.90
0.00
0.00
0.90
53.60
0.00
37.00
14.90
0.00
5.80
51.50
0.20
0.10
51.00
20.00
4.10
0.00
5.60
0.00
0.00
1.00
0.00
0.00
0.20
0.00
3.00
0.00
0.00
0.00
0.00
1.60
2.00
0.00
0.00
0.00
0.00
0.10
97.60
1.50
0.00
0.00
0.00
0.00
0.00
0.00
0.00
0.00
0.50
6.10
15.10
0.00
0.00
0.00
9.90
9.90
0.00
57.40
57.40
4.80
9.60
0.00
0.00
0.00
0.00
0.00
0.40
0.00
29.90
0.50
1.50
122.20
0.90
2.40
2.40
3.80
0.00
0.00
0.10
0.50
0.20
22.90
0.00
1.40
11.90
1.80
0.10
18.40
0.00
0.00
1.10
1.10
2.20
4.60
5.20
0.30
1.20
1.00
4.20
0.20
3.80
0.80
9.40
26.40
7.30
4.90
4.90
15.60
15.60
88.60
0.00
0.00
0.00
0.60
0.00
0.00
0.00
0.80
1.70
0.20
13.60
23.40
20.50
6.50
0.60
2.20
14.50
1.70
1.20
1.10
0.00
11.30
24.90
13.20
2.40
17.30
11.60
1.90
17.20
50.30
57.50
43.90
27.60
23.40
11.10
0.10
1.40
5.40
0.10
15.50
11.60
8.00
10.10
2.80
0.00
1.50
0.00
0.30
14.60
20.70
25.60
0.60
1.40
1.60
1.40
10.70
33.20
3.40
41.70
1.50
12.10
5.10
0.10
0.40
0.50
0.40
0.00
0.10
3.40
9.30
37.40
4.90
19.60
28.20
5.90
2.20
22.80
55.60
11.70
11.70
7.00
0.10
3.30
1.50
43.00
19.30
8.60
20.20
31.10
0.10
1.80
0.40
0.10
0.30
9.10
0.00
0.10
0.40
0.10
0.90
4.90
0.80
0.20
0.00
1.20
