20160101
0.00
0.00
27.00
0.00
0.00
0.00
0.00
25.00
0.00
0.00
0.00
0.00
0.00
0.00
23.00
8.00
0.00
0.00
2.00
36.00
0.00
0.00
0.00
0.00
0.00
0.00
0.00
0.00
0.00
0.00
0.00
0.00
0.00
0.00
0.00
0.00
0.00
18.00
5.00
0.00
0.00
0.00
0.00
0.00
0.00
0.00
0.00
0.00
0.00
0.00
1.00
2.00
2.00
13.00
205.00
1.00
119.00
0.00
1.00
0.00
1.00
0.00
0.00
0.00
0.00
0.00
0.00
0.00
6.00
5.00
0.00
0.00
0.00
0.00
31.00
1.00
0.00
0.00
224.00
1.00
0.00
0.00
0.00
0.00
0.00
0.00
0.00
0.00
0.00
85.00
622.00
6.00
11.00
24.00
0.00
218.00
0.00
1.00
2.00
0.00
0.00
0.00
0.00
0.00
0.00
0.00
0.00
0.00
3.00
0.00
0.00
0.00
0.00
0.00
0.00
0.00
0.00
3.00
0.00
0.00
0.00
4.00
277.00
6.00
5.00
0.00
1.00
178.00
6.00
8.00
0.00
0.00
0.00
305.00
33.00
0.00
12.00
77.00
73.00
194.00
363.00
127.00
0.00
1.00
90.00
284.00
82.00
4.00
30.00
0.00
43.00
18.00
91.00
0.00
0.00
1.00
7.00
4.00
7.00
0.00
49.00
14.00
1782.00
310.00
237.00
203.00
3.00
0.00
11.00
27.00
31.00
6.00
3.00
42.00
5.00
0.00
19.00
3.00
10.00
6.00
6.00
2.00
77.00
79.00
252.00
331.00
102.00
375.00
105.00
46.00
19.00
2.00
10.00
9.00
30.00
17.00
120.00
206.00
268.00
16.00
49.00
16.00
30.00
64.00
92.00
105.00
98.00
18.00
1.00
4.00
104.00
266.00
386.00
303.00
33.00
3.00
33.00
16.00
143.00
82.00
77.00
276.00
476.00
82.00
113.00
28.00
65.00
26.00
156.00
218.00
26.00
2.00
162.00
1615.00
84.00
26.00
35.00
125.00
29.00
39.00
98.00
97.00
43.00
210.00
90.00
159.00
61.00
82.00
20.00
18.00
27.00
55.00
19.00
88.00
272.00
118.00
218.00
2.00
14.00
33.00
95.00
31.00
9.00
171.00
98.00
38.00
93.00
181.00
288.00
32.00
33.00
374.00
3.00
10.00
5.00
5.00
32.00
38.00
45.00
14.00
13.00
23.00
24.00
122.00
0.00
1.00
0.00
0.00
0.00
0.00
0.00
0.00
0.00
0.00
0.00
0.00
0.00
1.00
0.00
67.00
191.00
51.00
25.00
0.00
1.00
1.00
149.00
293.00
1163.00
779.00
0.00
0.00
0.00
0.00
0.00
0.00
0.00
0.00
0.00
0.00
0.00
0.00
0.00
0.00
0.00
0.00
0.00
0.00
0.00
0.00
0.00
0.00
0.00
0.00
0.00
70.00
0.00
0.00
0.00
0.00
0.00
0.00
0.00
0.00
0.00
2.00
0.00
0.00
0.00
0.00
0.00
0.00
0.00
0.00
0.00
0.00
114.00
0.00
132.00
0.00
0.00
0.00
0.00
0.00
0.00
66.00
976.00
410.00
128.00
0.00
0.00
0.00
0.00
0.00
0.00
6.00
0.00
0.00
0.00
0.00
0.00
0.00
0.00
0.00
0.00
0.00
0.00
0.00
0.00
0.00
0.00
0.00
46.00
0.00
0.00
0.00
0.00
0.00
0.00
0.00
0.00
0.00
0.00
0.00
0.00
0.00
0.00
0.00
6.00
1.00
0.00
0.00
0.00
0.00
0.00
0.00
0.00
0.00
0.00
0.00
0.00
0.00
0.00
0.00
0.00
0.00
0.00
0.00
0.00
41.00
0.00
0.00
69.00
0.00
158.00
31.00
0.00
0.00
0.00
0.00
0.00
0.00
6.00
44.00
17.00
0.00
0.00
0.00
0.00
0.00
0.00
0.00
0.00
0.00
0.00
0.00
0.00
0.00
1.00
0.00
0.00
0.00
4.00
0.00
0.00
0.00
0.00
0.00
0.00
0.00
0.00
0.00
0.00
23.00
17.00
7.00
7.00
269.00
666.00
31.00
0.00
0.00
58.00
0.00
9.00
4.00
148.00
0.00
0.00
0.00
67.00
0.00
0.00
0.00
334.00
0.00
95.00
0.00
63.00
0.00
239.00
0.00
572.00
118.00
0.00
0.00
0.00
0.00
0.00
0.00
0.00
4.00
0.00
18.00
137.00
10.00
400.00
3036.00
517.00
0.00
0.00
585.00
7.00
1.00
78.00
16.00
6.00
437.00
316.00
22.00
2.00
143.00
107.00
657.00
131.00
630.00
13.00
167.00
98.00
2.00
0.00
2.00
6.00
10.00
41.00
15.00
18.00
94.00
837.00
605.00
107.00
335.00
83.00
5.00
56.00
24.00
282.00
186.00
178.00
12.00
7.00
4.00
170.00
134.00
33.00
279.00
815.00
410.00
223.00
190.00
484.00
370.00
132.00
117.00
3.00
39.00
32.00
0.00
19.00
647.00
117.00
75.00
87.00
141.00
183.00
36.00
8.00
118.00
259.00
801.00
88.00
43.00
77.00
151.00
24.00
44.00
56.00
28.00
78.00
158.00
5.00
1.00
33.00
34.00
88.00
33.00
43.00
5.00
52.00
59.00
70.00
18.00
75.00
5.00
1.00
2.00
26.00
15.00
8.00
199.00
1.00
9.00
2.00
1.00
30.00
92.00
335.00
227.00
61.00
2.00
2.00
0.00
1.00
13.00
6.00
54.00
463.00
131.00
89.00
192.00
40.00
1.00
11.00
1.00
4.00
1.00
58.00
400.00
47.00
0.00
1.00
0.00
0.00
0.00
0.00
0.00
0.00
198.00
1764.00
58.00
0.00
0.00
47.00
0.00
0.00
0.00
0.00
2.00
2.00
0.00
0.00
0.00
0.00
0.00
0.00
0.00
0.00
0.00
0.00
0.00
0.00
62.00
0.00
45.00
447.00
78.00
10.00
0.00
3.00
3.00
0.00
0.00
0.00
0.00
0.00
0.00
0.00
0.00
0.00
0.00
0.00
0.00
0.00
0.00
0.00
2.00
17.00
125.00
89.00
0.00
0.00
0.00
0.00
0.00
0.00
0.00
0.00
0.00
0.00
0.00
0.00
0.00
0.00
0.00
0.00
0.00
0.00
0.00
0.00
0.00
0.00
34.00
7.00
0.00
0.00
0.00
0.00
0.00
0.00
0.00
0.00
0.00
0.00
0.00
0.00
0.00
0.00
0.00
0.00
0.00
0.00
0.00
0.00
0.00
0.00
0.00
0.00
0.00
0.00
0.00
0.00
0.00
17.00
0.00
0.00
0.00
0.00
0.00
788.00
389.00
464.00
839.00
184.00
13.00
351.00
237.00
0.00
0.00
0.00
0.00
0.00
7.00
0.00
0.00
0.00
0.00
19.00
150.00
0.00
0.00
0.00
0.00
0.00
0.00
25.00
0.00
0.00
0.00
0.00
0.00
0.00
75.00
0.00
0.00
84.00
475.00
33.00
0.00
0.00
0.00
0.00
0.00
0.00
27.00
145.00
0.00
0.00
0.00
0.00
0.00
711.00
86.00
367.00
0.00
0.00
201.00
28.00
629.00
3.00
56.00
0.00
8.00
300.00
0.00
37.00
0.00
0.00
65.00
0.00
0.00
0.00
13.00
296.00
30.00
0.00
0.00
13.00
0.00
0.00
0.00
151.00
8.00
212.00
0.00
32.00
506.00
1.00
0.00
6.00
0.00
193.00
225.00
2.00
372.00
3.00
0.00
101.00
0.00
653.00
0.00
98.00
62.00
15.00
121.00
12.00
10.00
0.00
0.00
0.00
0.00
0.00
76.00
27.00
0.00
2.00
1.00
0.00
0.00
2.00
1.00
309.00
215.00
233.00
296.00
6.00
1.00
0.00
197.00
1.00
0.00
226.00
94.00
34.00
0.00
96.00
114.00
76.00
8.00
6.00
10.00
12.00
1.00
18.00
30.00
208.00
146.00
0.00
0.00
9.00
1.00
4.00
10.00
16.00
4.00
36.00
47.00
12.00
12.00
3.00
7.00
438.00
1.00
43.00
37.00
290.00
83.00
390.00
65.00
21.00
150.00
55.00
27.00
114.00
87.00
11.00
73.00
4.00
30.00
118.00
4.00
6.00
4.00
5.00
4.00
11.00
7.00
44.00
11.00
6.00
76.00
40.00
153.00
63.00
59.00
260.00
15.00
23.00
37.00
4.00
13.00
19.00
12.00
51.00
17.00
9.00
101.00
43.00
111.00
0.00
101.00
13.00
1.00
8.00
98.00
114.00
23.00
46.00
102.00
12.00
3.00
0.00
5.00
187.00
36.00
107.00
10.00
3.00
0.00
4.00
0.00
0.00
0.00
0.00
0.00
0.00
0.00
0.00
0.00
0.00
0.00
0.00
0.00
13.00
254.00
13.00
625.00
87.00
0.00
0.00
0.00
0.00
0.00
0.00
0.00
0.00
0.00
0.00
6.00
0.00
0.00
29.00
17.00
28.00
1.00
0.00
0.00
0.00
0.00
0.00
0.00
15.00
0.00
0.00
0.00
0.00
0.00
0.00
0.00
0.00
0.00
0.00
0.00
0.00
0.00
0.00
0.00
0.00
0.00
0.00
0.00
0.00
0.00
0.00
0.00
0.00
0.00
0.00
0.00
0.00
0.00
11.00
0.00
0.00
0.00
0.00
0.00
0.00
0.00
0.00
0.00
79.00
71.00
16.00
0.00
0.00
0.00
0.00
0.00
0.00
0.00
0.00
0.00
0.00
0.00
0.00
0.00
0.00
0.00
0.00
0.00
0.00
0.00
0.00
0.00
0.00
0.00
0.00
0.00
0.00
0.00
0.00
0.00
0.00
0.00
0.00
0.00
0.00
0.00
0.00
0.00
0.00
7.00
7.00
4.00
0.00
0.00
0.00
0.00
0.00
0.00
0.00
0.00
0.00
0.00
0.00
0.00
0.00
0.00
0.00
0.00
0.00
0.00
5.00
0.00
0.00
0.00
0.00
0.00
0.00
0.00
17.60
41.00
57.00
55.30
14.80
0.00
0.00
0.00
0.70
2.70
0.00
0.00
0.00
0.00
0.00
0.00
0.00
0.00
0.90
8.20
0.00
102.20
6.90
0.00
0.00
0.00
6.20
0.00
0.00
0.00
2.00
0.50
0.00
0.00
0.00
15.20
0.10
31.10
8.30
0.00
8.30
94.20
0.30
0.40
48.50
34.30
1.50
0.00
3.50
0.00
0.00
7.30
0.00
0.00
0.00
0.00
7.40
0.00
0.00
0.00
0.00
26.20
2.50
0.00
0.00
0.00
0.00
0.00
90.90
0.90
0.00
0.00
0.00
0.00
0.00
0.00
0.00
0.00
2.10
4.20
0.00
0.00
0.00
0.00
5.40
5.40
0.00
38.00
38.00
2.90
7.50
0.00
0.00
1.00
0.00
0.60
1.00
0.10
8.60
0.00
13.40
173.20
0.50
1.10
0.60
9.60
0.00
0.00
0.00
0.40
0.30
20.90
0.00
0.20
2.30
0.00
0.00
3.30
0.00
0.00
0.10
2.00
2.40
2.30
5.40
1.90
0.00
0.30
1.40
2.30
0.10
9.10
46.30
4.30
2.00
3.60
3.60
20.10
20.10
28.30
0.00
0.00
0.60
0.10
0.00
0.00
0.00
0.00
0.60
1.10
4.80
17.30
37.70
4.20
0.70
2.90
14.70
12.60
2.00
2.30
0.10
6.10
18.10
11.90
3.10
23.20
4.20
1.90
14.00
26.00
48.40
41.90
23.50
29.00
19.90
0.20
3.30
7.30
2.50
13.60
16.50
5.70
7.40
1.40
1.80
3.10
22.50
0.90
7.00
36.50
27.20
1.50
1.70
2.40
1.30
4.40
16.80
1.90
10.10
5.90
15.50
4.30
1.50
0.90
0.50
0.60
0.60
0.30
0.50
27.10
28.60
6.60
12.80
28.90
3.80
3.20
6.40
10.40
17.10
17.10
12.00
0.70
19.70
1.90
9.30
2.60
0.40
30.30
11.00
1.10
3.20
0.60
1.50
0.90
3.30
0.00
0.00
1.40
1.00
0.30
4.90
0.70
0.10
0.00
5.50
