20160101
0.00
0.00
0.00
0.00
0.00
0.00
0.00
0.00
0.00
0.00
0.00
0.00
0.00
0.00
0.00
0.00
0.00
0.00
0.00
0.00
37.00
0.00
0.00
0.00
0.00
3.00
0.00
0.00
0.00
0.00
0.00
0.00
0.00
0.00
0.00
0.00
0.00
0.00
0.00
0.00
0.00
0.00
2.00
0.00
0.00
0.00
0.00
0.00
0.00
0.00
0.00
0.00
0.00
18.00
294.00
42.00
20.00
1.00
0.00
0.00
0.00
0.00
0.00
0.00
0.00
0.00
0.00
0.00
0.00
1.00
0.00
2.00
2.00
0.00
0.00
0.00
0.00
0.00
18.00
0.00
5.00
0.00
26.00
0.00
0.00
0.00
0.00
155.00
0.00
1.00
129.00
69.00
1.00
15.00
94.00
59.00
0.00
0.00
0.00
0.00
0.00
0.00
0.00
0.00
0.00
0.00
32.00
19.00
0.00
0.00
0.00
0.00
0.00
0.00
5.00
222.00
3.00
0.00
0.00
0.00
0.00
63.00
55.00
2.00
249.00
1.00
2.00
0.00
0.00
0.00
0.00
1.00
324.00
33.00
2.00
1.00
6.00
33.00
192.00
326.00
351.00
540.00
3.00
0.00
41.00
125.00
0.00
0.00
155.00
3.00
0.00
28.00
5.00
55.00
357.00
893.00
151.00
12.00
110.00
82.00
46.00
472.00
146.00
113.00
135.00
0.00
50.00
57.00
83.00
7.00
10.00
27.00
17.00
88.00
3.00
60.00
90.00
1.00
21.00
2.00
54.00
28.00
36.00
2.00
53.00
50.00
33.00
27.00
177.00
47.00
62.00
16.00
4.00
8.00
22.00
26.00
18.00
118.00
18.00
25.00
11.00
23.00
21.00
14.00
23.00
87.00
282.00
0.00
6.00
75.00
200.00
26.00
79.00
64.00
38.00
31.00
42.00
39.00
19.00
3.00
313.00
6.00
23.00
37.00
27.00
168.00
50.00
7.00
2.00
8.00
0.00
9.00
630.00
111.00
0.00
12.00
0.00
77.00
10.00
104.00
39.00
114.00
54.00
9.00
39.00
0.00
10.00
7.00
0.00
3.00
1.00
35.00
30.00
5.00
116.00
101.00
4.00
92.00
157.00
186.00
1.00
1.00
190.00
229.00
337.00
59.00
339.00
67.00
64.00
111.00
116.00
67.00
44.00
28.00
35.00
672.00
74.00
0.00
4.00
41.00
168.00
25.00
0.00
2.00
60.00
279.00
0.00
0.00
0.00
0.00
78.00
0.00
0.00
0.00
0.00
0.00
0.00
0.00
20.00
0.00
75.00
7.00
46.00
8.00
0.00
9.00
54.00
0.00
90.00
560.00
284.00
0.00
0.00
0.00
0.00
0.00
0.00
0.00
0.00
0.00
0.00
0.00
0.00
0.00
0.00
0.00
0.00
0.00
0.00
0.00
0.00
0.00
0.00
0.00
0.00
1.00
0.00
0.00
0.00
0.00
0.00
0.00
0.00
0.00
0.00
0.00
0.00
0.00
0.00
0.00
0.00
0.00
0.00
0.00
0.00
0.00
0.00
0.00
0.00
0.00
0.00
0.00
0.00
0.00
0.00
0.00
0.00
0.00
0.00
0.00
0.00
0.00
0.00
0.00
0.00
0.00
0.00
0.00
0.00
0.00
0.00
0.00
0.00
0.00
0.00
0.00
0.00
0.00
0.00
0.00
0.00
0.00
0.00
0.00
0.00
0.00
0.00
0.00
0.00
0.00
0.00
0.00
0.00
0.00
0.00
0.00
0.00
0.00
0.00
0.00
0.00
0.00
0.00
0.00
0.00
0.00
0.00
0.00
0.00
0.00
0.00
0.00
0.00
0.00
0.00
0.00
0.00
0.00
0.00
6.00
14.00
0.00
73.00
0.00
106.00
71.00
2.00
0.00
0.00
0.00
0.00
0.00
77.00
1.00
40.00
0.00
0.00
0.00
0.00
21.00
0.00
0.00
0.00
108.00
52.00
0.00
0.00
0.00
42.00
261.00
70.00
0.00
0.00
0.00
0.00
0.00
0.00
0.00
0.00
0.00
40.00
0.00
102.00
0.00
488.00
33.00
572.00
212.00
176.00
221.00
356.00
8.00
0.00
0.00
0.00
7.00
19.00
0.00
0.00
0.00
0.00
0.00
0.00
0.00
92.00
0.00
1.00
0.00
16.00
14.00
130.00
11.00
88.00
0.00
5.00
0.00
0.00
0.00
0.00
0.00
0.00
0.00
348.00
42.00
154.00
465.00
177.00
228.00
266.00
143.00
192.00
0.00
39.00
187.00
836.00
283.00
183.00
43.00
568.00
983.00
0.00
21.00
12.00
20.00
105.00
157.00
20.00
8.00
3.00
128.00
34.00
93.00
83.00
148.00
49.00
70.00
77.00
14.00
1.00
60.00
26.00
20.00
27.00
7.00
0.00
11.00
5.00
7.00
227.00
302.00
113.00
141.00
18.00
38.00
66.00
48.00
36.00
99.00
34.00
101.00
302.00
158.00
6.00
19.00
222.00
73.00
8.00
88.00
34.00
4.00
91.00
76.00
100.00
20.00
11.00
2.00
0.00
39.00
322.00
41.00
26.00
5.00
31.00
25.00
17.00
19.00
20.00
69.00
85.00
247.00
203.00
207.00
105.00
381.00
36.00
14.00
142.00
87.00
202.00
23.00
26.00
0.00
16.00
9.00
166.00
56.00
148.00
8.00
129.00
29.00
0.00
120.00
120.00
23.00
118.00
244.00
349.00
110.00
46.00
1.00
12.00
77.00
339.00
69.00
231.00
142.00
187.00
29.00
11.00
15.00
287.00
51.00
8.00
4.00
187.00
85.00
5.00
28.00
1.00
60.00
200.00
0.00
0.00
0.00
1.00
8.00
33.00
255.00
36.00
286.00
0.00
0.00
0.00
0.00
0.00
0.00
20.00
61.00
71.00
4.00
0.00
0.00
0.00
0.00
0.00
0.00
0.00
0.00
0.00
0.00
0.00
7.00
0.00
0.00
231.00
50.00
39.00
0.00
0.00
0.00
0.00
2.00
0.00
0.00
0.00
0.00
0.00
0.00
0.00
0.00
0.00
0.00
0.00
19.00
0.00
0.00
2.00
961.00
577.00
2.00
0.00
0.00
0.00
0.00
0.00
0.00
0.00
0.00
0.00
0.00
0.00
0.00
0.00
0.00
0.00
0.00
0.00
0.00
0.00
0.00
33.00
497.00
67.00
0.00
0.00
0.00
0.00
0.00
0.00
0.00
0.00
0.00
0.00
0.00
0.00
0.00
0.00
0.00
0.00
0.00
0.00
0.00
0.00
0.00
0.00
0.00
0.00
0.00
0.00
0.00
0.00
0.00
0.00
0.00
0.00
0.00
0.00
0.00
0.00
5.00
23.00
0.00
23.00
0.00
0.00
0.00
0.00
0.00
0.00
0.00
0.00
0.00
0.00
0.00
0.00
0.00
0.00
171.00
0.00
0.00
0.00
0.00
0.00
0.00
0.00
0.00
0.00
0.00
0.00
0.00
0.00
0.00
187.00
0.00
0.00
37.00
44.00
0.00
0.00
0.00
0.00
0.00
0.00
0.00
0.00
0.00
31.00
0.00
0.00
0.00
72.00
0.00
3.00
115.00
0.00
0.00
61.00
6.00
141.00
2.00
77.00
0.00
0.00
0.00
0.00
0.00
0.00
106.00
52.00
21.00
17.00
91.00
0.00
0.00
0.00
0.00
66.00
70.00
8.00
87.00
266.00
10.00
18.00
15.00
42.00
155.00
517.00
594.00
214.00
114.00
260.00
531.00
0.00
54.00
1.00
0.00
34.00
0.00
4.00
75.00
80.00
0.00
4.00
9.00
68.00
2.00
0.00
2.00
0.00
34.00
0.00
48.00
1.00
32.00
125.00
595.00
64.00
1.00
23.00
239.00
131.00
499.00
982.00
400.00
165.00
65.00
194.00
21.00
0.00
16.00
0.00
19.00
14.00
11.00
12.00
4.00
2.00
65.00
42.00
80.00
1.00
7.00
0.00
84.00
45.00
26.00
10.00
2.00
62.00
7.00
12.00
38.00
102.00
23.00
91.00
4.00
80.00
8.00
29.00
7.00
154.00
37.00
80.00
16.00
8.00
105.00
2.00
7.00
34.00
6.00
83.00
187.00
69.00
4.00
14.00
0.00
179.00
101.00
142.00
17.00
141.00
38.00
69.00
146.00
217.00
63.00
27.00
59.00
13.00
25.00
12.00
6.00
36.00
7.00
0.00
51.00
3.00
69.00
130.00
11.00
3.00
0.00
50.00
13.00
67.00
6.00
66.00
51.00
1.00
0.00
0.00
55.00
143.00
26.00
18.00
9.00
0.00
3.00
118.00
1.00
183.00
422.00
83.00
36.00
35.00
8.00
54.00
2.00
0.00
1.00
0.00
7.00
0.00
0.00
0.00
2.00
0.00
0.00
0.00
0.00
13.00
80.00
170.00
436.00
493.00
526.00
109.00
0.00
0.00
0.00
0.00
0.00
0.00
0.00
0.00
0.00
0.00
0.00
0.00
0.00
395.00
16.00
227.00
100.00
78.00
0.00
0.00
0.00
0.00
0.00
0.00
0.00
0.00
0.00
0.00
0.00
2.00
0.00
17.00
0.00
0.00
0.00
0.00
0.00
0.00
0.00
0.00
0.00
0.00
0.00
0.00
0.00
0.00
0.00
0.00
0.00
0.00
0.00
0.00
0.00
0.00
0.00
0.00
0.00
0.00
12.00
0.00
0.00
0.00
0.00
17.00
17.00
89.00
0.00
0.00
0.00
0.00
0.00
0.00
0.00
0.00
0.00
0.00
0.00
0.00
0.00
0.00
0.00
0.00
0.00
0.00
0.00
0.00
0.00
0.00
0.00
0.00
0.00
0.00
0.00
0.00
0.00
0.00
0.00
0.00
0.00
0.00
0.00
0.00
0.00
0.00
0.00
0.00
0.00
0.00
0.00
0.00
0.00
0.00
0.00
0.00
0.00
0.00
0.00
0.00
0.00
0.00
0.00
0.00
0.00
0.00
0.00
1.00
0.00
0.00
0.00
0.00
0.00
0.00
0.00
0.00
118.60
102.50
29.50
30.40
0.00
0.00
0.00
7.90
24.00
0.90
0.00
0.00
0.00
0.00
0.00
0.00
0.00
0.00
0.00
0.00
5.40
0.00
0.00
0.00
0.00
0.00
0.00
0.00
0.00
0.00
0.00
0.00
0.00
0.00
62.40
24.60
27.30
29.80
0.00
3.70
7.10
0.00
46.40
37.60
0.00
0.00
0.00
0.00
0.00
0.00
0.00
0.00
0.00
0.00
0.00
0.00
0.00
0.00
0.00
0.00
0.00
0.00
0.10
0.00
0.00
0.00
0.00
1.80
1.70
0.00
0.00
0.00
0.00
0.00
0.00
0.00
0.00
4.20
7.30
0.50
0.30
0.70
0.00
0.00
0.00
0.00
6.70
6.70
103.50
3.80
2.00
0.00
0.00
0.00
0.00
0.00
1.10
0.70
3.90
3.00
0.30
13.80
12.60
0.30
0.20
1.90
0.00
48.00
25.70
19.70
7.40
0.40
0.00
9.70
24.50
8.90
1.30
1.10
3.80
7.80
0.30
6.40
0.10
0.00
6.30
11.80
0.40
0.00
0.10
2.10
5.40
18.00
27.90
24.00
4.60
4.60
92.90
92.90
31.20
10.80
10.80
0.10
17.70
10.80
10.80
10.80
1.80
8.90
5.10
1.00
17.70
4.10
2.00
4.10
0.10
11.40
1.10
8.50
10.10
4.60
2.70
30.60
13.40
7.90
4.90
3.20
1.90
1.20
1.70
10.30
1.90
8.10
5.70
3.70
0.00
4.00
4.50
17.60
15.50
27.10
20.30
0.80
6.90
0.70
4.60
0.00
1.10
28.70
5.80
3.20
2.90
5.90
8.30
8.90
0.00
1.00
4.10
8.10
14.40
4.90
0.80
4.30
7.20
25.60
6.20
2.80
4.10
6.80
16.10
32.50
21.80
44.20
12.70
0.90
8.90
35.60
12.60
1.90
1.90
6.70
0.00
0.00
5.10
28.80
20.90
1.00
14.20
11.50
0.40
0.00
0.00
10.30
12.60
0.00
0.00
0.20
0.10
0.00
0.90
7.20
3.00
1.10
0.50
2.30
