20160101
0.00
0.00
0.00
0.00
0.00
0.00
0.00
0.00
0.00
0.00
0.00
0.00
0.00
0.00
0.00
0.00
0.00
0.00
0.00
0.00
20.00
0.00
0.00
0.00
0.00
0.00
0.00
0.00
0.00
0.00
0.00
0.00
0.00
0.00
0.00
0.00
0.00
0.00
0.00
0.00
0.00
0.00
0.00
0.00
0.00
0.00
0.00
0.00
0.00
0.00
11.00
0.00
10.00
31.00
112.00
50.00
7.00
7.00
0.00
0.00
0.00
0.00
1.00
1.00
0.00
0.00
0.00
0.00
0.00
1.00
0.00
2.00
0.00
0.00
8.00
1.00
0.00
0.00
10.00
0.00
0.00
0.00
0.00
0.00
0.00
0.00
0.00
4.00
2.00
1.00
369.00
1.00
5.00
2.00
46.00
71.00
0.00
0.00
0.00
0.00
0.00
0.00
0.00
0.00
0.00
0.00
18.00
46.00
0.00
1.00
4.00
11.00
1.00
0.00
8.00
196.00
7.00
0.00
0.00
0.00
0.00
77.00
20.00
0.00
23.00
0.00
1.00
1.00
0.00
0.00
0.00
0.00
126.00
0.00
1.00
0.00
0.00
33.00
203.00
84.00
113.00
358.00
4.00
4.00
6.00
9.00
0.00
0.00
0.00
11.00
0.00
26.00
5.00
0.00
8.00
0.00
54.00
51.00
24.00
73.00
90.00
287.00
29.00
54.00
0.00
0.00
158.00
57.00
6.00
54.00
16.00
166.00
33.00
104.00
18.00
222.00
53.00
5.00
0.00
0.00
0.00
70.00
90.00
152.00
3.00
1.00
9.00
19.00
118.00
66.00
11.00
7.00
19.00
41.00
3.00
21.00
47.00
125.00
0.00
0.00
25.00
33.00
100.00
79.00
185.00
169.00
222.00
1.00
38.00
44.00
46.00
141.00
27.00
88.00
72.00
0.00
10.00
51.00
52.00
31.00
15.00
2.00
5.00
0.00
12.00
71.00
12.00
5.00
5.00
12.00
1.00
14.00
700.00
3.00
0.00
37.00
0.00
53.00
142.00
15.00
6.00
20.00
25.00
59.00
8.00
3.00
30.00
23.00
9.00
24.00
7.00
4.00
389.00
69.00
87.00
10.00
25.00
1.00
2.00
24.00
7.00
1.00
46.00
188.00
6.00
9.00
0.00
0.00
2.00
10.00
39.00
0.00
0.00
0.00
0.00
8.00
0.00
0.00
152.00
0.00
23.00
1.00
0.00
62.00
1.00
35.00
42.00
0.00
0.00
0.00
0.00
0.00
0.00
0.00
0.00
0.00
0.00
0.00
0.00
5.00
145.00
34.00
29.00
21.00
0.00
0.00
20.00
11.00
34.00
206.00
76.00
0.00
0.00
0.00
0.00
0.00
0.00
0.00
0.00
0.00
0.00
0.00
0.00
0.00
0.00
0.00
0.00
0.00
0.00
0.00
0.00
0.00
0.00
0.00
0.00
1.00
1.00
0.00
0.00
0.00
0.00
0.00
0.00
0.00
0.00
0.00
0.00
0.00
0.00
0.00
0.00
0.00
0.00
0.00
0.00
0.00
0.00
0.00
0.00
0.00
0.00
0.00
0.00
0.00
0.00
0.00
0.00
0.00
0.00
0.00
0.00
0.00
0.00
0.00
0.00
0.00
0.00
0.00
0.00
0.00
0.00
0.00
0.00
0.00
1.00
8.00
0.00
0.00
1.00
0.00
0.00
0.00
5.00
0.00
0.00
0.00
0.00
0.00
0.00
0.00
0.00
0.00
0.00
0.00
0.00
0.00
0.00
0.00
0.00
0.00
0.00
0.00
0.00
0.00
0.00
0.00
0.00
0.00
0.00
0.00
0.00
0.00
0.00
0.00
0.00
0.00
0.00
0.00
0.00
0.00
1.00
0.00
37.00
0.00
46.00
22.00
4.00
0.00
0.00
0.00
0.00
0.00
6.00
2.00
20.00
0.00
0.00
0.00
0.00
18.00
0.00
0.00
0.00
47.00
50.00
9.00
0.00
0.00
92.00
208.00
8.00
0.00
0.00
0.00
0.00
0.00
0.00
0.00
0.00
5.00
53.00
4.00
12.00
0.00
138.00
91.00
254.00
90.00
64.00
81.00
130.00
0.00
0.00
0.00
0.00
2.00
5.00
0.00
0.00
0.00
0.00
4.00
0.00
0.00
168.00
0.00
2.00
0.00
30.00
19.00
81.00
0.00
32.00
0.00
0.00
0.00
0.00
0.00
0.00
0.00
9.00
0.00
101.00
26.00
122.00
112.00
4.00
9.00
23.00
6.00
10.00
2.00
2.00
3.00
57.00
40.00
38.00
95.00
47.00
218.00
0.00
108.00
2.00
19.00
0.00
90.00
16.00
0.00
7.00
62.00
0.00
7.00
8.00
37.00
41.00
95.00
24.00
86.00
1.00
93.00
21.00
83.00
0.00
0.00
25.00
186.00
100.00
99.00
124.00
76.00
14.00
225.00
9.00
155.00
173.00
69.00
79.00
2.00
53.00
179.00
64.00
20.00
2.00
24.00
327.00
54.00
7.00
28.00
33.00
48.00
29.00
68.00
35.00
155.00
0.00
10.00
2.00
1.00
1.00
6.00
105.00
7.00
27.00
97.00
7.00
26.00
2.00
17.00
32.00
90.00
4.00
8.00
80.00
580.00
4.00
15.00
44.00
54.00
24.00
13.00
37.00
1.00
13.00
54.00
24.00
9.00
94.00
40.00
64.00
65.00
17.00
250.00
61.00
0.00
610.00
239.00
39.00
172.00
71.00
0.00
39.00
14.00
17.00
23.00
266.00
10.00
30.00
0.00
7.00
14.00
40.00
2.00
0.00
12.00
60.00
0.00
8.00
0.00
0.00
21.00
37.00
0.00
0.00
0.00
0.00
1.00
14.00
4.00
46.00
20.00
1.00
0.00
0.00
0.00
0.00
0.00
0.00
1.00
60.00
13.00
0.00
0.00
0.00
0.00
0.00
0.00
0.00
0.00
0.00
0.00
0.00
0.00
0.00
2.00
170.00
41.00
2.00
0.00
0.00
0.00
0.00
1.00
0.00
0.00
0.00
0.00
0.00
0.00
0.00
0.00
0.00
0.00
0.00
0.00
0.00
0.00
0.00
401.00
327.00
0.00
0.00
0.00
0.00
0.00
0.00
0.00
0.00
0.00
0.00
0.00
0.00
0.00
0.00
0.00
0.00
0.00
0.00
0.00
0.00
0.00
5.00
407.00
518.00
0.00
0.00
0.00
0.00
0.00
0.00
0.00
0.00
0.00
0.00
0.00
0.00
0.00
0.00
0.00
0.00
0.00
0.00
0.00
0.00
0.00
0.00
0.00
0.00
0.00
0.00
0.00
0.00
0.00
0.00
0.00
0.00
0.00
0.00
2.00
0.00
3.00
31.00
7.00
5.00
0.00
0.00
0.00
0.00
0.00
0.00
0.00
0.00
0.00
0.00
0.00
0.00
0.00
0.00
45.00
0.00
0.00
0.00
0.00
0.00
0.00
0.00
0.00
0.00
0.00
0.00
0.00
0.00
0.00
25.00
0.00
0.00
23.00
144.00
0.00
0.00
0.00
0.00
0.00
0.00
0.00
0.00
0.00
0.00
0.00
0.00
0.00
27.00
0.00
192.00
32.00
0.00
1.00
0.00
32.00
21.00
0.00
5.00
0.00
0.00
0.00
0.00
0.00
0.00
0.00
0.00
0.00
0.00
12.00
0.00
0.00
0.00
0.00
0.00
0.00
0.00
34.00
46.00
6.00
73.00
0.00
1.00
143.00
186.00
325.00
270.00
55.00
160.00
431.00
11.00
143.00
0.00
0.00
0.00
0.00
0.00
0.00
0.00
0.00
4.00
84.00
78.00
0.00
0.00
61.00
22.00
80.00
1.00
0.00
1.00
252.00
167.00
363.00
66.00
0.00
21.00
26.00
20.00
114.00
137.00
62.00
103.00
42.00
57.00
0.00
0.00
33.00
21.00
11.00
1.00
18.00
110.00
17.00
20.00
59.00
3.00
40.00
1.00
23.00
0.00
2.00
16.00
2.00
8.00
3.00
7.00
45.00
17.00
12.00
26.00
39.00
17.00
56.00
25.00
14.00
38.00
16.00
168.00
55.00
367.00
68.00
44.00
110.00
9.00
0.00
31.00
32.00
69.00
152.00
56.00
0.00
0.00
18.00
120.00
403.00
85.00
0.00
11.00
5.00
21.00
72.00
63.00
20.00
88.00
15.00
2.00
6.00
76.00
16.00
38.00
6.00
8.00
151.00
25.00
21.00
16.00
14.00
9.00
1.00
39.00
36.00
155.00
0.00
1.00
21.00
0.00
2.00
0.00
32.00
179.00
104.00
0.00
0.00
12.00
26.00
29.00
0.00
2.00
32.00
181.00
3.00
0.00
17.00
86.00
47.00
0.00
1.00
11.00
1.00
0.00
0.00
0.00
0.00
0.00
0.00
0.00
0.00
0.00
7.00
173.00
318.00
402.00
336.00
58.00
0.00
0.00
0.00
0.00
0.00
0.00
0.00
0.00
0.00
0.00
0.00
0.00
0.00
338.00
0.00
105.00
49.00
82.00
0.00
0.00
0.00
0.00
0.00
0.00
0.00
0.00
0.00
0.00
0.00
13.00
2.00
5.00
0.00
0.00
0.00
0.00
0.00
0.00
0.00
0.00
0.00
0.00
0.00
0.00
0.00
0.00
0.00
0.00
0.00
0.00
0.00
0.00
0.00
12.00
0.00
0.00
0.00
0.00
5.00
0.00
0.00
0.00
0.00
4.00
1.00
12.00
0.00
0.00
0.00
0.00
0.00
0.00
0.00
0.00
0.00
0.00
0.00
0.00
0.00
0.00
0.00
0.00
0.00
0.00
0.00
31.00
0.00
0.00
0.00
0.00
0.00
0.00
0.00
0.00
0.00
0.00
0.00
0.00
0.00
0.00
0.00
0.00
0.00
0.00
0.00
0.00
0.00
1.00
0.00
0.00
0.00
0.00
0.00
0.00
0.00
0.00
0.00
0.00
0.00
0.00
0.00
0.00
0.00
0.00
0.00
0.00
0.00
0.00
0.00
0.00
0.00
0.00
0.00
0.00
76.50
66.20
16.00
10.50
0.00
0.00
0.00
0.60
15.10
4.10
0.00
0.00
0.00
0.00
0.00
0.00
0.00
0.00
0.00
0.00
0.00
2.00
0.00
0.00
0.00
0.00
0.00
0.00
0.00
0.00
0.10
0.00
0.00
0.00
24.00
6.80
20.60
12.50
0.00
8.60
3.70
2.10
20.30
15.30
1.00
0.00
0.00
0.00
0.00
0.00
0.00
0.00
0.00
0.00
0.00
0.00
0.50
0.00
0.00
0.00
0.00
0.00
0.80
0.00
0.00
0.00
5.70
1.50
0.00
0.00
0.00
0.00
0.00
0.00
0.00
0.00
0.00
1.80
7.00
0.20
0.00
0.30
0.10
0.00
0.00
0.00
0.00
0.00
7.10
0.00
0.00
0.00
0.00
0.00
0.00
0.00
0.00
0.00
0.70
6.70
0.00
2.80
0.10
3.00
1.60
9.60
12.80
3.50
19.40
3.60
0.10
0.00
0.40
18.90
0.80
29.30
0.60
0.30
0.50
2.60
0.80
2.70
0.80
10.30
3.40
1.70
0.00
0.00
0.30
1.80
1.10
0.20
5.10
4.10
0.00
0.00
9.10
9.10
11.60
2.20
2.20
0.00
0.00
2.20
2.20
2.20
6.50
25.10
2.30
9.60
14.90
4.60
0.30
0.00
0.60
5.70
16.50
15.00
7.00
0.00
0.10
53.90
2.00
6.60
4.90
0.60
2.40
27.80
1.70
2.30
0.70
0.20
0.40
0.50
1.60
1.40
3.50
6.10
0.30
28.30
19.10
0.40
0.10
0.60
7.10
0.00
1.30
61.50
16.90
1.40
1.20
0.30
0.50
0.10
1.20
2.30
0.00
1.50
3.60
3.80
0.10
0.00
4.20
0.70
0.30
0.00
1.20
0.30
1.70
5.20
0.20
17.00
13.60
0.00
0.40
0.60
0.40
0.00
0.00
0.00
0.00
0.00
4.30
5.30
0.80
0.00
3.80
0.00
0.40
0.00
0.00
1.40
13.20
2.60
1.10
0.00
0.00
0.00
1.30
6.10
2.00
0.20
0.00
2.50
