20160101
0.00
0.00
0.00
0.00
0.00
0.00
0.00
0.00
0.00
0.00
0.00
0.00
0.00
0.00
0.00
0.00
0.00
0.00
0.00
1.00
21.00
0.00
0.00
0.00
0.00
0.00
0.00
0.00
0.00
0.00
0.00
0.00
0.00
0.00
0.00
0.00
0.00
0.00
0.00
0.00
0.00
0.00
0.00
0.00
0.00
0.00
0.00
0.00
0.00
0.00
5.00
0.00
7.00
38.00
125.00
74.00
10.00
1.00
0.00
0.00
0.00
0.00
1.00
1.00
0.00
0.00
0.00
0.00
0.00
1.00
0.00
3.00
1.00
0.00
9.00
2.00
0.00
0.00
9.00
0.00
0.00
0.00
0.00
0.00
0.00
0.00
0.00
8.00
3.00
40.00
225.00
3.00
5.00
2.00
30.00
76.00
0.00
0.00
0.00
0.00
0.00
0.00
0.00
3.00
0.00
0.00
20.00
42.00
0.00
1.00
2.00
11.00
1.00
0.00
8.00
176.00
3.00
0.00
0.00
1.00
0.00
100.00
22.00
0.00
19.00
0.00
1.00
0.00
0.00
0.00
0.00
0.00
135.00
1.00
1.00
0.00
0.00
32.00
226.00
98.00
112.00
343.00
7.00
0.00
3.00
6.00
0.00
0.00
0.00
0.00
0.00
41.00
4.00
2.00
11.00
0.00
74.00
28.00
29.00
91.00
118.00
267.00
24.00
27.00
0.00
1.00
86.00
59.00
5.00
78.00
9.00
133.00
56.00
98.00
25.00
166.00
60.00
1.00
1.00
1.00
2.00
60.00
74.00
141.00
10.00
2.00
7.00
22.00
117.00
67.00
7.00
16.00
5.00
46.00
8.00
53.00
67.00
134.00
1.00
0.00
21.00
23.00
84.00
58.00
184.00
138.00
227.00
1.00
39.00
61.00
44.00
110.00
101.00
39.00
84.00
16.00
14.00
46.00
77.00
31.00
127.00
5.00
4.00
0.00
0.00
34.00
21.00
5.00
4.00
11.00
0.00
14.00
751.00
6.00
0.00
49.00
0.00
85.00
73.00
17.00
1.00
22.00
25.00
55.00
22.00
4.00
37.00
8.00
14.00
37.00
10.00
11.00
532.00
91.00
137.00
13.00
18.00
1.00
2.00
15.00
6.00
1.00
32.00
218.00
7.00
34.00
1.00
0.00
2.00
8.00
57.00
0.00
2.00
0.00
0.00
10.00
0.00
0.00
151.00
1.00
28.00
1.00
0.00
37.00
2.00
21.00
16.00
5.00
0.00
0.00
0.00
0.00
0.00
0.00
0.00
0.00
0.00
0.00
0.00
4.00
65.00
41.00
49.00
13.00
1.00
0.00
16.00
15.00
27.00
211.00
64.00
0.00
0.00
0.00
0.00
0.00
0.00
0.00
0.00
0.00
0.00
0.00
0.00
0.00
0.00
0.00
0.00
0.00
0.00
0.00
0.00
0.00
0.00
0.00
0.00
0.00
2.00
0.00
0.00
0.00
0.00
1.00
0.00
0.00
0.00
0.00
0.00
0.00
0.00
0.00
0.00
0.00
0.00
0.00
0.00
0.00
0.00
0.00
0.00
0.00
0.00
0.00
0.00
0.00
0.00
0.00
0.00
0.00
0.00
0.00
0.00
0.00
0.00
0.00
0.00
0.00
0.00
0.00
0.00
0.00
0.00
0.00
0.00
0.00
0.00
4.00
0.00
0.00
2.00
0.00
0.00
0.00
5.00
0.00
0.00
0.00
0.00
0.00
0.00
0.00
0.00
0.00
0.00
0.00
0.00
0.00
0.00
0.00
0.00
0.00
0.00
0.00
0.00
0.00
0.00
0.00
0.00
0.00
0.00
0.00
0.00
0.00
0.00
0.00
0.00
0.00
0.00
0.00
0.00
0.00
3.00
0.00
26.00
0.00
34.00
17.00
7.00
0.00
0.00
0.00
0.00
0.00
4.00
1.00
20.00
0.00
0.00
0.00
0.00
12.00
0.00
0.00
0.00
53.00
38.00
13.00
0.00
0.00
56.00
189.00
16.00
0.00
0.00
0.00
0.00
0.00
0.00
0.00
0.00
5.00
74.00
5.00
16.00
0.00
145.00
82.00
267.00
111.00
46.00
53.00
90.00
0.00
0.00
0.00
0.00
4.00
3.00
0.00
0.00
0.00
0.00
3.00
0.00
0.00
208.00
0.00
5.00
0.00
18.00
12.00
77.00
0.00
35.00
0.00
0.00
0.00
0.00
0.00
0.00
0.00
17.00
0.00
99.00
34.00
96.00
109.00
7.00
6.00
25.00
2.00
8.00
2.00
3.00
5.00
71.00
48.00
23.00
89.00
58.00
177.00
14.00
172.00
5.00
9.00
0.00
115.00
1.00
5.00
4.00
82.00
0.00
7.00
7.00
44.00
44.00
87.00
16.00
80.00
1.00
92.00
38.00
61.00
0.00
0.00
10.00
160.00
114.00
92.00
151.00
94.00
7.00
174.00
2.00
111.00
161.00
51.00
93.00
5.00
42.00
176.00
62.00
17.00
12.00
29.00
294.00
78.00
0.00
39.00
16.00
68.00
27.00
68.00
29.00
172.00
6.00
4.00
5.00
0.00
3.00
7.00
94.00
15.00
40.00
65.00
5.00
49.00
1.00
19.00
47.00
71.00
2.00
7.00
111.00
548.00
9.00
16.00
48.00
66.00
20.00
18.00
31.00
0.00
15.00
60.00
29.00
8.00
91.00
44.00
77.00
46.00
23.00
289.00
58.00
0.00
646.00
294.00
23.00
261.00
45.00
0.00
31.00
4.00
8.00
47.00
155.00
6.00
5.00
0.00
18.00
16.00
40.00
2.00
0.00
5.00
61.00
0.00
2.00
1.00
0.00
11.00
20.00
0.00
0.00
0.00
0.00
1.00
20.00
7.00
25.00
14.00
2.00
0.00
0.00
0.00
0.00
0.00
0.00
1.00
49.00
24.00
0.00
0.00
0.00
0.00
0.00
0.00
0.00
0.00
0.00
0.00
0.00
0.00
0.00
0.00
106.00
48.00
3.00
0.00
0.00
0.00
0.00
3.00
0.00
0.00
0.00
0.00
0.00
0.00
0.00
0.00
0.00
0.00
0.00
0.00
0.00
0.00
0.00
396.00
277.00
0.00
0.00
0.00
0.00
0.00
0.00
0.00
0.00
0.00
0.00
0.00
0.00
3.00
0.00
0.00
0.00
0.00
0.00
0.00
0.00
0.00
7.00
420.00
580.00
0.00
0.00
0.00
0.00
0.00
0.00
0.00
0.00
0.00
0.00
0.00
0.00
0.00
0.00
0.00
0.00
0.00
0.00
0.00
0.00
0.00
0.00
0.00
0.00
0.00
0.00
0.00
0.00
0.00
0.00
0.00
0.00
0.00
0.00
1.00
0.00
2.00
12.00
1.00
10.00
0.00
0.00
0.00
0.00
0.00
0.00
0.00
0.00
0.00
0.00
0.00
0.00
0.00
0.00
51.00
0.00
0.00
0.00
0.00
0.00
0.00
0.00
0.00
0.00
0.00
0.00
0.00
0.00
0.00
31.00
0.00
0.00
8.00
90.00
0.00
0.00
0.00
0.00
0.00
0.00
0.00
0.00
1.00
0.00
0.00
0.00
0.00
22.00
1.00
142.00
50.00
36.00
10.00
0.00
28.00
13.00
0.00
2.00
0.00
0.00
0.00
0.00
0.00
0.00
0.00
0.00
4.00
0.00
19.00
0.00
0.00
0.00
0.00
0.00
0.00
0.00
44.00
92.00
14.00
38.00
0.00
7.00
92.00
119.00
285.00
235.00
53.00
167.00
452.00
6.00
119.00
0.00
0.00
1.00
0.00
0.00
0.00
0.00
0.00
2.00
71.00
81.00
0.00
5.00
101.00
40.00
59.00
2.00
1.00
1.00
253.00
177.00
520.00
54.00
0.00
22.00
70.00
22.00
102.00
133.00
78.00
131.00
36.00
44.00
0.00
0.00
34.00
16.00
18.00
5.00
22.00
103.00
25.00
27.00
59.00
4.00
21.00
2.00
28.00
0.00
3.00
23.00
29.00
10.00
1.00
18.00
45.00
14.00
13.00
37.00
30.00
14.00
59.00
36.00
14.00
42.00
22.00
196.00
64.00
585.00
80.00
48.00
133.00
23.00
0.00
24.00
44.00
69.00
139.00
57.00
0.00
3.00
78.00
93.00
480.00
87.00
3.00
12.00
12.00
38.00
60.00
58.00
12.00
61.00
6.00
1.00
5.00
92.00
14.00
13.00
5.00
3.00
179.00
28.00
26.00
36.00
14.00
19.00
3.00
46.00
39.00
193.00
0.00
2.00
28.00
0.00
2.00
0.00
34.00
170.00
124.00
1.00
0.00
26.00
19.00
36.00
3.00
7.00
39.00
236.00
8.00
0.00
7.00
88.00
42.00
0.00
2.00
46.00
10.00
11.00
0.00
18.00
0.00
0.00
0.00
9.00
1.00
22.00
28.00
181.00
360.00
399.00
339.00
58.00
1.00
0.00
0.00
0.00
0.00
0.00
0.00
1.00
0.00
0.00
0.00
0.00
0.00
333.00
0.00
92.00
43.00
104.00
0.00
0.00
0.00
0.00
0.00
0.00
0.00
0.00
0.00
0.00
0.00
10.00
4.00
8.00
0.00
0.00
0.00
0.00
0.00
0.00
0.00
0.00
0.00
0.00
0.00
0.00
0.00
0.00
0.00
0.00
0.00
0.00
0.00
0.00
0.00
11.00
0.00
0.00
0.00
0.00
0.00
0.00
0.00
1.00
0.00
2.00
1.00
6.00
0.00
0.00
0.00
0.00
0.00
0.00
0.00
0.00
0.00
0.00
0.00
0.00
0.00
0.00
0.00
0.00
0.00
0.00
0.00
9.00
0.00
0.00
0.00
0.00
0.00
0.00
0.00
0.00
0.00
0.00
0.00
0.00
0.00
0.00
0.00
0.00
0.00
0.00
0.00
0.00
0.00
1.00
0.00
0.00
0.00
0.00
0.00
0.00
0.00
0.00
0.00
0.00
0.00
0.00
0.00
0.00
0.00
0.00
0.00
0.00
0.00
0.00
0.00
0.00
0.00
0.00
0.00
0.00
73.20
56.10
15.90
10.90
0.00
0.00
0.00
5.10
13.10
9.20
0.00
0.00
0.00
0.00
0.00
0.00
0.00
0.00
0.00
0.00
0.00
1.20
0.00
0.00
0.00
0.00
0.00
0.00
0.00
0.00
0.00
0.00
0.00
0.00
17.20
6.60
17.90
12.70
0.00
6.20
5.20
3.30
17.00
11.80
0.10
0.00
0.00
0.00
0.00
0.00
0.00
0.00
0.00
0.00
0.00
0.00
0.10
0.00
0.00
0.00
0.00
0.00
1.20
0.00
0.00
0.00
5.80
2.40
0.00
0.00
0.00
0.00
0.00
0.00
0.00
0.00
0.00
2.30
3.00
0.00
0.00
0.00
0.10
0.00
0.00
0.00
0.00
0.00
12.10
0.00
0.00
0.00
0.00
0.00
0.00
0.00
0.10
0.20
0.20
5.60
0.00
3.40
2.10
2.30
5.80
19.40
7.30
4.20
13.60
3.60
0.70
0.00
0.60
3.90
5.80
18.50
0.40
3.90
5.60
1.50
0.50
2.50
0.40
6.90
1.80
2.40
1.40
0.30
0.30
2.90
8.20
1.20
4.40
3.60
0.20
0.20
8.20
8.20
6.00
2.40
2.40
0.00
0.00
2.40
2.40
2.40
5.40
18.70
5.00
10.60
16.50
5.90
0.10
0.00
2.10
3.70
11.40
12.20
5.90
0.00
0.20
65.40
2.80
10.50
4.60
3.60
2.10
22.70
4.70
0.90
0.90
1.00
0.80
1.90
2.10
0.30
4.40
8.60
0.40
30.40
18.10
0.10
1.50
0.80
6.70
0.00
1.20
54.00
15.70
1.40
2.60
4.20
0.90
0.50
6.10
4.90
0.00
1.70
3.20
1.10
0.00
0.10
5.30
0.00
0.30
0.00
0.90
0.20
0.80
4.30
0.00
14.10
12.40
0.00
0.30
0.50
1.50
0.10
0.10
0.00
0.00
0.00
3.90
0.90
2.70
0.00
0.50
1.50
0.90
0.00
0.00
4.90
14.90
0.20
1.10
0.00
0.00
0.00
0.80
0.80
5.60
4.30
4.20
13.20
