20160101
0.00
0.00
0.00
0.00
0.00
0.00
0.00
0.00
0.00
0.00
0.00
0.00
0.00
0.00
0.00
0.00
0.00
0.00
1.00
1.00
34.00
0.00
0.00
0.00
0.00
2.00
0.00
0.00
0.00
0.00
0.00
0.00
0.00
0.00
0.00
0.00
0.00
0.00
0.00
0.00
0.00
0.00
4.00
0.00
0.00
0.00
0.00
0.00
0.00
0.00
0.00
0.00
0.00
13.00
297.00
35.00
22.00
0.00
0.00
0.00
1.00
0.00
0.00
0.00
0.00
5.00
0.00
0.00
0.00
0.00
0.00
0.00
0.00
0.00
0.00
0.00
0.00
0.00
11.00
0.00
10.00
0.00
6.00
0.00
0.00
0.00
0.00
270.00
1.00
0.00
115.00
69.00
0.00
44.00
122.00
56.00
0.00
0.00
0.00
0.00
0.00
0.00
0.00
0.00
0.00
0.00
40.00
21.00
0.00
1.00
0.00
0.00
0.00
0.00
4.00
197.00
2.00
0.00
0.00
0.00
0.00
127.00
44.00
10.00
280.00
0.00
0.00
2.00
0.00
0.00
0.00
3.00
57.00
26.00
6.00
0.00
24.00
56.00
179.00
271.00
605.00
653.00
3.00
0.00
64.00
38.00
1.00
0.00
28.00
22.00
0.00
170.00
2.00
7.00
958.00
330.00
131.00
0.00
54.00
40.00
22.00
316.00
287.00
106.00
153.00
3.00
53.00
65.00
46.00
17.00
17.00
11.00
20.00
65.00
0.00
47.00
90.00
8.00
1.00
71.00
84.00
21.00
89.00
1.00
42.00
81.00
45.00
33.00
93.00
97.00
86.00
7.00
0.00
15.00
0.00
35.00
30.00
127.00
15.00
19.00
2.00
22.00
18.00
11.00
36.00
11.00
324.00
5.00
7.00
203.00
191.00
53.00
635.00
507.00
66.00
31.00
66.00
39.00
12.00
4.00
229.00
30.00
41.00
136.00
22.00
191.00
148.00
10.00
24.00
2.00
0.00
17.00
555.00
127.00
0.00
6.00
0.00
401.00
13.00
106.00
101.00
41.00
56.00
31.00
96.00
38.00
3.00
13.00
0.00
6.00
0.00
26.00
73.00
0.00
101.00
222.00
35.00
82.00
384.00
328.00
22.00
78.00
114.00
129.00
209.00
211.00
259.00
3.00
266.00
71.00
263.00
150.00
363.00
69.00
31.00
360.00
227.00
1.00
52.00
77.00
310.00
126.00
0.00
1.00
142.00
350.00
0.00
0.00
0.00
0.00
0.00
0.00
0.00
0.00
0.00
0.00
0.00
1.00
0.00
0.00
143.00
15.00
7.00
4.00
0.00
12.00
2.00
2.00
174.00
737.00
387.00
0.00
0.00
0.00
0.00
0.00
0.00
0.00
0.00
0.00
0.00
0.00
0.00
0.00
0.00
0.00
0.00
0.00
0.00
0.00
0.00
0.00
0.00
0.00
0.00
6.00
1.00
0.00
0.00
0.00
0.00
0.00
0.00
0.00
0.00
0.00
0.00
0.00
0.00
0.00
0.00
0.00
0.00
0.00
0.00
0.00
0.00
0.00
0.00
0.00
0.00
0.00
0.00
0.00
0.00
0.00
0.00
0.00
0.00
0.00
0.00
0.00
0.00
0.00
0.00
0.00
0.00
0.00
0.00
0.00
0.00
0.00
0.00
0.00
0.00
0.00
0.00
0.00
0.00
0.00
0.00
0.00
1.00
0.00
0.00
0.00
0.00
0.00
0.00
0.00
0.00
0.00
0.00
0.00
0.00
0.00
0.00
0.00
0.00
0.00
0.00
0.00
0.00
0.00
0.00
0.00
0.00
0.00
0.00
0.00
0.00
0.00
0.00
0.00
0.00
0.00
0.00
0.00
0.00
22.00
37.00
0.00
160.00
0.00
374.00
57.00
0.00
0.00
0.00
0.00
0.00
0.00
133.00
0.00
41.00
0.00
0.00
0.00
0.00
42.00
0.00
0.00
0.00
104.00
75.00
0.00
0.00
0.00
178.00
259.00
90.00
0.00
0.00
0.00
0.00
0.00
0.00
0.00
0.00
0.00
23.00
0.00
0.00
0.00
521.00
140.00
182.00
222.00
228.00
349.00
308.00
0.00
0.00
0.00
0.00
0.00
6.00
0.00
0.00
0.00
0.00
5.00
0.00
0.00
83.00
0.00
0.00
0.00
7.00
24.00
213.00
9.00
161.00
0.00
31.00
0.00
0.00
0.00
0.00
0.00
0.00
0.00
128.00
82.00
186.00
517.00
192.00
1009.00
216.00
25.00
257.00
0.00
4.00
465.00
1059.00
905.00
194.00
140.00
833.00
979.00
0.00
78.00
161.00
28.00
209.00
220.00
22.00
52.00
7.00
115.00
88.00
132.00
74.00
56.00
129.00
54.00
163.00
12.00
13.00
135.00
40.00
30.00
8.00
7.00
2.00
19.00
26.00
12.00
162.00
473.00
344.00
68.00
46.00
25.00
104.00
117.00
203.00
10.00
47.00
232.00
638.00
66.00
80.00
41.00
251.00
78.00
0.00
127.00
20.00
0.00
171.00
99.00
141.00
14.00
13.00
7.00
0.00
26.00
356.00
121.00
82.00
3.00
49.00
23.00
27.00
19.00
42.00
75.00
170.00
116.00
444.00
212.00
206.00
226.00
44.00
22.00
179.00
48.00
250.00
43.00
24.00
24.00
47.00
2.00
230.00
133.00
219.00
1.00
99.00
27.00
4.00
57.00
111.00
18.00
135.00
183.00
427.00
50.00
14.00
3.00
11.00
81.00
218.00
374.00
155.00
232.00
171.00
160.00
50.00
0.00
170.00
13.00
151.00
43.00
327.00
39.00
9.00
0.00
0.00
157.00
498.00
0.00
0.00
0.00
14.00
444.00
70.00
363.00
119.00
523.00
1.00
0.00
0.00
0.00
0.00
0.00
33.00
231.00
40.00
5.00
1.00
0.00
0.00
0.00
0.00
0.00
0.00
0.00
0.00
0.00
0.00
1.00
0.00
5.00
251.00
94.00
12.00
0.00
0.00
0.00
0.00
0.00
0.00
0.00
0.00
0.00
0.00
0.00
0.00
0.00
0.00
0.00
0.00
0.00
0.00
0.00
1.00
1162.00
656.00
40.00
0.00
0.00
0.00
0.00
0.00
0.00
0.00
0.00
0.00
0.00
0.00
0.00
0.00
0.00
0.00
0.00
0.00
0.00
0.00
0.00
3.00
370.00
79.00
0.00
0.00
0.00
0.00
0.00
0.00
0.00
0.00
0.00
0.00
0.00
0.00
0.00
0.00
0.00
0.00
0.00
0.00
0.00
0.00
0.00
0.00
0.00
0.00
0.00
0.00
0.00
0.00
0.00
0.00
0.00
0.00
0.00
0.00
0.00
20.00
13.00
63.00
0.00
30.00
0.00
0.00
0.00
0.00
0.00
0.00
0.00
0.00
0.00
0.00
0.00
0.00
0.00
0.00
312.00
0.00
0.00
0.00
0.00
0.00
0.00
0.00
0.00
0.00
0.00
0.00
0.00
0.00
0.00
182.00
0.00
0.00
36.00
98.00
0.00
0.00
0.00
0.00
0.00
0.00
0.00
0.00
0.00
44.00
0.00
0.00
0.00
63.00
0.00
0.00
183.00
0.00
0.00
47.00
5.00
141.00
2.00
33.00
0.00
0.00
0.00
0.00
0.00
0.00
214.00
6.00
19.00
38.00
247.00
0.00
0.00
0.00
0.00
65.00
47.00
11.00
168.00
233.00
9.00
10.00
9.00
29.00
284.00
296.00
665.00
262.00
116.00
360.00
496.00
0.00
47.00
1.00
12.00
22.00
0.00
0.00
161.00
110.00
0.00
1.00
0.00
179.00
1.00
0.00
0.00
0.00
64.00
22.00
82.00
18.00
28.00
9.00
592.00
112.00
0.00
8.00
166.00
230.00
521.00
1661.00
676.00
126.00
160.00
212.00
25.00
86.00
20.00
0.00
9.00
84.00
11.00
32.00
5.00
6.00
36.00
29.00
114.00
0.00
19.00
0.00
218.00
82.00
63.00
9.00
0.00
110.00
3.00
9.00
6.00
129.00
46.00
17.00
31.00
131.00
6.00
16.00
4.00
109.00
141.00
73.00
19.00
34.00
146.00
9.00
3.00
30.00
3.00
14.00
113.00
58.00
92.00
25.00
0.00
137.00
199.00
622.00
25.00
168.00
77.00
47.00
334.00
394.00
64.00
102.00
82.00
5.00
34.00
6.00
7.00
7.00
45.00
0.00
52.00
17.00
52.00
111.00
60.00
5.00
1.00
82.00
31.00
16.00
0.00
71.00
61.00
20.00
0.00
0.00
13.00
211.00
26.00
11.00
4.00
10.00
0.00
233.00
0.00
272.00
192.00
112.00
130.00
31.00
2.00
71.00
47.00
31.00
0.00
28.00
13.00
0.00
0.00
1.00
0.00
0.00
0.00
0.00
0.00
56.00
55.00
235.00
449.00
472.00
587.00
135.00
9.00
0.00
0.00
0.00
0.00
0.00
0.00
0.00
0.00
0.00
0.00
0.00
0.00
142.00
35.00
244.00
176.00
47.00
0.00
0.00
0.00
0.00
0.00
0.00
0.00
0.00
0.00
0.00
0.00
0.00
0.00
20.00
0.00
0.00
0.00
0.00
0.00
0.00
0.00
0.00
0.00
0.00
0.00
0.00
0.00
0.00
0.00
0.00
0.00
0.00
0.00
0.00
0.00
0.00
0.00
0.00
0.00
0.00
1.00
0.00
0.00
0.00
0.00
29.00
41.00
88.00
0.00
0.00
0.00
0.00
0.00
0.00
0.00
0.00
0.00
0.00
0.00
0.00
0.00
0.00
0.00
0.00
0.00
0.00
0.00
0.00
0.00
0.00
0.00
0.00
0.00
0.00
0.00
0.00
0.00
0.00
0.00
0.00
0.00
0.00
0.00
0.00
0.00
0.00
0.00
0.00
0.00
1.00
0.00
0.00
0.00
0.00
0.00
0.00
0.00
0.00
0.00
0.00
0.00
0.00
0.00
0.00
0.00
0.00
0.00
1.00
2.00
0.00
0.00
0.00
0.00
0.00
0.00
0.00
102.20
105.80
20.80
29.60
0.00
0.00
0.00
2.30
21.90
0.40
0.00
0.00
0.00
0.00
0.00
0.00
0.00
0.00
0.00
0.20
0.00
0.10
0.20
0.00
0.00
0.50
0.00
0.00
0.00
0.00
0.00
0.00
0.00
0.00
44.00
27.40
28.10
11.90
0.00
4.90
20.50
0.00
40.00
26.70
0.80
0.00
0.00
0.00
0.00
0.00
0.00
0.00
0.00
0.10
0.00
0.00
0.10
0.00
0.00
0.00
0.00
0.00
0.00
0.00
0.00
0.00
0.40
9.90
16.10
0.00
0.00
0.00
0.00
0.00
0.00
0.00
0.00
3.00
24.00
0.00
1.30
7.90
0.00
0.50
0.50
0.00
22.00
22.00
131.40
31.60
0.60
0.00
0.00
0.00
0.00
0.00
10.00
3.10
1.80
0.60
0.30
33.70
7.10
0.50
1.50
2.80
0.00
51.00
53.60
15.70
3.70
0.30
2.80
18.80
49.10
15.80
8.40
3.50
0.30
5.70
4.40
11.30
7.80
0.00
5.20
48.30
0.20
0.30
0.20
0.40
6.90
31.50
74.20
30.90
20.30
20.30
125.90
125.90
37.80
3.70
3.70
0.10
73.40
3.70
3.70
3.70
0.00
3.00
2.10
3.40
20.30
5.20
2.70
0.20
0.90
27.60
5.40
1.50
7.10
7.10
8.60
18.00
22.10
2.30
1.00
4.50
1.70
1.60
5.10
3.60
15.50
14.20
7.90
3.10
0.20
1.60
7.40
10.00
34.60
38.80
16.90
3.30
4.20
1.00
4.90
0.40
34.10
35.10
4.10
2.20
6.30
5.00
4.50
21.20
0.30
3.50
4.50
2.80
5.20
10.60
1.40
0.50
6.60
11.70
0.60
0.10
13.20
0.70
10.40
17.30
22.60
18.20
15.80
3.50
42.70
8.80
9.90
1.30
1.30
11.50
0.00
0.00
1.70
25.80
1.70
0.00
23.90
13.60
0.60
0.00
0.00
19.90
20.40
0.00
0.00
0.00
0.00
0.00
0.90
7.20
3.00
1.10
0.50
2.30
