20160101
0.00
0.00
0.00
0.00
0.00
0.00
0.00
0.00
0.00
0.00
0.00
0.00
0.00
0.00
0.00
0.00
0.00
0.00
1.00
18.00
8.00
0.00
0.00
0.00
0.00
0.00
0.00
0.00
0.00
0.00
0.00
0.00
0.00
0.00
0.00
0.00
0.00
0.00
0.00
0.00
0.00
0.00
14.00
0.00
0.00
0.00
0.00
0.00
0.00
0.00
0.00
0.00
0.00
65.00
265.00
17.00
21.00
0.00
0.00
0.00
2.00
0.00
0.00
0.00
0.00
1.00
0.00
0.00
0.00
8.00
0.00
7.00
0.00
0.00
0.00
0.00
0.00
1.00
13.00
0.00
4.00
0.00
0.00
0.00
0.00
0.00
0.00
333.00
0.00
1.00
215.00
123.00
15.00
33.00
129.00
1.00
0.00
0.00
1.00
0.00
0.00
0.00
0.00
0.00
0.00
0.00
0.00
0.00
1.00
0.00
0.00
0.00
0.00
0.00
2.00
1.00
2.00
0.00
0.00
0.00
0.00
59.00
139.00
4.00
6.00
0.00
62.00
27.00
2.00
0.00
10.00
19.00
8.00
363.00
0.00
0.00
11.00
512.00
237.00
327.00
1315.00
726.00
0.00
0.00
78.00
103.00
0.00
0.00
226.00
76.00
0.00
46.00
1.00
0.00
5.00
28.00
4.00
168.00
171.00
207.00
357.00
512.00
811.00
205.00
158.00
0.00
0.00
15.00
26.00
4.00
0.00
7.00
48.00
8.00
47.00
47.00
144.00
17.00
1.00
353.00
162.00
20.00
8.00
55.00
376.00
585.00
156.00
153.00
384.00
51.00
35.00
17.00
0.00
152.00
54.00
0.00
126.00
89.00
192.00
112.00
1.00
62.00
10.00
9.00
5.00
39.00
397.00
7.00
0.00
65.00
228.00
706.00
315.00
61.00
3.00
157.00
69.00
8.00
3.00
0.00
60.00
24.00
664.00
136.00
0.00
142.00
118.00
63.00
107.00
18.00
0.00
1.00
578.00
956.00
0.00
0.00
0.00
413.00
268.00
125.00
281.00
13.00
31.00
172.00
298.00
130.00
126.00
25.00
1.00
1.00
3.00
26.00
2.00
5.00
205.00
436.00
173.00
12.00
33.00
272.00
113.00
49.00
6.00
238.00
74.00
124.00
24.00
0.00
1.00
5.00
511.00
66.00
5.00
1074.00
229.00
121.00
214.00
110.00
41.00
77.00
60.00
107.00
2.00
141.00
1243.00
549.00
12.00
23.00
0.00
0.00
0.00
0.00
0.00
0.00
0.00
0.00
0.00
0.00
0.00
0.00
8.00
52.00
33.00
3.00
0.00
0.00
3.00
6.00
260.00
952.00
145.00
0.00
0.00
0.00
0.00
0.00
0.00
0.00
0.00
0.00
0.00
0.00
0.00
0.00
0.00
0.00
0.00
0.00
0.00
0.00
0.00
0.00
0.00
0.00
0.00
0.00
0.00
0.00
0.00
0.00
0.00
0.00
0.00
0.00
0.00
0.00
0.00
0.00
0.00
0.00
0.00
0.00
0.00
0.00
0.00
0.00
0.00
0.00
0.00
0.00
0.00
0.00
0.00
0.00
0.00
0.00
0.00
0.00
0.00
0.00
0.00
0.00
0.00
0.00
0.00
0.00
0.00
0.00
0.00
0.00
0.00
0.00
0.00
0.00
0.00
0.00
0.00
0.00
0.00
0.00
0.00
0.00
1.00
0.00
0.00
0.00
0.00
0.00
0.00
0.00
0.00
0.00
0.00
0.00
0.00
0.00
0.00
0.00
0.00
0.00
0.00
0.00
0.00
0.00
0.00
0.00
0.00
0.00
0.00
0.00
0.00
0.00
0.00
0.00
0.00
0.00
0.00
0.00
0.00
53.00
114.00
10.00
103.00
0.00
70.00
48.00
0.00
0.00
0.00
0.00
0.00
0.00
315.00
3.00
44.00
0.00
0.00
0.00
0.00
8.00
0.00
0.00
0.00
28.00
68.00
0.00
0.00
0.00
362.00
247.00
569.00
0.00
0.00
0.00
0.00
0.00
0.00
0.00
0.00
0.00
15.00
0.00
0.00
0.00
1026.00
135.00
220.00
366.00
46.00
440.00
155.00
0.00
0.00
0.00
0.00
0.00
22.00
0.00
0.00
0.00
2.00
0.00
0.00
0.00
85.00
0.00
2.00
0.00
27.00
7.00
226.00
7.00
230.00
0.00
14.00
0.00
0.00
0.00
0.00
0.00
0.00
0.00
37.00
11.00
260.00
850.00
95.00
2493.00
115.00
110.00
231.00
3.00
0.00
497.00
601.00
82.00
433.00
306.00
567.00
1077.00
0.00
287.00
177.00
402.00
814.00
643.00
1.00
62.00
39.00
18.00
57.00
1.00
22.00
9.00
19.00
58.00
139.00
80.00
383.00
632.00
242.00
138.00
1.00
0.00
0.00
17.00
138.00
87.00
97.00
123.00
206.00
127.00
50.00
59.00
158.00
781.00
2292.00
339.00
4.00
435.00
1178.00
124.00
84.00
115.00
124.00
200.00
15.00
25.00
44.00
0.00
111.00
325.00
35.00
40.00
11.00
5.00
31.00
157.00
712.00
498.00
126.00
33.00
348.00
43.00
35.00
184.00
52.00
126.00
387.00
180.00
372.00
276.00
63.00
79.00
347.00
16.00
39.00
65.00
210.00
369.00
48.00
97.00
57.00
23.00
11.00
30.00
8.00
5.00
158.00
248.00
271.00
7.00
53.00
66.00
496.00
436.00
283.00
59.00
2.00
19.00
0.00
257.00
531.00
416.00
447.00
273.00
118.00
266.00
55.00
11.00
6.00
18.00
231.00
11.00
39.00
4.00
0.00
92.00
0.00
3.00
23.00
0.00
0.00
0.00
0.00
90.00
609.00
262.00
539.00
1277.00
0.00
0.00
0.00
0.00
0.00
0.00
0.00
304.00
29.00
0.00
0.00
0.00
0.00
0.00
0.00
0.00
0.00
0.00
0.00
0.00
0.00
4.00
0.00
1.00
143.00
79.00
7.00
0.00
0.00
0.00
0.00
0.00
0.00
0.00
0.00
0.00
0.00
0.00
0.00
0.00
0.00
0.00
0.00
0.00
0.00
0.00
112.00
1385.00
1046.00
672.00
0.00
0.00
0.00
0.00
0.00
0.00
0.00
0.00
0.00
0.00
0.00
0.00
0.00
0.00
0.00
0.00
0.00
0.00
0.00
0.00
301.00
416.00
1.00
0.00
0.00
0.00
0.00
0.00
0.00
0.00
0.00
0.00
0.00
0.00
0.00
0.00
0.00
0.00
0.00
0.00
0.00
0.00
0.00
0.00
0.00
0.00
0.00
0.00
0.00
0.00
0.00
0.00
0.00
0.00
0.00
0.00
0.00
0.00
51.00
112.00
401.00
0.00
37.00
0.00
7.00
4.00
0.00
0.00
0.00
0.00
0.00
0.00
0.00
0.00
0.00
0.00
0.00
349.00
0.00
0.00
0.00
0.00
0.00
0.00
0.00
0.00
0.00
0.00
0.00
0.00
0.00
0.00
0.00
0.00
0.00
41.00
13.00
0.00
0.00
0.00
0.00
0.00
0.00
0.00
0.00
0.00
0.00
0.00
0.00
25.00
149.00
0.00
1.00
0.00
0.00
0.00
255.00
15.00
6.00
68.00
12.00
10.00
4.00
0.00
0.00
0.00
4.00
150.00
62.00
92.00
137.00
83.00
0.00
0.00
0.00
0.00
14.00
1.00
0.00
640.00
266.00
0.00
0.00
12.00
177.00
554.00
59.00
374.00
9.00
2.00
152.00
394.00
0.00
46.00
9.00
44.00
114.00
0.00
339.00
47.00
47.00
2.00
16.00
105.00
100.00
7.00
0.00
0.00
2.00
23.00
513.00
111.00
28.00
8.00
44.00
513.00
54.00
2.00
1.00
250.00
420.00
532.00
648.00
1412.00
74.00
135.00
106.00
78.00
18.00
11.00
59.00
3.00
0.00
49.00
169.00
280.00
30.00
7.00
23.00
17.00
1.00
21.00
0.00
332.00
454.00
164.00
0.00
6.00
59.00
0.00
2.00
5.00
160.00
17.00
7.00
153.00
42.00
0.00
23.00
0.00
42.00
57.00
166.00
10.00
527.00
401.00
38.00
121.00
290.00
78.00
4.00
9.00
98.00
33.00
171.00
5.00
246.00
470.00
213.00
38.00
20.00
40.00
90.00
28.00
150.00
102.00
387.00
14.00
14.00
219.00
123.00
127.00
1.00
32.00
5.00
66.00
8.00
69.00
32.00
1.00
9.00
0.00
60.00
24.00
14.00
0.00
32.00
160.00
3.00
0.00
0.00
0.00
97.00
1.00
54.00
59.00
2.00
5.00
231.00
0.00
0.00
194.00
175.00
229.00
22.00
0.00
116.00
147.00
7.00
21.00
0.00
2.00
0.00
0.00
7.00
0.00
0.00
0.00
0.00
0.00
0.00
3.00
169.00
433.00
458.00
554.00
223.00
0.00
0.00
0.00
0.00
0.00
0.00
0.00
0.00
0.00
0.00
0.00
0.00
0.00
13.00
51.00
357.00
138.00
12.00
0.00
0.00
0.00
0.00
0.00
0.00
0.00
0.00
0.00
0.00
0.00
0.00
0.00
0.00
0.00
0.00
0.00
0.00
0.00
0.00
2.00
0.00
0.00
0.00
0.00
0.00
0.00
0.00
0.00
0.00
0.00
0.00
0.00
0.00
0.00
0.00
0.00
0.00
0.00
0.00
0.00
0.00
0.00
0.00
0.00
77.00
77.00
0.00
0.00
0.00
0.00
0.00
0.00
0.00
0.00
0.00
0.00
0.00
0.00
0.00
0.00
0.00
0.00
0.00
0.00
0.00
0.00
0.00
0.00
0.00
0.00
0.00
0.00
0.00
0.00
0.00
0.00
0.00
0.00
0.00
0.00
0.00
0.00
0.00
0.00
0.00
0.00
0.00
0.00
0.00
0.00
0.00
0.00
0.00
0.00
0.00
0.00
0.00
0.00
0.00
0.00
0.00
0.00
0.00
0.00
0.00
0.00
3.00
9.00
0.00
0.00
0.00
0.00
0.00
0.00
0.00
89.20
86.40
27.60
25.10
0.00
0.00
0.00
1.10
17.40
0.00
0.00
0.00
0.00
0.00
0.00
0.00
0.00
0.00
0.00
0.60
0.80
3.00
0.10
1.90
0.00
3.10
0.00
0.00
0.00
0.00
1.90
0.00
0.00
0.00
46.90
38.70
68.50
21.50
0.00
4.30
16.90
0.00
37.80
43.50
3.40
4.60
0.00
3.10
0.00
0.00
0.00
0.00
0.00
0.00
0.00
0.00
0.10
0.00
0.00
0.00
0.00
0.00
0.00
0.00
0.00
0.00
0.60
37.20
71.30
0.00
0.00
0.00
0.00
0.00
0.00
0.00
0.00
0.70
0.60
0.40
3.50
1.10
0.00
1.90
1.90
0.00
18.80
18.80
99.70
12.80
1.20
0.00
0.00
0.00
0.00
0.00
38.10
2.00
1.00
0.70
0.30
0.40
0.40
8.60
10.00
0.60
0.00
20.80
57.50
21.00
67.40
0.00
0.10
5.70
28.20
18.70
2.80
0.00
0.10
1.90
0.90
0.90
13.00
4.40
4.80
2.50
0.90
1.60
1.00
2.90
0.10
22.70
108.10
105.30
89.30
89.30
109.10
109.10
35.30
0.30
0.30
0.40
22.00
0.30
0.30
0.30
0.70
0.60
0.80
3.50
54.40
2.80
3.50
0.30
0.90
18.00
4.20
4.30
7.30
6.30
38.30
31.00
11.20
1.30
35.70
12.60
0.50
43.80
19.40
11.90
28.00
36.60
5.90
0.00
0.00
0.20
3.60
2.40
48.70
16.80
7.10
43.40
0.00
0.60
2.30
0.10
26.00
21.80
16.60
17.90
3.80
11.60
2.80
0.80
3.80
32.80
35.20
4.80
2.70
59.10
16.60
0.80
3.30
9.80
7.80
3.20
3.00
0.50
4.40
40.30
15.80
5.80
4.90
0.30
15.40
0.00
27.90
6.80
6.80
31.30
0.00
1.70
1.10
12.00
0.10
4.50
14.00
26.10
2.20
0.00
0.00
0.00
0.10
0.30
0.00
0.00
0.00
0.00
0.30
4.20
3.80
0.30
0.00
1.50
