20160101
0.00
0.00
0.00
0.00
0.00
0.00
0.00
0.00
0.00
0.00
0.00
0.00
3.00
0.00
0.00
5.00
0.00
0.00
3.00
30.00
0.00
0.00
0.00
0.00
0.00
0.00
0.00
0.00
0.00
0.00
0.00
0.00
0.00
0.00
0.00
0.00
0.00
1.00
3.00
0.00
0.00
0.00
4.00
0.00
0.00
0.00
0.00
0.00
0.00
0.00
3.00
1.00
1.00
238.00
811.00
27.00
28.00
0.00
0.00
0.00
0.00
0.00
0.00
0.00
0.00
0.00
0.00
0.00
0.00
1.00
0.00
1.00
3.00
0.00
2.00
5.00
0.00
0.00
10.00
0.00
0.00
0.00
0.00
0.00
0.00
0.00
0.00
14.00
0.00
26.00
564.00
118.00
122.00
53.00
0.00
5.00
0.00
0.00
2.00
0.00
0.00
0.00
0.00
0.00
0.00
0.00
0.00
0.00
0.00
0.00
0.00
0.00
0.00
0.00
0.00
0.00
0.00
0.00
0.00
1.00
0.00
87.00
120.00
0.00
11.00
3.00
3.00
27.00
3.00
0.00
0.00
0.00
3.00
967.00
0.00
0.00
0.00
79.00
139.00
307.00
972.00
206.00
0.00
0.00
90.00
126.00
0.00
26.00
59.00
0.00
92.00
19.00
0.00
0.00
0.00
0.00
19.00
4.00
40.00
60.00
37.00
2.00
2345.00
673.00
284.00
1.00
1.00
7.00
8.00
16.00
3.00
3.00
1.00
15.00
9.00
5.00
106.00
3.00
0.00
110.00
24.00
15.00
283.00
439.00
320.00
312.00
114.00
402.00
90.00
7.00
18.00
12.00
7.00
94.00
122.00
6.00
113.00
331.00
97.00
247.00
43.00
22.00
26.00
17.00
32.00
65.00
114.00
7.00
4.00
16.00
114.00
266.00
871.00
257.00
7.00
37.00
13.00
82.00
126.00
33.00
198.00
259.00
242.00
126.00
69.00
82.00
76.00
42.00
74.00
81.00
19.00
0.00
958.00
707.00
4.00
9.00
65.00
142.00
130.00
83.00
327.00
9.00
77.00
335.00
200.00
107.00
127.00
97.00
20.00
35.00
14.00
38.00
16.00
36.00
217.00
105.00
64.00
53.00
4.00
19.00
77.00
23.00
13.00
75.00
47.00
43.00
25.00
19.00
37.00
40.00
255.00
645.00
108.00
66.00
0.00
14.00
1.00
671.00
96.00
230.00
165.00
2.00
11.00
145.00
381.00
18.00
0.00
0.00
0.00
0.00
0.00
0.00
0.00
0.00
0.00
0.00
0.00
0.00
0.00
0.00
109.00
99.00
1.00
0.00
0.00
0.00
0.00
14.00
330.00
587.00
0.00
0.00
0.00
0.00
0.00
0.00
0.00
0.00
0.00
0.00
0.00
0.00
0.00
0.00
0.00
0.00
0.00
0.00
0.00
0.00
0.00
0.00
0.00
0.00
0.00
23.00
3.00
0.00
0.00
0.00
0.00
0.00
0.00
0.00
0.00
0.00
0.00
0.00
0.00
0.00
0.00
0.00
0.00
0.00
0.00
0.00
0.00
0.00
0.00
0.00
0.00
0.00
0.00
0.00
0.00
0.00
0.00
0.00
0.00
0.00
0.00
0.00
0.00
0.00
0.00
1.00
0.00
0.00
0.00
0.00
0.00
0.00
0.00
0.00
0.00
0.00
0.00
0.00
0.00
0.00
0.00
0.00
25.00
0.00
0.00
0.00
0.00
0.00
0.00
0.00
0.00
0.00
0.00
0.00
0.00
0.00
0.00
0.00
0.00
0.00
0.00
0.00
0.00
0.00
0.00
0.00
3.00
0.00
0.00
0.00
0.00
0.00
0.00
0.00
0.00
0.00
0.00
0.00
0.00
29.00
0.00
0.00
90.00
2.00
68.00
124.00
0.00
0.00
0.00
0.00
0.00
0.00
151.00
39.00
35.00
0.00
0.00
0.00
0.00
0.00
0.00
0.00
0.00
118.00
0.00
0.00
0.00
0.00
0.00
1.00
226.00
0.00
0.00
0.00
0.00
0.00
0.00
0.00
0.00
0.00
3.00
0.00
0.00
3.00
245.00
346.00
865.00
684.00
290.00
373.00
0.00
0.00
0.00
0.00
24.00
0.00
28.00
0.00
0.00
0.00
32.00
0.00
0.00
0.00
540.00
0.00
7.00
0.00
0.00
0.00
509.00
1.00
81.00
0.00
0.00
0.00
0.00
0.00
0.00
0.00
0.00
0.00
0.00
25.00
446.00
418.00
2.00
979.00
471.00
0.00
0.00
1412.00
0.00
16.00
120.00
2.00
42.00
622.00
259.00
223.00
0.00
105.00
23.00
232.00
194.00
1049.00
127.00
191.00
65.00
2.00
16.00
0.00
3.00
5.00
98.00
17.00
84.00
205.00
265.00
439.00
236.00
290.00
10.00
6.00
39.00
25.00
285.00
129.00
148.00
271.00
107.00
22.00
386.00
85.00
412.00
392.00
754.00
88.00
15.00
75.00
647.00
443.00
127.00
141.00
14.00
86.00
46.00
7.00
21.00
126.00
31.00
61.00
257.00
295.00
216.00
11.00
7.00
115.00
160.00
415.00
85.00
15.00
148.00
281.00
34.00
80.00
18.00
24.00
228.00
132.00
61.00
43.00
65.00
223.00
75.00
6.00
129.00
114.00
314.00
59.00
54.00
21.00
29.00
32.00
6.00
7.00
38.00
185.00
64.00
206.00
24.00
11.00
0.00
4.00
143.00
577.00
242.00
351.00
44.00
20.00
0.00
85.00
50.00
70.00
85.00
173.00
425.00
13.00
74.00
160.00
27.00
1.00
4.00
19.00
9.00
17.00
364.00
221.00
4.00
2.00
8.00
0.00
0.00
8.00
0.00
0.00
39.00
308.00
860.00
707.00
0.00
0.00
0.00
0.00
0.00
0.00
0.00
69.00
128.00
0.00
0.00
0.00
0.00
0.00
0.00
0.00
0.00
0.00
0.00
0.00
0.00
4.00
0.00
16.00
347.00
27.00
40.00
0.00
0.00
1.00
0.00
0.00
0.00
0.00
0.00
0.00
0.00
0.00
0.00
0.00
0.00
0.00
0.00
0.00
0.00
3.00
92.00
628.00
377.00
61.00
0.00
1.00
0.00
0.00
0.00
0.00
0.00
0.00
0.00
0.00
0.00
0.00
0.00
0.00
0.00
0.00
0.00
0.00
0.00
0.00
1.00
249.00
0.00
0.00
0.00
0.00
0.00
0.00
0.00
0.00
0.00
0.00
0.00
0.00
0.00
0.00
0.00
0.00
0.00
0.00
0.00
0.00
0.00
0.00
0.00
0.00
0.00
0.00
0.00
0.00
0.00
0.00
0.00
0.00
0.00
0.00
0.00
0.00
276.00
194.00
460.00
189.00
83.00
0.00
30.00
54.00
0.00
0.00
0.00
0.00
0.00
0.00
0.00
0.00
0.00
0.00
9.00
168.00
0.00
0.00
0.00
0.00
1.00
0.00
0.00
0.00
0.00
0.00
0.00
0.00
0.00
0.00
8.00
0.00
0.00
427.00
33.00
0.00
0.00
0.00
0.00
0.00
0.00
12.00
29.00
1.00
17.00
0.00
0.00
154.00
419.00
1.00
52.00
0.00
0.00
164.00
63.00
201.00
1.00
4.00
0.00
31.00
118.00
0.00
44.00
0.00
6.00
237.00
11.00
1.00
1.00
2.00
80.00
3.00
0.00
22.00
1.00
0.00
0.00
176.00
164.00
0.00
430.00
0.00
4.00
403.00
1.00
0.00
1.00
0.00
158.00
355.00
529.00
29.00
47.00
0.00
149.00
0.00
578.00
9.00
140.00
296.00
3.00
132.00
122.00
86.00
2.00
0.00
2.00
8.00
10.00
791.00
887.00
34.00
1.00
308.00
27.00
0.00
4.00
17.00
478.00
356.00
1012.00
254.00
1.00
41.00
42.00
90.00
1.00
0.00
265.00
14.00
21.00
221.00
162.00
303.00
21.00
6.00
29.00
11.00
6.00
160.00
8.00
66.00
497.00
129.00
6.00
19.00
1.00
1.00
16.00
26.00
23.00
5.00
151.00
108.00
17.00
19.00
57.00
15.00
27.00
23.00
71.00
54.00
139.00
211.00
477.00
452.00
200.00
179.00
18.00
68.00
25.00
15.00
75.00
122.00
30.00
224.00
80.00
8.00
35.00
1.00
12.00
44.00
21.00
34.00
107.00
19.00
6.00
334.00
82.00
579.00
92.00
150.00
24.00
10.00
203.00
109.00
12.00
14.00
28.00
8.00
21.00
6.00
41.00
29.00
39.00
100.00
1.00
34.00
0.00
1.00
10.00
43.00
31.00
119.00
12.00
3.00
93.00
1.00
0.00
32.00
30.00
156.00
24.00
0.00
8.00
20.00
35.00
1.00
37.00
0.00
0.00
3.00
0.00
0.00
0.00
0.00
0.00
0.00
0.00
0.00
112.00
561.00
360.00
609.00
431.00
0.00
0.00
0.00
0.00
0.00
0.00
0.00
0.00
0.00
0.00
0.00
0.00
0.00
7.00
83.00
154.00
24.00
8.00
0.00
0.00
0.00
0.00
0.00
2.00
0.00
0.00
0.00
0.00
0.00
0.00
0.00
0.00
0.00
0.00
0.00
0.00
0.00
0.00
5.00
0.00
0.00
0.00
0.00
0.00
0.00
0.00
0.00
0.00
0.00
0.00
0.00
0.00
0.00
0.00
0.00
0.00
0.00
0.00
0.00
0.00
0.00
0.00
0.00
83.00
34.00
9.00
0.00
0.00
0.00
0.00
0.00
0.00
0.00
0.00
0.00
0.00
0.00
0.00
0.00
0.00
0.00
0.00
0.00
0.00
0.00
0.00
0.00
0.00
0.00
0.00
0.00
0.00
0.00
0.00
0.00
0.00
0.00
0.00
0.00
0.00
0.00
0.00
0.00
0.00
0.00
0.00
0.00
0.00
0.00
0.00
0.00
0.00
0.00
0.00
0.00
0.00
0.00
0.00
0.00
0.00
0.00
0.00
0.00
0.00
0.00
3.00
0.00
0.00
0.00
0.00
0.00
0.00
0.40
0.90
47.60
42.10
45.40
12.40
0.00
0.00
0.00
1.10
11.90
0.00
0.00
0.00
0.00
0.00
2.60
0.00
0.00
0.10
2.50
1.20
24.40
1.00
0.00
0.00
0.00
12.60
0.00
0.00
0.00
0.00
2.30
0.00
0.00
6.00
60.60
0.50
27.20
71.40
0.00
0.00
27.90
1.50
0.50
45.60
6.60
28.20
0.00
13.90
0.00
0.00
0.00
0.00
0.00
0.00
0.00
1.40
0.10
0.00
0.00
0.00
0.00
0.30
0.00
0.00
0.00
0.00
0.50
141.20
27.60
0.00
0.00
0.00
0.00
0.00
0.00
0.00
0.10
14.20
0.00
13.00
0.00
0.00
0.00
0.00
0.00
0.00
22.80
22.80
21.00
8.50
0.00
0.00
0.00
0.00
0.00
1.90
0.00
41.20
14.10
22.80
3.20
1.30
12.50
6.50
10.00
0.50
0.00
0.20
15.80
4.40
67.50
0.00
13.80
5.20
2.60
2.90
24.30
1.30
0.10
0.80
4.90
12.60
3.30
1.60
3.00
0.50
7.10
13.30
2.30
0.00
1.10
12.30
21.10
36.30
45.80
45.80
20.10
20.10
70.80
0.00
0.00
0.50
4.70
0.00
0.00
0.00
6.10
6.70
0.40
7.10
50.40
13.20
5.10
0.80
2.20
27.50
6.80
6.00
4.70
1.00
22.20
40.70
8.80
14.10
7.80
24.30
7.00
28.90
25.80
79.00
28.50
23.20
14.00
4.80
0.00
0.00
8.90
4.70
26.20
28.20
22.10
6.80
3.20
0.10
1.90
3.10
2.00
41.20
20.40
35.30
2.40
5.70
5.40
0.90
13.70
58.40
4.90
22.90
2.80
54.60
9.80
0.70
3.00
3.40
0.40
1.60
0.30
3.30
2.20
7.00
4.80
19.70
23.40
7.00
0.20
14.30
47.00
19.40
19.40
5.00
1.70
21.30
2.80
3.70
2.80
0.20
18.30
15.30
0.20
1.70
0.20
0.30
0.00
17.10
0.00
0.00
1.70
0.40
1.20
3.50
1.80
0.30
0.00
3.10
