20160101
0.00
0.00
0.00
0.00
0.00
0.00
0.00
0.00
0.00
0.00
0.00
0.00
2.00
0.00
0.00
0.00
0.00
0.00
2.00
28.00
0.00
0.00
0.00
0.00
0.00
0.00
0.00
0.00
0.00
0.00
0.00
0.00
0.00
0.00
0.00
0.00
0.00
4.00
5.00
0.00
0.00
0.00
3.00
0.00
0.00
0.00
0.00
0.00
0.00
0.00
1.00
1.00
1.00
142.00
523.00
35.00
23.00
0.00
0.00
0.00
0.00
0.00
0.00
0.00
0.00
1.00
0.00
0.00
0.00
4.00
0.00
2.00
3.00
0.00
2.00
1.00
0.00
0.00
19.00
2.00
0.00
0.00
0.00
0.00
0.00
0.00
0.00
12.00
1.00
54.00
809.00
206.00
178.00
48.00
0.00
6.00
0.00
0.00
1.00
0.00
0.00
0.00
0.00
0.00
0.00
0.00
0.00
0.00
0.00
0.00
0.00
0.00
0.00
0.00
0.00
0.00
0.00
0.00
0.00
1.00
0.00
15.00
300.00
0.00
9.00
7.00
5.00
35.00
2.00
0.00
0.00
1.00
1.00
784.00
0.00
0.00
0.00
127.00
269.00
312.00
961.00
223.00
0.00
0.00
58.00
158.00
0.00
7.00
83.00
0.00
105.00
6.00
0.00
0.00
0.00
0.00
9.00
1.00
24.00
2.00
20.00
0.00
2038.00
608.00
199.00
3.00
1.00
2.00
5.00
8.00
4.00
0.00
3.00
27.00
25.00
5.00
102.00
2.00
3.00
111.00
21.00
13.00
212.00
230.00
78.00
230.00
85.00
396.00
116.00
18.00
33.00
9.00
5.00
43.00
67.00
17.00
88.00
332.00
88.00
240.00
42.00
25.00
22.00
11.00
30.00
76.00
101.00
10.00
5.00
13.00
125.00
311.00
605.00
141.00
25.00
38.00
9.00
78.00
122.00
23.00
154.00
226.00
298.00
212.00
34.00
98.00
56.00
39.00
80.00
174.00
71.00
4.00
709.00
1516.00
14.00
12.00
51.00
145.00
105.00
103.00
395.00
51.00
58.00
235.00
154.00
167.00
121.00
64.00
13.00
32.00
27.00
53.00
7.00
49.00
212.00
105.00
91.00
44.00
30.00
39.00
89.00
15.00
6.00
85.00
88.00
38.00
47.00
48.00
135.00
34.00
132.00
695.00
84.00
29.00
0.00
4.00
11.00
668.00
55.00
257.00
193.00
1.00
39.00
122.00
178.00
19.00
0.00
0.00
0.00
0.00
0.00
0.00
0.00
0.00
0.00
0.00
0.00
0.00
0.00
1.00
103.00
108.00
4.00
0.00
0.00
0.00
0.00
11.00
345.00
542.00
0.00
0.00
0.00
0.00
0.00
0.00
0.00
0.00
0.00
0.00
0.00
0.00
0.00
0.00
0.00
0.00
0.00
0.00
0.00
0.00
0.00
0.00
226.00
0.00
0.00
21.00
0.00
0.00
0.00
0.00
0.00
0.00
0.00
0.00
0.00
0.00
0.00
0.00
0.00
0.00
0.00
0.00
0.00
0.00
0.00
0.00
0.00
116.00
96.00
0.00
0.00
0.00
0.00
0.00
0.00
0.00
1.00
0.00
0.00
0.00
0.00
0.00
0.00
0.00
0.00
1.00
0.00
0.00
0.00
0.00
0.00
0.00
0.00
0.00
0.00
0.00
0.00
0.00
0.00
0.00
0.00
0.00
15.00
0.00
0.00
0.00
0.00
0.00
0.00
0.00
0.00
0.00
0.00
0.00
0.00
0.00
0.00
0.00
0.00
0.00
0.00
0.00
0.00
0.00
0.00
0.00
0.00
0.00
0.00
0.00
0.00
0.00
0.00
0.00
0.00
0.00
0.00
0.00
1.00
5.00
51.00
0.00
67.00
1.00
80.00
107.00
0.00
0.00
0.00
0.00
0.00
0.00
83.00
16.00
43.00
0.00
0.00
0.00
0.00
2.00
0.00
0.00
0.00
170.00
0.00
0.00
0.00
0.00
0.00
1.00
179.00
0.00
0.00
0.00
0.00
0.00
0.00
0.00
0.00
0.00
3.00
0.00
0.00
18.00
312.00
133.00
1133.00
846.00
317.00
213.00
0.00
0.00
1.00
0.00
6.00
0.00
55.00
0.00
0.00
0.00
46.00
4.00
0.00
0.00
291.00
0.00
23.00
0.00
0.00
0.00
680.00
1.00
156.00
0.00
0.00
0.00
0.00
0.00
0.00
0.00
0.00
221.00
0.00
3.00
258.00
299.00
1.00
1751.00
519.00
0.00
0.00
1100.00
0.00
2.00
113.00
0.00
36.00
483.00
284.00
93.00
1.00
106.00
26.00
252.00
191.00
938.00
62.00
171.00
145.00
6.00
10.00
7.00
4.00
13.00
81.00
13.00
142.00
148.00
340.00
495.00
199.00
366.00
14.00
3.00
21.00
33.00
227.00
163.00
141.00
265.00
52.00
28.00
398.00
131.00
365.00
411.00
719.00
36.00
29.00
80.00
524.00
368.00
102.00
129.00
20.00
96.00
38.00
2.00
5.00
245.00
35.00
69.00
209.00
240.00
144.00
2.00
7.00
79.00
161.00
689.00
126.00
14.00
128.00
217.00
49.00
76.00
30.00
29.00
271.00
173.00
101.00
30.00
75.00
169.00
154.00
32.00
143.00
91.00
234.00
23.00
47.00
197.00
33.00
30.00
11.00
14.00
38.00
124.00
50.00
188.00
23.00
21.00
3.00
2.00
115.00
389.00
268.00
259.00
49.00
40.00
5.00
65.00
53.00
105.00
75.00
95.00
392.00
16.00
63.00
533.00
39.00
3.00
4.00
8.00
5.00
23.00
278.00
395.00
0.00
2.00
5.00
0.00
0.00
19.00
0.00
0.00
11.00
218.00
822.00
667.00
0.00
0.00
2.00
0.00
0.00
0.00
0.00
63.00
68.00
0.00
0.00
0.00
0.00
0.00
0.00
0.00
0.00
0.00
0.00
0.00
0.00
5.00
0.00
18.00
389.00
21.00
10.00
0.00
1.00
1.00
0.00
0.00
0.00
0.00
0.00
0.00
0.00
0.00
0.00
0.00
0.00
0.00
0.00
0.00
0.00
3.00
34.00
598.00
386.00
34.00
0.00
0.00
0.00
0.00
0.00
0.00
0.00
0.00
0.00
0.00
0.00
0.00
0.00
0.00
0.00
0.00
0.00
0.00
0.00
0.00
10.00
279.00
1.00
0.00
0.00
0.00
0.00
0.00
0.00
0.00
0.00
0.00
0.00
0.00
0.00
0.00
0.00
0.00
0.00
0.00
0.00
0.00
0.00
0.00
0.00
0.00
0.00
0.00
0.00
0.00
0.00
0.00
0.00
0.00
0.00
0.00
0.00
0.00
514.00
356.00
431.00
324.00
40.00
0.00
97.00
108.00
0.00
0.00
0.00
0.00
0.00
0.00
0.00
0.00
0.00
0.00
0.00
314.00
0.00
0.00
0.00
0.00
0.00
0.00
18.00
1.00
0.00
0.00
0.00
0.00
0.00
0.00
4.00
0.00
0.00
331.00
8.00
0.00
0.00
0.00
0.00
0.00
0.00
10.00
39.00
2.00
17.00
0.00
0.00
197.00
508.00
0.00
48.00
0.00
1.00
122.00
19.00
224.00
1.00
2.00
0.00
54.00
128.00
0.00
130.00
0.00
12.00
222.00
1.00
8.00
0.00
6.00
110.00
5.00
0.00
24.00
0.00
0.00
0.00
341.00
158.00
2.00
415.00
0.00
4.00
472.00
1.00
0.00
2.00
0.00
118.00
482.00
375.00
33.00
4.00
0.00
131.00
0.00
433.00
11.00
70.00
387.00
0.00
141.00
67.00
120.00
2.00
0.00
0.00
0.00
29.00
527.00
966.00
25.00
5.00
232.00
3.00
0.00
2.00
3.00
450.00
336.00
276.00
360.00
19.00
48.00
172.00
82.00
1.00
0.00
359.00
13.00
7.00
223.00
143.00
332.00
25.00
0.00
31.00
13.00
20.00
100.00
9.00
77.00
456.00
132.00
4.00
22.00
2.00
0.00
23.00
23.00
17.00
4.00
138.00
128.00
20.00
5.00
38.00
23.00
81.00
33.00
61.00
64.00
133.00
325.00
425.00
274.00
55.00
232.00
52.00
49.00
45.00
19.00
84.00
52.00
26.00
159.00
85.00
19.00
54.00
5.00
10.00
37.00
34.00
61.00
120.00
21.00
11.00
330.00
146.00
347.00
85.00
156.00
46.00
12.00
171.00
108.00
30.00
13.00
26.00
24.00
17.00
111.00
40.00
28.00
48.00
120.00
1.00
58.00
0.00
1.00
6.00
30.00
15.00
112.00
23.00
21.00
161.00
3.00
0.00
29.00
20.00
143.00
21.00
0.00
3.00
6.00
103.00
1.00
36.00
0.00
0.00
1.00
0.00
0.00
0.00
0.00
0.00
0.00
0.00
0.00
95.00
581.00
304.00
705.00
367.00
0.00
0.00
0.00
0.00
0.00
0.00
0.00
0.00
0.00
0.00
0.00
0.00
0.00
12.00
104.00
140.00
15.00
1.00
0.00
0.00
0.00
0.00
0.00
0.00
0.00
0.00
0.00
0.00
0.00
0.00
0.00
0.00
0.00
0.00
0.00
0.00
0.00
0.00
6.00
0.00
0.00
0.00
0.00
0.00
0.00
0.00
0.00
0.00
0.00
0.00
0.00
0.00
0.00
0.00
0.00
0.00
0.00
0.00
0.00
0.00
0.00
0.00
0.00
62.00
48.00
12.00
0.00
0.00
0.00
0.00
0.00
0.00
0.00
0.00
0.00
0.00
0.00
0.00
0.00
0.00
0.00
0.00
0.00
0.00
0.00
0.00
0.00
0.00
0.00
0.00
0.00
0.00
0.00
0.00
0.00
0.00
0.00
0.00
0.00
0.00
0.00
0.00
0.00
0.00
1.00
1.00
0.00
0.00
0.00
0.00
0.00
0.00
0.00
0.00
0.00
0.00
0.00
1.00
0.00
0.00
0.00
0.00
0.00
0.00
0.00
4.00
0.00
0.00
0.00
0.00
0.00
0.00
0.50
1.50
53.90
43.20
57.70
16.60
0.00
0.00
0.10
1.30
22.90
0.00
0.00
0.00
0.00
0.00
1.50
0.00
0.00
0.10
4.10
0.50
30.60
2.60
0.00
0.00
0.00
9.70
0.00
0.00
0.00
0.10
1.20
0.00
0.00
1.10
41.70
0.10
67.30
33.80
0.00
0.00
37.20
1.30
0.40
34.40
9.70
13.10
0.00
17.70
0.10
0.00
0.70
0.00
0.00
0.00
0.00
0.90
0.00
0.00
0.00
0.00
0.00
0.40
0.00
0.00
0.00
0.00
0.10
163.40
15.70
0.00
0.00
0.00
0.00
0.00
0.00
0.00
0.00
5.60
0.10
8.70
0.00
0.00
0.00
2.30
2.30
0.00
34.40
34.40
22.50
10.60
0.00
0.00
0.00
0.00
0.00
1.90
0.00
31.20
21.80
23.60
22.20
2.80
12.80
10.10
1.30
0.00
0.00
0.50
12.00
2.60
82.10
0.10
12.70
13.30
2.40
0.80
0.90
0.20
0.00
0.30
1.80
9.40
2.10
1.70
0.90
1.40
1.30
17.70
1.10
1.20
1.20
9.60
14.40
13.40
29.70
29.70
18.20
18.20
55.00
1.10
1.10
1.80
3.10
1.10
1.10
1.10
1.50
7.90
2.70
8.50
53.20
10.30
6.20
1.50
5.70
38.00
3.30
2.30
4.30
5.10
19.90
48.00
6.10
18.00
6.90
14.40
8.00
34.40
24.00
103.10
42.50
20.90
13.10
5.20
1.90
2.50
5.20
3.70
24.40
44.40
11.50
11.00
1.60
0.30
3.50
4.40
1.60
31.00
26.50
28.70
8.60
6.60
3.10
1.50
12.00
38.40
1.90
19.10
2.10
38.90
8.50
0.80
1.20
7.10
2.20
0.70
0.90
1.90
7.30
11.30
3.40
14.90
31.70
11.50
1.60
9.70
108.40
24.50
24.50
19.40
1.60
12.60
3.20
9.40
0.70
0.10
17.70
20.10
0.20
0.20
0.00
0.30
0.10
13.20
0.00
0.00
0.30
0.40
0.10
3.20
1.30
0.10
0.00
2.30
