20160101
0.00
0.00
0.00
0.00
0.00
0.00
0.00
0.00
0.00
0.00
0.00
0.00
0.00
0.00
0.00
0.00
0.00
0.00
1.00
18.00
11.00
0.00
0.00
0.00
0.00
0.00
0.00
0.00
0.00
0.00
0.00
0.00
0.00
0.00
0.00
0.00
0.00
0.00
0.00
0.00
0.00
0.00
2.00
0.00
0.00
0.00
0.00
0.00
0.00
0.00
0.00
0.00
0.00
25.00
306.00
13.00
24.00
0.00
0.00
0.00
0.00
0.00
0.00
0.00
0.00
11.00
0.00
0.00
0.00
1.00
0.00
1.00
0.00
0.00
0.00
0.00
1.00
0.00
0.00
0.00
6.00
0.00
0.00
0.00
0.00
0.00
0.00
837.00
0.00
0.00
97.00
118.00
24.00
58.00
162.00
21.00
0.00
0.00
0.00
0.00
0.00
0.00
0.00
0.00
0.00
0.00
20.00
17.00
11.00
0.00
0.00
0.00
0.00
0.00
2.00
35.00
1.00
0.00
0.00
0.00
0.00
413.00
73.00
27.00
324.00
0.00
248.00
11.00
0.00
0.00
3.00
17.00
12.00
156.00
2.00
0.00
8.00
135.00
172.00
351.00
1096.00
807.00
3.00
0.00
172.00
7.00
0.00
0.00
78.00
1.00
0.00
36.00
13.00
0.00
235.00
179.00
282.00
66.00
140.00
127.00
150.00
513.00
1023.00
173.00
149.00
0.00
9.00
83.00
45.00
6.00
1.00
0.00
1.00
4.00
74.00
60.00
106.00
27.00
1.00
354.00
373.00
7.00
9.00
114.00
50.00
505.00
199.00
56.00
192.00
79.00
40.00
15.00
0.00
49.00
6.00
1.00
35.00
26.00
54.00
18.00
2.00
50.00
45.00
12.00
53.00
93.00
329.00
14.00
0.00
74.00
237.00
230.00
302.00
812.00
19.00
68.00
103.00
22.00
1.00
1.00
103.00
74.00
377.00
182.00
0.00
127.00
187.00
7.00
130.00
18.00
0.00
17.00
438.00
277.00
0.00
1.00
1.00
407.00
152.00
110.00
192.00
8.00
55.00
72.00
185.00
11.00
53.00
3.00
1.00
1.00
3.00
46.00
1.00
12.00
246.00
420.00
241.00
50.00
122.00
764.00
157.00
123.00
5.00
121.00
187.00
131.00
88.00
50.00
4.00
36.00
296.00
317.00
53.00
649.00
576.00
155.00
207.00
53.00
78.00
142.00
171.00
238.00
10.00
29.00
721.00
159.00
0.00
0.00
0.00
0.00
0.00
0.00
0.00
0.00
0.00
0.00
0.00
0.00
0.00
7.00
8.00
30.00
2.00
1.00
2.00
0.00
0.00
11.00
220.00
871.00
192.00
0.00
0.00
0.00
0.00
0.00
0.00
0.00
0.00
0.00
0.00
0.00
0.00
0.00
0.00
0.00
0.00
0.00
0.00
0.00
0.00
0.00
0.00
0.00
0.00
0.00
0.00
0.00
0.00
0.00
0.00
0.00
0.00
0.00
0.00
0.00
0.00
0.00
0.00
0.00
0.00
0.00
0.00
0.00
0.00
0.00
0.00
0.00
0.00
0.00
0.00
0.00
0.00
0.00
0.00
0.00
0.00
0.00
0.00
0.00
0.00
0.00
0.00
0.00
0.00
0.00
0.00
0.00
0.00
0.00
0.00
0.00
0.00
0.00
0.00
0.00
0.00
0.00
10.00
0.00
0.00
0.00
0.00
0.00
0.00
0.00
0.00
0.00
0.00
0.00
0.00
0.00
0.00
0.00
0.00
0.00
0.00
0.00
0.00
0.00
0.00
0.00
0.00
0.00
0.00
0.00
0.00
0.00
0.00
0.00
0.00
0.00
0.00
0.00
0.00
0.00
0.00
0.00
0.00
130.00
137.00
9.00
143.00
2.00
115.00
40.00
0.00
0.00
0.00
0.00
0.00
0.00
263.00
0.00
50.00
0.00
0.00
0.00
0.00
12.00
0.00
0.00
0.00
57.00
41.00
0.00
0.00
0.00
267.00
122.00
234.00
0.00
0.00
0.00
0.00
0.00
0.00
0.00
0.00
0.00
11.00
2.00
0.00
0.00
858.00
248.00
175.00
284.00
193.00
460.00
369.00
0.00
0.00
0.00
0.00
0.00
18.00
0.00
0.00
0.00
0.00
10.00
0.00
0.00
242.00
0.00
1.00
0.00
224.00
17.00
224.00
0.00
164.00
0.00
44.00
0.00
15.00
0.00
0.00
0.00
0.00
0.00
170.00
76.00
336.00
927.00
117.00
1019.00
201.00
59.00
309.00
0.00
0.00
1184.00
706.00
681.00
316.00
325.00
1046.00
1014.00
0.00
385.00
191.00
41.00
251.00
604.00
21.00
22.00
77.00
140.00
91.00
13.00
32.00
8.00
69.00
66.00
146.00
59.00
109.00
336.00
295.00
23.00
4.00
3.00
0.00
25.00
161.00
21.00
139.00
226.00
386.00
61.00
27.00
64.00
119.00
305.00
646.00
23.00
76.00
699.00
1084.00
78.00
43.00
115.00
168.00
171.00
12.00
11.00
19.00
0.00
193.00
370.00
102.00
35.00
18.00
19.00
13.00
130.00
839.00
363.00
23.00
21.00
152.00
19.00
20.00
219.00
55.00
298.00
685.00
147.00
252.00
285.00
151.00
91.00
46.00
44.00
96.00
37.00
218.00
212.00
41.00
9.00
161.00
13.00
30.00
315.00
77.00
1.00
16.00
171.00
7.00
10.00
87.00
41.00
520.00
237.00
333.00
6.00
7.00
2.00
0.00
209.00
981.00
440.00
380.00
206.00
30.00
47.00
173.00
0.00
21.00
6.00
222.00
32.00
765.00
97.00
1.00
17.00
0.00
54.00
91.00
0.00
0.00
0.00
0.00
415.00
170.00
208.00
397.00
896.00
0.00
0.00
0.00
0.00
0.00
0.00
19.00
223.00
38.00
0.00
0.00
0.00
0.00
0.00
0.00
0.00
0.00
0.00
0.00
0.00
0.00
1.00
0.00
14.00
140.00
72.00
6.00
0.00
0.00
0.00
0.00
0.00
0.00
0.00
0.00
0.00
0.00
0.00
0.00
0.00
0.00
0.00
0.00
0.00
0.00
0.00
19.00
1210.00
868.00
187.00
0.00
0.00
0.00
0.00
0.00
0.00
0.00
0.00
0.00
0.00
0.00
0.00
0.00
0.00
0.00
0.00
0.00
0.00
0.00
0.00
132.00
413.00
22.00
0.00
0.00
0.00
0.00
0.00
0.00
0.00
0.00
0.00
0.00
0.00
0.00
0.00
0.00
0.00
0.00
0.00
0.00
0.00
0.00
0.00
0.00
0.00
0.00
0.00
0.00
0.00
0.00
0.00
0.00
0.00
0.00
0.00
0.00
0.00
36.00
76.00
389.00
1.00
51.00
0.00
0.00
8.00
0.00
0.00
0.00
0.00
0.00
0.00
0.00
0.00
0.00
0.00
0.00
403.00
0.00
0.00
0.00
0.00
0.00
0.00
0.00
0.00
0.00
0.00
0.00
0.00
0.00
0.00
248.00
0.00
0.00
44.00
15.00
0.00
0.00
0.00
0.00
0.00
0.00
0.00
0.00
0.00
0.00
0.00
0.00
4.00
105.00
0.00
6.00
28.00
0.00
0.00
77.00
13.00
44.00
24.00
26.00
14.00
0.00
0.00
0.00
0.00
0.00
203.00
108.00
97.00
139.00
221.00
9.00
0.00
0.00
1.00
80.00
10.00
0.00
445.00
306.00
3.00
1.00
7.00
170.00
450.00
68.00
600.00
199.00
87.00
182.00
342.00
0.00
88.00
0.00
0.00
171.00
1.00
22.00
41.00
122.00
40.00
12.00
67.00
155.00
0.00
0.00
0.00
0.00
8.00
192.00
170.00
0.00
70.00
0.00
439.00
80.00
1.00
3.00
352.00
489.00
749.00
1733.00
798.00
178.00
290.00
188.00
67.00
92.00
7.00
15.00
13.00
2.00
27.00
84.00
161.00
13.00
18.00
6.00
56.00
1.00
2.00
0.00
249.00
250.00
48.00
6.00
7.00
300.00
0.00
8.00
0.00
388.00
39.00
2.00
201.00
73.00
3.00
10.00
2.00
68.00
176.00
97.00
11.00
183.00
177.00
1.00
72.00
80.00
2.00
27.00
27.00
97.00
82.00
52.00
0.00
254.00
606.00
642.00
113.00
110.00
72.00
169.00
109.00
434.00
78.00
416.00
114.00
6.00
55.00
16.00
45.00
2.00
37.00
0.00
49.00
7.00
148.00
55.00
10.00
9.00
0.00
22.00
30.00
16.00
0.00
54.00
116.00
2.00
1.00
0.00
6.00
156.00
13.00
211.00
9.00
19.00
1.00
384.00
0.00
67.00
123.00
96.00
57.00
12.00
0.00
52.00
56.00
3.00
16.00
87.00
0.00
0.00
0.00
0.00
0.00
0.00
0.00
0.00
0.00
0.00
24.00
229.00
403.00
454.00
727.00
144.00
0.00
0.00
0.00
0.00
0.00
0.00
0.00
0.00
0.00
0.00
0.00
0.00
0.00
25.00
48.00
340.00
147.00
34.00
0.00
0.00
0.00
0.00
0.00
0.00
0.00
0.00
0.00
0.00
0.00
0.00
0.00
0.00
0.00
0.00
0.00
0.00
0.00
0.00
7.00
0.00
0.00
0.00
0.00
0.00
0.00
0.00
0.00
0.00
0.00
0.00
0.00
0.00
0.00
0.00
0.00
0.00
0.00
0.00
0.00
0.00
0.00
0.00
0.00
76.00
69.00
8.00
0.00
0.00
0.00
0.00
0.00
0.00
0.00
0.00
0.00
0.00
0.00
0.00
0.00
0.00
0.00
0.00
0.00
0.00
0.00
0.00
0.00
0.00
0.00
0.00
0.00
0.00
0.00
0.00
0.00
0.00
0.00
0.00
0.00
0.00
0.00
0.00
0.00
0.00
0.00
0.00
0.00
0.00
0.00
0.00
0.00
0.00
0.00
0.00
0.00
0.00
0.00
0.00
0.00
0.00
0.00
0.00
0.00
0.00
0.00
2.00
1.00
0.00
0.00
0.00
0.00
0.00
0.00
0.00
101.20
96.30
23.60
25.50
0.00
0.00
0.00
0.80
12.30
0.00
0.00
0.00
0.00
0.00
0.00
0.00
0.00
0.00
0.00
0.70
0.20
2.20
0.00
0.00
0.00
10.20
0.00
0.00
0.00
0.00
0.10
0.00
0.00
0.00
38.90
28.90
66.40
28.60
0.00
2.10
17.80
0.10
36.90
30.70
0.60
3.40
0.00
0.10
0.00
0.00
0.00
0.00
0.00
0.00
0.00
0.00
0.00
0.00
0.00
0.00
0.00
0.00
0.00
0.00
0.00
0.00
0.10
16.60
26.00
0.00
0.00
0.00
0.00
0.00
0.00
0.00
0.00
1.00
3.00
16.10
6.90
1.20
0.00
3.90
3.90
0.00
8.50
8.50
116.60
23.20
2.80
0.00
0.00
0.00
0.00
0.00
41.70
60.60
1.10
13.80
0.30
2.80
1.80
0.70
57.40
0.90
0.00
48.50
47.00
27.40
9.10
0.20
0.10
225.40
85.00
41.50
6.20
0.10
0.30
2.90
0.90
2.50
2.40
0.40
1.00
11.30
0.60
1.10
0.00
1.10
2.90
34.80
121.70
174.80
44.40
44.40
109.60
109.60
46.10
0.70
0.70
0.60
31.80
0.70
0.70
0.70
22.10
2.00
3.80
2.70
34.00
3.90
3.50
3.20
2.20
38.80
4.30
4.80
5.30
5.50
31.40
28.40
17.70
0.10
24.90
3.90
6.40
6.90
24.10
16.90
16.60
38.00
5.40
0.70
0.50
0.20
4.10
3.80
65.30
27.40
31.20
13.20
0.00
1.50
4.30
1.50
24.80
83.70
20.40
2.70
8.60
12.20
10.50
2.90
1.30
5.40
28.50
3.90
5.70
30.80
8.50
1.00
2.70
0.80
12.90
4.50
5.60
0.10
6.90
29.60
41.70
5.20
11.30
0.00
0.60
0.50
15.80
7.10
7.10
21.40
0.00
0.20
2.10
11.60
0.00
0.00
29.80
12.90
1.60
0.00
0.00
1.20
3.20
1.40
0.00
0.00
0.10
0.00
0.30
7.40
4.80
0.10
0.00
2.30
