20160101
0.00
0.00
0.00
0.00
0.00
0.00
0.00
94.00
0.00
0.00
0.00
0.00
0.00
0.00
0.00
12.00
0.00
0.00
4.00
66.00
0.00
0.00
0.00
0.00
0.00
0.00
2.00
0.00
0.00
0.00
0.00
0.00
0.00
0.00
0.00
0.00
0.00
8.00
2.00
0.00
0.00
0.00
0.00
0.00
0.00
0.00
0.00
0.00
0.00
0.00
3.00
2.00
1.00
20.00
329.00
0.00
80.00
0.00
1.00
0.00
1.00
0.00
0.00
0.00
0.00
0.00
0.00
0.00
3.00
1.00
0.00
0.00
0.00
0.00
5.00
1.00
0.00
0.00
183.00
0.00
0.00
0.00
0.00
0.00
0.00
0.00
0.00
0.00
0.00
113.00
574.00
7.00
21.00
20.00
0.00
232.00
0.00
1.00
4.00
0.00
0.00
0.00
0.00
0.00
0.00
0.00
0.00
0.00
8.00
0.00
0.00
0.00
0.00
0.00
0.00
0.00
0.00
1.00
0.00
0.00
0.00
6.00
498.00
4.00
7.00
0.00
0.00
66.00
3.00
10.00
0.00
0.00
1.00
442.00
19.00
0.00
7.00
66.00
32.00
203.00
557.00
199.00
0.00
2.00
68.00
268.00
80.00
4.00
50.00
0.00
185.00
10.00
90.00
0.00
1.00
0.00
17.00
7.00
2.00
0.00
26.00
19.00
1895.00
504.00
253.00
440.00
6.00
3.00
9.00
26.00
17.00
8.00
7.00
26.00
55.00
1.00
24.00
17.00
0.00
14.00
6.00
4.00
142.00
68.00
213.00
406.00
68.00
325.00
55.00
75.00
41.00
5.00
14.00
21.00
46.00
57.00
149.00
209.00
264.00
32.00
100.00
17.00
16.00
42.00
119.00
84.00
67.00
48.00
1.00
1.00
134.00
218.00
408.00
254.00
70.00
6.00
35.00
18.00
226.00
104.00
94.00
277.00
420.00
135.00
207.00
63.00
50.00
18.00
125.00
195.00
57.00
3.00
187.00
1444.00
36.00
26.00
37.00
125.00
32.00
42.00
87.00
88.00
51.00
189.00
92.00
147.00
62.00
53.00
23.00
29.00
44.00
58.00
17.00
83.00
232.00
280.00
231.00
7.00
23.00
41.00
119.00
47.00
5.00
154.00
90.00
47.00
225.00
306.00
197.00
94.00
58.00
327.00
3.00
12.00
9.00
4.00
88.00
66.00
96.00
15.00
19.00
18.00
32.00
76.00
19.00
9.00
0.00
0.00
0.00
0.00
0.00
0.00
0.00
0.00
0.00
0.00
0.00
2.00
0.00
141.00
166.00
51.00
7.00
1.00
1.00
0.00
137.00
164.00
857.00
641.00
0.00
0.00
0.00
0.00
0.00
0.00
3.00
0.00
0.00
0.00
0.00
0.00
0.00
0.00
0.00
0.00
0.00
0.00
0.00
0.00
0.00
0.00
0.00
42.00
0.00
70.00
0.00
42.00
0.00
0.00
0.00
0.00
0.00
0.00
0.00
0.00
0.00
0.00
0.00
0.00
0.00
0.00
0.00
0.00
0.00
0.00
0.00
0.00
0.00
0.00
0.00
0.00
0.00
0.00
0.00
0.00
985.00
389.00
128.00
0.00
0.00
0.00
0.00
0.00
0.00
8.00
0.00
0.00
0.00
0.00
0.00
0.00
0.00
0.00
0.00
0.00
0.00
0.00
0.00
0.00
0.00
0.00
51.00
0.00
0.00
0.00
0.00
0.00
0.00
0.00
0.00
0.00
0.00
0.00
0.00
0.00
0.00
0.00
7.00
4.00
0.00
0.00
0.00
0.00
0.00
0.00
0.00
0.00
0.00
0.00
0.00
0.00
0.00
0.00
0.00
0.00
0.00
0.00
0.00
11.00
0.00
0.00
70.00
3.00
117.00
45.00
0.00
0.00
0.00
0.00
0.00
0.00
6.00
21.00
17.00
0.00
0.00
0.00
0.00
0.00
0.00
0.00
0.00
0.00
0.00
0.00
0.00
0.00
0.00
0.00
1.00
0.00
3.00
0.00
1.00
0.00
0.00
0.00
0.00
0.00
0.00
1.00
0.00
4.00
21.00
7.00
5.00
220.00
616.00
23.00
0.00
1.00
3.00
0.00
0.00
0.00
140.00
0.00
0.00
0.00
100.00
1.00
0.00
0.00
294.00
0.00
116.00
0.00
55.00
0.00
219.00
0.00
433.00
2.00
0.00
0.00
0.00
0.00
0.00
0.00
0.00
1.00
0.00
28.00
127.00
15.00
93.00
2086.00
486.00
0.00
0.00
666.00
2.00
0.00
86.00
13.00
46.00
488.00
342.00
25.00
3.00
148.00
72.00
318.00
127.00
788.00
17.00
183.00
99.00
1.00
15.00
3.00
9.00
6.00
70.00
13.00
14.00
75.00
686.00
710.00
88.00
311.00
68.00
11.00
43.00
22.00
255.00
178.00
177.00
26.00
10.00
10.00
179.00
117.00
37.00
306.00
663.00
342.00
203.00
281.00
447.00
392.00
75.00
159.00
3.00
45.00
26.00
1.00
26.00
425.00
100.00
103.00
127.00
176.00
186.00
51.00
7.00
115.00
240.00
1057.00
139.00
35.00
113.00
153.00
28.00
21.00
43.00
94.00
79.00
146.00
3.00
1.00
8.00
49.00
138.00
29.00
72.00
15.00
62.00
58.00
24.00
13.00
79.00
5.00
3.00
3.00
55.00
79.00
12.00
260.00
9.00
12.00
7.00
4.00
31.00
121.00
320.00
258.00
61.00
3.00
0.00
2.00
12.00
40.00
10.00
54.00
527.00
75.00
117.00
178.00
4.00
0.00
1.00
1.00
2.00
1.00
71.00
384.00
79.00
0.00
1.00
0.00
0.00
0.00
0.00
0.00
3.00
207.00
1769.00
146.00
0.00
0.00
12.00
0.00
0.00
0.00
0.00
2.00
8.00
0.00
0.00
0.00
0.00
0.00
0.00
0.00
0.00
0.00
0.00
0.00
0.00
42.00
0.00
41.00
429.00
87.00
11.00
1.00
3.00
6.00
0.00
0.00
0.00
0.00
0.00
0.00
0.00
0.00
0.00
0.00
0.00
0.00
0.00
0.00
0.00
4.00
2.00
146.00
116.00
0.00
0.00
0.00
0.00
0.00
0.00
0.00
0.00
0.00
1.00
0.00
0.00
0.00
0.00
0.00
0.00
0.00
0.00
0.00
0.00
0.00
0.00
48.00
3.00
0.00
0.00
0.00
0.00
0.00
0.00
0.00
0.00
0.00
0.00
0.00
0.00
0.00
0.00
0.00
0.00
0.00
0.00
0.00
0.00
0.00
0.00
0.00
0.00
0.00
0.00
0.00
0.00
0.00
16.00
1.00
0.00
1.00
0.00
0.00
862.00
426.00
345.00
692.00
110.00
6.00
348.00
229.00
0.00
0.00
0.00
0.00
12.00
2.00
0.00
0.00
0.00
0.00
0.00
171.00
0.00
32.00
6.00
0.00
0.00
0.00
22.00
0.00
0.00
0.00
0.00
0.00
0.00
87.00
0.00
0.00
84.00
672.00
23.00
0.00
0.00
0.00
0.00
0.00
4.00
51.00
154.00
1.00
13.00
0.00
0.00
0.00
944.00
77.00
398.00
0.00
0.00
280.00
50.00
585.00
2.00
42.00
3.00
1.00
98.00
0.00
39.00
0.00
0.00
27.00
0.00
0.00
0.00
16.00
232.00
25.00
0.00
0.00
13.00
0.00
0.00
0.00
144.00
20.00
169.00
0.00
70.00
635.00
1.00
0.00
13.00
0.00
242.00
217.00
7.00
541.00
3.00
0.00
101.00
0.00
466.00
0.00
53.00
49.00
51.00
106.00
13.00
5.00
0.00
0.00
1.00
0.00
0.00
144.00
36.00
0.00
2.00
3.00
10.00
0.00
3.00
67.00
516.00
165.00
194.00
270.00
8.00
4.00
0.00
278.00
12.00
0.00
325.00
94.00
21.00
0.00
68.00
159.00
51.00
3.00
11.00
24.00
14.00
10.00
29.00
20.00
219.00
98.00
5.00
0.00
7.00
0.00
16.00
20.00
16.00
4.00
35.00
49.00
12.00
5.00
16.00
2.00
400.00
1.00
36.00
20.00
243.00
90.00
260.00
86.00
25.00
165.00
47.00
29.00
90.00
81.00
7.00
51.00
5.00
36.00
158.00
7.00
12.00
2.00
5.00
7.00
10.00
7.00
46.00
13.00
22.00
116.00
108.00
269.00
77.00
58.00
295.00
9.00
41.00
44.00
10.00
16.00
10.00
10.00
38.00
10.00
18.00
126.00
45.00
136.00
0.00
78.00
14.00
2.00
23.00
83.00
99.00
91.00
80.00
48.00
13.00
7.00
1.00
3.00
94.00
47.00
148.00
4.00
6.00
0.00
6.00
4.00
0.00
0.00
0.00
0.00
0.00
0.00
0.00
0.00
0.00
0.00
0.00
0.00
22.00
257.00
20.00
679.00
78.00
0.00
0.00
0.00
0.00
0.00
0.00
0.00
0.00
0.00
0.00
3.00
0.00
0.00
27.00
11.00
26.00
5.00
0.00
0.00
0.00
0.00
0.00
0.00
14.00
0.00
0.00
0.00
0.00
0.00
0.00
0.00
0.00
0.00
0.00
0.00
0.00
0.00
0.00
0.00
0.00
0.00
0.00
0.00
0.00
0.00
0.00
0.00
0.00
0.00
0.00
0.00
0.00
0.00
13.00
0.00
0.00
0.00
0.00
0.00
0.00
0.00
0.00
0.00
50.00
73.00
11.00
0.00
0.00
0.00
0.00
0.00
0.00
0.00
0.00
0.00
0.00
0.00
0.00
0.00
0.00
0.00
0.00
0.00
0.00
0.00
0.00
0.00
0.00
0.00
0.00
0.00
0.00
0.00
0.00
0.00
0.00
0.00
0.00
0.00
0.00
0.00
0.00
0.00
0.00
5.00
5.00
4.00
0.00
0.00
0.00
0.00
0.00
0.00
0.00
0.00
0.00
0.00
0.00
0.00
0.00
0.00
0.00
0.00
0.00
0.00
5.00
0.00
0.00
0.00
0.00
0.00
0.00
0.50
13.30
43.60
56.70
65.80
14.50
0.00
0.00
0.00
1.20
4.00
0.00
0.00
0.00
0.00
0.00
0.00
0.00
0.00
1.90
8.00
0.00
115.10
7.10
0.00
0.00
0.00
9.50
0.00
0.00
0.00
0.30
1.00
0.00
0.00
0.30
40.20
0.00
9.40
5.00
0.00
10.50
90.50
0.30
0.50
48.40
22.90
1.00
0.00
2.80
0.00
0.00
2.80
0.00
0.00
0.00
0.00
4.20
0.00
0.00
0.00
0.00
17.10
1.10
0.00
0.00
0.00
0.00
0.00
84.40
1.20
0.00
0.00
0.00
0.00
0.00
0.00
0.00
0.00
1.00
5.00
0.30
0.00
0.00
0.00
24.00
24.00
0.00
39.90
39.90
0.90
10.40
0.00
0.00
0.70
0.00
1.60
1.90
0.00
9.80
0.00
10.00
196.80
0.80
2.10
1.80
3.40
0.00
0.00
0.00
3.20
0.50
18.60
0.00
1.70
8.80
0.00
0.00
6.70
0.10
0.00
1.20
1.00
2.40
5.40
3.70
0.50
1.30
0.40
1.90
2.00
0.30
1.20
25.60
11.80
3.80
3.40
3.40
13.90
13.90
58.30
0.00
0.00
0.00
0.30
0.00
0.00
0.00
0.20
2.80
4.20
6.40
17.40
78.20
3.70
1.10
3.00
19.50
18.10
2.70
0.50
0.70
4.00
18.00
12.40
3.20
21.20
5.00
2.50
13.40
23.70
34.60
44.90
28.80
81.30
16.70
2.00
2.20
8.70
2.10
10.00
15.20
6.30
18.50
2.50
1.90
3.50
15.80
1.00
10.20
43.20
28.40
3.00
2.20
1.70
3.10
5.80
17.50
3.20
10.80
3.70
11.20
4.20
1.30
0.90
1.20
1.10
1.70
0.40
0.30
22.90
36.50
10.40
17.90
33.50
5.50
3.60
8.10
13.90
23.60
23.60
15.70
0.20
16.10
2.50
6.80
6.40
1.90
45.70
25.10
1.90
5.90
1.00
2.00
1.50
2.40
0.00
0.40
1.50
1.00
1.20
3.50
1.80
0.30
0.00
3.10
