20160101
0.00
0.00
0.00
0.00
0.00
0.00
0.00
0.00
0.00
0.00
0.00
0.00
0.00
1.00
0.00
0.00
0.00
0.00
1.00
25.00
2.00
0.00
0.00
0.00
0.00
0.00
0.00
0.00
0.00
0.00
0.00
0.00
0.00
0.00
0.00
0.00
0.00
0.00
0.00
0.00
0.00
0.00
10.00
0.00
0.00
0.00
0.00
0.00
0.00
0.00
0.00
1.00
0.00
37.00
209.00
11.00
29.00
0.00
0.00
0.00
1.00
0.00
0.00
0.00
0.00
11.00
0.00
0.00
0.00
16.00
0.00
5.00
0.00
0.00
0.00
0.00
0.00
2.00
3.00
0.00
2.00
0.00
0.00
0.00
0.00
0.00
0.00
772.00
0.00
1.00
206.00
95.00
12.00
39.00
213.00
2.00
0.00
0.00
0.00
0.00
0.00
0.00
0.00
0.00
0.00
0.00
2.00
2.00
0.00
0.00
0.00
0.00
0.00
0.00
1.00
12.00
2.00
0.00
0.00
0.00
0.00
229.00
120.00
17.00
21.00
4.00
27.00
35.00
0.00
0.00
5.00
7.00
16.00
279.00
0.00
0.00
3.00
511.00
241.00
327.00
1272.00
740.00
1.00
0.00
226.00
69.00
0.00
0.00
246.00
107.00
0.00
56.00
0.00
0.00
18.00
60.00
7.00
92.00
253.00
154.00
293.00
165.00
688.00
229.00
142.00
0.00
0.00
32.00
55.00
3.00
0.00
3.00
42.00
5.00
44.00
52.00
146.00
16.00
1.00
249.00
219.00
40.00
8.00
33.00
253.00
777.00
111.00
133.00
236.00
73.00
34.00
25.00
0.00
132.00
57.00
0.00
92.00
33.00
69.00
110.00
4.00
60.00
12.00
11.00
25.00
52.00
390.00
7.00
0.00
40.00
248.00
840.00
257.00
77.00
12.00
80.00
108.00
14.00
2.00
2.00
97.00
49.00
488.00
145.00
0.00
130.00
146.00
63.00
167.00
17.00
0.00
1.00
496.00
612.00
0.00
1.00
8.00
395.00
83.00
90.00
265.00
11.00
22.00
98.00
190.00
118.00
33.00
6.00
1.00
3.00
3.00
30.00
4.00
2.00
380.00
358.00
216.00
72.00
52.00
202.00
144.00
61.00
17.00
163.00
100.00
235.00
9.00
0.00
0.00
5.00
516.00
157.00
12.00
992.00
374.00
174.00
171.00
99.00
62.00
58.00
131.00
105.00
8.00
105.00
1142.00
375.00
0.00
1.00
0.00
0.00
0.00
0.00
0.00
0.00
0.00
0.00
0.00
0.00
0.00
0.00
9.00
51.00
3.00
4.00
1.00
0.00
8.00
10.00
231.00
1086.00
172.00
0.00
0.00
0.00
0.00
0.00
0.00
0.00
0.00
0.00
0.00
0.00
0.00
0.00
0.00
0.00
0.00
0.00
0.00
0.00
0.00
0.00
0.00
0.00
0.00
0.00
0.00
0.00
0.00
0.00
0.00
0.00
0.00
0.00
0.00
0.00
0.00
0.00
0.00
0.00
0.00
0.00
0.00
0.00
0.00
0.00
0.00
0.00
0.00
0.00
0.00
0.00
0.00
0.00
0.00
0.00
0.00
0.00
0.00
0.00
0.00
0.00
0.00
0.00
0.00
0.00
0.00
0.00
0.00
0.00
0.00
0.00
0.00
0.00
0.00
0.00
0.00
0.00
0.00
0.00
0.00
0.00
0.00
0.00
0.00
0.00
0.00
0.00
0.00
0.00
0.00
0.00
0.00
0.00
0.00
0.00
0.00
0.00
0.00
0.00
0.00
0.00
0.00
0.00
0.00
0.00
0.00
0.00
0.00
0.00
0.00
0.00
0.00
0.00
0.00
0.00
0.00
0.00
0.00
211.00
67.00
3.00
142.00
1.00
46.00
36.00
0.00
0.00
0.00
0.00
0.00
0.00
243.00
3.00
50.00
0.00
0.00
0.00
0.00
4.00
0.00
0.00
0.00
22.00
61.00
0.00
0.00
0.00
345.00
227.00
473.00
0.00
0.00
0.00
0.00
0.00
0.00
0.00
0.00
0.00
6.00
0.00
0.00
0.00
1037.00
163.00
162.00
287.00
45.00
360.00
223.00
0.00
0.00
0.00
0.00
0.00
19.00
0.00
0.00
0.00
2.00
0.00
0.00
0.00
81.00
0.00
2.00
0.00
131.00
15.00
251.00
8.00
209.00
0.00
10.00
0.00
0.00
0.00
0.00
0.00
0.00
0.00
46.00
25.00
469.00
650.00
45.00
2323.00
185.00
111.00
313.00
1.00
0.00
852.00
998.00
112.00
391.00
660.00
585.00
1650.00
0.00
189.00
254.00
255.00
371.00
803.00
5.00
14.00
65.00
44.00
89.00
0.00
18.00
11.00
27.00
48.00
138.00
99.00
199.00
456.00
232.00
48.00
2.00
0.00
0.00
21.00
116.00
68.00
116.00
181.00
228.00
124.00
60.00
98.00
122.00
536.00
1346.00
153.00
1.00
445.00
1019.00
142.00
136.00
120.00
130.00
230.00
11.00
15.00
34.00
0.00
77.00
348.00
50.00
86.00
11.00
5.00
22.00
153.00
692.00
400.00
132.00
69.00
228.00
29.00
51.00
130.00
77.00
203.00
475.00
168.00
306.00
318.00
61.00
114.00
179.00
38.00
34.00
99.00
251.00
186.00
26.00
93.00
96.00
14.00
13.00
37.00
9.00
4.00
98.00
226.00
70.00
1.00
68.00
66.00
576.00
388.00
244.00
44.00
2.00
13.00
1.00
247.00
888.00
332.00
312.00
208.00
88.00
214.00
81.00
3.00
7.00
108.00
259.00
18.00
99.00
12.00
0.00
4.00
0.00
6.00
20.00
0.00
0.00
0.00
0.00
120.00
145.00
218.00
494.00
1470.00
0.00
0.00
0.00
0.00
0.00
0.00
3.00
386.00
36.00
0.00
0.00
0.00
0.00
0.00
0.00
0.00
0.00
0.00
0.00
0.00
0.00
13.00
0.00
0.00
131.00
61.00
8.00
0.00
0.00
0.00
0.00
0.00
0.00
0.00
0.00
0.00
0.00
0.00
0.00
0.00
0.00
0.00
0.00
0.00
0.00
1.00
43.00
1283.00
1123.00
654.00
0.00
0.00
0.00
0.00
0.00
0.00
0.00
0.00
0.00
0.00
0.00
0.00
0.00
0.00
0.00
0.00
0.00
0.00
0.00
0.00
313.00
382.00
0.00
0.00
0.00
0.00
0.00
0.00
0.00
0.00
0.00
0.00
0.00
0.00
0.00
0.00
0.00
0.00
0.00
0.00
0.00
0.00
0.00
0.00
0.00
0.00
0.00
0.00
0.00
0.00
0.00
0.00
0.00
0.00
0.00
8.00
0.00
0.00
57.00
90.00
416.00
3.00
67.00
0.00
6.00
5.00
0.00
0.00
0.00
0.00
0.00
0.00
0.00
0.00
0.00
0.00
0.00
325.00
0.00
0.00
0.00
0.00
0.00
0.00
0.00
0.00
0.00
0.00
0.00
0.00
0.00
0.00
0.00
0.00
0.00
24.00
18.00
0.00
0.00
0.00
0.00
0.00
0.00
0.00
0.00
0.00
0.00
0.00
0.00
29.00
159.00
0.00
7.00
0.00
0.00
0.00
163.00
11.00
62.00
42.00
14.00
51.00
2.00
0.00
3.00
0.00
1.00
170.00
122.00
77.00
349.00
76.00
11.00
0.00
0.00
0.00
15.00
0.00
0.00
683.00
347.00
3.00
0.00
12.00
179.00
641.00
67.00
459.00
53.00
133.00
160.00
272.00
0.00
60.00
1.00
23.00
95.00
0.00
269.00
65.00
62.00
7.00
4.00
55.00
11.00
0.00
0.00
0.00
1.00
14.00
413.00
117.00
15.00
2.00
37.00
460.00
98.00
2.00
0.00
216.00
391.00
689.00
1149.00
1363.00
144.00
187.00
56.00
68.00
33.00
17.00
46.00
20.00
0.00
17.00
118.00
250.00
27.00
15.00
3.00
24.00
1.00
0.00
0.00
339.00
521.00
120.00
5.00
13.00
29.00
2.00
2.00
1.00
168.00
36.00
14.00
151.00
48.00
0.00
23.00
3.00
41.00
99.00
85.00
28.00
400.00
283.00
32.00
51.00
232.00
43.00
7.00
9.00
58.00
30.00
133.00
11.00
371.00
492.00
332.00
30.00
52.00
51.00
138.00
56.00
173.00
83.00
571.00
46.00
10.00
190.00
117.00
66.00
4.00
21.00
0.00
24.00
8.00
47.00
42.00
2.00
10.00
1.00
16.00
16.00
5.00
0.00
21.00
209.00
1.00
0.00
0.00
0.00
79.00
1.00
66.00
38.00
1.00
15.00
263.00
0.00
1.00
102.00
154.00
74.00
34.00
0.00
43.00
123.00
0.00
49.00
1.00
1.00
0.00
0.00
0.00
0.00
0.00
0.00
0.00
0.00
0.00
12.00
190.00
388.00
488.00
567.00
211.00
0.00
0.00
0.00
0.00
0.00
0.00
0.00
0.00
0.00
0.00
0.00
0.00
0.00
13.00
39.00
334.00
138.00
5.00
0.00
0.00
0.00
0.00
0.00
0.00
0.00
0.00
0.00
0.00
0.00
0.00
0.00
0.00
0.00
0.00
0.00
0.00
0.00
0.00
4.00
0.00
0.00
0.00
0.00
0.00
0.00
0.00
0.00
0.00
0.00
0.00
0.00
0.00
0.00
0.00
0.00
0.00
0.00
0.00
0.00
0.00
0.00
0.00
0.00
73.00
52.00
1.00
0.00
0.00
0.00
0.00
0.00
0.00
0.00
0.00
0.00
0.00
0.00
0.00
0.00
0.00
0.00
0.00
0.00
0.00
0.00
0.00
0.00
0.00
0.00
0.00
0.00
0.00
0.00
0.00
0.00
0.00
0.00
0.00
0.00
0.00
0.00
0.00
0.00
0.00
0.00
0.00
0.00
0.00
0.00
0.00
0.00
0.00
0.00
0.00
0.00
0.00
0.00
0.00
0.00
0.00
0.00
0.00
0.00
0.00
0.00
3.00
0.00
0.00
0.00
0.00
0.00
0.00
0.00
0.00
96.40
94.60
26.20
27.70
0.00
0.00
0.00
1.40
20.70
0.00
0.00
0.00
0.00
0.00
0.00
0.00
0.00
0.00
0.40
1.70
0.50
2.00
0.20
1.30
0.00
3.10
0.00
0.00
0.00
0.00
1.00
0.00
0.00
0.00
35.80
26.50
104.40
19.60
0.00
3.70
17.70
0.00
54.40
42.50
1.10
4.80
0.00
2.30
0.00
0.00
0.00
0.00
0.00
0.00
0.00
0.00
0.00
0.00
0.00
0.00
0.00
0.00
0.00
0.00
0.00
0.00
0.30
8.90
59.60
0.00
0.00
0.00
0.00
0.00
0.00
0.00
0.00
0.80
0.90
1.00
3.10
15.50
0.00
4.60
4.60
0.00
13.80
13.80
147.80
17.80
0.80
0.00
0.00
0.00
0.00
0.00
39.40
10.30
0.90
5.50
0.40
0.50
0.50
4.20
8.10
0.50
0.00
35.50
52.50
24.10
57.60
0.00
0.00
90.40
32.20
28.10
2.80
0.00
0.60
0.40
0.80
0.90
8.10
2.40
1.90
18.00
0.40
0.90
1.00
2.80
0.00
14.50
88.70
112.50
77.50
77.50
111.60
111.60
37.10
0.30
0.30
0.50
30.50
0.30
0.30
0.30
1.60
0.70
4.60
2.80
45.50
5.60
3.40
0.50
0.00
20.40
3.80
6.00
7.30
7.10
39.90
36.30
13.90
0.30
32.80
10.30
2.60
21.10
15.80
15.40
26.90
32.90
6.00
0.90
0.00
0.20
6.30
2.70
37.90
24.00
12.80
7.50
0.20
1.80
3.20
0.00
37.10
24.60
19.80
6.80
6.40
18.90
4.00
2.40
0.90
24.40
31.90
5.80
3.70
34.80
3.20
0.80
4.70
5.70
5.00
1.40
1.00
0.70
7.60
22.20
13.30
3.00
6.40
0.00
2.90
0.20
28.10
15.60
15.60
34.80
0.00
0.20
0.80
8.90
0.60
2.50
16.60
20.30
1.10
0.00
0.00
0.00
0.10
4.10
0.00
0.00
0.00
0.00
0.30
4.20
3.80
0.30
0.00
1.50
