20160101
0.00
0.00
0.00
0.00
0.00
0.00
0.00
0.00
0.00
0.00
0.00
0.00
0.00
0.00
0.00
0.00
0.00
0.00
1.00
1.00
31.00
0.00
0.00
0.00
0.00
2.00
0.00
0.00
0.00
0.00
0.00
0.00
0.00
0.00
0.00
0.00
0.00
0.00
0.00
0.00
0.00
0.00
4.00
0.00
0.00
0.00
0.00
0.00
0.00
0.00
0.00
0.00
0.00
24.00
235.00
37.00
17.00
0.00
0.00
0.00
0.00
0.00
0.00
0.00
0.00
1.00
0.00
0.00
0.00
0.00
0.00
0.00
1.00
0.00
0.00
0.00
0.00
0.00
6.00
0.00
7.00
0.00
4.00
0.00
0.00
0.00
0.00
255.00
2.00
0.00
57.00
87.00
0.00
41.00
104.00
57.00
0.00
0.00
0.00
0.00
0.00
0.00
0.00
0.00
0.00
0.00
42.00
12.00
1.00
1.00
0.00
0.00
0.00
0.00
7.00
139.00
3.00
0.00
0.00
0.00
0.00
90.00
40.00
12.00
244.00
5.00
4.00
0.00
0.00
0.00
0.00
1.00
31.00
27.00
8.00
0.00
22.00
50.00
194.00
298.00
532.00
696.00
4.00
0.00
73.00
74.00
0.00
0.00
69.00
15.00
0.00
110.00
2.00
1.00
969.00
749.00
108.00
1.00
83.00
99.00
45.00
629.00
264.00
121.00
163.00
9.00
40.00
35.00
46.00
8.00
10.00
15.00
59.00
91.00
0.00
36.00
96.00
4.00
2.00
39.00
94.00
25.00
62.00
2.00
68.00
83.00
29.00
60.00
159.00
100.00
100.00
9.00
3.00
16.00
7.00
25.00
18.00
130.00
23.00
35.00
7.00
25.00
18.00
11.00
46.00
37.00
312.00
7.00
7.00
220.00
201.00
79.00
543.00
511.00
85.00
33.00
60.00
12.00
7.00
2.00
172.00
10.00
79.00
201.00
11.00
194.00
274.00
16.00
38.00
2.00
0.00
18.00
519.00
168.00
0.00
6.00
0.00
417.00
23.00
122.00
86.00
72.00
111.00
25.00
75.00
14.00
3.00
6.00
0.00
2.00
3.00
8.00
128.00
1.00
120.00
178.00
17.00
67.00
391.00
814.00
17.00
56.00
136.00
153.00
157.00
92.00
244.00
41.00
514.00
129.00
211.00
384.00
354.00
69.00
51.00
629.00
374.00
7.00
61.00
99.00
218.00
217.00
91.00
1.00
166.00
323.00
0.00
0.00
0.00
0.00
0.00
0.00
0.00
0.00
0.00
0.00
0.00
1.00
0.00
0.00
123.00
11.00
12.00
7.00
0.00
0.00
7.00
1.00
149.00
829.00
287.00
0.00
0.00
0.00
0.00
0.00
0.00
0.00
0.00
0.00
0.00
0.00
0.00
0.00
0.00
0.00
0.00
0.00
0.00
0.00
0.00
0.00
0.00
0.00
0.00
7.00
0.00
0.00
0.00
0.00
0.00
0.00
0.00
0.00
0.00
0.00
0.00
0.00
0.00
0.00
0.00
0.00
0.00
0.00
0.00
0.00
0.00
0.00
0.00
0.00
0.00
0.00
0.00
0.00
0.00
0.00
0.00
0.00
0.00
0.00
0.00
0.00
0.00
0.00
0.00
0.00
0.00
0.00
0.00
0.00
0.00
0.00
0.00
0.00
0.00
0.00
0.00
0.00
0.00
0.00
0.00
0.00
0.00
0.00
0.00
0.00
0.00
0.00
0.00
0.00
0.00
0.00
0.00
0.00
0.00
0.00
0.00
0.00
0.00
0.00
0.00
0.00
0.00
0.00
0.00
0.00
0.00
0.00
0.00
0.00
0.00
0.00
0.00
0.00
0.00
0.00
0.00
0.00
0.00
18.00
32.00
0.00
75.00
0.00
232.00
74.00
0.00
0.00
0.00
0.00
0.00
0.00
108.00
0.00
39.00
0.00
0.00
0.00
0.00
15.00
0.00
0.00
0.00
90.00
54.00
0.00
0.00
0.00
141.00
266.00
104.00
0.00
0.00
0.00
0.00
0.00
0.00
0.00
0.00
0.00
34.00
0.00
0.00
0.00
562.00
97.00
345.00
238.00
316.00
347.00
280.00
8.00
0.00
0.00
0.00
1.00
3.00
0.00
0.00
0.00
0.00
1.00
0.00
0.00
89.00
0.00
0.00
0.00
34.00
20.00
190.00
7.00
166.00
0.00
23.00
0.00
0.00
0.00
0.00
0.00
0.00
0.00
133.00
50.00
173.00
725.00
405.00
775.00
368.00
40.00
263.00
0.00
11.00
330.00
802.00
925.00
194.00
90.00
1027.00
1189.00
0.00
103.00
118.00
94.00
427.00
233.00
22.00
38.00
7.00
105.00
94.00
86.00
54.00
132.00
210.00
45.00
126.00
10.00
14.00
134.00
49.00
13.00
17.00
3.00
2.00
20.00
37.00
16.00
244.00
373.00
310.00
91.00
37.00
21.00
96.00
126.00
179.00
14.00
33.00
309.00
702.00
71.00
75.00
36.00
245.00
73.00
0.00
130.00
21.00
0.00
273.00
109.00
104.00
24.00
16.00
4.00
0.00
21.00
416.00
158.00
91.00
3.00
65.00
67.00
20.00
25.00
38.00
74.00
133.00
185.00
302.00
351.00
307.00
283.00
48.00
14.00
216.00
61.00
286.00
26.00
23.00
0.00
28.00
2.00
207.00
133.00
141.00
2.00
61.00
35.00
16.00
65.00
212.00
23.00
266.00
116.00
444.00
62.00
16.00
0.00
8.00
92.00
613.00
384.00
187.00
150.00
134.00
40.00
39.00
1.00
118.00
15.00
181.00
29.00
293.00
69.00
8.00
0.00
0.00
438.00
394.00
0.00
0.00
0.00
21.00
270.00
80.00
282.00
136.00
518.00
0.00
0.00
0.00
0.00
0.00
0.00
33.00
161.00
66.00
9.00
0.00
0.00
0.00
0.00
0.00
0.00
0.00
0.00
0.00
0.00
0.00
0.00
0.00
5.00
240.00
99.00
12.00
0.00
0.00
0.00
0.00
0.00
0.00
0.00
0.00
0.00
0.00
0.00
0.00
0.00
0.00
0.00
0.00
0.00
0.00
0.00
8.00
1196.00
658.00
2.00
0.00
0.00
0.00
0.00
0.00
0.00
0.00
0.00
0.00
0.00
0.00
0.00
0.00
0.00
0.00
0.00
0.00
0.00
0.00
0.00
19.00
396.00
68.00
0.00
0.00
0.00
0.00
0.00
0.00
0.00
0.00
0.00
0.00
0.00
0.00
0.00
0.00
0.00
0.00
0.00
0.00
0.00
0.00
0.00
0.00
0.00
0.00
0.00
0.00
0.00
0.00
0.00
0.00
0.00
0.00
0.00
0.00
0.00
17.00
14.00
21.00
0.00
33.00
0.00
0.00
0.00
0.00
0.00
0.00
0.00
0.00
0.00
0.00
0.00
0.00
0.00
0.00
280.00
0.00
0.00
0.00
0.00
0.00
0.00
0.00
0.00
0.00
0.00
0.00
0.00
0.00
0.00
200.00
0.00
0.00
15.00
100.00
0.00
0.00
0.00
0.00
0.00
0.00
0.00
0.00
0.00
23.00
0.00
0.00
0.00
64.00
1.00
0.00
236.00
0.00
0.00
73.00
6.00
137.00
4.00
35.00
0.00
0.00
0.00
0.00
0.00
0.00
193.00
7.00
25.00
35.00
219.00
0.00
0.00
0.00
0.00
82.00
48.00
22.00
229.00
305.00
20.00
0.00
4.00
29.00
280.00
259.00
643.00
236.00
104.00
359.00
509.00
0.00
102.00
3.00
15.00
19.00
0.00
1.00
216.00
142.00
0.00
0.00
0.00
220.00
1.00
0.00
0.00
0.00
41.00
28.00
89.00
13.00
16.00
32.00
265.00
92.00
4.00
18.00
510.00
206.00
858.00
1067.00
655.00
107.00
132.00
248.00
26.00
0.00
2.00
0.00
1.00
25.00
7.00
29.00
17.00
2.00
36.00
19.00
121.00
1.00
38.00
0.00
496.00
55.00
77.00
0.00
3.00
144.00
7.00
8.00
11.00
131.00
33.00
12.00
15.00
119.00
3.00
8.00
4.00
132.00
90.00
68.00
18.00
21.00
149.00
12.00
10.00
26.00
4.00
21.00
115.00
69.00
45.00
25.00
0.00
137.00
165.00
557.00
12.00
210.00
65.00
70.00
203.00
304.00
72.00
74.00
70.00
18.00
42.00
3.00
12.00
11.00
24.00
0.00
64.00
15.00
64.00
178.00
51.00
3.00
2.00
66.00
50.00
31.00
0.00
87.00
99.00
3.00
0.00
0.00
20.00
180.00
21.00
19.00
5.00
2.00
0.00
191.00
0.00
163.00
267.00
59.00
182.00
29.00
2.00
89.00
81.00
63.00
0.00
17.00
15.00
0.00
0.00
2.00
0.00
0.00
0.00
0.00
0.00
71.00
69.00
188.00
445.00
496.00
607.00
145.00
0.00
0.00
0.00
0.00
0.00
0.00
0.00
0.00
0.00
0.00
0.00
0.00
0.00
211.00
16.00
286.00
121.00
52.00
0.00
0.00
0.00
0.00
0.00
0.00
0.00
0.00
0.00
0.00
0.00
0.00
0.00
26.00
0.00
0.00
0.00
0.00
0.00
0.00
1.00
0.00
0.00
0.00
0.00
0.00
0.00
0.00
0.00
0.00
0.00
0.00
0.00
0.00
0.00
0.00
0.00
0.00
0.00
0.00
3.00
0.00
0.00
0.00
1.00
29.00
28.00
115.00
0.00
0.00
0.00
0.00
0.00
0.00
0.00
0.00
0.00
0.00
0.00
0.00
0.00
0.00
0.00
0.00
0.00
0.00
0.00
0.00
0.00
0.00
0.00
0.00
0.00
0.00
0.00
0.00
0.00
0.00
0.00
0.00
0.00
0.00
0.00
0.00
0.00
0.00
0.00
0.00
0.00
0.00
0.00
0.00
0.00
0.00
0.00
0.00
0.00
0.00
0.00
0.00
0.00
0.00
0.00
0.00
0.00
0.00
0.00
1.00
2.00
0.00
0.00
0.00
0.00
0.00
0.00
0.00
96.40
103.30
23.90
26.80
0.00
0.00
0.00
4.10
19.90
0.40
0.00
0.00
0.00
0.00
0.00
0.00
0.00
0.00
0.00
0.00
0.00
0.30
0.00
0.00
0.00
0.50
0.00
0.00
0.00
0.00
0.00
0.00
0.00
0.00
38.50
28.40
30.70
10.50
0.00
3.20
9.10
0.00
41.70
21.50
0.80
0.00
0.00
0.00
0.00
0.00
0.00
0.00
0.00
0.00
0.00
0.00
0.00
0.00
0.00
0.00
0.00
0.00
0.00
0.00
0.00
0.00
1.00
11.40
14.10
0.00
0.00
0.00
0.00
0.00
0.00
0.00
0.00
3.30
1.90
0.00
0.40
3.90
0.00
1.20
1.20
0.00
48.00
48.00
121.60
9.70
3.30
0.20
0.00
0.00
0.00
0.00
10.30
2.60
1.90
0.50
1.80
10.10
5.60
0.90
1.40
4.30
0.40
56.90
43.00
16.30
3.90
0.40
4.50
17.80
58.10
13.80
7.40
2.90
0.40
6.70
0.50
13.40
3.50
0.40
5.90
37.20
0.10
0.00
0.10
0.90
8.40
32.70
79.00
32.50
13.30
13.30
136.00
136.00
52.50
4.30
4.30
0.20
22.00
4.30
4.30
4.30
1.20
4.10
4.10
9.10
20.00
5.70
3.10
0.20
0.40
35.70
4.80
0.80
6.70
5.00
13.70
16.60
26.00
2.60
4.30
6.30
2.70
1.60
6.70
5.50
7.00
42.40
5.60
2.20
0.30
3.40
7.80
8.80
37.60
24.70
8.80
4.00
2.10
5.00
4.40
2.20
17.00
104.20
2.10
3.90
12.10
6.90
4.70
8.90
0.30
4.00
6.20
4.40
4.60
16.10
0.60
0.00
7.70
34.30
0.50
2.00
9.10
1.60
16.20
13.30
32.40
23.00
13.70
0.60
41.40
35.70
8.00
0.90
0.90
11.30
0.00
0.00
3.20
21.80
1.70
0.00
30.20
10.80
1.00
0.00
0.00
13.60
24.90
0.00
0.00
0.00
0.00
0.00
0.30
7.40
4.80
0.10
0.00
2.30
