20160101
0.00
0.00
0.00
0.00
0.00
0.00
0.00
13.00
0.00
0.00
0.00
0.00
0.00
0.00
0.00
0.00
0.00
0.00
4.00
63.00
0.00
0.00
0.00
0.00
0.00
0.00
2.00
0.00
0.00
0.00
0.00
0.00
0.00
0.00
0.00
0.00
0.00
7.00
1.00
0.00
0.00
0.00
0.00
0.00
0.00
0.00
0.00
0.00
0.00
0.00
1.00
1.00
0.00
37.00
310.00
16.00
62.00
0.00
0.00
0.00
0.00
0.00
0.00
0.00
0.00
0.00
0.00
0.00
1.00
7.00
0.00
1.00
1.00
0.00
1.00
1.00
0.00
0.00
190.00
12.00
0.00
0.00
0.00
0.00
0.00
0.00
0.00
1.00
0.00
96.00
840.00
8.00
18.00
40.00
0.00
89.00
0.00
0.00
2.00
0.00
0.00
0.00
0.00
0.00
0.00
0.00
0.00
0.00
0.00
0.00
0.00
0.00
0.00
0.00
0.00
0.00
0.00
0.00
0.00
0.00
0.00
26.00
679.00
0.00
15.00
1.00
0.00
83.00
4.00
38.00
0.00
0.00
0.00
359.00
3.00
0.00
1.00
67.00
129.00
195.00
435.00
149.00
0.00
1.00
244.00
326.00
71.00
2.00
54.00
0.00
178.00
4.00
9.00
0.00
0.00
0.00
55.00
8.00
85.00
0.00
2.00
2.00
1353.00
522.00
199.00
606.00
3.00
0.00
7.00
33.00
10.00
6.00
5.00
31.00
17.00
2.00
55.00
1.00
7.00
45.00
5.00
2.00
133.00
83.00
148.00
251.00
77.00
389.00
98.00
36.00
21.00
5.00
8.00
13.00
38.00
16.00
114.00
290.00
136.00
67.00
50.00
17.00
8.00
29.00
89.00
60.00
55.00
41.00
0.00
2.00
175.00
260.00
297.00
218.00
14.00
8.00
32.00
17.00
135.00
46.00
92.00
161.00
287.00
146.00
72.00
30.00
30.00
22.00
102.00
200.00
42.00
5.00
241.00
2393.00
53.00
21.00
17.00
131.00
21.00
31.00
171.00
38.00
40.00
171.00
97.00
202.00
115.00
46.00
31.00
16.00
16.00
41.00
15.00
73.00
297.00
360.00
152.00
25.00
5.00
32.00
154.00
12.00
3.00
226.00
65.00
40.00
47.00
77.00
60.00
14.00
62.00
382.00
2.00
10.00
2.00
7.00
60.00
316.00
72.00
22.00
30.00
80.00
23.00
22.00
26.00
4.00
0.00
0.00
0.00
0.00
0.00
0.00
0.00
0.00
0.00
0.00
0.00
1.00
0.00
78.00
52.00
170.00
5.00
0.00
0.00
0.00
7.00
49.00
553.00
518.00
0.00
0.00
0.00
0.00
0.00
0.00
0.00
0.00
0.00
0.00
0.00
0.00
0.00
0.00
0.00
0.00
0.00
0.00
0.00
0.00
0.00
8.00
0.00
39.00
0.00
9.00
0.00
0.00
0.00
0.00
0.00
0.00
0.00
0.00
0.00
2.00
0.00
0.00
0.00
0.00
0.00
0.00
0.00
0.00
0.00
0.00
0.00
0.00
0.00
0.00
0.00
0.00
23.00
0.00
0.00
0.00
312.00
220.00
123.00
0.00
0.00
0.00
0.00
0.00
0.00
5.00
0.00
0.00
0.00
0.00
0.00
0.00
0.00
0.00
0.00
0.00
0.00
0.00
0.00
0.00
0.00
0.00
32.00
0.00
0.00
0.00
0.00
0.00
0.00
0.00
0.00
0.00
0.00
0.00
0.00
0.00
0.00
0.00
6.00
1.00
0.00
0.00
0.00
0.00
0.00
0.00
0.00
0.00
0.00
0.00
0.00
0.00
0.00
0.00
0.00
0.00
0.00
0.00
0.00
9.00
7.00
0.00
67.00
1.00
106.00
59.00
0.00
0.00
0.00
0.00
0.00
0.00
20.00
15.00
39.00
0.00
0.00
0.00
0.00
0.00
0.00
0.00
0.00
9.00
0.00
0.00
0.00
0.00
0.00
0.00
9.00
0.00
0.00
0.00
17.00
0.00
0.00
0.00
0.00
0.00
0.00
3.00
0.00
88.00
50.00
83.00
69.00
652.00
632.00
65.00
0.00
0.00
3.00
0.00
14.00
8.00
116.00
0.00
0.00
0.00
75.00
32.00
0.00
0.00
301.00
0.00
79.00
0.00
17.00
0.00
174.00
0.00
437.00
1.00
0.00
0.00
0.00
0.00
0.00
0.00
0.00
26.00
0.00
12.00
309.00
40.00
51.00
2763.00
522.00
0.00
0.00
865.00
0.00
1.00
64.00
1.00
18.00
472.00
390.00
27.00
2.00
268.00
132.00
253.00
220.00
1081.00
21.00
138.00
72.00
3.00
1.00
1.00
7.00
19.00
24.00
9.00
19.00
70.00
552.00
551.00
102.00
323.00
45.00
6.00
18.00
21.00
214.00
273.00
233.00
28.00
10.00
11.00
270.00
146.00
104.00
371.00
946.00
88.00
32.00
180.00
533.00
312.00
17.00
115.00
4.00
46.00
17.00
17.00
40.00
384.00
141.00
76.00
225.00
228.00
137.00
34.00
9.00
106.00
195.00
816.00
133.00
58.00
110.00
188.00
26.00
22.00
30.00
40.00
146.00
159.00
29.00
5.00
16.00
87.00
108.00
49.00
62.00
23.00
95.00
50.00
49.00
77.00
81.00
25.00
1.00
2.00
18.00
58.00
5.00
266.00
10.00
12.00
2.00
2.00
34.00
158.00
328.00
202.00
99.00
6.00
5.00
9.00
6.00
13.00
21.00
49.00
519.00
85.00
70.00
311.00
12.00
1.00
19.00
6.00
0.00
26.00
57.00
333.00
0.00
0.00
0.00
0.00
0.00
0.00
0.00
0.00
1.00
58.00
1035.00
206.00
0.00
0.00
35.00
0.00
0.00
0.00
0.00
7.00
10.00
0.00
0.00
0.00
0.00
0.00
0.00
0.00
0.00
0.00
0.00
0.00
0.00
27.00
0.00
27.00
375.00
54.00
20.00
0.00
4.00
1.00
0.00
0.00
0.00
0.00
0.00
0.00
0.00
0.00
0.00
0.00
0.00
0.00
0.00
0.00
0.00
1.00
6.00
185.00
121.00
0.00
0.00
0.00
0.00
0.00
0.00
0.00
0.00
0.00
0.00
0.00
0.00
0.00
0.00
0.00
0.00
0.00
0.00
0.00
0.00
0.00
4.00
100.00
2.00
0.00
0.00
0.00
0.00
0.00
0.00
0.00
0.00
0.00
0.00
0.00
0.00
0.00
0.00
0.00
0.00
0.00
0.00
0.00
0.00
0.00
0.00
0.00
0.00
0.00
0.00
0.00
0.00
0.00
2.00
1.00
0.00
0.00
0.00
0.00
735.00
422.00
621.00
577.00
130.00
0.00
232.00
203.00
0.00
0.00
0.00
0.00
0.00
10.00
0.00
0.00
0.00
0.00
0.00
82.00
0.00
0.00
0.00
0.00
0.00
0.00
64.00
0.00
0.00
0.00
0.00
0.00
0.00
0.00
0.00
0.00
0.00
460.00
35.00
0.00
0.00
0.00
0.00
0.00
0.00
38.00
141.00
0.00
0.00
0.00
0.00
19.00
661.00
0.00
180.00
0.00
0.00
286.00
8.00
405.00
0.00
5.00
0.00
49.00
436.00
0.00
14.00
0.00
0.00
153.00
0.00
16.00
0.00
3.00
361.00
26.00
0.00
0.00
6.00
0.00
0.00
108.00
144.00
11.00
125.00
0.00
2.00
584.00
0.00
0.00
1.00
0.00
145.00
561.00
37.00
212.00
3.00
0.00
99.00
0.00
336.00
0.00
48.00
75.00
8.00
196.00
19.00
27.00
0.00
0.00
11.00
0.00
30.00
371.00
103.00
0.00
4.00
26.00
8.00
0.00
4.00
4.00
589.00
381.00
301.00
167.00
10.00
2.00
2.00
283.00
3.00
0.00
391.00
22.00
19.00
6.00
60.00
216.00
23.00
4.00
5.00
7.00
17.00
42.00
27.00
26.00
279.00
134.00
0.00
1.00
6.00
0.00
1.00
24.00
25.00
2.00
67.00
59.00
14.00
11.00
12.00
9.00
576.00
25.00
33.00
13.00
314.00
100.00
384.00
80.00
16.00
149.00
58.00
27.00
141.00
93.00
19.00
93.00
5.00
58.00
166.00
5.00
51.00
3.00
5.00
4.00
8.00
16.00
62.00
33.00
2.00
127.00
60.00
197.00
57.00
99.00
118.00
2.00
112.00
28.00
9.00
9.00
14.00
8.00
25.00
31.00
33.00
136.00
57.00
208.00
0.00
154.00
1.00
2.00
1.00
18.00
29.00
43.00
193.00
43.00
10.00
4.00
1.00
6.00
76.00
85.00
104.00
8.00
2.00
0.00
30.00
5.00
1.00
0.00
0.00
0.00
0.00
0.00
0.00
0.00
0.00
0.00
0.00
0.00
48.00
393.00
42.00
588.00
194.00
0.00
0.00
0.00
0.00
0.00
0.00
0.00
0.00
0.00
0.00
0.00
0.00
0.00
1.00
25.00
21.00
23.00
0.00
0.00
0.00
0.00
0.00
0.00
4.00
0.00
0.00
0.00
0.00
0.00
2.00
0.00
0.00
0.00
0.00
0.00
0.00
0.00
0.00
0.00
0.00
0.00
0.00
0.00
0.00
0.00
0.00
0.00
0.00
0.00
0.00
0.00
0.00
0.00
0.00
0.00
0.00
0.00
0.00
0.00
0.00
0.00
0.00
0.00
50.00
73.00
14.00
0.00
0.00
0.00
0.00
0.00
0.00
0.00
0.00
0.00
0.00
0.00
0.00
0.00
0.00
0.00
0.00
0.00
0.00
0.00
0.00
0.00
0.00
0.00
0.00
0.00
0.00
0.00
0.00
0.00
0.00
0.00
0.00
0.00
0.00
0.00
0.00
0.00
0.00
5.00
5.00
3.00
0.00
0.00
0.00
0.00
0.00
0.00
0.00
0.00
0.00
0.00
0.00
0.00
0.00
0.00
0.00
0.00
0.00
0.00
5.00
0.00
0.00
0.00
0.00
0.00
0.00
0.10
7.20
48.40
47.40
46.90
17.50
0.00
0.00
0.00
1.20
15.80
0.00
0.00
0.00
0.00
0.00
0.00
0.00
0.00
0.50
6.90
0.10
64.70
4.90
0.00
0.60
0.00
11.40
0.00
0.00
0.00
0.80
1.70
0.00
0.00
0.00
61.60
0.00
64.10
14.50
0.00
5.00
48.60
0.10
0.10
51.10
17.70
4.80
0.00
5.50
0.00
0.00
3.00
0.00
0.00
0.00
0.00
3.50
0.00
0.00
0.00
0.00
1.20
3.40
0.00
0.00
0.00
0.00
0.10
94.90
3.10
0.00
0.00
0.00
0.00
0.00
0.00
0.00
0.00
0.60
8.40
10.60
0.00
0.00
0.00
9.60
9.60
0.00
60.20
60.20
7.20
6.40
0.00
0.00
0.00
0.00
5.20
0.50
0.00
21.90
0.10
2.20
137.00
2.50
3.00
1.80
4.20
0.00
0.00
0.00
0.40
0.10
54.20
0.00
0.00
10.40
2.70
0.00
16.40
0.00
0.00
0.80
1.40
0.80
4.30
2.70
2.40
1.10
0.50
4.80
0.10
4.00
0.80
9.70
20.30
8.40
5.30
5.30
18.40
18.40
50.50
0.00
0.00
0.50
0.20
0.00
0.00
0.00
0.90
2.30
0.10
8.80
18.30
24.60
3.70
0.50
1.40
19.90
1.70
1.50
0.30
0.20
6.70
20.90
9.80
4.60
22.70
10.80
0.60
20.70
44.00
41.50
56.90
28.00
27.00
8.60
0.20
1.50
5.50
1.60
13.50
11.80
5.30
5.80
6.90
0.00
1.50
0.00
0.20
9.40
23.10
31.50
2.60
2.10
1.70
2.50
7.40
26.60
2.20
27.40
1.20
15.60
4.50
0.20
0.10
0.10
0.40
0.00
0.10
0.90
17.70
40.90
1.30
22.90
31.10
4.80
4.40
15.70
34.00
15.90
15.90
12.30
0.30
2.20
0.80
30.50
7.30
3.40
29.60
26.90
0.10
2.20
0.70
0.10
0.80
0.70
0.00
0.20
0.40
0.30
0.90
4.90
0.80
0.20
0.00
1.20
