20160101
0.00
0.00
0.00
0.00
0.00
0.00
0.00
13.00
0.00
0.00
0.00
0.00
1.00
1.00
0.00
4.00
0.00
0.00
4.00
57.00
0.00
0.00
0.00
0.00
0.00
0.00
1.00
0.00
0.00
0.00
0.00
0.00
0.00
0.00
0.00
0.00
0.00
6.00
1.00
0.00
0.00
0.00
0.00
0.00
0.00
0.00
0.00
0.00
0.00
0.00
3.00
2.00
0.00
48.00
438.00
10.00
58.00
0.00
1.00
0.00
1.00
0.00
0.00
0.00
0.00
0.00
0.00
0.00
4.00
3.00
0.00
1.00
1.00
0.00
1.00
2.00
0.00
0.00
245.00
6.00
0.00
0.00
0.00
0.00
0.00
0.00
0.00
0.00
0.00
94.00
826.00
6.00
45.00
24.00
0.00
98.00
0.00
1.00
5.00
0.00
0.00
0.00
0.00
0.00
0.00
0.00
0.00
0.00
0.00
0.00
0.00
0.00
0.00
0.00
0.00
0.00
0.00
0.00
0.00
2.00
0.00
13.00
516.00
3.00
18.00
1.00
0.00
55.00
2.00
14.00
0.00
0.00
0.00
237.00
4.00
0.00
1.00
49.00
41.00
204.00
531.00
149.00
0.00
1.00
107.00
292.00
26.00
2.00
68.00
0.00
256.00
12.00
10.00
0.00
0.00
0.00
20.00
9.00
78.00
0.00
8.00
6.00
1430.00
824.00
197.00
464.00
4.00
10.00
8.00
17.00
8.00
6.00
5.00
28.00
15.00
1.00
43.00
10.00
0.00
35.00
4.00
4.00
175.00
99.00
167.00
341.00
76.00
531.00
58.00
57.00
21.00
6.00
9.00
26.00
47.00
44.00
111.00
257.00
158.00
71.00
117.00
16.00
15.00
27.00
126.00
68.00
57.00
34.00
1.00
0.00
137.00
247.00
420.00
223.00
26.00
9.00
29.00
19.00
164.00
74.00
100.00
177.00
383.00
144.00
204.00
79.00
25.00
13.00
120.00
145.00
84.00
2.00
246.00
1736.00
56.00
23.00
16.00
129.00
23.00
32.00
93.00
55.00
43.00
172.00
98.00
176.00
93.00
31.00
29.00
12.00
26.00
42.00
18.00
59.00
328.00
340.00
247.00
43.00
13.00
30.00
140.00
18.00
2.00
195.00
32.00
36.00
26.00
252.00
94.00
190.00
57.00
514.00
4.00
9.00
2.00
3.00
65.00
206.00
78.00
17.00
21.00
77.00
98.00
50.00
56.00
8.00
0.00
0.00
0.00
0.00
0.00
0.00
0.00
0.00
0.00
0.00
0.00
2.00
0.00
94.00
58.00
100.00
4.00
1.00
0.00
0.00
9.00
39.00
556.00
588.00
0.00
0.00
0.00
0.00
0.00
0.00
1.00
0.00
0.00
0.00
0.00
0.00
0.00
0.00
0.00
0.00
0.00
0.00
0.00
0.00
0.00
8.00
0.00
37.00
0.00
111.00
0.00
0.00
0.00
0.00
0.00
0.00
0.00
0.00
0.00
0.00
0.00
0.00
0.00
0.00
0.00
0.00
0.00
4.00
0.00
0.00
0.00
0.00
126.00
0.00
0.00
0.00
0.00
0.00
0.00
0.00
284.00
337.00
112.00
0.00
0.00
0.00
0.00
0.00
0.00
4.00
0.00
0.00
0.00
0.00
0.00
0.00
0.00
0.00
0.00
0.00
0.00
0.00
0.00
0.00
0.00
0.00
31.00
0.00
0.00
0.00
0.00
0.00
0.00
0.00
0.00
0.00
0.00
0.00
0.00
0.00
0.00
0.00
7.00
2.00
0.00
0.00
0.00
0.00
0.00
0.00
0.00
0.00
0.00
0.00
0.00
0.00
0.00
0.00
0.00
0.00
0.00
0.00
0.00
2.00
0.00
0.00
67.00
1.00
84.00
54.00
0.00
0.00
0.00
0.00
0.00
0.00
23.00
27.00
34.00
0.00
0.00
0.00
0.00
0.00
0.00
0.00
0.00
1.00
0.00
0.00
0.00
0.00
0.00
0.00
1.00
0.00
2.00
0.00
3.00
0.00
0.00
0.00
0.00
0.00
0.00
9.00
0.00
23.00
49.00
54.00
20.00
332.00
730.00
41.00
0.00
0.00
2.00
0.00
19.00
5.00
110.00
0.00
0.00
0.00
90.00
40.00
0.00
0.00
509.00
0.00
145.00
0.00
24.00
0.00
133.00
0.00
547.00
1.00
0.00
0.00
0.00
0.00
0.00
0.00
0.00
0.00
0.00
4.00
208.00
20.00
63.00
2164.00
747.00
0.00
0.00
705.00
1.00
1.00
111.00
4.00
28.00
516.00
479.00
25.00
1.00
215.00
103.00
317.00
187.00
1115.00
25.00
124.00
75.00
6.00
2.00
1.00
11.00
12.00
53.00
9.00
23.00
56.00
439.00
576.00
97.00
323.00
54.00
8.00
27.00
20.00
235.00
266.00
245.00
52.00
10.00
19.00
237.00
110.00
61.00
315.00
706.00
133.00
41.00
191.00
502.00
447.00
22.00
169.00
1.00
47.00
28.00
18.00
39.00
381.00
75.00
108.00
192.00
270.00
173.00
22.00
15.00
130.00
162.00
785.00
149.00
35.00
94.00
180.00
25.00
23.00
24.00
69.00
125.00
167.00
1.00
1.00
4.00
60.00
107.00
31.00
91.00
31.00
89.00
24.00
20.00
56.00
80.00
11.00
1.00
2.00
36.00
119.00
3.00
301.00
7.00
12.00
3.00
3.00
35.00
143.00
305.00
260.00
80.00
3.00
0.00
6.00
4.00
16.00
19.00
51.00
446.00
63.00
106.00
208.00
10.00
0.00
12.00
5.00
1.00
2.00
66.00
307.00
3.00
0.00
0.00
0.00
0.00
0.00
0.00
0.00
4.00
177.00
964.00
191.00
0.00
0.00
8.00
0.00
0.00
0.00
0.00
11.00
7.00
0.00
0.00
0.00
0.00
0.00
0.00
0.00
0.00
0.00
0.00
0.00
0.00
25.00
0.00
28.00
387.00
62.00
12.00
0.00
6.00
6.00
0.00
0.00
0.00
0.00
0.00
0.00
0.00
0.00
0.00
0.00
0.00
0.00
0.00
0.00
0.00
1.00
6.00
191.00
111.00
0.00
0.00
0.00
0.00
0.00
0.00
0.00
0.00
0.00
0.00
0.00
0.00
0.00
0.00
0.00
0.00
0.00
0.00
0.00
0.00
0.00
2.00
92.00
3.00
0.00
0.00
0.00
0.00
0.00
0.00
0.00
0.00
0.00
0.00
0.00
0.00
0.00
0.00
0.00
0.00
0.00
0.00
0.00
0.00
0.00
0.00
0.00
0.00
0.00
0.00
0.00
0.00
0.00
16.00
0.00
0.00
0.00
0.00
0.00
700.00
350.00
713.00
568.00
82.00
0.00
245.00
185.00
0.00
0.00
0.00
0.00
0.00
70.00
0.00
0.00
0.00
0.00
0.00
116.00
0.00
0.00
0.00
0.00
0.00
0.00
8.00
0.00
0.00
0.00
0.00
0.00
0.00
0.00
0.00
0.00
0.00
595.00
11.00
0.00
0.00
0.00
0.00
0.00
0.00
28.00
112.00
0.00
0.00
0.00
0.00
0.00
755.00
1.00
251.00
0.00
0.00
369.00
30.00
362.00
1.00
5.00
1.00
4.00
369.00
0.00
20.00
0.00
0.00
104.00
0.00
1.00
0.00
6.00
496.00
22.00
0.00
0.00
17.00
0.00
0.00
17.00
152.00
13.00
179.00
0.00
31.00
566.00
0.00
0.00
28.00
0.00
305.00
171.00
9.00
247.00
2.00
0.00
171.00
0.00
423.00
0.00
43.00
56.00
20.00
126.00
10.00
14.00
0.00
0.00
15.00
0.00
3.00
208.00
83.00
4.00
8.00
12.00
17.00
0.00
3.00
91.00
546.00
222.00
128.00
215.00
13.00
2.00
3.00
1061.00
2.00
0.00
469.00
27.00
13.00
7.00
80.00
246.00
38.00
5.00
15.00
20.00
17.00
21.00
46.00
21.00
328.00
101.00
10.00
0.00
11.00
0.00
13.00
30.00
29.00
2.00
54.00
63.00
10.00
1.00
25.00
7.00
605.00
16.00
35.00
18.00
306.00
105.00
348.00
105.00
29.00
153.00
35.00
31.00
106.00
141.00
31.00
102.00
3.00
57.00
279.00
7.00
34.00
3.00
3.00
6.00
34.00
9.00
52.00
15.00
16.00
107.00
117.00
179.00
72.00
80.00
145.00
49.00
64.00
31.00
16.00
16.00
20.00
6.00
40.00
9.00
21.00
116.00
46.00
147.00
0.00
128.00
6.00
1.00
1.00
13.00
60.00
27.00
198.00
22.00
12.00
7.00
1.00
6.00
190.00
68.00
131.00
11.00
2.00
0.00
20.00
1.00
0.00
0.00
0.00
0.00
0.00
0.00
0.00
0.00
0.00
0.00
0.00
0.00
47.00
340.00
43.00
622.00
210.00
0.00
0.00
0.00
0.00
0.00
0.00
0.00
0.00
0.00
0.00
0.00
0.00
0.00
5.00
25.00
29.00
14.00
0.00
0.00
0.00
0.00
0.00
0.00
58.00
0.00
0.00
0.00
0.00
0.00
7.00
0.00
0.00
0.00
0.00
0.00
0.00
0.00
0.00
1.00
0.00
0.00
0.00
0.00
0.00
0.00
0.00
0.00
0.00
0.00
0.00
0.00
0.00
0.00
1.00
0.00
0.00
0.00
0.00
0.00
0.00
0.00
0.00
0.00
42.00
67.00
14.00
0.00
0.00
0.00
0.00
0.00
0.00
0.00
0.00
0.00
0.00
0.00
0.00
0.00
0.00
0.00
0.00
0.00
0.00
0.00
0.00
0.00
0.00
0.00
0.00
0.00
0.00
0.00
0.00
0.00
0.00
0.00
0.00
0.00
0.00
0.00
0.00
0.00
0.00
5.00
5.00
2.00
0.00
0.00
0.00
0.00
0.00
0.00
0.00
0.00
0.00
0.00
0.00
0.00
0.00
0.00
0.00
0.00
0.00
0.00
4.00
0.00
0.00
0.00
0.00
0.00
0.00
0.40
9.60
47.50
51.00
57.20
17.90
0.00
0.00
0.00
1.50
4.20
0.00
0.00
0.00
0.00
0.00
0.00
0.00
0.00
1.90
8.10
0.10
66.40
6.00
0.00
0.10
0.00
13.40
0.00
0.00
0.00
0.10
2.10
0.00
0.00
0.70
55.40
0.00
53.00
13.90
0.00
7.20
68.10
0.10
0.10
53.80
21.80
3.10
0.00
5.50
0.00
0.00
1.40
0.00
0.00
0.20
0.00
2.80
0.00
0.00
0.00
0.00
13.70
2.40
0.00
0.00
0.00
0.00
0.10
92.50
3.70
0.00
0.00
0.00
0.00
0.00
0.00
0.00
0.00
0.70
7.30
5.50
0.00
0.00
0.00
12.20
12.20
0.00
59.70
59.70
2.50
9.90
0.00
0.00
0.00
0.00
0.20
0.40
0.00
18.70
0.00
1.90
132.40
1.30
2.10
0.70
6.60
0.00
0.00
0.00
0.10
0.20
20.90
0.00
1.40
15.50
0.50
0.30
29.50
0.00
0.00
1.50
0.70
1.10
5.30
4.10
0.30
0.10
0.60
2.10
0.40
0.40
1.20
11.60
16.50
5.80
6.30
6.30
12.90
12.90
79.80
0.00
0.00
0.50
0.30
0.00
0.00
0.00
0.00
2.10
0.90
8.60
21.00
17.90
6.60
0.80
2.00
21.80
5.50
1.50
0.20
2.10
5.30
21.50
13.60
2.20
19.50
8.90
1.10
16.00
39.50
52.20
46.80
29.10
24.90
17.40
0.80
1.70
8.70
0.50
12.60
14.00
8.40
16.00
2.50
0.00
1.50
1.30
0.20
11.90
33.30
28.70
1.10
1.10
1.50
1.50
4.80
29.00
3.60
20.00
1.10
12.80
4.60
0.30
0.90
0.50
0.50
0.00
1.30
3.30
16.00
37.60
6.30
17.70
23.20
6.90
3.60
17.40
29.90
33.00
33.00
6.80
0.10
2.50
1.30
32.40
8.70
5.70
29.60
46.10
0.20
3.60
1.20
1.10
0.90
14.30
0.00
0.60
0.40
0.60
1.20
3.50
1.80
0.30
0.00
3.10
