20160101
0.00
0.00
0.00
0.00
0.00
0.00
0.00
0.00
0.00
0.00
0.00
0.00
0.00
0.00
0.00
0.00
0.00
0.00
0.00
6.00
34.00
0.00
0.00
0.00
0.00
3.00
0.00
0.00
0.00
0.00
0.00
0.00
0.00
0.00
0.00
0.00
0.00
0.00
0.00
0.00
0.00
0.00
0.00
0.00
0.00
0.00
0.00
0.00
0.00
0.00
0.00
0.00
0.00
31.00
176.00
40.00
16.00
1.00
0.00
0.00
0.00
0.00
0.00
0.00
0.00
0.00
0.00
0.00
0.00
0.00
0.00
2.00
0.00
0.00
0.00
0.00
0.00
0.00
42.00
0.00
2.00
0.00
35.00
0.00
0.00
0.00
0.00
105.00
1.00
11.00
286.00
47.00
7.00
12.00
125.00
40.00
0.00
0.00
0.00
0.00
0.00
0.00
0.00
0.00
0.00
0.00
23.00
27.00
0.00
0.00
0.00
0.00
0.00
0.00
8.00
359.00
0.00
0.00
0.00
0.00
0.00
75.00
68.00
0.00
97.00
0.00
1.00
0.00
0.00
0.00
0.00
0.00
251.00
1.00
0.00
0.00
0.00
39.00
172.00
270.00
205.00
491.00
0.00
0.00
21.00
78.00
0.00
0.00
89.00
6.00
0.00
22.00
0.00
8.00
208.00
141.00
293.00
41.00
61.00
17.00
51.00
514.00
19.00
71.00
36.00
0.00
18.00
21.00
36.00
19.00
10.00
64.00
10.00
85.00
6.00
115.00
73.00
15.00
0.00
3.00
10.00
71.00
49.00
13.00
32.00
17.00
19.00
5.00
148.00
49.00
38.00
20.00
2.00
11.00
16.00
26.00
45.00
130.00
0.00
3.00
2.00
12.00
40.00
48.00
53.00
152.00
191.00
3.00
8.00
57.00
136.00
29.00
37.00
61.00
19.00
10.00
27.00
56.00
33.00
4.00
216.00
6.00
2.00
45.00
25.00
210.00
25.00
18.00
0.00
16.00
0.00
6.00
539.00
29.00
0.00
21.00
0.00
45.00
13.00
81.00
1.00
117.00
57.00
21.00
12.00
0.00
14.00
10.00
0.00
1.00
51.00
25.00
70.00
0.00
37.00
10.00
3.00
61.00
77.00
208.00
5.00
1.00
54.00
141.00
66.00
2.00
63.00
44.00
265.00
29.00
85.00
0.00
2.00
26.00
42.00
226.00
20.00
0.00
1.00
1.00
14.00
63.00
0.00
4.00
4.00
140.00
0.00
0.00
0.00
0.00
44.00
0.00
0.00
0.00
0.00
0.00
0.00
0.00
3.00
0.00
53.00
6.00
11.00
1.00
0.00
0.00
109.00
0.00
44.00
352.00
255.00
0.00
0.00
0.00
0.00
0.00
0.00
0.00
0.00
0.00
0.00
0.00
0.00
0.00
0.00
0.00
0.00
0.00
0.00
0.00
0.00
0.00
0.00
0.00
0.00
3.00
0.00
0.00
0.00
0.00
0.00
0.00
0.00
0.00
0.00
0.00
0.00
0.00
0.00
0.00
0.00
0.00
0.00
0.00
0.00
0.00
0.00
0.00
0.00
0.00
0.00
0.00
0.00
0.00
0.00
0.00
0.00
0.00
0.00
4.00
0.00
0.00
0.00
0.00
0.00
0.00
0.00
0.00
0.00
0.00
0.00
0.00
0.00
0.00
0.00
0.00
0.00
0.00
0.00
0.00
0.00
0.00
6.00
0.00
0.00
0.00
0.00
0.00
0.00
0.00
0.00
0.00
0.00
0.00
0.00
0.00
0.00
0.00
0.00
0.00
0.00
0.00
0.00
0.00
0.00
0.00
0.00
0.00
0.00
0.00
0.00
0.00
0.00
0.00
0.00
0.00
0.00
0.00
0.00
3.00
2.00
0.00
82.00
0.00
140.00
56.00
0.00
0.00
0.00
0.00
0.00
0.00
41.00
2.00
40.00
0.00
0.00
0.00
0.00
45.00
0.00
0.00
0.00
123.00
50.00
2.00
0.00
0.00
29.00
363.00
41.00
0.00
0.00
0.00
0.00
0.00
0.00
0.00
0.00
0.00
20.00
4.00
120.00
0.00
329.00
80.00
402.00
180.00
155.00
110.00
288.00
2.00
0.00
0.00
0.00
7.00
6.00
0.00
0.00
0.00
1.00
2.00
0.00
0.00
143.00
0.00
0.00
0.00
5.00
20.00
155.00
3.00
44.00
0.00
0.00
0.00
13.00
0.00
0.00
0.00
2.00
0.00
380.00
68.00
158.00
346.00
56.00
9.00
126.00
121.00
127.00
0.00
123.00
148.00
243.00
176.00
106.00
131.00
162.00
450.00
0.00
105.00
11.00
24.00
17.00
137.00
0.00
0.00
20.00
33.00
0.00
72.00
59.00
97.00
76.00
120.00
82.00
27.00
0.00
54.00
23.00
45.00
3.00
3.00
2.00
24.00
0.00
39.00
39.00
411.00
18.00
99.00
5.00
82.00
98.00
22.00
13.00
36.00
22.00
54.00
93.00
144.00
12.00
11.00
284.00
89.00
49.00
38.00
24.00
42.00
41.00
44.00
130.00
24.00
4.00
7.00
3.00
43.00
98.00
27.00
16.00
12.00
40.00
54.00
31.00
18.00
15.00
56.00
44.00
33.00
78.00
29.00
100.00
394.00
4.00
4.00
81.00
89.00
137.00
8.00
32.00
0.00
21.00
24.00
122.00
28.00
37.00
7.00
107.00
2.00
17.00
59.00
8.00
12.00
121.00
129.00
85.00
84.00
89.00
2.00
20.00
8.00
63.00
100.00
439.00
44.00
181.00
4.00
3.00
38.00
227.00
40.00
1.00
2.00
4.00
10.00
3.00
65.00
13.00
49.00
26.00
0.00
0.00
0.00
0.00
0.00
20.00
166.00
31.00
135.00
3.00
0.00
0.00
0.00
0.00
0.00
9.00
24.00
180.00
3.00
0.00
0.00
0.00
0.00
0.00
0.00
0.00
0.00
0.00
0.00
0.00
3.00
0.00
0.00
237.00
20.00
3.00
0.00
0.00
0.00
0.00
2.00
0.00
0.00
0.00
0.00
0.00
0.00
0.00
0.00
0.00
0.00
0.00
0.00
0.00
0.00
0.00
672.00
565.00
6.00
0.00
0.00
0.00
0.00
0.00
0.00
0.00
0.00
0.00
0.00
0.00
0.00
0.00
0.00
0.00
0.00
0.00
0.00
0.00
0.00
6.00
404.00
167.00
0.00
0.00
0.00
0.00
0.00
0.00
0.00
0.00
0.00
0.00
0.00
0.00
0.00
0.00
0.00
0.00
0.00
0.00
0.00
0.00
0.00
0.00
0.00
0.00
0.00
0.00
0.00
0.00
0.00
0.00
0.00
0.00
0.00
0.00
0.00
0.00
0.00
19.00
3.00
58.00
0.00
1.00
8.00
0.00
0.00
0.00
0.00
0.00
0.00
0.00
0.00
0.00
0.00
0.00
88.00
0.00
0.00
0.00
0.00
0.00
0.00
0.00
0.00
0.00
0.00
0.00
0.00
0.00
0.00
177.00
0.00
0.00
5.00
193.00
0.00
0.00
0.00
0.00
0.00
0.00
0.00
0.00
0.00
12.00
0.00
0.00
0.00
24.00
0.00
173.00
373.00
0.00
0.00
11.00
48.00
50.00
0.00
72.00
0.00
0.00
0.00
0.00
0.00
0.00
31.00
59.00
26.00
5.00
47.00
10.00
0.00
0.00
0.00
0.00
55.00
1.00
158.00
115.00
2.00
124.00
1.00
15.00
78.00
291.00
466.00
205.00
60.00
162.00
680.00
0.00
11.00
0.00
0.00
15.00
0.00
0.00
8.00
26.00
0.00
0.00
18.00
111.00
5.00
0.00
9.00
0.00
57.00
0.00
6.00
0.00
54.00
106.00
632.00
75.00
1.00
11.00
119.00
81.00
284.00
522.00
302.00
142.00
48.00
38.00
0.00
0.00
14.00
1.00
44.00
6.00
39.00
29.00
1.00
1.00
72.00
39.00
53.00
4.00
1.00
0.00
45.00
28.00
14.00
1.00
0.00
45.00
15.00
33.00
59.00
66.00
25.00
54.00
1.00
69.00
2.00
10.00
8.00
133.00
48.00
141.00
11.00
4.00
16.00
0.00
0.00
28.00
13.00
77.00
306.00
70.00
0.00
5.00
0.00
27.00
45.00
31.00
5.00
50.00
13.00
32.00
94.00
20.00
33.00
41.00
22.00
2.00
9.00
21.00
2.00
46.00
11.00
2.00
49.00
5.00
47.00
40.00
12.00
7.00
1.00
73.00
2.00
67.00
0.00
59.00
14.00
2.00
8.00
0.00
63.00
179.00
4.00
0.00
0.00
0.00
10.00
74.00
0.00
126.00
166.00
121.00
1.00
8.00
23.00
65.00
12.00
1.00
0.00
14.00
13.00
0.00
0.00
0.00
0.00
0.00
0.00
0.00
0.00
0.00
40.00
211.00
351.00
441.00
414.00
81.00
0.00
0.00
0.00
0.00
0.00
0.00
0.00
0.00
0.00
0.00
0.00
0.00
0.00
128.00
4.00
178.00
83.00
98.00
0.00
0.00
0.00
0.00
0.00
0.00
0.00
0.00
0.00
0.00
0.00
1.00
0.00
8.00
0.00
0.00
0.00
0.00
0.00
0.00
0.00
0.00
0.00
0.00
0.00
0.00
0.00
0.00
0.00
0.00
0.00
0.00
0.00
0.00
0.00
2.00
0.00
0.00
0.00
0.00
20.00
0.00
0.00
0.00
0.00
6.00
11.00
107.00
0.00
0.00
0.00
0.00
0.00
0.00
0.00
0.00
0.00
0.00
0.00
0.00
0.00
0.00
0.00
0.00
0.00
0.00
0.00
0.00
0.00
0.00
0.00
0.00
0.00
0.00
0.00
0.00
0.00
0.00
0.00
0.00
0.00
0.00
0.00
0.00
0.00
0.00
0.00
0.00
0.00
0.00
0.00
0.00
0.00
0.00
0.00
0.00
0.00
0.00
0.00
0.00
0.00
0.00
0.00
0.00
0.00
0.00
0.00
0.00
1.00
0.00
0.00
0.00
0.00
0.00
0.00
0.00
118.30
96.70
18.90
30.20
0.00
0.00
0.00
9.40
22.90
2.80
0.00
0.00
0.00
0.00
0.00
0.00
0.00
0.00
0.00
0.00
0.00
0.00
0.10
0.00
0.00
0.00
0.00
0.00
0.00
0.00
0.00
0.00
0.00
0.00
64.10
19.80
24.70
25.30
0.00
8.50
8.40
0.00
43.30
26.10
0.00
0.00
0.00
0.00
0.00
0.00
0.00
0.00
0.00
0.00
0.00
0.00
0.00
0.00
0.00
0.00
0.00
0.00
0.40
0.00
0.00
0.00
0.20
0.00
0.50
0.00
0.00
0.00
0.00
0.00
0.00
0.00
0.00
2.30
12.20
0.50
5.10
3.00
0.00
0.00
0.00
0.00
2.60
2.60
66.70
0.20
0.10
0.00
0.00
0.00
0.00
0.00
0.30
0.20
5.60
15.50
0.00
9.30
1.00
0.10
0.30
13.20
0.40
10.90
9.00
14.20
7.40
0.00
0.00
1.30
5.00
8.30
0.10
0.10
0.70
7.20
1.10
2.60
0.10
0.10
2.60
2.20
3.60
0.00
0.00
1.40
20.40
5.30
7.20
6.90
3.20
3.20
37.00
37.00
16.80
5.40
5.40
0.00
5.90
5.40
5.40
5.40
1.10
16.40
1.10
0.60
10.30
12.30
4.30
1.80
0.00
8.30
2.80
7.20
15.40
6.60
0.50
50.00
5.70
21.80
3.80
0.40
1.10
3.30
0.40
2.60
4.00
4.10
15.60
5.60
0.10
2.70
8.60
19.00
1.80
11.10
16.20
0.40
1.40
0.20
5.90
0.00
0.80
21.40
12.40
0.90
2.20
3.30
0.30
3.30
6.90
0.70
0.40
6.30
16.10
0.60
2.10
2.10
14.70
2.90
2.30
3.10
7.10
20.70
7.30
51.30
16.60
57.80
12.00
2.40
1.50
16.80
5.30
0.40
0.40
3.50
0.00
0.00
7.80
5.80
2.50
4.00
2.20
8.00
0.10
0.00
0.00
4.30
5.60
1.60
0.00
0.10
0.30
0.00
1.40
4.40
2.60
0.40
0.00
1.90
