20160101
0.00
0.00
0.00
0.00
0.00
0.00
0.00
0.00
0.00
0.00
0.00
0.00
0.00
0.00
0.00
0.00
0.00
0.00
0.00
0.00
30.00
0.00
0.00
0.00
0.00
2.00
0.00
0.00
0.00
0.00
0.00
0.00
0.00
0.00
0.00
0.00
0.00
0.00
0.00
0.00
0.00
0.00
0.00
0.00
0.00
0.00
0.00
0.00
0.00
0.00
0.00
0.00
0.00
49.00
234.00
41.00
12.00
1.00
0.00
0.00
0.00
0.00
0.00
0.00
0.00
0.00
0.00
0.00
0.00
0.00
0.00
3.00
0.00
0.00
0.00
0.00
0.00
0.00
32.00
0.00
11.00
0.00
8.00
0.00
0.00
0.00
0.00
79.00
1.00
2.00
312.00
40.00
4.00
11.00
132.00
34.00
0.00
0.00
0.00
0.00
0.00
0.00
0.00
0.00
0.00
0.00
18.00
22.00
0.00
0.00
0.00
0.00
0.00
0.00
13.00
298.00
0.00
0.00
0.00
0.00
0.00
82.00
64.00
0.00
90.00
0.00
2.00
0.00
0.00
0.00
0.00
0.00
344.00
3.00
0.00
0.00
0.00
46.00
182.00
211.00
210.00
509.00
3.00
0.00
21.00
88.00
0.00
0.00
76.00
11.00
0.00
6.00
0.00
0.00
196.00
208.00
282.00
23.00
105.00
66.00
82.00
648.00
50.00
71.00
22.00
0.00
19.00
21.00
31.00
31.00
12.00
63.00
10.00
102.00
9.00
100.00
68.00
4.00
12.00
0.00
16.00
90.00
49.00
12.00
29.00
23.00
30.00
4.00
111.00
36.00
36.00
20.00
2.00
12.00
26.00
41.00
39.00
123.00
3.00
3.00
4.00
28.00
48.00
35.00
65.00
122.00
215.00
0.00
13.00
35.00
175.00
32.00
37.00
56.00
55.00
27.00
24.00
31.00
23.00
8.00
70.00
4.00
6.00
16.00
19.00
195.00
22.00
10.00
0.00
24.00
0.00
7.00
565.00
62.00
0.00
19.00
0.00
58.00
12.00
73.00
0.00
124.00
90.00
23.00
21.00
0.00
10.00
8.00
1.00
12.00
27.00
26.00
93.00
1.00
31.00
5.00
5.00
27.00
43.00
187.00
8.00
1.00
47.00
151.00
96.00
11.00
59.00
4.00
32.00
69.00
45.00
0.00
5.00
28.00
27.00
250.00
19.00
0.00
5.00
0.00
14.00
41.00
0.00
0.00
7.00
132.00
4.00
0.00
0.00
0.00
51.00
14.00
0.00
0.00
0.00
0.00
0.00
0.00
0.00
0.00
39.00
12.00
7.00
2.00
0.00
0.00
160.00
3.00
50.00
359.00
226.00
0.00
0.00
0.00
0.00
0.00
0.00
0.00
0.00
0.00
0.00
0.00
0.00
0.00
0.00
0.00
0.00
0.00
0.00
0.00
0.00
0.00
0.00
0.00
0.00
1.00
0.00
0.00
0.00
0.00
0.00
0.00
0.00
0.00
0.00
0.00
0.00
0.00
0.00
0.00
0.00
0.00
0.00
0.00
0.00
0.00
0.00
0.00
0.00
0.00
0.00
0.00
0.00
0.00
0.00
0.00
0.00
0.00
0.00
7.00
0.00
0.00
0.00
0.00
0.00
0.00
0.00
0.00
0.00
0.00
0.00
0.00
0.00
0.00
0.00
0.00
0.00
0.00
0.00
0.00
0.00
0.00
4.00
0.00
0.00
0.00
0.00
0.00
0.00
0.00
0.00
0.00
0.00
0.00
0.00
0.00
0.00
0.00
0.00
0.00
0.00
0.00
0.00
0.00
0.00
0.00
0.00
0.00
0.00
0.00
0.00
0.00
0.00
0.00
0.00
0.00
0.00
0.00
0.00
1.00
8.00
0.00
62.00
0.00
107.00
47.00
2.00
0.00
0.00
0.00
0.00
0.00
37.00
1.00
38.00
0.00
0.00
0.00
0.00
27.00
0.00
0.00
0.00
144.00
42.00
1.00
0.00
0.00
17.00
374.00
40.00
0.00
0.00
0.00
0.00
0.00
0.00
0.00
0.00
2.00
16.00
4.00
115.00
0.00
343.00
56.00
521.00
189.00
115.00
104.00
239.00
0.00
0.00
0.00
0.00
0.00
9.00
0.00
0.00
0.00
0.00
0.00
0.00
0.00
111.00
0.00
0.00
0.00
13.00
8.00
119.00
7.00
46.00
0.00
4.00
0.00
0.00
0.00
0.00
0.00
4.00
0.00
164.00
106.00
159.00
283.00
52.00
6.00
107.00
139.00
130.00
0.00
117.00
164.00
256.00
112.00
133.00
118.00
166.00
348.00
0.00
96.00
10.00
31.00
13.00
135.00
3.00
0.00
37.00
42.00
2.00
54.00
36.00
62.00
77.00
117.00
60.00
21.00
0.00
68.00
19.00
34.00
5.00
2.00
3.00
17.00
6.00
44.00
54.00
340.00
21.00
109.00
5.00
68.00
101.00
21.00
7.00
35.00
50.00
70.00
67.00
124.00
13.00
16.00
291.00
105.00
56.00
35.00
26.00
37.00
38.00
36.00
69.00
44.00
6.00
5.00
2.00
31.00
82.00
22.00
14.00
16.00
33.00
48.00
40.00
21.00
9.00
77.00
81.00
75.00
42.00
54.00
111.00
434.00
5.00
8.00
69.00
82.00
94.00
4.00
21.00
1.00
11.00
23.00
142.00
29.00
75.00
11.00
41.00
2.00
21.00
80.00
11.00
9.00
132.00
147.00
102.00
134.00
64.00
5.00
20.00
28.00
63.00
75.00
343.00
70.00
169.00
6.00
13.00
90.00
294.00
91.00
1.00
0.00
6.00
13.00
8.00
34.00
1.00
49.00
7.00
0.00
0.00
0.00
0.00
0.00
34.00
192.00
34.00
137.00
1.00
0.00
0.00
0.00
0.00
0.00
13.00
25.00
147.00
7.00
0.00
0.00
0.00
0.00
0.00
0.00
0.00
0.00
0.00
0.00
0.00
1.00
0.00
1.00
226.00
30.00
11.00
0.00
0.00
0.00
0.00
3.00
0.00
0.00
0.00
0.00
0.00
0.00
0.00
0.00
0.00
0.00
0.00
0.00
0.00
0.00
4.00
697.00
450.00
1.00
0.00
0.00
0.00
0.00
0.00
0.00
0.00
0.00
0.00
0.00
0.00
0.00
0.00
0.00
0.00
0.00
0.00
0.00
0.00
0.00
6.00
443.00
172.00
0.00
0.00
0.00
0.00
0.00
0.00
0.00
0.00
0.00
0.00
0.00
0.00
0.00
0.00
0.00
0.00
0.00
0.00
0.00
0.00
0.00
0.00
0.00
0.00
0.00
0.00
0.00
0.00
0.00
0.00
0.00
0.00
0.00
0.00
0.00
0.00
0.00
21.00
7.00
41.00
0.00
0.00
9.00
0.00
0.00
0.00
0.00
0.00
0.00
0.00
0.00
0.00
0.00
0.00
123.00
0.00
0.00
0.00
0.00
0.00
0.00
0.00
0.00
0.00
0.00
0.00
0.00
0.00
0.00
105.00
0.00
0.00
15.00
158.00
0.00
0.00
0.00
0.00
0.00
0.00
0.00
0.00
0.00
15.00
0.00
0.00
0.00
13.00
0.00
205.00
370.00
0.00
0.00
17.00
44.00
58.00
0.00
60.00
0.00
0.00
0.00
0.00
0.00
0.00
42.00
32.00
38.00
6.00
45.00
9.00
0.00
0.00
0.00
3.00
40.00
2.00
157.00
88.00
1.00
52.00
1.00
33.00
94.00
268.00
487.00
281.00
52.00
160.00
683.00
0.00
18.00
1.00
0.00
15.00
0.00
0.00
16.00
41.00
0.00
0.00
9.00
59.00
6.00
0.00
5.00
0.00
75.00
0.00
11.00
0.00
87.00
95.00
707.00
73.00
1.00
9.00
158.00
75.00
287.00
449.00
228.00
147.00
18.00
59.00
0.00
0.00
9.00
4.00
30.00
5.00
14.00
27.00
2.00
0.00
79.00
64.00
50.00
3.00
1.00
0.00
33.00
33.00
9.00
3.00
1.00
26.00
19.00
37.00
58.00
62.00
20.00
64.00
3.00
56.00
0.00
11.00
8.00
132.00
24.00
127.00
10.00
4.00
20.00
1.00
0.00
29.00
13.00
66.00
248.00
51.00
0.00
5.00
0.00
44.00
67.00
35.00
10.00
44.00
5.00
9.00
99.00
22.00
42.00
31.00
25.00
4.00
11.00
23.00
3.00
40.00
6.00
2.00
58.00
8.00
19.00
38.00
10.00
8.00
1.00
81.00
7.00
121.00
4.00
22.00
26.00
0.00
2.00
0.00
43.00
156.00
11.00
0.00
0.00
0.00
7.00
76.00
11.00
164.00
322.00
132.00
1.00
11.00
19.00
64.00
14.00
2.00
3.00
12.00
21.00
0.00
0.00
0.00
0.00
0.00
0.00
0.00
0.00
1.00
45.00
174.00
411.00
455.00
424.00
97.00
0.00
0.00
0.00
0.00
0.00
0.00
0.00
0.00
0.00
0.00
0.00
0.00
0.00
83.00
7.00
175.00
75.00
101.00
0.00
0.00
0.00
0.00
0.00
0.00
0.00
0.00
0.00
0.00
0.00
1.00
1.00
10.00
0.00
0.00
0.00
0.00
0.00
0.00
0.00
0.00
0.00
0.00
0.00
0.00
0.00
0.00
0.00
0.00
0.00
0.00
0.00
0.00
0.00
2.00
0.00
0.00
0.00
0.00
2.00
0.00
0.00
0.00
0.00
11.00
8.00
122.00
0.00
0.00
0.00
0.00
0.00
0.00
0.00
0.00
0.00
0.00
0.00
0.00
0.00
0.00
0.00
0.00
0.00
0.00
0.00
0.00
0.00
0.00
0.00
0.00
0.00
0.00
0.00
0.00
0.00
0.00
0.00
0.00
0.00
0.00
0.00
0.00
0.00
0.00
0.00
0.00
0.00
0.00
0.00
0.00
0.00
0.00
0.00
0.00
0.00
0.00
0.00
0.00
0.00
0.00
0.00
0.00
0.00
0.00
0.00
0.00
2.00
0.00
0.00
0.00
0.00
0.00
0.00
0.00
113.30
91.80
24.10
31.30
0.00
0.00
0.00
11.50
20.60
2.80
0.00
0.00
0.00
0.00
0.00
0.00
0.00
0.00
0.00
0.00
0.00
0.00
0.00
0.00
0.00
0.00
0.00
0.00
0.00
0.00
0.00
0.00
0.00
0.00
67.70
20.10
22.20
22.70
0.00
5.40
11.00
0.00
48.50
20.20
0.00
0.00
0.00
0.00
0.00
0.00
0.00
0.00
0.00
0.00
0.00
0.00
0.00
0.00
0.00
0.00
0.00
0.00
1.20
0.00
0.00
0.00
0.10
0.00
0.70
0.00
0.00
0.00
0.00
0.00
0.00
0.00
0.00
2.40
13.20
0.40
4.00
3.20
0.00
0.00
0.00
0.00
2.30
2.30
69.40
0.40
0.00
0.00
0.00
0.00
0.00
0.00
0.60
0.00
0.50
15.70
0.00
8.50
3.00
0.00
0.30
14.40
1.80
11.80
9.10
13.40
16.20
0.20
0.00
8.90
10.00
8.70
0.60
0.00
0.80
7.00
1.70
1.70
0.30
0.00
2.80
3.30
2.50
0.00
0.00
4.10
7.40
6.20
8.80
9.10
2.50
2.50
28.40
28.40
17.90
6.70
6.70
0.00
12.00
6.70
6.70
6.70
0.90
20.20
1.50
1.00
10.70
12.70
3.40
8.70
0.00
7.20
2.80
6.20
11.10
10.00
0.30
43.10
4.80
25.00
2.50
0.60
3.40
4.40
1.30
4.20
6.20
2.70
0.70
5.30
1.50
2.90
5.40
25.90
2.10
13.70
13.30
0.20
1.50
0.90
6.20
0.00
0.70
35.80
10.90
0.90
1.90
1.70
1.00
7.20
0.50
0.70
1.40
7.20
16.60
1.70
2.00
3.00
11.50
4.20
2.00
5.00
8.20
12.70
5.90
50.20
13.50
42.60
13.90
2.70
1.10
19.90
5.10
0.40
0.40
4.80
0.00
0.00
1.70
5.00
2.00
1.10
1.50
10.00
0.10
0.00
0.00
5.60
5.90
0.20
0.70
0.20
1.80
0.00
1.40
4.40
2.60
0.40
0.00
1.90
