20160101
0.00
0.00
0.00
0.00
0.00
0.00
0.00
0.00
0.00
0.00
0.00
0.00
0.00
0.00
0.00
0.00
0.00
0.00
0.00
1.00
27.00
0.00
0.00
0.00
0.00
0.00
0.00
0.00
0.00
0.00
0.00
0.00
0.00
0.00
0.00
0.00
0.00
0.00
0.00
0.00
0.00
0.00
0.00
0.00
0.00
0.00
0.00
0.00
0.00
0.00
7.00
0.00
37.00
19.00
107.00
84.00
3.00
9.00
0.00
0.00
0.00
0.00
0.00
0.00
0.00
0.00
0.00
0.00
3.00
4.00
0.00
3.00
0.00
0.00
1.00
1.00
0.00
0.00
13.00
0.00
0.00
0.00
0.00
0.00
0.00
0.00
0.00
21.00
1.00
14.00
292.00
0.00
0.00
2.00
34.00
141.00
0.00
0.00
0.00
0.00
0.00
0.00
0.00
0.00
1.00
0.00
10.00
47.00
0.00
3.00
5.00
23.00
6.00
0.00
6.00
79.00
0.00
0.00
0.00
0.00
0.00
29.00
17.00
0.00
5.00
1.00
0.00
4.00
0.00
0.00
0.00
0.00
83.00
0.00
5.00
2.00
0.00
29.00
199.00
57.00
110.00
335.00
26.00
3.00
1.00
2.00
0.00
0.00
0.00
42.00
0.00
54.00
0.00
12.00
4.00
0.00
54.00
27.00
124.00
147.00
111.00
220.00
82.00
13.00
1.00
0.00
57.00
52.00
1.00
49.00
12.00
135.00
34.00
141.00
23.00
217.00
51.00
0.00
0.00
0.00
0.00
7.00
151.00
89.00
32.00
15.00
3.00
28.00
93.00
77.00
5.00
13.00
12.00
35.00
3.00
12.00
86.00
319.00
0.00
0.00
41.00
24.00
60.00
50.00
237.00
101.00
260.00
1.00
16.00
58.00
61.00
308.00
67.00
90.00
59.00
0.00
31.00
32.00
40.00
45.00
9.00
2.00
2.00
2.00
10.00
32.00
24.00
0.00
7.00
71.00
0.00
29.00
909.00
8.00
0.00
61.00
0.00
59.00
75.00
20.00
5.00
16.00
7.00
50.00
34.00
8.00
12.00
74.00
8.00
24.00
1.00
3.00
477.00
142.00
107.00
17.00
40.00
0.00
13.00
34.00
49.00
12.00
110.00
99.00
23.00
38.00
0.00
0.00
15.00
3.00
122.00
0.00
0.00
0.00
0.00
16.00
1.00
0.00
184.00
0.00
26.00
1.00
0.00
24.00
2.00
10.00
33.00
1.00
0.00
0.00
0.00
0.00
0.00
0.00
0.00
0.00
0.00
0.00
0.00
27.00
101.00
47.00
106.00
21.00
0.00
0.00
4.00
9.00
40.00
140.00
26.00
0.00
0.00
0.00
0.00
0.00
0.00
0.00
0.00
0.00
0.00
0.00
0.00
0.00
0.00
0.00
0.00
0.00
0.00
0.00
0.00
0.00
0.00
0.00
0.00
0.00
0.00
0.00
0.00
0.00
0.00
0.00
0.00
0.00
0.00
0.00
0.00
0.00
0.00
0.00
0.00
0.00
0.00
0.00
0.00
0.00
0.00
0.00
0.00
0.00
0.00
0.00
0.00
0.00
0.00
0.00
0.00
0.00
0.00
0.00
0.00
0.00
0.00
0.00
0.00
0.00
0.00
0.00
0.00
0.00
0.00
0.00
0.00
0.00
0.00
0.00
0.00
0.00
0.00
0.00
0.00
0.00
3.00
0.00
0.00
0.00
0.00
0.00
0.00
0.00
0.00
0.00
0.00
0.00
0.00
0.00
0.00
0.00
0.00
0.00
0.00
0.00
0.00
0.00
0.00
0.00
0.00
0.00
0.00
0.00
0.00
0.00
0.00
0.00
0.00
0.00
0.00
0.00
0.00
0.00
5.00
0.00
37.00
0.00
28.00
9.00
4.00
0.00
0.00
0.00
0.00
0.00
2.00
0.00
17.00
0.00
0.00
0.00
0.00
8.00
0.00
0.00
1.00
18.00
44.00
11.00
0.00
0.00
93.00
110.00
2.00
0.00
0.00
0.00
0.00
0.00
0.00
0.00
0.00
6.00
8.00
5.00
48.00
0.00
103.00
45.00
112.00
36.00
48.00
80.00
73.00
0.00
0.00
0.00
0.00
0.00
6.00
0.00
0.00
0.00
2.00
3.00
0.00
0.00
159.00
0.00
4.00
0.00
29.00
30.00
85.00
7.00
20.00
0.00
0.00
0.00
0.00
0.00
0.00
1.00
37.00
6.00
138.00
23.00
123.00
131.00
16.00
17.00
8.00
5.00
7.00
1.00
0.00
0.00
84.00
99.00
52.00
66.00
41.00
166.00
0.00
114.00
11.00
19.00
0.00
132.00
8.00
1.00
13.00
55.00
0.00
1.00
0.00
22.00
25.00
54.00
6.00
37.00
10.00
69.00
117.00
60.00
0.00
0.00
8.00
198.00
177.00
150.00
79.00
62.00
23.00
316.00
17.00
196.00
218.00
116.00
224.00
0.00
58.00
146.00
16.00
27.00
4.00
35.00
336.00
119.00
0.00
22.00
45.00
37.00
13.00
61.00
46.00
258.00
6.00
0.00
6.00
2.00
10.00
22.00
83.00
6.00
102.00
93.00
13.00
36.00
1.00
12.00
24.00
102.00
14.00
5.00
78.00
804.00
6.00
36.00
33.00
73.00
10.00
20.00
44.00
10.00
9.00
70.00
16.00
16.00
129.00
81.00
153.00
68.00
211.00
226.00
223.00
0.00
781.00
450.00
79.00
69.00
61.00
0.00
42.00
9.00
9.00
29.00
200.00
22.00
24.00
0.00
14.00
31.00
32.00
17.00
0.00
12.00
87.00
0.00
19.00
0.00
1.00
279.00
64.00
0.00
0.00
186.00
0.00
1.00
35.00
4.00
22.00
7.00
5.00
0.00
0.00
0.00
0.00
0.00
0.00
0.00
18.00
8.00
0.00
0.00
0.00
0.00
0.00
0.00
0.00
0.00
0.00
0.00
0.00
0.00
0.00
0.00
57.00
38.00
1.00
0.00
0.00
0.00
0.00
3.00
0.00
0.00
0.00
0.00
0.00
0.00
0.00
0.00
0.00
0.00
0.00
0.00
0.00
3.00
0.00
342.00
278.00
0.00
0.00
0.00
0.00
0.00
0.00
0.00
0.00
0.00
0.00
0.00
0.00
0.00
0.00
0.00
0.00
0.00
0.00
0.00
0.00
0.00
2.00
362.00
731.00
0.00
0.00
0.00
0.00
0.00
0.00
0.00
0.00
0.00
0.00
0.00
0.00
0.00
0.00
0.00
0.00
0.00
0.00
0.00
0.00
0.00
0.00
0.00
0.00
0.00
0.00
0.00
0.00
0.00
0.00
0.00
0.00
0.00
0.00
9.00
0.00
5.00
64.00
1.00
4.00
0.00
0.00
0.00
0.00
0.00
0.00
0.00
0.00
0.00
0.00
0.00
0.00
0.00
0.00
26.00
0.00
0.00
0.00
0.00
0.00
0.00
0.00
0.00
0.00
0.00
0.00
0.00
0.00
0.00
27.00
0.00
0.00
45.00
62.00
0.00
0.00
0.00
0.00
0.00
0.00
0.00
0.00
0.00
0.00
0.00
0.00
0.00
44.00
0.00
80.00
9.00
0.00
17.00
0.00
19.00
6.00
0.00
0.00
0.00
0.00
0.00
0.00
0.00
0.00
5.00
0.00
2.00
0.00
15.00
0.00
0.00
0.00
0.00
0.00
0.00
0.00
35.00
32.00
11.00
15.00
0.00
3.00
69.00
137.00
248.00
118.00
73.00
186.00
422.00
1.00
158.00
0.00
0.00
4.00
0.00
0.00
0.00
1.00
0.00
0.00
121.00
140.00
8.00
4.00
230.00
40.00
66.00
5.00
0.00
0.00
18.00
139.00
620.00
37.00
0.00
57.00
28.00
32.00
159.00
81.00
76.00
136.00
49.00
151.00
0.00
0.00
72.00
41.00
19.00
0.00
34.00
179.00
127.00
14.00
22.00
2.00
10.00
1.00
47.00
1.00
8.00
17.00
5.00
8.00
5.00
1.00
45.00
11.00
1.00
20.00
12.00
37.00
32.00
23.00
13.00
21.00
3.00
179.00
76.00
592.00
44.00
99.00
301.00
11.00
1.00
25.00
44.00
232.00
158.00
82.00
0.00
0.00
53.00
85.00
597.00
175.00
7.00
5.00
28.00
46.00
83.00
60.00
23.00
100.00
35.00
1.00
8.00
67.00
17.00
16.00
7.00
3.00
187.00
27.00
8.00
60.00
41.00
4.00
5.00
32.00
69.00
134.00
3.00
1.00
35.00
0.00
1.00
0.00
37.00
198.00
196.00
1.00
0.00
8.00
15.00
38.00
0.00
0.00
26.00
205.00
5.00
0.00
1.00
54.00
68.00
0.00
0.00
0.00
35.00
2.00
2.00
59.00
9.00
0.00
0.00
0.00
0.00
7.00
26.00
176.00
330.00
453.00
359.00
58.00
0.00
0.00
0.00
0.00
0.00
0.00
0.00
23.00
0.00
0.00
0.00
0.00
15.00
191.00
0.00
82.00
53.00
83.00
0.00
0.00
0.00
0.00
0.00
0.00
0.00
0.00
0.00
0.00
0.00
23.00
0.00
9.00
0.00
0.00
0.00
0.00
0.00
0.00
0.00
0.00
0.00
0.00
0.00
0.00
0.00
0.00
0.00
0.00
0.00
0.00
0.00
0.00
0.00
19.00
0.00
0.00
0.00
0.00
0.00
0.00
0.00
2.00
0.00
3.00
0.00
2.00
0.00
0.00
0.00
0.00
0.00
0.00
0.00
0.00
0.00
0.00
0.00
0.00
0.00
0.00
0.00
0.00
0.00
0.00
0.00
26.00
0.00
0.00
0.00
0.00
0.00
0.00
0.00
0.00
0.00
0.00
0.00
0.00
0.00
0.00
0.00
0.00
0.00
0.00
0.00
0.00
0.00
2.00
0.00
0.00
0.00
0.00
0.00
0.00
0.00
0.00
0.00
0.00
0.00
0.00
0.00
0.00
0.00
0.00
0.00
0.00
0.00
0.00
0.00
0.00
0.00
0.00
0.00
0.00
81.70
62.00
16.60
4.10
0.00
0.00
0.00
0.10
12.90
6.60
0.00
0.00
0.00
0.00
0.00
0.00
0.00
0.00
0.00
0.00
0.00
2.30
0.00
0.00
0.00
0.00
0.00
0.00
0.00
0.00
0.40
0.00
0.00
0.00
16.10
4.90
16.50
13.00
0.00
8.00
4.90
0.00
9.60
2.70
0.00
0.00
0.00
0.00
0.00
0.00
0.00
0.00
0.00
0.00
0.00
0.00
0.20
0.00
0.00
0.00
0.00
0.00
0.40
0.00
0.00
0.00
4.30
4.80
0.00
0.00
0.00
0.00
0.00
0.00
0.00
0.00
0.00
0.10
1.40
0.00
0.00
0.00
0.10
0.00
0.00
0.00
0.00
0.00
6.20
0.00
0.00
0.00
0.00
0.00
0.00
0.00
0.00
0.90
3.30
5.50
0.00
4.30
0.30
2.00
1.60
10.00
5.70
10.60
27.40
4.80
0.90
0.00
0.50
7.50
0.00
8.10
3.10
0.10
6.20
4.20
1.20
3.40
1.10
14.90
4.60
2.10
0.00
0.00
0.00
4.00
4.00
2.20
0.30
1.30
0.20
0.20
3.50
3.50
9.10
2.40
2.40
0.00
0.60
2.40
2.40
2.40
26.10
20.60
9.10
8.30
7.80
3.10
0.10
0.00
2.40
5.40
15.70
16.10
9.20
0.00
0.20
54.10
1.20
4.20
4.70
0.50
3.10
28.90
1.70
1.90
0.20
0.60
0.70
0.00
12.10
1.10
3.50
7.60
1.70
47.20
20.90
0.80
1.30
0.00
11.80
0.00
2.50
37.60
18.30
2.30
2.70
0.10
2.20
0.00
0.00
2.60
0.00
0.30
0.90
1.00
0.00
0.30
4.10
0.00
0.00
0.00
1.60
0.00
1.00
24.80
0.10
13.30
11.20
0.00
0.20
1.10
10.50
0.00
0.00
3.80
0.00
0.00
1.70
5.70
2.30
0.10
4.00
3.70
0.50
0.00
0.00
0.70
28.30
0.50
0.00
0.50
0.00
0.00
0.30
2.60
1.20
3.40
2.90
5.60
