20160101
0.00
0.00
0.00
0.00
0.00
0.00
0.00
0.00
0.00
0.00
0.00
0.00
2.00
0.00
0.00
0.00
0.00
0.00
2.00
26.00
0.00
0.00
0.00
0.00
0.00
0.00
0.00
0.00
0.00
0.00
0.00
0.00
0.00
0.00
0.00
0.00
0.00
0.00
0.00
0.00
0.00
0.00
17.00
0.00
0.00
0.00
0.00
0.00
0.00
0.00
1.00
1.00
1.00
72.00
332.00
19.00
35.00
0.00
0.00
0.00
0.00
0.00
0.00
0.00
0.00
7.00
0.00
0.00
0.00
12.00
0.00
0.00
0.00
0.00
0.00
0.00
0.00
2.00
10.00
3.00
0.00
0.00
0.00
0.00
0.00
0.00
0.00
257.00
0.00
23.00
566.00
54.00
35.00
87.00
30.00
0.00
0.00
0.00
2.00
0.00
0.00
0.00
0.00
0.00
0.00
0.00
0.00
0.00
0.00
0.00
0.00
0.00
0.00
0.00
0.00
0.00
2.00
0.00
0.00
0.00
0.00
12.00
50.00
0.00
0.00
4.00
69.00
78.00
0.00
0.00
0.00
0.00
5.00
662.00
0.00
0.00
0.00
44.00
314.00
292.00
1287.00
556.00
0.00
0.00
254.00
229.00
0.00
5.00
351.00
13.00
25.00
171.00
0.00
0.00
0.00
2.00
3.00
50.00
173.00
455.00
91.00
182.00
1344.00
265.00
228.00
0.00
0.00
1.00
17.00
22.00
6.00
6.00
2.00
22.00
45.00
10.00
182.00
2.00
0.00
347.00
49.00
0.00
130.00
67.00
634.00
306.00
91.00
105.00
152.00
23.00
26.00
19.00
0.00
87.00
171.00
11.00
508.00
198.00
98.00
363.00
74.00
12.00
8.00
3.00
13.00
87.00
291.00
2.00
7.00
128.00
129.00
273.00
622.00
73.00
0.00
123.00
28.00
1.00
52.00
31.00
45.00
104.00
582.00
97.00
0.00
177.00
193.00
68.00
160.00
47.00
4.00
0.00
332.00
982.00
0.00
2.00
11.00
426.00
282.00
154.00
227.00
5.00
152.00
681.00
117.00
146.00
144.00
23.00
8.00
2.00
3.00
0.00
31.00
31.00
149.00
292.00
237.00
10.00
0.00
68.00
22.00
3.00
10.00
204.00
8.00
56.00
82.00
6.00
0.00
59.00
1273.00
221.00
2.00
207.00
137.00
151.00
246.00
137.00
27.00
6.00
241.00
133.00
273.00
461.00
1369.00
105.00
0.00
11.00
0.00
0.00
0.00
0.00
0.00
0.00
0.00
0.00
0.00
0.00
3.00
0.00
72.00
29.00
52.00
0.00
0.00
0.00
0.00
32.00
258.00
730.00
174.00
0.00
0.00
0.00
0.00
0.00
0.00
0.00
0.00
0.00
0.00
0.00
0.00
0.00
0.00
0.00
0.00
0.00
0.00
0.00
0.00
0.00
0.00
0.00
0.00
25.00
0.00
0.00
0.00
0.00
0.00
0.00
0.00
0.00
0.00
0.00
0.00
0.00
0.00
0.00
0.00
0.00
0.00
0.00
0.00
0.00
0.00
0.00
0.00
0.00
0.00
0.00
0.00
0.00
0.00
0.00
0.00
0.00
0.00
0.00
0.00
0.00
0.00
0.00
0.00
0.00
0.00
0.00
0.00
0.00
0.00
0.00
0.00
0.00
0.00
0.00
0.00
0.00
0.00
0.00
0.00
0.00
23.00
0.00
0.00
0.00
0.00
0.00
0.00
0.00
0.00
0.00
0.00
0.00
0.00
0.00
0.00
0.00
0.00
0.00
0.00
0.00
0.00
0.00
0.00
0.00
0.00
0.00
0.00
0.00
0.00
0.00
0.00
0.00
0.00
0.00
0.00
0.00
0.00
20.00
105.00
0.00
81.00
3.00
27.00
57.00
0.00
0.00
0.00
0.00
0.00
0.00
315.00
12.00
29.00
0.00
0.00
0.00
0.00
14.00
0.00
0.00
0.00
18.00
14.00
1.00
0.00
0.00
593.00
122.00
594.00
0.00
0.00
0.00
0.00
0.00
0.00
0.00
0.00
0.00
30.00
0.00
0.00
0.00
1046.00
99.00
396.00
694.00
272.00
405.00
121.00
0.00
0.00
0.00
0.00
0.00
3.00
0.00
0.00
0.00
11.00
4.00
0.00
0.00
471.00
0.00
7.00
0.00
2.00
0.00
586.00
68.00
75.00
0.00
0.00
0.00
0.00
0.00
0.00
0.00
0.00
8.00
39.00
305.00
228.00
1133.00
87.00
1215.00
54.00
12.00
261.00
125.00
0.00
229.00
241.00
18.00
87.00
513.00
198.00
535.00
1.00
551.00
63.00
6.00
211.00
496.00
17.00
182.00
64.00
11.00
22.00
4.00
10.00
7.00
15.00
13.00
42.00
521.00
777.00
480.00
221.00
279.00
2.00
0.00
63.00
25.00
284.00
16.00
76.00
107.00
141.00
26.00
58.00
99.00
628.00
653.00
1422.00
587.00
26.00
31.00
828.00
221.00
397.00
91.00
105.00
126.00
120.00
1.00
20.00
81.00
88.00
139.00
87.00
92.00
27.00
6.00
52.00
249.00
264.00
571.00
149.00
8.00
254.00
246.00
67.00
90.00
80.00
120.00
367.00
182.00
136.00
251.00
56.00
80.00
112.00
60.00
47.00
150.00
459.00
233.00
41.00
199.00
11.00
55.00
16.00
58.00
5.00
4.00
211.00
304.00
33.00
9.00
17.00
61.00
121.00
697.00
264.00
205.00
77.00
66.00
0.00
215.00
296.00
365.00
243.00
267.00
303.00
401.00
89.00
8.00
11.00
91.00
146.00
1.00
8.00
0.00
6.00
77.00
0.00
5.00
0.00
0.00
0.00
0.00
0.00
20.00
39.00
290.00
906.00
1158.00
0.00
0.00
0.00
0.00
0.00
0.00
3.00
213.00
98.00
0.00
0.00
0.00
0.00
0.00
0.00
0.00
0.00
0.00
0.00
0.00
0.00
7.00
0.00
1.00
296.00
29.00
40.00
0.00
0.00
0.00
0.00
0.00
0.00
0.00
0.00
0.00
0.00
0.00
0.00
0.00
0.00
0.00
0.00
0.00
0.00
1.00
87.00
1349.00
1077.00
656.00
0.00
0.00
0.00
0.00
0.00
0.00
0.00
0.00
0.00
0.00
0.00
0.00
0.00
0.00
0.00
0.00
0.00
0.00
0.00
0.00
55.00
292.00
17.00
0.00
0.00
0.00
0.00
0.00
0.00
0.00
0.00
0.00
0.00
0.00
0.00
0.00
0.00
0.00
0.00
0.00
0.00
0.00
0.00
0.00
0.00
0.00
0.00
0.00
0.00
0.00
0.00
0.00
0.00
0.00
0.00
0.00
0.00
51.00
271.00
239.00
644.00
68.00
82.00
0.00
3.00
0.00
0.00
0.00
0.00
0.00
0.00
0.00
0.00
0.00
0.00
0.00
0.00
216.00
0.00
0.00
0.00
0.00
0.00
0.00
2.00
0.00
0.00
0.00
0.00
0.00
0.00
0.00
0.00
0.00
0.00
124.00
12.00
0.00
0.00
0.00
0.00
0.00
0.00
0.00
0.00
0.00
0.00
0.00
0.00
112.00
112.00
0.00
34.00
0.00
0.00
9.00
120.00
58.00
21.00
135.00
121.00
123.00
11.00
1.00
84.00
0.00
9.00
301.00
5.00
35.00
26.00
18.00
331.00
0.00
0.00
0.00
10.00
0.00
0.00
374.00
248.00
0.00
95.00
33.00
49.00
737.00
11.00
94.00
0.00
5.00
333.00
788.00
0.00
60.00
43.00
0.00
26.00
44.00
496.00
145.00
89.00
109.00
30.00
151.00
60.00
0.00
0.00
0.00
33.00
89.00
418.00
176.00
56.00
7.00
18.00
271.00
94.00
24.00
0.00
331.00
631.00
371.00
985.00
1410.00
36.00
70.00
133.00
114.00
5.00
1.00
167.00
25.00
0.00
40.00
280.00
246.00
15.00
3.00
2.00
7.00
2.00
11.00
12.00
411.00
423.00
95.00
23.00
12.00
3.00
6.00
0.00
5.00
69.00
9.00
136.00
138.00
22.00
95.00
38.00
3.00
27.00
55.00
153.00
61.00
638.00
493.00
101.00
125.00
360.00
162.00
21.00
20.00
48.00
219.00
146.00
55.00
167.00
436.00
209.00
29.00
22.00
4.00
28.00
11.00
60.00
77.00
543.00
11.00
151.00
356.00
274.00
156.00
6.00
243.00
13.00
78.00
90.00
93.00
28.00
0.00
2.00
26.00
36.00
6.00
26.00
37.00
47.00
116.00
0.00
9.00
0.00
1.00
17.00
30.00
36.00
275.00
2.00
6.00
107.00
0.00
1.00
62.00
159.00
90.00
13.00
0.00
167.00
61.00
37.00
12.00
0.00
35.00
0.00
0.00
0.00
0.00
0.00
0.00
0.00
0.00
0.00
1.00
134.00
366.00
516.00
419.00
229.00
0.00
0.00
0.00
0.00
0.00
0.00
0.00
0.00
0.00
0.00
0.00
0.00
0.00
6.00
68.00
223.00
115.00
7.00
0.00
0.00
0.00
0.00
0.00
0.00
0.00
0.00
0.00
0.00
0.00
3.00
0.00
0.00
0.00
0.00
0.00
0.00
0.00
0.00
1.00
0.00
0.00
0.00
0.00
0.00
0.00
0.00
0.00
0.00
0.00
0.00
0.00
0.00
0.00
12.00
0.00
0.00
0.00
0.00
0.00
0.00
0.00
0.00
0.00
54.00
37.00
0.00
0.00
0.00
0.00
0.00
0.00
0.00
0.00
0.00
0.00
0.00
0.00
0.00
0.00
0.00
0.00
0.00
0.00
0.00
0.00
0.00
0.00
0.00
0.00
0.00
0.00
0.00
0.00
0.00
0.00
0.00
0.00
0.00
0.00
0.00
0.00
0.00
0.00
0.00
0.00
0.00
0.00
0.00
0.00
0.00
0.00
0.00
0.00
0.00
0.00
0.00
0.00
0.00
0.00
0.00
0.00
0.00
0.00
0.00
0.00
5.00
0.00
0.00
0.00
0.00
0.00
0.00
0.00
0.50
80.70
58.90
32.00
14.60
0.00
0.00
0.00
4.60
15.70
0.00
0.00
0.00
0.00
0.00
0.00
0.00
0.00
0.00
0.70
2.60
3.60
1.00
0.00
10.30
0.00
6.30
0.00
0.00
0.00
0.00
0.30
0.00
0.00
0.00
28.70
18.30
54.00
65.60
0.00
0.00
15.60
0.30
11.60
33.30
6.10
14.60
0.10
27.20
0.00
0.00
0.00
0.00
0.00
0.00
0.00
0.40
0.10
0.00
0.00
0.00
0.00
0.00
0.00
0.00
0.00
0.00
0.00
117.60
133.50
0.00
0.00
0.00
0.00
0.00
0.00
0.00
0.00
31.30
0.60
3.50
6.50
3.20
0.00
0.00
0.00
0.00
22.20
22.20
32.50
22.90
0.00
0.00
0.00
0.00
0.00
1.20
24.30
4.80
20.90
13.40
1.30
0.30
1.60
6.10
16.30
0.40
0.00
1.00
49.80
3.40
57.70
0.00
0.00
0.50
4.40
5.30
5.00
0.10
0.00
0.10
5.10
9.60
6.30
5.20
15.90
1.40
1.30
2.70
2.30
0.90
0.50
8.90
43.10
66.50
71.20
71.20
62.70
62.70
48.10
0.30
0.30
0.50
29.10
0.30
0.30
0.30
3.00
0.10
11.90
3.30
32.20
2.10
4.70
0.00
2.20
35.90
3.90
3.90
2.00
3.40
47.50
50.50
5.90
2.80
32.40
10.20
0.80
47.10
25.80
40.90
54.90
12.20
19.00
1.20
10.80
0.30
5.90
4.40
37.10
20.90
9.30
15.20
0.20
0.30
1.30
0.00
14.50
57.90
25.00
31.80
4.00
9.30
1.70
3.90
26.30
50.30
16.60
16.10
5.30
61.70
6.50
1.50
1.10
0.90
0.70
2.70
3.40
0.20
1.40
10.20
6.80
24.90
13.70
1.30
3.30
2.10
17.90
23.50
23.50
46.70
0.20
0.00
0.50
16.70
0.30
1.10
13.60
24.90
0.20
0.00
0.00
0.00
0.00
4.70
0.00
0.00
0.10
0.00
0.30
4.20
3.80
0.30
0.00
1.50
