20160101
0.00
0.00
0.00
0.00
0.00
0.00
0.00
0.00
4.00
0.00
0.00
0.00
0.00
0.00
0.00
0.00
0.00
0.00
0.00
1.00
0.00
0.00
0.00
0.00
0.00
0.00
0.00
0.00
0.00
0.00
0.00
0.00
0.00
0.00
0.00
0.00
0.00
0.00
0.00
0.00
0.00
0.00
3.00
0.00
0.00
0.00
0.00
0.00
0.00
0.00
0.00
0.00
0.00
105.00
29.00
0.00
19.00
0.00
0.00
0.00
1.00
0.00
0.00
0.00
0.00
55.00
0.00
5.00
0.00
1.00
1.00
0.00
0.00
0.00
0.00
25.00
0.00
0.00
0.00
0.00
130.00
0.00
47.00
0.00
0.00
0.00
0.00
467.00
0.00
257.00
251.00
81.00
0.00
72.00
353.00
193.00
19.00
0.00
0.00
0.00
0.00
0.00
0.00
0.00
105.00
52.00
498.00
187.00
0.00
53.00
11.00
107.00
200.00
0.00
0.00
121.00
0.00
41.00
7.00
0.00
11.00
66.00
358.00
44.00
160.00
2.00
10.00
3.00
0.00
0.00
0.00
0.00
147.00
23.00
0.00
55.00
0.00
92.00
233.00
32.00
268.00
767.00
7.00
13.00
28.00
22.00
0.00
8.00
8.00
30.00
0.00
59.00
0.00
0.00
2.00
368.00
20.00
118.00
27.00
9.00
13.00
169.00
22.00
29.00
13.00
0.00
60.00
81.00
281.00
35.00
8.00
3.00
56.00
64.00
7.00
16.00
18.00
0.00
56.00
26.00
169.00
4.00
55.00
5.00
50.00
9.00
1.00
3.00
17.00
50.00
125.00
79.00
56.00
5.00
7.00
18.00
203.00
60.00
19.00
2.00
5.00
5.00
3.00
24.00
42.00
51.00
320.00
13.00
20.00
7.00
107.00
0.00
61.00
48.00
5.00
14.00
24.00
60.00
91.00
227.00
252.00
15.00
4.00
76.00
214.00
38.00
55.00
1.00
11.00
3.00
16.00
4.00
392.00
6.00
3.00
22.00
0.00
294.00
1.00
0.00
3.00
6.00
254.00
121.00
2.00
1.00
49.00
33.00
19.00
51.00
77.00
0.00
13.00
5.00
41.00
148.00
179.00
0.00
6.00
446.00
72.00
16.00
24.00
93.00
109.00
165.00
275.00
58.00
51.00
4.00
713.00
149.00
1.00
353.00
22.00
31.00
0.00
314.00
23.00
121.00
438.00
69.00
0.00
3.00
98.00
209.00
0.00
0.00
0.00
0.00
0.00
0.00
0.00
0.00
0.00
0.00
0.00
1.00
0.00
0.00
57.00
75.00
97.00
17.00
3.00
0.00
37.00
15.00
124.00
488.00
126.00
0.00
0.00
0.00
0.00
0.00
0.00
0.00
0.00
0.00
0.00
0.00
0.00
0.00
0.00
0.00
0.00
0.00
0.00
0.00
0.00
0.00
0.00
0.00
0.00
0.00
0.00
0.00
0.00
0.00
0.00
0.00
0.00
0.00
0.00
0.00
0.00
0.00
0.00
0.00
0.00
0.00
0.00
0.00
0.00
0.00
0.00
0.00
0.00
0.00
0.00
0.00
0.00
0.00
0.00
0.00
0.00
0.00
0.00
0.00
0.00
0.00
0.00
0.00
0.00
0.00
0.00
0.00
0.00
0.00
0.00
0.00
0.00
0.00
0.00
0.00
0.00
0.00
0.00
0.00
0.00
0.00
20.00
0.00
0.00
0.00
0.00
0.00
0.00
0.00
0.00
0.00
0.00
0.00
0.00
0.00
0.00
0.00
0.00
0.00
0.00
0.00
0.00
0.00
0.00
0.00
0.00
0.00
0.00
21.00
0.00
0.00
0.00
0.00
0.00
0.00
0.00
0.00
0.00
67.00
117.00
0.00
194.00
0.00
218.00
140.00
0.00
0.00
0.00
0.00
0.00
0.00
107.00
0.00
73.00
0.00
0.00
0.00
0.00
81.00
0.00
0.00
2.00
53.00
222.00
18.00
16.00
0.00
518.00
153.00
121.00
0.00
0.00
0.00
0.00
0.00
0.00
0.00
0.00
0.00
47.00
10.00
187.00
4.00
379.00
261.00
82.00
355.00
34.00
143.00
24.00
0.00
0.00
87.00
6.00
40.00
83.00
0.00
0.00
35.00
0.00
16.00
0.00
0.00
58.00
0.00
0.00
0.00
25.00
4.00
318.00
5.00
55.00
0.00
13.00
9.00
108.00
0.00
0.00
0.00
1.00
2.00
144.00
162.00
167.00
424.00
142.00
267.00
140.00
169.00
188.00
4.00
138.00
50.00
518.00
643.00
402.00
191.00
232.00
95.00
24.00
305.00
10.00
32.00
24.00
25.00
24.00
3.00
6.00
70.00
121.00
198.00
639.00
77.00
145.00
39.00
242.00
54.00
8.00
21.00
36.00
43.00
148.00
57.00
4.00
20.00
38.00
79.00
77.00
245.00
225.00
82.00
7.00
41.00
55.00
28.00
6.00
111.00
28.00
83.00
160.00
29.00
19.00
16.00
82.00
62.00
66.00
58.00
2.00
38.00
172.00
43.00
122.00
55.00
1.00
15.00
3.00
30.00
228.00
68.00
6.00
10.00
54.00
27.00
4.00
27.00
94.00
359.00
36.00
103.00
177.00
26.00
72.00
371.00
6.00
156.00
31.00
20.00
13.00
10.00
6.00
0.00
0.00
1.00
97.00
156.00
77.00
5.00
26.00
15.00
53.00
68.00
98.00
15.00
16.00
138.00
76.00
101.00
31.00
3.00
1.00
0.00
0.00
7.00
175.00
79.00
249.00
0.00
2.00
80.00
236.00
29.00
31.00
52.00
553.00
115.00
56.00
5.00
12.00
3.00
2.00
0.00
0.00
0.00
1.00
3.00
237.00
151.00
165.00
897.00
0.00
0.00
0.00
0.00
0.00
0.00
11.00
658.00
261.00
0.00
0.00
0.00
0.00
0.00
0.00
0.00
0.00
0.00
0.00
0.00
0.00
76.00
0.00
0.00
145.00
35.00
12.00
0.00
0.00
0.00
0.00
1.00
0.00
0.00
0.00
0.00
0.00
0.00
0.00
0.00
0.00
0.00
0.00
0.00
0.00
1.00
26.00
308.00
265.00
197.00
0.00
0.00
0.00
0.00
0.00
0.00
0.00
0.00
3.00
0.00
0.00
0.00
0.00
0.00
0.00
0.00
0.00
0.00
0.00
0.00
87.00
205.00
34.00
0.00
0.00
0.00
0.00
0.00
0.00
0.00
0.00
0.00
0.00
0.00
0.00
0.00
0.00
0.00
0.00
0.00
0.00
0.00
0.00
0.00
0.00
0.00
0.00
0.00
0.00
0.00
0.00
0.00
0.00
0.00
0.00
0.00
0.00
0.00
0.00
15.00
379.00
0.00
81.00
0.00
0.00
0.00
0.00
0.00
0.00
0.00
0.00
0.00
0.00
0.00
0.00
0.00
0.00
192.00
0.00
0.00
0.00
0.00
0.00
0.00
0.00
0.00
0.00
0.00
0.00
0.00
0.00
0.00
46.00
0.00
0.00
9.00
72.00
11.00
0.00
0.00
0.00
0.00
0.00
0.00
0.00
9.00
17.00
0.00
0.00
98.00
34.00
0.00
12.00
136.00
0.00
3.00
0.00
37.00
272.00
0.00
31.00
0.00
12.00
0.00
7.00
0.00
0.00
37.00
18.00
5.00
2.00
193.00
5.00
0.00
0.00
17.00
12.00
80.00
54.00
115.00
261.00
3.00
107.00
0.00
44.00
319.00
525.00
551.00
419.00
466.00
339.00
203.00
0.00
78.00
0.00
42.00
0.00
0.00
0.00
0.00
0.00
0.00
0.00
4.00
132.00
0.00
0.00
0.00
0.00
49.00
3.00
35.00
20.00
74.00
467.00
369.00
179.00
0.00
14.00
131.00
113.00
221.00
962.00
473.00
109.00
217.00
200.00
0.00
0.00
0.00
0.00
0.00
41.00
64.00
5.00
0.00
0.00
74.00
108.00
14.00
0.00
2.00
0.00
68.00
7.00
0.00
2.00
25.00
83.00
4.00
42.00
55.00
112.00
13.00
58.00
18.00
63.00
12.00
38.00
22.00
10.00
11.00
52.00
24.00
17.00
25.00
16.00
1.00
15.00
3.00
118.00
157.00
117.00
17.00
0.00
0.00
62.00
46.00
36.00
37.00
56.00
26.00
2.00
84.00
225.00
9.00
68.00
230.00
28.00
175.00
13.00
5.00
236.00
102.00
0.00
82.00
30.00
57.00
303.00
5.00
26.00
8.00
5.00
49.00
104.00
0.00
10.00
12.00
10.00
8.00
0.00
10.00
225.00
17.00
0.00
1.00
0.00
0.00
93.00
0.00
1.00
55.00
37.00
8.00
157.00
0.00
55.00
51.00
12.00
0.00
3.00
0.00
2.00
0.00
3.00
0.00
0.00
0.00
0.00
0.00
0.00
0.00
217.00
60.00
517.00
378.00
13.00
0.00
0.00
0.00
0.00
0.00
0.00
0.00
0.00
0.00
0.00
0.00
0.00
0.00
266.00
136.00
168.00
130.00
31.00
0.00
0.00
0.00
0.00
0.00
0.00
0.00
0.00
0.00
0.00
0.00
1.00
0.00
0.00
0.00
0.00
0.00
0.00
0.00
0.00
0.00
0.00
0.00
0.00
0.00
0.00
0.00
0.00
0.00
0.00
0.00
0.00
0.00
0.00
0.00
3.00
0.00
0.00
0.00
0.00
0.00
0.00
0.00
0.00
1.00
7.00
30.00
0.00
0.00
0.00
0.00
0.00
0.00
0.00
0.00
0.00
0.00
0.00
0.00
0.00
0.00
0.00
0.00
0.00
0.00
0.00
0.00
0.00
0.00
0.00
0.00
0.00
0.00
0.00
0.00
0.00
0.00
0.00
0.00
0.00
0.00
0.00
0.00
0.00
0.00
0.00
0.00
0.00
0.00
1.00
0.00
0.00
0.00
0.00
0.00
0.00
0.00
0.00
0.00
0.00
0.00
0.00
0.00
0.00
0.00
0.00
0.00
2.00
7.00
0.00
0.00
0.00
0.00
0.00
0.00
0.00
143.30
147.10
139.80
78.80
0.00
0.00
0.00
7.80
40.60
0.00
0.00
0.00
0.00
0.00
0.00
0.00
0.00
0.00
0.40
0.20
72.10
6.80
0.00
0.00
0.00
18.80
0.00
0.00
0.00
0.00
0.00
0.00
0.00
0.00
85.50
18.30
108.50
6.30
3.70
0.10
2.90
0.00
12.90
61.50
0.00
0.90
0.00
0.00
0.00
0.00
0.00
0.00
0.00
0.00
0.00
0.00
0.60
0.00
0.00
0.00
0.00
0.00
1.90
0.20
0.00
0.00
0.10
0.10
7.90
0.00
0.00
0.00
0.00
0.00
0.00
0.60
0.00
0.60
5.10
0.30
0.40
9.50
5.90
0.70
0.70
0.00
5.60
5.60
40.60
7.90
0.00
0.00
0.00
0.00
0.00
15.60
36.70
0.20
1.00
5.50
0.00
9.40
8.00
0.20
5.80
0.00
0.80
9.90
28.40
7.80
4.50
0.00
0.00
5.30
6.10
9.90
4.90
0.20
0.00
0.50
11.10
2.10
1.30
0.10
4.20
1.90
3.80
21.30
0.50
20.40
6.10
5.90
5.10
2.20
2.40
2.40
7.90
7.90
6.20
3.20
3.20
0.00
5.10
3.20
3.20
3.20
4.70
2.20
3.40
3.10
47.80
13.00
15.00
5.20
1.30
15.50
0.50
6.60
12.30
65.60
2.70
16.10
5.00
11.40
6.00
0.90
0.50
1.20
0.90
9.20
4.90
8.20
0.00
3.20
0.10
0.00
8.60
1.70
12.30
17.10
20.20
2.60
0.40
0.40
9.50
0.00
1.60
1.70
2.50
1.50
0.20
17.60
20.60
33.30
9.60
0.40
0.30
12.60
25.50
7.70
0.90
0.40
14.60
16.00
0.60
1.10
13.40
3.30
13.50
23.70
25.30
21.90
20.00
1.30
6.60
8.00
13.80
6.00
6.00
1.20
0.00
0.00
0.00
6.00
18.00
2.60
11.70
11.50
0.00
0.00
0.00
10.00
33.90
1.20
2.20
0.10
0.00
0.20
1.00
9.20
3.90
0.30
1.00
1.30
