20160101
0.00
0.00
0.00
0.00
0.00
0.00
0.00
0.00
0.00
0.00
0.00
0.00
0.00
0.00
0.00
0.00
0.00
0.00
1.00
1.00
0.00
0.00
0.00
0.00
0.00
0.00
0.00
0.00
0.00
0.00
0.00
0.00
0.00
0.00
0.00
0.00
0.00
7.00
78.00
0.00
0.00
0.00
0.00
0.00
0.00
0.00
0.00
1.00
0.00
0.00
7.00
0.00
0.00
0.00
21.00
0.00
104.00
0.00
0.00
18.00
0.00
77.00
0.00
0.00
0.00
0.00
0.00
1.00
5.00
0.00
0.00
0.00
0.00
0.00
5.00
0.00
0.00
0.00
2.00
0.00
0.00
0.00
0.00
0.00
0.00
0.00
0.00
1.00
0.00
870.00
319.00
0.00
30.00
65.00
0.00
427.00
0.00
1.00
0.00
0.00
0.00
0.00
0.00
0.00
0.00
0.00
0.00
0.00
0.00
0.00
0.00
0.00
0.00
0.00
0.00
0.00
0.00
24.00
0.00
0.00
0.00
163.00
0.00
0.00
3.00
0.00
3.00
337.00
1.00
0.00
1.00
0.00
0.00
106.00
19.00
0.00
1.00
123.00
13.00
81.00
121.00
60.00
0.00
0.00
110.00
22.00
1.00
5.00
22.00
0.00
7.00
78.00
8.00
0.00
0.00
0.00
2.00
73.00
48.00
2.00
20.00
1.00
831.00
344.00
149.00
96.00
0.00
23.00
112.00
33.00
8.00
14.00
25.00
114.00
1.00
1.00
5.00
7.00
2.00
4.00
9.00
1.00
24.00
46.00
232.00
72.00
460.00
222.00
50.00
51.00
97.00
0.00
10.00
6.00
22.00
3.00
220.00
184.00
283.00
64.00
14.00
54.00
37.00
137.00
44.00
46.00
155.00
11.00
0.00
44.00
50.00
92.00
142.00
152.00
37.00
8.00
3.00
24.00
16.00
5.00
28.00
90.00
402.00
72.00
118.00
10.00
14.00
37.00
279.00
203.00
58.00
3.00
131.00
1502.00
15.00
7.00
2.00
170.00
17.00
12.00
91.00
27.00
11.00
8.00
154.00
189.00
65.00
22.00
56.00
15.00
5.00
7.00
1.00
13.00
10.00
40.00
123.00
0.00
2.00
2.00
60.00
3.00
36.00
119.00
168.00
9.00
50.00
79.00
7.00
70.00
52.00
153.00
0.00
4.00
3.00
5.00
0.00
1.00
2.00
37.00
81.00
31.00
5.00
91.00
0.00
0.00
0.00
0.00
0.00
0.00
0.00
0.00
0.00
0.00
0.00
0.00
0.00
31.00
0.00
4.00
255.00
53.00
0.00
0.00
0.00
1.00
0.00
334.00
1430.00
630.00
0.00
0.00
0.00
0.00
0.00
0.00
0.00
0.00
0.00
0.00
0.00
0.00
0.00
0.00
0.00
0.00
0.00
0.00
0.00
0.00
0.00
0.00
0.00
0.00
0.00
0.00
1.00
0.00
0.00
0.00
0.00
0.00
0.00
0.00
0.00
1.00
0.00
0.00
0.00
0.00
0.00
0.00
0.00
0.00
0.00
0.00
0.00
0.00
0.00
0.00
0.00
0.00
0.00
0.00
0.00
0.00
0.00
0.00
0.00
0.00
0.00
0.00
0.00
0.00
0.00
0.00
0.00
0.00
0.00
0.00
0.00
0.00
0.00
0.00
0.00
0.00
0.00
0.00
0.00
0.00
0.00
2.00
32.00
0.00
0.00
0.00
0.00
0.00
0.00
0.00
0.00
0.00
0.00
0.00
0.00
0.00
0.00
0.00
0.00
0.00
0.00
0.00
0.00
0.00
0.00
0.00
0.00
0.00
0.00
0.00
0.00
0.00
0.00
0.00
0.00
0.00
0.00
0.00
0.00
0.00
0.00
0.00
6.00
0.00
489.00
50.00
0.00
0.00
0.00
0.00
0.00
0.00
6.00
8.00
43.00
0.00
0.00
0.00
0.00
2.00
13.00
0.00
4.00
0.00
0.00
0.00
0.00
0.00
3.00
0.00
42.00
0.00
7.00
0.00
0.00
0.00
0.00
0.00
0.00
0.00
0.00
1.00
0.00
55.00
435.00
0.00
557.00
116.00
412.00
57.00
0.00
0.00
39.00
0.00
11.00
74.00
202.00
0.00
0.00
0.00
2.00
9.00
0.00
0.00
543.00
0.00
12.00
0.00
138.00
6.00
573.00
0.00
509.00
24.00
0.00
0.00
0.00
0.00
0.00
0.00
0.00
638.00
1.00
76.00
115.00
310.00
298.00
779.00
5.00
3.00
0.00
592.00
0.00
0.00
164.00
88.00
1.00
597.00
313.00
18.00
10.00
149.00
116.00
80.00
176.00
236.00
0.00
15.00
256.00
0.00
5.00
0.00
7.00
3.00
16.00
0.00
3.00
159.00
63.00
293.00
79.00
192.00
82.00
3.00
14.00
12.00
329.00
181.00
101.00
0.00
4.00
4.00
79.00
199.00
18.00
277.00
378.00
182.00
73.00
36.00
453.00
394.00
291.00
74.00
0.00
79.00
52.00
0.00
174.00
153.00
277.00
50.00
32.00
35.00
72.00
0.00
8.00
496.00
463.00
112.00
18.00
173.00
44.00
27.00
39.00
18.00
26.00
5.00
245.00
514.00
56.00
4.00
2.00
134.00
82.00
17.00
32.00
67.00
28.00
194.00
43.00
65.00
33.00
5.00
0.00
15.00
1.00
9.00
161.00
815.00
0.00
11.00
4.00
1.00
8.00
29.00
139.00
103.00
54.00
18.00
0.00
0.00
0.00
16.00
62.00
62.00
190.00
164.00
26.00
26.00
31.00
1.00
104.00
0.00
21.00
6.00
45.00
231.00
6.00
0.00
1.00
0.00
4.00
0.00
0.00
0.00
0.00
32.00
1201.00
63.00
0.00
0.00
16.00
0.00
0.00
0.00
0.00
0.00
0.00
0.00
0.00
0.00
0.00
0.00
0.00
0.00
0.00
0.00
0.00
0.00
0.00
49.00
0.00
25.00
417.00
38.00
23.00
0.00
0.00
0.00
0.00
0.00
0.00
0.00
0.00
0.00
0.00
0.00
0.00
0.00
0.00
0.00
0.00
0.00
0.00
0.00
5.00
2.00
29.00
4.00
0.00
0.00
0.00
0.00
0.00
0.00
0.00
0.00
0.00
0.00
0.00
0.00
0.00
0.00
0.00
0.00
0.00
0.00
0.00
0.00
0.00
28.00
0.00
0.00
0.00
0.00
0.00
0.00
0.00
0.00
0.00
0.00
0.00
0.00
0.00
0.00
0.00
0.00
0.00
0.00
0.00
0.00
0.00
0.00
0.00
0.00
0.00
0.00
0.00
0.00
0.00
0.00
0.00
0.00
0.00
0.00
0.00
0.00
575.00
416.00
181.00
550.00
271.00
0.00
179.00
163.00
0.00
0.00
0.00
0.00
0.00
1.00
0.00
0.00
0.00
0.00
308.00
73.00
0.00
0.00
0.00
0.00
0.00
0.00
55.00
0.00
0.00
0.00
0.00
0.00
0.00
0.00
0.00
0.00
41.00
55.00
0.00
0.00
0.00
0.00
0.00
0.00
0.00
9.00
191.00
0.00
0.00
0.00
0.00
210.00
246.00
41.00
65.00
0.00
0.00
237.00
14.00
735.00
0.00
37.00
0.00
0.00
222.00
0.00
92.00
0.00
2.00
35.00
0.00
65.00
0.00
16.00
35.00
2.00
0.00
43.00
3.00
0.00
0.00
41.00
95.00
0.00
400.00
0.00
121.00
937.00
0.00
0.00
1.00
0.00
43.00
135.00
0.00
70.00
21.00
2.00
215.00
0.00
226.00
0.00
26.00
37.00
1.00
135.00
0.00
297.00
0.00
0.00
2.00
16.00
59.00
329.00
114.00
0.00
183.00
2.00
0.00
0.00
0.00
2.00
380.00
232.00
171.00
180.00
0.00
0.00
2.00
48.00
1.00
0.00
64.00
26.00
1.00
0.00
6.00
19.00
30.00
24.00
6.00
16.00
2.00
0.00
27.00
44.00
428.00
149.00
1.00
4.00
2.00
1.00
7.00
27.00
3.00
12.00
105.00
80.00
16.00
1.00
33.00
0.00
196.00
16.00
91.00
37.00
315.00
262.00
280.00
56.00
41.00
43.00
14.00
93.00
66.00
2.00
11.00
19.00
24.00
16.00
171.00
4.00
0.00
2.00
1.00
16.00
27.00
10.00
81.00
5.00
5.00
154.00
26.00
215.00
42.00
12.00
5.00
85.00
22.00
10.00
5.00
9.00
45.00
6.00
1.00
7.00
2.00
122.00
0.00
107.00
0.00
5.00
3.00
1.00
0.00
1.00
298.00
55.00
18.00
161.00
1.00
0.00
0.00
1.00
451.00
66.00
52.00
0.00
0.00
0.00
58.00
64.00
1.00
0.00
0.00
0.00
0.00
0.00
0.00
0.00
0.00
0.00
0.00
0.00
44.00
81.00
123.00
255.00
12.00
0.00
0.00
0.00
0.00
0.00
0.00
0.00
0.00
0.00
0.00
0.00
0.00
0.00
38.00
16.00
56.00
6.00
0.00
0.00
0.00
0.00
0.00
1.00
0.00
0.00
0.00
0.00
0.00
0.00
2.00
0.00
0.00
0.00
0.00
0.00
0.00
0.00
0.00
0.00
0.00
0.00
0.00
0.00
0.00
0.00
0.00
0.00
0.00
0.00
0.00
0.00
0.00
0.00
0.00
0.00
0.00
0.00
0.00
0.00
0.00
0.00
0.00
0.00
48.00
118.00
17.00
0.00
0.00
0.00
0.00
0.00
0.00
0.00
0.00
0.00
0.00
0.00
0.00
0.00
0.00
0.00
0.00
0.00
0.00
0.00
0.00
0.00
0.00
0.00
0.00
0.00
0.00
0.00
0.00
0.00
0.00
0.00
0.00
0.00
0.00
0.00
0.00
0.00
0.00
1.00
1.00
0.00
0.00
0.00
0.00
0.00
0.00
0.00
0.00
0.00
0.00
0.00
2.00
0.00
0.00
0.00
0.00
0.00
0.00
0.00
0.00
0.00
0.00
0.00
0.00
0.00
0.00
0.00
4.50
34.10
27.70
32.50
3.50
0.00
0.00
0.00
3.10
0.30
0.00
0.00
0.00
0.00
0.00
0.00
0.00
0.00
6.30
5.00
0.00
59.70
2.90
0.10
0.00
0.00
1.00
0.00
0.00
0.00
11.70
0.20
0.00
0.00
1.30
22.50
1.30
61.90
0.50
0.00
1.80
87.90
0.60
0.40
35.30
5.20
2.00
0.60
20.50
0.00
0.00
8.20
0.00
0.00
0.00
0.00
42.00
0.00
0.00
0.00
0.00
0.00
15.60
0.00
0.00
2.90
2.90
0.00
71.20
0.20
0.00
0.00
0.00
0.00
0.00
0.00
0.00
0.00
4.90
1.90
0.80
0.00
0.00
0.00
7.90
7.90
0.00
19.20
19.20
42.20
3.10
0.00
0.00
0.40
0.00
1.10
4.10
0.20
27.80
0.00
0.60
51.60
0.20
0.30
0.00
0.00
0.00
0.00
0.00
0.40
2.30
15.60
0.00
0.00
0.00
0.00
0.00
3.00
0.70
0.00
0.00
0.00
1.40
14.50
7.30
0.40
0.20
1.00
5.20
2.70
0.00
1.10
14.30
1.90
7.20
17.80
17.80
44.70
44.70
14.70
0.00
0.00
4.60
0.00
0.00
0.00
0.00
3.40
0.00
0.80
7.70
8.10
19.60
0.40
0.00
0.10
7.30
1.50
0.00
1.10
1.10
1.00
15.70
6.90
2.40
28.70
0.20
0.20
20.10
30.70
44.30
26.90
16.10
11.50
4.60
0.00
0.10
1.40
0.00
53.90
14.30
4.30
1.80
0.00
0.00
0.10
0.00
0.30
1.40
23.00
24.60
0.40
0.50
0.10
0.00
1.40
4.20
3.50
0.20
0.80
2.00
9.90
0.10
0.00
0.80
0.00
0.00
0.00
0.10
0.70
6.00
0.00
11.60
38.70
3.40
0.50
7.10
5.50
9.60
9.60
8.60
0.00
13.70
0.00
10.30
1.70
4.20
13.50
0.50
0.00
0.00
0.00
0.00
0.00
4.50
0.00
0.00
0.00
0.00
0.20
3.40
1.20
0.10
0.00
3.40
