20160101
0.00
0.00
0.00
0.00
0.00
0.00
0.00
0.00
3.00
0.00
0.00
0.00
1.00
0.00
0.00
0.00
0.00
0.00
0.00
0.00
0.00
0.00
0.00
0.00
0.00
0.00
0.00
0.00
0.00
0.00
0.00
0.00
0.00
0.00
0.00
0.00
0.00
0.00
0.00
0.00
0.00
0.00
4.00
0.00
0.00
0.00
0.00
0.00
0.00
0.00
0.00
0.00
1.00
101.00
29.00
0.00
21.00
0.00
0.00
0.00
1.00
0.00
0.00
0.00
0.00
25.00
0.00
1.00
0.00
0.00
0.00
0.00
0.00
0.00
0.00
43.00
0.00
0.00
0.00
0.00
43.00
0.00
43.00
0.00
0.00
0.00
0.00
298.00
0.00
163.00
382.00
137.00
7.00
66.00
320.00
99.00
10.00
0.00
0.00
0.00
0.00
0.00
0.00
0.00
105.00
93.00
449.00
162.00
1.00
25.00
8.00
137.00
128.00
0.00
0.00
93.00
0.00
96.00
38.00
0.00
13.00
84.00
484.00
55.00
159.00
3.00
6.00
5.00
0.00
0.00
0.00
0.00
192.00
12.00
0.00
33.00
0.00
187.00
229.00
46.00
368.00
733.00
6.00
23.00
60.00
21.00
0.00
1.00
22.00
32.00
0.00
78.00
6.00
23.00
3.00
445.00
21.00
84.00
38.00
8.00
17.00
211.00
34.00
40.00
6.00
0.00
59.00
229.00
305.00
21.00
5.00
2.00
32.00
45.00
1.00
26.00
25.00
1.00
86.00
52.00
179.00
11.00
49.00
2.00
55.00
3.00
1.00
9.00
22.00
37.00
72.00
61.00
33.00
2.00
4.00
19.00
203.00
55.00
24.00
3.00
6.00
2.00
8.00
32.00
44.00
59.00
330.00
35.00
16.00
10.00
114.00
1.00
35.00
5.00
12.00
18.00
23.00
69.00
83.00
223.00
184.00
14.00
9.00
3.00
185.00
68.00
70.00
0.00
2.00
5.00
6.00
3.00
398.00
9.00
0.00
26.00
0.00
334.00
3.00
4.00
12.00
9.00
287.00
119.00
20.00
1.00
47.00
26.00
11.00
8.00
22.00
2.00
19.00
1.00
55.00
245.00
233.00
10.00
27.00
709.00
32.00
20.00
29.00
36.00
82.00
35.00
161.00
26.00
12.00
2.00
506.00
125.00
7.00
566.00
76.00
16.00
0.00
142.00
295.00
120.00
159.00
77.00
0.00
5.00
105.00
257.00
0.00
0.00
0.00
0.00
0.00
0.00
0.00
0.00
0.00
0.00
0.00
1.00
8.00
0.00
35.00
39.00
152.00
17.00
0.00
0.00
47.00
8.00
143.00
532.00
151.00
0.00
0.00
0.00
0.00
0.00
0.00
0.00
0.00
0.00
0.00
0.00
0.00
0.00
0.00
0.00
0.00
0.00
0.00
0.00
0.00
0.00
0.00
0.00
0.00
0.00
0.00
0.00
0.00
0.00
0.00
0.00
0.00
0.00
0.00
0.00
0.00
0.00
0.00
0.00
0.00
0.00
0.00
0.00
0.00
0.00
0.00
0.00
0.00
0.00
0.00
0.00
0.00
0.00
0.00
0.00
0.00
0.00
0.00
0.00
0.00
0.00
0.00
0.00
0.00
0.00
0.00
0.00
0.00
0.00
0.00
0.00
0.00
0.00
0.00
0.00
0.00
0.00
0.00
0.00
0.00
0.00
2.00
0.00
0.00
0.00
0.00
0.00
0.00
0.00
0.00
0.00
0.00
0.00
0.00
0.00
0.00
0.00
0.00
0.00
0.00
0.00
0.00
0.00
0.00
0.00
0.00
0.00
0.00
34.00
0.00
0.00
0.00
0.00
0.00
0.00
0.00
0.00
4.00
102.00
205.00
6.00
214.00
0.00
294.00
95.00
0.00
0.00
0.00
0.00
0.00
0.00
113.00
0.00
67.00
0.00
0.00
0.00
0.00
85.00
0.00
0.00
0.00
54.00
176.00
9.00
10.00
0.00
560.00
277.00
136.00
0.00
0.00
0.00
0.00
0.00
0.00
0.00
0.00
0.00
57.00
10.00
45.00
6.00
460.00
221.00
82.00
202.00
74.00
150.00
30.00
0.00
0.00
58.00
6.00
11.00
88.00
0.00
0.00
23.00
0.00
20.00
0.00
0.00
111.00
0.00
0.00
0.00
43.00
5.00
372.00
8.00
43.00
0.00
7.00
0.00
160.00
0.00
0.00
0.00
2.00
6.00
206.00
177.00
190.00
390.00
107.00
323.00
175.00
178.00
166.00
1.00
128.00
90.00
408.00
698.00
505.00
68.00
226.00
109.00
0.00
241.00
12.00
47.00
26.00
55.00
0.00
4.00
63.00
87.00
439.00
145.00
599.00
95.00
153.00
35.00
233.00
47.00
3.00
25.00
26.00
41.00
30.00
50.00
2.00
18.00
65.00
28.00
80.00
311.00
223.00
81.00
17.00
42.00
61.00
52.00
29.00
56.00
24.00
95.00
174.00
47.00
46.00
44.00
96.00
73.00
41.00
37.00
1.00
19.00
193.00
61.00
116.00
34.00
2.00
14.00
2.00
31.00
232.00
57.00
12.00
3.00
52.00
36.00
3.00
24.00
70.00
262.00
35.00
52.00
292.00
45.00
154.00
451.00
4.00
257.00
15.00
32.00
17.00
5.00
9.00
5.00
0.00
1.00
32.00
124.00
31.00
0.00
33.00
10.00
22.00
29.00
79.00
21.00
46.00
118.00
54.00
85.00
25.00
6.00
0.00
0.00
1.00
25.00
263.00
100.00
240.00
4.00
18.00
84.00
229.00
32.00
18.00
41.00
533.00
54.00
8.00
7.00
8.00
43.00
2.00
0.00
0.00
0.00
2.00
4.00
390.00
181.00
124.00
796.00
0.00
0.00
0.00
0.00
0.00
0.00
15.00
635.00
189.00
0.00
0.00
0.00
0.00
0.00
0.00
0.00
0.00
0.00
0.00
0.00
0.00
88.00
0.00
3.00
147.00
36.00
5.00
0.00
0.00
0.00
0.00
1.00
0.00
0.00
0.00
0.00
0.00
0.00
0.00
0.00
0.00
0.00
0.00
0.00
0.00
0.00
1.00
336.00
328.00
122.00
0.00
0.00
0.00
0.00
0.00
0.00
0.00
0.00
4.00
0.00
0.00
0.00
0.00
0.00
0.00
0.00
0.00
0.00
0.00
0.00
146.00
190.00
45.00
0.00
0.00
0.00
0.00
0.00
0.00
0.00
0.00
0.00
0.00
0.00
0.00
0.00
0.00
0.00
0.00
0.00
0.00
0.00
0.00
0.00
0.00
0.00
0.00
0.00
0.00
0.00
0.00
0.00
0.00
0.00
0.00
0.00
0.00
0.00
0.00
9.00
347.00
0.00
99.00
0.00
0.00
0.00
0.00
0.00
0.00
0.00
0.00
1.00
0.00
0.00
0.00
0.00
0.00
204.00
0.00
0.00
0.00
0.00
0.00
0.00
0.00
0.00
0.00
0.00
0.00
0.00
0.00
0.00
57.00
0.00
0.00
2.00
117.00
8.00
0.00
0.00
0.00
0.00
0.00
0.00
0.00
0.00
14.00
0.00
0.00
148.00
42.00
0.00
7.00
152.00
0.00
34.00
0.00
48.00
242.00
0.00
16.00
0.00
15.00
0.00
9.00
0.00
0.00
27.00
16.00
3.00
0.00
217.00
4.00
0.00
0.00
4.00
17.00
58.00
70.00
101.00
332.00
1.00
95.00
0.00
115.00
368.00
617.00
581.00
441.00
616.00
352.00
242.00
0.00
36.00
1.00
34.00
3.00
8.00
0.00
4.00
2.00
0.00
0.00
0.00
139.00
0.00
0.00
0.00
2.00
32.00
6.00
30.00
11.00
169.00
463.00
1047.00
143.00
0.00
76.00
182.00
130.00
275.00
801.00
487.00
109.00
167.00
177.00
0.00
0.00
0.00
3.00
0.00
23.00
45.00
5.00
0.00
2.00
76.00
91.00
14.00
0.00
0.00
1.00
60.00
4.00
4.00
3.00
14.00
62.00
5.00
28.00
55.00
74.00
32.00
66.00
32.00
230.00
17.00
36.00
27.00
12.00
7.00
47.00
13.00
19.00
11.00
1.00
0.00
30.00
1.00
140.00
116.00
151.00
9.00
0.00
0.00
88.00
67.00
27.00
103.00
164.00
19.00
6.00
56.00
98.00
17.00
125.00
258.00
22.00
308.00
10.00
6.00
160.00
89.00
0.00
55.00
49.00
63.00
206.00
49.00
28.00
7.00
6.00
51.00
33.00
0.00
8.00
8.00
1.00
5.00
0.00
10.00
239.00
13.00
0.00
0.00
0.00
0.00
168.00
1.00
10.00
37.00
26.00
7.00
108.00
0.00
75.00
48.00
11.00
0.00
338.00
0.00
0.00
0.00
8.00
0.00
0.00
0.00
0.00
0.00
0.00
0.00
152.00
66.00
550.00
439.00
16.00
0.00
0.00
0.00
0.00
0.00
0.00
0.00
0.00
0.00
0.00
0.00
0.00
0.00
225.00
109.00
186.00
120.00
39.00
0.00
0.00
22.00
0.00
0.00
0.00
0.00
0.00
0.00
0.00
0.00
0.00
0.00
0.00
0.00
0.00
0.00
0.00
0.00
1.00
0.00
0.00
0.00
0.00
0.00
0.00
0.00
0.00
0.00
0.00
0.00
0.00
0.00
0.00
0.00
1.00
0.00
0.00
0.00
0.00
0.00
0.00
0.00
0.00
1.00
9.00
32.00
4.00
0.00
0.00
0.00
0.00
0.00
0.00
0.00
0.00
0.00
0.00
0.00
0.00
0.00
0.00
0.00
0.00
0.00
0.00
0.00
0.00
0.00
0.00
0.00
0.00
0.00
0.00
0.00
0.00
0.00
0.00
0.00
0.00
0.00
0.00
0.00
0.00
0.00
0.00
0.00
0.00
0.00
1.00
0.00
0.00
0.00
0.00
0.00
0.00
0.00
0.00
0.00
0.00
0.00
0.00
0.00
0.00
0.00
0.00
0.00
2.00
4.00
0.00
0.00
0.00
0.00
0.00
0.00
0.00
162.60
167.50
125.80
64.40
0.00
0.00
0.00
2.30
31.70
0.40
0.00
0.00
0.00
0.00
0.00
0.00
0.00
0.00
0.30
0.30
68.90
6.30
0.00
0.00
0.00
1.90
0.00
0.00
0.00
0.00
0.00
0.00
0.00
0.00
95.60
26.60
116.80
7.60
2.20
0.20
2.10
0.00
15.20
53.00
0.00
1.00
0.00
0.00
0.00
0.00
0.00
0.00
0.00
0.00
0.00
0.00
1.10
0.00
0.00
0.00
0.00
0.00
0.80
0.60
0.00
0.00
0.00
0.20
8.30
0.00
0.00
0.00
0.00
0.00
0.00
0.10
0.00
0.60
1.60
0.20
1.50
11.50
8.50
0.70
0.70
0.00
12.80
12.80
37.10
9.90
0.00
0.00
0.00
0.00
0.00
3.70
25.90
0.10
2.00
4.70
0.00
4.80
7.30
0.60
5.80
1.00
0.50
6.90
20.10
10.10
2.80
0.00
0.00
10.90
9.20
10.60
10.70
0.90
0.10
0.70
6.60
1.90
1.30
0.00
1.60
4.90
2.40
5.80
0.50
15.50
5.10
5.80
19.00
3.00
3.70
3.70
7.30
7.30
7.30
1.60
1.60
0.00
2.60
1.60
1.60
1.60
1.00
0.90
1.90
2.00
41.00
10.60
10.00
6.40
1.00
14.80
1.40
7.60
8.60
28.60
15.10
19.10
8.80
3.40
4.70
0.60
0.90
1.70
5.20
7.10
7.70
9.40
0.20
6.30
0.10
0.30
14.90
0.40
12.10
31.60
24.80
2.00
5.20
0.20
8.80
0.00
0.60
3.60
4.10
0.90
1.60
24.80
20.60
11.60
10.50
0.40
0.70
11.10
16.50
6.10
0.60
0.10
13.00
16.70
0.60
3.10
10.80
4.00
4.10
22.10
24.80
15.60
22.10
0.10
5.00
9.30
19.90
7.40
7.40
1.10
0.00
0.10
0.00
4.40
5.70
5.10
11.60
9.30
0.00
0.00
0.00
3.90
16.80
0.40
0.00
0.00
0.10
0.00
1.00
9.20
3.90
0.30
1.00
1.30
