20160101
0.00
0.00
0.00
0.00
0.00
0.00
0.00
0.00
0.00
0.00
0.00
0.00
0.00
0.00
0.00
0.00
0.00
0.00
0.00
0.00
36.00
0.00
0.00
0.00
0.00
4.00
0.00
0.00
0.00
0.00
0.00
0.00
0.00
0.00
0.00
0.00
0.00
0.00
0.00
0.00
1.00
0.00
0.00
0.00
0.00
0.00
0.00
0.00
0.00
0.00
0.00
0.00
0.00
32.00
162.00
20.00
16.00
4.00
0.00
0.00
1.00
0.00
0.00
0.00
0.00
0.00
0.00
0.00
0.00
0.00
0.00
0.00
0.00
0.00
0.00
0.00
0.00
0.00
39.00
0.00
1.00
0.00
0.00
0.00
0.00
0.00
0.00
227.00
1.00
32.00
557.00
24.00
31.00
19.00
150.00
36.00
0.00
0.00
0.00
0.00
0.00
0.00
0.00
0.00
6.00
6.00
21.00
40.00
0.00
1.00
1.00
17.00
0.00
0.00
0.00
198.00
0.00
0.00
4.00
0.00
0.00
209.00
49.00
1.00
49.00
0.00
0.00
0.00
0.00
0.00
0.00
0.00
460.00
1.00
0.00
1.00
0.00
72.00
223.00
171.00
179.00
504.00
16.00
0.00
13.00
38.00
0.00
1.00
25.00
1.00
0.00
5.00
0.00
13.00
110.00
146.00
40.00
5.00
17.00
32.00
16.00
378.00
1.00
4.00
45.00
0.00
52.00
37.00
108.00
43.00
11.00
118.00
38.00
75.00
2.00
133.00
97.00
35.00
0.00
5.00
19.00
119.00
88.00
21.00
32.00
2.00
15.00
7.00
194.00
74.00
62.00
9.00
51.00
8.00
3.00
14.00
57.00
158.00
3.00
1.00
1.00
49.00
45.00
70.00
70.00
140.00
195.00
1.00
3.00
71.00
79.00
69.00
42.00
39.00
11.00
1.00
10.00
72.00
55.00
10.00
54.00
1.00
2.00
24.00
68.00
137.00
13.00
5.00
1.00
5.00
0.00
19.00
596.00
10.00
0.00
26.00
5.00
54.00
5.00
23.00
16.00
65.00
50.00
43.00
3.00
5.00
0.00
12.00
1.00
2.00
12.00
18.00
98.00
1.00
24.00
16.00
2.00
41.00
126.00
198.00
0.00
6.00
150.00
181.00
139.00
0.00
26.00
78.00
360.00
84.00
26.00
0.00
0.00
17.00
1.00
56.00
0.00
0.00
0.00
5.00
3.00
117.00
1.00
7.00
1.00
129.00
0.00
0.00
0.00
0.00
55.00
0.00
0.00
0.00
0.00
0.00
0.00
0.00
0.00
0.00
34.00
10.00
18.00
10.00
0.00
0.00
64.00
1.00
57.00
232.00
179.00
0.00
0.00
0.00
0.00
0.00
0.00
0.00
0.00
0.00
0.00
0.00
0.00
0.00
0.00
0.00
0.00
0.00
0.00
0.00
0.00
0.00
0.00
0.00
0.00
0.00
0.00
0.00
0.00
0.00
0.00
0.00
0.00
0.00
0.00
0.00
0.00
0.00
15.00
0.00
0.00
0.00
0.00
0.00
0.00
0.00
0.00
0.00
0.00
0.00
0.00
0.00
0.00
0.00
0.00
0.00
0.00
0.00
0.00
0.00
0.00
0.00
0.00
0.00
0.00
0.00
0.00
0.00
0.00
0.00
0.00
0.00
0.00
0.00
0.00
0.00
0.00
0.00
0.00
0.00
0.00
0.00
18.00
0.00
0.00
0.00
0.00
0.00
0.00
0.00
0.00
0.00
0.00
0.00
0.00
0.00
0.00
0.00
0.00
0.00
0.00
0.00
0.00
0.00
0.00
0.00
0.00
0.00
0.00
0.00
0.00
0.00
0.00
0.00
0.00
0.00
0.00
0.00
0.00
9.00
15.00
0.00
142.00
0.00
101.00
54.00
2.00
0.00
0.00
0.00
0.00
0.00
76.00
2.00
50.00
0.00
0.00
0.00
0.00
31.00
0.00
0.00
0.00
56.00
97.00
5.00
0.00
0.00
227.00
342.00
30.00
0.00
0.00
0.00
0.00
0.00
0.00
0.00
0.00
0.00
11.00
2.00
39.00
0.00
236.00
28.00
273.00
96.00
160.00
120.00
133.00
0.00
0.00
0.00
0.00
4.00
0.00
0.00
0.00
0.00
0.00
20.00
0.00
0.00
83.00
0.00
4.00
0.00
11.00
38.00
162.00
2.00
17.00
0.00
0.00
0.00
24.00
0.00
0.00
0.00
0.00
0.00
261.00
72.00
167.00
341.00
35.00
20.00
49.00
177.00
47.00
0.00
97.00
88.00
202.00
178.00
95.00
119.00
80.00
255.00
0.00
90.00
3.00
4.00
3.00
143.00
1.00
0.00
29.00
27.00
0.00
56.00
148.00
58.00
22.00
189.00
104.00
34.00
4.00
36.00
55.00
94.00
0.00
7.00
16.00
39.00
11.00
155.00
19.00
224.00
39.00
150.00
11.00
114.00
134.00
54.00
53.00
24.00
2.00
67.00
132.00
90.00
21.00
8.00
171.00
107.00
30.00
30.00
21.00
36.00
19.00
44.00
65.00
50.00
2.00
12.00
1.00
41.00
55.00
20.00
7.00
5.00
59.00
84.00
27.00
12.00
12.00
45.00
26.00
48.00
19.00
25.00
38.00
411.00
5.00
6.00
34.00
54.00
107.00
24.00
14.00
0.00
6.00
8.00
91.00
15.00
35.00
16.00
169.00
3.00
7.00
104.00
4.00
1.00
101.00
173.00
47.00
69.00
117.00
0.00
12.00
5.00
1.00
46.00
370.00
19.00
102.00
1.00
1.00
16.00
177.00
0.00
4.00
3.00
0.00
0.00
11.00
26.00
4.00
0.00
10.00
0.00
0.00
0.00
0.00
0.00
11.00
35.00
46.00
94.00
5.00
0.00
0.00
0.00
0.00
0.00
8.00
92.00
151.00
4.00
0.00
0.00
0.00
0.00
0.00
0.00
0.00
0.00
0.00
0.00
0.00
1.00
0.00
0.00
197.00
10.00
17.00
0.00
0.00
0.00
0.00
0.00
0.00
0.00
0.00
0.00
0.00
0.00
0.00
0.00
0.00
0.00
0.00
0.00
0.00
0.00
7.00
564.00
311.00
20.00
0.00
0.00
0.00
0.00
0.00
0.00
0.00
0.00
0.00
0.00
0.00
0.00
0.00
0.00
0.00
0.00
0.00
0.00
0.00
0.00
29.00
360.00
105.00
0.00
0.00
0.00
0.00
0.00
0.00
0.00
0.00
0.00
0.00
0.00
0.00
0.00
0.00
0.00
0.00
0.00
0.00
0.00
0.00
0.00
0.00
0.00
0.00
0.00
0.00
0.00
0.00
0.00
0.00
0.00
0.00
0.00
0.00
0.00
0.00
0.00
47.00
8.00
32.00
0.00
0.00
0.00
0.00
0.00
0.00
0.00
0.00
0.00
0.00
0.00
0.00
0.00
0.00
58.00
0.00
0.00
0.00
0.00
0.00
0.00
0.00
0.00
0.00
0.00
0.00
0.00
0.00
0.00
257.00
0.00
0.00
33.00
233.00
0.00
0.00
0.00
0.00
0.00
0.00
0.00
0.00
0.00
0.00
0.00
0.00
10.00
19.00
0.00
146.00
190.00
0.00
0.00
0.00
79.00
51.00
0.00
4.00
0.00
0.00
0.00
0.00
0.00
0.00
4.00
54.00
13.00
7.00
56.00
27.00
0.00
0.00
0.00
0.00
88.00
0.00
144.00
79.00
3.00
29.00
0.00
6.00
161.00
363.00
545.00
235.00
69.00
212.00
635.00
0.00
44.00
2.00
0.00
0.00
0.00
0.00
0.00
4.00
0.00
7.00
1.00
0.00
0.00
1.00
0.00
0.00
53.00
0.00
1.00
1.00
30.00
206.00
706.00
219.00
16.00
0.00
79.00
77.00
304.00
538.00
344.00
82.00
43.00
10.00
0.00
0.00
21.00
0.00
21.00
4.00
66.00
29.00
1.00
20.00
54.00
39.00
55.00
3.00
5.00
3.00
42.00
4.00
0.00
0.00
0.00
10.00
0.00
26.00
50.00
93.00
34.00
43.00
6.00
40.00
11.00
10.00
11.00
95.00
32.00
237.00
23.00
1.00
22.00
8.00
0.00
64.00
13.00
86.00
321.00
90.00
2.00
3.00
0.00
38.00
45.00
25.00
1.00
12.00
95.00
19.00
171.00
32.00
21.00
58.00
60.00
12.00
3.00
18.00
7.00
45.00
14.00
1.00
38.00
10.00
27.00
28.00
6.00
56.00
1.00
55.00
27.00
27.00
3.00
5.00
1.00
0.00
10.00
0.00
9.00
233.00
4.00
0.00
0.00
0.00
14.00
36.00
0.00
25.00
164.00
144.00
7.00
28.00
3.00
88.00
30.00
2.00
0.00
26.00
0.00
0.00
0.00
0.00
0.00
0.00
0.00
0.00
0.00
26.00
5.00
213.00
231.00
468.00
383.00
78.00
0.00
0.00
0.00
0.00
0.00
0.00
0.00
0.00
0.00
0.00
0.00
0.00
0.00
152.00
15.00
143.00
67.00
51.00
0.00
0.00
0.00
0.00
0.00
0.00
0.00
0.00
0.00
0.00
0.00
0.00
1.00
6.00
0.00
0.00
0.00
0.00
0.00
0.00
0.00
0.00
0.00
0.00
0.00
0.00
0.00
0.00
0.00
0.00
0.00
0.00
0.00
0.00
0.00
0.00
0.00
0.00
0.00
0.00
11.00
0.00
0.00
4.00
0.00
6.00
17.00
40.00
0.00
0.00
0.00
0.00
0.00
0.00
0.00
0.00
0.00
0.00
0.00
0.00
0.00
0.00
0.00
0.00
0.00
0.00
0.00
30.00
0.00
0.00
0.00
0.00
0.00
0.00
0.00
0.00
0.00
0.00
0.00
0.00
0.00
0.00
0.00
0.00
0.00
0.00
0.00
0.00
0.00
0.00
0.00
0.00
0.00
0.00
0.00
0.00
0.00
0.00
0.00
0.00
0.00
0.00
0.00
0.00
0.00
0.00
0.00
0.00
2.00
0.00
0.00
0.00
0.00
0.00
0.00
0.00
115.90
124.60
51.60
50.60
0.00
0.00
0.00
0.20
33.50
0.00
0.00
0.00
0.00
0.00
0.00
0.00
0.00
0.00
0.00
0.10
0.00
0.00
0.00
0.00
0.00
0.00
0.00
0.00
0.00
0.00
0.00
0.00
0.00
0.00
76.20
14.20
33.30
12.10
0.00
6.20
3.20
0.30
34.70
74.50
0.00
0.00
0.00
0.00
0.00
0.00
0.00
0.00
0.00
0.00
0.00
0.00
0.50
0.00
0.00
0.00
0.00
0.00
0.00
0.00
0.00
0.00
0.00
0.00
0.30
0.00
0.00
0.00
0.00
0.00
0.00
0.00
0.00
1.80
10.40
0.00
6.40
9.30
0.00
0.20
0.20
0.00
2.70
2.70
42.50
0.00
0.60
0.00
0.00
0.00
0.00
0.00
1.20
0.00
1.40
19.40
0.30
12.50
0.40
1.60
1.20
37.10
1.70
14.40
3.50
12.80
2.30
0.00
0.00
22.40
0.70
7.90
1.40
0.30
1.60
5.80
0.10
2.40
0.60
0.10
1.80
3.30
4.40
0.40
0.00
1.60
2.10
3.50
6.40
5.30
3.30
3.30
21.60
21.60
4.60
0.90
0.90
0.00
11.40
0.90
0.90
0.90
0.40
17.70
3.00
1.10
15.40
20.80
4.40
0.40
0.50
8.60
1.60
28.20
16.50
12.20
0.90
55.50
6.20
11.70
4.10
0.00
1.50
6.60
0.10
2.80
1.10
0.10
2.10
3.30
0.10
0.40
4.10
4.40
1.30
5.90
32.00
0.10
0.00
0.40
8.60
0.00
1.20
3.10
13.30
0.00
0.70
1.30
2.80
0.80
19.30
1.80
0.00
5.50
9.30
5.10
1.10
0.40
20.40
2.20
0.30
5.40
6.70
14.10
10.80
22.80
11.90
54.60
10.00
3.90
0.40
9.90
8.40
2.10
2.10
2.80
0.00
0.00
0.60
1.60
0.20
2.80
2.50
0.10
0.10
0.00
0.00
0.70
11.10
7.30
0.00
0.00
0.00
0.00
1.30
6.10
2.00
0.20
0.00
2.50
