20160101
0.00
0.00
0.00
0.00
0.00
0.00
0.00
0.00
0.00
0.00
0.00
0.00
0.00
0.00
0.00
0.00
0.00
0.00
0.00
0.00
24.00
0.00
0.00
0.00
0.00
1.00
0.00
0.00
0.00
0.00
0.00
0.00
0.00
0.00
0.00
0.00
0.00
3.00
0.00
0.00
0.00
0.00
0.00
0.00
0.00
0.00
0.00
0.00
0.00
7.00
46.00
0.00
35.00
16.00
115.00
1.00
29.00
0.00
0.00
0.00
0.00
0.00
0.00
0.00
0.00
0.00
0.00
0.00
2.00
18.00
0.00
0.00
0.00
0.00
0.00
9.00
0.00
0.00
4.00
0.00
5.00
0.00
0.00
0.00
0.00
0.00
0.00
145.00
2.00
117.00
226.00
7.00
0.00
9.00
74.00
235.00
12.00
0.00
0.00
0.00
0.00
0.00
0.00
0.00
51.00
57.00
273.00
68.00
0.00
16.00
14.00
47.00
95.00
0.00
0.00
64.00
49.00
0.00
26.00
3.00
4.00
57.00
50.00
0.00
27.00
3.00
0.00
0.00
0.00
0.00
0.00
0.00
326.00
7.00
4.00
30.00
0.00
79.00
255.00
47.00
120.00
508.00
6.00
26.00
22.00
3.00
0.00
0.00
0.00
10.00
0.00
1.00
5.00
7.00
6.00
0.00
0.00
56.00
100.00
31.00
73.00
235.00
34.00
11.00
14.00
0.00
106.00
143.00
34.00
88.00
71.00
232.00
35.00
252.00
2.00
74.00
8.00
242.00
2.00
0.00
7.00
57.00
183.00
101.00
137.00
6.00
9.00
45.00
230.00
112.00
50.00
5.00
21.00
36.00
3.00
30.00
153.00
277.00
2.00
0.00
1.00
109.00
84.00
89.00
160.00
113.00
179.00
4.00
1.00
58.00
64.00
320.00
99.00
1.00
5.00
0.00
2.00
175.00
124.00
45.00
68.00
37.00
11.00
52.00
45.00
90.00
26.00
24.00
54.00
46.00
0.00
14.00
623.00
3.00
1.00
40.00
0.00
51.00
360.00
2.00
4.00
12.00
97.00
72.00
3.00
27.00
0.00
19.00
36.00
0.00
6.00
23.00
400.00
59.00
102.00
3.00
47.00
0.00
0.00
92.00
71.00
0.00
111.00
357.00
1.00
20.00
0.00
0.00
3.00
1.00
22.00
0.00
0.00
0.00
1.00
45.00
2.00
0.00
37.00
0.00
1.00
0.00
0.00
48.00
4.00
37.00
0.00
0.00
0.00
0.00
8.00
0.00
0.00
0.00
0.00
0.00
0.00
0.00
0.00
0.00
198.00
52.00
49.00
33.00
0.00
0.00
6.00
4.00
32.00
191.00
118.00
0.00
0.00
0.00
0.00
0.00
0.00
0.00
0.00
0.00
0.00
0.00
0.00
0.00
0.00
0.00
0.00
0.00
0.00
0.00
0.00
0.00
0.00
0.00
0.00
1.00
5.00
0.00
0.00
0.00
0.00
0.00
0.00
0.00
0.00
0.00
0.00
0.00
0.00
0.00
0.00
0.00
0.00
0.00
0.00
0.00
0.00
0.00
0.00
0.00
0.00
0.00
0.00
0.00
0.00
0.00
0.00
0.00
9.00
0.00
0.00
0.00
0.00
0.00
0.00
0.00
0.00
0.00
0.00
0.00
0.00
0.00
0.00
0.00
3.00
0.00
0.00
0.00
0.00
0.00
0.00
0.00
34.00
0.00
0.00
0.00
0.00
0.00
0.00
0.00
0.00
0.00
0.00
0.00
0.00
0.00
0.00
0.00
0.00
0.00
0.00
0.00
0.00
0.00
0.00
0.00
0.00
0.00
0.00
0.00
0.00
0.00
0.00
0.00
0.00
0.00
0.00
0.00
0.00
2.00
5.00
0.00
136.00
0.00
56.00
16.00
1.00
0.00
0.00
0.00
0.00
0.00
43.00
0.00
17.00
0.00
0.00
0.00
0.00
20.00
0.00
0.00
0.00
13.00
159.00
15.00
16.00
0.00
253.00
137.00
5.00
0.00
0.00
0.00
1.00
0.00
0.00
0.00
0.00
0.00
26.00
9.00
0.00
0.00
73.00
11.00
90.00
18.00
61.00
45.00
34.00
0.00
1.00
4.00
0.00
0.00
61.00
0.00
0.00
0.00
0.00
52.00
0.00
0.00
136.00
0.00
0.00
0.00
45.00
7.00
82.00
0.00
3.00
0.00
12.00
0.00
16.00
2.00
0.00
0.00
4.00
3.00
191.00
27.00
162.00
125.00
9.00
42.00
2.00
42.00
9.00
2.00
1.00
2.00
66.00
50.00
127.00
17.00
59.00
138.00
55.00
64.00
14.00
2.00
0.00
9.00
1.00
6.00
90.00
62.00
5.00
0.00
2.00
47.00
21.00
383.00
146.00
172.00
17.00
132.00
75.00
48.00
0.00
4.00
139.00
187.00
130.00
198.00
10.00
27.00
13.00
42.00
63.00
424.00
195.00
289.00
109.00
50.00
125.00
40.00
10.00
31.00
59.00
16.00
253.00
122.00
17.00
31.00
9.00
29.00
30.00
46.00
88.00
55.00
0.00
4.00
73.00
15.00
5.00
27.00
22.00
3.00
190.00
177.00
13.00
36.00
1.00
8.00
57.00
40.00
0.00
5.00
151.00
798.00
92.00
3.00
30.00
93.00
68.00
73.00
15.00
17.00
28.00
13.00
6.00
16.00
79.00
51.00
182.00
119.00
11.00
213.00
139.00
0.00
157.00
413.00
92.00
116.00
262.00
0.00
56.00
24.00
0.00
18.00
522.00
28.00
164.00
0.00
0.00
34.00
21.00
6.00
1.00
1.00
1.00
0.00
22.00
0.00
0.00
5.00
4.00
0.00
0.00
0.00
0.00
0.00
25.00
12.00
199.00
23.00
4.00
0.00
0.00
0.00
0.00
0.00
0.00
27.00
157.00
8.00
0.00
1.00
0.00
0.00
0.00
4.00
0.00
0.00
0.00
0.00
0.00
10.00
0.00
0.00
121.00
6.00
5.00
0.00
0.00
19.00
0.00
0.00
0.00
0.00
0.00
0.00
0.00
0.00
0.00
0.00
0.00
0.00
0.00
0.00
0.00
0.00
27.00
345.00
146.00
66.00
0.00
0.00
0.00
0.00
0.00
0.00
0.00
0.00
0.00
0.00
0.00
0.00
0.00
0.00
0.00
0.00
0.00
0.00
0.00
0.00
14.00
249.00
277.00
3.00
0.00
0.00
0.00
0.00
0.00
0.00
0.00
0.00
0.00
0.00
0.00
0.00
0.00
0.00
0.00
0.00
0.00
0.00
0.00
0.00
0.00
0.00
0.00
0.00
0.00
0.00
0.00
0.00
0.00
0.00
0.00
0.00
0.00
0.00
0.00
2.00
74.00
0.00
4.00
0.00
9.00
0.00
0.00
0.00
0.00
0.00
0.00
0.00
0.00
0.00
0.00
0.00
0.00
19.00
0.00
0.00
0.00
0.00
0.00
0.00
0.00
0.00
0.00
0.00
0.00
0.00
0.00
0.00
53.00
0.00
0.00
79.00
66.00
0.00
0.00
0.00
0.00
0.00
0.00
0.00
0.00
0.00
0.00
0.00
0.00
14.00
17.00
0.00
62.00
1.00
12.00
120.00
0.00
4.00
29.00
0.00
0.00
0.00
2.00
7.00
1.00
0.00
0.00
25.00
5.00
16.00
0.00
28.00
0.00
0.00
0.00
0.00
0.00
0.00
117.00
97.00
57.00
1.00
38.00
0.00
1.00
51.00
449.00
350.00
111.00
262.00
243.00
270.00
2.00
61.00
0.00
4.00
0.00
0.00
0.00
0.00
0.00
0.00
130.00
82.00
22.00
0.00
2.00
20.00
11.00
116.00
6.00
1.00
3.00
0.00
248.00
382.00
108.00
31.00
3.00
77.00
50.00
142.00
259.00
176.00
18.00
18.00
19.00
0.00
0.00
20.00
3.00
19.00
10.00
64.00
170.00
0.00
11.00
32.00
5.00
24.00
40.00
2.00
0.00
0.00
0.00
0.00
7.00
18.00
4.00
1.00
73.00
36.00
21.00
25.00
122.00
20.00
53.00
1.00
7.00
5.00
35.00
56.00
445.00
106.00
20.00
304.00
10.00
0.00
128.00
32.00
82.00
436.00
132.00
1.00
0.00
0.00
39.00
384.00
81.00
5.00
6.00
74.00
36.00
48.00
108.00
115.00
128.00
47.00
0.00
0.00
43.00
43.00
5.00
14.00
3.00
139.00
7.00
27.00
79.00
31.00
4.00
0.00
40.00
3.00
48.00
10.00
38.00
55.00
0.00
0.00
0.00
20.00
224.00
75.00
0.00
0.00
0.00
20.00
13.00
0.00
0.00
26.00
190.00
9.00
1.00
0.00
137.00
32.00
2.00
4.00
3.00
33.00
0.00
0.00
7.00
0.00
0.00
1.00
0.00
0.00
0.00
5.00
142.00
104.00
536.00
323.00
17.00
0.00
2.00
0.00
0.00
0.00
0.00
0.00
0.00
12.00
0.00
0.00
0.00
0.00
124.00
20.00
52.00
32.00
37.00
0.00
0.00
0.00
0.00
0.00
0.00
0.00
0.00
3.00
0.00
0.00
0.00
0.00
0.00
0.00
0.00
0.00
0.00
0.00
2.00
0.00
0.00
0.00
0.00
0.00
0.00
0.00
0.00
0.00
0.00
0.00
0.00
0.00
0.00
0.00
5.00
0.00
0.00
0.00
0.00
26.00
0.00
0.00
7.00
2.00
12.00
17.00
17.00
0.00
0.00
0.00
0.00
0.00
0.00
0.00
0.00
0.00
0.00
0.00
0.00
0.00
0.00
0.00
0.00
0.00
0.00
0.00
0.00
0.00
0.00
0.00
0.00
0.00
0.00
0.00
0.00
0.00
0.00
0.00
0.00
0.00
0.00
0.00
0.00
0.00
0.00
0.00
0.00
0.00
0.00
0.00
0.00
0.00
0.00
0.00
0.00
0.00
0.00
0.00
0.00
0.00
0.00
0.00
0.00
0.00
0.00
0.00
0.00
1.00
0.00
0.00
0.00
0.00
0.00
0.00
0.00
89.50
127.70
45.30
28.30
1.70
0.00
0.00
0.00
16.30
0.10
0.00
0.00
0.00
0.00
0.00
0.00
0.00
0.00
0.00
0.00
0.00
1.60
0.00
0.00
0.00
0.00
0.00
0.00
0.00
0.00
7.40
0.00
0.00
0.00
29.50
7.20
19.90
5.30
0.00
5.70
11.40
1.80
13.80
16.10
0.20
0.00
0.00
0.00
0.00
0.00
0.00
0.00
0.00
0.00
0.00
0.00
0.80
0.00
0.00
0.00
0.00
0.00
0.20
0.00
0.00
0.00
1.10
7.10
3.10
0.00
0.00
0.00
0.00
0.00
0.00
0.00
0.00
0.20
4.60
0.10
2.50
0.50
0.00
0.00
0.00
0.00
0.00
0.00
18.80
0.00
0.00
0.00
0.00
0.00
0.00
0.00
0.90
0.10
1.10
16.10
0.00
5.30
9.40
1.70
4.30
19.90
6.50
3.90
2.50
28.00
1.40
0.00
0.00
2.40
5.70
1.40
0.00
4.70
2.20
9.40
4.30
5.00
0.30
2.60
4.20
1.60
0.80
3.40
0.00
13.50
1.30
7.60
7.70
5.80
2.50
2.50
14.10
14.10
2.70
3.10
3.10
0.30
0.10
3.10
3.10
3.10
0.50
12.60
8.70
12.20
20.60
25.20
6.00
0.00
2.90
8.70
13.40
15.40
29.90
1.00
4.00
59.50
1.80
1.90
4.10
0.60
6.50
16.50
8.30
14.60
2.60
0.10
5.20
4.60
7.20
3.00
3.00
2.80
4.20
65.50
26.40
0.40
0.00
0.10
22.10
0.10
1.40
24.60
24.40
2.70
0.40
2.00
1.30
0.50
1.60
5.00
1.00
1.70
19.70
4.00
1.30
2.80
16.20
6.50
1.20
0.30
0.60
5.20
14.20
17.20
1.90
37.00
11.00
1.40
0.60
4.80
12.40
0.70
0.70
0.40
0.00
0.00
3.50
5.40
10.50
6.50
3.50
2.50
0.10
0.00
0.00
2.30
34.20
6.60
0.00
0.00
0.00
0.00
1.30
2.10
1.20
1.30
1.40
4.80
