20160101
0.00
0.00
0.00
0.00
0.00
0.00
0.00
0.00
42.00
0.00
0.00
0.00
0.00
0.00
0.00
0.00
0.00
0.00
0.00
6.00
0.00
0.00
0.00
0.00
0.00
0.00
0.00
0.00
0.00
0.00
0.00
0.00
0.00
0.00
0.00
0.00
0.00
0.00
0.00
3.00
0.00
0.00
0.00
0.00
0.00
0.00
0.00
0.00
0.00
0.00
2.00
0.00
0.00
24.00
100.00
1.00
13.00
0.00
0.00
0.00
1.00
0.00
0.00
0.00
0.00
55.00
0.00
0.00
0.00
1.00
0.00
0.00
0.00
0.00
1.00
23.00
0.00
3.00
0.00
2.00
19.00
0.00
1.00
0.00
0.00
0.00
0.00
377.00
18.00
58.00
201.00
133.00
0.00
467.00
463.00
0.00
0.00
0.00
0.00
0.00
0.00
0.00
0.00
0.00
38.00
0.00
184.00
241.00
1.00
38.00
0.00
0.00
0.00
0.00
0.00
27.00
0.00
3.00
0.00
0.00
17.00
273.00
252.00
268.00
73.00
27.00
207.00
24.00
0.00
2.00
7.00
0.00
273.00
475.00
31.00
144.00
2.00
242.00
57.00
66.00
548.00
816.00
22.00
0.00
205.00
73.00
5.00
11.00
97.00
84.00
23.00
55.00
17.00
0.00
212.00
606.00
8.00
28.00
26.00
49.00
50.00
183.00
226.00
47.00
14.00
0.00
1.00
333.00
182.00
6.00
6.00
12.00
2.00
43.00
82.00
28.00
5.00
54.00
75.00
293.00
93.00
28.00
50.00
72.00
70.00
243.00
2.00
0.00
175.00
83.00
107.00
125.00
5.00
9.00
1.00
9.00
113.00
59.00
103.00
50.00
0.00
9.00
3.00
27.00
83.00
78.00
204.00
18.00
9.00
32.00
374.00
142.00
70.00
216.00
85.00
351.00
76.00
101.00
10.00
61.00
65.00
112.00
383.00
0.00
32.00
279.00
207.00
90.00
118.00
45.00
0.00
0.00
163.00
31.00
0.00
1.00
2.00
1075.00
36.00
462.00
20.00
6.00
214.00
272.00
146.00
1.00
26.00
5.00
61.00
4.00
3.00
0.00
1.00
0.00
14.00
107.00
488.00
254.00
1.00
232.00
79.00
43.00
97.00
336.00
37.00
75.00
21.00
0.00
22.00
41.00
54.00
243.00
6.00
467.00
161.00
91.00
0.00
168.00
56.00
328.00
315.00
163.00
0.00
18.00
319.00
81.00
0.00
0.00
0.00
0.00
0.00
0.00
0.00
0.00
0.00
0.00
0.00
0.00
0.00
0.00
9.00
11.00
19.00
0.00
0.00
0.00
9.00
64.00
309.00
771.00
327.00
0.00
0.00
0.00
0.00
0.00
0.00
0.00
0.00
0.00
0.00
0.00
0.00
0.00
0.00
0.00
0.00
0.00
0.00
0.00
0.00
0.00
0.00
0.00
0.00
0.00
0.00
0.00
0.00
0.00
0.00
0.00
0.00
0.00
0.00
0.00
0.00
0.00
0.00
0.00
0.00
0.00
0.00
0.00
0.00
0.00
0.00
0.00
0.00
0.00
0.00
0.00
0.00
0.00
0.00
0.00
0.00
0.00
0.00
0.00
0.00
0.00
0.00
0.00
0.00
0.00
0.00
0.00
0.00
0.00
0.00
0.00
0.00
0.00
0.00
0.00
0.00
0.00
0.00
0.00
0.00
0.00
5.00
0.00
0.00
0.00
0.00
0.00
0.00
0.00
0.00
0.00
0.00
0.00
0.00
0.00
0.00
0.00
0.00
0.00
0.00
0.00
0.00
0.00
0.00
0.00
0.00
0.00
0.00
10.00
0.00
0.00
0.00
0.00
0.00
0.00
0.00
0.00
1.00
90.00
61.00
3.00
240.00
0.00
76.00
162.00
0.00
0.00
0.00
0.00
0.00
0.00
54.00
0.00
47.00
0.00
0.00
0.00
0.00
148.00
0.00
0.00
0.00
256.00
253.00
1.00
0.00
0.00
247.00
159.00
389.00
0.00
0.00
0.00
0.00
0.00
0.00
0.00
0.00
0.00
23.00
10.00
0.00
1.00
851.00
564.00
104.00
367.00
70.00
585.00
224.00
0.00
1.00
12.00
119.00
51.00
168.00
0.00
0.00
26.00
0.00
44.00
0.00
0.00
62.00
0.00
0.00
0.00
57.00
23.00
406.00
5.00
108.00
0.00
91.00
0.00
62.00
33.00
0.00
0.00
14.00
9.00
0.00
105.00
194.00
931.00
192.00
351.00
113.00
147.00
482.00
3.00
0.00
163.00
143.00
451.00
547.00
196.00
287.00
85.00
0.00
17.00
215.00
256.00
160.00
763.00
0.00
20.00
92.00
91.00
205.00
114.00
148.00
70.00
64.00
12.00
115.00
48.00
32.00
100.00
66.00
36.00
3.00
4.00
0.00
63.00
90.00
118.00
367.00
314.00
55.00
247.00
111.00
166.00
7.00
84.00
166.00
127.00
103.00
66.00
562.00
46.00
57.00
116.00
158.00
159.00
14.00
1.00
0.00
33.00
103.00
93.00
83.00
15.00
19.00
0.00
0.00
81.00
538.00
130.00
0.00
69.00
117.00
7.00
88.00
108.00
74.00
286.00
110.00
304.00
349.00
144.00
129.00
199.00
123.00
281.00
58.00
98.00
105.00
51.00
1.00
294.00
53.00
0.00
90.00
36.00
95.00
1.00
115.00
395.00
7.00
19.00
9.00
0.00
24.00
102.00
243.00
32.00
5.00
49.00
0.00
0.00
80.00
45.00
349.00
189.00
23.00
64.00
102.00
217.00
2.00
20.00
164.00
135.00
360.00
8.00
0.00
6.00
0.00
13.00
19.00
0.00
0.00
0.00
0.00
315.00
511.00
772.00
488.00
1072.00
0.00
0.00
0.00
0.00
0.00
0.00
1.00
458.00
401.00
0.00
0.00
0.00
0.00
0.00
0.00
0.00
0.00
0.00
0.00
0.00
0.00
113.00
0.00
4.00
142.00
23.00
9.00
0.00
0.00
0.00
0.00
0.00
0.00
0.00
0.00
0.00
0.00
0.00
0.00
0.00
0.00
0.00
0.00
0.00
0.00
0.00
40.00
361.00
737.00
679.00
0.00
0.00
0.00
0.00
0.00
0.00
0.00
0.00
5.00
0.00
0.00
0.00
0.00
0.00
0.00
0.00
0.00
0.00
0.00
0.00
16.00
78.00
11.00
0.00
0.00
0.00
0.00
0.00
0.00
0.00
0.00
0.00
0.00
0.00
0.00
0.00
0.00
0.00
0.00
0.00
0.00
0.00
0.00
0.00
0.00
0.00
0.00
0.00
0.00
0.00
0.00
0.00
0.00
0.00
0.00
0.00
0.00
0.00
60.00
66.00
623.00
11.00
96.00
0.00
4.00
6.00
0.00
0.00
0.00
0.00
0.00
0.00
0.00
0.00
0.00
0.00
0.00
310.00
0.00
0.00
0.00
0.00
0.00
0.00
3.00
1.00
0.00
0.00
0.00
0.00
0.00
0.00
391.00
0.00
0.00
10.00
26.00
0.00
0.00
0.00
0.00
0.00
0.00
0.00
7.00
29.00
0.00
8.00
0.00
321.00
45.00
0.00
7.00
0.00
0.00
31.00
56.00
58.00
117.00
0.00
0.00
18.00
0.00
0.00
65.00
0.00
0.00
170.00
52.00
29.00
58.00
340.00
53.00
0.00
10.00
143.00
17.00
3.00
106.00
167.00
295.00
3.00
46.00
73.00
182.00
593.00
657.00
438.00
233.00
642.00
304.00
106.00
0.00
31.00
34.00
45.00
29.00
15.00
139.00
100.00
490.00
30.00
66.00
78.00
149.00
153.00
0.00
0.00
83.00
64.00
10.00
74.00
66.00
1.00
1.00
97.00
130.00
0.00
19.00
273.00
835.00
226.00
898.00
918.00
59.00
588.00
1309.00
0.00
70.00
10.00
125.00
1.00
0.00
4.00
41.00
108.00
9.00
67.00
55.00
6.00
1.00
0.00
11.00
76.00
173.00
94.00
1.00
0.00
38.00
4.00
21.00
74.00
34.00
52.00
441.00
85.00
148.00
0.00
13.00
26.00
5.00
29.00
57.00
26.00
112.00
134.00
6.00
4.00
4.00
27.00
43.00
79.00
84.00
32.00
28.00
9.00
287.00
209.00
49.00
15.00
161.00
22.00
63.00
71.00
99.00
461.00
194.00
326.00
197.00
69.00
148.00
8.00
43.00
117.00
7.00
27.00
37.00
311.00
85.00
77.00
0.00
2.00
4.00
48.00
56.00
0.00
38.00
259.00
21.00
0.00
0.00
0.00
58.00
1.00
11.00
122.00
1.00
0.00
46.00
5.00
3.00
115.00
45.00
171.00
13.00
2.00
17.00
4.00
116.00
20.00
0.00
0.00
0.00
0.00
0.00
0.00
0.00
0.00
0.00
0.00
0.00
0.00
83.00
153.00
527.00
365.00
17.00
0.00
0.00
0.00
0.00
0.00
0.00
0.00
0.00
0.00
0.00
0.00
0.00
0.00
1.00
155.00
250.00
97.00
20.00
0.00
0.00
0.00
0.00
0.00
0.00
0.00
0.00
0.00
0.00
0.00
0.00
0.00
0.00
0.00
0.00
0.00
0.00
0.00
1.00
0.00
0.00
0.00
0.00
0.00
0.00
0.00
0.00
0.00
0.00
0.00
0.00
0.00
0.00
0.00
0.00
0.00
0.00
0.00
0.00
0.00
0.00
0.00
0.00
0.00
12.00
40.00
4.00
0.00
0.00
0.00
0.00
0.00
0.00
0.00
0.00
0.00
0.00
0.00
0.00
0.00
0.00
0.00
0.00
0.00
0.00
0.00
0.00
0.00
0.00
0.00
0.00
0.00
0.00
0.00
0.00
0.00
0.00
0.00
0.00
0.00
0.00
0.00
0.00
0.00
0.00
0.00
0.00
0.00
0.00
0.00
0.00
0.00
0.00
0.00
0.00
0.00
0.00
0.00
0.00
0.00
0.00
0.00
0.00
0.00
0.00
0.00
1.00
8.00
0.00
0.00
0.00
0.00
0.00
0.00
1.00
80.50
64.20
65.20
35.70
0.00
0.00
0.00
0.60
27.20
11.00
0.00
0.00
0.00
0.00
0.00
0.00
0.00
0.50
0.40
0.60
45.30
3.50
0.00
0.00
0.00
0.00
0.00
0.00
0.00
0.00
0.00
0.00
0.00
0.00
70.60
33.60
125.10
11.50
0.00
0.00
13.00
0.00
15.90
9.50
0.20
2.50
0.00
2.70
0.00
0.00
0.10
0.10
0.00
0.00
0.00
0.00
0.20
0.00
0.00
0.00
0.00
0.00
0.20
0.00
0.00
0.00
0.00
14.50
44.40
0.00
0.00
0.00
0.00
0.00
0.00
0.00
0.00
6.60
9.80
13.50
7.00
2.20
1.50
1.00
1.00
0.00
4.40
4.40
71.50
21.20
0.00
4.40
0.00
0.00
0.00
1.00
58.30
4.30
12.80
31.70
1.60
0.00
0.00
2.70
8.20
0.10
0.00
53.10
59.80
98.80
4.80
0.10
0.50
0.40
16.70
7.30
8.40
0.40
0.00
0.00
2.60
1.30
3.10
8.30
2.50
18.90
0.10
0.40
0.60
16.40
3.30
7.80
13.60
35.10
78.60
78.60
31.50
31.50
48.10
0.20
0.20
0.10
3.30
0.20
0.20
0.20
0.00
1.40
2.40
1.10
53.80
9.30
3.10
2.70
0.60
17.20
1.10
1.70
5.10
22.30
22.60
19.20
8.70
7.40
5.50
0.60
0.10
5.90
34.90
7.20
15.10
20.30
0.70
4.70
0.00
0.20
6.00
6.50
17.80
41.00
27.10
2.00
0.90
0.50
2.10
0.40
15.10
9.20
124.30
62.50
7.20
70.10
12.50
10.50
1.10
2.00
10.00
6.70
7.30
7.20
0.90
1.20
2.40
2.60
0.50
0.00
0.70
1.40
9.90
29.10
15.70
46.10
21.20
0.00
0.10
0.20
19.00
7.10
7.10
27.50
0.00
0.10
1.30
20.70
13.70
2.00
20.00
4.50
0.00
0.00
0.00
0.00
0.00
2.00
0.00
0.00
0.00
0.00
0.30
7.40
0.90
0.10
0.00
1.00
