20160101
0.00
0.00
0.00
0.00
0.00
0.00
0.00
0.00
3.00
0.00
0.00
0.00
0.00
0.00
0.00
0.00
0.00
0.00
0.00
4.00
0.00
0.00
0.00
0.00
0.00
0.00
0.00
0.00
0.00
0.00
0.00
0.00
0.00
0.00
0.00
0.00
0.00
0.00
0.00
0.00
0.00
0.00
17.00
0.00
0.00
0.00
0.00
0.00
0.00
0.00
0.00
0.00
0.00
113.00
24.00
0.00
12.00
0.00
0.00
0.00
1.00
0.00
0.00
49.00
0.00
62.00
0.00
0.00
0.00
0.00
0.00
0.00
0.00
0.00
0.00
4.00
0.00
0.00
2.00
0.00
100.00
0.00
34.00
0.00
0.00
0.00
0.00
565.00
1.00
156.00
461.00
44.00
0.00
114.00
449.00
627.00
115.00
0.00
0.00
0.00
0.00
0.00
0.00
9.00
110.00
69.00
544.00
230.00
0.00
193.00
125.00
361.00
317.00
0.00
3.00
146.00
10.00
18.00
0.00
0.00
22.00
44.00
480.00
32.00
194.00
5.00
8.00
2.00
0.00
0.00
1.00
3.00
66.00
152.00
7.00
101.00
1.00
298.00
387.00
17.00
180.00
1048.00
3.00
1.00
6.00
28.00
0.00
28.00
7.00
26.00
9.00
4.00
0.00
14.00
37.00
161.00
34.00
114.00
31.00
4.00
75.00
293.00
50.00
25.00
17.00
0.00
54.00
71.00
198.00
72.00
17.00
1.00
68.00
44.00
1.00
15.00
41.00
5.00
38.00
0.00
89.00
16.00
110.00
28.00
36.00
18.00
16.00
6.00
13.00
39.00
213.00
168.00
84.00
5.00
3.00
36.00
237.00
64.00
10.00
1.00
13.00
7.00
1.00
28.00
71.00
84.00
306.00
2.00
38.00
7.00
99.00
1.00
45.00
69.00
7.00
24.00
0.00
57.00
78.00
231.00
98.00
14.00
7.00
129.00
264.00
60.00
71.00
3.00
23.00
6.00
34.00
2.00
381.00
13.00
6.00
15.00
0.00
388.00
7.00
3.00
6.00
8.00
232.00
214.00
5.00
0.00
45.00
38.00
30.00
44.00
208.00
2.00
55.00
11.00
45.00
61.00
136.00
2.00
0.00
392.00
198.00
41.00
66.00
94.00
214.00
173.00
474.00
5.00
115.00
0.00
152.00
56.00
0.00
255.00
0.00
2.00
0.00
89.00
69.00
153.00
529.00
95.00
0.00
37.00
53.00
205.00
11.00
0.00
0.00
0.00
0.00
0.00
0.00
0.00
0.00
0.00
0.00
0.00
3.00
0.00
99.00
56.00
143.00
92.00
5.00
0.00
14.00
13.00
113.00
405.00
102.00
0.00
0.00
0.00
0.00
0.00
0.00
0.00
0.00
0.00
0.00
0.00
0.00
0.00
0.00
0.00
0.00
0.00
0.00
0.00
0.00
0.00
0.00
0.00
0.00
0.00
0.00
0.00
0.00
0.00
0.00
0.00
0.00
0.00
0.00
0.00
0.00
0.00
0.00
0.00
0.00
0.00
0.00
0.00
0.00
0.00
0.00
0.00
0.00
0.00
0.00
0.00
0.00
0.00
0.00
0.00
0.00
0.00
0.00
0.00
0.00
0.00
0.00
0.00
0.00
0.00
0.00
0.00
0.00
0.00
0.00
0.00
0.00
0.00
0.00
0.00
0.00
0.00
0.00
0.00
0.00
0.00
35.00
0.00
0.00
0.00
0.00
0.00
0.00
0.00
0.00
0.00
0.00
0.00
0.00
0.00
0.00
0.00
0.00
0.00
0.00
0.00
0.00
0.00
0.00
0.00
0.00
0.00
0.00
11.00
0.00
0.00
0.00
0.00
0.00
0.00
0.00
0.00
0.00
25.00
31.00
0.00
161.00
0.00
95.00
122.00
0.00
0.00
0.00
0.00
0.00
0.00
92.00
5.00
93.00
0.00
0.00
0.00
0.00
55.00
0.00
0.00
1.00
73.00
439.00
116.00
45.00
49.00
553.00
138.00
122.00
0.00
0.00
0.00
0.00
0.00
0.00
0.00
0.00
0.00
69.00
6.00
8.00
7.00
257.00
375.00
134.00
301.00
52.00
87.00
69.00
0.00
0.00
62.00
1.00
100.00
138.00
0.00
0.00
23.00
9.00
18.00
0.00
0.00
272.00
0.00
0.00
0.00
7.00
48.00
336.00
2.00
38.00
0.00
43.00
34.00
109.00
4.00
0.00
0.00
4.00
17.00
108.00
162.00
154.00
463.00
17.00
193.00
219.00
153.00
135.00
10.00
5.00
33.00
192.00
465.00
665.00
297.00
178.00
79.00
0.00
204.00
20.00
28.00
30.00
64.00
12.00
10.00
1.00
25.00
7.00
221.00
568.00
29.00
154.00
35.00
284.00
85.00
21.00
82.00
29.00
56.00
87.00
105.00
19.00
29.00
20.00
188.00
209.00
240.00
112.00
28.00
2.00
44.00
78.00
63.00
51.00
98.00
4.00
162.00
98.00
7.00
43.00
2.00
84.00
56.00
63.00
57.00
7.00
81.00
195.00
18.00
84.00
58.00
2.00
5.00
9.00
13.00
217.00
138.00
2.00
14.00
59.00
42.00
3.00
7.00
164.00
260.00
55.00
81.00
66.00
15.00
25.00
369.00
6.00
103.00
42.00
23.00
24.00
5.00
2.00
37.00
0.00
3.00
11.00
19.00
31.00
0.00
54.00
7.00
57.00
51.00
118.00
10.00
4.00
252.00
74.00
96.00
76.00
0.00
2.00
0.00
0.00
0.00
147.00
83.00
263.00
5.00
30.00
11.00
315.00
23.00
13.00
32.00
104.00
147.00
104.00
23.00
14.00
54.00
7.00
6.00
0.00
0.00
0.00
0.00
484.00
170.00
244.00
652.00
0.00
0.00
0.00
0.00
0.00
0.00
10.00
1082.00
403.00
3.00
0.00
0.00
0.00
0.00
0.00
0.00
0.00
0.00
0.00
0.00
0.00
75.00
0.00
0.00
103.00
35.00
15.00
0.00
0.00
0.00
0.00
0.00
0.00
0.00
0.00
0.00
0.00
0.00
0.00
0.00
0.00
0.00
0.00
0.00
0.00
0.00
40.00
255.00
335.00
257.00
0.00
0.00
0.00
0.00
0.00
0.00
0.00
0.00
6.00
0.00
0.00
0.00
0.00
0.00
0.00
0.00
0.00
0.00
0.00
0.00
153.00
147.00
134.00
0.00
0.00
0.00
0.00
0.00
0.00
0.00
0.00
0.00
0.00
0.00
0.00
0.00
0.00
0.00
0.00
0.00
0.00
0.00
0.00
0.00
0.00
0.00
0.00
0.00
0.00
0.00
0.00
0.00
0.00
0.00
0.00
0.00
0.00
0.00
5.00
8.00
332.00
0.00
38.00
0.00
0.00
0.00
0.00
0.00
0.00
0.00
0.00
1.00
0.00
0.00
0.00
3.00
0.00
190.00
0.00
0.00
0.00
0.00
0.00
0.00
0.00
0.00
0.00
0.00
0.00
0.00
0.00
0.00
19.00
0.00
0.00
15.00
20.00
71.00
0.00
0.00
0.00
0.00
0.00
0.00
0.00
500.00
5.00
0.00
52.00
72.00
1.00
0.00
13.00
135.00
0.00
31.00
0.00
5.00
302.00
0.00
22.00
0.00
3.00
0.00
19.00
0.00
0.00
178.00
33.00
5.00
2.00
194.00
1.00
0.00
0.00
4.00
1.00
40.00
39.00
72.00
245.00
16.00
164.00
0.00
88.00
230.00
462.00
432.00
422.00
422.00
340.00
189.00
0.00
214.00
0.00
122.00
0.00
2.00
0.00
0.00
0.00
0.00
0.00
0.00
24.00
2.00
0.00
18.00
2.00
64.00
12.00
58.00
0.00
156.00
453.00
169.00
88.00
2.00
4.00
97.00
119.00
239.00
671.00
505.00
2.00
223.00
198.00
0.00
0.00
2.00
0.00
1.00
256.00
52.00
13.00
0.00
1.00
59.00
35.00
9.00
3.00
17.00
0.00
93.00
14.00
0.00
3.00
9.00
39.00
19.00
44.00
136.00
84.00
29.00
39.00
1.00
155.00
17.00
13.00
3.00
7.00
5.00
78.00
116.00
34.00
39.00
62.00
6.00
9.00
14.00
159.00
148.00
116.00
23.00
1.00
0.00
50.00
40.00
45.00
261.00
4.00
5.00
11.00
150.00
131.00
10.00
3.00
55.00
50.00
242.00
15.00
5.00
566.00
158.00
0.00
88.00
15.00
62.00
65.00
18.00
135.00
22.00
62.00
84.00
132.00
0.00
4.00
8.00
18.00
1.00
0.00
4.00
155.00
29.00
0.00
1.00
0.00
0.00
97.00
0.00
0.00
49.00
50.00
12.00
104.00
0.00
25.00
80.00
3.00
3.00
0.00
0.00
0.00
0.00
0.00
0.00
1.00
0.00
0.00
0.00
0.00
0.00
80.00
112.00
439.00
323.00
9.00
0.00
0.00
0.00
0.00
0.00
0.00
0.00
0.00
0.00
0.00
0.00
0.00
0.00
337.00
116.00
196.00
103.00
35.00
0.00
0.00
0.00
0.00
0.00
0.00
0.00
0.00
0.00
0.00
0.00
0.00
0.00
0.00
0.00
0.00
0.00
0.00
0.00
1.00
0.00
0.00
0.00
0.00
0.00
0.00
0.00
0.00
0.00
0.00
0.00
0.00
0.00
0.00
16.00
6.00
0.00
0.00
0.00
0.00
0.00
0.00
0.00
1.00
3.00
4.00
25.00
1.00
0.00
0.00
0.00
0.00
0.00
0.00
0.00
0.00
0.00
0.00
0.00
0.00
0.00
0.00
0.00
0.00
0.00
0.00
0.00
0.00
0.00
0.00
0.00
0.00
0.00
0.00
0.00
0.00
0.00
0.00
0.00
0.00
0.00
0.00
0.00
0.00
0.00
0.00
0.00
0.00
0.00
1.00
0.00
0.00
0.00
0.00
0.00
0.00
0.00
0.00
0.00
0.00
0.00
0.00
0.00
0.00
0.00
0.00
0.00
1.00
7.00
0.00
0.00
0.00
0.00
0.00
0.00
0.00
135.50
102.20
124.70
81.90
0.00
0.00
0.00
23.50
41.80
0.40
0.00
0.00
0.00
0.00
0.00
0.00
0.00
0.00
0.20
0.00
50.90
11.20
0.10
0.00
0.00
15.70
0.00
0.00
0.00
0.00
3.10
0.00
0.00
0.00
92.10
10.20
115.30
4.90
6.50
0.10
3.70
0.30
46.50
31.40
0.00
0.40
0.30
0.00
0.00
0.60
0.00
0.20
0.00
0.00
0.50
0.00
1.30
0.00
0.00
0.00
0.00
0.20
6.40
0.70
0.00
0.00
0.00
3.30
7.40
0.00
0.00
0.00
0.00
0.00
0.00
0.70
0.00
0.70
11.20
2.10
0.00
7.00
7.70
1.10
1.10
0.00
2.70
2.70
46.80
0.70
0.90
0.00
0.00
0.00
0.00
7.90
19.80
0.60
0.50
5.10
0.30
15.90
6.30
2.90
10.30
0.00
0.00
16.90
40.30
17.10
10.10
0.00
0.00
0.90
5.60
16.20
8.90
2.90
0.00
0.40
11.90
1.20
1.00
0.20
6.40
5.60
10.90
4.50
0.20
19.60
6.20
5.70
0.90
5.90
2.20
2.20
8.40
8.40
1.00
1.10
1.10
0.00
3.10
1.10
1.10
1.10
8.90
8.10
2.00
6.10
38.30
14.30
13.10
8.60
0.70
9.70
1.80
15.60
11.10
35.00
0.40
12.90
4.60
9.50
7.50
3.30
0.50
2.50
1.90
17.90
9.10
4.70
1.00
10.20
0.10
0.10
6.80
4.30
8.50
11.10
11.10
0.50
1.50
1.60
12.10
0.00
2.60
0.50
0.40
3.10
0.60
9.30
21.80
9.50
17.80
0.40
0.70
14.70
16.80
10.90
0.50
0.40
15.10
14.10
2.70
0.30
15.90
1.90
4.30
32.00
23.00
24.90
18.60
1.30
33.90
16.30
16.50
1.90
1.90
1.70
0.10
0.20
0.00
6.60
44.90
6.40
15.20
11.00
0.00
0.00
0.00
2.40
10.30
4.30
0.00
0.10
0.00
0.00
1.00
9.20
3.90
0.30
1.00
1.30
