20160101
0.00
0.00
0.00
0.00
0.00
0.00
0.00
0.00
0.00
0.00
0.00
0.00
0.00
0.00
0.00
0.00
0.00
0.00
0.00
7.00
2.00
0.00
0.00
0.00
0.00
0.00
0.00
0.00
0.00
0.00
0.00
0.00
0.00
0.00
0.00
0.00
0.00
0.00
0.00
0.00
0.00
0.00
54.00
0.00
0.00
0.00
0.00
0.00
0.00
0.00
0.00
0.00
3.00
52.00
79.00
7.00
24.00
0.00
0.00
0.00
0.00
0.00
0.00
0.00
0.00
0.00
0.00
0.00
0.00
3.00
0.00
2.00
0.00
0.00
0.00
0.00
5.00
0.00
1.00
0.00
30.00
0.00
0.00
0.00
0.00
0.00
0.00
419.00
0.00
0.00
185.00
187.00
4.00
98.00
336.00
16.00
0.00
0.00
0.00
0.00
0.00
0.00
0.00
0.00
0.00
0.00
78.00
27.00
0.00
11.00
0.00
0.00
0.00
0.00
0.00
107.00
10.00
0.00
0.00
0.00
0.00
315.00
103.00
53.00
181.00
0.00
0.00
14.00
0.00
0.00
4.00
0.00
72.00
134.00
0.00
2.00
2.00
92.00
232.00
206.00
1126.00
771.00
18.00
0.00
336.00
59.00
0.00
1.00
115.00
259.00
1.00
36.00
0.00
0.00
359.00
230.00
8.00
28.00
73.00
100.00
111.00
364.00
706.00
166.00
77.00
0.00
3.00
49.00
59.00
5.00
0.00
0.00
3.00
2.00
29.00
54.00
126.00
53.00
7.00
267.00
304.00
29.00
6.00
75.00
80.00
412.00
130.00
13.00
294.00
88.00
24.00
43.00
0.00
16.00
4.00
38.00
67.00
27.00
12.00
67.00
0.00
12.00
7.00
11.00
39.00
101.00
379.00
4.00
1.00
25.00
296.00
167.00
432.00
426.00
28.00
143.00
112.00
34.00
3.00
7.00
63.00
95.00
389.00
33.00
4.00
130.00
275.00
25.00
75.00
9.00
0.00
5.00
444.00
160.00
0.00
0.00
0.00
377.00
13.00
137.00
209.00
19.00
45.00
32.00
177.00
51.00
8.00
1.00
0.00
0.00
0.00
75.00
5.00
2.00
124.00
332.00
346.00
147.00
145.00
667.00
142.00
181.00
8.00
45.00
70.00
214.00
122.00
5.00
2.00
158.00
305.00
339.00
24.00
365.00
653.00
126.00
91.00
371.00
87.00
104.00
614.00
127.00
5.00
15.00
656.00
61.00
0.00
0.00
0.00
0.00
0.00
0.00
0.00
0.00
0.00
0.00
0.00
0.00
0.00
0.00
25.00
55.00
15.00
0.00
0.00
0.00
0.00
5.00
195.00
1036.00
283.00
0.00
0.00
0.00
0.00
0.00
0.00
0.00
0.00
0.00
0.00
0.00
0.00
0.00
0.00
0.00
0.00
0.00
0.00
0.00
0.00
0.00
0.00
0.00
0.00
2.00
0.00
0.00
0.00
0.00
0.00
0.00
0.00
0.00
0.00
0.00
0.00
0.00
0.00
0.00
0.00
0.00
0.00
0.00
0.00
0.00
0.00
0.00
0.00
0.00
0.00
0.00
0.00
0.00
0.00
0.00
0.00
0.00
0.00
0.00
0.00
0.00
0.00
0.00
0.00
0.00
0.00
0.00
0.00
0.00
0.00
0.00
0.00
0.00
0.00
0.00
0.00
0.00
0.00
0.00
0.00
0.00
0.00
0.00
0.00
0.00
0.00
0.00
0.00
0.00
0.00
0.00
0.00
0.00
0.00
0.00
0.00
0.00
0.00
0.00
0.00
0.00
0.00
0.00
0.00
0.00
0.00
0.00
0.00
7.00
0.00
0.00
0.00
0.00
0.00
0.00
0.00
0.00
0.00
365.00
125.00
13.00
154.00
3.00
66.00
57.00
0.00
0.00
0.00
0.00
0.00
0.00
199.00
0.00
60.00
0.00
0.00
0.00
0.00
49.00
0.00
0.00
0.00
214.00
94.00
0.00
0.00
0.00
374.00
132.00
160.00
0.00
0.00
0.00
0.00
0.00
0.00
0.00
0.00
0.00
13.00
7.00
0.00
7.00
831.00
353.00
143.00
266.00
207.00
337.00
290.00
0.00
0.00
0.00
1.00
0.00
1.00
0.00
0.00
0.00
0.00
10.00
0.00
0.00
148.00
0.00
0.00
0.00
124.00
52.00
414.00
9.00
185.00
0.00
250.00
0.00
45.00
0.00
0.00
0.00
0.00
0.00
126.00
90.00
294.00
646.00
71.00
863.00
79.00
43.00
305.00
0.00
0.00
901.00
471.00
647.00
276.00
220.00
724.00
729.00
0.00
187.00
274.00
76.00
93.00
634.00
58.00
18.00
77.00
110.00
64.00
30.00
35.00
39.00
67.00
19.00
133.00
90.00
58.00
350.00
143.00
41.00
1.00
0.00
2.00
19.00
128.00
51.00
130.00
353.00
373.00
201.00
55.00
69.00
144.00
257.00
518.00
19.00
57.00
540.00
1099.00
36.00
44.00
99.00
233.00
227.00
2.00
2.00
5.00
1.00
122.00
179.00
113.00
86.00
6.00
3.00
0.00
114.00
869.00
192.00
102.00
9.00
49.00
5.00
77.00
77.00
167.00
450.00
591.00
141.00
371.00
462.00
166.00
274.00
23.00
98.00
93.00
128.00
86.00
50.00
14.00
45.00
60.00
2.00
32.00
75.00
51.00
0.00
44.00
200.00
5.00
41.00
65.00
94.00
122.00
117.00
361.00
18.00
3.00
1.00
0.00
86.00
674.00
289.00
191.00
269.00
34.00
58.00
104.00
0.00
63.00
5.00
253.00
53.00
261.00
9.00
17.00
14.00
0.00
7.00
17.00
0.00
0.00
0.00
0.00
390.00
118.00
202.00
492.00
1424.00
0.00
0.00
0.00
0.00
0.00
0.00
10.00
379.00
77.00
0.00
0.00
0.00
0.00
0.00
0.00
0.00
0.00
0.00
0.00
0.00
0.00
13.00
0.00
1.00
154.00
38.00
4.00
0.00
0.00
0.00
0.00
0.00
0.00
0.00
0.00
0.00
0.00
0.00
0.00
0.00
0.00
0.00
0.00
0.00
0.00
1.00
38.00
1347.00
757.00
545.00
0.00
0.00
0.00
0.00
0.00
0.00
0.00
0.00
0.00
0.00
0.00
0.00
0.00
0.00
0.00
0.00
0.00
0.00
0.00
0.00
123.00
347.00
15.00
0.00
0.00
0.00
0.00
0.00
0.00
0.00
0.00
0.00
0.00
0.00
0.00
0.00
0.00
0.00
0.00
0.00
0.00
0.00
0.00
0.00
0.00
0.00
0.00
0.00
0.00
0.00
0.00
0.00
0.00
0.00
0.00
0.00
0.00
0.00
30.00
29.00
408.00
8.00
91.00
0.00
7.00
2.00
0.00
0.00
0.00
0.00
0.00
0.00
0.00
0.00
0.00
0.00
0.00
389.00
0.00
0.00
0.00
0.00
0.00
0.00
2.00
1.00
0.00
0.00
0.00
0.00
0.00
0.00
121.00
0.00
0.00
21.00
52.00
0.00
0.00
0.00
0.00
0.00
0.00
0.00
1.00
0.00
7.00
14.00
0.00
37.00
98.00
0.00
6.00
9.00
0.00
44.00
31.00
17.00
241.00
5.00
6.00
19.00
0.00
0.00
12.00
0.00
0.00
152.00
43.00
29.00
80.00
77.00
42.00
0.00
0.00
0.00
11.00
0.00
0.00
347.00
406.00
12.00
6.00
4.00
62.00
461.00
230.00
541.00
366.00
389.00
244.00
291.00
0.00
249.00
0.00
4.00
78.00
2.00
18.00
52.00
164.00
40.00
6.00
67.00
119.00
0.00
0.00
0.00
7.00
21.00
122.00
62.00
0.00
4.00
1.00
533.00
672.00
0.00
1.00
216.00
914.00
528.00
1145.00
778.00
97.00
120.00
230.00
30.00
38.00
13.00
60.00
4.00
24.00
2.00
30.00
192.00
8.00
16.00
17.00
14.00
1.00
0.00
8.00
279.00
259.00
37.00
11.00
167.00
54.00
5.00
4.00
9.00
140.00
26.00
38.00
170.00
70.00
2.00
5.00
2.00
32.00
36.00
82.00
7.00
207.00
80.00
13.00
51.00
57.00
9.00
9.00
21.00
92.00
67.00
46.00
5.00
396.00
461.00
448.00
11.00
216.00
45.00
116.00
170.00
306.00
165.00
225.00
64.00
19.00
103.00
33.00
41.00
6.00
73.00
0.00
52.00
15.00
63.00
100.00
0.00
18.00
1.00
25.00
7.00
6.00
0.00
15.00
98.00
12.00
0.00
0.00
10.00
175.00
23.00
32.00
49.00
1.00
0.00
301.00
0.00
35.00
136.00
100.00
206.00
5.00
1.00
39.00
31.00
36.00
3.00
123.00
0.00
0.00
0.00
0.00
0.00
0.00
0.00
0.00
0.00
0.00
0.00
189.00
255.00
537.00
575.00
146.00
0.00
0.00
0.00
0.00
0.00
0.00
0.00
0.00
0.00
0.00
0.00
0.00
0.00
10.00
48.00
232.00
134.00
15.00
0.00
0.00
0.00
0.00
0.00
1.00
0.00
0.00
0.00
0.00
0.00
0.00
0.00
0.00
0.00
0.00
0.00
0.00
0.00
0.00
0.00
0.00
0.00
0.00
0.00
0.00
0.00
0.00
0.00
0.00
0.00
0.00
0.00
0.00
0.00
0.00
0.00
0.00
0.00
0.00
0.00
0.00
0.00
0.00
0.00
45.00
44.00
3.00
0.00
0.00
0.00
0.00
0.00
0.00
0.00
0.00
0.00
0.00
0.00
0.00
0.00
0.00
0.00
0.00
0.00
0.00
0.00
0.00
0.00
0.00
0.00
0.00
0.00
0.00
0.00
0.00
0.00
0.00
0.00
0.00
0.00
0.00
0.00
0.00
0.00
0.00
0.00
0.00
0.00
0.00
0.00
0.00
0.00
0.00
0.00
0.00
0.00
0.00
0.00
0.00
0.00
0.00
0.00
0.00
0.00
0.00
0.00
1.00
1.00
0.00
0.00
0.00
0.00
0.00
0.00
0.00
102.20
90.10
36.40
30.90
0.00
0.00
0.00
1.30
28.00
0.00
0.00
0.00
0.00
0.00
0.00
0.00
0.00
0.00
0.10
2.40
2.90
2.50
0.00
0.00
0.00
0.30
0.00
0.00
0.00
0.00
0.00
0.00
0.00
0.00
24.60
40.70
74.70
13.80
0.00
0.10
8.80
0.00
36.30
30.00
0.30
4.90
0.00
0.80
0.00
0.00
0.00
0.00
0.00
0.00
0.00
0.00
0.20
0.00
0.00
0.00
0.00
0.00
0.00
0.00
0.00
0.00
0.10
23.70
39.90
0.00
0.00
0.00
0.00
0.00
0.00
0.00
0.00
0.80
0.00
2.40
2.90
3.30
18.10
3.60
3.60
0.00
5.50
5.50
83.90
29.70
1.30
0.10
0.00
0.00
0.00
0.00
59.50
23.40
2.80
40.60
0.50
2.40
0.40
0.50
71.10
0.00
0.00
55.00
39.50
35.30
9.70
0.30
0.00
44.90
54.10
35.20
3.20
2.10
0.00
1.90
0.70
5.30
9.80
0.30
0.50
4.20
0.10
1.00
0.10
0.60
1.20
18.50
87.10
96.70
60.30
60.30
67.50
67.50
11.60
0.60
0.60
2.00
14.50
0.60
0.60
0.60
4.00
1.70
3.60
2.80
41.00
5.40
1.80
0.90
0.90
24.90
5.50
1.60
7.50
13.40
42.10
102.30
21.20
0.20
20.10
5.50
1.30
11.10
42.90
20.00
14.70
20.60
2.70
0.10
0.00
0.50
13.80
2.60
44.90
31.90
23.80
2.90
0.40
1.00
3.80
0.30
52.20
61.60
9.70
2.80
14.00
49.30
12.60
3.10
0.20
2.20
15.50
2.80
3.10
14.70
0.70
0.20
6.80
0.40
2.70
3.00
6.30
0.00
7.50
27.80
30.20
8.80
13.00
0.00
0.50
2.70
23.50
9.30
9.30
30.40
0.00
0.00
5.30
12.80
0.00
0.00
13.30
20.60
0.20
0.00
0.00
0.10
8.40
0.40
0.00
0.00
0.00
0.00
0.30
7.40
4.80
0.10
0.00
2.30
