20160101
0.00
0.00
0.00
0.00
0.00
0.00
0.00
0.00
0.00
0.00
0.00
0.00
3.00
0.00
0.00
0.00
0.00
0.00
0.00
14.00
1.00
0.00
0.00
0.00
0.00
0.00
0.00
0.00
0.00
0.00
0.00
0.00
0.00
0.00
0.00
0.00
0.00
0.00
1.00
0.00
0.00
0.00
30.00
0.00
0.00
0.00
0.00
0.00
0.00
0.00
0.00
0.00
1.00
268.00
139.00
3.00
16.00
0.00
0.00
0.00
1.00
0.00
0.00
0.00
0.00
11.00
0.00
0.00
0.00
18.00
0.00
1.00
0.00
0.00
2.00
2.00
1.00
35.00
6.00
2.00
4.00
0.00
0.00
0.00
0.00
0.00
0.00
141.00
0.00
48.00
346.00
69.00
16.00
72.00
236.00
0.00
0.00
0.00
0.00
0.00
0.00
0.00
0.00
0.00
0.00
0.00
25.00
0.00
0.00
0.00
0.00
0.00
0.00
0.00
0.00
0.00
5.00
0.00
0.00
0.00
0.00
18.00
144.00
9.00
21.00
0.00
17.00
137.00
1.00
0.00
0.00
0.00
32.00
400.00
0.00
1.00
1.00
60.00
411.00
224.00
1016.00
1061.00
0.00
0.00
384.00
116.00
0.00
28.00
369.00
121.00
26.00
41.00
0.00
0.00
0.00
0.00
0.00
35.00
174.00
173.00
129.00
134.00
767.00
238.00
221.00
0.00
0.00
23.00
44.00
1.00
0.00
8.00
14.00
8.00
32.00
20.00
123.00
24.00
33.00
367.00
96.00
2.00
87.00
11.00
383.00
310.00
39.00
76.00
197.00
20.00
14.00
28.00
0.00
23.00
109.00
27.00
286.00
138.00
44.00
272.00
86.00
9.00
1.00
9.00
22.00
56.00
189.00
1.00
7.00
104.00
181.00
244.00
478.00
73.00
16.00
79.00
28.00
18.00
40.00
20.00
46.00
105.00
550.00
34.00
0.00
259.00
280.00
126.00
308.00
30.00
3.00
0.00
651.00
1010.00
0.00
2.00
8.00
536.00
96.00
203.00
291.00
18.00
144.00
602.00
155.00
65.00
94.00
18.00
24.00
3.00
2.00
7.00
11.00
17.00
214.00
196.00
180.00
35.00
2.00
76.00
40.00
3.00
10.00
45.00
14.00
101.00
11.00
2.00
1.00
15.00
1119.00
127.00
0.00
193.00
227.00
211.00
41.00
70.00
10.00
49.00
370.00
66.00
218.00
224.00
800.00
112.00
0.00
0.00
0.00
0.00
0.00
0.00
0.00
0.00
0.00
0.00
0.00
0.00
0.00
1.00
159.00
47.00
23.00
0.00
0.00
0.00
0.00
17.00
251.00
619.00
251.00
0.00
0.00
0.00
0.00
0.00
0.00
0.00
0.00
0.00
0.00
0.00
0.00
0.00
0.00
0.00
0.00
0.00
0.00
0.00
0.00
0.00
0.00
0.00
0.00
35.00
0.00
0.00
0.00
0.00
0.00
0.00
0.00
0.00
0.00
0.00
0.00
0.00
0.00
0.00
0.00
0.00
0.00
0.00
0.00
0.00
0.00
0.00
0.00
0.00
0.00
0.00
0.00
0.00
0.00
0.00
0.00
0.00
0.00
0.00
0.00
0.00
0.00
0.00
0.00
0.00
0.00
0.00
0.00
0.00
0.00
0.00
0.00
0.00
0.00
0.00
0.00
0.00
0.00
0.00
0.00
0.00
4.00
0.00
0.00
0.00
0.00
0.00
0.00
0.00
0.00
0.00
0.00
0.00
0.00
0.00
0.00
0.00
0.00
0.00
0.00
0.00
0.00
0.00
0.00
0.00
0.00
0.00
0.00
0.00
0.00
0.00
0.00
0.00
0.00
0.00
0.00
0.00
0.00
15.00
142.00
17.00
144.00
8.00
42.00
101.00
0.00
0.00
0.00
0.00
0.00
0.00
218.00
13.00
22.00
0.00
0.00
0.00
0.00
33.00
0.00
0.00
2.00
47.00
84.00
0.00
0.00
0.00
400.00
126.00
670.00
0.00
0.00
0.00
0.00
0.00
0.00
0.00
0.00
0.00
13.00
34.00
0.00
1.00
635.00
94.00
167.00
643.00
51.00
222.00
218.00
0.00
0.00
0.00
18.00
1.00
6.00
0.00
0.00
0.00
3.00
5.00
0.00
0.00
455.00
0.00
6.00
0.00
40.00
47.00
433.00
125.00
66.00
0.00
6.00
0.00
0.00
0.00
0.00
0.00
0.00
5.00
5.00
472.00
187.00
738.00
49.00
1700.00
3.00
0.00
187.00
27.00
0.00
88.00
1155.00
20.00
180.00
346.00
297.00
216.00
0.00
191.00
87.00
31.00
69.00
775.00
77.00
278.00
68.00
1.00
40.00
5.00
18.00
7.00
23.00
17.00
77.00
311.00
371.00
512.00
120.00
184.00
7.00
0.00
15.00
25.00
176.00
24.00
163.00
102.00
127.00
17.00
66.00
364.00
363.00
694.00
2157.00
645.00
14.00
92.00
614.00
158.00
211.00
68.00
100.00
137.00
32.00
0.00
53.00
34.00
81.00
110.00
84.00
45.00
13.00
2.00
6.00
168.00
330.00
343.00
75.00
4.00
141.00
64.00
76.00
114.00
74.00
134.00
389.00
263.00
130.00
247.00
74.00
147.00
148.00
96.00
26.00
191.00
187.00
244.00
31.00
99.00
67.00
28.00
0.00
134.00
16.00
2.00
206.00
339.00
4.00
0.00
25.00
41.00
138.00
491.00
853.00
83.00
35.00
43.00
0.00
141.00
180.00
209.00
282.00
291.00
180.00
195.00
152.00
6.00
2.00
50.00
106.00
11.00
6.00
1.00
1.00
61.00
0.00
1.00
2.00
0.00
0.00
0.00
0.00
75.00
36.00
255.00
976.00
1439.00
0.00
0.00
0.00
0.00
0.00
0.00
2.00
179.00
115.00
0.00
0.00
0.00
0.00
0.00
0.00
0.00
0.00
0.00
0.00
0.00
0.00
30.00
0.00
0.00
292.00
29.00
16.00
0.00
0.00
0.00
0.00
0.00
0.00
0.00
0.00
0.00
0.00
0.00
0.00
0.00
0.00
0.00
0.00
0.00
0.00
3.00
102.00
1220.00
954.00
727.00
0.00
0.00
0.00
0.00
0.00
0.00
0.00
0.00
5.00
0.00
0.00
0.00
0.00
0.00
0.00
0.00
0.00
0.00
0.00
0.00
160.00
226.00
54.00
0.00
0.00
0.00
0.00
0.00
0.00
0.00
0.00
0.00
0.00
0.00
0.00
0.00
0.00
0.00
0.00
0.00
0.00
0.00
0.00
0.00
0.00
0.00
0.00
0.00
0.00
0.00
0.00
0.00
0.00
0.00
0.00
0.00
0.00
0.00
282.00
178.00
733.00
90.00
158.00
0.00
4.00
6.00
0.00
0.00
0.00
0.00
0.00
0.00
0.00
0.00
0.00
0.00
0.00
226.00
0.00
0.00
0.00
0.00
0.00
0.00
13.00
0.00
0.00
0.00
0.00
0.00
0.00
0.00
0.00
0.00
0.00
70.00
14.00
0.00
0.00
0.00
0.00
0.00
0.00
0.00
11.00
0.00
0.00
0.00
0.00
120.00
143.00
31.00
32.00
0.00
0.00
2.00
130.00
272.00
35.00
47.00
0.00
98.00
8.00
0.00
235.00
0.00
49.00
369.00
83.00
99.00
19.00
52.00
95.00
0.00
0.00
2.00
6.00
0.00
0.00
605.00
217.00
1.00
126.00
30.00
76.00
565.00
52.00
112.00
21.00
161.00
309.00
738.00
0.00
87.00
8.00
0.00
42.00
20.00
191.00
338.00
36.00
162.00
7.00
87.00
45.00
0.00
0.00
0.00
71.00
166.00
292.00
168.00
66.00
0.00
10.00
189.00
21.00
0.00
1.00
282.00
458.00
302.00
413.00
1996.00
15.00
42.00
84.00
144.00
31.00
1.00
271.00
16.00
0.00
0.00
85.00
292.00
12.00
13.00
21.00
7.00
11.00
6.00
1.00
245.00
882.00
65.00
24.00
29.00
4.00
13.00
9.00
9.00
27.00
21.00
306.00
134.00
20.00
16.00
3.00
12.00
8.00
55.00
156.00
59.00
417.00
356.00
76.00
23.00
202.00
149.00
6.00
38.00
62.00
101.00
76.00
29.00
161.00
425.00
204.00
8.00
36.00
17.00
25.00
12.00
115.00
146.00
681.00
107.00
139.00
203.00
131.00
82.00
29.00
296.00
12.00
6.00
42.00
124.00
24.00
7.00
9.00
0.00
4.00
1.00
8.00
74.00
13.00
188.00
14.00
0.00
0.00
0.00
30.00
8.00
25.00
380.00
2.00
1.00
77.00
0.00
0.00
76.00
218.00
93.00
0.00
0.00
11.00
21.00
260.00
1.00
0.00
3.00
4.00
0.00
0.00
0.00
0.00
0.00
0.00
0.00
0.00
0.00
246.00
272.00
526.00
384.00
186.00
0.00
0.00
0.00
0.00
0.00
0.00
0.00
0.00
0.00
0.00
0.00
0.00
0.00
13.00
56.00
204.00
92.00
30.00
0.00
0.00
0.00
0.00
0.00
5.00
0.00
0.00
0.00
0.00
0.00
1.00
0.00
0.00
0.00
0.00
0.00
0.00
0.00
0.00
0.00
0.00
0.00
0.00
0.00
0.00
0.00
0.00
0.00
0.00
0.00
0.00
0.00
0.00
0.00
4.00
0.00
0.00
0.00
0.00
0.00
0.00
0.00
0.00
0.00
50.00
38.00
6.00
0.00
0.00
0.00
0.00
0.00
0.00
0.00
0.00
0.00
0.00
0.00
0.00
0.00
0.00
0.00
0.00
0.00
0.00
0.00
0.00
0.00
0.00
0.00
0.00
0.00
0.00
0.00
0.00
0.00
0.00
0.00
0.00
0.00
0.00
0.00
0.00
0.00
0.00
0.00
0.00
0.00
0.00
0.00
0.00
0.00
0.00
0.00
0.00
0.00
0.00
0.00
1.00
0.00
0.00
0.00
0.00
0.00
0.00
0.00
4.00
3.00
0.00
0.00
0.00
0.00
0.00
0.00
0.00
89.50
67.50
43.80
15.60
0.00
0.00
0.00
3.30
14.90
0.00
0.00
0.00
0.00
0.00
0.00
0.00
0.00
0.00
1.10
2.80
17.90
1.50
0.30
1.30
0.00
0.00
0.00
0.00
0.00
0.00
0.00
0.00
0.00
0.00
23.50
15.30
58.40
31.90
0.00
0.70
10.60
0.00
7.80
37.60
3.10
10.80
0.80
25.00
0.00
0.00
0.00
0.40
0.00
0.00
0.00
0.10
0.20
0.00
0.00
0.00
0.00
0.00
0.00
0.00
0.00
0.00
0.20
104.60
77.70
0.00
0.00
0.00
0.00
0.00
0.00
0.00
0.00
29.50
0.00
1.20
10.80
10.30
0.00
0.00
0.00
0.00
42.00
42.00
82.50
4.30
0.00
0.00
0.00
0.00
0.00
0.40
37.60
5.60
2.30
28.80
0.20
0.10
1.70
17.40
14.00
0.30
0.20
3.40
54.00
16.60
56.30
0.00
0.00
1.60
6.50
2.80
0.70
0.00
0.10
1.10
5.20
12.90
6.80
2.30
1.70
2.00
0.60
1.30
1.20
2.30
5.20
12.10
32.20
48.20
57.20
57.20
78.40
78.40
32.80
0.00
0.00
0.60
71.90
0.00
0.00
0.00
0.70
1.70
8.60
3.10
23.00
1.90
7.60
0.10
2.40
29.50
3.80
3.60
3.60
4.60
51.90
49.30
5.90
1.70
28.60
8.00
1.40
45.30
35.10
43.30
70.20
18.30
4.30
0.80
0.10
0.90
8.50
2.50
24.90
29.40
35.80
13.60
0.70
0.70
1.40
0.00
20.90
38.50
22.50
42.20
2.30
14.80
1.90
2.00
10.20
26.20
20.40
5.20
5.70
26.80
8.00
0.60
0.50
0.10
1.10
2.00
1.50
0.30
2.00
20.60
6.60
19.40
17.50
4.40
5.60
0.10
19.90
14.00
14.00
31.50
0.00
0.00
1.30
9.50
2.30
0.10
21.00
16.90
0.00
0.00
0.00
0.00
0.00
0.40
0.00
0.00
0.10
0.00
0.30
4.30
3.70
0.00
0.00
1.20
