20160101
0.00
0.00
0.00
0.00
0.00
0.00
0.00
0.00
0.00
0.00
0.00
0.00
0.00
0.00
0.00
0.00
0.00
0.00
3.00
8.00
0.00
0.00
0.00
0.00
0.00
0.00
0.00
0.00
0.00
0.00
0.00
0.00
0.00
0.00
0.00
0.00
0.00
0.00
64.00
0.00
0.00
0.00
0.00
0.00
0.00
0.00
0.00
0.00
0.00
0.00
5.00
1.00
0.00
0.00
34.00
0.00
45.00
0.00
0.00
0.00
0.00
0.00
0.00
0.00
0.00
0.00
0.00
0.00
0.00
0.00
0.00
1.00
0.00
0.00
47.00
0.00
0.00
0.00
1.00
3.00
0.00
0.00
0.00
0.00
0.00
0.00
0.00
0.00
0.00
99.00
658.00
0.00
38.00
61.00
0.00
155.00
0.00
0.00
1.00
0.00
0.00
0.00
0.00
0.00
0.00
0.00
0.00
0.00
0.00
0.00
0.00
0.00
0.00
0.00
0.00
0.00
0.00
15.00
0.00
0.00
0.00
83.00
138.00
0.00
4.00
0.00
25.00
202.00
6.00
2.00
0.00
0.00
1.00
541.00
6.00
0.00
0.00
33.00
59.00
153.00
218.00
422.00
0.00
0.00
181.00
79.00
171.00
0.00
62.00
0.00
50.00
2.00
0.00
0.00
0.00
0.00
13.00
1.00
41.00
17.00
0.00
0.00
1626.00
158.00
73.00
45.00
0.00
1.00
10.00
28.00
2.00
2.00
7.00
47.00
2.00
1.00
6.00
2.00
1.00
19.00
14.00
7.00
106.00
150.00
162.00
84.00
233.00
414.00
89.00
57.00
66.00
3.00
8.00
32.00
72.00
4.00
280.00
291.00
631.00
48.00
33.00
31.00
21.00
20.00
91.00
95.00
113.00
11.00
1.00
8.00
104.00
388.00
417.00
73.00
27.00
26.00
8.00
26.00
14.00
13.00
18.00
194.00
219.00
121.00
12.00
32.00
63.00
79.00
199.00
292.00
52.00
4.00
349.00
1919.00
17.00
13.00
7.00
187.00
25.00
26.00
322.00
42.00
20.00
49.00
267.00
185.00
109.00
36.00
13.00
5.00
37.00
18.00
11.00
16.00
137.00
168.00
163.00
4.00
7.00
20.00
366.00
0.00
21.00
343.00
74.00
29.00
1.00
204.00
65.00
54.00
26.00
249.00
2.00
20.00
10.00
34.00
3.00
115.00
12.00
53.00
58.00
131.00
41.00
18.00
14.00
0.00
0.00
0.00
0.00
0.00
0.00
0.00
0.00
0.00
0.00
0.00
0.00
3.00
0.00
33.00
291.00
66.00
8.00
0.00
0.00
0.00
5.00
106.00
607.00
454.00
0.00
0.00
0.00
0.00
0.00
0.00
0.00
0.00
0.00
0.00
0.00
0.00
0.00
0.00
0.00
0.00
0.00
0.00
0.00
0.00
0.00
0.00
0.00
0.00
0.00
0.00
0.00
0.00
0.00
0.00
0.00
0.00
0.00
0.00
0.00
0.00
0.00
0.00
0.00
0.00
0.00
0.00
0.00
0.00
0.00
0.00
0.00
0.00
0.00
0.00
0.00
0.00
0.00
0.00
0.00
0.00
19.00
0.00
0.00
0.00
0.00
0.00
0.00
0.00
0.00
0.00
0.00
0.00
0.00
0.00
0.00
0.00
0.00
0.00
0.00
0.00
0.00
0.00
0.00
0.00
0.00
0.00
18.00
0.00
0.00
0.00
0.00
0.00
0.00
0.00
0.00
0.00
0.00
0.00
0.00
0.00
0.00
0.00
0.00
0.00
0.00
0.00
0.00
0.00
0.00
0.00
0.00
0.00
0.00
0.00
0.00
0.00
0.00
0.00
0.00
0.00
0.00
0.00
0.00
0.00
17.00
0.00
54.00
0.00
148.00
99.00
0.00
0.00
0.00
0.00
0.00
0.00
56.00
12.00
127.00
5.00
0.00
0.00
0.00
0.00
10.00
0.00
17.00
208.00
0.00
0.00
0.00
0.00
14.00
2.00
150.00
0.00
1.00
0.00
0.00
0.00
0.00
0.00
0.00
0.00
0.00
0.00
0.00
17.00
504.00
0.00
296.00
352.00
242.00
110.00
1.00
0.00
42.00
0.00
15.00
16.00
169.00
0.00
0.00
0.00
1.00
2.00
0.00
0.00
137.00
0.00
2.00
0.00
14.00
21.00
591.00
1.00
607.00
2.00
0.00
0.00
0.00
0.00
0.00
0.00
0.00
365.00
0.00
20.00
240.00
275.00
716.00
1243.00
80.00
0.00
0.00
943.00
0.00
0.00
116.00
8.00
15.00
985.00
324.00
7.00
51.00
125.00
224.00
147.00
85.00
548.00
0.00
7.00
13.00
0.00
1.00
2.00
1.00
9.00
9.00
1.00
72.00
87.00
53.00
265.00
115.00
427.00
36.00
2.00
1.00
23.00
453.00
503.00
126.00
11.00
13.00
4.00
186.00
171.00
138.00
276.00
665.00
5.00
30.00
46.00
563.00
262.00
208.00
64.00
5.00
22.00
29.00
0.00
31.00
157.00
116.00
130.00
75.00
43.00
59.00
3.00
16.00
165.00
362.00
464.00
93.00
513.00
40.00
86.00
51.00
63.00
26.00
24.00
316.00
237.00
82.00
15.00
8.00
144.00
85.00
3.00
174.00
69.00
97.00
7.00
34.00
90.00
118.00
15.00
0.00
21.00
26.00
31.00
125.00
323.00
3.00
3.00
0.00
1.00
16.00
125.00
252.00
166.00
75.00
7.00
1.00
1.00
4.00
8.00
99.00
47.00
456.00
219.00
34.00
116.00
71.00
1.00
27.00
5.00
12.00
0.00
136.00
305.00
0.00
1.00
1.00
0.00
0.00
0.00
0.00
0.00
1.00
139.00
1340.00
295.00
0.00
0.00
7.00
0.00
0.00
0.00
0.00
2.00
15.00
0.00
0.00
0.00
0.00
0.00
0.00
0.00
0.00
0.00
0.00
0.00
0.00
73.00
0.00
19.00
483.00
69.00
47.00
0.00
0.00
0.00
0.00
0.00
0.00
0.00
0.00
0.00
0.00
0.00
0.00
0.00
0.00
0.00
0.00
0.00
0.00
0.00
20.00
65.00
123.00
1.00
0.00
0.00
0.00
0.00
0.00
0.00
0.00
0.00
0.00
0.00
0.00
0.00
0.00
0.00
0.00
0.00
0.00
0.00
0.00
0.00
6.00
170.00
0.00
0.00
0.00
0.00
0.00
0.00
0.00
0.00
0.00
0.00
0.00
0.00
0.00
0.00
0.00
0.00
0.00
0.00
0.00
0.00
0.00
0.00
0.00
0.00
0.00
0.00
0.00
0.00
0.00
0.00
0.00
0.00
0.00
2.00
0.00
0.00
638.00
368.00
451.00
369.00
124.00
10.00
154.00
147.00
0.00
0.00
0.00
0.00
0.00
0.00
0.00
0.00
0.00
0.00
202.00
310.00
0.00
0.00
0.00
0.00
0.00
0.00
126.00
0.00
0.00
0.00
0.00
0.00
0.00
0.00
0.00
0.00
174.00
119.00
3.00
0.00
0.00
0.00
0.00
0.00
0.00
26.00
87.00
0.00
25.00
6.00
0.00
183.00
280.00
1.00
81.00
0.00
0.00
158.00
170.00
462.00
0.00
1.00
0.00
68.00
141.00
0.00
234.00
0.00
55.00
173.00
16.00
97.00
0.00
2.00
233.00
27.00
0.00
131.00
3.00
0.00
0.00
193.00
137.00
5.00
402.00
1.00
184.00
1272.00
10.00
0.00
6.00
0.00
29.00
251.00
0.00
36.00
2.00
0.00
41.00
0.00
109.00
0.00
35.00
728.00
3.00
334.00
0.00
43.00
0.00
0.00
1.00
0.00
137.00
295.00
205.00
192.00
13.00
245.00
0.00
0.00
0.00
0.00
323.00
253.00
23.00
273.00
2.00
5.00
81.00
63.00
6.00
0.00
366.00
17.00
4.00
2.00
27.00
37.00
91.00
16.00
22.00
5.00
3.00
0.00
36.00
26.00
226.00
160.00
1.00
13.00
0.00
0.00
17.00
5.00
3.00
26.00
125.00
133.00
26.00
2.00
61.00
3.00
35.00
26.00
65.00
37.00
556.00
224.00
441.00
86.00
28.00
131.00
11.00
30.00
28.00
26.00
19.00
27.00
8.00
62.00
150.00
3.00
2.00
4.00
6.00
12.00
26.00
35.00
100.00
10.00
55.00
155.00
66.00
174.00
85.00
25.00
4.00
95.00
24.00
21.00
12.00
9.00
6.00
9.00
1.00
1.00
3.00
218.00
4.00
82.00
0.00
0.00
0.00
1.00
3.00
82.00
114.00
85.00
39.00
18.00
1.00
3.00
0.00
8.00
50.00
134.00
56.00
26.00
0.00
1.00
44.00
0.00
80.00
0.00
0.00
0.00
0.00
0.00
0.00
0.00
0.00
0.00
0.00
0.00
17.00
222.00
69.00
265.00
15.00
0.00
0.00
0.00
0.00
0.00
0.00
0.00
0.00
0.00
0.00
1.00
0.00
0.00
1.00
16.00
26.00
12.00
0.00
0.00
0.00
0.00
0.00
23.00
0.00
0.00
0.00
0.00
0.00
0.00
11.00
0.00
0.00
0.00
0.00
0.00
0.00
0.00
19.00
0.00
0.00
0.00
0.00
0.00
0.00
0.00
0.00
0.00
0.00
0.00
0.00
0.00
0.00
0.00
0.00
0.00
0.00
0.00
0.00
0.00
0.00
0.00
0.00
0.00
30.00
100.00
20.00
0.00
0.00
0.00
0.00
0.00
0.00
0.00
0.00
0.00
0.00
0.00
0.00
0.00
0.00
0.00
0.00
0.00
0.00
0.00
0.00
0.00
0.00
0.00
0.00
0.00
0.00
0.00
0.00
0.00
0.00
0.00
0.00
0.00
0.00
0.00
0.00
0.00
0.00
0.00
0.00
1.00
0.00
0.00
0.00
0.00
0.00
0.00
0.00
0.00
0.00
0.00
2.00
0.00
0.00
0.00
0.00
0.00
0.00
0.00
1.00
7.00
0.00
0.00
0.00
0.00
0.00
0.00
3.30
41.90
32.90
46.00
12.20
0.00
0.00
0.00
0.30
1.80
0.00
0.00
0.00
0.00
0.00
0.00
0.00
0.00
2.50
5.20
0.00
55.60
3.00
0.10
0.00
0.00
1.10
0.00
0.00
0.00
0.70
0.10
0.00
0.00
0.30
50.60
0.00
18.10
23.60
0.00
0.00
51.90
0.30
1.60
31.10
21.50
2.50
0.60
14.00
0.00
0.00
13.60
0.50
0.00
0.00
0.00
6.10
0.00
0.00
0.00
0.00
0.00
1.50
0.00
0.00
0.00
0.00
0.00
87.50
0.30
0.00
0.00
0.00
0.00
0.00
0.00
0.00
0.00
2.90
0.90
0.00
0.00
0.00
0.00
3.20
3.20
0.00
30.10
30.10
35.20
3.10
0.00
0.00
0.00
0.00
0.20
0.40
0.20
19.40
0.90
4.70
152.80
1.70
0.60
2.60
5.30
0.00
0.00
0.00
2.70
2.00
146.20
0.00
0.60
0.70
0.80
0.00
1.90
1.60
0.00
0.00
0.40
1.70
3.60
3.30
0.00
0.60
1.00
12.90
2.20
0.00
1.10
51.60
8.00
2.90
4.20
4.20
30.60
30.60
26.00
0.00
0.00
7.30
0.00
0.00
0.00
0.00
0.20
1.10
3.10
10.60
15.70
9.20
2.50
0.20
2.80
8.20
12.10
2.30
1.30
0.00
7.90
26.40
10.90
6.30
26.70
4.20
0.80
18.30
22.70
34.70
62.60
18.00
15.80
4.00
0.10
2.00
1.00
0.00
18.40
44.30
10.60
0.20
0.00
0.00
2.00
1.50
0.50
4.20
26.50
30.50
1.30
5.80
0.30
0.00
3.10
3.90
13.80
0.30
0.40
10.60
2.80
0.30
1.80
0.70
0.10
0.00
0.00
5.30
3.60
23.70
0.20
19.90
41.00
5.00
2.30
9.00
17.90
3.60
3.60
12.90
0.10
5.60
0.50
22.30
4.40
0.30
18.90
16.60
0.00
0.40
0.00
0.00
0.10
12.40
0.00
0.00
0.00
0.00
0.20
3.40
1.20
0.10
0.00
3.40
