20160101
0.00
0.00
0.00
0.00
0.00
0.00
0.00
0.00
0.00
0.00
0.00
0.00
1.00
0.00
0.00
0.00
0.00
0.00
0.00
3.00
0.00
0.00
0.00
0.00
0.00
0.00
0.00
0.00
0.00
0.00
0.00
0.00
0.00
0.00
0.00
0.00
0.00
0.00
42.00
0.00
0.00
0.00
0.00
0.00
0.00
0.00
0.00
0.00
0.00
0.00
5.00
0.00
1.00
0.00
18.00
0.00
69.00
0.00
0.00
0.00
0.00
1.00
0.00
0.00
0.00
4.00
0.00
0.00
2.00
1.00
0.00
1.00
0.00
0.00
3.00
0.00
0.00
0.00
0.00
0.00
0.00
0.00
0.00
0.00
0.00
0.00
0.00
2.00
3.00
246.00
382.00
0.00
21.00
74.00
0.00
252.00
0.00
0.00
0.00
0.00
0.00
0.00
0.00
0.00
0.00
0.00
2.00
0.00
0.00
0.00
0.00
0.00
0.00
0.00
0.00
0.00
0.00
15.00
0.00
0.00
0.00
72.00
11.00
2.00
3.00
0.00
20.00
242.00
8.00
4.00
3.00
0.00
8.00
213.00
14.00
1.00
0.00
50.00
69.00
49.00
209.00
165.00
0.00
0.00
171.00
28.00
27.00
0.00
7.00
0.00
14.00
28.00
0.00
0.00
0.00
0.00
0.00
29.00
57.00
5.00
4.00
0.00
955.00
87.00
85.00
4.00
19.00
10.00
126.00
4.00
2.00
12.00
19.00
170.00
2.00
10.00
1.00
85.00
5.00
14.00
20.00
1.00
27.00
94.00
201.00
95.00
436.00
274.00
71.00
94.00
15.00
0.00
1.00
4.00
8.00
1.00
211.00
303.00
139.00
64.00
17.00
55.00
24.00
205.00
88.00
77.00
193.00
18.00
2.00
25.00
98.00
186.00
169.00
136.00
51.00
15.00
14.00
21.00
16.00
5.00
18.00
109.00
141.00
150.00
16.00
11.00
24.00
82.00
327.00
311.00
82.00
1.00
137.00
1237.00
9.00
5.00
4.00
240.00
9.00
16.00
149.00
11.00
13.00
20.00
134.00
218.00
79.00
8.00
34.00
55.00
134.00
11.00
4.00
10.00
30.00
105.00
201.00
2.00
5.00
6.00
78.00
4.00
125.00
188.00
120.00
26.00
6.00
117.00
68.00
258.00
50.00
131.00
0.00
24.00
14.00
4.00
0.00
17.00
8.00
48.00
16.00
168.00
11.00
50.00
1.00
0.00
0.00
0.00
0.00
0.00
0.00
0.00
0.00
0.00
0.00
0.00
0.00
18.00
0.00
15.00
346.00
177.00
0.00
0.00
0.00
0.00
7.00
220.00
861.00
463.00
0.00
0.00
0.00
0.00
0.00
0.00
0.00
0.00
0.00
0.00
0.00
1.00
0.00
0.00
0.00
0.00
0.00
0.00
0.00
0.00
0.00
0.00
0.00
0.00
0.00
0.00
0.00
0.00
0.00
0.00
0.00
0.00
0.00
0.00
0.00
3.00
0.00
0.00
0.00
0.00
0.00
0.00
0.00
0.00
0.00
0.00
0.00
0.00
0.00
0.00
0.00
0.00
0.00
0.00
0.00
0.00
0.00
0.00
0.00
0.00
0.00
0.00
0.00
0.00
0.00
0.00
0.00
0.00
0.00
0.00
0.00
0.00
0.00
0.00
0.00
0.00
0.00
0.00
0.00
0.00
0.00
0.00
16.00
0.00
0.00
0.00
0.00
0.00
0.00
0.00
0.00
0.00
0.00
0.00
0.00
0.00
0.00
0.00
0.00
0.00
0.00
0.00
0.00
0.00
0.00
0.00
0.00
0.00
0.00
0.00
0.00
0.00
0.00
0.00
0.00
0.00
0.00
0.00
2.00
66.00
0.00
0.00
11.00
1.00
258.00
98.00
0.00
0.00
0.00
0.00
0.00
0.00
21.00
4.00
98.00
0.00
0.00
0.00
0.00
0.00
5.00
0.00
21.00
124.00
0.00
0.00
0.00
0.00
127.00
0.00
53.00
0.00
18.00
0.00
0.00
0.00
0.00
0.00
0.00
0.00
0.00
1.00
0.00
66.00
318.00
0.00
526.00
323.00
287.00
92.00
21.00
0.00
25.00
0.00
26.00
52.00
211.00
0.00
0.00
0.00
20.00
4.00
0.00
0.00
290.00
0.00
0.00
0.00
62.00
86.00
691.00
3.00
631.00
7.00
0.00
0.00
0.00
0.00
0.00
0.00
0.00
377.00
0.00
22.00
108.00
160.00
409.00
447.00
157.00
21.00
0.00
695.00
0.00
0.00
239.00
45.00
8.00
839.00
414.00
14.00
12.00
282.00
60.00
125.00
236.00
484.00
0.00
45.00
45.00
0.00
4.00
2.00
11.00
21.00
22.00
1.00
12.00
12.00
99.00
244.00
144.00
218.00
20.00
2.00
24.00
30.00
293.00
124.00
98.00
1.00
9.00
7.00
82.00
157.00
70.00
379.00
447.00
55.00
21.00
52.00
941.00
216.00
709.00
9.00
1.00
110.00
14.00
3.00
77.00
84.00
250.00
117.00
47.00
71.00
44.00
1.00
1.00
202.00
362.00
200.00
44.00
179.00
96.00
57.00
60.00
29.00
38.00
16.00
202.00
748.00
116.00
11.00
8.00
181.00
130.00
4.00
71.00
82.00
95.00
46.00
33.00
257.00
51.00
162.00
1.00
77.00
4.00
6.00
196.00
564.00
1.00
14.00
23.00
25.00
22.00
70.00
136.00
139.00
77.00
31.00
0.00
0.00
1.00
6.00
114.00
107.00
420.00
199.00
53.00
41.00
26.00
0.00
25.00
5.00
81.00
4.00
107.00
443.00
0.00
0.00
0.00
0.00
0.00
0.00
0.00
0.00
1.00
111.00
1236.00
241.00
0.00
0.00
3.00
0.00
0.00
0.00
0.00
6.00
2.00
0.00
0.00
0.00
0.00
0.00
0.00
0.00
0.00
0.00
0.00
0.00
0.00
88.00
0.00
15.00
506.00
72.00
9.00
0.00
0.00
0.00
0.00
0.00
0.00
0.00
0.00
0.00
0.00
0.00
0.00
0.00
0.00
0.00
0.00
0.00
0.00
0.00
5.00
11.00
66.00
4.00
0.00
0.00
0.00
0.00
0.00
0.00
0.00
0.00
2.00
0.00
0.00
0.00
0.00
0.00
0.00
0.00
0.00
0.00
0.00
0.00
0.00
52.00
0.00
0.00
0.00
0.00
0.00
0.00
0.00
0.00
0.00
0.00
0.00
0.00
0.00
0.00
0.00
0.00
0.00
0.00
0.00
0.00
0.00
0.00
0.00
0.00
0.00
0.00
0.00
0.00
0.00
0.00
0.00
0.00
0.00
0.00
0.00
0.00
629.00
329.00
105.00
208.00
269.00
0.00
71.00
155.00
0.00
0.00
0.00
0.00
0.00
0.00
0.00
0.00
0.00
0.00
295.00
134.00
0.00
0.00
0.00
0.00
0.00
0.00
64.00
0.00
0.00
0.00
0.00
0.00
0.00
0.00
0.00
0.00
45.00
111.00
16.00
0.00
0.00
0.00
62.00
0.00
0.00
41.00
119.00
0.00
0.00
22.00
0.00
274.00
343.00
3.00
28.00
0.00
0.00
31.00
220.00
287.00
4.00
11.00
0.00
3.00
165.00
0.00
119.00
0.00
105.00
50.00
50.00
88.00
0.00
15.00
61.00
3.00
0.00
52.00
4.00
0.00
0.00
83.00
183.00
0.00
203.00
0.00
146.00
1300.00
21.00
0.00
11.00
0.00
34.00
134.00
0.00
37.00
11.00
1.00
16.00
0.00
38.00
0.00
68.00
202.00
89.00
128.00
0.00
123.00
0.00
0.00
3.00
0.00
256.00
127.00
303.00
0.00
25.00
5.00
0.00
0.00
0.00
0.00
293.00
101.00
63.00
191.00
0.00
3.00
27.00
21.00
18.00
0.00
130.00
88.00
0.00
0.00
34.00
48.00
17.00
12.00
8.00
1.00
0.00
0.00
28.00
30.00
260.00
136.00
0.00
1.00
1.00
0.00
7.00
4.00
1.00
25.00
145.00
149.00
25.00
3.00
55.00
0.00
27.00
18.00
31.00
67.00
341.00
308.00
311.00
99.00
142.00
61.00
17.00
58.00
32.00
14.00
12.00
20.00
11.00
34.00
264.00
4.00
1.00
3.00
4.00
7.00
23.00
22.00
164.00
8.00
26.00
183.00
67.00
218.00
73.00
5.00
1.00
102.00
27.00
23.00
10.00
5.00
40.00
6.00
0.00
1.00
2.00
76.00
0.00
116.00
2.00
1.00
11.00
2.00
1.00
3.00
378.00
498.00
219.00
103.00
7.00
2.00
1.00
6.00
83.00
82.00
29.00
0.00
2.00
0.00
19.00
12.00
33.00
0.00
0.00
0.00
0.00
0.00
0.00
0.00
0.00
0.00
0.00
0.00
5.00
96.00
134.00
149.00
30.00
0.00
0.00
0.00
0.00
0.00
0.00
0.00
0.00
0.00
0.00
0.00
0.00
0.00
3.00
15.00
25.00
15.00
0.00
0.00
0.00
0.00
0.00
120.00
0.00
0.00
0.00
0.00
0.00
0.00
0.00
0.00
0.00
0.00
0.00
0.00
0.00
0.00
0.00
0.00
0.00
0.00
0.00
0.00
0.00
0.00
0.00
0.00
0.00
0.00
0.00
0.00
0.00
2.00
0.00
0.00
0.00
0.00
0.00
0.00
0.00
0.00
0.00
0.00
31.00
134.00
12.00
0.00
0.00
0.00
0.00
0.00
0.00
0.00
0.00
0.00
0.00
0.00
0.00
0.00
0.00
0.00
0.00
0.00
0.00
0.00
0.00
0.00
0.00
0.00
0.00
0.00
0.00
0.00
0.00
0.00
0.00
0.00
0.00
0.00
0.00
0.00
0.00
0.00
0.00
0.00
0.00
0.00
0.00
0.00
0.00
0.00
0.00
0.00
0.00
0.00
0.00
0.00
1.00
0.00
0.00
0.00
0.00
0.00
0.00
0.00
1.00
8.00
0.00
0.00
0.00
0.00
0.00
0.00
2.60
34.90
16.60
34.10
3.40
0.00
0.00
0.00
1.10
0.10
0.00
0.00
0.00
0.00
0.00
0.00
0.00
0.00
11.90
4.90
0.00
41.60
2.70
0.10
0.00
0.60
0.70
0.50
0.00
0.00
5.40
0.10
0.00
0.00
2.10
32.20
0.10
13.30
1.80
0.00
2.10
66.90
0.10
4.40
35.00
1.10
4.90
0.40
7.50
0.00
0.00
5.10
0.00
0.00
0.00
0.00
17.20
0.00
0.00
0.00
0.00
0.00
4.10
0.00
0.00
0.50
0.50
0.10
70.90
1.50
0.00
0.00
0.00
0.00
0.00
0.00
0.00
0.00
7.20
0.70
0.10
0.00
0.00
0.00
3.10
3.10
0.00
17.70
17.70
55.00
3.70
0.00
0.00
0.00
0.00
1.40
4.50
2.90
8.80
1.30
0.80
27.30
0.70
0.10
5.50
2.10
0.00
0.00
0.00
0.90
0.70
18.70
0.00
0.60
0.60
1.60
0.20
1.90
1.10
0.00
0.00
0.20
3.90
12.10
2.90
0.00
0.90
2.00
2.20
0.20
0.00
1.80
46.90
1.90
8.00
12.50
12.50
43.30
43.30
22.80
0.00
0.00
6.70
0.00
0.00
0.00
0.00
27.90
1.10
1.10
6.30
16.10
17.50
8.20
0.00
0.90
8.30
2.20
2.00
3.40
0.60
3.20
24.30
5.80
3.10
28.50
2.00
0.20
15.80
16.00
36.00
38.00
6.60
5.00
4.10
0.00
0.00
1.30
0.00
52.90
19.60
14.60
1.20
0.00
0.10
1.90
0.00
0.40
3.70
27.40
32.80
1.00
3.60
0.20
0.00
0.70
0.80
11.40
0.30
1.20
14.00
6.20
0.30
0.10
4.30
0.10
0.00
0.10
1.60
2.10
26.30
0.40
27.30
66.10
9.80
1.60
6.80
6.60
6.40
6.40
11.70
0.70
5.40
0.20
15.60
2.00
7.30
20.00
6.50
0.10
0.30
0.10
0.00
0.10
0.70
0.00
0.00
0.00
0.10
0.20
3.40
1.20
0.10
0.00
3.40
