20160101
0.00
0.00
0.00
0.00
0.00
0.00
0.00
0.00
2.00
0.00
0.00
0.00
0.00
0.00
0.00
0.00
0.00
0.00
0.00
1.00
20.00
0.00
0.00
0.00
0.00
0.00
0.00
0.00
0.00
0.00
0.00
0.00
0.00
0.00
0.00
0.00
0.00
0.00
0.00
0.00
0.00
0.00
0.00
0.00
0.00
0.00
0.00
0.00
0.00
2.00
21.00
3.00
36.00
6.00
141.00
25.00
6.00
0.00
0.00
0.00
0.00
0.00
0.00
0.00
0.00
0.00
0.00
0.00
10.00
7.00
0.00
0.00
0.00
0.00
1.00
1.00
0.00
0.00
3.00
0.00
0.00
0.00
0.00
0.00
0.00
0.00
0.00
12.00
4.00
42.00
180.00
0.00
0.00
0.00
43.00
118.00
3.00
0.00
0.00
0.00
0.00
0.00
0.00
0.00
23.00
17.00
36.00
53.00
0.00
5.00
5.00
51.00
67.00
38.00
0.00
66.00
2.00
0.00
4.00
1.00
0.00
4.00
10.00
0.00
2.00
9.00
0.00
0.00
0.00
0.00
0.00
0.00
457.00
1.00
1.00
14.00
0.00
64.00
249.00
38.00
129.00
422.00
17.00
78.00
6.00
0.00
0.00
0.00
0.00
2.00
0.00
60.00
2.00
0.00
4.00
0.00
3.00
10.00
116.00
6.00
90.00
282.00
14.00
2.00
1.00
0.00
147.00
328.00
10.00
39.00
12.00
216.00
43.00
295.00
15.00
85.00
28.00
101.00
0.00
0.00
4.00
5.00
154.00
62.00
25.00
0.00
48.00
16.00
43.00
100.00
2.00
14.00
25.00
1.00
10.00
28.00
120.00
305.00
1.00
0.00
36.00
45.00
55.00
98.00
227.00
157.00
198.00
1.00
12.00
54.00
74.00
280.00
106.00
13.00
10.00
2.00
15.00
123.00
74.00
28.00
177.00
16.00
55.00
1.00
12.00
164.00
7.00
5.00
2.00
90.00
0.00
20.00
1134.00
2.00
0.00
67.00
0.00
103.00
81.00
10.00
1.00
39.00
9.00
48.00
1.00
0.00
2.00
1.00
2.00
20.00
0.00
1.00
390.00
138.00
86.00
15.00
7.00
0.00
0.00
53.00
143.00
10.00
118.00
123.00
26.00
115.00
2.00
0.00
0.00
51.00
72.00
0.00
9.00
0.00
1.00
42.00
7.00
0.00
113.00
0.00
14.00
0.00
0.00
0.00
1.00
5.00
0.00
0.00
0.00
0.00
0.00
8.00
0.00
0.00
0.00
25.00
0.00
0.00
0.00
22.00
207.00
11.00
106.00
46.00
0.00
0.00
17.00
6.00
36.00
141.00
63.00
0.00
0.00
0.00
0.00
0.00
0.00
0.00
0.00
0.00
0.00
0.00
0.00
0.00
0.00
0.00
0.00
0.00
0.00
0.00
0.00
0.00
0.00
0.00
0.00
10.00
15.00
0.00
0.00
0.00
0.00
0.00
0.00
0.00
0.00
0.00
0.00
0.00
0.00
0.00
0.00
0.00
0.00
0.00
0.00
8.00
0.00
0.00
0.00
0.00
0.00
0.00
0.00
0.00
0.00
0.00
0.00
0.00
0.00
0.00
0.00
0.00
0.00
0.00
0.00
0.00
0.00
0.00
0.00
0.00
0.00
0.00
0.00
0.00
0.00
0.00
0.00
0.00
0.00
0.00
0.00
0.00
17.00
0.00
0.00
0.00
0.00
0.00
0.00
0.00
0.00
0.00
0.00
0.00
0.00
0.00
0.00
0.00
0.00
0.00
0.00
0.00
0.00
0.00
0.00
0.00
0.00
0.00
0.00
0.00
0.00
0.00
0.00
0.00
0.00
0.00
0.00
0.00
0.00
0.00
5.00
0.00
90.00
0.00
34.00
12.00
2.00
0.00
0.00
0.00
0.00
0.00
17.00
1.00
17.00
0.00
0.00
0.00
0.00
24.00
0.00
0.00
0.00
13.00
93.00
7.00
2.00
0.00
155.00
94.00
0.00
0.00
0.00
0.00
0.00
0.00
0.00
0.00
0.00
7.00
28.00
1.00
0.00
0.00
55.00
2.00
57.00
30.00
61.00
60.00
35.00
0.00
0.00
0.00
0.00
0.00
12.00
0.00
0.00
0.00
0.00
4.00
0.00
0.00
115.00
0.00
0.00
5.00
22.00
3.00
54.00
2.00
5.00
0.00
0.00
0.00
0.00
0.00
0.00
9.00
45.00
1.00
171.00
28.00
165.00
90.00
5.00
103.00
2.00
4.00
9.00
0.00
0.00
0.00
59.00
110.00
208.00
53.00
35.00
160.00
14.00
9.00
46.00
1.00
0.00
45.00
16.00
4.00
90.00
13.00
0.00
0.00
1.00
4.00
31.00
202.00
94.00
90.00
1.00
88.00
101.00
32.00
0.00
1.00
50.00
379.00
240.00
200.00
40.00
90.00
9.00
130.00
10.00
424.00
386.00
235.00
294.00
0.00
76.00
281.00
6.00
14.00
18.00
27.00
498.00
78.00
17.00
10.00
11.00
35.00
12.00
318.00
100.00
219.00
2.00
22.00
62.00
16.00
19.00
43.00
125.00
4.00
103.00
163.00
3.00
15.00
0.00
2.00
34.00
9.00
1.00
7.00
153.00
1380.00
76.00
28.00
28.00
97.00
17.00
45.00
34.00
0.00
6.00
18.00
19.00
8.00
109.00
74.00
222.00
356.00
51.00
300.00
251.00
0.00
261.00
478.00
160.00
134.00
156.00
0.00
72.00
14.00
6.00
11.00
401.00
120.00
89.00
0.00
0.00
20.00
5.00
17.00
1.00
6.00
3.00
0.00
25.00
3.00
0.00
201.00
65.00
0.00
0.00
6.00
0.00
0.00
74.00
18.00
48.00
10.00
13.00
0.00
0.00
0.00
0.00
0.00
0.00
1.00
71.00
9.00
0.00
12.00
0.00
0.00
0.00
2.00
0.00
0.00
0.00
0.00
0.00
4.00
0.00
0.00
43.00
31.00
2.00
0.00
0.00
0.00
0.00
1.00
0.00
2.00
1.00
2.00
0.00
0.00
0.00
0.00
0.00
0.00
0.00
0.00
0.00
0.00
0.00
435.00
233.00
46.00
0.00
0.00
0.00
0.00
0.00
0.00
0.00
0.00
0.00
0.00
0.00
1.00
0.00
0.00
0.00
0.00
0.00
0.00
0.00
0.00
12.00
309.00
525.00
4.00
0.00
0.00
0.00
0.00
0.00
0.00
0.00
0.00
0.00
0.00
0.00
0.00
0.00
0.00
0.00
0.00
0.00
0.00
0.00
0.00
0.00
0.00
0.00
0.00
0.00
0.00
0.00
0.00
0.00
0.00
0.00
0.00
0.00
0.00
0.00
6.00
93.00
1.00
6.00
0.00
0.00
0.00
0.00
0.00
0.00
0.00
0.00
0.00
0.00
0.00
0.00
0.00
0.00
5.00
0.00
0.00
0.00
0.00
0.00
0.00
0.00
0.00
0.00
0.00
0.00
0.00
0.00
0.00
42.00
0.00
0.00
60.00
128.00
0.00
0.00
0.00
0.00
0.00
0.00
0.00
0.00
0.00
0.00
0.00
0.00
29.00
21.00
0.00
71.00
1.00
0.00
16.00
0.00
10.00
9.00
0.00
7.00
0.00
0.00
0.00
0.00
0.00
0.00
17.00
6.00
4.00
0.00
17.00
0.00
0.00
0.00
0.00
0.00
0.00
3.00
21.00
30.00
34.00
43.00
0.00
8.00
22.00
190.00
200.00
89.00
173.00
206.00
270.00
2.00
61.00
1.00
0.00
6.00
0.00
0.00
0.00
0.00
0.00
28.00
179.00
132.00
0.00
8.00
176.00
62.00
114.00
1.00
0.00
1.00
39.00
146.00
336.00
115.00
13.00
13.00
32.00
16.00
170.00
159.00
67.00
50.00
27.00
73.00
0.00
0.00
48.00
2.00
34.00
3.00
33.00
257.00
14.00
7.00
46.00
0.00
44.00
0.00
37.00
7.00
13.00
7.00
7.00
0.00
1.00
2.00
2.00
17.00
1.00
3.00
45.00
74.00
22.00
57.00
8.00
13.00
4.00
70.00
18.00
576.00
105.00
101.00
191.00
19.00
3.00
109.00
76.00
107.00
213.00
114.00
0.00
21.00
0.00
22.00
605.00
188.00
8.00
1.00
39.00
52.00
81.00
83.00
58.00
120.00
39.00
0.00
0.00
18.00
41.00
14.00
8.00
13.00
114.00
36.00
6.00
62.00
23.00
3.00
2.00
30.00
63.00
63.00
15.00
4.00
104.00
0.00
0.00
0.00
9.00
258.00
196.00
1.00
0.00
8.00
27.00
23.00
0.00
0.00
42.00
176.00
48.00
1.00
2.00
27.00
44.00
2.00
1.00
10.00
142.00
0.00
0.00
16.00
0.00
0.00
80.00
0.00
7.00
1.00
4.00
185.00
222.00
404.00
323.00
37.00
0.00
0.00
8.00
6.00
0.00
0.00
0.00
0.00
0.00
0.00
0.00
0.00
0.00
88.00
10.00
96.00
56.00
71.00
0.00
0.00
0.00
0.00
0.00
0.00
0.00
0.00
0.00
0.00
0.00
0.00
3.00
13.00
0.00
0.00
0.00
0.00
0.00
0.00
0.00
0.00
0.00
0.00
0.00
0.00
0.00
0.00
0.00
0.00
0.00
0.00
0.00
0.00
0.00
22.00
0.00
0.00
0.00
0.00
0.00
0.00
0.00
1.00
0.00
5.00
2.00
6.00
0.00
0.00
0.00
0.00
0.00
0.00
0.00
0.00
0.00
0.00
0.00
0.00
0.00
0.00
0.00
0.00
0.00
0.00
0.00
54.00
6.00
0.00
0.00
0.00
0.00
0.00
0.00
0.00
0.00
0.00
0.00
0.00
0.00
0.00
0.00
0.00
0.00
0.00
0.00
0.00
0.00
0.00
0.00
0.00
0.00
0.00
0.00
0.00
0.00
0.00
0.00
0.00
0.00
0.00
0.00
0.00
0.00
0.00
0.00
0.00
0.00
0.00
0.00
0.00
0.00
0.00
0.00
0.00
77.60
112.80
7.40
21.60
0.00
0.00
0.00
0.20
13.60
0.00
0.00
0.00
0.00
0.00
0.00
0.00
0.00
0.00
0.00
0.30
0.00
2.50
0.00
0.00
0.00
0.00
0.00
0.00
0.00
0.00
1.40
0.00
0.00
0.00
16.40
4.20
27.90
9.90
0.00
5.90
7.60
0.00
5.50
5.40
1.20
0.00
0.00
0.00
0.00
0.00
0.00
0.00
0.00
0.00
0.00
0.00
2.40
0.00
0.00
0.00
0.00
0.00
0.10
0.00
0.00
0.00
1.60
9.00
2.20
0.00
0.00
0.00
0.00
0.00
0.10
0.00
0.00
0.00
0.20
0.00
0.30
0.10
0.00
0.00
0.00
0.00
0.00
0.00
1.50
0.00
0.20
0.00
0.00
0.10
0.00
0.10
0.20
0.70
0.90
4.40
0.00
4.50
10.80
0.10
0.80
9.40
7.20
2.80
13.50
13.50
0.30
0.00
0.00
3.50
3.40
5.30
0.60
2.70
0.50
5.90
2.10
4.90
0.80
9.10
2.60
2.00
2.90
0.40
0.00
11.10
0.00
0.10
1.00
3.80
0.00
0.00
6.00
6.00
6.90
4.10
4.10
0.00
4.10
4.10
4.10
4.10
2.20
20.30
7.00
23.30
7.10
5.40
1.10
0.00
5.60
2.60
26.90
22.90
3.20
0.00
0.10
83.30
5.90
1.30
2.10
0.00
3.10
26.40
25.00
21.30
1.10
0.10
2.60
0.20
7.10
0.50
1.70
3.10
4.70
99.80
39.40
0.10
0.00
0.00
18.90
0.00
0.80
3.10
12.10
9.00
3.10
0.90
0.00
0.10
0.10
0.50
0.00
0.60
2.00
0.10
0.70
4.30
7.00
2.40
0.20
0.40
0.30
0.00
4.60
20.80
0.50
22.10
6.40
0.00
0.00
0.00
2.80
1.00
1.00
7.10
0.30
0.00
3.00
1.90
3.00
0.40
3.40
0.20
0.20
0.00
0.00
3.00
26.60
4.10
0.00
0.00
0.00
0.00
0.80
0.80
5.60
4.30
4.20
13.20
