20160101
0.00
0.00
0.00
0.00
0.00
0.00
0.00
0.00
2.00
0.00
0.00
0.00
2.00
0.00
0.00
0.00
0.00
0.00
0.00
0.00
1.00
0.00
0.00
0.00
0.00
1.00
0.00
0.00
0.00
0.00
0.00
0.00
0.00
0.00
0.00
0.00
0.00
0.00
0.00
0.00
0.00
0.00
2.00
0.00
0.00
0.00
0.00
0.00
0.00
1.00
0.00
0.00
1.00
113.00
13.00
0.00
22.00
0.00
0.00
0.00
0.00
0.00
0.00
0.00
0.00
35.00
0.00
1.00
0.00
0.00
0.00
0.00
0.00
0.00
0.00
107.00
0.00
0.00
0.00
0.00
51.00
0.00
39.00
0.00
0.00
0.00
0.00
379.00
0.00
257.00
302.00
44.00
0.00
64.00
330.00
205.00
46.00
0.00
0.00
3.00
0.00
0.00
0.00
0.00
69.00
55.00
301.00
129.00
0.00
84.00
28.00
301.00
213.00
0.00
0.00
103.00
0.00
35.00
55.00
0.00
12.00
81.00
303.00
14.00
247.00
2.00
0.00
1.00
6.00
0.00
1.00
0.00
54.00
32.00
0.00
28.00
7.00
156.00
269.00
25.00
172.00
806.00
0.00
0.00
31.00
10.00
0.00
30.00
6.00
9.00
0.00
64.00
0.00
0.00
23.00
111.00
3.00
91.00
16.00
14.00
55.00
181.00
38.00
22.00
3.00
0.00
118.00
57.00
99.00
100.00
31.00
14.00
41.00
162.00
2.00
57.00
9.00
8.00
4.00
7.00
132.00
24.00
126.00
79.00
20.00
21.00
0.00
4.00
102.00
89.00
58.00
24.00
62.00
18.00
19.00
23.00
81.00
98.00
22.00
1.00
12.00
17.00
24.00
32.00
59.00
34.00
255.00
6.00
5.00
18.00
123.00
12.00
170.00
88.00
8.00
3.00
6.00
68.00
95.00
150.00
23.00
3.00
2.00
67.00
140.00
49.00
53.00
25.00
36.00
7.00
3.00
7.00
410.00
10.00
8.00
25.00
0.00
88.00
0.00
0.00
20.00
9.00
137.00
146.00
2.00
0.00
15.00
24.00
11.00
21.00
3.00
13.00
101.00
14.00
28.00
5.00
26.00
55.00
48.00
86.00
100.00
50.00
43.00
255.00
113.00
66.00
87.00
1.00
66.00
0.00
163.00
11.00
0.00
10.00
5.00
4.00
0.00
4.00
6.00
33.00
172.00
23.00
2.00
3.00
7.00
194.00
0.00
0.00
0.00
0.00
0.00
0.00
0.00
0.00
0.00
0.00
0.00
0.00
0.00
0.00
58.00
57.00
77.00
0.00
0.00
0.00
28.00
3.00
104.00
316.00
103.00
0.00
0.00
0.00
0.00
0.00
0.00
0.00
0.00
0.00
0.00
0.00
0.00
0.00
0.00
0.00
0.00
0.00
0.00
0.00
0.00
0.00
0.00
0.00
0.00
1.00
0.00
0.00
0.00
0.00
0.00
0.00
0.00
0.00
0.00
0.00
0.00
0.00
10.00
0.00
0.00
0.00
0.00
0.00
0.00
0.00
0.00
0.00
0.00
0.00
0.00
0.00
0.00
0.00
0.00
0.00
0.00
0.00
0.00
0.00
0.00
0.00
0.00
0.00
0.00
0.00
0.00
0.00
0.00
0.00
0.00
0.00
0.00
0.00
0.00
0.00
0.00
0.00
0.00
0.00
0.00
0.00
5.00
0.00
0.00
0.00
0.00
0.00
0.00
0.00
0.00
0.00
0.00
0.00
0.00
0.00
0.00
0.00
0.00
0.00
0.00
0.00
0.00
0.00
0.00
0.00
0.00
0.00
0.00
0.00
0.00
0.00
0.00
0.00
0.00
0.00
0.00
0.00
0.00
32.00
28.00
0.00
183.00
0.00
140.00
79.00
0.00
0.00
0.00
0.00
0.00
0.00
137.00
0.00
83.00
0.00
0.00
0.00
0.00
51.00
0.00
0.00
1.00
54.00
269.00
19.00
21.00
5.00
480.00
273.00
55.00
0.00
0.00
0.00
0.00
0.00
0.00
0.00
0.00
0.00
49.00
0.00
98.00
2.00
206.00
137.00
110.00
244.00
110.00
41.00
28.00
0.00
0.00
46.00
2.00
26.00
87.00
0.00
0.00
12.00
0.00
13.00
0.00
0.00
114.00
0.00
0.00
0.00
21.00
39.00
216.00
7.00
92.00
0.00
30.00
0.00
82.00
9.00
0.00
0.00
0.00
2.00
131.00
128.00
193.00
309.00
17.00
176.00
100.00
152.00
86.00
0.00
29.00
60.00
94.00
349.00
165.00
232.00
100.00
83.00
0.00
231.00
2.00
30.00
7.00
37.00
1.00
0.00
1.00
55.00
36.00
48.00
143.00
51.00
69.00
120.00
358.00
18.00
5.00
49.00
71.00
12.00
47.00
48.00
35.00
65.00
8.00
338.00
63.00
242.00
162.00
30.00
2.00
97.00
94.00
54.00
82.00
32.00
38.00
117.00
93.00
34.00
30.00
14.00
62.00
83.00
46.00
82.00
26.00
2.00
97.00
39.00
79.00
64.00
1.00
6.00
0.00
41.00
96.00
55.00
3.00
13.00
102.00
28.00
0.00
45.00
56.00
86.00
27.00
53.00
1.00
52.00
40.00
511.00
11.00
130.00
32.00
26.00
16.00
7.00
7.00
0.00
1.00
2.00
19.00
37.00
10.00
0.00
34.00
11.00
10.00
114.00
179.00
30.00
30.00
287.00
126.00
51.00
66.00
0.00
4.00
0.00
4.00
2.00
376.00
14.00
79.00
3.00
5.00
43.00
346.00
36.00
0.00
9.00
65.00
13.00
24.00
4.00
14.00
33.00
0.00
11.00
0.00
0.00
0.00
0.00
66.00
77.00
318.00
453.00
2.00
0.00
0.00
0.00
0.00
0.00
5.00
438.00
188.00
0.00
0.00
0.00
0.00
0.00
0.00
0.00
0.00
0.00
0.00
0.00
0.00
63.00
0.00
7.00
127.00
37.00
27.00
0.00
0.00
0.00
0.00
0.00
0.00
0.00
0.00
0.00
0.00
0.00
0.00
0.00
0.00
0.00
0.00
0.00
0.00
0.00
26.00
280.00
232.00
136.00
0.00
0.00
0.00
0.00
0.00
0.00
0.00
0.00
0.00
0.00
0.00
0.00
0.00
0.00
1.00
0.00
0.00
0.00
0.00
0.00
87.00
217.00
61.00
0.00
0.00
0.00
0.00
0.00
0.00
0.00
0.00
0.00
0.00
0.00
0.00
0.00
0.00
0.00
0.00
0.00
0.00
0.00
0.00
0.00
0.00
0.00
0.00
0.00
0.00
0.00
0.00
0.00
0.00
0.00
0.00
0.00
0.00
0.00
5.00
36.00
331.00
0.00
36.00
0.00
0.00
0.00
0.00
0.00
0.00
0.00
0.00
0.00
0.00
0.00
0.00
0.00
0.00
112.00
0.00
0.00
0.00
0.00
0.00
0.00
0.00
0.00
0.00
0.00
0.00
0.00
0.00
0.00
19.00
0.00
0.00
0.00
197.00
6.00
0.00
0.00
0.00
0.00
0.00
0.00
0.00
0.00
7.00
0.00
0.00
21.00
0.00
0.00
37.00
106.00
0.00
0.00
0.00
2.00
180.00
0.00
22.00
0.00
0.00
1.00
5.00
0.00
0.00
30.00
13.00
66.00
0.00
138.00
3.00
0.00
0.00
12.00
19.00
25.00
56.00
51.00
127.00
3.00
192.00
0.00
11.00
156.00
540.00
479.00
313.00
327.00
424.00
336.00
0.00
111.00
0.00
1.00
0.00
0.00
0.00
0.00
0.00
0.00
37.00
0.00
40.00
0.00
0.00
0.00
0.00
34.00
1.00
10.00
26.00
41.00
474.00
402.00
126.00
8.00
1.00
59.00
120.00
222.00
532.00
347.00
6.00
116.00
85.00
0.00
0.00
0.00
0.00
1.00
84.00
51.00
7.00
3.00
13.00
66.00
58.00
15.00
1.00
2.00
2.00
21.00
3.00
0.00
15.00
23.00
89.00
7.00
16.00
38.00
104.00
31.00
41.00
26.00
45.00
5.00
23.00
6.00
10.00
7.00
125.00
26.00
16.00
114.00
18.00
1.00
16.00
2.00
124.00
137.00
161.00
54.00
2.00
0.00
10.00
57.00
62.00
8.00
57.00
26.00
9.00
184.00
105.00
19.00
92.00
3.00
7.00
47.00
7.00
10.00
289.00
72.00
0.00
104.00
35.00
24.00
56.00
13.00
58.00
4.00
18.00
20.00
78.00
0.00
5.00
15.00
1.00
0.00
0.00
21.00
241.00
28.00
0.00
0.00
0.00
1.00
80.00
1.00
9.00
93.00
32.00
1.00
59.00
0.00
72.00
12.00
1.00
3.00
36.00
0.00
4.00
0.00
0.00
0.00
0.00
0.00
0.00
0.00
0.00
0.00
190.00
55.00
409.00
336.00
16.00
0.00
0.00
0.00
0.00
0.00
0.00
0.00
2.00
0.00
0.00
0.00
0.00
0.00
397.00
65.00
140.00
102.00
29.00
0.00
0.00
0.00
0.00
0.00
6.00
0.00
0.00
0.00
0.00
0.00
5.00
0.00
0.00
0.00
0.00
0.00
0.00
0.00
0.00
0.00
0.00
0.00
0.00
0.00
0.00
0.00
0.00
0.00
0.00
0.00
0.00
0.00
0.00
0.00
0.00
0.00
0.00
0.00
0.00
0.00
0.00
0.00
3.00
0.00
8.00
39.00
60.00
0.00
0.00
0.00
0.00
0.00
0.00
0.00
0.00
0.00
0.00
0.00
0.00
0.00
0.00
0.00
0.00
0.00
0.00
0.00
0.00
0.00
0.00
0.00
0.00
0.00
0.00
0.00
0.00
0.00
0.00
0.00
0.00
0.00
0.00
0.00
0.00
0.00
0.00
0.00
0.00
0.00
4.00
0.00
0.00
0.00
0.00
0.00
0.00
0.00
0.00
0.00
0.00
0.00
0.00
0.00
0.00
0.00
0.00
0.00
0.00
5.00
0.00
0.00
0.00
0.00
0.00
0.00
0.30
147.20
141.80
132.60
74.10
0.00
0.00
0.00
4.50
42.60
0.00
0.00
0.00
0.00
0.00
0.00
0.00
0.00
0.00
0.10
0.20
27.50
4.80
0.00
0.00
0.00
7.20
0.00
0.00
0.00
0.00
0.20
0.00
0.00
0.00
98.60
14.40
101.90
1.10
4.40
0.40
3.10
0.00
11.70
45.70
0.10
0.00
0.00
0.00
0.00
0.00
0.00
0.60
0.00
0.00
0.00
0.00
1.50
0.00
0.00
0.00
0.00
0.00
0.20
0.00
0.00
0.00
0.00
0.10
4.60
0.00
0.00
0.00
0.00
0.00
0.00
0.10
0.00
0.50
9.50
2.30
0.30
1.80
14.00
0.70
0.70
0.00
0.00
0.00
48.60
1.10
0.00
0.00
0.00
0.00
0.00
2.50
12.90
0.00
0.00
3.70
0.00
8.70
16.80
0.10
7.00
0.00
0.00
6.30
1.00
9.10
0.60
0.10
0.00
0.10
8.10
6.70
7.70
2.80
0.00
0.90
20.50
7.50
1.40
0.10
4.70
0.20
4.60
0.00
0.00
12.10
4.40
4.20
4.50
2.40
3.40
3.40
7.70
7.70
7.20
0.60
0.60
0.00
12.30
0.60
0.60
0.60
2.50
3.90
2.00
2.80
34.20
14.90
8.50
4.90
1.30
12.60
0.50
3.80
10.00
38.30
3.60
24.20
13.30
4.60
12.20
5.00
2.10
2.30
2.30
11.30
5.60
1.50
1.00
5.10
0.10
0.20
10.10
2.40
10.20
20.00
15.20
0.60
0.00
0.20
13.10
0.00
2.60
0.80
11.00
3.40
2.50
0.80
25.40
0.70
4.40
1.60
2.20
12.40
27.00
6.20
1.80
0.80
27.90
8.70
1.10
0.40
4.90
10.80
13.60
23.70
25.30
20.60
22.20
3.20
10.90
6.40
21.10
5.10
5.10
1.30
0.10
0.10
0.00
7.80
22.80
0.90
10.80
4.30
0.00
0.00
0.00
1.10
28.60
3.10
1.90
0.10
0.00
0.10
1.00
9.20
3.90
0.30
1.00
1.30
