20160101
0.00
0.00
0.00
0.00
0.00
0.00
0.00
0.00
0.00
0.00
0.00
0.00
3.00
0.00
0.00
0.00
0.00
0.00
0.00
15.00
1.00
0.00
0.00
0.00
0.00
0.00
0.00
0.00
0.00
0.00
0.00
0.00
0.00
0.00
0.00
0.00
0.00
0.00
2.00
0.00
0.00
0.00
31.00
0.00
0.00
0.00
0.00
0.00
0.00
0.00
0.00
0.00
2.00
342.00
135.00
1.00
15.00
0.00
0.00
0.00
0.00
0.00
0.00
0.00
0.00
23.00
0.00
0.00
0.00
5.00
0.00
3.00
0.00
0.00
4.00
3.00
0.00
34.00
6.00
1.00
3.00
0.00
0.00
0.00
0.00
0.00
0.00
104.00
0.00
66.00
378.00
82.00
13.00
57.00
376.00
0.00
0.00
0.00
0.00
0.00
0.00
0.00
0.00
0.00
0.00
0.00
47.00
1.00
0.00
0.00
0.00
0.00
0.00
0.00
0.00
18.00
2.00
0.00
0.00
0.00
0.00
18.00
213.00
20.00
11.00
8.00
13.00
65.00
2.00
0.00
0.00
0.00
38.00
324.00
0.00
5.00
0.00
44.00
515.00
206.00
978.00
1097.00
0.00
0.00
513.00
133.00
2.00
31.00
382.00
85.00
20.00
41.00
0.00
0.00
0.00
0.00
0.00
18.00
149.00
128.00
38.00
108.00
765.00
194.00
141.00
0.00
0.00
47.00
48.00
1.00
0.00
8.00
7.00
10.00
41.00
10.00
80.00
44.00
45.00
274.00
79.00
6.00
54.00
16.00
282.00
276.00
30.00
77.00
241.00
22.00
20.00
37.00
0.00
7.00
52.00
17.00
264.00
96.00
98.00
197.00
182.00
10.00
3.00
7.00
23.00
35.00
137.00
1.00
3.00
108.00
203.00
131.00
466.00
75.00
34.00
67.00
36.00
47.00
33.00
34.00
51.00
109.00
393.00
14.00
0.00
332.00
256.00
152.00
253.00
33.00
3.00
0.00
683.00
831.00
0.00
1.00
1.00
532.00
90.00
233.00
309.00
0.00
125.00
461.00
105.00
65.00
41.00
23.00
34.00
2.00
0.00
0.00
12.00
25.00
146.00
181.00
163.00
32.00
1.00
78.00
29.00
3.00
20.00
31.00
12.00
78.00
12.00
3.00
4.00
46.00
836.00
170.00
0.00
211.00
147.00
211.00
75.00
44.00
47.00
32.00
272.00
28.00
351.00
164.00
562.00
72.00
0.00
0.00
0.00
0.00
0.00
0.00
0.00
0.00
0.00
0.00
0.00
0.00
0.00
1.00
272.00
43.00
21.00
0.00
0.00
0.00
1.00
18.00
243.00
595.00
139.00
0.00
0.00
0.00
0.00
0.00
0.00
0.00
0.00
0.00
0.00
0.00
0.00
0.00
0.00
0.00
0.00
0.00
0.00
0.00
0.00
0.00
0.00
0.00
0.00
24.00
0.00
0.00
0.00
0.00
0.00
0.00
0.00
0.00
0.00
0.00
0.00
0.00
0.00
0.00
0.00
0.00
0.00
0.00
0.00
0.00
0.00
0.00
0.00
0.00
0.00
0.00
0.00
0.00
0.00
0.00
0.00
0.00
0.00
0.00
0.00
0.00
0.00
0.00
0.00
0.00
0.00
0.00
0.00
0.00
0.00
0.00
0.00
0.00
0.00
0.00
0.00
0.00
0.00
0.00
0.00
0.00
6.00
0.00
0.00
0.00
0.00
0.00
0.00
0.00
0.00
0.00
0.00
0.00
0.00
0.00
0.00
0.00
0.00
0.00
0.00
0.00
0.00
0.00
0.00
0.00
0.00
0.00
0.00
0.00
0.00
0.00
0.00
0.00
0.00
0.00
0.00
0.00
0.00
65.00
112.00
1.00
149.00
6.00
61.00
115.00
0.00
0.00
0.00
0.00
0.00
0.00
236.00
14.00
26.00
0.00
0.00
0.00
0.00
40.00
0.00
0.00
3.00
66.00
90.00
1.00
0.00
0.00
206.00
79.00
449.00
0.00
0.00
0.00
0.00
0.00
0.00
0.00
0.00
0.00
10.00
38.00
0.00
6.00
508.00
73.00
119.00
663.00
42.00
207.00
235.00
0.00
2.00
0.00
27.00
0.00
17.00
0.00
0.00
0.00
0.00
6.00
0.00
0.00
612.00
0.00
5.00
0.00
58.00
76.00
339.00
96.00
67.00
0.00
25.00
0.00
0.00
0.00
0.00
0.00
0.00
68.00
2.00
354.00
183.00
625.00
63.00
1576.00
2.00
1.00
226.00
29.00
0.00
73.00
1070.00
21.00
398.00
294.00
276.00
163.00
0.00
185.00
83.00
55.00
65.00
646.00
81.00
214.00
131.00
3.00
55.00
5.00
15.00
6.00
25.00
14.00
97.00
222.00
310.00
527.00
126.00
78.00
10.00
0.00
19.00
32.00
144.00
37.00
199.00
132.00
87.00
22.00
84.00
416.00
219.00
553.00
1414.00
771.00
8.00
96.00
501.00
120.00
255.00
74.00
115.00
185.00
44.00
0.00
57.00
62.00
90.00
77.00
80.00
41.00
2.00
4.00
12.00
159.00
321.00
289.00
18.00
41.00
89.00
40.00
64.00
127.00
56.00
122.00
304.00
349.00
115.00
179.00
37.00
149.00
142.00
84.00
45.00
204.00
121.00
268.00
29.00
76.00
94.00
15.00
0.00
95.00
22.00
4.00
98.00
337.00
2.00
0.00
33.00
7.00
111.00
307.00
662.00
69.00
12.00
40.00
0.00
108.00
121.00
208.00
237.00
275.00
143.00
73.00
151.00
40.00
4.00
30.00
70.00
17.00
11.00
0.00
4.00
57.00
0.00
0.00
3.00
0.00
0.00
0.00
0.00
94.00
36.00
202.00
1014.00
1638.00
0.00
0.00
0.00
0.00
0.00
0.00
1.00
150.00
127.00
0.00
0.00
0.00
0.00
0.00
0.00
0.00
0.00
0.00
0.00
0.00
0.00
40.00
0.00
0.00
233.00
30.00
21.00
0.00
0.00
0.00
0.00
0.00
0.00
0.00
0.00
0.00
0.00
0.00
0.00
0.00
0.00
0.00
0.00
0.00
0.00
1.00
182.00
1112.00
1018.00
732.00
0.00
0.00
0.00
0.00
0.00
0.00
0.00
0.00
43.00
0.00
0.00
0.00
0.00
0.00
0.00
0.00
0.00
0.00
0.00
0.00
133.00
254.00
42.00
0.00
0.00
0.00
0.00
0.00
0.00
0.00
0.00
0.00
0.00
0.00
0.00
0.00
0.00
0.00
0.00
0.00
0.00
0.00
0.00
0.00
0.00
0.00
0.00
0.00
0.00
0.00
0.00
0.00
0.00
0.00
0.00
28.00
0.00
0.00
299.00
201.00
712.00
113.00
138.00
0.00
42.00
24.00
0.00
0.00
0.00
0.00
0.00
0.00
0.00
0.00
0.00
0.00
0.00
306.00
0.00
0.00
0.00
0.00
0.00
0.00
15.00
0.00
0.00
0.00
0.00
0.00
0.00
0.00
0.00
0.00
0.00
96.00
2.00
0.00
0.00
0.00
0.00
0.00
0.00
0.00
40.00
0.00
0.00
0.00
0.00
119.00
122.00
24.00
35.00
0.00
0.00
8.00
127.00
325.00
49.00
0.00
0.00
89.00
14.00
0.00
292.00
0.00
48.00
367.00
52.00
78.00
19.00
53.00
98.00
0.00
0.00
2.00
6.00
0.00
0.00
484.00
153.00
14.00
107.00
30.00
69.00
765.00
78.00
120.00
39.00
165.00
521.00
797.00
0.00
82.00
4.00
0.00
70.00
7.00
168.00
399.00
63.00
168.00
11.00
125.00
33.00
0.00
0.00
0.00
122.00
139.00
218.00
306.00
41.00
1.00
7.00
158.00
8.00
0.00
27.00
222.00
545.00
273.00
362.00
1779.00
9.00
20.00
97.00
124.00
31.00
4.00
237.00
18.00
0.00
0.00
75.00
261.00
8.00
43.00
13.00
14.00
14.00
3.00
4.00
168.00
434.00
60.00
16.00
29.00
7.00
2.00
17.00
10.00
18.00
18.00
323.00
127.00
37.00
14.00
10.00
4.00
9.00
61.00
158.00
40.00
373.00
392.00
91.00
19.00
108.00
102.00
17.00
123.00
81.00
55.00
66.00
13.00
126.00
343.00
167.00
10.00
51.00
22.00
16.00
14.00
110.00
143.00
837.00
103.00
145.00
173.00
142.00
73.00
21.00
161.00
14.00
3.00
35.00
132.00
29.00
26.00
1.00
0.00
0.00
1.00
12.00
28.00
12.00
175.00
13.00
0.00
0.00
12.00
37.00
8.00
14.00
450.00
1.00
0.00
71.00
0.00
0.00
96.00
250.00
97.00
1.00
0.00
4.00
5.00
149.00
9.00
17.00
1.00
1.00
0.00
0.00
0.00
0.00
0.00
0.00
0.00
0.00
0.00
152.00
228.00
517.00
422.00
153.00
0.00
0.00
0.00
0.00
0.00
0.00
0.00
0.00
0.00
0.00
0.00
0.00
0.00
21.00
98.00
181.00
98.00
36.00
0.00
0.00
0.00
0.00
0.00
7.00
0.00
0.00
0.00
0.00
0.00
1.00
0.00
0.00
0.00
0.00
0.00
0.00
0.00
0.00
0.00
0.00
0.00
0.00
0.00
0.00
0.00
0.00
0.00
0.00
0.00
0.00
0.00
0.00
0.00
5.00
0.00
0.00
0.00
0.00
0.00
0.00
0.00
0.00
0.00
42.00
45.00
12.00
0.00
0.00
0.00
0.00
0.00
0.00
0.00
0.00
0.00
0.00
0.00
0.00
0.00
0.00
0.00
0.00
0.00
0.00
0.00
0.00
0.00
0.00
0.00
0.00
0.00
0.00
0.00
0.00
0.00
0.00
0.00
0.00
0.00
0.00
0.00
0.00
0.00
0.00
0.00
0.00
0.00
0.00
0.00
0.00
0.00
0.00
0.00
0.00
0.00
0.00
0.00
1.00
0.00
0.00
0.00
0.00
0.00
0.00
0.00
3.00
7.00
0.00
0.00
0.00
0.00
0.00
0.00
0.00
85.90
61.30
44.40
13.50
0.00
0.00
0.00
1.20
13.30
0.00
0.00
0.00
0.00
0.00
0.10
0.00
0.00
0.00
1.20
2.30
27.70
1.60
0.60
5.50
0.00
0.30
0.00
0.00
0.00
0.00
0.00
0.00
0.00
0.00
25.60
26.50
70.40
55.30
0.10
0.50
10.90
0.00
7.40
31.60
3.20
10.00
0.60
36.20
0.00
0.00
0.00
0.50
0.00
0.00
0.00
0.30
0.30
0.00
0.00
0.00
0.00
0.00
0.00
0.00
0.00
0.00
0.10
95.50
75.80
0.00
0.00
0.00
0.00
0.00
0.00
0.00
0.00
19.00
0.00
0.70
2.60
13.20
0.00
0.00
0.00
0.00
40.30
40.30
56.60
3.50
0.00
0.00
0.00
0.00
0.00
0.20
26.90
1.50
4.60
28.40
0.00
0.20
1.70
13.20
26.70
0.00
0.00
7.00
43.30
24.00
63.40
0.00
3.10
0.00
6.00
1.50
0.20
0.00
0.00
0.90
8.00
11.30
0.60
2.00
0.50
2.00
0.00
0.50
0.20
4.40
1.10
12.00
27.00
40.00
56.20
56.20
59.10
59.10
30.50
0.00
0.00
0.40
27.70
0.00
0.00
0.00
0.00
0.90
3.70
0.50
21.40
0.20
3.70
0.20
1.00
26.20
1.40
1.10
0.50
7.00
41.70
59.20
5.80
0.10
30.50
4.90
0.60
65.20
40.50
34.30
78.30
23.40
3.50
0.60
0.10
3.50
6.60
2.20
8.10
31.80
34.00
10.40
1.10
0.20
0.70
0.00
22.60
39.50
18.20
48.20
3.00
16.80
2.00
0.50
7.20
17.80
12.30
1.90
3.70
22.30
12.30
0.40
0.40
0.30
1.00
0.40
0.90
0.00
3.70
16.20
2.60
13.80
21.90
1.80
2.10
0.10
20.80
13.20
13.20
28.60
0.00
0.00
0.80
13.60
4.40
0.00
15.10
12.50
0.00
0.00
0.00
0.00
0.00
0.50
0.00
0.00
0.00
0.00
0.30
7.40
4.80
0.10
0.00
2.30
