20160101
0.00
0.00
0.00
0.00
0.00
0.00
0.00
0.00
0.00
0.00
0.00
0.00
2.00
0.00
0.00
0.00
0.00
0.00
17.00
10.00
0.00
0.00
0.00
0.00
0.00
0.00
0.00
0.00
0.00
0.00
0.00
0.00
0.00
0.00
0.00
0.00
0.00
0.00
6.00
0.00
0.00
0.00
0.00
0.00
0.00
0.00
0.00
0.00
0.00
0.00
1.00
0.00
2.00
0.00
62.00
0.00
66.00
0.00
0.00
0.00
0.00
0.00
0.00
0.00
0.00
265.00
0.00
3.00
4.00
0.00
0.00
0.00
0.00
1.00
0.00
0.00
0.00
88.00
1.00
1.00
0.00
0.00
0.00
0.00
0.00
0.00
0.00
4.00
833.00
168.00
354.00
0.00
24.00
503.00
0.00
58.00
0.00
0.00
0.00
0.00
0.00
0.00
0.00
0.00
0.00
0.00
585.00
0.00
0.00
0.00
0.00
0.00
0.00
0.00
0.00
0.00
0.00
1.00
0.00
0.00
0.00
29.00
1.00
7.00
1.00
0.00
0.00
222.00
7.00
42.00
2.00
2.00
750.00
367.00
23.00
12.00
0.00
7.00
50.00
11.00
65.00
188.00
0.00
0.00
228.00
38.00
0.00
25.00
36.00
0.00
4.00
129.00
0.00
0.00
0.00
0.00
0.00
34.00
900.00
0.00
13.00
0.00
456.00
575.00
3.00
34.00
42.00
25.00
6.00
1.00
1.00
2.00
33.00
172.00
37.00
82.00
2.00
470.00
32.00
3.00
9.00
12.00
37.00
226.00
192.00
84.00
308.00
205.00
112.00
193.00
16.00
7.00
1.00
7.00
49.00
1.00
146.00
310.00
15.00
165.00
150.00
25.00
18.00
219.00
50.00
70.00
107.00
31.00
8.00
31.00
95.00
84.00
66.00
254.00
32.00
21.00
29.00
39.00
13.00
5.00
19.00
11.00
216.00
71.00
5.00
17.00
102.00
122.00
654.00
77.00
26.00
0.00
96.00
259.00
1.00
1.00
61.00
739.00
8.00
12.00
100.00
3.00
32.00
15.00
106.00
544.00
65.00
10.00
20.00
7.00
2.00
15.00
0.00
43.00
29.00
162.00
408.00
3.00
1.00
38.00
72.00
66.00
85.00
292.00
76.00
33.00
7.00
37.00
79.00
553.00
0.00
21.00
26.00
8.00
24.00
33.00
26.00
6.00
14.00
83.00
11.00
44.00
6.00
91.00
27.00
36.00
0.00
0.00
0.00
0.00
0.00
0.00
0.00
0.00
0.00
0.00
0.00
24.00
0.00
6.00
148.00
39.00
19.00
0.00
0.00
0.00
0.00
74.00
364.00
280.00
0.00
0.00
0.00
0.00
0.00
0.00
0.00
0.00
0.00
0.00
0.00
1.00
0.00
0.00
0.00
0.00
0.00
0.00
0.00
0.00
0.00
0.00
0.00
0.00
0.00
0.00
0.00
0.00
0.00
0.00
0.00
0.00
0.00
0.00
0.00
0.00
0.00
0.00
0.00
0.00
0.00
0.00
0.00
0.00
0.00
0.00
0.00
0.00
0.00
0.00
0.00
0.00
0.00
0.00
0.00
0.00
0.00
0.00
0.00
0.00
0.00
0.00
0.00
0.00
0.00
1.00
0.00
0.00
0.00
0.00
0.00
0.00
0.00
0.00
0.00
0.00
0.00
0.00
0.00
0.00
0.00
0.00
30.00
0.00
0.00
0.00
0.00
0.00
0.00
0.00
0.00
0.00
0.00
0.00
0.00
0.00
0.00
0.00
0.00
0.00
0.00
0.00
0.00
0.00
0.00
0.00
0.00
0.00
0.00
0.00
0.00
0.00
0.00
0.00
0.00
0.00
0.00
0.00
1.00
332.00
0.00
0.00
27.00
0.00
198.00
29.00
0.00
0.00
0.00
0.00
0.00
1.00
65.00
10.00
138.00
0.00
0.00
0.00
0.00
29.00
0.00
0.00
33.00
155.00
50.00
31.00
108.00
1.00
224.00
0.00
118.00
0.00
20.00
0.00
0.00
0.00
0.00
0.00
0.00
0.00
2.00
0.00
0.00
23.00
555.00
0.00
324.00
509.00
316.00
113.00
460.00
0.00
5.00
0.00
36.00
189.00
407.00
0.00
0.00
0.00
106.00
29.00
0.00
0.00
57.00
0.00
0.00
5.00
21.00
191.00
898.00
8.00
684.00
0.00
0.00
0.00
0.00
0.00
0.00
0.00
0.00
42.00
0.00
87.00
94.00
67.00
164.00
242.00
313.00
25.00
0.00
588.00
0.00
6.00
157.00
118.00
12.00
428.00
853.00
3.00
35.00
105.00
49.00
321.00
310.00
784.00
1.00
0.00
24.00
0.00
7.00
2.00
59.00
5.00
25.00
9.00
60.00
47.00
213.00
200.00
289.00
197.00
9.00
4.00
13.00
51.00
337.00
210.00
300.00
30.00
80.00
22.00
10.00
663.00
13.00
340.00
152.00
125.00
51.00
38.00
689.00
128.00
362.00
269.00
9.00
110.00
54.00
28.00
28.00
134.00
327.00
240.00
38.00
44.00
16.00
12.00
18.00
282.00
812.00
201.00
69.00
101.00
174.00
96.00
130.00
12.00
39.00
10.00
73.00
455.00
119.00
22.00
54.00
351.00
239.00
18.00
9.00
20.00
206.00
100.00
173.00
72.00
4.00
61.00
1.00
8.00
2.00
17.00
264.00
325.00
0.00
12.00
39.00
24.00
3.00
95.00
241.00
162.00
128.00
18.00
14.00
0.00
2.00
12.00
17.00
211.00
703.00
314.00
79.00
124.00
17.00
0.00
20.00
955.00
168.00
100.00
119.00
59.00
0.00
0.00
4.00
0.00
20.00
0.00
0.00
0.00
5.00
195.00
963.00
493.00
0.00
0.00
9.00
0.00
0.00
0.00
0.00
0.00
11.00
0.00
0.00
0.00
0.00
0.00
0.00
0.00
0.00
0.00
0.00
0.00
0.00
54.00
1.00
5.00
411.00
35.00
7.00
0.00
0.00
0.00
0.00
0.00
0.00
0.00
0.00
0.00
0.00
0.00
0.00
0.00
0.00
0.00
0.00
0.00
0.00
0.00
1.00
5.00
17.00
0.00
0.00
0.00
0.00
0.00
0.00
0.00
0.00
0.00
11.00
0.00
0.00
0.00
0.00
0.00
0.00
0.00
0.00
0.00
0.00
0.00
0.00
70.00
0.00
0.00
0.00
0.00
0.00
0.00
0.00
0.00
0.00
0.00
0.00
0.00
0.00
0.00
0.00
0.00
0.00
0.00
0.00
0.00
0.00
0.00
0.00
0.00
0.00
0.00
0.00
0.00
0.00
0.00
0.00
0.00
0.00
2.00
0.00
0.00
865.00
308.00
210.00
150.00
289.00
0.00
302.00
250.00
0.00
0.00
0.00
0.00
0.00
0.00
0.00
0.00
0.00
0.00
348.00
284.00
0.00
0.00
0.00
0.00
0.00
0.00
179.00
0.00
0.00
0.00
0.00
0.00
0.00
0.00
0.00
0.00
75.00
229.00
0.00
0.00
0.00
0.00
0.00
0.00
0.00
37.00
56.00
0.00
0.00
47.00
0.00
275.00
535.00
1.00
15.00
0.00
0.00
54.00
222.00
175.00
0.00
5.00
0.00
291.00
76.00
0.00
189.00
0.00
7.00
145.00
61.00
101.00
40.00
72.00
34.00
0.00
0.00
509.00
97.00
0.00
52.00
244.00
63.00
0.00
396.00
20.00
63.00
972.00
186.00
0.00
25.00
11.00
40.00
152.00
0.00
55.00
1.00
6.00
27.00
0.00
3.00
3.00
297.00
93.00
96.00
553.00
1.00
71.00
0.00
0.00
54.00
0.00
55.00
60.00
231.00
0.00
180.00
1.00
0.00
0.00
3.00
6.00
581.00
48.00
1.00
979.00
0.00
57.00
3.00
8.00
6.00
1.00
155.00
0.00
0.00
1.00
100.00
22.00
153.00
89.00
1.00
0.00
1.00
1.00
68.00
57.00
71.00
178.00
0.00
0.00
8.00
0.00
9.00
5.00
39.00
30.00
73.00
269.00
76.00
7.00
14.00
0.00
3.00
101.00
38.00
10.00
207.00
265.00
250.00
14.00
171.00
67.00
14.00
76.00
37.00
104.00
50.00
16.00
78.00
83.00
379.00
9.00
1.00
10.00
16.00
24.00
119.00
97.00
147.00
31.00
100.00
74.00
95.00
172.00
115.00
6.00
11.00
106.00
81.00
52.00
69.00
8.00
7.00
8.00
12.00
16.00
15.00
151.00
26.00
341.00
32.00
1.00
0.00
4.00
5.00
4.00
330.00
23.00
322.00
27.00
7.00
0.00
1.00
16.00
150.00
344.00
84.00
2.00
6.00
36.00
46.00
40.00
142.00
0.00
0.00
0.00
0.00
0.00
0.00
0.00
0.00
0.00
0.00
0.00
5.00
37.00
93.00
80.00
40.00
0.00
0.00
0.00
0.00
0.00
0.00
0.00
1.00
0.00
0.00
0.00
0.00
0.00
8.00
45.00
22.00
14.00
0.00
0.00
0.00
0.00
0.00
11.00
0.00
0.00
0.00
0.00
0.00
0.00
0.00
0.00
0.00
0.00
0.00
0.00
0.00
0.00
0.00
0.00
0.00
0.00
0.00
0.00
0.00
0.00
0.00
0.00
0.00
0.00
0.00
0.00
0.00
17.00
0.00
0.00
0.00
0.00
0.00
0.00
0.00
0.00
0.00
0.00
29.00
123.00
13.00
0.00
0.00
0.00
0.00
0.00
0.00
0.00
0.00
0.00
0.00
0.00
0.00
0.00
0.00
0.00
0.00
0.00
0.00
0.00
0.00
0.00
0.00
0.00
0.00
0.00
0.00
0.00
0.00
0.00
0.00
0.00
0.00
0.00
0.00
0.00
0.00
0.00
0.00
0.00
0.00
0.00
0.00
0.00
0.00
0.00
0.00
0.00
0.00
0.00
0.00
0.00
1.00
0.00
0.00
0.00
0.00
0.00
0.00
0.00
3.00
0.00
0.00
0.00
0.00
0.00
0.00
0.00
0.70
15.60
5.30
26.70
2.90
0.00
0.00
0.00
21.60
0.60
0.00
0.00
0.00
0.00
0.10
0.00
0.00
0.00
1.70
2.40
0.00
18.70
1.30
4.30
0.00
0.00
0.00
0.00
0.00
0.00
13.50
6.70
0.00
0.20
12.90
48.90
0.00
6.40
0.50
0.00
0.00
95.10
0.10
11.00
12.20
0.10
16.60
7.00
23.40
0.00
0.00
15.20
0.00
0.00
0.00
0.00
13.10
0.00
0.00
0.00
0.00
0.00
0.00
0.00
0.00
0.70
0.70
0.00
108.00
3.40
0.00
0.00
0.00
0.00
0.00
0.00
0.00
0.00
12.10
0.20
2.80
0.30
0.30
0.00
0.00
0.00
0.10
17.50
17.50
22.80
1.50
0.00
0.00
0.00
0.00
2.00
10.20
2.10
15.90
1.40
38.70
36.30
1.40
0.00
0.00
0.30
0.00
0.00
0.00
0.20
3.00
22.10
0.10
162.10
0.50
0.10
0.20
6.40
0.30
0.00
0.00
0.20
10.80
33.90
7.90
0.20
2.50
0.30
0.10
0.00
0.00
0.80
3.40
12.40
20.60
31.80
31.80
32.50
32.50
38.40
0.00
0.00
1.10
0.10
0.00
0.00
0.00
0.70
1.00
4.90
18.60
8.70
20.30
2.10
0.40
0.70
1.70
1.30
1.10
12.80
0.00
1.80
12.40
15.80
1.20
46.30
2.10
4.60
9.90
25.50
17.70
20.70
24.60
37.90
0.50
0.00
0.00
2.40
0.50
50.50
36.90
2.10
0.50
0.00
0.10
1.00
0.20
0.90
11.60
51.60
36.00
3.90
6.10
1.70
1.00
0.90
0.70
13.40
0.70
2.70
3.20
22.70
1.00
0.70
11.90
0.20
0.10
0.10
0.10
0.80
25.60
0.20
31.30
69.60
6.90
0.60
5.10
2.50
9.30
9.30
0.00
0.00
0.00
5.50
3.20
10.30
10.80
9.80
8.30
0.00
0.00
0.00
0.00
0.00
5.70
0.00
0.00
0.10
0.00
0.20
3.40
1.20
0.10
0.00
3.40
