20160101
0.00
0.00
0.00
0.00
0.00
0.00
0.00
0.00
0.00
0.00
0.00
0.00
1.00
0.00
0.00
0.00
0.00
0.00
1.00
23.00
1.00
0.00
0.00
0.00
0.00
0.00
2.00
5.00
0.00
0.00
0.00
0.00
0.00
0.00
0.00
0.00
0.00
0.00
0.00
0.00
0.00
0.00
0.00
0.00
0.00
0.00
0.00
0.00
0.00
0.00
0.00
1.00
0.00
43.00
229.00
5.00
25.00
0.00
0.00
0.00
1.00
0.00
0.00
0.00
0.00
27.00
0.00
0.00
0.00
2.00
0.00
0.00
0.00
0.00
0.00
2.00
0.00
29.00
6.00
1.00
1.00
0.00
0.00
0.00
0.00
0.00
0.00
164.00
0.00
44.00
532.00
93.00
33.00
106.00
33.00
0.00
0.00
0.00
1.00
0.00
0.00
0.00
0.00
0.00
0.00
0.00
15.00
0.00
0.00
0.00
0.00
0.00
0.00
0.00
0.00
2.00
2.00
0.00
0.00
0.00
0.00
13.00
150.00
1.00
2.00
0.00
24.00
201.00
1.00
0.00
0.00
0.00
9.00
628.00
0.00
0.00
0.00
71.00
443.00
272.00
1159.00
454.00
0.00
0.00
227.00
114.00
0.00
7.00
202.00
25.00
46.00
40.00
0.00
0.00
0.00
0.00
0.00
5.00
196.00
444.00
82.00
104.00
1048.00
282.00
222.00
1.00
2.00
7.00
22.00
1.00
2.00
6.00
51.00
13.00
37.00
9.00
160.00
8.00
15.00
263.00
58.00
1.00
165.00
206.00
325.00
253.00
57.00
104.00
170.00
16.00
19.00
26.00
1.00
58.00
157.00
14.00
447.00
268.00
40.00
246.00
70.00
15.00
1.00
12.00
19.00
67.00
151.00
1.00
11.00
109.00
146.00
219.00
407.00
90.00
4.00
80.00
26.00
18.00
67.00
40.00
25.00
125.00
232.00
81.00
1.00
235.00
212.00
107.00
317.00
60.00
3.00
0.00
409.00
827.00
0.00
1.00
30.00
453.00
197.00
145.00
402.00
29.00
151.00
574.00
126.00
175.00
129.00
30.00
12.00
6.00
1.00
13.00
12.00
36.00
134.00
229.00
131.00
16.00
1.00
44.00
35.00
2.00
5.00
180.00
10.00
190.00
8.00
12.00
4.00
88.00
1265.00
403.00
0.00
155.00
199.00
196.00
86.00
99.00
22.00
19.00
105.00
14.00
205.00
385.00
1058.00
31.00
0.00
0.00
0.00
0.00
0.00
0.00
0.00
0.00
0.00
0.00
0.00
0.00
0.00
2.00
99.00
39.00
73.00
0.00
0.00
0.00
0.00
13.00
257.00
609.00
131.00
0.00
0.00
0.00
0.00
0.00
0.00
0.00
0.00
0.00
0.00
0.00
0.00
0.00
0.00
0.00
0.00
0.00
0.00
0.00
0.00
0.00
0.00
0.00
0.00
43.00
0.00
0.00
0.00
0.00
0.00
0.00
21.00
0.00
0.00
0.00
0.00
0.00
0.00
0.00
0.00
0.00
0.00
0.00
0.00
0.00
0.00
0.00
0.00
0.00
0.00
0.00
0.00
0.00
0.00
0.00
0.00
0.00
0.00
0.00
0.00
0.00
0.00
0.00
0.00
0.00
0.00
0.00
0.00
0.00
0.00
0.00
0.00
0.00
0.00
0.00
0.00
0.00
0.00
0.00
0.00
0.00
12.00
0.00
0.00
0.00
0.00
0.00
0.00
0.00
0.00
0.00
0.00
0.00
0.00
0.00
0.00
0.00
0.00
0.00
0.00
0.00
0.00
0.00
0.00
0.00
0.00
0.00
0.00
0.00
0.00
0.00
0.00
0.00
0.00
0.00
0.00
0.00
1.00
6.00
275.00
9.00
134.00
3.00
31.00
81.00
0.00
0.00
0.00
0.00
0.00
0.00
362.00
20.00
23.00
0.00
0.00
0.00
0.00
21.00
0.00
0.00
4.00
40.00
6.00
0.00
0.00
0.00
569.00
138.00
444.00
0.00
0.00
0.00
0.00
0.00
0.00
0.00
0.00
0.00
28.00
0.00
0.00
0.00
801.00
63.00
240.00
902.00
128.00
349.00
155.00
0.00
0.00
0.00
0.00
3.00
14.00
0.00
0.00
0.00
10.00
3.00
0.00
0.00
361.00
0.00
3.00
0.00
16.00
8.00
694.00
99.00
45.00
0.00
0.00
0.00
0.00
0.00
0.00
0.00
0.00
13.00
24.00
184.00
227.00
829.00
40.00
1472.00
13.00
5.00
177.00
166.00
0.00
169.00
265.00
37.00
153.00
415.00
317.00
280.00
1.00
214.00
42.00
8.00
191.00
811.00
65.00
225.00
98.00
3.00
26.00
3.00
8.00
5.00
22.00
16.00
54.00
394.00
449.00
477.00
169.00
251.00
6.00
1.00
28.00
41.00
251.00
42.00
73.00
104.00
135.00
20.00
76.00
256.00
371.00
847.00
1475.00
690.00
25.00
50.00
650.00
189.00
356.00
82.00
99.00
130.00
85.00
0.00
59.00
53.00
70.00
109.00
109.00
123.00
41.00
0.00
3.00
190.00
246.00
415.00
60.00
12.00
194.00
204.00
58.00
103.00
68.00
98.00
430.00
353.00
56.00
219.00
110.00
99.00
116.00
70.00
29.00
185.00
311.00
236.00
20.00
124.00
46.00
54.00
1.00
117.00
8.00
3.00
230.00
374.00
28.00
0.00
16.00
46.00
95.00
570.00
312.00
261.00
42.00
82.00
0.00
170.00
239.00
336.00
267.00
280.00
87.00
195.00
280.00
10.00
4.00
76.00
88.00
9.00
8.00
1.00
1.00
147.00
0.00
2.00
0.00
0.00
0.00
0.00
0.00
41.00
26.00
263.00
1359.00
928.00
0.00
0.00
0.00
0.00
0.00
0.00
1.00
123.00
89.00
0.00
0.00
0.00
0.00
0.00
0.00
0.00
0.00
0.00
0.00
0.00
0.00
16.00
0.00
0.00
275.00
41.00
20.00
0.00
0.00
0.00
0.00
0.00
0.00
0.00
0.00
0.00
0.00
0.00
0.00
0.00
0.00
0.00
0.00
0.00
0.00
2.00
153.00
1112.00
986.00
646.00
0.00
0.00
0.00
0.00
0.00
0.00
0.00
0.00
9.00
0.00
0.00
0.00
0.00
0.00
0.00
0.00
0.00
0.00
0.00
0.00
155.00
267.00
26.00
0.00
0.00
0.00
0.00
0.00
0.00
0.00
0.00
0.00
0.00
0.00
0.00
0.00
0.00
0.00
0.00
0.00
0.00
0.00
0.00
0.00
0.00
0.00
0.00
0.00
0.00
0.00
0.00
0.00
0.00
0.00
0.00
0.00
0.00
69.00
484.00
279.00
698.00
145.00
101.00
0.00
10.00
26.00
0.00
0.00
0.00
0.00
0.00
0.00
0.00
57.00
0.00
0.00
0.00
176.00
0.00
0.00
0.00
0.00
0.00
0.00
2.00
0.00
0.00
0.00
0.00
0.00
0.00
0.00
0.00
0.00
0.00
92.00
12.00
0.00
0.00
0.00
0.00
0.00
0.00
0.00
6.00
0.00
1.00
0.00
0.00
109.00
108.00
29.00
21.00
0.00
0.00
1.00
57.00
117.00
23.00
139.00
3.00
171.00
21.00
1.00
272.00
0.00
26.00
351.00
37.00
33.00
13.00
33.00
234.00
0.00
0.00
0.00
2.00
0.00
0.00
474.00
205.00
0.00
188.00
33.00
35.00
683.00
34.00
69.00
2.00
6.00
378.00
756.00
0.00
68.00
11.00
0.00
33.00
155.00
528.00
249.00
37.00
137.00
15.00
176.00
59.00
1.00
0.00
0.00
87.00
107.00
233.00
210.00
104.00
5.00
14.00
203.00
71.00
4.00
0.00
300.00
440.00
345.00
509.00
959.00
38.00
45.00
171.00
153.00
29.00
0.00
180.00
44.00
1.00
2.00
122.00
348.00
15.00
7.00
8.00
9.00
2.00
15.00
0.00
232.00
564.00
99.00
18.00
27.00
6.00
7.00
5.00
4.00
38.00
11.00
290.00
118.00
23.00
93.00
35.00
11.00
10.00
43.00
122.00
94.00
342.00
498.00
164.00
95.00
203.00
157.00
13.00
27.00
75.00
121.00
80.00
83.00
105.00
419.00
197.00
7.00
27.00
3.00
26.00
25.00
43.00
86.00
489.00
17.00
133.00
213.00
221.00
116.00
48.00
297.00
12.00
18.00
117.00
149.00
27.00
2.00
14.00
0.00
24.00
2.00
17.00
41.00
37.00
142.00
0.00
0.00
0.00
0.00
11.00
26.00
7.00
323.00
6.00
3.00
71.00
0.00
0.00
36.00
178.00
117.00
1.00
0.00
27.00
29.00
146.00
1.00
0.00
25.00
0.00
0.00
0.00
0.00
0.00
0.00
0.00
0.00
0.00
9.00
182.00
342.00
554.00
421.00
226.00
0.00
0.00
0.00
0.00
0.00
0.00
0.00
0.00
0.00
0.00
0.00
0.00
0.00
6.00
74.00
219.00
75.00
26.00
0.00
0.00
0.00
0.00
0.00
0.00
0.00
0.00
0.00
0.00
0.00
1.00
0.00
0.00
0.00
0.00
0.00
0.00
0.00
0.00
2.00
0.00
0.00
0.00
0.00
0.00
0.00
0.00
0.00
0.00
0.00
0.00
0.00
0.00
1.00
5.00
0.00
0.00
0.00
0.00
0.00
0.00
0.00
0.00
0.00
64.00
38.00
2.00
0.00
0.00
0.00
0.00
0.00
0.00
0.00
0.00
0.00
0.00
0.00
0.00
0.00
0.00
0.00
0.00
0.00
0.00
0.00
0.00
0.00
0.00
0.00
0.00
0.00
0.00
0.00
0.00
0.00
0.00
0.00
0.00
0.00
0.00
0.00
0.00
0.00
0.00
0.00
0.00
0.00
0.00
0.00
0.00
0.00
0.00
0.00
0.00
0.00
0.00
0.00
1.00
0.00
0.00
0.00
0.00
0.00
0.00
0.00
5.00
2.00
0.00
0.00
0.00
0.00
0.00
0.20
0.30
78.50
61.40
43.60
14.60
0.00
0.00
0.00
4.10
12.90
0.00
0.00
0.00
0.00
0.00
0.00
0.00
0.00
0.00
1.60
4.30
20.20
0.70
0.20
4.00
0.00
0.10
0.00
0.00
0.00
0.00
0.10
0.00
0.00
0.00
26.80
31.10
70.40
86.50
0.00
0.00
13.50
0.00
7.90
25.60
4.20
14.90
0.50
29.10
0.00
0.00
0.00
0.00
0.00
0.00
0.00
0.40
0.10
0.00
0.00
0.00
0.00
0.00
0.00
0.00
0.00
0.00
0.10
113.30
77.80
0.00
0.00
0.00
0.00
0.00
0.00
0.00
0.00
42.60
0.00
10.90
2.40
2.30
0.00
0.00
0.00
0.00
44.20
44.20
38.80
3.70
0.00
0.00
0.00
0.00
0.00
1.70
30.70
6.30
19.70
48.70
0.40
1.40
2.40
8.10
8.90
0.10
0.00
1.40
51.80
4.90
74.10
0.00
11.40
5.00
4.10
2.40
1.70
0.00
0.10
0.30
7.00
16.60
1.90
2.30
9.50
1.50
1.40
1.70
1.40
0.80
1.00
6.70
33.10
51.10
52.00
52.00
65.40
65.40
64.00
1.20
1.20
0.50
42.70
1.20
1.20
1.20
2.50
3.40
9.50
4.10
24.10
1.60
3.40
0.00
1.80
30.40
1.80
4.20
6.20
3.50
45.40
54.00
5.40
3.10
26.80
10.70
3.30
76.30
26.90
37.20
52.40
12.70
15.70
1.20
13.80
0.80
6.50
3.20
32.70
30.50
23.40
10.30
0.80
0.70
2.40
0.60
11.00
36.10
26.10
37.90
4.50
9.80
0.90
2.00
19.70
63.30
21.10
10.40
6.40
47.90
18.10
3.00
2.30
0.90
0.70
1.70
1.90
1.60
2.10
9.50
5.30
32.90
21.20
5.30
2.40
5.80
20.00
28.40
28.40
30.70
0.50
0.00
0.40
10.00
0.80
1.10
13.90
31.40
0.10
0.00
0.00
0.00
0.00
22.30
0.00
0.00
0.10
0.00
0.30
4.20
3.80
0.30
0.00
1.50
