20160101
0.00
0.00
0.00
0.00
0.00
0.00
0.00
0.00
1.00
0.00
0.00
0.00
1.00
0.00
0.00
0.00
0.00
0.00
0.00
24.00
0.00
0.00
0.00
0.00
0.00
0.00
0.00
0.00
0.00
0.00
0.00
0.00
0.00
0.00
0.00
0.00
0.00
0.00
0.00
0.00
0.00
4.00
0.00
0.00
0.00
0.00
0.00
0.00
0.00
0.00
4.00
0.00
0.00
136.00
117.00
2.00
21.00
0.00
0.00
0.00
0.00
0.00
0.00
0.00
0.00
217.00
0.00
0.00
0.00
0.00
0.00
0.00
0.00
0.00
0.00
4.00
0.00
3.00
0.00
1.00
63.00
0.00
0.00
0.00
0.00
0.00
0.00
41.00
469.00
287.00
539.00
137.00
0.00
187.00
484.00
1.00
0.00
0.00
0.00
0.00
0.00
0.00
0.00
0.00
0.00
0.00
297.00
27.00
0.00
0.00
0.00
0.00
0.00
0.00
0.00
0.00
0.00
6.00
0.00
0.00
0.00
23.00
336.00
56.00
1.00
0.00
183.00
58.00
8.00
12.00
7.00
2.00
66.00
399.00
4.00
46.00
0.00
84.00
41.00
106.00
599.00
1209.00
27.00
0.00
308.00
168.00
46.00
17.00
1070.00
75.00
25.00
106.00
0.00
0.00
0.00
0.00
0.00
15.00
229.00
29.00
1.00
0.00
587.00
120.00
57.00
5.00
6.00
68.00
66.00
0.00
14.00
0.00
0.00
61.00
97.00
7.00
15.00
154.00
24.00
271.00
21.00
1.00
49.00
30.00
206.00
96.00
44.00
63.00
191.00
60.00
36.00
41.00
0.00
13.00
14.00
14.00
243.00
118.00
304.00
201.00
264.00
16.00
3.00
4.00
42.00
13.00
53.00
5.00
18.00
94.00
116.00
112.00
469.00
157.00
71.00
40.00
25.00
69.00
3.00
0.00
12.00
22.00
307.00
2.00
2.00
391.00
237.00
156.00
251.00
24.00
0.00
0.00
178.00
118.00
0.00
0.00
0.00
833.00
30.00
230.00
250.00
0.00
74.00
289.00
14.00
122.00
33.00
1.00
46.00
15.00
0.00
0.00
10.00
26.00
113.00
278.00
194.00
29.00
0.00
27.00
20.00
1.00
78.00
81.00
13.00
230.00
15.00
25.00
53.00
114.00
149.00
223.00
0.00
466.00
20.00
153.00
2.00
85.00
106.00
62.00
174.00
19.00
1.00
90.00
84.00
35.00
0.00
0.00
0.00
0.00
0.00
0.00
0.00
0.00
0.00
0.00
0.00
1.00
0.00
0.00
51.00
10.00
135.00
0.00
0.00
0.00
0.00
42.00
308.00
497.00
120.00
0.00
0.00
0.00
0.00
0.00
0.00
0.00
0.00
0.00
0.00
0.00
0.00
0.00
0.00
0.00
0.00
0.00
0.00
0.00
0.00
0.00
0.00
0.00
0.00
0.00
0.00
0.00
0.00
0.00
0.00
0.00
0.00
0.00
0.00
0.00
0.00
0.00
0.00
0.00
0.00
0.00
0.00
0.00
0.00
0.00
0.00
0.00
0.00
0.00
0.00
0.00
0.00
0.00
0.00
0.00
0.00
0.00
0.00
0.00
0.00
0.00
0.00
0.00
0.00
0.00
0.00
0.00
0.00
0.00
0.00
0.00
0.00
0.00
0.00
0.00
0.00
0.00
0.00
0.00
0.00
0.00
4.00
0.00
0.00
0.00
0.00
0.00
0.00
0.00
0.00
0.00
0.00
0.00
0.00
0.00
0.00
0.00
0.00
0.00
0.00
0.00
0.00
0.00
0.00
0.00
0.00
0.00
0.00
0.00
0.00
0.00
0.00
0.00
0.00
0.00
0.00
0.00
4.00
172.00
0.00
0.00
164.00
16.00
112.00
223.00
0.00
0.00
0.00
0.00
0.00
0.00
135.00
5.00
39.00
0.00
0.00
0.00
0.00
78.00
0.00
2.00
23.00
194.00
444.00
0.00
0.00
0.00
145.00
0.00
430.00
0.00
0.00
0.00
0.00
0.00
0.00
0.00
0.00
0.00
0.00
2.00
0.00
38.00
794.00
18.00
86.00
1165.00
52.00
335.00
262.00
0.00
3.00
0.00
53.00
0.00
354.00
0.00
0.00
0.00
0.00
10.00
0.00
0.00
128.00
0.00
0.00
0.00
121.00
35.00
447.00
14.00
95.00
3.00
23.00
0.00
0.00
0.00
0.00
0.00
0.00
98.00
0.00
43.00
192.00
284.00
32.00
476.00
1.00
2.00
272.00
62.00
0.00
5.00
205.00
100.00
259.00
249.00
406.00
59.00
0.00
83.00
370.00
192.00
256.00
414.00
21.00
0.00
37.00
8.00
79.00
29.00
24.00
8.00
49.00
30.00
125.00
278.00
94.00
270.00
429.00
47.00
1.00
4.00
3.00
37.00
254.00
122.00
207.00
130.00
46.00
59.00
166.00
275.00
48.00
304.00
1016.00
459.00
13.00
102.00
521.00
64.00
315.00
123.00
105.00
148.00
9.00
3.00
6.00
203.00
91.00
117.00
113.00
5.00
20.00
3.00
70.00
298.00
570.00
431.00
39.00
186.00
83.00
58.00
116.00
232.00
87.00
113.00
272.00
196.00
96.00
68.00
54.00
102.00
208.00
84.00
52.00
137.00
252.00
260.00
12.00
435.00
5.00
3.00
149.00
73.00
97.00
142.00
307.00
720.00
17.00
54.00
7.00
0.00
64.00
106.00
280.00
167.00
19.00
13.00
0.00
20.00
26.00
90.00
81.00
365.00
122.00
78.00
98.00
206.00
5.00
4.00
19.00
22.00
65.00
1.00
26.00
145.00
0.00
0.00
14.00
0.00
0.00
1.00
0.00
32.00
211.00
329.00
1038.00
787.00
0.00
0.00
0.00
0.00
0.00
0.00
3.00
25.00
117.00
0.00
0.00
0.00
0.00
0.00
0.00
0.00
0.00
0.00
0.00
0.00
0.00
124.00
0.00
3.00
335.00
60.00
12.00
0.00
0.00
0.00
0.00
0.00
0.00
0.00
0.00
0.00
0.00
0.00
0.00
0.00
0.00
0.00
0.00
0.00
0.00
2.00
13.00
460.00
580.00
137.00
0.00
0.00
0.00
0.00
0.00
0.00
0.00
0.00
0.00
0.00
0.00
0.00
0.00
0.00
0.00
0.00
0.00
0.00
0.00
0.00
34.00
316.00
0.00
0.00
0.00
0.00
0.00
0.00
0.00
0.00
0.00
0.00
0.00
0.00
0.00
0.00
0.00
0.00
0.00
0.00
0.00
0.00
0.00
0.00
0.00
0.00
0.00
0.00
0.00
0.00
0.00
0.00
0.00
0.00
0.00
0.00
0.00
0.00
593.00
368.00
900.00
74.00
141.00
0.00
48.00
62.00
0.00
0.00
0.00
0.00
0.00
0.00
0.00
0.00
0.00
0.00
0.00
184.00
0.00
0.00
0.00
0.00
0.00
0.00
4.00
0.00
0.00
0.00
0.00
0.00
0.00
0.00
3.00
0.00
16.00
45.00
7.00
0.00
0.00
0.00
0.00
0.00
0.00
0.00
6.00
85.00
0.00
34.00
0.00
234.00
140.00
0.00
38.00
0.00
0.00
24.00
145.00
450.00
0.00
0.00
0.00
161.00
43.00
0.00
251.00
0.00
27.00
256.00
217.00
149.00
261.00
412.00
367.00
0.00
0.00
38.00
102.00
0.00
0.00
257.00
91.00
14.00
280.00
21.00
150.00
1016.00
217.00
132.00
35.00
300.00
304.00
210.00
0.00
127.00
56.00
0.00
84.00
8.00
417.00
115.00
179.00
183.00
19.00
67.00
30.00
20.00
0.00
0.00
16.00
3.00
78.00
184.00
259.00
0.00
76.00
192.00
3.00
14.00
72.00
125.00
654.00
421.00
5.00
480.00
42.00
54.00
265.00
47.00
0.00
6.00
381.00
3.00
1.00
0.00
75.00
43.00
80.00
38.00
12.00
12.00
8.00
13.00
1.00
12.00
152.00
96.00
14.00
10.00
17.00
0.00
10.00
9.00
7.00
64.00
519.00
272.00
153.00
1.00
18.00
25.00
29.00
54.00
155.00
20.00
121.00
281.00
21.00
32.00
16.00
55.00
109.00
7.00
53.00
19.00
78.00
17.00
89.00
187.00
28.00
19.00
21.00
10.00
56.00
30.00
42.00
180.00
264.00
91.00
413.00
159.00
431.00
23.00
87.00
206.00
1.00
34.00
57.00
97.00
113.00
78.00
0.00
1.00
0.00
12.00
18.00
14.00
6.00
307.00
86.00
0.00
0.00
0.00
2.00
31.00
1.00
30.00
120.00
8.00
13.00
0.00
0.00
80.00
141.00
170.00
1.00
0.00
24.00
12.00
151.00
11.00
122.00
0.00
11.00
0.00
0.00
0.00
0.00
0.00
0.00
0.00
0.00
0.00
40.00
109.00
342.00
227.00
34.00
0.00
0.00
0.00
0.00
0.00
0.00
0.00
0.00
0.00
0.00
0.00
0.00
0.00
10.00
85.00
185.00
31.00
0.00
0.00
0.00
0.00
0.00
21.00
1.00
0.00
0.00
0.00
0.00
0.00
1.00
0.00
0.00
0.00
0.00
0.00
0.00
0.00
11.00
0.00
0.00
0.00
0.00
0.00
0.00
0.00
0.00
0.00
0.00
0.00
0.00
0.00
0.00
22.00
1.00
0.00
0.00
0.00
0.00
0.00
0.00
0.00
0.00
0.00
8.00
85.00
15.00
0.00
0.00
0.00
0.00
0.00
0.00
0.00
0.00
0.00
0.00
0.00
0.00
0.00
0.00
0.00
0.00
0.00
0.00
0.00
0.00
0.00
0.00
0.00
0.00
0.00
0.00
0.00
0.00
0.00
0.00
0.00
0.00
0.00
0.00
0.00
0.00
0.00
0.00
0.00
0.00
0.00
0.00
0.00
0.00
0.00
0.00
0.00
0.00
0.00
0.00
0.00
0.00
1.00
0.00
0.00
0.00
0.00
0.00
0.00
1.00
8.00
0.00
0.00
0.00
0.00
0.00
0.00
0.70
43.80
30.40
43.10
11.40
0.00
0.00
0.00
0.70
7.10
0.00
0.00
0.00
0.00
0.00
0.00
0.00
0.00
2.60
5.90
1.20
36.80
0.40
0.00
1.50
0.00
1.20
0.00
0.00
0.00
0.60
0.00
0.00
0.00
0.40
33.90
15.80
134.80
17.50
0.00
3.10
57.50
0.00
31.00
19.60
2.60
6.20
1.50
11.40
0.00
0.00
1.00
0.00
0.00
0.00
0.00
2.20
0.30
0.00
0.00
0.00
0.00
0.00
0.00
0.00
0.00
0.00
0.00
55.70
72.80
0.00
0.00
0.00
0.00
0.00
0.00
0.90
0.00
15.90
0.10
1.00
0.00
8.60
0.00
38.20
38.20
0.00
26.60
26.60
43.90
5.40
0.00
2.10
0.00
0.00
0.10
2.10
4.90
10.70
19.20
59.80
5.30
0.30
2.60
3.90
19.70
0.00
0.00
8.30
6.60
40.10
68.10
0.00
0.20
0.40
1.30
3.60
4.10
0.00
0.00
0.00
11.60
5.60
1.80
3.30
0.10
2.80
0.20
0.30
0.50
3.20
2.00
5.30
15.60
13.50
26.30
26.30
32.60
32.60
48.80
0.00
0.00
0.00
2.90
0.00
0.00
0.00
0.70
10.70
2.10
2.30
71.20
3.10
2.00
0.00
0.50
32.20
2.10
0.00
1.70
5.90
32.90
47.70
8.40
1.50
24.10
1.20
0.40
23.10
26.20
14.10
55.80
37.20
1.30
0.00
0.00
1.40
4.80
8.30
11.20
26.60
27.00
1.90
0.20
0.00
3.20
0.00
3.40
14.30
25.90
101.60
7.00
22.10
1.00
0.00
1.10
2.50
7.90
5.80
3.10
22.80
3.30
0.00
0.10
2.30
0.00
0.00
0.70
0.20
12.50
27.90
7.80
33.20
38.70
1.70
0.50
6.50
24.90
13.70
13.70
8.70
0.30
0.00
6.60
12.50
7.90
0.00
15.60
13.00
0.00
0.00
0.00
0.00
0.00
6.90
0.00
0.00
0.00
0.00
0.10
3.20
1.30
0.10
0.00
2.30
