20160101
0.00
0.00
0.00
0.00
0.00
0.00
0.00
0.00
0.00
0.00
0.00
0.00
1.00
0.00
0.00
0.00
0.00
0.00
1.00
5.00
10.00
0.00
0.00
0.00
0.00
0.00
0.00
0.00
0.00
0.00
0.00
0.00
0.00
0.00
0.00
0.00
0.00
0.00
0.00
0.00
0.00
0.00
23.00
0.00
0.00
0.00
0.00
0.00
0.00
0.00
0.00
0.00
0.00
10.00
225.00
18.00
20.00
0.00
0.00
0.00
4.00
0.00
0.00
0.00
0.00
10.00
0.00
0.00
0.00
2.00
1.00
0.00
0.00
0.00
0.00
0.00
9.00
0.00
9.00
0.00
26.00
0.00
0.00
0.00
0.00
0.00
0.00
540.00
0.00
0.00
147.00
108.00
0.00
98.00
156.00
33.00
0.00
0.00
0.00
0.00
0.00
0.00
0.00
0.00
0.00
0.00
61.00
25.00
0.00
5.00
0.00
0.00
0.00
0.00
0.00
185.00
5.00
0.00
0.00
0.00
0.00
312.00
65.00
26.00
140.00
0.00
9.00
5.00
0.00
0.00
2.00
0.00
53.00
29.00
7.00
0.00
1.00
77.00
185.00
212.00
781.00
935.00
0.00
0.00
177.00
14.00
0.00
0.00
12.00
31.00
0.00
89.00
7.00
0.00
1154.00
345.00
0.00
8.00
67.00
73.00
28.00
382.00
544.00
140.00
134.00
0.00
19.00
33.00
49.00
6.00
3.00
10.00
6.00
11.00
5.00
135.00
99.00
69.00
6.00
163.00
324.00
13.00
8.00
13.00
12.00
96.00
125.00
20.00
186.00
94.00
41.00
27.00
0.00
51.00
0.00
7.00
69.00
52.00
28.00
7.00
1.00
10.00
3.00
16.00
34.00
65.00
320.00
1.00
0.00
100.00
245.00
44.00
378.00
982.00
21.00
75.00
90.00
32.00
11.00
3.00
184.00
49.00
112.00
137.00
3.00
184.00
146.00
23.00
33.00
0.00
0.00
15.00
452.00
125.00
0.00
4.00
0.00
504.00
11.00
123.00
128.00
68.00
58.00
24.00
155.00
7.00
20.00
1.00
0.00
1.00
1.00
114.00
4.00
0.00
72.00
313.00
165.00
141.00
285.00
358.00
102.00
85.00
63.00
68.00
163.00
248.00
693.00
19.00
3.00
86.00
352.00
326.00
108.00
162.00
218.00
256.00
127.00
176.00
40.00
156.00
591.00
81.00
0.00
0.00
317.00
311.00
29.00
0.00
0.00
0.00
0.00
0.00
0.00
0.00
0.00
0.00
0.00
17.00
0.00
0.00
16.00
9.00
10.00
0.00
0.00
0.00
0.00
6.00
208.00
830.00
380.00
0.00
0.00
0.00
0.00
0.00
0.00
0.00
0.00
0.00
0.00
0.00
0.00
0.00
0.00
0.00
0.00
0.00
0.00
0.00
0.00
0.00
0.00
0.00
0.00
1.00
0.00
0.00
0.00
0.00
0.00
0.00
0.00
0.00
0.00
0.00
0.00
0.00
0.00
0.00
0.00
0.00
0.00
0.00
0.00
0.00
0.00
0.00
0.00
0.00
0.00
0.00
0.00
0.00
0.00
0.00
0.00
0.00
0.00
0.00
0.00
0.00
0.00
0.00
0.00
0.00
0.00
0.00
0.00
0.00
0.00
0.00
0.00
0.00
0.00
0.00
0.00
0.00
0.00
0.00
0.00
0.00
0.00
0.00
0.00
0.00
0.00
0.00
0.00
0.00
0.00
0.00
0.00
0.00
0.00
0.00
0.00
0.00
0.00
0.00
0.00
0.00
0.00
0.00
0.00
0.00
0.00
0.00
0.00
0.00
0.00
0.00
0.00
0.00
0.00
0.00
0.00
0.00
0.00
173.00
88.00
2.00
177.00
1.00
104.00
26.00
0.00
0.00
0.00
0.00
0.00
0.00
268.00
0.00
49.00
0.00
0.00
0.00
0.00
67.00
0.00
0.00
0.00
337.00
97.00
0.00
0.00
0.00
241.00
254.00
124.00
0.00
0.00
0.00
0.00
0.00
0.00
0.00
0.00
0.00
8.00
2.00
0.00
2.00
580.00
245.00
167.00
275.00
122.00
364.00
476.00
0.00
0.00
0.00
0.00
35.00
0.00
0.00
0.00
0.00
0.00
18.00
0.00
0.00
104.00
0.00
2.00
0.00
19.00
35.00
315.00
8.00
238.00
0.00
103.00
0.00
35.00
0.00
0.00
0.00
0.00
0.00
164.00
294.00
205.00
638.00
264.00
1495.00
61.00
46.00
375.00
1.00
0.00
455.00
812.00
974.00
218.00
147.00
912.00
959.00
0.00
134.00
227.00
18.00
213.00
299.00
12.00
47.00
54.00
199.00
62.00
61.00
71.00
32.00
102.00
93.00
201.00
46.00
27.00
178.00
158.00
36.00
1.00
5.00
0.00
8.00
108.00
10.00
121.00
441.00
606.00
70.00
57.00
59.00
196.00
185.00
196.00
14.00
74.00
323.00
838.00
45.00
27.00
60.00
193.00
76.00
2.00
11.00
0.00
0.00
142.00
106.00
111.00
10.00
20.00
1.00
0.00
152.00
559.00
227.00
20.00
5.00
69.00
21.00
12.00
28.00
73.00
257.00
263.00
76.00
423.00
327.00
105.00
191.00
119.00
49.00
106.00
30.00
246.00
3.00
20.00
58.00
43.00
10.00
134.00
176.00
138.00
0.00
101.00
73.00
0.00
42.00
49.00
15.00
121.00
80.00
324.00
22.00
5.00
13.00
8.00
55.00
385.00
434.00
273.00
268.00
68.00
89.00
128.00
0.00
133.00
0.00
143.00
49.00
414.00
16.00
5.00
9.00
0.00
140.00
218.00
0.00
0.00
0.00
0.00
757.00
363.00
237.00
261.00
904.00
0.00
0.00
0.00
0.00
0.00
0.00
26.00
185.00
61.00
0.00
0.00
0.00
0.00
0.00
0.00
0.00
0.00
0.00
0.00
0.00
0.00
13.00
0.00
15.00
211.00
63.00
7.00
0.00
0.00
0.00
0.00
0.00
0.00
0.00
0.00
0.00
0.00
0.00
0.00
0.00
0.00
0.00
0.00
0.00
0.00
0.00
4.00
1151.00
600.00
141.00
0.00
0.00
0.00
0.00
0.00
0.00
0.00
0.00
0.00
0.00
0.00
0.00
0.00
0.00
0.00
0.00
0.00
0.00
0.00
0.00
117.00
269.00
10.00
0.00
0.00
0.00
0.00
0.00
0.00
0.00
0.00
0.00
0.00
0.00
0.00
0.00
0.00
0.00
0.00
0.00
0.00
0.00
0.00
0.00
0.00
0.00
0.00
0.00
0.00
0.00
0.00
0.00
0.00
0.00
0.00
0.00
0.00
0.00
32.00
14.00
365.00
0.00
124.00
0.00
0.00
0.00
0.00
0.00
0.00
0.00
0.00
0.00
0.00
0.00
0.00
0.00
0.00
341.00
0.00
0.00
0.00
0.00
0.00
0.00
0.00
0.00
0.00
0.00
0.00
0.00
0.00
0.00
186.00
0.00
0.00
1.00
59.00
0.00
0.00
0.00
0.00
0.00
0.00
0.00
0.00
0.00
26.00
6.00
0.00
0.00
68.00
0.00
10.00
231.00
0.00
0.00
26.00
1.00
83.00
1.00
19.00
3.00
0.00
0.00
3.00
0.00
0.00
159.00
10.00
28.00
67.00
167.00
9.00
0.00
0.00
6.00
97.00
37.00
0.00
302.00
452.00
2.00
31.00
4.00
31.00
384.00
304.00
704.00
242.00
207.00
272.00
462.00
0.00
55.00
0.00
0.00
60.00
0.00
0.00
125.00
152.00
13.00
28.00
0.00
145.00
5.00
0.00
0.00
0.00
17.00
68.00
170.00
1.00
16.00
96.00
678.00
297.00
0.00
1.00
773.00
444.00
685.00
1227.00
636.00
166.00
428.00
481.00
43.00
137.00
8.00
8.00
11.00
174.00
10.00
22.00
37.00
4.00
36.00
20.00
60.00
8.00
3.00
0.00
335.00
73.00
48.00
30.00
27.00
23.00
0.00
3.00
4.00
478.00
35.00
20.00
92.00
96.00
2.00
6.00
1.00
75.00
318.00
52.00
3.00
98.00
31.00
41.00
1.00
56.00
2.00
17.00
39.00
99.00
133.00
35.00
1.00
313.00
623.00
527.00
39.00
280.00
90.00
97.00
272.00
516.00
80.00
118.00
123.00
19.00
37.00
6.00
20.00
10.00
62.00
0.00
46.00
6.00
48.00
68.00
14.00
7.00
5.00
4.00
11.00
12.00
0.00
43.00
109.00
8.00
0.00
0.00
10.00
164.00
19.00
8.00
4.00
2.00
0.00
573.00
0.00
198.00
177.00
54.00
103.00
5.00
0.00
59.00
9.00
7.00
1.00
168.00
0.00
0.00
0.00
6.00
0.00
0.00
0.00
0.00
0.00
0.00
0.00
232.00
292.00
458.00
704.00
110.00
1.00
0.00
0.00
0.00
0.00
0.00
0.00
0.00
0.00
0.00
0.00
0.00
0.00
149.00
91.00
333.00
166.00
45.00
0.00
0.00
0.00
0.00
0.00
0.00
0.00
0.00
0.00
0.00
0.00
0.00
0.00
3.00
0.00
0.00
0.00
0.00
0.00
0.00
0.00
0.00
0.00
0.00
0.00
0.00
0.00
0.00
0.00
0.00
0.00
0.00
0.00
0.00
0.00
0.00
0.00
0.00
0.00
0.00
0.00
0.00
0.00
1.00
0.00
42.00
70.00
11.00
0.00
0.00
0.00
0.00
0.00
0.00
0.00
0.00
0.00
0.00
0.00
0.00
0.00
0.00
0.00
0.00
0.00
0.00
0.00
0.00
0.00
0.00
0.00
0.00
0.00
0.00
0.00
0.00
0.00
0.00
0.00
0.00
0.00
0.00
0.00
0.00
0.00
0.00
0.00
0.00
0.00
0.00
0.00
0.00
0.00
0.00
0.00
0.00
0.00
0.00
0.00
0.00
0.00
0.00
0.00
0.00
0.00
0.00
0.00
2.00
0.00
0.00
0.00
0.00
0.00
0.00
0.00
0.00
108.80
100.50
28.10
28.20
0.00
0.00
0.00
1.30
21.40
0.00
0.00
0.00
0.00
0.00
0.00
0.00
0.00
0.00
0.00
0.80
0.00
1.10
0.00
0.00
0.00
0.60
0.00
0.00
0.00
0.00
0.00
0.00
0.00
0.00
53.90
24.40
62.30
12.60
0.00
1.30
15.90
0.00
43.50
43.30
0.00
3.60
0.00
0.80
0.00
0.00
0.00
0.00
0.00
0.00
0.00
0.00
0.20
0.00
0.00
0.00
0.00
0.00
0.00
0.00
0.00
0.00
0.40
14.50
24.30
0.00
0.00
0.00
0.00
0.00
0.00
0.00
0.00
3.70
0.10
7.80
13.00
22.70
0.10
0.20
0.20
0.00
17.60
17.60
78.20
32.80
5.00
1.70
0.00
0.00
0.50
0.00
20.70
7.90
1.10
0.80
0.00
24.60
4.60
0.30
24.50
0.90
0.00
80.10
194.60
37.50
9.30
0.20
0.50
24.60
58.00
33.50
9.20
4.50
0.00
3.30
0.20
4.50
19.10
0.10
1.50
10.50
0.00
0.40
0.40
0.30
3.50
28.00
97.60
67.50
21.00
21.00
131.90
131.90
31.60
3.10
3.10
0.00
12.80
3.10
3.10
3.10
1.90
5.20
16.40
0.50
39.80
4.10
2.10
0.10
1.60
23.10
2.80
2.40
4.30
4.80
9.90
18.00
22.90
0.60
2.90
1.40
1.20
1.70
11.00
3.00
16.60
25.60
3.40
0.10
0.00
0.00
3.90
2.30
38.10
37.80
20.30
4.30
8.60
3.20
5.30
0.10
7.90
4.90
10.60
2.90
4.90
8.30
12.50
12.30
0.40
0.10
4.80
0.10
5.60
11.90
1.20
0.10
2.20
1.20
0.10
0.10
13.60
0.00
4.20
9.40
39.60
12.80
13.00
2.70
41.40
0.00
14.50
2.70
2.70
15.10
0.00
0.00
2.90
17.30
1.00
0.30
19.60
8.80
0.40
0.00
0.00
27.80
9.00
1.00
0.00
0.00
0.00
0.00
0.90
7.20
3.00
1.10
0.50
2.30
