20160101
0.00
0.00
0.00
0.00
0.00
0.00
0.00
0.00
7.00
0.00
0.00
0.00
2.00
0.00
0.00
0.00
0.00
0.00
0.00
13.00
0.00
0.00
0.00
0.00
0.00
0.00
0.00
0.00
0.00
0.00
0.00
0.00
0.00
0.00
0.00
0.00
0.00
0.00
2.00
2.00
0.00
0.00
0.00
0.00
0.00
0.00
0.00
0.00
0.00
0.00
1.00
0.00
0.00
14.00
159.00
8.00
9.00
0.00
0.00
0.00
0.00
0.00
0.00
0.00
0.00
106.00
0.00
0.00
0.00
0.00
0.00
1.00
0.00
0.00
2.00
5.00
0.00
5.00
0.00
0.00
81.00
0.00
0.00
0.00
0.00
0.00
0.00
137.00
245.00
85.00
398.00
112.00
8.00
241.00
623.00
1.00
0.00
0.00
0.00
0.00
0.00
0.00
0.00
0.00
5.00
1.00
258.00
81.00
0.00
0.00
0.00
0.00
0.00
0.00
0.00
0.00
0.00
6.00
0.00
0.00
0.00
58.00
517.00
84.00
10.00
20.00
124.00
28.00
1.00
7.00
13.00
0.00
126.00
222.00
2.00
58.00
0.00
61.00
44.00
86.00
586.00
644.00
1.00
0.00
323.00
155.00
26.00
23.00
776.00
60.00
19.00
85.00
0.00
0.00
1.00
39.00
0.00
24.00
143.00
62.00
0.00
35.00
517.00
89.00
52.00
0.00
18.00
225.00
87.00
2.00
38.00
1.00
0.00
36.00
68.00
7.00
29.00
157.00
37.00
356.00
80.00
9.00
42.00
68.00
330.00
197.00
59.00
31.00
250.00
61.00
55.00
58.00
0.00
10.00
6.00
27.00
140.00
55.00
181.00
125.00
117.00
15.00
6.00
9.00
34.00
22.00
124.00
0.00
2.00
33.00
157.00
132.00
241.00
146.00
65.00
154.00
29.00
72.00
4.00
23.00
9.00
9.00
394.00
16.00
5.00
519.00
309.00
176.00
302.00
7.00
2.00
0.00
124.00
47.00
0.00
0.00
0.00
799.00
28.00
583.00
106.00
0.00
193.00
335.00
88.00
9.00
24.00
2.00
61.00
8.00
0.00
3.00
1.00
6.00
84.00
273.00
314.00
164.00
1.00
84.00
23.00
2.00
172.00
250.00
27.00
137.00
14.00
4.00
2.00
62.00
114.00
166.00
0.00
465.00
40.00
158.00
0.00
67.00
69.00
152.00
356.00
11.00
72.00
26.00
146.00
40.00
0.00
0.00
0.00
0.00
0.00
0.00
0.00
0.00
0.00
0.00
0.00
1.00
0.00
0.00
55.00
4.00
108.00
0.00
0.00
0.00
0.00
57.00
298.00
469.00
203.00
0.00
0.00
0.00
0.00
0.00
0.00
0.00
0.00
0.00
0.00
0.00
0.00
0.00
0.00
0.00
0.00
0.00
0.00
0.00
0.00
0.00
0.00
0.00
0.00
0.00
0.00
0.00
0.00
0.00
0.00
0.00
0.00
0.00
0.00
0.00
0.00
0.00
0.00
0.00
0.00
0.00
0.00
0.00
0.00
0.00
0.00
0.00
0.00
0.00
0.00
0.00
0.00
0.00
0.00
0.00
0.00
0.00
0.00
0.00
0.00
0.00
0.00
0.00
0.00
0.00
0.00
0.00
0.00
0.00
0.00
0.00
0.00
0.00
0.00
0.00
0.00
0.00
0.00
0.00
0.00
0.00
2.00
0.00
0.00
0.00
0.00
0.00
0.00
0.00
0.00
0.00
0.00
0.00
0.00
0.00
0.00
0.00
0.00
0.00
0.00
0.00
0.00
0.00
0.00
0.00
0.00
0.00
0.00
6.00
0.00
0.00
0.00
0.00
0.00
0.00
0.00
0.00
0.00
224.00
13.00
0.00
179.00
5.00
117.00
180.00
0.00
0.00
0.00
0.00
0.00
0.00
123.00
4.00
43.00
0.00
0.00
0.00
0.00
210.00
0.00
0.00
10.00
134.00
286.00
0.00
0.00
0.00
216.00
9.00
232.00
0.00
0.00
0.00
0.00
0.00
0.00
0.00
0.00
0.00
1.00
24.00
0.00
13.00
1192.00
14.00
439.00
594.00
188.00
460.00
410.00
0.00
1.00
0.00
206.00
0.00
226.00
0.00
0.00
0.00
0.00
28.00
0.00
0.00
141.00
0.00
0.00
0.00
47.00
35.00
446.00
13.00
115.00
1.00
50.00
4.00
0.00
0.00
0.00
0.00
0.00
26.00
0.00
39.00
215.00
439.00
118.00
1006.00
28.00
12.00
321.00
21.00
0.00
61.00
962.00
52.00
293.00
312.00
251.00
47.00
0.00
153.00
227.00
271.00
310.00
499.00
104.00
107.00
12.00
11.00
253.00
29.00
45.00
4.00
32.00
27.00
68.00
186.00
108.00
413.00
205.00
25.00
1.00
1.00
2.00
36.00
165.00
94.00
318.00
159.00
7.00
96.00
125.00
153.00
17.00
294.00
1127.00
313.00
33.00
95.00
467.00
60.00
201.00
110.00
120.00
175.00
4.00
3.00
2.00
134.00
141.00
192.00
101.00
7.00
15.00
0.00
7.00
129.00
420.00
286.00
6.00
123.00
100.00
18.00
83.00
240.00
61.00
176.00
100.00
201.00
187.00
80.00
75.00
162.00
176.00
109.00
72.00
172.00
174.00
314.00
4.00
275.00
42.00
5.00
27.00
170.00
60.00
0.00
96.00
841.00
23.00
69.00
25.00
0.00
117.00
120.00
236.00
30.00
14.00
13.00
0.00
46.00
119.00
115.00
146.00
397.00
59.00
62.00
196.00
182.00
9.00
51.00
125.00
27.00
96.00
0.00
1.00
213.00
0.00
0.00
2.00
0.00
0.00
0.00
0.00
239.00
1232.00
411.00
814.00
1317.00
0.00
0.00
0.00
0.00
0.00
0.00
0.00
71.00
221.00
0.00
0.00
0.00
0.00
0.00
0.00
0.00
0.00
0.00
0.00
0.00
0.00
125.00
0.00
3.00
216.00
26.00
20.00
0.00
0.00
0.00
0.00
0.00
0.00
0.00
0.00
0.00
0.00
0.00
0.00
0.00
0.00
0.00
0.00
0.00
0.00
4.00
2.00
760.00
912.00
545.00
0.00
0.00
0.00
0.00
0.00
0.00
0.00
0.00
9.00
0.00
0.00
0.00
0.00
0.00
0.00
0.00
0.00
0.00
0.00
0.00
51.00
127.00
4.00
0.00
0.00
0.00
0.00
0.00
0.00
0.00
0.00
0.00
0.00
0.00
0.00
0.00
0.00
0.00
0.00
0.00
0.00
0.00
0.00
0.00
0.00
0.00
0.00
0.00
0.00
0.00
0.00
0.00
0.00
0.00
0.00
4.00
0.00
0.00
240.00
193.00
679.00
48.00
92.00
0.00
8.00
27.00
0.00
0.00
0.00
0.00
0.00
0.00
0.00
0.00
0.00
0.00
10.00
232.00
0.00
0.00
0.00
0.00
0.00
0.00
2.00
0.00
0.00
0.00
0.00
0.00
0.00
0.00
0.00
0.00
1.00
29.00
25.00
0.00
0.00
0.00
0.00
0.00
0.00
0.00
42.00
52.00
17.00
2.00
0.00
238.00
47.00
0.00
8.00
0.00
0.00
116.00
64.00
139.00
3.00
0.00
0.00
74.00
27.00
0.00
175.00
0.00
10.00
268.00
70.00
58.00
83.00
510.00
40.00
0.00
0.00
146.00
72.00
0.00
11.00
234.00
136.00
5.00
382.00
63.00
89.00
889.00
652.00
141.00
147.00
506.00
360.00
115.00
0.00
174.00
17.00
13.00
29.00
21.00
342.00
140.00
349.00
68.00
20.00
62.00
98.00
44.00
0.00
0.00
65.00
30.00
51.00
203.00
658.00
28.00
0.00
70.00
0.00
6.00
54.00
98.00
852.00
431.00
173.00
1415.00
11.00
90.00
525.00
28.00
60.00
36.00
289.00
12.00
20.00
0.00
56.00
53.00
46.00
44.00
26.00
5.00
0.00
1.00
12.00
65.00
182.00
78.00
18.00
1.00
19.00
1.00
9.00
10.00
33.00
39.00
474.00
280.00
125.00
1.00
23.00
14.00
20.00
58.00
139.00
10.00
37.00
237.00
0.00
13.00
18.00
29.00
75.00
12.00
54.00
8.00
59.00
34.00
117.00
151.00
92.00
17.00
58.00
28.00
42.00
20.00
30.00
356.00
264.00
188.00
359.00
94.00
534.00
7.00
56.00
224.00
9.00
42.00
42.00
153.00
63.00
61.00
0.00
4.00
0.00
21.00
35.00
13.00
15.00
284.00
113.00
0.00
0.00
0.00
16.00
12.00
11.00
174.00
1.00
0.00
12.00
0.00
0.00
143.00
61.00
105.00
1.00
1.00
18.00
24.00
113.00
6.00
2.00
0.00
1.00
0.00
0.00
0.00
0.00
0.00
0.00
0.00
0.00
0.00
34.00
102.00
439.00
210.00
18.00
0.00
0.00
0.00
0.00
0.00
0.00
0.00
0.00
0.00
0.00
0.00
0.00
0.00
7.00
75.00
172.00
54.00
8.00
0.00
0.00
3.00
0.00
6.00
0.00
0.00
0.00
0.00
0.00
0.00
0.00
0.00
0.00
0.00
0.00
0.00
0.00
0.00
1.00
0.00
0.00
0.00
0.00
0.00
0.00
0.00
0.00
0.00
0.00
0.00
0.00
0.00
0.00
0.00
0.00
0.00
0.00
0.00
0.00
0.00
0.00
0.00
0.00
0.00
4.00
75.00
5.00
0.00
0.00
0.00
0.00
0.00
0.00
0.00
0.00
0.00
0.00
0.00
0.00
0.00
0.00
0.00
0.00
0.00
0.00
0.00
0.00
0.00
0.00
0.00
0.00
0.00
0.00
0.00
0.00
0.00
0.00
0.00
0.00
0.00
0.00
0.00
0.00
0.00
0.00
0.00
0.00
0.00
0.00
0.00
0.00
0.00
0.00
0.00
0.00
0.00
0.00
0.00
0.00
0.00
0.00
0.00
0.00
0.00
0.00
0.00
1.00
7.00
0.00
0.00
0.00
0.00
0.00
0.00
0.50
50.60
33.80
43.60
14.90
0.00
0.00
0.00
0.90
14.50
0.10
0.00
0.00
0.00
0.00
0.00
0.00
0.00
0.00
2.50
0.90
34.70
0.90
0.00
1.10
0.00
0.40
0.00
0.00
0.00
0.40
0.00
0.00
0.00
0.00
43.60
15.00
110.70
11.20
0.00
6.00
23.20
0.00
15.60
23.70
0.30
3.60
0.70
11.80
0.00
0.00
0.70
0.00
0.00
0.00
0.00
0.40
0.20
0.00
0.00
0.00
0.00
0.00
0.00
0.00
0.00
0.00
0.20
17.90
131.50
0.00
0.00
0.00
0.00
0.00
0.00
0.10
0.00
9.80
4.00
1.20
6.20
7.90
0.10
2.50
2.50
0.00
39.20
39.20
32.80
2.30
0.00
0.10
0.00
0.00
0.30
0.60
14.30
2.60
27.50
71.40
0.50
0.00
1.50
2.10
12.20
0.00
0.00
11.70
12.70
33.70
31.00
0.00
9.40
0.00
5.90
1.10
1.90
0.00
0.00
0.00
5.50
5.10
0.40
8.00
0.10
2.10
0.00
0.40
0.60
6.40
2.10
7.90
26.40
14.10
42.90
42.90
23.40
23.40
68.80
0.00
0.00
1.70
1.60
0.00
0.00
0.00
0.80
5.30
0.00
1.90
39.10
3.30
2.30
0.30
0.00
10.70
1.20
0.50
1.60
10.80
29.10
34.50
7.50
3.30
24.90
0.40
0.50
26.50
45.60
6.30
49.90
24.00
2.10
0.00
0.00
0.00
5.70
10.10
19.30
31.80
29.80
2.00
0.40
0.00
2.80
1.10
18.20
23.40
16.80
73.30
7.90
24.90
6.90
1.00
0.80
2.10
4.50
10.40
4.50
7.40
1.40
0.30
0.30
4.20
0.00
0.00
0.10
0.00
28.50
53.70
6.40
26.00
39.70
0.80
1.10
2.00
23.90
10.60
10.60
27.30
0.00
0.00
1.30
7.10
13.90
2.90
15.60
6.00
0.00
0.00
0.00
0.00
0.00
4.20
0.00
0.00
0.00
0.00
0.30
7.40
0.90
0.10
0.00
1.00
