20160101
0.00
0.00
0.00
0.00
0.00
0.00
0.00
0.00
0.00
0.00
0.00
0.00
0.00
0.00
0.00
0.00
0.00
0.00
0.00
9.00
1.00
0.00
0.00
0.00
0.00
0.00
0.00
0.00
0.00
0.00
0.00
0.00
0.00
0.00
0.00
0.00
0.00
0.00
1.00
0.00
0.00
0.00
59.00
0.00
0.00
0.00
0.00
0.00
0.00
0.00
0.00
0.00
1.00
217.00
166.00
5.00
14.00
0.00
0.00
0.00
0.00
0.00
0.00
0.00
0.00
3.00
0.00
0.00
0.00
5.00
0.00
11.00
0.00
0.00
0.00
0.00
0.00
0.00
2.00
0.00
53.00
0.00
0.00
0.00
0.00
0.00
0.00
424.00
2.00
12.00
261.00
186.00
28.00
85.00
479.00
1.00
0.00
0.00
0.00
0.00
0.00
0.00
0.00
0.00
0.00
0.00
87.00
32.00
0.00
0.00
0.00
0.00
0.00
0.00
0.00
73.00
0.00
0.00
0.00
0.00
0.00
80.00
154.00
48.00
31.00
7.00
1.00
22.00
0.00
0.00
1.00
0.00
57.00
229.00
2.00
6.00
1.00
103.00
345.00
168.00
995.00
512.00
1.00
0.00
770.00
111.00
0.00
18.00
276.00
26.00
1.00
66.00
0.00
0.00
26.00
93.00
0.00
62.00
145.00
97.00
150.00
190.00
639.00
106.00
74.00
0.00
0.00
76.00
68.00
1.00
0.00
16.00
12.00
2.00
32.00
34.00
81.00
78.00
35.00
638.00
193.00
1.00
7.00
22.00
60.00
344.00
100.00
10.00
349.00
59.00
35.00
41.00
1.00
11.00
25.00
31.00
130.00
56.00
42.00
171.00
12.00
13.00
10.00
6.00
61.00
133.00
265.00
0.00
2.00
31.00
223.00
165.00
542.00
150.00
22.00
120.00
69.00
46.00
0.00
19.00
88.00
51.00
494.00
30.00
3.00
212.00
366.00
121.00
188.00
11.00
0.00
0.00
509.00
264.00
0.00
0.00
0.00
480.00
19.00
212.00
274.00
6.00
88.00
263.00
119.00
67.00
18.00
3.00
1.00
1.00
11.00
1.00
8.00
23.00
77.00
222.00
269.00
88.00
47.00
228.00
69.00
56.00
5.00
44.00
19.00
47.00
26.00
9.00
1.00
74.00
363.00
301.00
0.00
368.00
955.00
214.00
53.00
107.00
95.00
49.00
306.00
8.00
1.00
36.00
888.00
100.00
0.00
0.00
0.00
0.00
0.00
0.00
0.00
0.00
0.00
0.00
0.00
0.00
0.00
0.00
62.00
101.00
44.00
0.00
0.00
0.00
5.00
8.00
217.00
771.00
486.00
0.00
0.00
0.00
0.00
0.00
0.00
0.00
0.00
0.00
0.00
0.00
0.00
0.00
0.00
0.00
0.00
0.00
0.00
0.00
0.00
0.00
0.00
0.00
0.00
45.00
0.00
0.00
0.00
0.00
0.00
0.00
0.00
0.00
0.00
0.00
0.00
0.00
0.00
0.00
0.00
0.00
0.00
0.00
0.00
0.00
0.00
0.00
0.00
0.00
0.00
0.00
0.00
0.00
0.00
0.00
0.00
0.00
0.00
0.00
0.00
0.00
0.00
0.00
0.00
0.00
0.00
0.00
0.00
0.00
0.00
0.00
0.00
0.00
0.00
1.00
0.00
0.00
0.00
0.00
0.00
0.00
3.00
0.00
0.00
0.00
0.00
0.00
0.00
0.00
0.00
0.00
0.00
0.00
0.00
0.00
0.00
0.00
0.00
0.00
0.00
0.00
0.00
0.00
0.00
0.00
0.00
0.00
0.00
54.00
0.00
0.00
0.00
0.00
0.00
0.00
0.00
0.00
0.00
48.00
48.00
1.00
216.00
3.00
52.00
59.00
0.00
0.00
0.00
0.00
0.00
0.00
222.00
2.00
41.00
0.00
0.00
0.00
0.00
42.00
0.00
0.00
1.00
116.00
67.00
0.00
0.00
0.00
535.00
42.00
135.00
0.00
0.00
0.00
0.00
0.00
0.00
0.00
0.00
0.00
46.00
11.00
0.00
63.00
516.00
143.00
159.00
257.00
85.00
305.00
220.00
0.00
1.00
0.00
15.00
4.00
0.00
0.00
0.00
0.00
0.00
12.00
0.00
0.00
123.00
0.00
0.00
0.00
57.00
49.00
505.00
33.00
96.00
0.00
12.00
0.00
0.00
0.00
0.00
0.00
0.00
9.00
6.00
297.00
351.00
612.00
36.00
825.00
49.00
5.00
527.00
8.00
0.00
916.00
867.00
266.00
378.00
257.00
433.00
248.00
0.00
86.00
233.00
113.00
40.00
872.00
1.00
97.00
69.00
35.00
208.00
40.00
46.00
31.00
40.00
7.00
135.00
74.00
152.00
322.00
162.00
36.00
3.00
2.00
3.00
31.00
106.00
32.00
288.00
301.00
223.00
150.00
64.00
136.00
174.00
351.00
1537.00
77.00
42.00
293.00
817.00
61.00
214.00
76.00
141.00
288.00
33.00
4.00
0.00
7.00
89.00
182.00
124.00
82.00
7.00
12.00
35.00
163.00
433.00
237.00
157.00
9.00
35.00
7.00
82.00
63.00
154.00
242.00
363.00
211.00
233.00
306.00
137.00
277.00
139.00
159.00
76.00
306.00
83.00
132.00
63.00
86.00
52.00
1.00
21.00
40.00
88.00
7.00
41.00
191.00
51.00
1.00
56.00
21.00
93.00
202.00
479.00
28.00
18.00
1.00
0.00
72.00
194.00
222.00
389.00
234.00
15.00
102.00
69.00
33.00
42.00
105.00
329.00
20.00
88.00
0.00
1.00
7.00
0.00
0.00
4.00
0.00
0.00
0.00
0.00
466.00
150.00
317.00
577.00
1920.00
0.00
0.00
0.00
0.00
0.00
0.00
0.00
528.00
134.00
0.00
0.00
0.00
0.00
0.00
0.00
0.00
0.00
0.00
0.00
0.00
0.00
26.00
0.00
1.00
208.00
10.00
5.00
0.00
0.00
0.00
0.00
0.00
0.00
0.00
0.00
0.00
0.00
0.00
0.00
0.00
0.00
0.00
0.00
0.00
0.00
1.00
97.00
1288.00
920.00
1027.00
0.00
0.00
0.00
0.00
0.00
0.00
0.00
0.00
25.00
0.00
0.00
0.00
0.00
0.00
0.00
0.00
0.00
0.00
0.00
0.00
288.00
137.00
1.00
0.00
0.00
0.00
0.00
0.00
0.00
0.00
0.00
0.00
0.00
0.00
0.00
0.00
0.00
0.00
0.00
0.00
0.00
0.00
0.00
0.00
0.00
0.00
0.00
0.00
0.00
0.00
0.00
0.00
0.00
0.00
0.00
0.00
0.00
0.00
67.00
39.00
515.00
27.00
88.00
0.00
3.00
0.00
0.00
0.00
0.00
0.00
0.00
0.00
0.00
0.00
0.00
0.00
0.00
413.00
0.00
0.00
0.00
0.00
0.00
0.00
20.00
0.00
0.00
0.00
0.00
0.00
0.00
0.00
1.00
0.00
0.00
41.00
32.00
0.00
0.00
0.00
0.00
0.00
0.00
0.00
0.00
0.00
0.00
0.00
0.00
112.00
69.00
13.00
19.00
0.00
0.00
56.00
41.00
65.00
302.00
1.00
0.00
48.00
3.00
0.00
51.00
0.00
0.00
188.00
58.00
29.00
39.00
70.00
36.00
0.00
0.00
0.00
3.00
0.00
0.00
381.00
293.00
13.00
24.00
13.00
63.00
587.00
319.00
524.00
424.00
324.00
204.00
217.00
0.00
116.00
0.00
10.00
67.00
38.00
133.00
192.00
397.00
39.00
13.00
85.00
29.00
0.00
0.00
0.00
58.00
80.00
209.00
59.00
33.00
11.00
0.00
266.00
1.00
4.00
1.00
78.00
639.00
458.00
305.00
1387.00
84.00
55.00
98.00
6.00
21.00
26.00
156.00
3.00
3.00
0.00
68.00
191.00
4.00
28.00
14.00
2.00
0.00
0.00
1.00
217.00
425.00
15.00
3.00
49.00
46.00
10.00
15.00
25.00
66.00
33.00
126.00
214.00
34.00
1.00
2.00
10.00
6.00
43.00
57.00
36.00
333.00
91.00
2.00
27.00
92.00
21.00
4.00
48.00
46.00
44.00
46.00
2.00
299.00
297.00
200.00
16.00
156.00
36.00
69.00
128.00
218.00
237.00
357.00
114.00
107.00
61.00
66.00
2.00
14.00
94.00
8.00
17.00
22.00
76.00
53.00
20.00
0.00
0.00
15.00
15.00
12.00
0.00
11.00
173.00
6.00
0.00
0.00
0.00
123.00
4.00
87.00
67.00
1.00
0.00
90.00
0.00
1.00
106.00
206.00
90.00
1.00
0.00
5.00
17.00
56.00
9.00
3.00
0.00
0.00
0.00
0.00
0.00
0.00
0.00
0.00
0.00
0.00
0.00
119.00
150.00
515.00
433.00
133.00
1.00
0.00
0.00
0.00
0.00
0.00
0.00
0.00
0.00
0.00
0.00
0.00
0.00
1.00
41.00
275.00
104.00
16.00
0.00
0.00
0.00
0.00
0.00
3.00
0.00
0.00
0.00
0.00
0.00
0.00
0.00
0.00
0.00
0.00
0.00
0.00
0.00
0.00
0.00
0.00
0.00
0.00
0.00
0.00
0.00
0.00
0.00
0.00
0.00
0.00
0.00
0.00
0.00
0.00
0.00
0.00
0.00
0.00
0.00
0.00
0.00
0.00
0.00
51.00
39.00
0.00
0.00
0.00
0.00
0.00
0.00
0.00
0.00
0.00
0.00
0.00
0.00
0.00
0.00
0.00
0.00
0.00
0.00
0.00
0.00
0.00
0.00
0.00
0.00
0.00
0.00
0.00
0.00
0.00
0.00
0.00
0.00
0.00
0.00
0.00
0.00
0.00
0.00
0.00
0.00
0.00
0.00
0.00
0.00
0.00
0.00
0.00
0.00
0.00
0.00
0.00
0.00
0.00
0.00
0.00
0.00
0.00
0.00
0.00
0.00
2.00
10.00
0.00
0.00
0.00
0.00
0.00
0.00
0.00
94.90
71.20
45.50
30.20
0.00
0.00
0.00
1.40
26.90
0.00
0.00
0.00
0.00
0.00
0.00
0.00
0.00
0.00
0.70
4.10
44.40
0.20
0.50
0.50
0.00
0.30
0.00
0.00
0.00
0.00
0.40
0.00
0.00
0.00
34.80
30.20
75.70
14.10
0.00
0.00
7.20
0.00
23.90
22.00
1.50
5.10
0.00
6.10
0.00
0.00
0.00
0.00
0.00
0.00
0.00
0.00
0.20
0.00
0.00
0.00
0.00
0.00
0.00
0.00
0.00
0.00
0.20
9.70
92.20
0.00
0.00
0.00
0.00
0.00
0.00
1.10
0.00
15.30
0.00
0.40
6.00
24.60
5.60
1.80
1.80
0.00
10.00
10.00
110.90
38.50
0.10
0.00
0.00
0.00
0.00
0.00
39.90
21.20
1.00
7.10
0.00
0.00
0.80
1.80
14.50
0.00
0.00
26.10
31.30
30.60
18.60
0.10
0.00
5.20
22.30
21.70
6.60
0.40
0.10
0.80
5.00
4.40
9.20
1.20
0.40
2.60
0.00
0.90
0.10
0.60
0.00
14.00
46.00
39.70
73.40
73.40
76.00
76.00
7.60
0.00
0.00
16.20
26.30
0.00
0.00
0.00
0.00
0.20
3.50
0.90
45.20
3.90
7.00
0.10
0.00
38.30
0.90
0.70
6.30
8.90
31.60
30.00
8.60
2.50
26.70
0.70
0.70
23.50
27.40
10.60
30.40
36.50
1.50
0.50
0.00
5.30
22.80
3.20
41.50
25.70
33.50
2.50
0.90
0.40
0.90
0.20
32.90
15.30
40.50
26.10
5.00
23.50
6.70
3.30
0.10
10.80
11.70
2.80
2.10
18.80
5.50
0.30
2.90
1.40
2.90
0.80
0.50
0.90
9.40
20.20
16.00
11.60
12.50
0.20
0.10
0.50
14.70
10.90
10.90
32.60
0.00
0.00
2.40
17.90
1.80
1.00
13.20
12.10
0.00
0.00
0.00
0.00
0.00
2.70
0.00
0.00
0.00
0.00
0.30
4.30
3.70
0.00
0.00
1.20
