20160101
0.00
0.00
0.00
0.00
0.00
0.00
0.00
0.00
2.00
0.00
0.00
0.00
0.00
0.00
0.00
0.00
0.00
0.00
0.00
0.00
19.00
0.00
0.00
0.00
0.00
0.00
0.00
0.00
0.00
0.00
0.00
0.00
0.00
0.00
0.00
0.00
0.00
0.00
0.00
0.00
0.00
0.00
0.00
0.00
0.00
0.00
0.00
0.00
0.00
0.00
30.00
0.00
49.00
17.00
128.00
15.00
12.00
0.00
0.00
0.00
0.00
0.00
0.00
0.00
0.00
0.00
0.00
0.00
0.00
4.00
0.00
2.00
1.00
0.00
0.00
0.00
0.00
0.00
20.00
0.00
0.00
0.00
0.00
0.00
0.00
0.00
0.00
54.00
5.00
40.00
252.00
11.00
0.00
3.00
61.00
112.00
0.00
0.00
0.00
0.00
0.00
0.00
0.00
0.00
18.00
18.00
66.00
53.00
0.00
14.00
7.00
111.00
60.00
12.00
0.00
64.00
32.00
0.00
63.00
2.00
0.00
25.00
32.00
0.00
13.00
3.00
0.00
0.00
0.00
0.00
0.00
0.00
437.00
0.00
4.00
5.00
0.00
50.00
283.00
65.00
133.00
466.00
5.00
89.00
14.00
3.00
0.00
0.00
0.00
0.00
0.00
19.00
6.00
7.00
1.00
0.00
2.00
32.00
180.00
14.00
36.00
345.00
13.00
31.00
14.00
2.00
179.00
257.00
33.00
71.00
34.00
227.00
37.00
238.00
3.00
103.00
22.00
169.00
0.00
0.00
9.00
12.00
110.00
95.00
18.00
0.00
21.00
13.00
116.00
98.00
5.00
26.00
30.00
2.00
11.00
12.00
158.00
191.00
0.00
0.00
20.00
83.00
78.00
97.00
215.00
171.00
182.00
1.00
12.00
48.00
35.00
408.00
50.00
17.00
3.00
2.00
6.00
120.00
99.00
31.00
83.00
13.00
16.00
43.00
20.00
98.00
0.00
14.00
6.00
37.00
0.00
10.00
763.00
2.00
0.00
59.00
0.00
50.00
266.00
5.00
0.00
29.00
31.00
26.00
2.00
0.00
1.00
6.00
6.00
36.00
2.00
10.00
486.00
51.00
83.00
35.00
12.00
1.00
0.00
140.00
63.00
4.00
63.00
171.00
9.00
20.00
2.00
0.00
0.00
19.00
31.00
0.00
2.00
0.00
0.00
36.00
2.00
0.00
166.00
1.00
6.00
0.00
0.00
56.00
0.00
20.00
0.00
0.00
0.00
0.00
0.00
0.00
0.00
0.00
0.00
0.00
0.00
0.00
0.00
29.00
146.00
34.00
55.00
33.00
0.00
0.00
48.00
4.00
23.00
177.00
101.00
0.00
0.00
0.00
0.00
0.00
0.00
0.00
0.00
0.00
0.00
0.00
0.00
0.00
0.00
0.00
0.00
0.00
0.00
0.00
0.00
0.00
0.00
0.00
0.00
9.00
22.00
0.00
0.00
0.00
0.00
0.00
0.00
0.00
0.00
0.00
0.00
0.00
0.00
0.00
0.00
0.00
0.00
0.00
0.00
0.00
0.00
0.00
0.00
0.00
0.00
0.00
0.00
0.00
0.00
0.00
0.00
0.00
0.00
0.00
0.00
0.00
0.00
0.00
0.00
0.00
0.00
0.00
0.00
0.00
0.00
0.00
0.00
0.00
6.00
1.00
0.00
0.00
0.00
0.00
0.00
0.00
32.00
0.00
0.00
0.00
0.00
0.00
0.00
0.00
0.00
0.00
0.00
0.00
0.00
0.00
0.00
0.00
0.00
0.00
0.00
0.00
0.00
0.00
0.00
0.00
0.00
0.00
0.00
0.00
0.00
0.00
0.00
0.00
0.00
0.00
0.00
0.00
0.00
1.00
9.00
0.00
95.00
0.00
58.00
18.00
3.00
0.00
0.00
0.00
0.00
0.00
30.00
1.00
17.00
0.00
0.00
0.00
0.00
25.00
0.00
0.00
0.00
6.00
106.00
6.00
4.00
0.00
240.00
107.00
3.00
0.00
0.00
0.00
0.00
0.00
0.00
0.00
0.00
2.00
4.00
1.00
48.00
0.00
76.00
5.00
116.00
41.00
109.00
64.00
54.00
0.00
0.00
0.00
0.00
0.00
17.00
0.00
0.00
0.00
0.00
27.00
0.00
0.00
86.00
0.00
0.00
6.00
31.00
0.00
87.00
4.00
5.00
0.00
2.00
0.00
0.00
0.00
0.00
0.00
2.00
0.00
147.00
15.00
146.00
138.00
2.00
20.00
5.00
19.00
17.00
8.00
2.00
0.00
65.00
67.00
145.00
38.00
30.00
197.00
0.00
119.00
14.00
3.00
0.00
26.00
1.00
0.00
79.00
28.00
0.00
1.00
1.00
20.00
57.00
232.00
134.00
94.00
1.00
117.00
45.00
67.00
3.00
2.00
51.00
374.00
131.00
183.00
18.00
45.00
8.00
95.00
6.00
323.00
341.00
194.00
159.00
8.00
79.00
96.00
6.00
26.00
30.00
32.00
424.00
74.00
5.00
13.00
25.00
58.00
30.00
267.00
90.00
159.00
3.00
20.00
31.00
14.00
5.00
26.00
71.00
7.00
149.00
129.00
2.00
3.00
0.00
12.00
22.00
9.00
1.00
7.00
98.00
992.00
65.00
14.00
14.00
55.00
5.00
63.00
28.00
0.00
1.00
5.00
28.00
13.00
108.00
49.00
132.00
230.00
39.00
225.00
214.00
0.00
377.00
376.00
109.00
180.00
145.00
0.00
57.00
9.00
3.00
41.00
407.00
103.00
127.00
1.00
0.00
29.00
32.00
4.00
0.00
64.00
9.00
0.00
28.00
1.00
0.00
26.00
44.00
0.00
0.00
0.00
0.00
0.00
107.00
16.00
143.00
7.00
9.00
0.00
0.00
0.00
0.00
0.00
1.00
2.00
119.00
16.00
0.00
0.00
0.00
0.00
0.00
6.00
0.00
0.00
0.00
12.00
0.00
3.00
0.00
0.00
123.00
19.00
4.00
0.00
0.00
1.00
0.00
0.00
0.00
0.00
0.00
0.00
0.00
0.00
0.00
0.00
0.00
0.00
0.00
0.00
0.00
0.00
1.00
451.00
223.00
53.00
0.00
0.00
0.00
0.00
0.00
0.00
0.00
0.00
0.00
0.00
0.00
2.00
0.00
0.00
0.00
0.00
0.00
0.00
0.00
0.00
0.00
299.00
399.00
1.00
0.00
0.00
0.00
0.00
0.00
0.00
0.00
0.00
0.00
0.00
0.00
0.00
0.00
0.00
0.00
0.00
0.00
0.00
0.00
0.00
0.00
0.00
0.00
0.00
0.00
0.00
0.00
0.00
0.00
0.00
0.00
0.00
0.00
0.00
0.00
0.00
95.00
0.00
7.00
0.00
0.00
0.00
0.00
0.00
0.00
0.00
0.00
0.00
0.00
0.00
0.00
0.00
0.00
18.00
0.00
0.00
0.00
0.00
0.00
0.00
0.00
0.00
0.00
0.00
0.00
0.00
0.00
0.00
24.00
0.00
0.00
37.00
187.00
0.00
0.00
0.00
0.00
0.00
0.00
0.00
0.00
0.00
0.00
0.00
0.00
32.00
17.00
0.00
173.00
11.00
0.00
24.00
0.00
7.00
27.00
0.00
10.00
0.00
0.00
0.00
0.00
0.00
0.00
9.00
4.00
12.00
0.00
48.00
0.00
0.00
0.00
1.00
0.00
0.00
4.00
25.00
40.00
5.00
68.00
0.00
2.00
123.00
304.00
359.00
156.00
181.00
311.00
313.00
0.00
99.00
0.00
0.00
1.00
0.00
0.00
0.00
0.00
0.00
88.00
113.00
55.00
0.00
2.00
42.00
16.00
123.00
3.00
0.00
0.00
33.00
148.00
594.00
88.00
0.00
9.00
26.00
18.00
162.00
143.00
101.00
55.00
58.00
73.00
0.00
0.00
44.00
0.00
12.00
29.00
86.00
262.00
9.00
10.00
51.00
2.00
46.00
5.00
7.00
2.00
9.00
2.00
8.00
1.00
1.00
0.00
2.00
32.00
30.00
7.00
48.00
68.00
32.00
41.00
33.00
3.00
7.00
65.00
21.00
493.00
53.00
56.00
221.00
9.00
1.00
103.00
61.00
87.00
349.00
139.00
0.00
12.00
0.00
42.00
548.00
63.00
2.00
2.00
42.00
25.00
99.00
156.00
42.00
110.00
44.00
3.00
0.00
19.00
52.00
7.00
52.00
16.00
149.00
21.00
6.00
47.00
26.00
3.00
0.00
48.00
17.00
66.00
9.00
1.00
79.00
0.00
0.00
0.00
5.00
277.00
101.00
0.00
0.00
12.00
25.00
22.00
0.00
0.00
31.00
209.00
3.00
0.00
6.00
48.00
20.00
0.00
3.00
0.00
42.00
0.00
0.00
0.00
0.00
0.00
2.00
0.00
0.00
6.00
7.00
171.00
198.00
504.00
340.00
44.00
0.00
0.00
0.00
0.00
0.00
0.00
0.00
0.00
0.00
0.00
0.00
0.00
0.00
129.00
18.00
78.00
86.00
65.00
0.00
0.00
0.00
0.00
0.00
0.00
0.00
0.00
0.00
0.00
0.00
0.00
0.00
14.00
0.00
0.00
0.00
0.00
0.00
0.00
0.00
0.00
0.00
0.00
0.00
0.00
0.00
0.00
0.00
0.00
0.00
0.00
0.00
0.00
0.00
13.00
0.00
0.00
0.00
0.00
10.00
0.00
0.00
1.00
1.00
3.00
6.00
45.00
0.00
0.00
0.00
0.00
0.00
0.00
0.00
0.00
0.00
0.00
0.00
0.00
0.00
0.00
0.00
0.00
0.00
0.00
0.00
10.00
0.00
0.00
0.00
0.00
0.00
0.00
0.00
0.00
0.00
0.00
0.00
0.00
0.00
0.00
0.00
0.00
0.00
0.00
0.00
0.00
0.00
1.00
0.00
0.00
0.00
0.00
0.00
0.00
0.00
0.00
0.00
0.00
0.00
0.00
0.00
0.00
0.00
0.00
0.00
0.00
1.00
0.00
0.00
0.00
0.00
0.00
0.00
0.00
78.40
109.70
15.60
29.90
1.50
0.00
0.00
0.10
14.80
0.00
0.00
0.00
0.00
0.00
0.00
0.00
0.00
0.00
0.00
0.30
0.00
0.60
0.00
0.00
0.00
0.00
0.00
0.00
0.00
0.00
0.00
0.00
0.00
0.00
19.40
9.40
19.60
11.10
0.00
5.60
4.60
2.10
17.00
8.50
0.40
0.00
0.00
0.00
0.00
0.00
0.00
0.00
0.00
0.00
0.00
0.00
0.50
0.00
0.00
0.00
0.00
0.00
0.00
0.00
0.00
0.00
1.40
0.50
6.30
0.00
0.00
0.00
0.00
0.00
0.00
0.00
0.00
0.20
8.20
0.10
0.40
0.30
0.00
0.00
0.00
0.00
0.00
0.00
9.30
0.00
0.00
0.00
0.00
0.00
0.00
0.00
0.10
0.50
0.10
6.50
0.00
2.90
0.10
0.90
0.90
7.50
9.70
21.60
7.40
10.80
0.20
0.00
0.30
27.70
13.00
5.90
0.40
7.40
9.50
5.30
1.90
4.10
0.20
5.10
2.90
7.30
0.10
0.30
0.00
7.60
3.80
4.10
3.10
5.00
0.00
0.00
12.50
12.50
15.10
5.80
5.80
0.20
0.90
5.80
5.80
5.80
0.80
13.60
7.50
22.90
11.80
13.90
7.90
0.00
3.10
2.70
30.90
28.40
10.60
1.40
1.30
110.20
0.40
2.50
4.40
0.70
2.50
13.90
6.40
7.70
1.90
0.20
2.80
1.50
5.70
0.30
1.40
3.10
2.30
70.20
25.80
0.20
0.00
0.10
23.10
0.00
1.50
7.50
11.90
8.60
1.30
0.80
1.70
1.10
1.30
2.00
0.40
0.30
9.70
2.60
2.10
3.40
9.80
2.40
0.10
0.00
0.90
0.50
12.80
10.20
2.20
23.80
7.30
0.00
0.30
4.50
4.80
0.20
0.20
0.20
0.00
0.00
4.80
1.40
3.00
1.50
4.00
2.40
0.30
0.00
0.00
0.70
23.70
4.40
0.00
0.00
0.00
0.10
0.80
0.80
5.60
4.30
4.20
13.20
