20160101
0.00
0.00
0.00
0.00
0.00
0.00
0.00
0.00
0.00
0.00
0.00
0.00
1.00
0.00
0.00
0.00
0.00
0.00
0.00
27.00
0.00
0.00
0.00
0.00
0.00
0.00
0.00
0.00
0.00
0.00
0.00
0.00
0.00
0.00
0.00
0.00
0.00
0.00
2.00
0.00
0.00
0.00
0.00
0.00
0.00
0.00
0.00
0.00
0.00
0.00
0.00
0.00
1.00
19.00
49.00
0.00
36.00
0.00
0.00
0.00
5.00
6.00
0.00
0.00
0.00
108.00
0.00
0.00
1.00
0.00
0.00
0.00
0.00
0.00
0.00
96.00
0.00
0.00
0.00
0.00
26.00
0.00
0.00
0.00
0.00
0.00
0.00
232.00
98.00
45.00
594.00
150.00
21.00
686.00
416.00
46.00
0.00
0.00
0.00
0.00
0.00
0.00
0.00
0.00
30.00
10.00
233.00
521.00
0.00
53.00
2.00
0.00
0.00
0.00
0.00
0.00
0.00
58.00
0.00
0.00
0.00
166.00
160.00
137.00
31.00
27.00
107.00
66.00
0.00
4.00
2.00
1.00
273.00
166.00
49.00
299.00
2.00
33.00
36.00
49.00
332.00
468.00
1.00
0.00
22.00
102.00
18.00
0.00
358.00
9.00
9.00
63.00
16.00
11.00
125.00
211.00
0.00
49.00
50.00
0.00
12.00
100.00
460.00
51.00
26.00
15.00
24.00
68.00
118.00
12.00
3.00
1.00
1.00
176.00
201.00
9.00
50.00
197.00
34.00
122.00
37.00
6.00
346.00
96.00
316.00
155.00
12.00
0.00
267.00
200.00
120.00
38.00
14.00
8.00
0.00
11.00
139.00
118.00
14.00
57.00
69.00
13.00
0.00
7.00
95.00
8.00
69.00
63.00
4.00
67.00
146.00
59.00
65.00
252.00
275.00
102.00
73.00
81.00
13.00
29.00
67.00
7.00
272.00
0.00
0.00
347.00
496.00
227.00
182.00
29.00
7.00
0.00
82.00
8.00
0.00
0.00
0.00
339.00
22.00
110.00
4.00
283.00
143.00
165.00
45.00
72.00
48.00
8.00
99.00
37.00
1.00
1.00
15.00
15.00
98.00
368.00
535.00
968.00
17.00
123.00
81.00
16.00
122.00
69.00
55.00
69.00
67.00
1.00
53.00
14.00
2.00
112.00
0.00
351.00
10.00
0.00
0.00
84.00
231.00
364.00
287.00
9.00
10.00
59.00
88.00
109.00
0.00
0.00
0.00
0.00
0.00
0.00
0.00
0.00
0.00
0.00
0.00
9.00
0.00
0.00
32.00
0.00
77.00
0.00
0.00
0.00
0.00
46.00
260.00
399.00
178.00
0.00
0.00
0.00
0.00
0.00
0.00
0.00
0.00
0.00
0.00
0.00
0.00
0.00
0.00
0.00
0.00
0.00
0.00
0.00
0.00
0.00
0.00
0.00
0.00
0.00
0.00
0.00
0.00
0.00
0.00
0.00
0.00
0.00
0.00
0.00
0.00
0.00
0.00
0.00
0.00
0.00
0.00
0.00
0.00
0.00
0.00
0.00
0.00
0.00
0.00
0.00
0.00
0.00
0.00
0.00
0.00
0.00
0.00
2.00
0.00
0.00
0.00
0.00
0.00
0.00
0.00
0.00
0.00
0.00
0.00
0.00
0.00
0.00
0.00
0.00
0.00
0.00
0.00
0.00
0.00
0.00
6.00
0.00
0.00
0.00
0.00
0.00
0.00
0.00
0.00
0.00
0.00
0.00
0.00
0.00
0.00
0.00
0.00
0.00
0.00
0.00
0.00
0.00
0.00
0.00
0.00
0.00
72.00
0.00
0.00
0.00
0.00
0.00
0.00
0.00
0.00
0.00
1.00
27.00
0.00
0.00
48.00
0.00
195.00
120.00
0.00
0.00
0.00
0.00
0.00
0.00
32.00
0.00
53.00
0.00
0.00
0.00
0.00
308.00
0.00
0.00
15.00
571.00
184.00
21.00
0.00
0.00
114.00
455.00
231.00
0.00
0.00
0.00
0.00
0.00
0.00
0.00
0.00
0.00
5.00
12.00
0.00
0.00
1345.00
184.00
29.00
744.00
34.00
484.00
198.00
0.00
0.00
0.00
112.00
1.00
647.00
0.00
0.00
8.00
4.00
106.00
0.00
0.00
285.00
0.00
0.00
0.00
10.00
51.00
504.00
0.00
124.00
0.00
298.00
4.00
0.00
2.00
0.00
0.00
0.00
60.00
0.00
18.00
166.00
375.00
958.00
881.00
17.00
241.00
280.00
33.00
0.00
46.00
126.00
65.00
99.00
222.00
622.00
23.00
54.00
99.00
460.00
414.00
1111.00
524.00
10.00
6.00
8.00
127.00
587.00
88.00
77.00
62.00
193.00
62.00
92.00
57.00
3.00
43.00
215.00
71.00
7.00
14.00
3.00
54.00
144.00
162.00
100.00
380.00
24.00
224.00
104.00
73.00
18.00
72.00
361.00
146.00
66.00
38.00
201.00
153.00
37.00
42.00
150.00
60.00
20.00
106.00
18.00
117.00
277.00
371.00
52.00
28.00
17.00
0.00
0.00
156.00
1220.00
280.00
14.00
49.00
23.00
19.00
257.00
143.00
327.00
95.00
100.00
162.00
376.00
139.00
299.00
85.00
228.00
61.00
64.00
139.00
224.00
174.00
144.00
262.00
95.00
32.00
60.00
90.00
74.00
3.00
485.00
488.00
17.00
178.00
0.00
2.00
47.00
148.00
332.00
91.00
5.00
2.00
0.00
1.00
18.00
311.00
122.00
287.00
335.00
46.00
66.00
267.00
2.00
81.00
335.00
95.00
186.00
0.00
5.00
0.00
0.00
0.00
1.00
0.00
0.00
0.00
1.00
610.00
130.00
729.00
694.00
1169.00
0.00
0.00
0.00
0.00
0.00
0.00
0.00
49.00
202.00
0.00
0.00
0.00
0.00
0.00
0.00
0.00
0.00
0.00
0.00
0.00
0.00
75.00
0.00
2.00
282.00
40.00
1.00
0.00
0.00
0.00
0.00
0.00
0.00
0.00
0.00
0.00
0.00
0.00
0.00
0.00
0.00
0.00
0.00
0.00
0.00
0.00
0.00
503.00
229.00
477.00
0.00
0.00
0.00
0.00
0.00
0.00
0.00
0.00
1.00
0.00
0.00
0.00
0.00
0.00
0.00
0.00
0.00
0.00
0.00
0.00
2.00
240.00
0.00
0.00
0.00
0.00
0.00
0.00
0.00
0.00
0.00
0.00
0.00
0.00
0.00
0.00
0.00
0.00
0.00
0.00
0.00
0.00
0.00
0.00
0.00
0.00
0.00
0.00
0.00
0.00
0.00
0.00
0.00
0.00
0.00
2.00
0.00
0.00
261.00
159.00
115.00
50.00
149.00
0.00
44.00
22.00
0.00
0.00
0.00
0.00
0.00
0.00
0.00
0.00
0.00
0.00
1.00
322.00
0.00
0.00
0.00
0.00
0.00
0.00
12.00
0.00
0.00
0.00
0.00
0.00
0.00
0.00
0.00
0.00
3.00
17.00
0.00
0.00
0.00
0.00
0.00
0.00
0.00
1.00
47.00
130.00
0.00
2.00
94.00
323.00
39.00
1.00
75.00
0.00
0.00
178.00
37.00
80.00
35.00
0.00
0.00
19.00
8.00
0.00
228.00
0.00
2.00
136.00
217.00
58.00
136.00
400.00
26.00
0.00
0.00
323.00
132.00
2.00
152.00
296.00
152.00
0.00
466.00
123.00
143.00
668.00
1216.00
388.00
596.00
594.00
248.00
58.00
0.00
5.00
51.00
100.00
42.00
338.00
363.00
32.00
107.00
111.00
17.00
82.00
112.00
196.00
3.00
0.00
97.00
1.00
53.00
210.00
447.00
100.00
27.00
169.00
2.00
146.00
1.00
131.00
887.00
135.00
20.00
1318.00
10.00
531.00
924.00
0.00
1.00
0.00
177.00
0.00
14.00
64.00
18.00
27.00
4.00
65.00
22.00
0.00
3.00
1.00
1.00
28.00
108.00
19.00
1.00
1.00
14.00
8.00
6.00
17.00
7.00
92.00
279.00
165.00
335.00
9.00
10.00
28.00
26.00
63.00
164.00
10.00
23.00
200.00
15.00
1.00
2.00
34.00
43.00
30.00
81.00
55.00
14.00
0.00
33.00
157.00
123.00
74.00
4.00
14.00
168.00
168.00
47.00
463.00
191.00
284.00
550.00
251.00
633.00
20.00
93.00
158.00
20.00
97.00
45.00
328.00
127.00
128.00
15.00
0.00
9.00
18.00
23.00
2.00
10.00
230.00
110.00
0.00
0.00
0.00
31.00
12.00
29.00
5.00
67.00
38.00
1.00
0.00
1.00
108.00
174.00
184.00
33.00
6.00
39.00
0.00
113.00
3.00
3.00
0.00
72.00
0.00
0.00
0.00
6.00
6.00
21.00
2.00
0.00
0.00
5.00
101.00
201.00
102.00
6.00
0.00
0.00
0.00
0.00
0.00
0.00
0.00
0.00
0.00
0.00
0.00
0.00
0.00
67.00
155.00
96.00
44.00
1.00
0.00
0.00
0.00
0.00
30.00
11.00
0.00
0.00
0.00
0.00
0.00
0.00
0.00
0.00
0.00
0.00
0.00
0.00
0.00
0.00
0.00
0.00
0.00
0.00
0.00
0.00
0.00
0.00
0.00
0.00
0.00
0.00
0.00
0.00
0.00
0.00
0.00
0.00
0.00
0.00
0.00
0.00
0.00
0.00
0.00
5.00
81.00
17.00
0.00
0.00
0.00
0.00
0.00
0.00
0.00
0.00
0.00
0.00
0.00
0.00
0.00
0.00
0.00
0.00
0.00
0.00
0.00
0.00
0.00
0.00
0.00
0.00
0.00
0.00
0.00
0.00
0.00
0.00
0.00
0.00
0.00
0.00
0.00
0.00
0.00
0.00
0.00
0.00
0.00
0.00
0.00
0.00
0.00
0.00
0.00
0.00
0.00
0.00
0.00
0.00
0.00
0.00
0.00
0.00
0.00
0.00
0.00
1.00
12.00
0.00
0.00
0.00
0.00
0.00
0.00
0.00
31.50
30.40
45.00
20.40
0.00
0.00
0.00
0.80
12.30
0.00
0.00
0.00
0.00
0.00
0.00
0.00
0.00
0.00
1.00
0.10
55.70
0.20
0.00
1.30
0.00
5.90
0.00
0.00
0.00
3.30
2.80
0.00
0.00
0.00
88.60
10.60
79.10
19.70
0.00
0.80
33.20
0.20
10.00
17.70
0.00
0.30
5.70
3.20
0.00
0.00
2.10
0.00
0.00
0.00
0.10
1.30
0.20
0.00
0.00
0.00
0.00
0.00
0.10
0.00
0.00
0.00
0.00
35.30
65.30
0.00
0.00
0.00
0.00
0.00
0.00
0.10
0.00
21.20
4.60
2.30
1.00
12.00
23.10
1.20
1.20
0.00
5.90
5.90
76.70
6.50
0.70
0.50
0.00
0.00
0.00
38.00
32.90
42.50
47.70
60.00
2.80
0.00
0.30
0.70
0.00
0.00
0.00
50.80
47.00
73.70
9.20
0.00
0.00
0.50
4.20
19.10
12.90
0.00
0.00
0.00
13.60
7.70
0.70
45.20
0.90
6.70
1.10
2.30
2.70
10.00
4.00
2.60
7.20
35.00
31.90
31.90
49.30
49.30
54.90
0.00
0.00
0.40
0.00
0.00
0.00
0.00
10.50
8.80
4.70
10.60
36.30
4.40
7.20
1.50
1.10
15.00
3.60
1.60
10.90
16.10
25.10
8.90
11.20
9.30
10.50
6.00
0.10
0.20
49.20
20.20
41.20
29.80
0.00
1.60
0.00
0.30
6.60
14.70
14.50
19.30
25.30
0.40
0.50
0.00
6.70
1.30
16.00
11.40
14.60
37.80
15.40
56.70
6.60
5.70
1.70
0.10
8.50
8.90
3.70
4.30
0.80
0.50
1.00
2.40
0.30
0.00
0.50
0.00
24.40
26.30
20.80
58.90
26.40
0.00
0.10
0.30
37.10
5.10
5.10
9.80
0.00
4.00
2.30
12.70
5.10
2.10
29.00
25.90
0.00
0.00
0.00
0.00
1.70
1.20
0.00
0.00
0.00
0.00
0.30
7.40
0.90
0.10
0.00
1.00
