20160101
0.00
0.00
0.00
0.00
0.00
0.00
0.00
0.00
19.00
0.00
0.00
0.00
0.00
0.00
0.00
0.00
0.00
0.00
0.00
0.00
3.00
0.00
0.00
0.00
0.00
4.00
0.00
0.00
0.00
0.00
0.00
0.00
0.00
0.00
0.00
0.00
0.00
0.00
0.00
0.00
0.00
0.00
0.00
0.00
0.00
0.00
0.00
0.00
0.00
0.00
0.00
0.00
4.00
23.00
40.00
0.00
31.00
0.00
0.00
0.00
0.00
0.00
5.00
0.00
0.00
6.00
0.00
0.00
0.00
0.00
0.00
0.00
0.00
0.00
0.00
10.00
0.00
0.00
12.00
0.00
1.00
0.00
8.00
0.00
0.00
0.00
0.00
346.00
0.00
157.00
399.00
58.00
18.00
29.00
168.00
83.00
0.00
0.00
0.00
0.00
0.00
0.00
0.00
0.00
54.00
86.00
70.00
59.00
1.00
26.00
5.00
47.00
36.00
0.00
0.00
90.00
0.00
28.00
2.00
0.00
34.00
100.00
77.00
9.00
114.00
1.00
0.00
0.00
0.00
0.00
0.00
0.00
88.00
0.00
1.00
5.00
0.00
162.00
234.00
93.00
225.00
710.00
0.00
12.00
41.00
21.00
0.00
0.00
82.00
11.00
0.00
17.00
0.00
23.00
34.00
247.00
21.00
52.00
34.00
20.00
35.00
185.00
24.00
33.00
65.00
0.00
74.00
23.00
239.00
31.00
18.00
54.00
43.00
113.00
5.00
66.00
12.00
62.00
16.00
14.00
39.00
68.00
138.00
13.00
46.00
2.00
3.00
7.00
174.00
49.00
68.00
18.00
33.00
17.00
3.00
30.00
71.00
98.00
22.00
4.00
0.00
9.00
27.00
47.00
51.00
15.00
276.00
3.00
1.00
52.00
110.00
36.00
71.00
85.00
6.00
6.00
1.00
54.00
93.00
108.00
62.00
13.00
8.00
41.00
147.00
190.00
62.00
2.00
11.00
1.00
2.00
7.00
501.00
14.00
0.00
50.00
0.00
97.00
0.00
45.00
2.00
38.00
168.00
80.00
8.00
2.00
10.00
33.00
12.00
0.00
4.00
22.00
47.00
14.00
37.00
27.00
16.00
17.00
157.00
156.00
48.00
33.00
43.00
212.00
62.00
40.00
94.00
0.00
88.00
53.00
159.00
0.00
41.00
68.00
13.00
14.00
0.00
2.00
18.00
21.00
43.00
15.00
0.00
0.00
9.00
184.00
0.00
0.00
0.00
14.00
0.00
0.00
0.00
0.00
0.00
0.00
0.00
0.00
0.00
0.00
37.00
20.00
59.00
0.00
0.00
0.00
4.00
3.00
106.00
327.00
123.00
5.00
0.00
0.00
0.00
0.00
0.00
0.00
0.00
0.00
0.00
0.00
0.00
0.00
0.00
0.00
0.00
0.00
0.00
0.00
0.00
0.00
0.00
0.00
0.00
0.00
0.00
0.00
0.00
0.00
0.00
0.00
0.00
0.00
0.00
0.00
0.00
0.00
0.00
0.00
0.00
0.00
0.00
0.00
0.00
0.00
0.00
0.00
0.00
0.00
0.00
0.00
0.00
0.00
0.00
0.00
0.00
0.00
0.00
0.00
0.00
0.00
0.00
0.00
0.00
0.00
0.00
0.00
0.00
0.00
0.00
0.00
0.00
0.00
0.00
0.00
0.00
0.00
0.00
0.00
0.00
0.00
10.00
0.00
0.00
0.00
0.00
0.00
0.00
0.00
0.00
0.00
0.00
0.00
0.00
0.00
0.00
0.00
0.00
0.00
0.00
0.00
0.00
0.00
0.00
0.00
0.00
0.00
0.00
0.00
0.00
0.00
0.00
0.00
0.00
0.00
0.00
0.00
0.00
61.00
11.00
0.00
203.00
0.00
150.00
21.00
1.00
0.00
0.00
0.00
0.00
0.00
135.00
1.00
74.00
0.00
0.00
0.00
0.00
59.00
0.00
0.00
1.00
17.00
138.00
6.00
1.00
0.00
567.00
367.00
56.00
0.00
0.00
0.00
0.00
0.00
0.00
0.00
0.00
0.00
28.00
6.00
4.00
0.00
203.00
151.00
112.00
127.00
129.00
61.00
24.00
0.00
0.00
11.00
0.00
5.00
49.00
0.00
0.00
0.00
0.00
4.00
0.00
0.00
102.00
0.00
0.00
0.00
43.00
5.00
247.00
6.00
29.00
0.00
29.00
0.00
130.00
0.00
0.00
0.00
0.00
19.00
49.00
91.00
200.00
305.00
15.00
191.00
51.00
126.00
70.00
0.00
68.00
77.00
302.00
514.00
158.00
186.00
96.00
152.00
0.00
134.00
16.00
35.00
10.00
21.00
0.00
6.00
1.00
71.00
6.00
76.00
180.00
69.00
85.00
136.00
312.00
12.00
0.00
39.00
39.00
171.00
13.00
16.00
19.00
36.00
5.00
212.00
19.00
209.00
167.00
76.00
6.00
113.00
99.00
43.00
20.00
83.00
8.00
74.00
112.00
55.00
48.00
51.00
48.00
107.00
57.00
64.00
32.00
18.00
64.00
14.00
84.00
32.00
0.00
1.00
0.00
25.00
204.00
68.00
5.00
0.00
79.00
30.00
3.00
13.00
14.00
41.00
40.00
51.00
22.00
35.00
43.00
363.00
6.00
37.00
60.00
61.00
167.00
1.00
13.00
5.00
0.00
3.00
76.00
94.00
44.00
4.00
87.00
2.00
3.00
39.00
195.00
63.00
44.00
271.00
50.00
89.00
62.00
3.00
6.00
30.00
5.00
22.00
417.00
11.00
208.00
0.00
0.00
14.00
174.00
37.00
1.00
14.00
25.00
6.00
39.00
0.00
5.00
11.00
6.00
9.00
0.00
0.00
0.00
0.00
76.00
96.00
71.00
297.00
0.00
0.00
0.00
0.00
0.00
0.00
7.00
202.00
103.00
0.00
0.00
0.00
0.00
0.00
0.00
0.00
0.00
0.00
0.00
0.00
0.00
42.00
0.00
5.00
190.00
30.00
9.00
0.00
0.00
0.00
0.00
0.00
0.00
0.00
0.00
0.00
0.00
0.00
0.00
0.00
0.00
0.00
0.00
0.00
0.00
0.00
49.00
420.00
162.00
133.00
0.00
0.00
0.00
0.00
0.00
0.00
0.00
0.00
5.00
0.00
0.00
0.00
0.00
0.00
0.00
0.00
0.00
0.00
0.00
0.00
28.00
255.00
80.00
0.00
0.00
0.00
0.00
0.00
0.00
0.00
0.00
0.00
0.00
0.00
0.00
0.00
0.00
0.00
0.00
0.00
0.00
0.00
0.00
0.00
0.00
0.00
0.00
0.00
0.00
0.00
0.00
0.00
0.00
0.00
0.00
0.00
0.00
0.00
8.00
3.00
158.00
0.00
25.00
0.00
0.00
0.00
0.00
0.00
0.00
0.00
0.00
0.00
0.00
0.00
0.00
0.00
0.00
127.00
0.00
0.00
0.00
0.00
0.00
0.00
0.00
0.00
0.00
0.00
0.00
0.00
0.00
0.00
100.00
0.00
0.00
0.00
102.00
2.00
0.00
0.00
0.00
0.00
0.00
0.00
0.00
0.00
0.00
0.00
0.00
45.00
23.00
0.00
35.00
117.00
0.00
13.00
0.00
0.00
28.00
0.00
0.00
0.00
4.00
0.00
3.00
0.00
0.00
96.00
13.00
7.00
1.00
94.00
10.00
0.00
0.00
17.00
20.00
89.00
78.00
76.00
101.00
0.00
109.00
1.00
17.00
270.00
589.00
662.00
320.00
184.00
352.00
505.00
0.00
57.00
11.00
0.00
0.00
0.00
0.00
0.00
0.00
0.00
0.00
0.00
14.00
0.00
0.00
3.00
5.00
46.00
11.00
8.00
0.00
139.00
365.00
603.00
215.00
31.00
106.00
134.00
93.00
298.00
503.00
269.00
146.00
101.00
66.00
0.00
0.00
9.00
0.00
2.00
52.00
27.00
3.00
0.00
10.00
37.00
41.00
18.00
4.00
1.00
7.00
26.00
1.00
0.00
6.00
1.00
110.00
2.00
25.00
125.00
65.00
6.00
36.00
25.00
37.00
8.00
12.00
4.00
18.00
11.00
119.00
19.00
13.00
59.00
7.00
0.00
41.00
4.00
153.00
122.00
170.00
13.00
1.00
0.00
28.00
85.00
55.00
1.00
102.00
53.00
13.00
113.00
128.00
6.00
81.00
9.00
2.00
29.00
23.00
30.00
60.00
35.00
2.00
41.00
34.00
24.00
70.00
19.00
2.00
3.00
25.00
41.00
13.00
1.00
17.00
20.00
0.00
7.00
0.00
82.00
286.00
39.00
0.00
0.00
1.00
2.00
79.00
10.00
21.00
137.00
87.00
5.00
45.00
5.00
126.00
8.00
0.00
2.00
95.00
0.00
6.00
0.00
0.00
0.00
0.00
0.00
0.00
0.00
4.00
10.00
168.00
127.00
595.00
351.00
46.00
0.00
0.00
0.00
0.00
0.00
0.00
0.00
0.00
0.00
0.00
0.00
0.00
0.00
98.00
32.00
160.00
92.00
33.00
0.00
0.00
1.00
0.00
0.00
0.00
0.00
0.00
0.00
0.00
0.00
1.00
0.00
0.00
0.00
0.00
0.00
0.00
0.00
0.00
0.00
0.00
0.00
0.00
0.00
0.00
0.00
0.00
0.00
0.00
0.00
0.00
0.00
0.00
0.00
0.00
0.00
0.00
0.00
0.00
0.00
0.00
0.00
2.00
0.00
42.00
27.00
130.00
0.00
0.00
0.00
0.00
0.00
0.00
0.00
0.00
0.00
0.00
0.00
0.00
0.00
0.00
0.00
0.00
0.00
0.00
0.00
0.00
0.00
0.00
0.00
0.00
0.00
0.00
0.00
0.00
0.00
0.00
0.00
0.00
0.00
0.00
0.00
0.00
0.00
0.00
0.00
0.00
0.00
1.00
0.00
0.00
0.00
0.00
0.00
0.00
0.00
0.00
0.00
0.00
0.00
0.00
0.00
0.00
0.00
0.00
0.00
0.00
3.00
0.00
0.00
0.00
0.00
0.00
0.00
0.00
155.80
184.40
108.70
56.30
0.00
0.00
0.00
10.10
47.10
0.00
0.00
0.00
0.00
0.00
0.00
0.00
0.00
0.00
0.00
0.10
3.20
0.50
0.00
0.00
0.00
0.40
0.00
0.00
0.00
0.00
0.00
0.00
0.00
0.00
105.10
26.60
77.70
17.30
0.00
4.30
2.90
0.00
14.60
45.30
0.50
0.40
0.00
0.00
0.00
0.00
0.00
0.00
0.00
0.00
0.00
0.00
1.70
0.00
0.00
0.00
0.00
0.00
0.00
0.00
0.00
0.00
0.30
0.20
10.70
0.00
0.00
0.00
0.00
0.00
0.00
0.00
0.00
0.40
18.00
0.10
1.30
1.30
0.10
1.20
1.20
0.10
2.90
2.90
52.60
1.40
0.40
0.00
0.00
0.00
0.00
4.80
2.10
0.00
0.30
9.60
0.00
11.80
2.30
0.80
1.90
0.80
0.10
12.00
1.90
7.60
2.20
0.30
0.00
0.00
7.00
11.80
7.70
0.60
0.10
3.80
3.90
10.50
1.90
0.00
3.10
0.20
4.00
9.20
0.10
4.70
3.20
5.70
4.60
1.20
2.30
2.30
10.50
10.50
8.10
2.50
2.50
0.00
14.70
2.50
2.50
2.50
0.00
2.20
3.00
0.60
24.90
9.40
11.60
3.20
0.40
7.00
1.70
2.50
5.80
45.70
2.60
31.30
8.10
2.40
3.40
0.00
1.80
3.90
0.90
1.50
5.20
1.20
0.40
1.40
0.20
3.80
9.50
0.40
1.90
7.30
54.40
0.20
0.90
0.20
11.70
0.00
0.70
2.00
9.80
0.60
0.90
3.60
6.00
0.40
5.00
1.10
2.00
6.60
11.00
2.50
1.00
0.10
14.90
4.70
1.00
5.90
8.00
8.60
6.30
29.70
25.90
34.90
24.30
2.50
4.30
26.50
9.80
1.00
1.00
0.10
0.00
0.00
0.40
0.80
5.80
9.50
4.00
5.00
0.10
0.00
0.00
4.60
15.60
1.40
0.00
0.00
0.00
0.00
0.60
1.80
1.10
2.90
1.80
4.50
