20160101
0.00
0.00
0.00
0.00
0.00
0.00
0.00
0.00
0.00
0.00
0.00
0.00
0.00
0.00
0.00
0.00
0.00
0.00
0.00
13.00
0.00
0.00
0.00
0.00
0.00
0.00
0.00
0.00
0.00
0.00
0.00
0.00
0.00
0.00
0.00
0.00
0.00
0.00
7.00
0.00
0.00
15.00
0.00
0.00
0.00
0.00
0.00
0.00
0.00
0.00
0.00
0.00
0.00
0.00
77.00
0.00
54.00
0.00
0.00
0.00
0.00
0.00
0.00
0.00
0.00
55.00
0.00
0.00
1.00
0.00
0.00
1.00
0.00
0.00
2.00
0.00
0.00
323.00
0.00
0.00
0.00
0.00
0.00
0.00
0.00
0.00
0.00
10.00
269.00
341.00
886.00
2.00
10.00
75.00
47.00
50.00
0.00
0.00
0.00
0.00
0.00
0.00
0.00
0.00
0.00
0.00
245.00
0.00
0.00
0.00
0.00
0.00
0.00
0.00
0.00
0.00
0.00
10.00
0.00
0.00
0.00
15.00
41.00
0.00
4.00
0.00
250.00
174.00
3.00
4.00
0.00
1.00
53.00
926.00
8.00
39.00
0.00
22.00
68.00
49.00
243.00
965.00
1.00
0.00
184.00
55.00
343.00
0.00
325.00
0.00
29.00
61.00
0.00
0.00
0.00
0.00
2.00
11.00
154.00
1.00
33.00
0.00
753.00
81.00
11.00
2.00
1.00
7.00
54.00
10.00
6.00
14.00
2.00
126.00
4.00
21.00
1.00
193.00
4.00
53.00
23.00
17.00
107.00
87.00
209.00
40.00
114.00
216.00
176.00
135.00
21.00
1.00
0.00
19.00
3.00
0.00
326.00
284.00
181.00
29.00
71.00
37.00
23.00
29.00
62.00
50.00
171.00
7.00
7.00
3.00
150.00
375.00
135.00
191.00
11.00
27.00
14.00
28.00
5.00
8.00
27.00
33.00
153.00
47.00
3.00
48.00
171.00
156.00
754.00
45.00
51.00
0.00
127.00
287.00
3.00
0.00
0.00
306.00
57.00
121.00
299.00
8.00
25.00
89.00
51.00
277.00
107.00
32.00
30.00
23.00
8.00
12.00
10.00
20.00
122.00
201.00
310.00
2.00
7.00
18.00
86.00
27.00
94.00
224.00
22.00
112.00
9.00
146.00
145.00
38.00
26.00
207.00
0.00
137.00
34.00
14.00
67.00
334.00
40.00
97.00
91.00
31.00
0.00
15.00
5.00
0.00
0.00
0.00
0.00
0.00
0.00
0.00
0.00
0.00
0.00
0.00
0.00
1.00
0.00
0.00
248.00
32.00
140.00
0.00
0.00
0.00
1.00
38.00
347.00
255.00
0.00
0.00
0.00
0.00
0.00
0.00
0.00
0.00
0.00
0.00
0.00
0.00
0.00
0.00
0.00
0.00
0.00
0.00
0.00
0.00
0.00
0.00
0.00
0.00
0.00
0.00
0.00
0.00
0.00
0.00
0.00
0.00
0.00
0.00
0.00
0.00
0.00
0.00
0.00
0.00
0.00
0.00
0.00
0.00
0.00
0.00
0.00
0.00
0.00
0.00
0.00
0.00
0.00
0.00
0.00
0.00
70.00
0.00
64.00
0.00
0.00
0.00
0.00
0.00
0.00
0.00
0.00
0.00
0.00
0.00
0.00
0.00
0.00
0.00
0.00
0.00
0.00
0.00
0.00
0.00
0.00
0.00
18.00
0.00
0.00
0.00
0.00
0.00
0.00
0.00
0.00
0.00
0.00
0.00
0.00
0.00
0.00
0.00
0.00
0.00
0.00
0.00
0.00
0.00
0.00
0.00
0.00
0.00
0.00
0.00
0.00
0.00
0.00
0.00
0.00
0.00
0.00
0.00
2.00
49.00
0.00
0.00
48.00
1.00
160.00
201.00
0.00
0.00
0.00
0.00
0.00
0.00
108.00
5.00
81.00
2.00
0.00
0.00
0.00
57.00
0.00
0.00
29.00
89.00
4.00
24.00
0.00
0.00
276.00
3.00
219.00
0.00
5.00
0.00
0.00
0.00
0.00
0.00
0.00
0.00
0.00
0.00
0.00
70.00
508.00
0.00
210.00
669.00
161.00
153.00
79.00
0.00
7.00
0.00
24.00
14.00
429.00
0.00
0.00
0.00
13.00
15.00
0.00
0.00
102.00
0.00
0.00
0.00
22.00
160.00
902.00
7.00
211.00
0.00
486.00
0.00
0.00
0.00
0.00
0.00
0.00
38.00
1.00
32.00
179.00
268.00
77.00
517.00
30.00
3.00
1.00
568.00
0.00
4.00
111.00
115.00
30.00
324.00
585.00
15.00
136.00
34.00
228.00
328.00
316.00
559.00
0.00
56.00
60.00
0.00
135.00
2.00
51.00
17.00
38.00
38.00
50.00
221.00
168.00
167.00
292.00
192.00
38.00
2.00
8.00
21.00
236.00
366.00
280.00
16.00
32.00
14.00
106.00
197.00
112.00
200.00
325.00
73.00
41.00
24.00
449.00
206.00
377.00
49.00
9.00
51.00
44.00
0.00
42.00
110.00
141.00
213.00
55.00
17.00
25.00
12.00
10.00
225.00
418.00
227.00
84.00
263.00
77.00
56.00
125.00
72.00
71.00
23.00
247.00
103.00
173.00
47.00
20.00
116.00
245.00
2.00
178.00
34.00
140.00
46.00
25.00
264.00
51.00
5.00
7.00
122.00
24.00
134.00
380.00
1007.00
4.00
9.00
6.00
9.00
12.00
115.00
285.00
113.00
82.00
78.00
1.00
0.00
5.00
12.00
62.00
280.00
376.00
287.00
70.00
262.00
21.00
0.00
4.00
19.00
106.00
28.00
9.00
72.00
0.00
1.00
4.00
0.00
8.00
0.00
0.00
0.00
19.00
442.00
1118.00
488.00
0.00
0.00
4.00
0.00
0.00
0.00
0.00
14.00
30.00
0.00
0.00
0.00
0.00
0.00
0.00
0.00
0.00
0.00
0.00
0.00
0.00
93.00
0.00
11.00
496.00
67.00
1.00
0.00
1.00
0.00
0.00
0.00
0.00
0.00
0.00
0.00
0.00
0.00
0.00
0.00
0.00
0.00
0.00
0.00
0.00
2.00
4.00
48.00
179.00
87.00
0.00
0.00
0.00
0.00
0.00
0.00
0.00
0.00
0.00
0.00
0.00
0.00
0.00
0.00
0.00
0.00
0.00
0.00
0.00
0.00
10.00
230.00
0.00
0.00
0.00
0.00
0.00
0.00
0.00
0.00
0.00
0.00
0.00
0.00
0.00
0.00
0.00
0.00
0.00
0.00
0.00
0.00
0.00
0.00
0.00
0.00
0.00
0.00
0.00
0.00
0.00
0.00
0.00
0.00
0.00
0.00
0.00
0.00
835.00
400.00
280.00
280.00
151.00
0.00
160.00
159.00
0.00
0.00
0.00
0.00
0.00
0.00
0.00
0.00
0.00
0.00
235.00
647.00
0.00
0.00
0.00
0.00
0.00
0.00
123.00
0.00
0.00
0.00
0.00
0.00
0.00
0.00
0.00
0.00
13.00
103.00
0.00
0.00
0.00
0.00
0.00
0.00
0.00
0.00
20.00
2.00
0.00
0.00
0.00
253.00
328.00
2.00
56.00
0.00
49.00
3.00
197.00
191.00
17.00
2.00
0.00
63.00
107.00
0.00
209.00
0.00
128.00
351.00
43.00
102.00
28.00
246.00
133.00
18.00
0.00
49.00
75.00
0.00
0.00
574.00
77.00
5.00
263.00
1.00
157.00
1872.00
89.00
39.00
6.00
28.00
66.00
336.00
0.00
110.00
0.00
191.00
66.00
0.00
66.00
33.00
102.00
577.00
14.00
25.00
16.00
11.00
2.00
0.00
1.00
0.00
63.00
506.00
60.00
0.00
24.00
54.00
0.00
0.00
2.00
17.00
126.00
399.00
0.00
1003.00
0.00
20.00
216.00
45.00
34.00
0.00
283.00
0.00
0.00
2.00
19.00
3.00
42.00
12.00
3.00
9.00
1.00
0.00
42.00
16.00
247.00
79.00
18.00
6.00
5.00
9.00
2.00
0.00
2.00
85.00
204.00
409.00
68.00
1.00
19.00
2.00
18.00
47.00
91.00
26.00
912.00
320.00
323.00
18.00
45.00
92.00
10.00
9.00
74.00
11.00
26.00
3.00
52.00
78.00
131.00
11.00
1.00
4.00
40.00
22.00
59.00
82.00
92.00
27.00
176.00
122.00
240.00
105.00
65.00
15.00
0.00
83.00
27.00
50.00
52.00
7.00
13.00
5.00
0.00
4.00
0.00
37.00
1.00
235.00
19.00
0.00
0.00
17.00
1.00
18.00
96.00
179.00
285.00
42.00
1.00
1.00
0.00
7.00
85.00
220.00
15.00
0.00
2.00
1.00
41.00
16.00
37.00
0.00
1.00
0.00
0.00
0.00
0.00
0.00
0.00
0.00
0.00
0.00
39.00
86.00
59.00
88.00
25.00
0.00
0.00
0.00
0.00
0.00
0.00
0.00
0.00
0.00
0.00
0.00
0.00
0.00
24.00
38.00
67.00
11.00
0.00
0.00
0.00
0.00
0.00
12.00
8.00
0.00
0.00
0.00
0.00
0.00
4.00
0.00
0.00
0.00
0.00
0.00
0.00
0.00
0.00
0.00
0.00
0.00
0.00
0.00
0.00
0.00
0.00
0.00
0.00
0.00
0.00
0.00
0.00
0.00
1.00
0.00
0.00
0.00
0.00
0.00
0.00
0.00
0.00
0.00
48.00
131.00
23.00
0.00
0.00
0.00
0.00
0.00
0.00
0.00
0.00
0.00
0.00
0.00
0.00
0.00
0.00
0.00
0.00
0.00
0.00
0.00
0.00
0.00
0.00
0.00
0.00
0.00
0.00
0.00
0.00
0.00
0.00
0.00
0.00
0.00
0.00
0.00
0.00
0.00
0.00
0.00
0.00
0.00
0.00
0.00
0.00
0.00
0.00
0.00
0.00
0.00
0.00
0.00
0.00
0.00
0.00
0.00
0.00
0.00
0.00
0.00
0.00
4.00
0.00
0.00
0.00
0.00
0.00
0.00
0.30
27.70
10.30
35.90
6.40
0.00
0.00
0.00
0.20
1.20
0.00
0.00
0.00
0.00
0.00
0.00
0.00
0.00
5.70
4.40
0.00
45.40
0.90
0.20
0.00
0.00
0.00
0.00
0.00
0.00
5.60
0.60
0.00
0.00
5.40
42.80
0.00
62.20
12.40
0.00
1.30
67.20
0.10
15.50
41.10
0.50
6.00
6.40
39.20
0.00
0.00
7.20
0.60
0.00
0.00
0.00
10.20
0.00
0.00
0.00
0.00
0.00
0.00
0.00
0.00
0.10
0.10
0.00
83.30
13.30
0.00
0.00
0.00
0.00
0.00
0.00
0.20
0.00
9.30
0.80
0.00
0.00
0.30
1.30
0.60
0.60
0.00
27.00
27.00
65.20
2.30
0.00
1.20
0.00
0.00
0.10
2.90
5.80
23.50
4.60
2.60
47.50
0.70
0.60
0.50
7.50
0.00
0.00
0.00
3.50
9.50
44.80
0.00
12.80
0.20
1.90
0.30
1.60
3.10
0.00
0.00
1.40
4.10
5.40
147.20
0.00
2.40
1.30
0.90
0.30
0.00
0.60
2.90
10.20
14.00
7.00
7.00
33.60
33.60
54.80
0.40
0.40
3.40
0.00
0.40
0.40
0.40
0.20
2.70
1.80
16.70
51.90
3.60
0.60
0.20
2.00
11.10
9.20
3.50
6.80
0.30
19.40
20.90
2.70
0.60
26.00
2.30
1.80
9.90
23.40
35.40
63.30
28.30
2.20
1.30
0.00
0.10
3.10
2.40
36.10
42.40
5.50
0.90
0.30
0.00
1.00
0.00
0.70
14.90
50.60
34.90
5.50
12.40
0.10
0.00
1.40
1.30
16.10
14.40
1.20
19.30
32.40
0.50
0.30
0.20
0.30
0.20
0.20
2.60
6.10
9.80
0.80
24.60
55.20
5.70
11.40
11.90
15.30
5.80
5.80
13.40
0.40
0.30
3.60
10.30
0.50
0.20
13.20
7.30
0.00
0.10
0.00
0.00
0.10
0.60
0.00
0.00
0.20
0.00
0.10
3.20
1.30
0.10
0.00
2.30
