20160101
0.00
0.00
0.00
0.00
0.00
0.00
0.00
0.00
0.00
0.00
0.00
0.00
0.00
0.00
0.00
0.00
0.00
0.00
0.00
2.00
26.00
0.00
0.00
0.00
0.00
0.00
0.00
0.00
0.00
0.00
0.00
0.00
0.00
0.00
0.00
0.00
0.00
0.00
0.00
0.00
0.00
0.00
0.00
0.00
0.00
0.00
0.00
0.00
0.00
0.00
7.00
0.00
2.00
1.00
141.00
27.00
10.00
4.00
0.00
0.00
0.00
0.00
0.00
0.00
0.00
0.00
0.00
0.00
0.00
1.00
0.00
1.00
0.00
0.00
0.00
0.00
0.00
0.00
21.00
0.00
6.00
0.00
0.00
0.00
0.00
0.00
0.00
19.00
3.00
1.00
404.00
5.00
11.00
5.00
90.00
43.00
0.00
0.00
0.00
0.00
0.00
0.00
0.00
0.00
13.00
0.00
50.00
48.00
0.00
5.00
3.00
16.00
2.00
0.00
1.00
130.00
6.00
0.00
4.00
0.00
0.00
56.00
25.00
0.00
19.00
0.00
0.00
0.00
0.00
0.00
0.00
0.00
90.00
0.00
1.00
1.00
0.00
63.00
246.00
104.00
129.00
383.00
1.00
15.00
3.00
12.00
0.00
0.00
0.00
0.00
0.00
11.00
14.00
44.00
8.00
1.00
2.00
55.00
32.00
36.00
49.00
314.00
19.00
35.00
19.00
0.00
132.00
69.00
26.00
38.00
23.00
206.00
22.00
114.00
9.00
199.00
74.00
37.00
0.00
0.00
9.00
22.00
56.00
85.00
16.00
3.00
16.00
4.00
119.00
55.00
7.00
21.00
11.00
5.00
3.00
35.00
60.00
115.00
0.00
0.00
18.00
34.00
111.00
81.00
186.00
139.00
183.00
0.00
16.00
51.00
40.00
229.00
121.00
55.00
2.00
0.00
8.00
88.00
64.00
12.00
12.00
5.00
4.00
18.00
16.00
80.00
3.00
8.00
4.00
6.00
1.00
7.00
669.00
3.00
0.00
40.00
0.00
30.00
163.00
13.00
1.00
21.00
27.00
35.00
4.00
4.00
11.00
8.00
15.00
1.00
2.00
18.00
306.00
20.00
53.00
2.00
5.00
0.00
0.00
29.00
7.00
8.00
50.00
154.00
45.00
5.00
0.00
0.00
0.00
7.00
30.00
0.00
0.00
0.00
0.00
23.00
0.00
0.00
85.00
1.00
5.00
0.00
0.00
68.00
0.00
41.00
11.00
0.00
0.00
0.00
0.00
0.00
0.00
0.00
0.00
0.00
0.00
0.00
0.00
23.00
128.00
15.00
22.00
23.00
0.00
0.00
80.00
41.00
21.00
217.00
117.00
0.00
0.00
0.00
0.00
0.00
0.00
0.00
0.00
0.00
0.00
0.00
0.00
0.00
0.00
0.00
0.00
0.00
0.00
0.00
0.00
0.00
0.00
0.00
0.00
1.00
0.00
0.00
0.00
0.00
0.00
0.00
0.00
0.00
0.00
0.00
0.00
0.00
0.00
0.00
0.00
0.00
0.00
0.00
0.00
0.00
0.00
0.00
0.00
0.00
0.00
0.00
0.00
0.00
0.00
0.00
0.00
0.00
7.00
0.00
0.00
0.00
0.00
0.00
0.00
0.00
0.00
0.00
0.00
0.00
0.00
0.00
0.00
0.00
7.00
2.00
0.00
0.00
0.00
0.00
0.00
0.00
8.00
0.00
0.00
0.00
0.00
0.00
0.00
0.00
0.00
0.00
0.00
0.00
0.00
0.00
0.00
0.00
0.00
0.00
0.00
0.00
0.00
0.00
0.00
0.00
0.00
0.00
0.00
0.00
0.00
0.00
0.00
0.00
0.00
0.00
0.00
0.00
0.00
0.00
2.00
0.00
67.00
1.00
68.00
38.00
6.00
0.00
0.00
0.00
0.00
0.00
17.00
2.00
22.00
0.00
0.00
0.00
0.00
23.00
0.00
0.00
1.00
25.00
65.00
17.00
1.00
0.00
147.00
202.00
9.00
0.00
0.00
0.00
0.00
0.00
0.00
0.00
0.00
9.00
31.00
2.00
37.00
0.00
131.00
82.00
201.00
64.00
68.00
89.00
133.00
1.00
0.00
0.00
0.00
0.00
3.00
0.00
0.00
0.00
0.00
6.00
0.00
0.00
149.00
0.00
1.00
2.00
20.00
16.00
89.00
2.00
17.00
0.00
0.00
0.00
0.00
0.00
0.00
0.00
0.00
9.00
121.00
22.00
122.00
151.00
1.00
9.00
23.00
26.00
13.00
0.00
2.00
6.00
71.00
14.00
23.00
80.00
33.00
202.00
0.00
150.00
5.00
9.00
0.00
58.00
1.00
0.00
9.00
30.00
0.00
9.00
6.00
25.00
62.00
185.00
55.00
74.00
0.00
95.00
26.00
93.00
0.00
3.00
17.00
147.00
52.00
138.00
72.00
57.00
10.00
123.00
0.00
208.00
193.00
89.00
79.00
21.00
39.00
113.00
67.00
23.00
8.00
18.00
269.00
92.00
11.00
25.00
40.00
45.00
36.00
70.00
55.00
94.00
1.00
24.00
4.00
3.00
9.00
20.00
29.00
5.00
33.00
112.00
4.00
31.00
19.00
20.00
3.00
90.00
7.00
6.00
59.00
666.00
16.00
2.00
38.00
61.00
13.00
35.00
25.00
0.00
3.00
20.00
29.00
52.00
106.00
17.00
66.00
85.00
19.00
285.00
63.00
0.00
255.00
298.00
42.00
276.00
78.00
0.00
38.00
8.00
1.00
21.00
501.00
23.00
72.00
0.00
12.00
24.00
29.00
1.00
12.00
25.00
2.00
0.00
6.00
0.00
2.00
3.00
257.00
0.00
0.00
0.00
0.00
0.00
16.00
1.00
21.00
22.00
14.00
0.00
0.00
0.00
0.00
0.00
1.00
4.00
157.00
7.00
0.00
0.00
0.00
0.00
0.00
0.00
0.00
0.00
0.00
0.00
0.00
3.00
0.00
4.00
208.00
28.00
1.00
0.00
0.00
0.00
0.00
0.00
0.00
0.00
0.00
0.00
0.00
0.00
0.00
0.00
0.00
0.00
0.00
0.00
0.00
0.00
0.00
475.00
320.00
0.00
0.00
0.00
0.00
0.00
0.00
0.00
0.00
0.00
0.00
0.00
0.00
8.00
0.00
0.00
0.00
0.00
0.00
0.00
0.00
0.00
0.00
336.00
395.00
0.00
0.00
0.00
0.00
0.00
0.00
0.00
0.00
0.00
0.00
0.00
0.00
0.00
0.00
0.00
0.00
0.00
0.00
0.00
0.00
0.00
0.00
0.00
0.00
0.00
0.00
0.00
0.00
0.00
0.00
0.00
0.00
0.00
0.00
0.00
0.00
7.00
55.00
11.00
5.00
0.00
0.00
0.00
0.00
0.00
0.00
0.00
0.00
0.00
0.00
0.00
0.00
0.00
0.00
41.00
0.00
0.00
0.00
0.00
0.00
0.00
0.00
0.00
0.00
0.00
0.00
0.00
0.00
0.00
27.00
0.00
0.00
14.00
204.00
0.00
0.00
0.00
0.00
0.00
0.00
0.00
0.00
0.00
0.00
0.00
0.00
2.00
26.00
0.00
276.00
85.00
0.00
1.00
0.00
18.00
21.00
0.00
22.00
0.00
0.00
0.00
0.00
0.00
0.00
4.00
0.00
5.00
1.00
22.00
0.00
0.00
0.00
0.00
0.00
4.00
0.00
43.00
48.00
4.00
174.00
0.00
3.00
100.00
294.00
388.00
192.00
148.00
152.00
423.00
2.00
133.00
0.00
1.00
18.00
0.00
0.00
0.00
0.00
0.00
23.00
41.00
24.00
0.00
0.00
59.00
3.00
105.00
23.00
0.00
2.00
21.00
220.00
367.00
64.00
19.00
8.00
31.00
26.00
148.00
158.00
102.00
78.00
100.00
13.00
0.00
0.00
32.00
3.00
6.00
0.00
49.00
88.00
4.00
8.00
79.00
7.00
74.00
1.00
15.00
12.00
15.00
20.00
0.00
1.00
0.00
3.00
11.00
35.00
39.00
30.00
157.00
58.00
38.00
46.00
7.00
15.00
12.00
95.00
35.00
378.00
36.00
31.00
82.00
3.00
0.00
97.00
42.00
65.00
343.00
87.00
0.00
1.00
0.00
55.00
259.00
68.00
0.00
14.00
11.00
38.00
72.00
85.00
21.00
82.00
36.00
4.00
0.00
74.00
10.00
41.00
23.00
12.00
81.00
20.00
8.00
9.00
34.00
6.00
1.00
44.00
10.00
117.00
5.00
8.00
6.00
0.00
0.00
0.00
28.00
223.00
67.00
0.00
0.00
13.00
26.00
21.00
0.00
8.00
31.00
170.00
2.00
0.00
15.00
76.00
28.00
0.00
2.00
3.00
0.00
3.00
0.00
0.00
0.00
0.00
0.00
2.00
0.00
7.00
15.00
186.00
246.00
430.00
334.00
59.00
0.00
0.00
0.00
0.00
0.00
0.00
0.00
0.00
0.00
0.00
0.00
0.00
0.00
373.00
8.00
91.00
80.00
73.00
0.00
0.00
0.00
0.00
0.00
0.00
0.00
0.00
0.00
0.00
0.00
1.00
1.00
17.00
0.00
0.00
0.00
0.00
0.00
0.00
0.00
0.00
0.00
0.00
0.00
0.00
0.00
0.00
0.00
0.00
0.00
0.00
0.00
0.00
0.00
16.00
0.00
0.00
0.00
0.00
10.00
0.00
0.00
2.00
0.00
5.00
5.00
79.00
0.00
0.00
0.00
0.00
0.00
0.00
0.00
0.00
0.00
0.00
0.00
0.00
0.00
0.00
0.00
0.00
0.00
0.00
0.00
7.00
0.00
0.00
0.00
0.00
0.00
0.00
0.00
0.00
0.00
0.00
0.00
0.00
0.00
0.00
0.00
0.00
0.00
0.00
0.00
0.00
0.00
0.00
0.00
0.00
0.00
0.00
0.00
0.00
0.00
0.00
0.00
0.00
0.00
0.00
0.00
0.00
0.00
0.00
0.00
0.00
0.00
0.00
0.00
0.00
0.00
0.00
0.00
0.00
67.90
92.90
21.20
25.80
0.00
0.00
0.00
0.20
16.40
2.80
0.00
0.00
0.00
0.00
0.00
0.00
0.00
0.00
0.00
0.00
0.00
0.20
0.00
0.00
0.00
0.00
0.00
0.00
0.00
0.00
0.10
0.00
0.00
0.00
41.40
6.30
21.20
7.90
0.00
14.40
2.70
1.00
28.90
18.10
0.50
0.00
0.00
0.00
0.00
0.00
0.00
0.00
0.00
0.00
0.00
0.00
0.90
0.00
0.00
0.00
0.00
0.00
0.00
0.00
0.00
0.00
1.10
0.50
0.00
0.00
0.00
0.00
0.00
0.00
0.00
0.00
0.00
2.00
8.90
0.30
0.60
0.30
0.00
0.00
0.00
0.00
0.00
0.00
16.10
0.00
0.00
0.00
0.00
0.00
0.00
0.20
0.10
0.00
1.00
5.40
0.00
1.00
0.30
5.90
2.40
4.90
4.60
3.50
5.30
5.80
1.10
0.00
0.10
19.50
2.00
7.40
7.00
0.60
1.10
3.60
1.40
3.10
4.30
6.10
1.80
0.30
0.00
0.00
0.00
0.90
0.40
1.90
5.80
6.80
0.00
0.00
13.20
13.20
5.60
2.50
2.50
0.00
0.20
2.50
2.50
2.50
1.60
16.10
2.60
6.20
5.50
10.70
1.90
0.00
1.00
2.60
8.40
12.70
5.50
0.10
0.30
50.30
1.80
7.80
7.10
1.00
4.30
21.10
0.70
3.70
0.40
0.00
0.80
0.80
2.30
1.70
3.90
7.70
0.10
20.10
21.60
0.00
0.10
0.20
10.10
0.00
1.90
48.40
15.10
1.60
0.80
0.50
1.40
0.00
4.10
2.10
0.00
3.30
7.40
5.40
1.10
0.40
5.10
0.60
0.00
0.00
0.90
1.30
11.40
7.10
0.70
23.90
11.40
0.80
0.80
0.80
4.70
0.00
0.00
0.50
0.00
0.00
3.90
2.40
0.40
0.60
0.40
1.40
0.70
0.00
0.00
3.90
15.90
2.90
0.60
0.00
0.30
0.00
1.30
6.10
2.00
0.20
0.00
2.50
