20160101
0.00
0.00
0.00
0.00
0.00
0.00
0.00
0.00
0.00
0.00
0.00
0.00
0.00
0.00
0.00
0.00
0.00
0.00
0.00
0.00
14.00
0.00
0.00
0.00
0.00
4.00
0.00
0.00
0.00
0.00
0.00
0.00
0.00
0.00
0.00
0.00
0.00
0.00
0.00
0.00
0.00
0.00
0.00
0.00
0.00
0.00
0.00
0.00
0.00
0.00
1.00
0.00
2.00
23.00
104.00
0.00
35.00
0.00
0.00
0.00
1.00
0.00
1.00
0.00
0.00
0.00
0.00
0.00
0.00
1.00
0.00
0.00
0.00
0.00
0.00
0.00
0.00
0.00
30.00
0.00
8.00
0.00
0.00
0.00
0.00
0.00
0.00
371.00
1.00
156.00
297.00
50.00
27.00
23.00
223.00
64.00
0.00
0.00
0.00
0.00
0.00
0.00
0.00
0.00
63.00
64.00
96.00
50.00
0.00
19.00
7.00
40.00
21.00
0.00
0.00
93.00
1.00
0.00
12.00
0.00
4.00
172.00
57.00
6.00
102.00
0.00
0.00
0.00
0.00
0.00
0.00
0.00
74.00
0.00
0.00
3.00
1.00
112.00
266.00
108.00
199.00
560.00
0.00
1.00
31.00
19.00
0.00
0.00
66.00
3.00
0.00
0.00
0.00
0.00
36.00
132.00
63.00
1.00
7.00
15.00
10.00
240.00
3.00
36.00
40.00
0.00
117.00
20.00
117.00
59.00
31.00
93.00
45.00
98.00
2.00
78.00
17.00
66.00
0.00
7.00
31.00
108.00
125.00
23.00
49.00
3.00
17.00
23.00
216.00
66.00
35.00
4.00
26.00
10.00
3.00
28.00
52.00
131.00
0.00
0.00
0.00
27.00
61.00
71.00
66.00
29.00
196.00
6.00
0.00
67.00
80.00
70.00
70.00
46.00
3.00
2.00
4.00
63.00
92.00
35.00
43.00
5.00
2.00
44.00
65.00
110.00
30.00
0.00
12.00
1.00
1.00
17.00
579.00
9.00
0.00
50.00
0.00
71.00
0.00
37.00
37.00
27.00
101.00
86.00
4.00
7.00
8.00
23.00
14.00
8.00
4.00
8.00
67.00
3.00
17.00
37.00
12.00
28.00
336.00
144.00
56.00
20.00
99.00
253.00
7.00
19.00
25.00
1.00
109.00
58.00
53.00
1.00
15.00
18.00
2.00
24.00
1.00
0.00
0.00
3.00
39.00
47.00
19.00
1.00
5.00
127.00
0.00
0.00
0.00
34.00
0.00
0.00
0.00
0.00
0.00
0.00
0.00
0.00
0.00
0.00
9.00
29.00
47.00
1.00
0.00
0.00
5.00
3.00
78.00
225.00
132.00
7.00
0.00
0.00
0.00
0.00
0.00
0.00
0.00
0.00
0.00
0.00
0.00
0.00
0.00
0.00
0.00
0.00
0.00
0.00
0.00
0.00
0.00
0.00
0.00
0.00
0.00
0.00
0.00
0.00
0.00
0.00
0.00
0.00
0.00
0.00
0.00
0.00
11.00
0.00
0.00
0.00
0.00
0.00
0.00
0.00
0.00
0.00
0.00
0.00
0.00
0.00
0.00
0.00
0.00
0.00
0.00
0.00
0.00
0.00
0.00
0.00
0.00
0.00
0.00
0.00
0.00
0.00
0.00
0.00
0.00
0.00
0.00
0.00
0.00
0.00
0.00
0.00
0.00
0.00
0.00
0.00
26.00
0.00
0.00
0.00
0.00
0.00
0.00
0.00
0.00
0.00
0.00
0.00
0.00
0.00
0.00
0.00
0.00
0.00
0.00
0.00
0.00
0.00
0.00
0.00
0.00
0.00
0.00
15.00
0.00
0.00
0.00
0.00
0.00
0.00
0.00
0.00
0.00
34.00
8.00
0.00
204.00
0.00
95.00
16.00
0.00
0.00
0.00
0.00
0.00
0.00
125.00
0.00
52.00
0.00
0.00
0.00
0.00
35.00
0.00
0.00
1.00
14.00
129.00
10.00
0.00
0.00
397.00
246.00
40.00
0.00
0.00
0.00
0.00
0.00
0.00
0.00
0.00
0.00
9.00
2.00
16.00
0.00
175.00
63.00
187.00
92.00
118.00
73.00
51.00
0.00
0.00
0.00
0.00
4.00
3.00
0.00
0.00
0.00
0.00
5.00
0.00
0.00
93.00
0.00
0.00
0.00
64.00
5.00
180.00
5.00
14.00
0.00
25.00
0.00
57.00
0.00
0.00
0.00
0.00
0.00
67.00
34.00
159.00
293.00
25.00
6.00
19.00
143.00
23.00
0.00
57.00
64.00
183.00
278.00
95.00
199.00
70.00
175.00
0.00
134.00
96.00
4.00
9.00
17.00
0.00
0.00
5.00
15.00
0.00
55.00
82.00
16.00
18.00
146.00
203.00
19.00
0.00
48.00
54.00
90.00
2.00
17.00
52.00
66.00
8.00
248.00
23.00
300.00
81.00
45.00
9.00
125.00
131.00
51.00
25.00
58.00
4.00
86.00
112.00
51.00
33.00
8.00
66.00
98.00
56.00
40.00
22.00
37.00
20.00
17.00
66.00
56.00
0.00
11.00
0.00
36.00
51.00
30.00
5.00
1.00
81.00
57.00
1.00
11.00
2.00
22.00
20.00
18.00
8.00
26.00
47.00
395.00
8.00
8.00
46.00
43.00
101.00
4.00
9.00
3.00
2.00
4.00
46.00
56.00
26.00
8.00
130.00
5.00
42.00
64.00
38.00
39.00
67.00
302.00
25.00
44.00
97.00
4.00
19.00
22.00
3.00
14.00
506.00
22.00
108.00
1.00
0.00
8.00
111.00
17.00
0.00
2.00
7.00
1.00
16.00
0.00
12.00
9.00
7.00
0.00
0.00
0.00
0.00
0.00
50.00
63.00
43.00
137.00
0.00
0.00
0.00
0.00
0.00
0.00
5.00
165.00
112.00
2.00
3.00
0.00
0.00
0.00
0.00
0.00
0.00
0.00
0.00
0.00
0.00
4.00
0.00
3.00
205.00
22.00
13.00
0.00
0.00
0.00
0.00
0.00
0.00
0.00
0.00
0.00
0.00
0.00
0.00
0.00
0.00
0.00
0.00
0.00
0.00
0.00
30.00
382.00
146.00
80.00
0.00
0.00
0.00
0.00
0.00
0.00
0.00
0.00
0.00
0.00
0.00
0.00
0.00
0.00
0.00
0.00
0.00
0.00
0.00
0.00
33.00
276.00
45.00
0.00
0.00
0.00
0.00
0.00
0.00
0.00
0.00
0.00
0.00
0.00
0.00
0.00
0.00
0.00
0.00
0.00
0.00
0.00
0.00
0.00
0.00
0.00
0.00
0.00
0.00
0.00
0.00
0.00
0.00
0.00
0.00
0.00
0.00
0.00
7.00
3.00
103.00
4.00
16.00
0.00
0.00
0.00
0.00
0.00
0.00
0.00
0.00
0.00
0.00
0.00
0.00
0.00
0.00
106.00
0.00
0.00
0.00
0.00
0.00
0.00
0.00
0.00
0.00
0.00
0.00
0.00
0.00
0.00
117.00
0.00
0.00
5.00
228.00
1.00
0.00
0.00
0.00
0.00
0.00
0.00
0.00
0.00
0.00
0.00
0.00
34.00
13.00
0.00
104.00
99.00
0.00
0.00
0.00
18.00
61.00
0.00
0.00
0.00
90.00
0.00
2.00
0.00
0.00
48.00
32.00
13.00
1.00
91.00
4.00
0.00
0.00
9.00
1.00
95.00
16.00
83.00
87.00
1.00
70.00
0.00
1.00
169.00
544.00
581.00
269.00
121.00
240.00
579.00
0.00
54.00
8.00
0.00
3.00
0.00
0.00
0.00
1.00
0.00
11.00
2.00
59.00
0.00
0.00
2.00
0.00
40.00
5.00
1.00
3.00
9.00
356.00
566.00
313.00
42.00
29.00
198.00
75.00
222.00
536.00
291.00
91.00
72.00
50.00
0.00
0.00
14.00
0.00
2.00
27.00
33.00
10.00
0.00
13.00
37.00
27.00
47.00
7.00
0.00
1.00
10.00
0.00
0.00
1.00
9.00
16.00
1.00
33.00
73.00
96.00
9.00
37.00
6.00
35.00
4.00
17.00
0.00
40.00
21.00
140.00
34.00
2.00
59.00
6.00
0.00
60.00
9.00
88.00
176.00
81.00
10.00
0.00
0.00
11.00
63.00
41.00
4.00
4.00
69.00
30.00
95.00
34.00
7.00
99.00
44.00
4.00
15.00
23.00
22.00
39.00
30.00
27.00
42.00
14.00
31.00
13.00
23.00
15.00
6.00
41.00
19.00
35.00
4.00
8.00
14.00
0.00
3.00
0.00
26.00
229.00
27.00
0.00
0.00
1.00
5.00
95.00
3.00
29.00
183.00
157.00
2.00
39.00
10.00
103.00
7.00
0.00
1.00
1.00
0.00
0.00
0.00
0.00
0.00
0.00
0.00
0.00
0.00
9.00
21.00
191.00
151.00
570.00
354.00
39.00
0.00
0.00
0.00
0.00
0.00
0.00
0.00
0.00
0.00
0.00
0.00
0.00
0.00
67.00
6.00
104.00
71.00
43.00
0.00
0.00
0.00
0.00
0.00
0.00
0.00
0.00
0.00
0.00
0.00
0.00
0.00
0.00
0.00
0.00
0.00
0.00
0.00
0.00
0.00
0.00
0.00
0.00
0.00
0.00
0.00
0.00
0.00
0.00
0.00
0.00
0.00
0.00
0.00
0.00
0.00
0.00
0.00
0.00
4.00
0.00
0.00
5.00
0.00
30.00
20.00
19.00
0.00
0.00
0.00
0.00
0.00
0.00
0.00
0.00
0.00
0.00
0.00
0.00
0.00
0.00
0.00
0.00
0.00
0.00
0.00
0.00
0.00
0.00
0.00
0.00
0.00
0.00
0.00
0.00
0.00
0.00
0.00
0.00
0.00
0.00
0.00
0.00
0.00
0.00
0.00
0.00
0.00
0.00
0.00
0.00
0.00
0.00
0.00
0.00
0.00
0.00
0.00
0.00
0.00
0.00
0.00
0.00
0.00
0.00
0.00
0.00
1.00
0.00
0.00
0.00
0.00
0.00
0.00
0.00
131.90
158.20
66.00
49.50
0.00
0.00
0.00
15.50
41.20
0.00
0.00
0.00
0.00
0.00
0.00
0.00
0.00
0.00
0.00
0.00
0.00
0.10
0.00
0.00
0.00
0.40
0.00
0.00
0.00
0.00
0.00
0.00
0.00
0.00
72.70
17.30
58.50
13.10
0.00
5.20
2.50
0.20
20.30
59.30
0.00
0.00
0.00
0.00
0.00
0.00
0.00
0.00
0.00
0.00
0.00
0.00
0.50
0.00
0.00
0.00
0.00
0.00
0.00
0.00
0.00
0.00
0.10
1.50
1.60
0.00
0.00
0.00
0.00
0.00
0.00
0.00
0.00
1.00
11.70
0.00
2.60
5.90
0.00
0.50
0.50
0.00
0.90
0.90
42.80
0.20
0.40
0.00
0.00
0.00
0.00
0.90
0.80
0.00
0.50
2.30
0.10
19.00
3.10
0.10
0.80
5.50
0.00
15.30
1.40
7.60
2.30
0.00
0.00
0.30
0.80
11.20
8.30
1.30
0.10
3.50
0.60
7.20
1.40
0.00
3.90
0.80
3.90
3.10
0.00
5.20
2.10
5.20
4.10
1.40
3.00
3.00
12.20
12.20
11.00
0.60
0.60
0.00
8.30
0.60
0.60
0.60
0.00
5.90
4.10
1.40
24.40
13.60
8.90
2.60
0.90
7.10
0.60
2.30
11.80
42.80
0.90
42.00
11.30
7.00
4.10
0.00
3.70
3.00
0.50
0.90
6.80
0.70
2.10
1.00
0.20
3.20
3.90
0.50
2.00
8.30
39.40
0.20
0.00
0.30
12.50
0.00
1.20
1.70
11.20
0.90
0.30
1.50
1.80
0.20
6.70
3.10
0.10
3.90
14.70
4.00
1.00
0.00
16.10
1.60
0.20
2.80
9.10
11.60
2.90
23.50
19.30
53.00
16.90
2.40
2.80
16.40
8.50
2.30
2.30
0.10
0.00
0.00
0.20
1.80
0.80
4.10
1.50
1.50
0.30
0.00
0.00
4.80
14.90
0.50
0.00
0.00
0.10
0.00
1.00
9.20
3.90
0.30
1.00
1.30
