20160101
0.00
0.00
0.00
0.00
0.00
0.00
0.00
0.00
48.00
0.00
0.00
0.00
0.00
0.00
0.00
0.00
0.00
0.00
0.00
10.00
0.00
0.00
0.00
0.00
0.00
0.00
0.00
0.00
0.00
0.00
0.00
0.00
0.00
0.00
0.00
0.00
0.00
0.00
0.00
0.00
0.00
0.00
0.00
0.00
0.00
0.00
0.00
0.00
0.00
0.00
3.00
0.00
0.00
66.00
107.00
0.00
17.00
0.00
0.00
0.00
1.00
0.00
0.00
0.00
0.00
342.00
0.00
0.00
0.00
0.00
7.00
0.00
0.00
0.00
0.00
25.00
0.00
0.00
0.00
1.00
40.00
0.00
1.00
0.00
0.00
0.00
0.00
410.00
6.00
75.00
246.00
151.00
0.00
509.00
541.00
9.00
0.00
0.00
0.00
0.00
0.00
0.00
0.00
0.00
43.00
0.00
206.00
308.00
1.00
42.00
0.00
10.00
0.00
0.00
0.00
53.00
0.00
12.00
0.00
0.00
0.00
296.00
365.00
249.00
124.00
185.00
65.00
19.00
0.00
2.00
13.00
0.00
295.00
445.00
43.00
139.00
6.00
289.00
76.00
65.00
433.00
990.00
17.00
0.00
83.00
53.00
7.00
2.00
61.00
71.00
17.00
31.00
18.00
0.00
151.00
726.00
8.00
2.00
14.00
16.00
18.00
165.00
227.00
28.00
30.00
0.00
3.00
411.00
195.00
7.00
1.00
21.00
3.00
47.00
75.00
28.00
22.00
37.00
92.00
239.00
94.00
14.00
68.00
86.00
103.00
97.00
5.00
0.00
126.00
53.00
96.00
95.00
17.00
6.00
1.00
10.00
120.00
23.00
35.00
50.00
0.00
4.00
5.00
27.00
94.00
93.00
198.00
74.00
10.00
23.00
244.00
142.00
49.00
161.00
61.00
139.00
92.00
115.00
12.00
92.00
52.00
94.00
241.00
0.00
40.00
207.00
187.00
99.00
92.00
59.00
0.00
0.00
187.00
29.00
0.00
0.00
5.00
1054.00
48.00
263.00
0.00
2.00
198.00
257.00
92.00
2.00
36.00
4.00
67.00
3.00
4.00
0.00
0.00
1.00
7.00
98.00
627.00
509.00
0.00
224.00
130.00
56.00
84.00
279.00
42.00
88.00
26.00
0.00
24.00
140.00
50.00
234.00
8.00
556.00
78.00
69.00
48.00
466.00
103.00
381.00
322.00
187.00
22.00
16.00
275.00
109.00
0.00
0.00
0.00
0.00
0.00
0.00
0.00
0.00
0.00
0.00
0.00
0.00
0.00
0.00
4.00
3.00
30.00
0.00
0.00
0.00
11.00
62.00
282.00
549.00
249.00
0.00
0.00
0.00
0.00
0.00
0.00
0.00
0.00
0.00
0.00
0.00
0.00
0.00
0.00
0.00
0.00
0.00
0.00
0.00
0.00
0.00
0.00
0.00
0.00
0.00
0.00
0.00
0.00
0.00
0.00
0.00
3.00
0.00
0.00
0.00
0.00
0.00
0.00
0.00
0.00
0.00
0.00
0.00
0.00
0.00
0.00
0.00
0.00
0.00
0.00
0.00
0.00
0.00
0.00
0.00
0.00
3.00
0.00
0.00
0.00
0.00
0.00
0.00
0.00
0.00
0.00
0.00
0.00
0.00
0.00
0.00
0.00
0.00
0.00
0.00
0.00
0.00
0.00
0.00
0.00
0.00
4.00
0.00
0.00
0.00
0.00
0.00
0.00
0.00
0.00
0.00
0.00
0.00
0.00
0.00
0.00
0.00
0.00
0.00
0.00
0.00
0.00
0.00
0.00
0.00
0.00
0.00
0.00
19.00
0.00
0.00
0.00
0.00
0.00
0.00
0.00
0.00
0.00
79.00
101.00
0.00
322.00
0.00
92.00
166.00
0.00
0.00
0.00
0.00
0.00
0.00
86.00
1.00
70.00
0.00
0.00
0.00
0.00
148.00
0.00
0.00
0.00
191.00
265.00
5.00
0.00
0.00
217.00
162.00
584.00
0.00
0.00
0.00
0.00
0.00
0.00
0.00
0.00
0.00
43.00
3.00
0.00
0.00
586.00
758.00
96.00
387.00
64.00
581.00
212.00
0.00
0.00
0.00
89.00
2.00
184.00
0.00
0.00
38.00
0.00
41.00
0.00
0.00
51.00
0.00
0.00
0.00
55.00
37.00
464.00
0.00
91.00
0.00
106.00
3.00
89.00
59.00
0.00
0.00
21.00
11.00
0.00
93.00
138.00
468.00
154.00
346.00
124.00
238.00
431.00
12.00
0.00
80.00
125.00
527.00
465.00
141.00
295.00
77.00
0.00
12.00
189.00
201.00
161.00
708.00
0.00
1.00
84.00
122.00
238.00
178.00
131.00
69.00
88.00
17.00
129.00
68.00
15.00
65.00
67.00
45.00
19.00
3.00
0.00
62.00
91.00
109.00
394.00
269.00
54.00
312.00
108.00
62.00
6.00
80.00
142.00
119.00
120.00
30.00
359.00
34.00
54.00
98.00
146.00
124.00
14.00
3.00
1.00
32.00
122.00
93.00
87.00
14.00
24.00
5.00
0.00
80.00
430.00
115.00
1.00
31.00
109.00
16.00
92.00
40.00
66.00
287.00
117.00
492.00
332.00
125.00
141.00
234.00
88.00
246.00
60.00
70.00
97.00
76.00
3.00
288.00
91.00
15.00
39.00
39.00
55.00
0.00
91.00
414.00
6.00
13.00
20.00
0.00
15.00
120.00
260.00
44.00
6.00
31.00
0.00
0.00
21.00
22.00
114.00
249.00
54.00
50.00
50.00
248.00
1.00
16.00
111.00
232.00
520.00
19.00
1.00
3.00
0.00
0.00
35.00
0.00
0.00
0.00
0.00
421.00
393.00
437.00
442.00
924.00
0.00
0.00
0.00
0.00
0.00
0.00
0.00
580.00
588.00
0.00
0.00
0.00
0.00
0.00
0.00
0.00
0.00
0.00
0.00
0.00
0.00
120.00
0.00
5.00
151.00
22.00
15.00
0.00
0.00
0.00
0.00
0.00
0.00
0.00
0.00
0.00
0.00
0.00
0.00
0.00
0.00
0.00
0.00
0.00
0.00
4.00
14.00
326.00
606.00
620.00
0.00
0.00
0.00
0.00
0.00
0.00
0.00
0.00
0.00
0.00
0.00
0.00
0.00
0.00
0.00
0.00
0.00
0.00
0.00
0.00
38.00
82.00
10.00
0.00
0.00
0.00
0.00
0.00
0.00
0.00
0.00
0.00
0.00
0.00
0.00
0.00
0.00
0.00
0.00
0.00
0.00
0.00
0.00
0.00
0.00
0.00
0.00
0.00
0.00
0.00
0.00
0.00
0.00
0.00
0.00
0.00
0.00
0.00
121.00
91.00
593.00
9.00
102.00
0.00
5.00
4.00
0.00
0.00
0.00
0.00
0.00
0.00
0.00
0.00
0.00
0.00
0.00
429.00
0.00
0.00
0.00
0.00
0.00
0.00
7.00
1.00
0.00
0.00
0.00
0.00
0.00
0.00
156.00
0.00
0.00
9.00
41.00
111.00
0.00
0.00
0.00
0.00
0.00
0.00
8.00
32.00
0.00
0.00
0.00
382.00
42.00
0.00
6.00
35.00
0.00
42.00
30.00
46.00
155.00
0.00
0.00
12.00
0.00
0.00
45.00
0.00
0.00
113.00
53.00
28.00
32.00
255.00
44.00
0.00
22.00
91.00
2.00
3.00
75.00
121.00
356.00
2.00
37.00
55.00
179.00
558.00
690.00
517.00
162.00
538.00
350.00
92.00
0.00
15.00
79.00
36.00
32.00
0.00
54.00
82.00
512.00
13.00
18.00
33.00
153.00
342.00
0.00
0.00
127.00
63.00
1.00
87.00
50.00
5.00
14.00
150.00
14.00
1.00
3.00
340.00
579.00
276.00
972.00
976.00
19.00
663.00
532.00
0.00
16.00
16.00
95.00
0.00
0.00
15.00
35.00
60.00
4.00
82.00
86.00
5.00
0.00
0.00
6.00
104.00
138.00
86.00
6.00
1.00
20.00
23.00
25.00
72.00
26.00
64.00
435.00
101.00
113.00
1.00
3.00
17.00
9.00
22.00
50.00
164.00
77.00
107.00
2.00
14.00
9.00
28.00
51.00
100.00
101.00
26.00
18.00
8.00
259.00
169.00
56.00
45.00
196.00
18.00
68.00
97.00
70.00
375.00
201.00
272.00
222.00
33.00
117.00
9.00
59.00
120.00
4.00
41.00
37.00
311.00
98.00
66.00
0.00
2.00
6.00
19.00
58.00
0.00
39.00
225.00
20.00
0.00
0.00
0.00
59.00
1.00
7.00
100.00
0.00
0.00
21.00
9.00
3.00
109.00
171.00
162.00
31.00
0.00
30.00
2.00
38.00
1.00
0.00
0.00
0.00
0.00
0.00
0.00
0.00
0.00
0.00
23.00
0.00
0.00
80.00
130.00
412.00
379.00
6.00
0.00
0.00
0.00
0.00
0.00
0.00
0.00
0.00
0.00
0.00
0.00
0.00
0.00
9.00
179.00
209.00
131.00
23.00
0.00
0.00
18.00
0.00
0.00
0.00
0.00
0.00
0.00
0.00
0.00
0.00
0.00
0.00
0.00
0.00
0.00
0.00
0.00
4.00
0.00
0.00
0.00
0.00
0.00
0.00
0.00
0.00
0.00
0.00
0.00
0.00
0.00
0.00
0.00
0.00
0.00
0.00
0.00
0.00
0.00
0.00
0.00
0.00
0.00
9.00
131.00
2.00
0.00
0.00
0.00
0.00
0.00
0.00
0.00
0.00
0.00
0.00
0.00
0.00
0.00
0.00
0.00
0.00
0.00
0.00
0.00
0.00
0.00
0.00
0.00
0.00
0.00
0.00
0.00
0.00
0.00
0.00
0.00
0.00
0.00
0.00
0.00
0.00
0.00
0.00
0.00
0.00
0.00
0.00
0.00
0.00
0.00
0.00
0.00
0.00
0.00
0.00
0.00
0.00
0.00
0.00
0.00
0.00
0.00
0.00
0.00
3.00
8.00
0.00
0.00
0.00
0.00
0.00
0.00
1.00
82.00
90.40
73.80
37.30
0.00
0.00
0.00
1.50
22.20
13.20
0.00
0.00
0.00
0.00
0.00
0.00
0.00
0.00
0.30
0.20
69.50
4.00
0.00
0.20
0.00
1.10
0.00
0.00
0.00
0.10
0.10
0.00
0.00
0.00
85.20
45.00
152.90
9.40
0.00
0.20
14.40
0.00
11.00
14.70
0.30
2.50
0.00
2.50
0.00
0.00
0.00
0.50
0.00
0.00
0.00
0.00
0.30
0.00
0.00
0.00
0.00
0.00
0.40
0.00
0.00
0.00
0.00
9.90
42.90
0.00
0.00
0.00
0.00
0.00
0.00
0.00
0.00
8.30
10.50
8.10
5.10
2.20
3.10
1.10
1.10
0.00
3.30
3.30
78.10
18.70
0.00
8.90
0.00
0.00
0.00
6.00
47.50
1.10
7.10
46.40
1.10
0.00
0.00
3.10
10.10
0.00
0.00
13.50
60.90
45.80
7.70
0.30
0.20
0.10
30.90
4.50
11.40
0.80
0.10
0.10
1.80
1.10
1.00
4.90
0.70
43.70
1.70
1.10
1.00
24.30
6.70
9.60
9.40
21.60
39.90
39.90
24.20
24.20
27.00
0.50
0.50
0.10
2.60
0.50
0.50
0.50
0.90
5.00
2.10
1.10
42.30
11.10
4.30
2.80
0.90
8.70
0.70
3.20
8.20
22.30
21.80
13.00
14.40
8.30
5.30
0.40
0.90
3.80
26.90
8.70
9.90
18.90
0.00
4.20
1.20
0.20
5.90
2.30
24.60
28.00
25.30
4.60
1.10
1.20
3.90
0.50
11.20
25.20
16.00
52.70
9.20
63.70
14.60
15.80
1.50
0.90
6.40
9.00
8.70
3.90
4.00
0.20
2.20
3.30
0.00
0.20
0.80
0.10
12.40
17.90
16.80
40.30
21.20
0.00
0.40
0.20
22.30
3.80
3.80
12.20
0.00
0.00
2.80
19.90
14.00
2.10
32.60
9.90
0.00
0.00
0.00
0.00
0.10
0.90
0.00
0.00
0.10
0.00
0.30
13.20
1.40
0.30
0.30
1.60
