20160101
0.00
0.00
0.00
0.00
0.00
0.00
0.00
0.00
0.00
0.00
0.00
0.00
0.00
0.00
0.00
0.00
0.00
0.00
0.00
0.00
3.00
0.00
0.00
0.00
0.00
2.00
0.00
0.00
0.00
0.00
0.00
0.00
0.00
0.00
0.00
0.00
0.00
0.00
0.00
0.00
0.00
0.00
0.00
0.00
0.00
0.00
0.00
0.00
0.00
1.00
2.00
2.00
22.00
13.00
47.00
0.00
39.00
1.00
0.00
0.00
0.00
0.00
0.00
1.00
0.00
1.00
0.00
0.00
15.00
3.00
0.00
0.00
2.00
2.00
0.00
5.00
0.00
0.00
2.00
0.00
24.00
0.00
2.00
0.00
0.00
0.00
0.00
213.00
1.00
127.00
245.00
17.00
0.00
14.00
39.00
170.00
14.00
0.00
1.00
0.00
2.00
0.00
0.00
0.00
64.00
4.00
240.00
103.00
0.00
51.00
72.00
90.00
109.00
30.00
37.00
74.00
6.00
4.00
87.00
3.00
9.00
24.00
5.00
0.00
31.00
2.00
0.00
0.00
0.00
0.00
4.00
2.00
53.00
12.00
1.00
22.00
3.00
243.00
284.00
21.00
93.00
707.00
5.00
4.00
2.00
0.00
0.00
1.00
0.00
0.00
0.00
7.00
0.00
17.00
0.00
8.00
43.00
67.00
230.00
8.00
172.00
104.00
33.00
16.00
2.00
0.00
73.00
139.00
90.00
234.00
89.00
83.00
16.00
240.00
7.00
102.00
55.00
25.00
5.00
4.00
22.00
176.00
590.00
105.00
14.00
43.00
8.00
8.00
137.00
133.00
100.00
21.00
42.00
50.00
17.00
85.00
251.00
402.00
0.00
1.00
59.00
24.00
131.00
192.00
135.00
49.00
179.00
1.00
7.00
23.00
10.00
163.00
180.00
14.00
12.00
3.00
41.00
184.00
139.00
71.00
137.00
491.00
25.00
4.00
7.00
159.00
0.00
63.00
125.00
7.00
0.00
2.00
424.00
9.00
1.00
46.00
0.00
72.00
0.00
41.00
1.00
17.00
41.00
107.00
78.00
1.00
10.00
30.00
6.00
16.00
54.00
14.00
156.00
112.00
46.00
0.00
29.00
1.00
34.00
0.00
83.00
0.00
71.00
118.00
0.00
11.00
0.00
10.00
1.00
6.00
7.00
0.00
0.00
9.00
1.00
3.00
0.00
0.00
129.00
0.00
0.00
0.00
26.00
74.00
19.00
56.00
17.00
1.00
0.00
0.00
0.00
0.00
0.00
0.00
0.00
0.00
0.00
0.00
0.00
0.00
212.00
143.00
21.00
26.00
1.00
0.00
6.00
10.00
40.00
165.00
29.00
0.00
0.00
0.00
0.00
0.00
0.00
0.00
0.00
0.00
0.00
0.00
0.00
0.00
0.00
0.00
0.00
0.00
0.00
0.00
0.00
0.00
0.00
0.00
0.00
11.00
8.00
0.00
0.00
0.00
0.00
0.00
0.00
0.00
0.00
0.00
0.00
0.00
0.00
0.00
0.00
0.00
0.00
0.00
0.00
0.00
0.00
0.00
0.00
0.00
0.00
0.00
0.00
0.00
0.00
0.00
0.00
0.00
0.00
0.00
0.00
0.00
0.00
0.00
0.00
0.00
0.00
0.00
0.00
0.00
0.00
0.00
0.00
0.00
0.00
1.00
0.00
0.00
0.00
0.00
0.00
0.00
15.00
0.00
0.00
0.00
0.00
0.00
0.00
0.00
0.00
0.00
0.00
0.00
0.00
0.00
0.00
0.00
0.00
0.00
0.00
0.00
0.00
0.00
0.00
0.00
0.00
0.00
0.00
0.00
0.00
0.00
0.00
0.00
0.00
0.00
0.00
0.00
2.00
0.00
3.00
0.00
96.00
0.00
10.00
38.00
3.00
0.00
0.00
0.00
0.00
0.00
36.00
3.00
42.00
0.00
0.00
0.00
0.00
29.00
0.00
0.00
1.00
64.00
234.00
79.00
189.00
28.00
303.00
294.00
3.00
0.00
0.00
0.00
5.00
0.00
0.00
0.00
0.00
0.00
9.00
17.00
0.00
0.00
92.00
42.00
59.00
66.00
50.00
44.00
11.00
0.00
0.00
21.00
0.00
1.00
42.00
0.00
0.00
0.00
5.00
17.00
0.00
0.00
119.00
0.00
3.00
36.00
32.00
13.00
67.00
7.00
1.00
0.00
1.00
0.00
0.00
0.00
0.00
0.00
0.00
20.00
81.00
142.00
115.00
80.00
5.00
15.00
17.00
11.00
0.00
18.00
0.00
1.00
28.00
63.00
170.00
32.00
55.00
38.00
0.00
27.00
142.00
58.00
20.00
60.00
1.00
81.00
171.00
56.00
0.00
0.00
10.00
53.00
49.00
460.00
394.00
192.00
27.00
243.00
271.00
5.00
1.00
8.00
376.00
188.00
56.00
320.00
6.00
21.00
5.00
17.00
37.00
270.00
195.00
423.00
122.00
29.00
334.00
53.00
42.00
38.00
111.00
5.00
75.00
33.00
8.00
22.00
44.00
29.00
62.00
15.00
167.00
78.00
13.00
2.00
7.00
26.00
16.00
15.00
14.00
20.00
90.00
81.00
8.00
32.00
3.00
12.00
15.00
55.00
0.00
0.00
235.00
694.00
103.00
23.00
89.00
39.00
30.00
77.00
8.00
2.00
11.00
24.00
1.00
134.00
28.00
25.00
96.00
84.00
104.00
161.00
227.00
1.00
670.00
666.00
269.00
157.00
71.00
0.00
1.00
6.00
0.00
0.00
101.00
3.00
454.00
64.00
26.00
24.00
0.00
29.00
3.00
14.00
6.00
0.00
2.00
10.00
0.00
61.00
4.00
4.00
0.00
8.00
0.00
0.00
2.00
2.00
32.00
75.00
13.00
0.00
0.00
0.00
0.00
0.00
0.00
150.00
46.00
4.00
0.00
0.00
0.00
0.00
0.00
0.00
0.00
0.00
0.00
0.00
0.00
51.00
0.00
0.00
113.00
2.00
15.00
0.00
0.00
0.00
0.00
0.00
0.00
0.00
0.00
0.00
0.00
0.00
0.00
0.00
0.00
0.00
0.00
0.00
0.00
1.00
9.00
298.00
189.00
34.00
0.00
0.00
0.00
0.00
0.00
0.00
0.00
0.00
0.00
0.00
0.00
1.00
0.00
0.00
0.00
0.00
0.00
0.00
0.00
0.00
35.00
178.00
191.00
0.00
0.00
0.00
0.00
0.00
0.00
0.00
0.00
0.00
0.00
0.00
0.00
0.00
0.00
0.00
0.00
0.00
0.00
0.00
0.00
0.00
0.00
0.00
0.00
0.00
0.00
0.00
0.00
0.00
0.00
0.00
0.00
0.00
0.00
0.00
21.00
24.00
148.00
0.00
2.00
0.00
6.00
0.00
0.00
0.00
0.00
0.00
0.00
0.00
0.00
0.00
0.00
0.00
0.00
38.00
0.00
0.00
0.00
0.00
0.00
0.00
0.00
0.00
0.00
0.00
0.00
0.00
0.00
0.00
28.00
0.00
0.00
31.00
46.00
0.00
0.00
0.00
0.00
0.00
0.00
0.00
0.00
0.00
0.00
0.00
0.00
3.00
1.00
1.00
35.00
10.00
0.00
126.00
0.00
7.00
70.00
0.00
107.00
5.00
0.00
9.00
3.00
4.00
0.00
88.00
35.00
15.00
0.00
29.00
3.00
0.00
0.00
0.00
0.00
0.00
78.00
71.00
32.00
14.00
55.00
1.00
8.00
18.00
92.00
242.00
138.00
377.00
162.00
150.00
32.00
93.00
0.00
5.00
0.00
0.00
0.00
0.00
0.00
0.00
319.00
50.00
62.00
0.00
328.00
75.00
21.00
132.00
6.00
9.00
1.00
7.00
114.00
163.00
23.00
0.00
1.00
111.00
76.00
173.00
292.00
295.00
11.00
20.00
5.00
0.00
0.00
21.00
0.00
20.00
42.00
47.00
64.00
2.00
13.00
27.00
12.00
30.00
15.00
26.00
159.00
12.00
0.00
1.00
10.00
12.00
14.00
14.00
53.00
83.00
10.00
5.00
120.00
20.00
83.00
0.00
3.00
1.00
11.00
48.00
485.00
152.00
41.00
232.00
10.00
4.00
237.00
16.00
55.00
316.00
150.00
64.00
0.00
1.00
31.00
182.00
64.00
2.00
49.00
12.00
63.00
36.00
70.00
230.00
143.00
9.00
2.00
12.00
23.00
192.00
40.00
12.00
48.00
68.00
58.00
22.00
54.00
107.00
26.00
4.00
59.00
20.00
61.00
2.00
17.00
36.00
2.00
0.00
0.00
12.00
281.00
76.00
0.00
0.00
10.00
57.00
7.00
0.00
0.00
43.00
109.00
0.00
5.00
30.00
70.00
0.00
3.00
0.00
103.00
28.00
0.00
0.00
157.00
0.00
0.00
0.00
0.00
11.00
0.00
0.00
122.00
33.00
285.00
288.00
8.00
0.00
0.00
0.00
0.00
0.00
0.00
0.00
0.00
0.00
0.00
0.00
0.00
0.00
154.00
21.00
100.00
22.00
31.00
0.00
0.00
0.00
0.00
0.00
0.00
0.00
0.00
0.00
0.00
0.00
0.00
0.00
0.00
0.00
0.00
0.00
0.00
0.00
0.00
0.00
0.00
0.00
0.00
0.00
0.00
0.00
0.00
0.00
0.00
0.00
0.00
0.00
0.00
2.00
8.00
0.00
0.00
0.00
0.00
11.00
0.00
0.00
3.00
0.00
9.00
43.00
24.00
0.00
0.00
0.00
0.00
0.00
0.00
0.00
0.00
0.00
0.00
0.00
0.00
0.00
0.00
0.00
0.00
0.00
0.00
0.00
0.00
0.00
0.00
0.00
0.00
0.00
0.00
0.00
0.00
0.00
0.00
0.00
0.00
0.00
0.00
0.00
0.00
0.00
0.00
0.00
0.00
0.00
1.00
0.00
0.00
0.00
0.00
0.00
0.00
0.00
0.00
0.00
0.00
0.00
0.00
0.00
0.00
0.00
0.00
0.00
0.00
1.00
0.00
0.00
0.00
0.00
0.00
0.00
0.00
78.00
96.50
60.80
64.30
0.00
0.00
0.00
0.10
26.50
0.00
0.00
0.00
0.00
0.00
0.00
0.00
0.00
0.00
0.00
0.00
0.00
4.60
0.10
0.00
0.00
0.70
0.00
0.00
0.00
0.00
11.70
0.00
0.00
0.00
29.80
3.70
41.30
0.10
5.10
0.90
3.00
2.00
4.30
32.10
0.30
0.00
0.10
0.00
0.00
1.40
0.40
1.20
0.00
0.00
0.00
0.00
1.50
0.00
0.00
0.00
0.00
0.00
1.90
0.00
0.00
0.00
7.70
10.60
2.60
0.00
0.00
0.00
0.00
0.00
0.00
0.00
0.00
0.00
2.80
0.00
0.00
0.50
0.00
0.00
0.00
0.00
0.00
0.00
17.70
0.00
0.00
0.00
0.00
0.00
0.00
0.00
1.90
0.00
2.60
2.70
8.40
2.40
5.40
0.70
33.20
22.40
3.90
7.20
3.70
28.50
2.10
0.00
0.00
7.70
9.40
0.40
8.60
15.70
0.10
3.10
16.60
2.90
0.00
1.10
9.20
0.70
0.00
0.00
0.00
0.50
7.70
1.30
0.30
12.90
2.80
2.80
3.10
3.10
5.20
1.00
1.00
0.00
0.00
1.00
1.00
1.00
0.30
13.60
9.10
15.50
28.00
40.70
8.40
0.00
8.70
12.30
9.50
4.10
28.50
0.90
2.20
72.70
5.60
3.00
6.60
1.70
2.80
21.80
20.00
11.70
2.80
0.00
0.20
0.30
0.10
0.10
3.30
6.00
19.40
61.30
20.30
0.20
1.20
0.00
38.30
0.00
1.00
15.00
14.40
5.20
2.90
4.20
4.00
0.90
2.00
4.60
2.10
1.00
0.90
1.00
0.60
0.70
14.20
4.40
1.20
0.00
0.10
8.90
12.10
11.60
2.10
15.00
10.60
0.00
0.00
1.10
17.50
0.10
0.10
2.10
0.30
0.00
0.50
4.40
16.00
10.60
6.40
3.60
0.00
0.00
0.00
0.00
15.40
8.30
0.00
0.00
0.00
0.20
0.60
1.80
1.10
2.90
1.80
4.50
