20160101
0.00
0.00
0.00
0.00
0.00
0.00
0.00
0.00
5.00
0.00
0.00
0.00
1.00
0.00
0.00
0.00
0.00
0.00
0.00
12.00
0.00
0.00
0.00
0.00
0.00
0.00
0.00
0.00
0.00
0.00
0.00
0.00
0.00
0.00
0.00
0.00
0.00
0.00
0.00
0.00
0.00
0.00
0.00
0.00
0.00
0.00
0.00
0.00
0.00
0.00
2.00
0.00
0.00
9.00
153.00
3.00
23.00
0.00
0.00
0.00
0.00
0.00
0.00
0.00
0.00
86.00
0.00
0.00
0.00
0.00
0.00
0.00
0.00
0.00
1.00
5.00
0.00
8.00
0.00
0.00
94.00
0.00
0.00
0.00
0.00
0.00
0.00
107.00
1130.00
115.00
460.00
175.00
4.00
388.00
757.00
3.00
0.00
0.00
0.00
0.00
0.00
0.00
0.00
0.00
13.00
5.00
301.00
180.00
0.00
0.00
0.00
0.00
0.00
0.00
0.00
2.00
0.00
9.00
0.00
2.00
0.00
57.00
444.00
89.00
12.00
9.00
140.00
37.00
1.00
3.00
15.00
0.00
310.00
329.00
10.00
123.00
0.00
47.00
21.00
76.00
483.00
574.00
2.00
0.00
225.00
163.00
37.00
22.00
522.00
78.00
15.00
70.00
3.00
0.00
1.00
51.00
0.00
44.00
127.00
49.00
1.00
194.00
540.00
78.00
0.00
0.00
17.00
215.00
80.00
1.00
27.00
2.00
0.00
81.00
79.00
5.00
4.00
78.00
34.00
304.00
80.00
8.00
57.00
51.00
332.00
168.00
55.00
9.00
239.00
59.00
53.00
61.00
0.00
5.00
0.00
4.00
140.00
52.00
100.00
135.00
108.00
10.00
5.00
8.00
33.00
20.00
92.00
0.00
5.00
48.00
124.00
131.00
233.00
158.00
79.00
122.00
33.00
70.00
9.00
13.00
1.00
15.00
294.00
1.00
4.00
551.00
365.00
164.00
341.00
12.00
3.00
0.00
92.00
18.00
0.00
0.00
0.00
755.00
31.00
298.00
102.00
0.00
209.00
307.00
89.00
31.00
16.00
7.00
82.00
17.00
0.00
7.00
2.00
14.00
116.00
192.00
348.00
206.00
0.00
46.00
18.00
2.00
187.00
184.00
36.00
224.00
18.00
2.00
3.00
24.00
27.00
121.00
0.00
574.00
36.00
157.00
0.00
45.00
59.00
229.00
428.00
7.00
7.00
80.00
141.00
36.00
0.00
0.00
0.00
0.00
0.00
0.00
0.00
0.00
0.00
0.00
0.00
3.00
0.00
0.00
52.00
0.00
124.00
0.00
0.00
0.00
0.00
63.00
297.00
439.00
242.00
0.00
0.00
0.00
0.00
0.00
0.00
0.00
0.00
0.00
0.00
0.00
0.00
0.00
0.00
0.00
0.00
0.00
0.00
0.00
0.00
0.00
0.00
0.00
0.00
0.00
0.00
0.00
0.00
0.00
0.00
0.00
0.00
0.00
0.00
0.00
0.00
0.00
0.00
0.00
0.00
0.00
0.00
0.00
0.00
0.00
0.00
0.00
0.00
0.00
0.00
0.00
0.00
0.00
0.00
0.00
0.00
0.00
0.00
0.00
0.00
0.00
0.00
0.00
0.00
0.00
0.00
0.00
0.00
0.00
0.00
0.00
0.00
0.00
0.00
0.00
0.00
0.00
0.00
0.00
0.00
0.00
2.00
0.00
0.00
0.00
0.00
0.00
0.00
0.00
0.00
0.00
0.00
0.00
0.00
0.00
0.00
0.00
0.00
0.00
0.00
0.00
0.00
0.00
0.00
0.00
0.00
0.00
0.00
112.00
0.00
0.00
0.00
0.00
0.00
0.00
0.00
0.00
0.00
144.00
13.00
0.00
155.00
0.00
98.00
166.00
0.00
0.00
0.00
0.00
0.00
0.00
66.00
2.00
46.00
0.00
0.00
0.00
0.00
210.00
0.00
0.00
12.00
172.00
319.00
0.00
0.00
0.00
186.00
19.00
154.00
0.00
0.00
0.00
0.00
0.00
0.00
0.00
0.00
0.00
1.00
24.00
0.00
12.00
1220.00
11.00
303.00
582.00
213.00
481.00
446.00
0.00
0.00
0.00
220.00
0.00
317.00
0.00
0.00
0.00
0.00
28.00
0.00
0.00
200.00
0.00
0.00
0.00
34.00
33.00
454.00
8.00
128.00
0.00
55.00
6.00
0.00
0.00
0.00
0.00
0.00
34.00
0.00
25.00
206.00
376.00
94.00
548.00
22.00
27.00
250.00
22.00
0.00
43.00
198.00
53.00
296.00
281.00
261.00
39.00
0.00
130.00
228.00
307.00
466.00
519.00
66.00
0.00
10.00
23.00
182.00
44.00
39.00
17.00
41.00
42.00
53.00
182.00
60.00
311.00
215.00
42.00
0.00
3.00
2.00
42.00
180.00
117.00
265.00
155.00
13.00
125.00
76.00
103.00
6.00
238.00
890.00
387.00
25.00
143.00
440.00
73.00
149.00
77.00
148.00
165.00
4.00
10.00
12.00
112.00
175.00
228.00
103.00
5.00
23.00
0.00
7.00
129.00
544.00
270.00
12.00
162.00
51.00
12.00
93.00
236.00
88.00
184.00
102.00
225.00
242.00
63.00
99.00
160.00
177.00
112.00
75.00
165.00
149.00
278.00
17.00
498.00
58.00
0.00
17.00
98.00
133.00
0.00
107.00
965.00
32.00
94.00
4.00
0.00
121.00
114.00
269.00
56.00
13.00
28.00
0.00
2.00
88.00
84.00
130.00
290.00
71.00
47.00
147.00
162.00
2.00
79.00
129.00
29.00
111.00
1.00
1.00
7.00
0.00
0.00
2.00
0.00
0.00
0.00
0.00
303.00
178.00
377.00
845.00
1617.00
0.00
0.00
0.00
0.00
0.00
0.00
0.00
59.00
226.00
0.00
0.00
0.00
0.00
0.00
0.00
0.00
0.00
0.00
0.00
0.00
0.00
142.00
0.00
6.00
231.00
36.00
9.00
0.00
0.00
0.00
0.00
0.00
0.00
0.00
0.00
0.00
0.00
0.00
0.00
0.00
0.00
0.00
0.00
0.00
0.00
1.00
3.00
638.00
719.00
606.00
0.00
0.00
0.00
0.00
0.00
0.00
0.00
0.00
25.00
0.00
0.00
0.00
0.00
0.00
0.00
0.00
0.00
0.00
0.00
0.00
92.00
115.00
1.00
0.00
0.00
0.00
0.00
0.00
0.00
0.00
0.00
0.00
0.00
0.00
0.00
0.00
0.00
0.00
0.00
0.00
0.00
0.00
0.00
0.00
0.00
0.00
0.00
0.00
0.00
0.00
0.00
0.00
0.00
0.00
0.00
4.00
0.00
0.00
250.00
171.00
513.00
57.00
200.00
0.00
8.00
21.00
0.00
0.00
0.00
0.00
0.00
0.00
0.00
0.00
0.00
0.00
28.00
267.00
0.00
0.00
0.00
0.00
0.00
0.00
11.00
0.00
0.00
0.00
0.00
0.00
0.00
0.00
0.00
0.00
3.00
34.00
30.00
0.00
0.00
0.00
0.00
0.00
0.00
0.00
46.00
52.00
13.00
0.00
0.00
241.00
55.00
0.00
7.00
0.00
0.00
150.00
70.00
131.00
17.00
0.00
0.00
45.00
15.00
0.00
218.00
0.00
15.00
296.00
94.00
52.00
92.00
628.00
31.00
0.00
0.00
193.00
68.00
0.00
27.00
216.00
143.00
4.00
392.00
55.00
82.00
756.00
902.00
167.00
103.00
594.00
275.00
104.00
0.00
173.00
18.00
44.00
42.00
18.00
431.00
81.00
289.00
106.00
15.00
66.00
65.00
140.00
0.00
0.00
68.00
17.00
52.00
191.00
675.00
3.00
0.00
86.00
1.00
4.00
36.00
102.00
951.00
192.00
26.00
1023.00
11.00
356.00
553.00
3.00
93.00
34.00
246.00
15.00
18.00
30.00
51.00
52.00
21.00
41.00
22.00
8.00
3.00
10.00
7.00
16.00
128.00
79.00
12.00
1.00
9.00
0.00
9.00
15.00
13.00
52.00
513.00
523.00
120.00
3.00
6.00
19.00
17.00
51.00
151.00
16.00
31.00
224.00
0.00
13.00
5.00
30.00
83.00
8.00
56.00
20.00
54.00
12.00
73.00
175.00
67.00
25.00
40.00
17.00
40.00
36.00
23.00
427.00
220.00
167.00
340.00
110.00
614.00
5.00
67.00
209.00
0.00
42.00
42.00
131.00
102.00
68.00
0.00
6.00
0.00
40.00
24.00
11.00
11.00
304.00
89.00
0.00
0.00
2.00
11.00
11.00
17.00
149.00
1.00
21.00
8.00
0.00
0.00
163.00
51.00
82.00
2.00
1.00
18.00
4.00
159.00
11.00
1.00
0.00
2.00
0.00
0.00
0.00
0.00
0.00
0.00
0.00
0.00
0.00
43.00
97.00
401.00
176.00
8.00
0.00
0.00
0.00
0.00
0.00
0.00
0.00
0.00
0.00
0.00
0.00
0.00
0.00
8.00
84.00
172.00
39.00
2.00
0.00
0.00
5.00
0.00
36.00
4.00
0.00
0.00
0.00
0.00
0.00
0.00
0.00
0.00
0.00
0.00
0.00
0.00
0.00
1.00
0.00
0.00
0.00
0.00
0.00
0.00
0.00
0.00
0.00
0.00
0.00
0.00
0.00
0.00
0.00
0.00
0.00
0.00
0.00
0.00
0.00
0.00
0.00
0.00
0.00
4.00
88.00
13.00
0.00
0.00
0.00
0.00
0.00
0.00
0.00
0.00
0.00
0.00
0.00
0.00
0.00
0.00
0.00
0.00
0.00
0.00
0.00
0.00
0.00
0.00
0.00
0.00
0.00
0.00
0.00
0.00
0.00
0.00
0.00
0.00
0.00
0.00
0.00
0.00
0.00
0.00
0.00
0.00
0.00
0.00
0.00
0.00
0.00
0.00
0.00
0.00
0.00
0.00
0.00
0.00
0.00
0.00
0.00
0.00
0.00
0.00
0.00
0.00
7.00
0.00
0.00
0.00
0.00
0.00
0.00
0.10
47.70
33.20
45.10
15.30
0.00
0.00
0.00
0.50
11.20
1.80
0.00
0.00
0.00
0.00
0.30
0.00
0.00
0.00
1.90
0.40
30.20
0.60
0.00
1.70
0.00
0.20
0.00
0.00
0.00
0.20
0.00
0.00
0.00
0.00
57.00
13.70
124.70
14.20
0.00
4.10
26.00
0.00
20.60
24.80
0.20
2.70
1.10
8.30
0.00
0.00
0.70
0.00
0.00
0.00
0.00
0.40
0.30
0.00
0.00
0.00
0.00
0.00
0.00
0.00
0.00
0.00
0.00
7.90
144.70
0.00
0.00
0.00
0.00
0.00
0.00
0.00
0.00
7.30
0.20
1.90
5.80
7.80
0.30
4.20
4.20
0.00
32.00
32.00
37.60
3.00
0.00
0.20
0.00
0.00
0.50
2.50
15.50
0.60
42.20
65.60
0.80
1.30
0.70
1.70
11.20
0.00
0.00
11.20
12.00
44.20
31.10
0.00
6.50
0.80
5.40
2.00
2.70
0.00
0.00
0.00
9.40
5.00
0.80
19.70
0.30
2.80
0.20
0.40
1.30
12.10
2.60
2.80
19.80
15.20
39.60
39.60
30.80
30.80
78.20
1.20
1.20
0.00
0.20
1.20
1.20
1.20
1.40
5.40
0.00
1.90
37.50
5.50
3.60
0.10
0.30
6.80
2.60
0.80
2.30
11.30
29.30
34.50
8.00
5.20
24.50
0.30
0.20
9.10
44.70
5.60
42.70
25.70
1.00
0.60
0.00
0.00
5.90
15.50
13.60
31.50
22.70
5.70
0.60
0.10
3.10
0.20
7.70
17.80
20.90
56.70
8.10
28.90
4.50
1.40
1.10
1.30
4.40
9.00
7.40
7.00
1.30
0.40
0.40
9.00
0.20
0.00
0.60
0.00
14.50
38.00
17.30
36.60
25.10
0.30
0.50
1.90
30.10
9.30
9.30
27.30
0.00
0.20
2.70
8.30
11.10
4.60
12.20
12.00
0.00
0.00
0.00
0.00
0.00
9.90
0.00
0.00
0.00
0.00
0.30
7.40
0.90
0.10
0.00
1.00
