20160101
0.00
0.00
0.00
0.00
0.00
0.00
0.00
0.00
41.00
0.00
0.00
0.00
0.00
0.00
0.00
0.00
0.00
0.00
0.00
0.00
2.00
0.00
0.00
0.00
0.00
0.00
0.00
0.00
0.00
0.00
0.00
0.00
0.00
0.00
0.00
0.00
0.00
0.00
0.00
0.00
0.00
0.00
0.00
0.00
0.00
0.00
0.00
0.00
0.00
0.00
0.00
0.00
1.00
32.00
43.00
0.00
29.00
0.00
0.00
0.00
0.00
0.00
2.00
0.00
0.00
13.00
0.00
0.00
0.00
0.00
0.00
0.00
0.00
1.00
0.00
12.00
0.00
0.00
7.00
0.00
3.00
0.00
36.00
0.00
0.00
0.00
0.00
275.00
0.00
82.00
436.00
164.00
31.00
59.00
226.00
44.00
0.00
0.00
0.00
0.00
0.00
0.00
0.00
0.00
75.00
69.00
97.00
76.00
0.00
3.00
0.00
75.00
4.00
0.00
0.00
319.00
0.00
46.00
0.00
0.00
24.00
66.00
145.00
23.00
102.00
1.00
8.00
1.00
0.00
0.00
3.00
0.00
88.00
2.00
0.00
20.00
0.00
140.00
374.00
82.00
440.00
648.00
0.00
28.00
133.00
25.00
0.00
0.00
73.00
30.00
0.00
50.00
0.00
18.00
165.00
431.00
63.00
3.00
46.00
8.00
43.00
239.00
17.00
51.00
74.00
0.00
14.00
18.00
340.00
3.00
6.00
14.00
13.00
66.00
6.00
59.00
28.00
64.00
14.00
68.00
83.00
9.00
58.00
0.00
145.00
11.00
7.00
4.00
95.00
31.00
49.00
24.00
24.00
16.00
2.00
19.00
139.00
56.00
16.00
4.00
1.00
3.00
5.00
45.00
27.00
30.00
311.00
19.00
1.00
41.00
154.00
1.00
47.00
52.00
27.00
26.00
12.00
37.00
62.00
159.00
118.00
7.00
8.00
0.00
59.00
203.00
134.00
1.00
1.00
7.00
2.00
3.00
431.00
28.00
0.00
34.00
0.00
161.00
5.00
31.00
31.00
10.00
173.00
53.00
26.00
0.00
44.00
10.00
5.00
50.00
2.00
6.00
17.00
4.00
40.00
144.00
116.00
18.00
178.00
239.00
28.00
32.00
26.00
121.00
130.00
37.00
119.00
12.00
24.00
16.00
434.00
16.00
5.00
489.00
3.00
72.00
1.00
121.00
581.00
59.00
61.00
0.00
0.00
1.00
87.00
227.00
0.00
0.00
0.00
0.00
0.00
0.00
0.00
0.00
0.00
0.00
0.00
8.00
4.00
0.00
42.00
22.00
49.00
0.00
0.00
0.00
14.00
1.00
119.00
459.00
228.00
0.00
0.00
0.00
0.00
0.00
0.00
0.00
0.00
0.00
0.00
0.00
0.00
0.00
0.00
0.00
0.00
0.00
0.00
0.00
0.00
0.00
0.00
0.00
0.00
0.00
3.00
0.00
0.00
0.00
0.00
0.00
0.00
0.00
0.00
0.00
0.00
0.00
0.00
0.00
0.00
0.00
0.00
0.00
0.00
0.00
0.00
0.00
0.00
0.00
0.00
0.00
0.00
0.00
0.00
0.00
0.00
0.00
0.00
0.00
0.00
0.00
0.00
0.00
0.00
0.00
0.00
0.00
0.00
0.00
0.00
0.00
0.00
0.00
0.00
0.00
0.00
0.00
0.00
0.00
0.00
0.00
4.00
0.00
0.00
0.00
0.00
0.00
0.00
0.00
0.00
0.00
0.00
0.00
0.00
0.00
0.00
0.00
0.00
0.00
0.00
0.00
0.00
0.00
0.00
0.00
0.00
0.00
0.00
8.00
0.00
0.00
0.00
0.00
0.00
0.00
0.00
0.00
0.00
101.00
34.00
1.00
211.00
0.00
209.00
34.00
0.00
0.00
0.00
0.00
0.00
0.00
198.00
0.00
90.00
0.00
0.00
0.00
0.00
50.00
0.00
0.00
0.00
40.00
135.00
6.00
0.00
0.00
573.00
413.00
127.00
0.00
0.00
0.00
0.00
0.00
0.00
0.00
0.00
0.00
32.00
2.00
11.00
1.00
316.00
209.00
97.00
168.00
192.00
73.00
47.00
0.00
0.00
5.00
3.00
49.00
139.00
0.00
0.00
1.00
0.00
6.00
0.00
0.00
75.00
0.00
0.00
0.00
32.00
16.00
345.00
12.00
41.00
0.00
8.00
0.00
175.00
0.00
0.00
0.00
0.00
1.00
120.00
151.00
146.00
490.00
25.00
224.00
49.00
157.00
204.00
0.00
182.00
161.00
897.00
686.00
479.00
51.00
279.00
152.00
0.00
37.00
21.00
21.00
23.00
111.00
0.00
5.00
40.00
125.00
43.00
134.00
240.00
104.00
81.00
36.00
245.00
52.00
2.00
38.00
33.00
126.00
13.00
3.00
1.00
17.00
18.00
27.00
36.00
417.00
196.00
220.00
34.00
46.00
66.00
53.00
43.00
46.00
23.00
69.00
248.00
49.00
51.00
113.00
157.00
116.00
66.00
53.00
0.00
1.00
268.00
60.00
90.00
28.00
1.00
2.00
0.00
33.00
227.00
46.00
7.00
3.00
30.00
29.00
9.00
7.00
39.00
136.00
125.00
154.00
171.00
59.00
111.00
295.00
3.00
114.00
55.00
79.00
132.00
3.00
1.00
21.00
0.00
3.00
19.00
121.00
4.00
0.00
96.00
5.00
0.00
17.00
75.00
52.00
36.00
99.00
80.00
72.00
29.00
16.00
0.00
15.00
6.00
93.00
378.00
83.00
228.00
2.00
6.00
58.00
177.00
30.00
17.00
37.00
63.00
18.00
6.00
3.00
20.00
11.00
7.00
3.00
0.00
0.00
0.00
22.00
362.00
175.00
108.00
648.00
0.00
0.00
0.00
0.00
0.00
0.00
19.00
387.00
140.00
0.00
0.00
0.00
0.00
0.00
0.00
0.00
0.00
0.00
0.00
0.00
0.00
35.00
0.00
3.00
165.00
42.00
8.00
0.00
0.00
0.00
0.00
0.00
0.00
0.00
0.00
0.00
0.00
0.00
0.00
0.00
0.00
0.00
0.00
0.00
0.00
0.00
61.00
489.00
179.00
160.00
0.00
0.00
0.00
0.00
0.00
0.00
0.00
0.00
8.00
0.00
0.00
0.00
0.00
0.00
0.00
0.00
0.00
0.00
0.00
0.00
76.00
205.00
141.00
0.00
0.00
0.00
0.00
0.00
0.00
0.00
0.00
0.00
0.00
0.00
0.00
0.00
0.00
0.00
0.00
0.00
0.00
0.00
0.00
0.00
0.00
0.00
0.00
0.00
0.00
0.00
0.00
0.00
0.00
0.00
0.00
0.00
0.00
0.00
10.00
6.00
191.00
0.00
48.00
0.00
0.00
0.00
0.00
0.00
0.00
0.00
0.00
0.00
0.00
0.00
0.00
0.00
0.00
236.00
0.00
0.00
0.00
0.00
0.00
0.00
1.00
0.00
0.00
0.00
0.00
0.00
0.00
0.00
148.00
0.00
0.00
0.00
233.00
6.00
0.00
0.00
0.00
0.00
0.00
0.00
0.00
0.00
2.00
0.00
0.00
66.00
70.00
0.00
1.00
341.00
0.00
98.00
2.00
7.00
71.00
0.00
0.00
0.00
8.00
0.00
7.00
0.00
0.00
68.00
9.00
4.00
4.00
219.00
5.00
0.00
2.00
1.00
89.00
71.00
127.00
76.00
249.00
1.00
106.00
1.00
70.00
256.00
481.00
599.00
484.00
350.00
386.00
387.00
0.00
8.00
24.00
0.00
4.00
0.00
0.00
0.00
39.00
0.00
0.00
0.00
175.00
0.00
0.00
0.00
22.00
76.00
20.00
23.00
0.00
1.00
387.00
833.00
302.00
6.00
193.00
319.00
166.00
291.00
700.00
368.00
354.00
87.00
210.00
0.00
0.00
2.00
2.00
0.00
27.00
18.00
8.00
8.00
4.00
75.00
49.00
9.00
1.00
1.00
7.00
78.00
8.00
2.00
6.00
3.00
104.00
4.00
15.00
24.00
52.00
49.00
91.00
39.00
120.00
14.00
7.00
19.00
27.00
8.00
76.00
7.00
14.00
14.00
4.00
0.00
47.00
4.00
90.00
99.00
131.00
8.00
0.00
0.00
72.00
282.00
46.00
2.00
250.00
80.00
2.00
62.00
113.00
31.00
129.00
101.00
24.00
91.00
7.00
17.00
51.00
64.00
0.00
61.00
44.00
82.00
197.00
6.00
5.00
7.00
7.00
155.00
12.00
0.00
11.00
13.00
0.00
5.00
0.00
52.00
267.00
16.00
4.00
0.00
0.00
1.00
195.00
0.00
33.00
96.00
37.00
11.00
47.00
0.00
125.00
48.00
2.00
2.00
35.00
2.00
0.00
0.00
0.00
0.00
0.00
0.00
0.00
0.00
7.00
0.00
137.00
126.00
538.00
410.00
55.00
0.00
0.00
0.00
0.00
0.00
0.00
0.00
0.00
0.00
0.00
0.00
0.00
0.00
61.00
152.00
145.00
99.00
22.00
0.00
0.00
18.00
0.00
0.00
0.00
0.00
0.00
0.00
0.00
0.00
2.00
0.00
0.00
0.00
0.00
0.00
0.00
0.00
0.00
0.00
0.00
0.00
0.00
0.00
0.00
0.00
0.00
0.00
0.00
0.00
0.00
0.00
0.00
0.00
0.00
0.00
0.00
0.00
0.00
0.00
0.00
0.00
0.00
0.00
30.00
47.00
35.00
0.00
0.00
0.00
0.00
0.00
0.00
0.00
0.00
0.00
0.00
0.00
0.00
0.00
0.00
0.00
0.00
0.00
0.00
0.00
0.00
0.00
0.00
0.00
0.00
0.00
0.00
0.00
0.00
0.00
0.00
0.00
0.00
0.00
0.00
0.00
0.00
0.00
0.00
0.00
0.00
0.00
4.00
0.00
0.00
0.00
0.00
0.00
0.00
0.00
0.00
0.00
0.00
0.00
0.00
0.00
0.00
0.00
0.00
0.00
1.00
4.00
0.00
0.00
0.00
0.00
0.00
0.00
0.00
155.50
187.10
100.40
57.80
0.00
0.00
0.10
5.80
40.60
0.00
0.00
0.00
0.00
0.00
0.00
0.00
0.00
0.00
0.00
0.30
43.90
2.50
0.10
0.00
0.00
0.00
0.00
0.00
0.00
0.00
0.00
0.00
0.00
0.00
112.80
35.40
66.00
24.90
0.00
3.00
5.70
0.10
21.70
34.50
0.50
1.10
0.00
0.00
0.00
0.00
0.00
0.00
0.00
0.00
0.00
0.00
0.70
0.00
0.00
0.00
0.00
0.00
0.00
0.50
0.00
0.00
0.10
0.00
7.90
0.00
0.00
0.00
0.00
0.00
0.00
0.00
0.00
0.20
3.50
0.10
3.80
13.80
4.50
0.30
0.30
0.00
3.80
3.80
36.90
10.80
0.40
0.00
0.00
0.00
0.00
8.50
25.10
0.40
2.00
3.10
0.00
12.00
9.60
0.10
2.30
0.00
2.80
25.50
13.60
5.90
1.70
0.10
0.00
10.10
13.70
37.60
5.30
0.80
0.60
4.30
3.10
5.60
4.60
0.10
0.40
0.00
1.50
6.10
0.10
11.00
8.70
5.60
16.70
7.20
4.50
4.50
14.10
14.10
11.40
3.50
3.50
0.00
12.00
3.50
3.50
3.50
0.80
1.10
0.70
0.50
33.30
12.40
5.90
4.20
0.10
7.60
2.40
4.20
4.90
16.40
1.50
23.90
10.80
5.30
4.70
0.20
1.90
1.10
3.10
7.00
15.60
4.90
0.40
2.70
0.10
4.00
12.40
0.20
8.40
37.50
36.70
2.00
6.20
1.70
9.10
0.10
1.10
0.50
5.30
0.60
4.40
10.40
16.40
8.90
6.70
0.70
0.80
2.40
7.50
1.60
1.50
0.10
9.70
7.10
3.70
2.30
12.00
1.20
5.50
20.50
22.00
15.40
20.20
0.80
10.00
14.30
19.70
6.50
6.50
2.50
0.00
0.00
0.10
2.30
5.20
24.40
9.30
6.80
0.00
0.00
0.00
2.30
9.00
0.20
0.40
0.00
0.00
0.00
0.30
7.40
4.80
0.10
0.00
2.30
