20160101
0.00
0.00
0.00
0.00
0.00
0.00
0.00
0.00
0.00
0.00
0.00
0.00
0.00
1.00
0.00
0.00
0.00
0.00
0.00
19.00
1.00
0.00
0.00
0.00
0.00
0.00
0.00
0.00
0.00
0.00
0.00
0.00
0.00
0.00
0.00
0.00
0.00
0.00
0.00
0.00
0.00
0.00
25.00
0.00
0.00
0.00
0.00
0.00
0.00
0.00
0.00
0.00
3.00
128.00
119.00
14.00
27.00
0.00
0.00
0.00
0.00
0.00
0.00
0.00
0.00
8.00
0.00
0.00
0.00
2.00
0.00
2.00
0.00
0.00
0.00
0.00
4.00
0.00
1.00
0.00
38.00
0.00
0.00
0.00
0.00
0.00
0.00
516.00
1.00
1.00
204.00
212.00
17.00
75.00
271.00
14.00
0.00
0.00
0.00
0.00
0.00
0.00
0.00
0.00
0.00
0.00
51.00
22.00
0.00
0.00
0.00
0.00
0.00
0.00
0.00
61.00
7.00
0.00
0.00
0.00
0.00
292.00
80.00
46.00
48.00
2.00
6.00
19.00
0.00
0.00
5.00
0.00
64.00
141.00
1.00
1.00
3.00
324.00
203.00
249.00
1101.00
787.00
15.00
0.00
490.00
35.00
0.00
0.00
231.00
15.00
0.00
32.00
0.00
0.00
158.00
151.00
109.00
25.00
83.00
104.00
270.00
580.00
787.00
169.00
109.00
0.00
1.00
70.00
52.00
5.00
0.00
0.00
8.00
2.00
37.00
53.00
112.00
29.00
2.00
276.00
272.00
25.00
6.00
77.00
105.00
387.00
117.00
60.00
279.00
126.00
38.00
34.00
0.00
40.00
10.00
11.00
61.00
28.00
37.00
62.00
0.00
29.00
14.00
6.00
37.00
67.00
393.00
9.00
1.00
29.00
286.00
430.00
312.00
164.00
19.00
115.00
54.00
24.00
1.00
5.00
90.00
85.00
419.00
102.00
1.00
118.00
194.00
15.00
115.00
7.00
0.00
5.00
469.00
308.00
0.00
1.00
17.00
315.00
21.00
128.00
216.00
2.00
27.00
42.00
154.00
35.00
7.00
14.00
0.00
0.00
2.00
55.00
4.00
7.00
248.00
449.00
311.00
98.00
93.00
570.00
158.00
160.00
6.00
47.00
102.00
109.00
82.00
0.00
1.00
15.00
340.00
285.00
13.00
479.00
800.00
190.00
91.00
119.00
126.00
94.00
245.00
168.00
7.00
25.00
801.00
116.00
0.00
0.00
0.00
0.00
0.00
0.00
0.00
0.00
0.00
0.00
0.00
0.00
0.00
0.00
17.00
46.00
9.00
2.00
0.00
0.00
0.00
9.00
212.00
866.00
173.00
0.00
0.00
0.00
0.00
0.00
0.00
0.00
0.00
0.00
0.00
0.00
0.00
0.00
0.00
0.00
0.00
0.00
0.00
0.00
0.00
0.00
0.00
0.00
0.00
0.00
0.00
0.00
0.00
0.00
0.00
0.00
0.00
0.00
0.00
0.00
0.00
0.00
0.00
0.00
0.00
0.00
0.00
0.00
0.00
0.00
0.00
0.00
0.00
0.00
0.00
0.00
0.00
0.00
0.00
0.00
0.00
0.00
0.00
0.00
0.00
0.00
0.00
0.00
0.00
0.00
0.00
0.00
0.00
0.00
0.00
0.00
0.00
0.00
0.00
0.00
0.00
0.00
0.00
0.00
0.00
0.00
0.00
0.00
0.00
0.00
0.00
0.00
0.00
0.00
0.00
0.00
0.00
0.00
0.00
0.00
0.00
0.00
0.00
0.00
0.00
0.00
0.00
0.00
0.00
0.00
0.00
0.00
0.00
0.00
0.00
0.00
0.00
0.00
0.00
0.00
0.00
0.00
0.00
263.00
89.00
5.00
143.00
1.00
73.00
45.00
0.00
0.00
0.00
0.00
0.00
0.00
221.00
3.00
54.00
0.00
0.00
0.00
0.00
37.00
0.00
0.00
0.00
79.00
62.00
0.00
0.00
0.00
307.00
97.00
186.00
0.00
0.00
0.00
0.00
0.00
0.00
0.00
0.00
0.00
7.00
0.00
0.00
6.00
861.00
216.00
132.00
235.00
103.00
317.00
245.00
0.00
0.00
0.00
0.00
0.00
6.00
0.00
0.00
0.00
0.00
11.00
0.00
0.00
145.00
0.00
0.00
0.00
149.00
44.00
384.00
7.00
214.00
0.00
56.00
0.00
29.00
0.00
0.00
0.00
0.00
0.00
84.00
43.00
422.00
615.00
42.00
1184.00
186.00
58.00
252.00
2.00
0.00
1010.00
432.00
396.00
334.00
565.00
825.00
998.00
0.00
199.00
262.00
80.00
318.00
975.00
0.00
52.00
138.00
98.00
89.00
16.00
25.00
39.00
96.00
25.00
125.00
97.00
110.00
365.00
184.00
40.00
4.00
0.00
0.00
18.00
137.00
78.00
134.00
275.00
291.00
176.00
49.00
87.00
152.00
315.00
877.00
38.00
39.00
666.00
1166.00
61.00
174.00
113.00
192.00
213.00
6.00
1.00
13.00
0.00
94.00
292.00
93.00
90.00
18.00
4.00
0.00
118.00
751.00
261.00
109.00
21.00
72.00
13.00
65.00
64.00
114.00
314.00
609.00
124.00
354.00
440.00
121.00
163.00
45.00
87.00
88.00
195.00
148.00
124.00
19.00
41.00
87.00
1.00
24.00
118.00
135.00
1.00
59.00
240.00
7.00
24.00
64.00
67.00
329.00
246.00
258.00
23.00
2.00
9.00
0.00
145.00
759.00
319.00
220.00
258.00
48.00
61.00
107.00
0.00
35.00
30.00
294.00
37.00
678.00
72.00
5.00
8.00
0.00
9.00
27.00
0.00
0.00
0.00
0.00
388.00
69.00
276.00
458.00
1257.00
0.00
0.00
0.00
0.00
0.00
0.00
6.00
365.00
51.00
0.00
0.00
0.00
0.00
0.00
0.00
0.00
0.00
0.00
0.00
0.00
0.00
16.00
0.00
1.00
131.00
38.00
6.00
0.00
0.00
0.00
0.00
0.00
0.00
0.00
0.00
0.00
0.00
0.00
0.00
0.00
0.00
0.00
0.00
0.00
0.00
1.00
11.00
1219.00
886.00
377.00
0.00
0.00
0.00
0.00
0.00
0.00
0.00
0.00
0.00
0.00
0.00
0.00
0.00
0.00
0.00
0.00
0.00
0.00
0.00
0.00
231.00
392.00
5.00
0.00
0.00
0.00
0.00
0.00
0.00
0.00
0.00
0.00
0.00
0.00
0.00
0.00
0.00
0.00
0.00
0.00
0.00
0.00
0.00
0.00
0.00
0.00
0.00
0.00
0.00
0.00
0.00
0.00
0.00
0.00
0.00
0.00
0.00
0.00
38.00
65.00
398.00
1.00
93.00
0.00
1.00
1.00
0.00
0.00
0.00
0.00
0.00
0.00
0.00
0.00
0.00
0.00
0.00
440.00
0.00
0.00
0.00
0.00
0.00
0.00
0.00
1.00
0.00
0.00
0.00
0.00
0.00
0.00
67.00
0.00
0.00
27.00
29.00
0.00
0.00
0.00
0.00
0.00
0.00
0.00
0.00
0.00
1.00
7.00
0.00
24.00
101.00
0.00
1.00
0.00
0.00
0.00
28.00
16.00
115.00
13.00
18.00
27.00
0.00
0.00
12.00
0.00
0.00
139.00
72.00
35.00
95.00
184.00
16.00
0.00
0.00
3.00
13.00
3.00
0.00
539.00
398.00
15.00
2.00
7.00
151.00
402.00
95.00
657.00
336.00
204.00
150.00
511.00
0.00
119.00
0.00
0.00
188.00
1.00
55.00
83.00
222.00
45.00
10.00
93.00
40.00
0.00
0.00
0.00
4.00
20.00
197.00
62.00
0.00
38.00
0.00
359.00
114.00
0.00
0.00
117.00
753.00
848.00
1590.00
1160.00
121.00
172.00
107.00
90.00
46.00
8.00
43.00
58.00
3.00
8.00
65.00
188.00
3.00
25.00
13.00
22.00
2.00
0.00
8.00
292.00
257.00
38.00
15.00
112.00
24.00
0.00
3.00
1.00
198.00
39.00
43.00
138.00
61.00
0.00
6.00
8.00
28.00
75.00
50.00
9.00
298.00
122.00
5.00
29.00
111.00
11.00
25.00
11.00
87.00
72.00
51.00
7.00
405.00
492.00
410.00
56.00
141.00
53.00
127.00
120.00
234.00
132.00
203.00
108.00
16.00
425.00
32.00
38.00
4.00
42.00
0.00
37.00
11.00
91.00
113.00
0.00
20.00
0.00
50.00
6.00
19.00
0.00
31.00
108.00
13.00
0.00
0.00
8.00
141.00
11.00
30.00
32.00
51.00
2.00
256.00
0.00
50.00
114.00
104.00
63.00
43.00
0.00
41.00
64.00
1.00
28.00
119.00
0.00
0.00
0.00
0.00
0.00
0.00
0.00
0.00
0.00
0.00
2.00
199.00
318.00
468.00
595.00
183.00
0.00
0.00
0.00
0.00
0.00
0.00
0.00
0.00
0.00
0.00
0.00
0.00
0.00
19.00
38.00
281.00
148.00
20.00
0.00
0.00
0.00
0.00
0.00
0.00
0.00
0.00
0.00
0.00
0.00
0.00
0.00
0.00
0.00
0.00
0.00
0.00
0.00
0.00
0.00
0.00
0.00
0.00
0.00
0.00
0.00
0.00
0.00
0.00
0.00
0.00
0.00
0.00
0.00
0.00
0.00
0.00
0.00
0.00
0.00
0.00
0.00
0.00
0.00
39.00
54.00
2.00
0.00
0.00
0.00
0.00
0.00
0.00
0.00
0.00
0.00
0.00
0.00
0.00
0.00
0.00
0.00
0.00
0.00
0.00
0.00
0.00
0.00
0.00
0.00
0.00
0.00
0.00
0.00
0.00
0.00
0.00
0.00
0.00
0.00
0.00
0.00
0.00
0.00
0.00
0.00
0.00
0.00
0.00
0.00
0.00
0.00
0.00
0.00
0.00
0.00
0.00
0.00
0.00
0.00
0.00
0.00
0.00
0.00
0.00
0.00
2.00
1.00
0.00
0.00
0.00
0.00
0.00
0.00
0.00
97.70
91.70
30.10
32.30
0.00
0.00
0.00
3.30
19.10
0.00
0.00
0.00
0.00
0.00
0.00
0.00
0.00
0.00
0.20
1.50
2.90
1.80
0.00
0.00
0.00
0.50
0.00
0.00
0.00
0.00
0.30
0.00
0.00
0.00
24.80
40.10
69.60
21.70
0.00
2.10
9.10
0.00
59.20
40.70
0.50
4.00
0.00
2.00
0.00
0.00
0.00
0.00
0.00
0.00
0.00
0.00
0.20
0.00
0.00
0.00
0.00
0.00
0.00
0.00
0.00
0.00
0.10
24.90
48.80
0.00
0.00
0.00
0.00
0.00
0.00
0.00
0.00
1.00
0.00
0.80
2.30
0.40
8.10
5.40
5.40
0.00
10.90
10.90
120.50
33.10
0.20
0.00
0.00
0.00
0.00
0.00
54.10
42.40
0.30
8.20
0.70
0.90
0.30
3.40
84.50
0.70
0.40
52.00
44.50
68.00
17.00
0.30
0.00
78.40
45.50
25.50
2.40
0.20
0.20
1.20
3.10
1.50
5.50
0.30
1.10
18.20
1.10
0.80
0.30
1.10
1.70
21.20
93.40
112.00
62.90
62.90
75.10
75.10
19.10
0.40
0.40
3.40
29.90
0.40
0.40
0.40
5.40
1.80
3.20
3.40
42.90
5.70
3.20
1.20
3.80
16.20
5.60
11.90
3.90
10.80
38.40
29.30
17.20
0.10
28.70
5.60
0.70
17.30
19.60
19.20
11.00
31.50
2.50
0.70
0.60
0.30
6.40
3.20
38.60
25.80
17.00
8.30
0.30
1.90
4.00
0.20
56.70
70.90
15.20
3.30
7.60
15.90
11.30
3.40
1.40
12.20
41.00
5.60
3.70
22.30
0.90
1.10
6.80
0.90
5.40
2.50
2.50
0.50
4.30
25.20
24.20
10.60
12.60
0.00
0.20
0.40
21.00
8.40
8.40
29.10
0.00
0.10
2.80
7.50
0.00
0.00
16.10
19.00
0.40
0.00
0.00
1.10
0.10
1.70
0.00
0.10
0.00
0.00
0.30
4.30
3.70
0.00
0.00
1.20
