20160101
0.00
0.00
0.00
0.00
0.00
0.00
0.00
0.00
0.00
0.00
0.00
0.00
0.00
0.00
0.00
0.00
0.00
0.00
0.00
13.00
0.00
0.00
0.00
0.00
0.00
0.00
0.00
0.00
0.00
0.00
0.00
0.00
0.00
0.00
0.00
0.00
0.00
0.00
53.00
0.00
0.00
0.00
7.00
0.00
0.00
0.00
0.00
0.00
0.00
0.00
1.00
0.00
3.00
4.00
89.00
0.00
25.00
0.00
0.00
0.00
0.00
0.00
0.00
0.00
0.00
130.00
0.00
0.00
0.00
7.00
0.00
0.00
0.00
0.00
17.00
0.00
0.00
751.00
3.00
0.00
0.00
0.00
0.00
0.00
0.00
0.00
0.00
0.00
51.00
148.00
887.00
2.00
47.00
86.00
7.00
22.00
0.00
0.00
0.00
0.00
0.00
0.00
0.00
0.00
0.00
0.00
26.00
0.00
0.00
0.00
0.00
0.00
0.00
0.00
0.00
0.00
0.00
2.00
0.00
0.00
0.00
12.00
185.00
1.00
7.00
0.00
542.00
116.00
1.00
5.00
1.00
0.00
4.00
1120.00
7.00
12.00
1.00
18.00
67.00
114.00
372.00
816.00
0.00
0.00
138.00
181.00
222.00
0.00
43.00
0.00
57.00
60.00
0.00
0.00
0.00
0.00
1.00
26.00
59.00
22.00
6.00
6.00
1745.00
199.00
41.00
9.00
0.00
0.00
12.00
11.00
16.00
1.00
0.00
35.00
11.00
8.00
6.00
12.00
0.00
80.00
22.00
16.00
198.00
93.00
162.00
44.00
95.00
343.00
143.00
83.00
38.00
4.00
2.00
80.00
10.00
3.00
488.00
288.00
661.00
107.00
79.00
30.00
14.00
69.00
30.00
33.00
88.00
10.00
4.00
2.00
189.00
288.00
460.00
145.00
3.00
27.00
3.00
9.00
14.00
14.00
20.00
109.00
136.00
110.00
1.00
98.00
95.00
127.00
246.00
52.00
72.00
0.00
314.00
1061.00
2.00
5.00
43.00
228.00
82.00
120.00
402.00
32.00
23.00
117.00
96.00
254.00
133.00
75.00
63.00
39.00
8.00
29.00
22.00
12.00
152.00
133.00
224.00
14.00
14.00
34.00
90.00
24.00
19.00
60.00
57.00
145.00
14.00
199.00
29.00
43.00
70.00
285.00
19.00
123.00
12.00
9.00
81.00
696.00
39.00
142.00
44.00
1.00
2.00
17.00
49.00
8.00
0.00
0.00
0.00
0.00
0.00
0.00
0.00
0.00
0.00
0.00
0.00
11.00
0.00
1.00
216.00
27.00
177.00
0.00
9.00
0.00
0.00
42.00
316.00
294.00
0.00
0.00
0.00
0.00
0.00
0.00
0.00
0.00
0.00
0.00
0.00
0.00
0.00
0.00
0.00
0.00
0.00
0.00
0.00
0.00
0.00
0.00
379.00
0.00
0.00
0.00
0.00
0.00
0.00
0.00
0.00
0.00
0.00
0.00
0.00
0.00
0.00
0.00
0.00
0.00
0.00
0.00
0.00
0.00
0.00
0.00
0.00
0.00
0.00
0.00
0.00
0.00
0.00
0.00
0.00
0.00
0.00
0.00
0.00
0.00
0.00
0.00
0.00
0.00
0.00
0.00
0.00
0.00
0.00
0.00
0.00
0.00
0.00
0.00
0.00
0.00
0.00
0.00
0.00
0.00
0.00
0.00
5.00
0.00
0.00
0.00
0.00
0.00
0.00
0.00
0.00
0.00
0.00
0.00
0.00
0.00
0.00
0.00
0.00
0.00
0.00
0.00
0.00
0.00
0.00
0.00
0.00
0.00
0.00
0.00
0.00
0.00
0.00
0.00
0.00
0.00
0.00
0.00
0.00
317.00
10.00
0.00
100.00
3.00
219.00
307.00
0.00
0.00
0.00
0.00
0.00
0.00
161.00
14.00
63.00
0.00
0.00
0.00
0.00
2.00
0.00
0.00
8.00
229.00
9.00
0.00
0.00
0.00
33.00
8.00
303.00
0.00
0.00
0.00
0.00
0.00
0.00
0.00
0.00
0.00
1.00
0.00
0.00
37.00
491.00
0.00
261.00
470.00
126.00
147.00
38.00
0.00
4.00
0.00
32.00
6.00
318.00
0.00
0.00
0.00
0.00
13.00
0.00
0.00
443.00
0.00
0.00
0.00
10.00
16.00
738.00
50.00
219.00
5.00
0.00
0.00
0.00
0.00
0.00
0.00
0.00
106.00
0.00
11.00
205.00
275.00
157.00
811.00
52.00
0.00
0.00
722.00
0.00
0.00
36.00
48.00
13.00
473.00
655.00
25.00
0.00
73.00
489.00
120.00
111.00
889.00
0.00
111.00
51.00
0.00
22.00
3.00
1.00
27.00
17.00
21.00
51.00
86.00
137.00
211.00
144.00
203.00
5.00
3.00
4.00
25.00
141.00
334.00
220.00
18.00
29.00
34.00
102.00
248.00
300.00
292.00
521.00
84.00
55.00
31.00
443.00
348.00
96.00
31.00
7.00
37.00
47.00
0.00
4.00
68.00
59.00
116.00
59.00
34.00
24.00
3.00
10.00
237.00
284.00
261.00
121.00
501.00
99.00
62.00
82.00
90.00
52.00
27.00
326.00
191.00
150.00
52.00
12.00
116.00
137.00
4.00
80.00
112.00
143.00
6.00
28.00
153.00
72.00
36.00
1.00
51.00
14.00
110.00
241.00
476.00
14.00
5.00
0.00
0.00
10.00
383.00
234.00
182.00
57.00
38.00
0.00
4.00
14.00
25.00
40.00
137.00
307.00
181.00
36.00
190.00
16.00
0.00
0.00
12.00
19.00
8.00
12.00
162.00
1.00
1.00
6.00
0.00
0.00
0.00
0.00
0.00
50.00
315.00
1316.00
483.00
0.00
0.00
1.00
0.00
0.00
0.00
0.00
17.00
20.00
0.00
0.00
0.00
0.00
0.00
0.00
0.00
0.00
0.00
0.00
0.00
0.00
100.00
0.00
13.00
438.00
59.00
40.00
0.00
0.00
0.00
0.00
0.00
0.00
0.00
0.00
0.00
0.00
0.00
0.00
0.00
0.00
0.00
0.00
0.00
0.00
1.00
3.00
177.00
204.00
7.00
0.00
0.00
0.00
0.00
0.00
0.00
0.00
0.00
0.00
0.00
0.00
0.00
0.00
0.00
0.00
0.00
0.00
0.00
0.00
0.00
36.00
250.00
0.00
0.00
0.00
0.00
0.00
0.00
0.00
0.00
0.00
0.00
0.00
0.00
0.00
0.00
0.00
0.00
0.00
0.00
0.00
0.00
0.00
0.00
0.00
0.00
0.00
0.00
0.00
0.00
0.00
0.00
0.00
0.00
0.00
0.00
0.00
0.00
772.00
380.00
607.00
262.00
33.00
0.00
406.00
152.00
0.00
0.00
0.00
0.00
0.00
43.00
0.00
0.00
0.00
0.00
190.00
567.00
4.00
0.00
0.00
0.00
0.00
0.00
49.00
0.00
0.00
0.00
0.00
0.00
0.00
0.00
9.00
0.00
134.00
142.00
0.00
0.00
0.00
0.00
0.00
0.00
30.00
0.00
50.00
0.00
0.00
0.00
0.00
172.00
227.00
0.00
104.00
0.00
0.00
35.00
105.00
224.00
0.00
0.00
2.00
76.00
143.00
0.00
296.00
0.00
48.00
291.00
5.00
104.00
4.00
22.00
198.00
13.00
0.00
4.00
6.00
0.00
0.00
356.00
105.00
7.00
312.00
0.00
101.00
1734.00
64.00
23.00
7.00
0.00
109.00
532.00
0.00
28.00
0.00
123.00
153.00
0.00
91.00
8.00
91.00
950.00
20.00
23.00
32.00
153.00
1.00
0.00
2.00
0.00
65.00
446.00
77.00
13.00
327.00
142.00
1.00
0.00
0.00
39.00
220.00
437.00
30.00
535.00
2.00
10.00
190.00
84.00
21.00
0.00
260.00
13.00
0.00
0.00
17.00
37.00
39.00
11.00
3.00
24.00
5.00
0.00
0.00
16.00
330.00
103.00
11.00
3.00
6.00
0.00
6.00
0.00
12.00
45.00
193.00
188.00
54.00
2.00
39.00
2.00
12.00
31.00
83.00
13.00
732.00
353.00
272.00
35.00
33.00
153.00
17.00
14.00
66.00
2.00
47.00
13.00
6.00
92.00
147.00
7.00
0.00
5.00
48.00
11.00
38.00
83.00
138.00
73.00
128.00
267.00
116.00
43.00
116.00
31.00
1.00
14.00
56.00
103.00
33.00
30.00
43.00
4.00
2.00
1.00
6.00
80.00
0.00
106.00
0.00
1.00
1.00
0.00
0.00
16.00
118.00
44.00
168.00
5.00
3.00
1.00
0.00
9.00
32.00
210.00
48.00
1.00
3.00
0.00
171.00
6.00
45.00
0.00
0.00
0.00
0.00
0.00
0.00
0.00
0.00
0.00
0.00
0.00
9.00
159.00
114.00
276.00
10.00
0.00
0.00
0.00
0.00
0.00
0.00
0.00
0.00
0.00
0.00
0.00
0.00
0.00
18.00
41.00
8.00
13.00
0.00
0.00
0.00
0.00
0.00
45.00
0.00
0.00
0.00
0.00
0.00
0.00
2.00
0.00
0.00
0.00
0.00
0.00
0.00
0.00
7.00
0.00
0.00
0.00
0.00
0.00
0.00
0.00
0.00
0.00
0.00
0.00
0.00
0.00
0.00
0.00
1.00
0.00
0.00
0.00
0.00
0.00
0.00
0.00
0.00
0.00
16.00
95.00
21.00
0.00
0.00
0.00
0.00
0.00
0.00
0.00
0.00
0.00
0.00
0.00
0.00
0.00
0.00
0.00
0.00
0.00
0.00
0.00
0.00
0.00
0.00
0.00
0.00
0.00
0.00
0.00
0.00
0.00
0.00
0.00
0.00
0.00
0.00
0.00
0.00
0.00
0.00
0.00
0.00
0.00
0.00
0.00
0.00
0.00
0.00
0.00
0.00
0.00
0.00
0.00
0.00
1.00
0.00
0.00
0.00
0.00
0.00
0.00
1.00
3.00
0.00
0.00
0.00
0.00
0.00
0.20
2.90
38.60
25.40
40.20
7.70
0.00
0.00
0.00
0.30
1.40
0.00
0.00
0.00
0.00
0.00
0.00
0.00
0.00
0.50
4.60
0.00
52.60
0.90
0.20
5.90
0.00
0.20
0.00
0.00
0.00
0.70
0.00
0.00
0.00
0.50
41.20
0.20
34.10
8.50
0.00
0.30
42.90
0.30
4.40
33.70
6.10
4.50
1.60
14.20
0.00
0.00
11.40
0.00
0.00
0.00
0.00
3.80
0.00
0.00
0.00
0.00
0.00
0.00
0.00
0.00
0.00
0.00
0.00
90.70
11.70
0.00
0.00
0.00
0.00
0.00
0.00
0.10
0.00
10.30
0.20
0.10
0.00
0.00
0.00
0.80
0.80
0.00
30.60
30.60
65.30
2.70
0.00
0.00
0.00
0.00
0.20
1.20
3.70
22.10
12.60
17.00
42.00
6.00
3.70
4.50
0.30
0.00
0.00
0.00
9.90
5.40
74.50
0.00
6.30
1.30
1.70
0.00
3.70
0.60
0.00
0.00
1.00
2.60
1.60
28.60
0.00
0.60
0.90
7.20
1.20
0.20
2.40
8.40
12.80
7.30
7.80
7.80
35.30
35.30
33.60
1.20
1.20
2.00
1.60
1.20
1.20
1.20
1.40
7.70
2.60
10.70
34.30
3.50
5.10
1.50
10.00
10.30
16.20
2.20
6.00
2.50
23.70
29.30
14.60
2.20
23.20
6.40
3.80
10.80
20.30
60.20
67.60
42.30
14.10
2.70
0.10
2.90
2.20
1.90
15.80
45.90
6.20
1.20
0.50
0.10
3.70
0.00
1.20
11.60
42.70
30.30
4.80
11.60
0.60
0.00
2.40
5.90
4.30
5.10
0.80
21.20
14.60
0.20
0.20
0.40
0.30
0.30
0.20
5.20
6.60
11.10
0.60
16.80
49.50
6.80
4.40
11.00
10.20
5.90
5.90
16.40
0.80
1.00
1.50
19.50
3.00
3.60
9.10
13.10
0.00
0.40
0.10
0.10
0.40
12.10
0.00
0.00
0.20
0.00
0.20
5.10
1.20
0.00
0.20
2.80
