20160101
0.00
0.00
0.00
0.00
0.00
0.00
0.00
0.00
1.00
0.00
0.00
0.00
0.00
0.00
0.00
0.00
0.00
0.00
0.00
0.00
24.00
0.00
0.00
0.00
0.00
0.00
0.00
0.00
0.00
0.00
0.00
0.00
0.00
0.00
0.00
0.00
0.00
0.00
0.00
0.00
0.00
0.00
0.00
0.00
0.00
0.00
0.00
0.00
0.00
0.00
18.00
0.00
9.00
11.00
120.00
9.00
27.00
3.00
0.00
0.00
0.00
0.00
0.00
0.00
0.00
0.00
0.00
0.00
0.00
1.00
0.00
1.00
0.00
0.00
0.00
0.00
0.00
0.00
29.00
0.00
1.00
0.00
0.00
0.00
0.00
0.00
0.00
91.00
1.00
19.00
311.00
3.00
2.00
6.00
85.00
70.00
0.00
0.00
0.00
0.00
0.00
0.00
0.00
0.00
31.00
31.00
52.00
40.00
0.00
18.00
7.00
72.00
34.00
10.00
0.00
61.00
7.00
0.00
49.00
0.00
0.00
60.00
40.00
0.00
26.00
1.00
0.00
0.00
0.00
0.00
0.00
0.00
436.00
0.00
2.00
2.00
0.00
81.00
303.00
97.00
139.00
463.00
3.00
28.00
10.00
7.00
0.00
0.00
0.00
0.00
0.00
12.00
4.00
7.00
1.00
1.00
1.00
65.00
138.00
17.00
33.00
339.00
41.00
36.00
22.00
3.00
161.00
151.00
34.00
63.00
22.00
220.00
46.00
161.00
4.00
126.00
28.00
120.00
0.00
4.00
3.00
41.00
94.00
96.00
28.00
5.00
18.00
17.00
170.00
78.00
10.00
22.00
33.00
7.00
22.00
16.00
98.00
154.00
0.00
0.00
3.00
66.00
94.00
83.00
207.00
149.00
173.00
1.00
15.00
63.00
53.00
422.00
137.00
18.00
7.00
0.00
4.00
108.00
102.00
19.00
15.00
12.00
4.00
31.00
14.00
79.00
1.00
25.00
19.00
24.00
0.00
6.00
707.00
2.00
0.00
52.00
0.00
38.00
123.00
7.00
0.00
17.00
53.00
31.00
4.00
1.00
2.00
17.00
14.00
59.00
5.00
14.00
455.00
32.00
63.00
7.00
18.00
1.00
0.00
125.00
31.00
7.00
88.00
284.00
17.00
0.00
6.00
0.00
0.00
4.00
24.00
0.00
0.00
0.00
1.00
48.00
0.00
1.00
106.00
1.00
6.00
0.00
0.00
82.00
2.00
31.00
8.00
0.00
0.00
0.00
0.00
26.00
0.00
0.00
0.00
0.00
0.00
0.00
0.00
12.00
128.00
40.00
54.00
16.00
0.00
0.00
52.00
5.00
21.00
194.00
132.00
0.00
0.00
0.00
0.00
0.00
0.00
0.00
3.00
3.00
0.00
4.00
0.00
0.00
0.00
0.00
0.00
0.00
0.00
0.00
0.00
0.00
0.00
0.00
0.00
6.00
8.00
0.00
0.00
0.00
0.00
0.00
0.00
0.00
0.00
0.00
1.00
0.00
4.00
0.00
0.00
0.00
0.00
0.00
0.00
0.00
0.00
8.00
0.00
0.00
0.00
0.00
0.00
0.00
11.00
0.00
0.00
0.00
8.00
0.00
0.00
0.00
0.00
0.00
0.00
0.00
0.00
0.00
0.00
0.00
0.00
0.00
0.00
0.00
9.00
1.00
0.00
0.00
0.00
0.00
0.00
0.00
26.00
0.00
1.00
0.00
0.00
0.00
0.00
0.00
0.00
0.00
0.00
0.00
0.00
0.00
0.00
0.00
0.00
0.00
0.00
0.00
0.00
0.00
0.00
0.00
0.00
0.00
0.00
0.00
0.00
0.00
0.00
0.00
0.00
0.00
0.00
0.00
0.00
1.00
3.00
0.00
117.00
0.00
71.00
30.00
7.00
0.00
0.00
0.00
0.00
0.00
59.00
1.00
22.00
0.00
0.00
0.00
0.00
29.00
0.00
0.00
0.00
8.00
98.00
8.00
2.00
0.00
344.00
131.00
6.00
0.00
0.00
0.00
0.00
0.00
0.00
0.00
0.00
7.00
5.00
1.00
48.00
0.00
93.00
11.00
135.00
57.00
100.00
76.00
77.00
0.00
1.00
0.00
0.00
0.00
11.00
0.00
0.00
0.00
0.00
31.00
0.00
0.00
91.00
0.00
0.00
8.00
24.00
3.00
86.00
4.00
5.00
0.00
4.00
0.00
5.00
0.00
0.00
0.00
0.00
0.00
131.00
12.00
136.00
190.00
2.00
12.00
6.00
24.00
18.00
3.00
7.00
4.00
65.00
10.00
49.00
71.00
33.00
197.00
7.00
117.00
9.00
2.00
0.00
39.00
4.00
1.00
58.00
21.00
0.00
4.00
2.00
39.00
51.00
265.00
108.00
110.00
2.00
112.00
38.00
110.00
3.00
2.00
40.00
183.00
85.00
188.00
38.00
57.00
10.00
74.00
2.00
307.00
287.00
153.00
130.00
34.00
91.00
33.00
23.00
56.00
35.00
30.00
435.00
117.00
5.00
25.00
14.00
47.00
34.00
216.00
66.00
120.00
4.00
19.00
29.00
7.00
3.00
53.00
26.00
1.00
83.00
112.00
8.00
4.00
0.00
15.00
14.00
12.00
6.00
5.00
73.00
784.00
125.00
8.00
24.00
49.00
8.00
54.00
21.00
0.00
1.00
8.00
37.00
140.00
87.00
40.00
86.00
191.00
8.00
266.00
211.00
0.00
357.00
305.00
81.00
156.00
141.00
0.00
50.00
7.00
5.00
32.00
488.00
62.00
97.00
1.00
0.00
38.00
45.00
4.00
0.00
80.00
2.00
0.00
19.00
4.00
17.00
4.00
20.00
0.00
0.00
0.00
0.00
0.00
27.00
4.00
120.00
15.00
14.00
0.00
0.00
1.00
0.00
0.00
1.00
12.00
183.00
11.00
0.00
0.00
0.00
0.00
0.00
4.00
0.00
90.00
0.00
17.00
0.00
2.00
1.00
2.00
170.00
19.00
4.00
0.00
0.00
2.00
0.00
0.00
0.00
0.00
0.00
5.00
0.00
0.00
0.00
0.00
0.00
0.00
0.00
0.00
0.00
0.00
10.00
495.00
208.00
65.00
0.00
0.00
0.00
0.00
0.00
0.00
0.00
0.00
0.00
0.00
0.00
2.00
0.00
1.00
0.00
0.00
0.00
1.00
0.00
0.00
21.00
287.00
374.00
3.00
0.00
0.00
0.00
0.00
0.00
0.00
0.00
0.00
0.00
0.00
0.00
0.00
0.00
0.00
0.00
0.00
0.00
0.00
0.00
0.00
0.00
0.00
0.00
0.00
0.00
0.00
0.00
0.00
0.00
0.00
0.00
0.00
0.00
0.00
0.00
1.00
71.00
1.00
2.00
0.00
0.00
0.00
0.00
0.00
0.00
0.00
0.00
0.00
0.00
0.00
0.00
0.00
0.00
25.00
0.00
0.00
0.00
0.00
0.00
0.00
0.00
0.00
0.00
0.00
0.00
0.00
0.00
0.00
13.00
0.00
0.00
2.00
258.00
0.00
0.00
0.00
0.00
0.00
0.00
0.00
0.00
0.00
0.00
0.00
0.00
33.00
25.00
0.00
228.00
30.00
0.00
18.00
0.00
15.00
66.00
0.00
18.00
0.00
0.00
0.00
0.00
0.00
0.00
14.00
3.00
21.00
1.00
53.00
0.00
0.00
0.00
2.00
0.00
0.00
3.00
30.00
46.00
3.00
78.00
0.00
1.00
80.00
428.00
426.00
174.00
211.00
240.00
346.00
0.00
140.00
0.00
0.00
0.00
0.00
0.00
0.00
0.00
0.00
82.00
53.00
17.00
0.00
1.00
34.00
2.00
115.00
4.00
0.00
0.00
30.00
135.00
477.00
88.00
2.00
1.00
27.00
29.00
143.00
168.00
170.00
16.00
52.00
60.00
0.00
0.00
29.00
0.00
7.00
28.00
35.00
128.00
5.00
12.00
56.00
2.00
62.00
5.00
5.00
2.00
11.00
6.00
3.00
2.00
0.00
0.00
1.00
48.00
58.00
24.00
93.00
73.00
31.00
66.00
21.00
6.00
6.00
91.00
33.00
522.00
38.00
25.00
113.00
10.00
0.00
109.00
55.00
97.00
403.00
100.00
0.00
6.00
0.00
42.00
277.00
51.00
1.00
2.00
46.00
33.00
35.00
100.00
36.00
85.00
39.00
5.00
0.00
34.00
47.00
9.00
8.00
11.00
129.00
17.00
14.00
45.00
19.00
4.00
1.00
90.00
8.00
58.00
7.00
0.00
73.00
0.00
0.00
0.00
9.00
257.00
52.00
0.00
0.00
22.00
21.00
19.00
0.00
1.00
33.00
200.00
5.00
0.00
8.00
80.00
32.00
1.00
7.00
6.00
44.00
16.00
0.00
0.00
0.00
0.00
6.00
0.00
0.00
0.00
2.00
166.00
192.00
556.00
373.00
43.00
0.00
0.00
0.00
0.00
0.00
0.00
0.00
0.00
0.00
0.00
0.00
0.00
0.00
143.00
29.00
71.00
87.00
64.00
0.00
0.00
0.00
4.00
0.00
0.00
0.00
0.00
0.00
0.00
0.00
0.00
1.00
26.00
0.00
0.00
0.00
0.00
0.00
0.00
0.00
0.00
0.00
0.00
0.00
0.00
0.00
0.00
0.00
1.00
0.00
0.00
0.00
0.00
0.00
8.00
0.00
0.00
0.00
0.00
11.00
0.00
0.00
3.00
1.00
5.00
6.00
65.00
0.00
0.00
0.00
0.00
0.00
0.00
0.00
0.00
0.00
0.00
0.00
0.00
0.00
0.00
0.00
0.00
0.00
0.00
0.00
6.00
0.00
0.00
0.00
0.00
0.00
0.00
0.00
0.00
0.00
0.00
0.00
0.00
0.00
0.00
0.00
0.00
0.00
0.00
0.00
0.00
0.00
0.00
0.00
0.00
0.00
0.00
0.00
0.00
0.00
0.00
0.00
0.00
0.00
0.00
0.00
0.00
0.00
0.00
0.00
0.00
0.00
0.00
0.00
0.00
0.00
0.00
0.00
0.00
81.50
107.80
24.60
33.70
0.00
0.00
0.00
0.60
18.80
0.00
0.00
0.00
0.00
0.00
0.00
0.00
0.00
0.00
0.00
0.00
0.00
0.10
0.00
0.00
0.00
0.00
0.00
0.00
0.00
0.00
0.00
0.00
0.00
0.00
30.90
8.70
15.60
8.60
0.00
5.80
4.90
2.50
21.20
16.10
0.20
0.00
0.00
0.00
0.00
0.00
0.00
0.00
0.00
0.00
0.00
0.00
0.50
0.00
0.00
0.00
0.00
0.00
0.00
0.00
0.00
0.00
2.40
1.30
1.10
0.00
0.00
0.00
0.00
0.00
0.00
0.00
0.00
0.60
10.90
0.10
0.40
0.70
0.10
0.00
0.00
0.00
0.00
0.00
19.20
0.00
0.00
0.00
0.00
0.00
0.00
0.00
0.30
0.20
0.30
2.50
0.00
1.50
1.10
1.20
3.40
4.90
5.00
12.80
6.10
10.30
1.20
0.10
0.00
27.10
9.60
5.10
0.30
7.10
5.30
3.90
1.30
4.30
0.90
3.10
4.10
2.10
0.10
0.00
0.00
5.80
2.90
6.20
3.40
5.00
0.00
0.00
16.70
16.70
3.40
2.70
2.70
0.00
0.20
2.70
2.70
2.70
1.90
12.90
6.10
13.50
19.60
18.50
3.80
0.00
3.90
2.60
15.00
21.00
19.60
1.00
1.70
105.20
1.70
3.10
7.30
0.40
4.10
12.30
4.40
2.70
1.80
0.10
2.30
1.40
3.40
0.20
2.10
6.30
2.50
50.00
21.10
0.10
0.10
0.40
21.50
2.40
2.40
40.90
20.40
1.40
1.10
0.50
0.50
1.30
1.70
2.10
0.30
1.50
10.90
6.70
2.80
2.30
9.70
1.50
0.50
0.50
4.50
3.40
18.60
11.80
4.60
26.60
8.20
2.60
0.90
6.10
4.10
0.20
0.20
0.30
0.30
0.00
3.90
1.30
5.20
0.40
6.20
2.20
0.10
0.00
0.00
0.80
14.90
5.70
0.10
1.50
0.40
0.00
1.30
6.10
2.00
0.20
0.00
2.50
