20160101
0.00
0.00
0.00
0.00
0.00
0.00
1.00
0.00
0.00
0.00
0.00
0.00
0.00
0.00
0.00
0.00
0.00
0.00
0.00
5.00
0.00
0.00
0.00
0.00
0.00
0.00
0.00
0.00
0.00
0.00
0.00
0.00
0.00
0.00
0.00
0.00
0.00
0.00
16.00
0.00
0.00
0.00
0.00
0.00
0.00
0.00
0.00
0.00
0.00
0.00
3.00
1.00
1.00
0.00
61.00
0.00
66.00
0.00
0.00
0.00
0.00
0.00
0.00
0.00
0.00
0.00
0.00
0.00
12.00
0.00
0.00
0.00
0.00
0.00
6.00
0.00
0.00
6.00
7.00
0.00
0.00
0.00
0.00
0.00
0.00
0.00
0.00
6.00
238.00
188.00
1088.00
0.00
117.00
184.00
38.00
56.00
0.00
0.00
0.00
0.00
0.00
0.00
0.00
0.00
0.00
0.00
69.00
0.00
0.00
0.00
0.00
0.00
0.00
0.00
0.00
0.00
0.00
6.00
0.00
0.00
0.00
45.00
32.00
0.00
1.00
0.00
7.00
225.00
6.00
8.00
2.00
0.00
405.00
606.00
29.00
6.00
0.00
28.00
67.00
46.00
147.00
599.00
0.00
0.00
310.00
46.00
184.00
3.00
109.00
0.00
28.00
161.00
0.00
0.00
0.00
0.00
0.00
8.00
287.00
0.00
20.00
0.00
1082.00
86.00
38.00
7.00
7.00
7.00
36.00
6.00
0.00
18.00
22.00
172.00
5.00
21.00
1.00
125.00
6.00
28.00
6.00
2.00
44.00
177.00
154.00
41.00
256.00
272.00
126.00
128.00
11.00
0.00
0.00
3.00
3.00
0.00
181.00
296.00
92.00
26.00
22.00
50.00
4.00
110.00
112.00
57.00
272.00
11.00
5.00
31.00
148.00
262.00
114.00
299.00
13.00
15.00
15.00
20.00
6.00
3.00
14.00
42.00
119.00
46.00
4.00
62.00
117.00
134.00
457.00
99.00
35.00
0.00
134.00
847.00
5.00
1.00
0.00
263.00
15.00
30.00
197.00
7.00
10.00
18.00
185.00
219.00
115.00
8.00
42.00
29.00
32.00
5.00
2.00
5.00
59.00
160.00
307.00
0.00
3.00
6.00
17.00
5.00
70.00
498.00
33.00
81.00
12.00
126.00
213.00
29.00
14.00
104.00
18.00
69.00
35.00
14.00
27.00
91.00
19.00
163.00
21.00
131.00
38.00
10.00
6.00
1.00
0.00
0.00
0.00
0.00
0.00
0.00
0.00
0.00
0.00
0.00
0.00
3.00
0.00
1.00
314.00
83.00
13.00
0.00
0.00
0.00
7.00
98.00
423.00
351.00
0.00
0.00
0.00
0.00
0.00
0.00
0.00
0.00
0.00
0.00
0.00
0.00
0.00
0.00
0.00
0.00
0.00
0.00
0.00
0.00
0.00
0.00
0.00
0.00
0.00
0.00
0.00
0.00
0.00
0.00
0.00
0.00
0.00
0.00
0.00
1.00
0.00
0.00
0.00
0.00
0.00
0.00
0.00
0.00
0.00
0.00
0.00
0.00
0.00
0.00
0.00
0.00
0.00
0.00
0.00
0.00
0.00
0.00
0.00
0.00
0.00
0.00
0.00
0.00
0.00
0.00
0.00
0.00
0.00
0.00
0.00
0.00
0.00
0.00
0.00
0.00
0.00
0.00
0.00
0.00
0.00
0.00
10.00
0.00
0.00
0.00
0.00
0.00
0.00
0.00
0.00
0.00
0.00
0.00
0.00
0.00
0.00
0.00
0.00
0.00
0.00
0.00
0.00
0.00
0.00
0.00
0.00
0.00
0.00
0.00
0.00
0.00
0.00
0.00
0.00
0.00
0.00
0.00
0.00
42.00
0.00
0.00
20.00
1.00
172.00
152.00
0.00
0.00
0.00
0.00
0.00
0.00
72.00
16.00
61.00
4.00
0.00
0.00
0.00
1.00
0.00
0.00
18.00
245.00
36.00
0.00
0.00
0.00
133.00
0.00
162.00
0.00
5.00
0.00
0.00
0.00
0.00
0.00
0.00
0.00
0.00
0.00
0.00
69.00
709.00
0.00
393.00
599.00
304.00
120.00
70.00
0.00
17.00
0.00
27.00
30.00
646.00
0.00
0.00
0.00
14.00
9.00
0.00
0.00
125.00
0.00
0.00
0.00
60.00
52.00
894.00
19.00
466.00
0.00
0.00
0.00
0.00
0.00
0.00
0.00
0.00
67.00
1.00
2.00
180.00
178.00
248.00
558.00
96.00
3.00
0.00
712.00
0.00
0.00
160.00
158.00
14.00
484.00
580.00
8.00
23.00
122.00
177.00
251.00
204.00
568.00
0.00
49.00
16.00
0.00
10.00
2.00
58.00
19.00
30.00
5.00
20.00
34.00
176.00
267.00
181.00
299.00
31.00
1.00
27.00
54.00
310.00
313.00
247.00
10.00
9.00
11.00
110.00
244.00
90.00
228.00
303.00
27.00
42.00
100.00
610.00
169.00
712.00
20.00
4.00
139.00
23.00
0.00
58.00
65.00
179.00
141.00
72.00
38.00
40.00
12.00
2.00
248.00
473.00
269.00
38.00
147.00
92.00
92.00
108.00
58.00
53.00
16.00
221.00
422.00
242.00
10.00
23.00
230.00
171.00
1.00
25.00
33.00
128.00
26.00
38.00
241.00
56.00
16.00
1.00
81.00
7.00
76.00
112.00
1134.00
3.00
36.00
5.00
33.00
10.00
111.00
196.00
107.00
95.00
40.00
1.00
0.00
4.00
11.00
74.00
226.00
775.00
289.00
73.00
68.00
17.00
0.00
39.00
33.00
56.00
1.00
24.00
178.00
0.00
1.00
19.00
0.00
201.00
0.00
0.00
0.00
0.00
112.00
1345.00
336.00
0.00
0.00
12.00
0.00
0.00
0.00
0.00
7.00
6.00
0.00
0.00
0.00
0.00
0.00
0.00
0.00
0.00
0.00
0.00
0.00
0.00
76.00
0.00
10.00
545.00
51.00
1.00
0.00
0.00
0.00
0.00
0.00
0.00
0.00
0.00
0.00
0.00
0.00
0.00
0.00
0.00
0.00
0.00
0.00
0.00
0.00
9.00
26.00
56.00
51.00
0.00
0.00
0.00
0.00
0.00
0.00
0.00
0.00
2.00
0.00
0.00
0.00
0.00
0.00
0.00
0.00
0.00
0.00
0.00
0.00
0.00
150.00
1.00
0.00
0.00
0.00
0.00
0.00
0.00
0.00
0.00
0.00
0.00
0.00
0.00
0.00
0.00
0.00
0.00
0.00
0.00
0.00
0.00
0.00
0.00
0.00
0.00
0.00
0.00
0.00
0.00
0.00
0.00
0.00
0.00
0.00
0.00
0.00
805.00
310.00
180.00
219.00
183.00
0.00
181.00
166.00
0.00
0.00
0.00
0.00
0.00
0.00
0.00
0.00
0.00
0.00
222.00
468.00
14.00
0.00
0.00
0.00
0.00
0.00
238.00
0.00
0.00
0.00
0.00
0.00
0.00
0.00
5.00
0.00
14.00
224.00
0.00
0.00
0.00
0.00
0.00
0.00
0.00
14.00
49.00
0.00
0.00
7.00
0.00
208.00
358.00
14.00
28.00
0.00
0.00
19.00
276.00
152.00
0.00
18.00
0.00
92.00
122.00
0.00
41.00
0.00
126.00
227.00
13.00
110.00
22.00
23.00
71.00
3.00
0.00
100.00
4.00
0.00
5.00
314.00
114.00
1.00
401.00
0.00
176.00
1372.00
85.00
14.00
10.00
0.00
22.00
148.00
0.00
42.00
8.00
1.00
21.00
0.00
13.00
7.00
95.00
610.00
22.00
472.00
1.00
41.00
0.00
0.00
1.00
0.00
110.00
146.00
137.00
5.00
63.00
2.00
0.00
0.00
0.00
18.00
132.00
214.00
1.00
709.00
1.00
10.00
123.00
10.00
25.00
0.00
249.00
5.00
0.00
0.00
29.00
6.00
38.00
20.00
6.00
7.00
1.00
0.00
22.00
7.00
244.00
145.00
4.00
4.00
7.00
3.00
29.00
0.00
7.00
65.00
151.00
333.00
42.00
121.00
20.00
1.00
9.00
45.00
56.00
30.00
462.00
291.00
338.00
79.00
101.00
65.00
6.00
48.00
64.00
27.00
64.00
6.00
38.00
93.00
197.00
6.00
1.00
2.00
8.00
8.00
16.00
74.00
88.00
8.00
67.00
151.00
102.00
178.00
249.00
6.00
1.00
53.00
39.00
27.00
21.00
5.00
8.00
6.00
0.00
3.00
2.00
104.00
0.00
188.00
4.00
1.00
3.00
9.00
1.00
11.00
100.00
316.00
265.00
80.00
5.00
5.00
1.00
11.00
67.00
165.00
39.00
0.00
1.00
1.00
78.00
65.00
671.00
0.00
0.00
0.00
0.00
0.00
0.00
0.00
0.00
0.00
0.00
0.00
9.00
90.00
69.00
68.00
27.00
0.00
0.00
0.00
0.00
0.00
0.00
0.00
0.00
0.00
0.00
1.00
0.00
0.00
2.00
32.00
68.00
10.00
0.00
0.00
0.00
0.00
0.00
18.00
0.00
0.00
0.00
0.00
0.00
0.00
14.00
0.00
0.00
0.00
0.00
0.00
0.00
0.00
0.00
0.00
0.00
0.00
0.00
0.00
0.00
0.00
0.00
0.00
0.00
0.00
0.00
0.00
0.00
7.00
0.00
0.00
0.00
0.00
0.00
0.00
0.00
0.00
0.00
0.00
44.00
140.00
11.00
0.00
0.00
0.00
0.00
0.00
0.00
0.00
0.00
0.00
0.00
0.00
0.00
0.00
0.00
0.00
0.00
0.00
0.00
0.00
0.00
0.00
0.00
0.00
0.00
0.00
0.00
0.00
0.00
0.00
0.00
0.00
0.00
0.00
0.00
0.00
0.00
0.00
0.00
0.00
0.00
0.00
0.00
0.00
0.00
0.00
0.00
0.00
0.00
0.00
0.00
0.00
0.00
0.00
0.00
0.00
0.00
0.00
0.00
0.00
0.00
7.00
0.00
0.00
0.00
0.00
0.00
0.00
2.40
29.30
8.50
32.60
9.00
0.00
0.00
0.00
0.10
0.30
0.00
0.00
0.00
0.00
0.00
0.00
0.00
0.00
5.80
3.00
0.00
39.20
1.20
0.10
0.00
0.00
0.00
0.00
0.00
0.00
1.70
0.80
0.00
0.00
5.30
30.70
0.00
51.50
16.00
0.00
0.20
64.90
0.20
7.60
36.90
0.20
6.70
2.40
8.30
0.00
0.00
6.70
0.20
0.00
0.00
0.00
13.90
0.00
0.00
0.00
0.00
0.00
0.20
0.00
0.00
0.10
0.10
0.00
69.20
2.70
0.00
0.00
0.00
0.00
0.00
0.00
0.00
0.00
7.90
1.20
0.10
0.00
0.00
0.00
1.90
1.90
0.00
23.70
23.70
53.40
2.60
0.00
0.00
0.00
0.00
0.80
5.90
0.40
4.80
2.40
5.50
39.50
0.20
0.10
0.10
27.40
0.00
0.00
0.00
0.60
3.30
25.70
0.00
2.10
0.90
0.50
0.10
3.00
5.10
0.00
0.00
0.80
8.20
7.40
23.70
0.00
5.50
2.90
0.60
0.00
0.00
0.70
3.40
1.80
10.50
5.50
5.50
28.50
28.50
30.50
0.70
0.70
1.40
0.10
0.70
0.70
0.70
1.00
2.20
2.50
17.20
20.90
27.20
5.70
0.00
2.80
6.20
4.40
2.30
4.30
0.00
3.60
22.40
19.70
0.60
37.20
4.30
1.00
12.30
18.20
28.90
54.90
15.20
2.90
2.20
0.00
1.10
2.30
0.10
21.80
34.70
10.00
0.90
0.20
0.10
1.80
0.10
1.80
11.50
52.70
36.40
2.70
7.70
0.20
0.00
2.30
0.30
32.20
1.10
0.80
8.00
20.50
1.10
0.20
2.00
0.20
0.40
0.10
0.20
12.50
18.40
0.30
31.80
58.60
18.60
1.50
4.40
15.30
6.80
6.80
2.30
0.30
0.40
0.60
15.70
1.30
0.60
7.80
16.10
0.10
0.60
0.00
0.00
0.20
1.50
0.00
0.00
0.20
0.10
2.50
2.10
0.20
0.20
0.30
18.10
