20160101
0.00
0.00
0.00
0.00
0.00
0.00
0.00
0.00
0.00
0.00
0.00
0.00
0.00
0.00
0.00
0.00
0.00
0.00
0.00
0.00
36.00
0.00
0.00
0.00
0.00
0.00
0.00
0.00
0.00
0.00
0.00
0.00
0.00
0.00
0.00
0.00
0.00
0.00
0.00
0.00
0.00
0.00
0.00
0.00
0.00
0.00
0.00
0.00
0.00
0.00
0.00
0.00
0.00
17.00
166.00
12.00
17.00
4.00
0.00
0.00
0.00
0.00
0.00
0.00
0.00
0.00
0.00
0.00
0.00
0.00
0.00
0.00
0.00
0.00
0.00
0.00
0.00
0.00
36.00
0.00
1.00
0.00
0.00
0.00
0.00
0.00
0.00
135.00
4.00
22.00
585.00
13.00
31.00
13.00
120.00
44.00
0.00
0.00
0.00
0.00
0.00
0.00
0.00
0.00
4.00
9.00
36.00
37.00
0.00
10.00
4.00
5.00
0.00
0.00
0.00
133.00
2.00
0.00
3.00
0.00
0.00
134.00
42.00
0.00
35.00
0.00
1.00
0.00
0.00
0.00
0.00
0.00
430.00
3.00
0.00
6.00
0.00
91.00
203.00
125.00
149.00
492.00
0.00
2.00
9.00
26.00
0.00
2.00
13.00
2.00
0.00
6.00
0.00
39.00
43.00
44.00
12.00
51.00
27.00
19.00
23.00
282.00
2.00
6.00
39.00
2.00
48.00
42.00
83.00
39.00
14.00
167.00
39.00
72.00
3.00
131.00
79.00
44.00
0.00
0.00
12.00
89.00
85.00
30.00
44.00
4.00
19.00
10.00
200.00
75.00
23.00
18.00
50.00
9.00
1.00
23.00
66.00
178.00
0.00
0.00
2.00
42.00
51.00
55.00
128.00
151.00
176.00
0.00
5.00
64.00
68.00
123.00
138.00
58.00
5.00
0.00
5.00
80.00
60.00
1.00
7.00
5.00
1.00
32.00
39.00
75.00
4.00
13.00
2.00
9.00
0.00
11.00
568.00
6.00
0.00
33.00
6.00
39.00
27.00
6.00
1.00
44.00
32.00
52.00
1.00
1.00
2.00
18.00
2.00
1.00
3.00
24.00
212.00
10.00
23.00
2.00
1.00
17.00
17.00
162.00
2.00
23.00
89.00
151.00
35.00
0.00
3.00
28.00
107.00
5.00
7.00
0.00
0.00
5.00
0.00
40.00
0.00
7.00
41.00
1.00
6.00
59.00
3.00
32.00
7.00
87.00
0.00
0.00
0.00
0.00
7.00
0.00
0.00
0.00
0.00
0.00
0.00
0.00
27.00
0.00
28.00
23.00
37.00
13.00
0.00
0.00
95.00
1.00
36.00
243.00
154.00
0.00
0.00
0.00
0.00
0.00
0.00
0.00
0.00
0.00
0.00
0.00
0.00
0.00
0.00
0.00
0.00
0.00
0.00
0.00
0.00
0.00
0.00
0.00
0.00
0.00
0.00
0.00
0.00
0.00
0.00
0.00
0.00
0.00
0.00
0.00
0.00
0.00
0.00
0.00
0.00
0.00
0.00
0.00
0.00
0.00
0.00
0.00
0.00
0.00
0.00
0.00
0.00
0.00
0.00
0.00
0.00
0.00
0.00
0.00
0.00
0.00
0.00
0.00
0.00
0.00
0.00
0.00
0.00
0.00
0.00
0.00
0.00
0.00
0.00
0.00
0.00
0.00
0.00
0.00
0.00
0.00
15.00
0.00
0.00
0.00
0.00
0.00
0.00
0.00
0.00
0.00
0.00
0.00
0.00
0.00
0.00
0.00
0.00
0.00
0.00
0.00
0.00
0.00
0.00
0.00
0.00
0.00
0.00
0.00
0.00
0.00
0.00
0.00
0.00
0.00
0.00
0.00
0.00
2.00
6.00
0.00
119.00
0.00
88.00
54.00
4.00
0.00
0.00
0.00
0.00
0.00
67.00
1.00
39.00
0.00
0.00
0.00
0.00
20.00
0.00
0.00
0.00
34.00
78.00
14.00
0.00
0.00
253.00
263.00
16.00
0.00
0.00
0.00
0.00
0.00
0.00
0.00
0.00
3.00
40.00
3.00
15.00
0.00
188.00
27.00
241.00
90.00
142.00
85.00
133.00
0.00
0.00
0.00
0.00
0.00
0.00
0.00
0.00
0.00
0.00
15.00
0.00
0.00
92.00
0.00
0.00
0.00
36.00
28.00
110.00
8.00
17.00
0.00
0.00
0.00
19.00
0.00
0.00
0.00
0.00
0.00
193.00
38.00
143.00
200.00
21.00
25.00
26.00
118.00
29.00
0.00
35.00
34.00
122.00
35.00
74.00
113.00
9.00
182.00
0.00
140.00
5.00
8.00
0.00
116.00
6.00
0.00
13.00
20.00
0.00
26.00
43.00
32.00
19.00
199.00
74.00
46.00
2.00
51.00
20.00
85.00
6.00
0.00
17.00
54.00
24.00
172.00
48.00
140.00
9.00
129.00
10.00
148.00
165.00
93.00
86.00
39.00
10.00
74.00
119.00
69.00
19.00
17.00
241.00
133.00
14.00
49.00
11.00
53.00
38.00
78.00
62.00
74.00
0.00
10.00
3.00
25.00
25.00
18.00
8.00
6.00
45.00
88.00
16.00
14.00
6.00
42.00
18.00
56.00
9.00
16.00
44.00
459.00
12.00
4.00
20.00
54.00
51.00
22.00
21.00
0.00
4.00
8.00
72.00
34.00
56.00
8.00
100.00
12.00
25.00
236.00
37.00
0.00
136.00
220.00
38.00
113.00
92.00
0.00
32.00
8.00
7.00
47.00
372.00
22.00
41.00
0.00
1.00
13.00
58.00
0.00
3.00
8.00
0.00
0.00
12.00
0.00
3.00
0.00
55.00
0.00
0.00
0.00
0.00
0.00
11.00
30.00
17.00
48.00
8.00
0.00
0.00
0.00
0.00
0.00
1.00
28.00
234.00
3.00
1.00
0.00
0.00
0.00
0.00
3.00
0.00
0.00
0.00
0.00
0.00
1.00
0.00
0.00
222.00
9.00
3.00
0.00
0.00
0.00
0.00
0.00
0.00
0.00
0.00
4.00
0.00
0.00
0.00
0.00
0.00
0.00
0.00
0.00
0.00
0.00
6.00
503.00
304.00
23.00
0.00
0.00
0.00
0.00
0.00
0.00
0.00
0.00
0.00
0.00
0.00
0.00
0.00
0.00
0.00
0.00
0.00
0.00
0.00
0.00
22.00
293.00
185.00
0.00
0.00
0.00
0.00
0.00
0.00
0.00
0.00
0.00
0.00
0.00
0.00
0.00
0.00
0.00
0.00
0.00
0.00
0.00
0.00
0.00
0.00
0.00
0.00
0.00
0.00
0.00
0.00
0.00
0.00
0.00
0.00
0.00
0.00
0.00
0.00
8.00
70.00
10.00
6.00
0.00
0.00
0.00
0.00
0.00
0.00
0.00
0.00
0.00
0.00
0.00
0.00
0.00
0.00
43.00
0.00
0.00
0.00
0.00
0.00
0.00
0.00
0.00
0.00
0.00
0.00
0.00
0.00
0.00
82.00
0.00
0.00
10.00
195.00
0.00
0.00
0.00
0.00
0.00
0.00
0.00
0.00
0.00
0.00
0.00
0.00
5.00
26.00
0.00
174.00
223.00
0.00
0.00
0.00
74.00
71.00
0.00
19.00
0.00
0.00
0.00
0.00
0.00
0.00
7.00
12.00
27.00
3.00
31.00
1.00
0.00
0.00
0.00
0.00
42.00
0.00
143.00
57.00
3.00
71.00
0.00
5.00
224.00
368.00
551.00
232.00
67.00
218.00
716.00
1.00
73.00
1.00
0.00
13.00
0.00
0.00
0.00
2.00
0.00
27.00
18.00
0.00
0.00
0.00
0.00
0.00
50.00
0.00
0.00
4.00
75.00
278.00
620.00
139.00
18.00
0.00
37.00
53.00
234.00
342.00
252.00
19.00
38.00
4.00
0.00
0.00
23.00
0.00
12.00
2.00
66.00
58.00
4.00
14.00
65.00
17.00
57.00
0.00
1.00
10.00
1.00
0.00
0.00
1.00
0.00
8.00
1.00
30.00
77.00
40.00
51.00
51.00
7.00
38.00
13.00
6.00
13.00
96.00
54.00
277.00
23.00
9.00
31.00
7.00
0.00
37.00
26.00
76.00
331.00
62.00
1.00
0.00
0.00
16.00
91.00
40.00
1.00
8.00
49.00
14.00
78.00
45.00
13.00
61.00
46.00
8.00
3.00
43.00
9.00
24.00
14.00
5.00
55.00
2.00
30.00
29.00
22.00
38.00
0.00
80.00
5.00
46.00
2.00
0.00
0.00
0.00
5.00
0.00
17.00
237.00
17.00
0.00
0.00
30.00
17.00
33.00
0.00
22.00
49.00
155.00
8.00
10.00
5.00
103.00
30.00
3.00
1.00
30.00
2.00
7.00
0.00
0.00
0.00
0.00
0.00
0.00
0.00
13.00
7.00
210.00
219.00
546.00
342.00
67.00
0.00
0.00
0.00
0.00
0.00
0.00
0.00
0.00
0.00
0.00
0.00
0.00
0.00
203.00
21.00
107.00
83.00
61.00
0.00
0.00
0.00
0.00
0.00
0.00
0.00
0.00
0.00
0.00
0.00
0.00
3.00
4.00
0.00
0.00
0.00
0.00
0.00
0.00
0.00
0.00
0.00
0.00
0.00
0.00
0.00
0.00
0.00
0.00
0.00
0.00
0.00
0.00
0.00
2.00
0.00
0.00
0.00
0.00
5.00
0.00
0.00
4.00
1.00
8.00
11.00
61.00
0.00
0.00
0.00
0.00
0.00
0.00
0.00
0.00
0.00
0.00
0.00
0.00
0.00
0.00
0.00
0.00
0.00
0.00
0.00
0.00
0.00
0.00
0.00
0.00
0.00
0.00
0.00
0.00
0.00
0.00
0.00
0.00
0.00
0.00
0.00
0.00
0.00
0.00
0.00
0.00
0.00
0.00
0.00
0.00
0.00
0.00
0.00
0.00
0.00
0.00
0.00
0.00
0.00
0.00
0.00
0.00
0.00
0.00
0.00
0.00
1.00
0.00
0.00
0.00
0.00
0.00
0.00
0.00
93.60
122.90
37.40
47.60
0.00
0.00
0.00
0.10
29.00
0.00
0.00
0.00
0.00
0.00
0.00
0.00
0.00
0.00
0.00
0.00
0.00
0.00
0.00
0.00
0.00
0.00
0.00
0.00
0.00
0.00
0.00
0.00
0.00
0.00
51.20
13.90
20.60
10.50
0.00
6.40
6.80
1.70
40.50
66.00
0.00
0.00
0.00
0.00
0.00
0.00
0.00
0.00
0.00
0.00
0.00
0.00
0.10
0.00
0.00
0.00
0.00
0.00
0.00
0.00
0.00
0.00
0.10
1.80
0.20
0.00
0.00
0.00
0.00
0.00
0.00
0.00
0.00
2.50
10.80
0.10
8.10
19.60
0.00
0.00
0.00
0.00
0.10
0.10
35.80
0.00
0.00
0.00
0.00
0.00
0.00
0.00
0.90
0.00
0.50
7.70
0.10
2.70
0.90
7.00
3.60
27.40
4.40
0.10
0.70
9.80
2.80
0.00
0.00
4.40
2.40
1.30
0.80
0.00
5.80
4.30
0.20
1.70
1.40
0.30
1.50
1.60
7.30
0.00
0.00
1.10
0.30
3.70
7.90
6.10
0.30
0.30
18.50
18.50
6.10
1.00
1.00
0.10
0.10
1.00
1.00
1.00
0.60
18.90
2.60
5.20
9.40
23.60
2.60
0.60
1.20
8.30
3.00
5.20
9.10
1.10
1.10
49.10
2.00
14.80
6.40
0.30
6.10
15.20
1.30
3.00
4.00
0.00
0.30
2.30
0.40
0.90
4.10
5.80
0.40
11.10
35.20
0.40
0.10
0.80
11.70
0.80
1.90
15.40
16.90
0.90
0.50
0.80
1.80
0.30
1.60
3.60
0.10
4.70
7.20
4.80
2.50
0.80
10.10
2.10
0.20
2.00
13.80
4.80
16.60
8.60
8.90
44.70
12.80
3.80
1.00
3.10
12.80
0.10
0.10
0.60
0.00
0.00
0.30
0.10
0.60
3.50
0.80
2.00
0.70
0.00
0.00
1.80
9.60
4.40
0.00
0.90
0.30
0.10
1.30
6.10
2.00
0.20
0.00
2.50
