20160101
0.00
0.00
0.00
0.00
0.00
0.00
0.00
0.00
0.00
0.00
0.00
0.00
0.00
0.00
0.00
0.00
0.00
0.00
0.00
1.00
26.00
0.00
0.00
0.00
0.00
0.00
0.00
0.00
0.00
0.00
0.00
0.00
0.00
0.00
0.00
0.00
0.00
0.00
0.00
0.00
0.00
0.00
0.00
0.00
0.00
0.00
0.00
0.00
0.00
0.00
2.00
0.00
0.00
10.00
149.00
17.00
15.00
4.00
0.00
0.00
0.00
0.00
0.00
0.00
0.00
0.00
0.00
0.00
0.00
0.00
0.00
4.00
0.00
0.00
0.00
0.00
0.00
0.00
31.00
0.00
8.00
0.00
0.00
0.00
0.00
0.00
0.00
78.00
3.00
11.00
527.00
6.00
17.00
7.00
104.00
47.00
0.00
0.00
0.00
0.00
0.00
0.00
0.00
0.00
19.00
2.00
43.00
46.00
0.00
16.00
5.00
9.00
21.00
0.00
0.00
72.00
5.00
0.00
13.00
0.00
0.00
93.00
33.00
0.00
21.00
0.00
0.00
0.00
0.00
0.00
0.00
0.00
438.00
0.00
0.00
5.00
0.00
86.00
224.00
114.00
138.00
451.00
0.00
2.00
7.00
17.00
0.00
3.00
1.00
0.00
0.00
11.00
3.00
54.00
11.00
5.00
19.00
37.00
68.00
29.00
31.00
291.00
4.00
14.00
34.00
0.00
100.00
68.00
49.00
44.00
13.00
216.00
25.00
92.00
5.00
149.00
67.00
54.00
0.00
3.00
7.00
58.00
62.00
39.00
41.00
6.00
16.00
11.00
181.00
67.00
21.00
17.00
40.00
19.00
3.00
17.00
51.00
150.00
0.00
0.00
4.00
34.00
69.00
49.00
171.00
146.00
183.00
0.00
17.00
65.00
46.00
231.00
129.00
41.00
3.00
0.00
2.00
95.00
70.00
4.00
4.00
6.00
4.00
19.00
24.00
67.00
2.00
19.00
4.00
12.00
0.00
3.00
596.00
3.00
0.00
39.00
2.00
38.00
106.00
8.00
3.00
31.00
44.00
44.00
5.00
0.00
4.00
17.00
12.00
20.00
1.00
21.00
283.00
23.00
45.00
3.00
7.00
0.00
0.00
77.00
2.00
18.00
111.00
222.00
5.00
0.00
1.00
0.00
0.00
1.00
12.00
0.00
0.00
0.00
0.00
36.00
0.00
0.00
81.00
1.00
7.00
15.00
1.00
55.00
2.00
49.00
0.00
1.00
0.00
0.00
0.00
12.00
0.00
0.00
0.00
0.00
0.00
0.00
0.00
13.00
76.00
23.00
32.00
16.00
0.00
0.00
90.00
1.00
28.00
220.00
145.00
0.00
0.00
0.00
0.00
0.00
0.00
0.00
0.00
0.00
0.00
0.00
0.00
0.00
0.00
0.00
5.00
0.00
0.00
0.00
0.00
0.00
0.00
0.00
0.00
0.00
0.00
0.00
0.00
0.00
0.00
0.00
0.00
0.00
0.00
0.00
0.00
0.00
0.00
0.00
0.00
0.00
0.00
0.00
0.00
0.00
0.00
0.00
0.00
0.00
0.00
0.00
0.00
0.00
0.00
0.00
0.00
0.00
1.00
0.00
0.00
0.00
0.00
0.00
0.00
0.00
0.00
0.00
0.00
0.00
0.00
0.00
0.00
0.00
6.00
0.00
0.00
0.00
0.00
0.00
0.00
0.00
23.00
0.00
0.00
0.00
0.00
0.00
0.00
0.00
0.00
0.00
0.00
0.00
0.00
0.00
0.00
0.00
0.00
0.00
0.00
0.00
0.00
0.00
0.00
0.00
0.00
0.00
0.00
0.00
0.00
0.00
0.00
0.00
0.00
0.00
0.00
0.00
0.00
1.00
4.00
0.00
112.00
0.00
79.00
55.00
13.00
0.00
0.00
0.00
0.00
0.00
57.00
2.00
31.00
0.00
0.00
0.00
0.00
17.00
0.00
0.00
1.00
14.00
72.00
29.00
3.00
0.00
300.00
197.00
11.00
0.00
0.00
0.00
0.00
0.00
0.00
0.00
0.00
9.00
47.00
2.00
41.00
0.00
123.00
42.00
228.00
79.00
116.00
65.00
130.00
0.00
0.00
0.00
0.00
0.00
0.00
0.00
0.00
0.00
0.00
16.00
0.00
0.00
118.00
0.00
0.00
2.00
32.00
15.00
87.00
7.00
17.00
0.00
0.00
0.00
7.00
0.00
0.00
0.00
0.00
0.00
187.00
23.00
122.00
218.00
9.00
8.00
10.00
43.00
15.00
0.00
40.00
9.00
87.00
14.00
38.00
100.00
28.00
190.00
0.00
160.00
6.00
4.00
0.00
95.00
3.00
0.00
16.00
19.00
0.00
7.00
6.00
33.00
69.00
231.00
79.00
64.00
0.00
84.00
27.00
84.00
3.00
0.00
15.00
111.00
33.00
158.00
68.00
113.00
14.00
113.00
5.00
181.00
224.00
106.00
118.00
28.00
25.00
106.00
63.00
27.00
18.00
25.00
271.00
130.00
9.00
20.00
13.00
46.00
49.00
123.00
69.00
87.00
1.00
16.00
2.00
9.00
12.00
33.00
19.00
2.00
43.00
101.00
11.00
12.00
5.00
20.00
12.00
53.00
2.00
6.00
46.00
611.00
18.00
4.00
21.00
54.00
21.00
22.00
25.00
0.00
3.00
7.00
44.00
55.00
71.00
15.00
68.00
62.00
4.00
276.00
60.00
0.00
190.00
226.00
37.00
173.00
94.00
0.00
34.00
10.00
6.00
39.00
438.00
45.00
69.00
0.00
2.00
29.00
58.00
0.00
8.00
24.00
0.00
0.00
3.00
10.00
6.00
12.00
131.00
0.00
0.00
0.00
0.00
0.00
23.00
7.00
26.00
27.00
23.00
0.00
0.00
0.00
0.00
0.00
2.00
19.00
203.00
4.00
1.00
0.00
0.00
0.00
0.00
2.00
0.00
0.00
0.00
0.00
0.00
2.00
0.00
1.00
206.00
18.00
4.00
0.00
0.00
3.00
0.00
1.00
0.00
0.00
0.00
0.00
0.00
0.00
0.00
0.00
0.00
0.00
0.00
0.00
0.00
0.00
1.00
515.00
285.00
30.00
0.00
0.00
0.00
0.00
0.00
0.00
0.00
0.00
0.00
0.00
0.00
3.00
0.00
0.00
0.00
0.00
0.00
0.00
0.00
0.00
12.00
314.00
294.00
0.00
0.00
0.00
0.00
0.00
0.00
0.00
0.00
0.00
0.00
0.00
0.00
0.00
0.00
0.00
0.00
0.00
0.00
0.00
0.00
0.00
0.00
0.00
0.00
0.00
0.00
0.00
0.00
0.00
0.00
0.00
0.00
0.00
0.00
0.00
0.00
8.00
56.00
6.00
2.00
0.00
0.00
0.00
0.00
0.00
0.00
0.00
0.00
0.00
0.00
0.00
0.00
0.00
0.00
38.00
0.00
0.00
0.00
0.00
0.00
0.00
0.00
0.00
0.00
0.00
0.00
0.00
0.00
0.00
50.00
0.00
0.00
13.00
262.00
0.00
0.00
0.00
0.00
0.00
0.00
0.00
0.00
0.00
0.00
0.00
0.00
18.00
30.00
0.00
256.00
325.00
27.00
5.00
0.00
33.00
69.00
0.00
34.00
0.00
0.00
0.00
0.00
0.00
0.00
9.00
0.00
17.00
1.00
26.00
0.00
0.00
0.00
0.00
0.00
0.00
0.00
46.00
53.00
3.00
99.00
0.00
7.00
202.00
347.00
419.00
265.00
83.00
259.00
660.00
0.00
128.00
0.00
0.00
20.00
0.00
0.00
0.00
0.00
0.00
55.00
35.00
2.00
0.00
0.00
19.00
0.00
87.00
4.00
0.00
3.00
46.00
234.00
570.00
86.00
13.00
1.00
22.00
41.00
173.00
227.00
158.00
15.00
56.00
8.00
0.00
0.00
24.00
0.00
13.00
7.00
52.00
83.00
5.00
13.00
72.00
8.00
67.00
1.00
8.00
13.00
15.00
2.00
1.00
3.00
0.00
8.00
0.00
30.00
63.00
31.00
164.00
66.00
14.00
52.00
20.00
3.00
12.00
99.00
35.00
397.00
27.00
24.00
45.00
10.00
0.00
235.00
36.00
88.00
359.00
73.00
0.00
0.00
0.00
33.00
124.00
64.00
2.00
9.00
32.00
41.00
58.00
59.00
22.00
72.00
41.00
7.00
0.00
23.00
13.00
11.00
7.00
4.00
89.00
8.00
16.00
31.00
39.00
6.00
1.00
60.00
1.00
68.00
5.00
2.00
11.00
0.00
1.00
0.00
16.00
227.00
34.00
0.00
0.00
13.00
15.00
25.00
0.00
3.00
42.00
174.00
5.00
0.00
7.00
92.00
25.00
3.00
3.00
28.00
0.00
11.00
0.00
0.00
11.00
0.00
0.00
0.00
0.00
1.00
6.00
177.00
219.00
533.00
355.00
66.00
0.00
0.00
0.00
0.00
0.00
0.00
2.00
0.00
0.00
0.00
0.00
0.00
0.00
280.00
24.00
99.00
77.00
66.00
0.00
0.00
0.00
0.00
0.00
0.00
0.00
0.00
0.00
0.00
0.00
0.00
3.00
27.00
0.00
0.00
0.00
0.00
0.00
0.00
0.00
0.00
0.00
0.00
0.00
0.00
0.00
0.00
0.00
0.00
0.00
0.00
0.00
0.00
0.00
10.00
0.00
0.00
0.00
0.00
0.00
0.00
0.00
3.00
0.00
10.00
9.00
120.00
0.00
0.00
0.00
0.00
0.00
0.00
0.00
0.00
0.00
0.00
0.00
0.00
0.00
0.00
0.00
0.00
0.00
0.00
0.00
3.00
0.00
0.00
0.00
0.00
0.00
0.00
0.00
0.00
0.00
0.00
0.00
0.00
0.00
0.00
0.00
0.00
0.00
0.00
0.00
0.00
0.00
0.00
0.00
0.00
0.00
0.00
0.00
0.00
0.00
0.00
0.00
0.00
0.00
0.00
0.00
0.00
0.00
0.00
0.00
0.00
1.00
0.00
0.00
0.00
0.00
0.00
0.00
0.00
88.90
118.00
21.00
38.70
0.00
0.00
0.00
0.20
22.20
0.00
0.00
0.00
0.00
0.00
0.00
0.00
0.00
0.00
0.00
0.00
0.00
0.00
0.00
0.00
0.00
0.00
0.00
0.00
0.00
0.00
0.00
0.00
0.00
0.00
40.40
11.10
24.80
6.60
0.00
6.20
4.10
4.50
32.90
38.10
0.20
0.00
0.00
0.00
0.00
0.00
0.00
0.00
0.00
0.00
0.00
0.00
0.30
0.00
0.00
0.00
0.00
0.00
0.00
0.00
0.00
0.00
0.70
3.30
0.20
0.00
0.00
0.00
0.00
0.00
0.00
0.00
0.00
1.80
19.10
0.30
2.00
11.50
0.00
0.00
0.00
0.00
0.10
0.10
50.10
0.00
0.00
0.00
0.00
0.00
0.00
0.00
0.70
0.00
0.80
7.40
0.10
3.50
1.60
6.70
3.80
9.10
7.90
0.70
3.50
6.30
2.60
0.00
0.00
11.70
2.00
6.40
2.70
1.50
3.80
4.10
0.40
1.80
3.70
0.70
2.90
0.70
4.40
0.00
0.00
1.70
0.00
3.40
8.00
6.10
0.00
0.00
16.80
16.80
4.60
1.30
1.30
0.00
0.00
1.30
1.30
1.30
0.70
12.00
3.40
8.60
8.40
23.60
2.20
0.50
2.10
3.70
6.60
6.70
9.90
0.30
2.40
48.20
0.90
8.50
6.90
3.30
5.40
19.70
1.80
3.90
2.70
0.00
1.20
2.10
1.80
0.90
3.00
4.10
0.40
11.90
24.10
0.00
0.20
1.00
11.50
0.00
2.30
20.10
13.70
0.80
0.90
0.50
1.30
0.10
0.20
2.40
0.00
2.50
12.40
4.30
2.80
0.80
9.20
0.70
0.60
0.70
2.30
3.70
11.60
7.50
5.50
25.90
12.20
2.40
1.00
3.60
15.10
0.30
0.30
1.30
0.00
0.00
2.10
2.80
0.10
0.30
0.80
1.90
0.50
0.00
0.00
3.30
16.30
7.70
0.50
0.20
0.20
0.00
1.30
6.10
2.00
0.20
0.00
2.50
