20160101
0.00
0.00
0.00
0.00
0.00
0.00
0.00
0.00
0.00
0.00
0.00
0.00
0.00
0.00
0.00
0.00
0.00
0.00
0.00
0.00
38.00
0.00
0.00
0.00
0.00
0.00
0.00
0.00
0.00
0.00
0.00
0.00
0.00
0.00
0.00
0.00
0.00
0.00
0.00
0.00
0.00
0.00
0.00
0.00
0.00
0.00
0.00
0.00
0.00
0.00
4.00
0.00
1.00
34.00
101.00
2.00
24.00
0.00
0.00
0.00
0.00
0.00
0.00
0.00
0.00
0.00
0.00
0.00
0.00
2.00
0.00
0.00
0.00
0.00
0.00
0.00
0.00
0.00
21.00
0.00
0.00
0.00
0.00
0.00
0.00
0.00
0.00
160.00
1.00
120.00
244.00
2.00
3.00
11.00
107.00
113.00
4.00
0.00
0.00
0.00
0.00
0.00
0.00
0.00
58.00
49.00
65.00
65.00
0.00
38.00
10.00
69.00
95.00
87.00
0.00
131.00
0.00
0.00
15.00
1.00
0.00
96.00
54.00
0.00
42.00
1.00
0.00
0.00
0.00
0.00
0.00
0.00
400.00
0.00
0.00
10.00
0.00
80.00
263.00
102.00
137.00
523.00
2.00
1.00
25.00
6.00
0.00
0.00
1.00
0.00
0.00
2.00
0.00
0.00
24.00
15.00
7.00
71.00
146.00
10.00
22.00
239.00
43.00
21.00
32.00
0.00
75.00
126.00
60.00
80.00
42.00
185.00
62.00
120.00
0.00
85.00
13.00
144.00
0.00
2.00
2.00
108.00
134.00
47.00
45.00
4.00
15.00
44.00
249.00
78.00
36.00
3.00
25.00
14.00
3.00
16.00
80.00
178.00
0.00
0.00
2.00
75.00
75.00
90.00
136.00
104.00
168.00
1.00
2.00
60.00
81.00
232.00
223.00
61.00
0.00
0.00
3.00
145.00
121.00
8.00
2.00
40.00
9.00
37.00
28.00
69.00
0.00
6.00
23.00
23.00
0.00
16.00
581.00
1.00
0.00
44.00
0.00
30.00
95.00
10.00
5.00
17.00
69.00
75.00
2.00
7.00
0.00
34.00
22.00
16.00
2.00
23.00
317.00
16.00
50.00
2.00
18.00
0.00
9.00
130.00
20.00
20.00
164.00
214.00
1.00
0.00
0.00
0.00
21.00
1.00
9.00
0.00
0.00
0.00
0.00
28.00
1.00
1.00
77.00
0.00
0.00
0.00
0.00
95.00
3.00
48.00
0.00
0.00
0.00
5.00
0.00
28.00
0.00
0.00
0.00
0.00
0.00
0.00
0.00
0.00
62.00
50.00
78.00
11.00
11.00
0.00
21.00
2.00
48.00
209.00
134.00
0.00
0.00
0.00
0.00
0.00
0.00
0.00
0.00
0.00
0.00
0.00
0.00
0.00
0.00
0.00
0.00
0.00
0.00
0.00
0.00
0.00
0.00
0.00
0.00
0.00
0.00
0.00
0.00
0.00
0.00
0.00
0.00
0.00
0.00
0.00
0.00
0.00
0.00
0.00
0.00
0.00
0.00
0.00
0.00
0.00
0.00
0.00
0.00
0.00
0.00
0.00
0.00
0.00
0.00
0.00
0.00
0.00
0.00
0.00
0.00
0.00
0.00
0.00
0.00
0.00
0.00
0.00
0.00
0.00
0.00
0.00
0.00
0.00
1.00
0.00
0.00
0.00
0.00
0.00
0.00
0.00
36.00
0.00
0.00
0.00
0.00
0.00
0.00
0.00
0.00
0.00
0.00
0.00
0.00
0.00
0.00
0.00
0.00
0.00
0.00
0.00
0.00
0.00
0.00
0.00
0.00
0.00
0.00
0.00
0.00
0.00
0.00
0.00
0.00
0.00
0.00
0.00
0.00
8.00
2.00
0.00
149.00
0.00
70.00
27.00
4.00
0.00
0.00
0.00
0.00
0.00
64.00
0.00
24.00
0.00
0.00
0.00
0.00
12.00
0.00
0.00
0.00
14.00
161.00
7.00
5.00
0.00
378.00
117.00
5.00
0.00
0.00
0.00
0.00
0.00
0.00
0.00
0.00
0.00
9.00
9.00
0.00
0.00
105.00
11.00
117.00
41.00
100.00
73.00
54.00
0.00
0.00
0.00
0.00
0.00
28.00
0.00
0.00
0.00
0.00
28.00
0.00
0.00
78.00
0.00
1.00
4.00
40.00
2.00
97.00
3.00
3.00
0.00
6.00
0.00
6.00
0.00
0.00
0.00
0.00
3.00
122.00
10.00
109.00
145.00
10.00
19.00
3.00
61.00
11.00
9.00
1.00
3.00
50.00
14.00
31.00
69.00
33.00
138.00
30.00
92.00
0.00
4.00
6.00
32.00
4.00
1.00
39.00
14.00
0.00
9.00
15.00
33.00
6.00
342.00
93.00
84.00
8.00
81.00
45.00
85.00
0.00
12.00
86.00
118.00
70.00
229.00
16.00
73.00
35.00
31.00
30.00
239.00
213.00
208.00
125.00
113.00
71.00
21.00
10.00
50.00
24.00
13.00
253.00
125.00
2.00
16.00
9.00
41.00
41.00
52.00
60.00
80.00
1.00
5.00
17.00
20.00
22.00
98.00
4.00
2.00
98.00
131.00
23.00
25.00
0.00
7.00
25.00
18.00
0.00
10.00
74.00
551.00
43.00
2.00
29.00
50.00
20.00
41.00
19.00
1.00
1.00
7.00
20.00
78.00
61.00
27.00
72.00
67.00
1.00
253.00
80.00
5.00
139.00
324.00
50.00
115.00
154.00
0.00
37.00
11.00
3.00
15.00
539.00
22.00
107.00
0.00
0.00
41.00
47.00
2.00
0.00
2.00
0.00
2.00
13.00
28.00
26.00
0.00
93.00
0.00
0.00
0.00
0.00
0.00
1.00
8.00
153.00
24.00
5.00
0.00
0.00
0.00
0.00
0.00
1.00
40.00
162.00
2.00
0.00
0.00
0.00
0.00
0.00
0.00
0.00
0.00
0.00
0.00
0.00
5.00
1.00
0.00
239.00
18.00
1.00
0.00
0.00
0.00
0.00
0.00
0.00
0.00
0.00
0.00
0.00
0.00
0.00
0.00
0.00
0.00
0.00
0.00
0.00
0.00
5.00
365.00
124.00
85.00
0.00
0.00
0.00
0.00
0.00
0.00
0.00
0.00
0.00
0.00
0.00
0.00
0.00
0.00
0.00
0.00
0.00
0.00
0.00
0.00
24.00
333.00
231.00
0.00
0.00
0.00
0.00
0.00
0.00
0.00
0.00
0.00
0.00
0.00
0.00
0.00
0.00
0.00
0.00
0.00
0.00
0.00
0.00
0.00
0.00
0.00
0.00
0.00
0.00
0.00
0.00
0.00
0.00
0.00
0.00
0.00
0.00
0.00
0.00
1.00
77.00
3.00
3.00
0.00
1.00
0.00
0.00
0.00
0.00
0.00
0.00
0.00
0.00
0.00
0.00
0.00
0.00
32.00
0.00
0.00
0.00
0.00
0.00
0.00
0.00
0.00
0.00
0.00
0.00
0.00
0.00
0.00
19.00
0.00
0.00
2.00
185.00
0.00
0.00
0.00
0.00
0.00
0.00
0.00
0.00
0.00
0.00
0.00
0.00
82.00
24.00
0.00
141.00
5.00
10.00
3.00
0.00
34.00
83.00
0.00
6.00
0.00
38.00
0.00
1.00
0.00
0.00
28.00
12.00
42.00
7.00
37.00
0.00
0.00
0.00
0.00
0.00
0.00
0.00
36.00
42.00
13.00
65.00
0.00
0.00
65.00
608.00
586.00
185.00
172.00
225.00
517.00
0.00
126.00
0.00
0.00
2.00
0.00
0.00
0.00
0.00
0.00
121.00
39.00
0.00
0.00
0.00
8.00
1.00
68.00
17.00
0.00
13.00
6.00
217.00
560.00
122.00
0.00
22.00
50.00
50.00
192.00
252.00
261.00
8.00
53.00
15.00
0.00
0.00
20.00
0.00
3.00
18.00
65.00
98.00
2.00
11.00
33.00
7.00
55.00
19.00
5.00
0.00
0.00
1.00
0.00
2.00
0.00
0.00
0.00
44.00
78.00
45.00
35.00
87.00
14.00
49.00
1.00
6.00
4.00
32.00
50.00
266.00
50.00
19.00
59.00
8.00
0.00
141.00
34.00
78.00
360.00
99.00
0.00
0.00
1.00
22.00
217.00
63.00
5.00
1.00
98.00
34.00
22.00
77.00
32.00
102.00
37.00
1.00
0.00
28.00
34.00
23.00
14.00
2.00
76.00
1.00
30.00
45.00
10.00
9.00
0.00
49.00
9.00
46.00
6.00
12.00
63.00
0.00
1.00
0.00
27.00
229.00
34.00
0.00
0.00
0.00
15.00
37.00
0.00
6.00
35.00
202.00
1.00
6.00
5.00
121.00
31.00
0.00
4.00
3.00
12.00
0.00
0.00
0.00
0.00
0.00
0.00
0.00
0.00
0.00
1.00
146.00
129.00
573.00
362.00
35.00
0.00
0.00
0.00
0.00
0.00
0.00
0.00
0.00
0.00
0.00
0.00
0.00
0.00
108.00
32.00
72.00
43.00
42.00
0.00
0.00
0.00
0.00
0.00
0.00
0.00
0.00
0.00
0.00
0.00
1.00
0.00
4.00
0.00
0.00
0.00
0.00
0.00
2.00
0.00
0.00
0.00
0.00
0.00
0.00
0.00
0.00
0.00
0.00
0.00
0.00
0.00
0.00
0.00
1.00
0.00
0.00
0.00
0.00
3.00
0.00
0.00
4.00
3.00
10.00
9.00
21.00
0.00
0.00
0.00
0.00
0.00
0.00
0.00
0.00
0.00
0.00
0.00
0.00
0.00
0.00
0.00
0.00
0.00
0.00
0.00
0.00
0.00
0.00
0.00
0.00
0.00
0.00
0.00
0.00
0.00
0.00
0.00
0.00
0.00
0.00
0.00
0.00
0.00
0.00
0.00
0.00
0.00
0.00
0.00
0.00
0.00
0.00
0.00
0.00
0.00
0.00
0.00
0.00
0.00
0.00
0.00
0.00
0.00
0.00
0.00
0.00
0.00
0.00
0.00
0.00
0.00
0.00
0.00
0.00
85.30
142.20
32.20
46.80
3.00
0.00
0.00
0.00
22.20
0.00
0.00
0.00
0.00
0.00
0.00
0.00
0.00
0.00
0.00
0.00
0.00
0.40
0.00
0.00
0.00
0.00
0.00
0.00
0.00
0.00
0.00
0.00
0.00
0.00
59.80
11.00
23.20
12.60
0.00
5.20
3.90
0.40
14.90
24.30
0.00
0.00
0.00
0.00
0.00
0.00
0.00
0.00
0.00
0.00
0.00
0.00
0.40
0.00
0.00
0.00
0.00
0.00
0.00
0.00
0.00
0.00
0.50
16.30
0.20
0.00
0.00
0.00
0.00
0.00
0.00
0.00
0.00
0.50
8.90
0.00
0.50
7.50
0.00
0.00
0.00
0.00
0.00
0.00
39.00
0.00
0.00
0.00
0.00
0.00
0.00
0.30
0.20
0.10
0.20
1.20
0.00
5.20
6.60
9.20
2.40
9.60
5.20
5.40
3.60
9.80
0.30
0.00
0.00
6.20
7.30
3.00
0.00
2.90
0.30
4.50
2.00
2.30
1.90
1.90
5.00
1.90
0.00
0.00
0.00
6.30
0.50
5.50
0.80
3.00
0.50
0.50
13.30
13.30
2.30
4.50
4.50
0.00
0.40
4.50
4.50
4.50
0.50
10.90
7.10
1.90
17.80
19.80
3.70
0.00
1.40
3.10
7.80
3.40
20.60
1.90
0.90
50.60
0.90
2.10
7.90
0.20
5.00
14.80
4.00
1.00
1.80
0.00
2.00
2.40
0.50
0.90
0.30
3.10
2.70
26.20
19.90
0.00
0.00
0.60
16.80
0.00
0.80
26.50
15.60
2.50
1.10
0.40
0.80
1.10
0.10
1.60
0.00
0.20
11.40
7.20
1.60
0.80
16.30
1.60
0.40
3.30
5.80
2.10
9.90
9.00
5.00
39.50
10.80
1.80
1.60
1.10
11.40
1.50
1.50
0.00
0.00
0.00
0.00
5.40
1.00
2.60
2.10
4.00
0.10
0.00
0.00
2.40
17.30
6.20
2.30
0.00
0.00
0.00
1.30
2.10
1.20
1.30
1.40
4.80
