20160101
0.00
0.00
0.00
0.00
0.00
0.00
0.00
0.00
0.00
0.00
0.00
0.00
0.00
0.00
0.00
0.00
0.00
0.00
2.00
46.00
0.00
0.00
0.00
0.00
0.00
0.00
1.00
0.00
0.00
0.00
0.00
0.00
0.00
0.00
0.00
0.00
0.00
3.00
1.00
0.00
0.00
0.00
2.00
0.00
0.00
0.00
0.00
0.00
0.00
0.00
0.00
0.00
0.00
10.00
570.00
11.00
49.00
0.00
0.00
1.00
0.00
0.00
0.00
0.00
0.00
0.00
0.00
0.00
0.00
5.00
0.00
1.00
0.00
0.00
5.00
0.00
0.00
0.00
35.00
0.00
0.00
0.00
0.00
0.00
0.00
0.00
0.00
0.00
0.00
92.00
1071.00
17.00
132.00
58.00
0.00
116.00
0.00
0.00
1.00
0.00
0.00
0.00
0.00
0.00
0.00
0.00
0.00
0.00
0.00
0.00
0.00
0.00
0.00
0.00
0.00
0.00
0.00
0.00
0.00
1.00
0.00
14.00
646.00
1.00
7.00
2.00
4.00
107.00
12.00
6.00
0.00
0.00
0.00
1021.00
2.00
0.00
0.00
66.00
152.00
195.00
358.00
185.00
0.00
0.00
163.00
285.00
22.00
21.00
87.00
0.00
219.00
14.00
4.00
0.00
0.00
0.00
36.00
6.00
17.00
1.00
0.00
0.00
1084.00
592.00
126.00
183.00
0.00
1.00
2.00
32.00
5.00
4.00
11.00
19.00
12.00
7.00
57.00
1.00
1.00
57.00
5.00
5.00
133.00
74.00
173.00
114.00
79.00
414.00
103.00
17.00
45.00
8.00
7.00
24.00
49.00
11.00
61.00
224.00
196.00
94.00
102.00
17.00
13.00
14.00
90.00
48.00
76.00
26.00
1.00
1.00
267.00
351.00
332.00
146.00
17.00
11.00
5.00
10.00
70.00
23.00
88.00
153.00
208.00
161.00
45.00
57.00
23.00
39.00
103.00
286.00
58.00
3.00
381.00
2313.00
47.00
14.00
17.00
145.00
25.00
31.00
248.00
27.00
37.00
154.00
126.00
120.00
115.00
46.00
42.00
8.00
13.00
32.00
20.00
93.00
350.00
319.00
81.00
10.00
4.00
20.00
124.00
0.00
12.00
149.00
36.00
39.00
21.00
90.00
32.00
19.00
76.00
569.00
2.00
11.00
0.00
16.00
25.00
760.00
49.00
25.00
41.00
67.00
26.00
25.00
14.00
2.00
0.00
0.00
0.00
0.00
0.00
0.00
0.00
0.00
0.00
0.00
0.00
6.00
0.00
5.00
90.00
160.00
7.00
0.00
0.00
0.00
22.00
80.00
545.00
419.00
0.00
0.00
0.00
0.00
0.00
0.00
0.00
0.00
0.00
0.00
0.00
0.00
0.00
0.00
0.00
0.00
0.00
0.00
0.00
0.00
0.00
8.00
0.00
42.00
0.00
6.00
0.00
0.00
0.00
0.00
0.00
0.00
0.00
0.00
0.00
0.00
0.00
0.00
0.00
0.00
0.00
0.00
0.00
0.00
0.00
0.00
132.00
0.00
132.00
0.00
0.00
0.00
0.00
0.00
0.00
0.00
119.00
0.00
0.00
0.00
0.00
0.00
0.00
0.00
0.00
1.00
0.00
0.00
0.00
0.00
0.00
0.00
0.00
0.00
0.00
0.00
0.00
0.00
0.00
0.00
0.00
0.00
21.00
0.00
0.00
0.00
0.00
0.00
0.00
0.00
0.00
0.00
0.00
0.00
0.00
0.00
0.00
0.00
1.00
0.00
0.00
0.00
0.00
0.00
0.00
0.00
0.00
0.00
0.00
0.00
0.00
0.00
0.00
0.00
0.00
0.00
0.00
0.00
0.00
12.00
9.00
0.00
45.00
0.00
211.00
84.00
0.00
0.00
0.00
0.00
0.00
0.00
37.00
7.00
69.00
0.00
0.00
0.00
0.00
3.00
6.00
0.00
5.00
72.00
0.00
0.00
0.00
0.00
0.00
0.00
214.00
0.00
1.00
0.00
1.00
0.00
0.00
0.00
0.00
0.00
0.00
0.00
0.00
102.00
141.00
168.00
128.00
509.00
642.00
98.00
0.00
0.00
6.00
0.00
5.00
0.00
113.00
0.00
0.00
0.00
14.00
2.00
0.00
0.00
398.00
0.00
11.00
0.00
4.00
0.00
307.00
0.00
603.00
0.00
0.00
0.00
0.00
0.00
0.00
0.00
0.00
101.00
0.00
27.00
455.00
91.00
224.00
2695.00
822.00
0.00
0.00
1017.00
0.00
1.00
91.00
0.00
15.00
497.00
337.00
16.00
27.00
162.00
311.00
291.00
116.00
866.00
14.00
90.00
78.00
5.00
1.00
2.00
2.00
12.00
25.00
13.00
42.00
103.00
278.00
468.00
133.00
339.00
8.00
8.00
14.00
15.00
272.00
423.00
195.00
37.00
8.00
7.00
235.00
190.00
154.00
439.00
886.00
125.00
38.00
41.00
443.00
293.00
37.00
145.00
3.00
56.00
19.00
2.00
29.00
274.00
125.00
103.00
171.00
153.00
110.00
16.00
11.00
89.00
232.00
1101.00
144.00
117.00
101.00
228.00
32.00
50.00
20.00
8.00
171.00
251.00
123.00
9.00
35.00
92.00
86.00
52.00
98.00
25.00
120.00
42.00
43.00
71.00
46.00
18.00
1.00
0.00
2.00
67.00
20.00
178.00
5.00
1.00
1.00
1.00
33.00
160.00
324.00
223.00
93.00
8.00
5.00
15.00
18.00
19.00
31.00
49.00
673.00
111.00
83.00
215.00
87.00
1.00
2.00
6.00
2.00
7.00
150.00
299.00
1.00
0.00
0.00
0.00
0.00
0.00
0.00
0.00
0.00
56.00
1203.00
230.00
0.00
0.00
22.00
0.00
0.00
0.00
0.00
22.00
16.00
0.00
0.00
0.00
0.00
0.00
0.00
0.00
0.00
0.00
0.00
0.00
0.00
40.00
0.00
28.00
376.00
60.00
51.00
0.00
5.00
2.00
0.00
0.00
0.00
0.00
0.00
0.00
0.00
0.00
0.00
0.00
0.00
0.00
0.00
0.00
0.00
2.00
5.00
193.00
133.00
2.00
0.00
0.00
0.00
0.00
0.00
0.00
0.00
0.00
27.00
0.00
0.00
0.00
0.00
0.00
0.00
0.00
0.00
0.00
0.00
0.00
14.00
182.00
1.00
0.00
0.00
0.00
0.00
0.00
0.00
0.00
0.00
0.00
0.00
0.00
0.00
0.00
0.00
0.00
0.00
0.00
0.00
0.00
0.00
0.00
0.00
0.00
0.00
0.00
0.00
0.00
0.00
0.00
0.00
1.00
0.00
2.00
0.00
0.00
727.00
374.00
705.00
544.00
92.00
0.00
291.00
191.00
0.00
0.00
0.00
0.00
0.00
10.00
0.00
0.00
0.00
0.00
16.00
161.00
0.00
0.00
0.00
0.00
0.00
0.00
52.00
0.00
0.00
0.00
0.00
0.00
0.00
0.00
0.00
0.00
0.00
251.00
20.00
0.00
0.00
0.00
0.00
0.00
0.00
24.00
87.00
0.00
2.00
0.00
0.00
19.00
726.00
0.00
82.00
0.00
0.00
272.00
1.00
522.00
3.00
10.00
0.00
97.00
290.00
0.00
58.00
0.00
10.00
183.00
0.00
38.00
0.00
12.00
190.00
15.00
0.00
59.00
2.00
0.00
0.00
326.00
137.00
13.00
204.00
0.00
58.00
530.00
1.00
1.00
11.00
0.00
56.00
244.00
33.00
32.00
1.00
0.00
87.00
0.00
267.00
0.00
32.00
129.00
0.00
452.00
8.00
46.00
0.00
0.00
0.00
0.00
56.00
321.00
182.00
7.00
1.00
18.00
5.00
0.00
0.00
1.00
1044.00
251.00
143.00
178.00
7.00
13.00
23.00
169.00
2.00
0.00
430.00
16.00
13.00
3.00
49.00
156.00
23.00
1.00
6.00
7.00
4.00
32.00
30.00
106.00
201.00
132.00
1.00
1.00
4.00
0.00
9.00
17.00
28.00
7.00
96.00
81.00
15.00
11.00
17.00
7.00
479.00
5.00
47.00
32.00
414.00
96.00
406.00
116.00
6.00
157.00
33.00
31.00
71.00
74.00
13.00
64.00
9.00
49.00
69.00
4.00
0.00
2.00
5.00
5.00
7.00
20.00
79.00
26.00
7.00
198.00
57.00
215.00
74.00
111.00
8.00
7.00
67.00
40.00
15.00
14.00
17.00
13.00
18.00
24.00
9.00
132.00
32.00
117.00
1.00
53.00
1.00
0.00
22.00
19.00
49.00
25.00
173.00
117.00
29.00
4.00
1.00
9.00
43.00
41.00
59.00
10.00
2.00
0.00
40.00
0.00
5.00
0.00
0.00
0.00
0.00
0.00
0.00
0.00
0.00
0.00
0.00
0.00
26.00
355.00
72.00
485.00
81.00
0.00
0.00
0.00
0.00
0.00
0.00
0.00
0.00
0.00
0.00
0.00
0.00
0.00
3.00
26.00
32.00
18.00
0.00
0.00
0.00
0.00
0.00
0.00
0.00
0.00
0.00
0.00
0.00
0.00
0.00
0.00
0.00
0.00
0.00
0.00
0.00
0.00
2.00
0.00
0.00
0.00
0.00
0.00
0.00
0.00
0.00
0.00
0.00
0.00
1.00
0.00
0.00
1.00
2.00
0.00
0.00
0.00
0.00
0.00
0.00
0.00
0.00
0.00
51.00
92.00
12.00
0.00
0.00
0.00
0.00
0.00
0.00
0.00
0.00
0.00
0.00
0.00
0.00
0.00
0.00
0.00
0.00
0.00
0.00
0.00
0.00
0.00
0.00
0.00
0.00
0.00
0.00
0.00
0.00
0.00
0.00
0.00
0.00
0.00
0.00
0.00
0.00
0.00
0.00
7.00
7.00
3.00
0.00
0.00
0.00
0.00
0.00
0.00
0.00
0.00
0.00
0.00
0.00
0.00
0.00
0.00
0.00
0.00
0.00
0.00
4.00
1.00
0.00
0.00
0.00
0.00
0.00
0.00
3.50
42.40
50.80
36.10
17.00
0.00
0.00
0.00
1.20
33.10
0.00
0.00
0.00
0.00
0.00
0.00
0.00
0.00
0.30
4.80
0.10
65.80
3.70
0.00
0.00
0.00
8.00
0.00
0.00
0.00
0.80
0.70
0.00
0.00
0.00
29.00
0.00
60.80
12.70
0.00
3.70
51.50
0.00
0.10
37.20
5.60
4.20
1.00
11.90
0.00
0.00
3.10
0.00
0.00
0.00
0.00
2.70
0.00
0.00
0.00
0.00
0.00
1.50
0.00
0.00
0.00
0.00
0.00
100.10
1.80
0.00
0.00
0.00
0.00
0.00
0.00
0.00
0.00
2.70
3.10
1.60
0.00
0.00
0.00
4.90
4.90
0.00
45.30
45.30
18.70
6.90
0.00
0.00
0.00
0.00
3.80
0.20
0.00
14.40
1.00
4.10
128.80
3.00
2.90
5.30
5.20
0.00
0.00
0.00
0.90
1.00
107.20
0.00
0.10
1.10
1.70
0.10
1.90
0.00
0.00
0.30
2.90
1.50
3.80
0.40
0.20
13.20
0.20
3.50
0.10
1.30
0.60
4.30
18.80
8.90
5.10
5.10
34.10
34.10
29.80
0.00
0.00
0.10
0.00
0.00
0.00
0.00
1.10
2.00
0.10
7.30
24.80
11.50
2.80
0.90
2.40
19.70
0.80
1.40
0.80
2.20
5.30
30.30
7.70
9.00
23.20
6.70
2.50
42.80
32.60
56.20
54.60
38.90
18.00
4.80
0.20
1.30
5.00
1.30
12.80
23.80
9.90
5.80
3.20
0.00
2.30
1.30
0.20
9.70
23.90
26.80
1.10
3.20
0.70
0.30
2.70
27.10
8.30
23.20
2.00
19.70
3.40
0.00
0.10
0.20
0.10
0.00
0.00
0.90
8.20
36.30
1.20
17.50
32.90
5.70
3.10
19.70
32.10
9.10
9.10
28.90
0.40
2.10
0.30
58.80
0.70
1.40
26.20
24.30
0.00
0.40
0.10
0.10
0.10
4.40
0.00
0.10
0.20
0.20
0.30
4.90
0.70
0.10
0.00
5.50
