20160101
0.00
0.00
0.00
0.00
0.00
0.00
0.00
0.00
0.00
0.00
0.00
0.00
0.00
0.00
0.00
0.00
0.00
0.00
0.00
10.00
1.00
0.00
0.00
0.00
0.00
0.00
0.00
0.00
0.00
0.00
0.00
0.00
0.00
0.00
0.00
0.00
0.00
0.00
0.00
0.00
0.00
0.00
79.00
0.00
0.00
0.00
0.00
0.00
0.00
0.00
0.00
0.00
1.00
190.00
93.00
6.00
14.00
0.00
0.00
0.00
0.00
0.00
0.00
0.00
0.00
4.00
0.00
0.00
0.00
3.00
0.00
12.00
0.00
0.00
0.00
0.00
0.00
0.00
2.00
0.00
35.00
0.00
0.00
0.00
0.00
0.00
0.00
317.00
6.00
7.00
289.00
179.00
22.00
76.00
366.00
1.00
0.00
0.00
0.00
0.00
0.00
0.00
0.00
0.00
0.00
0.00
63.00
21.00
0.00
0.00
0.00
0.00
0.00
0.00
0.00
52.00
1.00
0.00
0.00
0.00
0.00
98.00
149.00
41.00
33.00
0.00
3.00
21.00
0.00
0.00
2.00
0.00
35.00
219.00
1.00
1.00
2.00
149.00
277.00
192.00
1143.00
573.00
7.00
0.00
475.00
112.00
0.00
8.00
178.00
35.00
2.00
52.00
0.00
0.00
22.00
103.00
0.00
88.00
111.00
103.00
206.00
251.00
622.00
126.00
122.00
0.00
0.00
49.00
53.00
2.00
0.00
15.00
24.00
1.00
30.00
44.00
123.00
47.00
10.00
331.00
208.00
3.00
7.00
11.00
139.00
509.00
95.00
17.00
310.00
73.00
24.00
30.00
0.00
45.00
18.00
35.00
116.00
51.00
20.00
134.00
9.00
15.00
9.00
4.00
50.00
132.00
324.00
6.00
4.00
37.00
219.00
227.00
372.00
116.00
25.00
111.00
72.00
23.00
1.00
17.00
104.00
72.00
444.00
40.00
1.00
145.00
339.00
79.00
212.00
13.00
0.00
0.00
486.00
308.00
0.00
0.00
0.00
384.00
17.00
177.00
289.00
4.00
68.00
188.00
120.00
60.00
8.00
4.00
2.00
1.00
1.00
17.00
6.00
26.00
210.00
226.00
256.00
95.00
51.00
257.00
119.00
82.00
18.00
39.00
44.00
141.00
27.00
2.00
0.00
67.00
390.00
211.00
2.00
351.00
533.00
149.00
74.00
133.00
83.00
42.00
337.00
48.00
3.00
82.00
1077.00
128.00
0.00
0.00
0.00
0.00
0.00
0.00
0.00
0.00
0.00
0.00
0.00
0.00
0.00
0.00
47.00
101.00
46.00
1.00
0.00
0.00
7.00
54.00
202.00
862.00
446.00
0.00
0.00
0.00
0.00
0.00
0.00
0.00
0.00
0.00
0.00
0.00
0.00
0.00
0.00
0.00
0.00
0.00
0.00
0.00
0.00
0.00
0.00
0.00
0.00
54.00
0.00
0.00
0.00
0.00
0.00
0.00
0.00
0.00
0.00
0.00
0.00
0.00
0.00
0.00
0.00
0.00
0.00
0.00
0.00
0.00
0.00
0.00
0.00
0.00
0.00
0.00
0.00
0.00
0.00
0.00
0.00
0.00
0.00
0.00
0.00
0.00
0.00
0.00
0.00
0.00
0.00
0.00
0.00
0.00
0.00
0.00
0.00
0.00
0.00
0.00
0.00
0.00
0.00
0.00
0.00
0.00
2.00
0.00
0.00
0.00
0.00
0.00
0.00
0.00
0.00
0.00
0.00
0.00
0.00
0.00
0.00
0.00
0.00
0.00
0.00
0.00
0.00
0.00
0.00
0.00
0.00
0.00
0.00
0.00
0.00
0.00
0.00
0.00
0.00
0.00
0.00
0.00
0.00
29.00
68.00
11.00
196.00
5.00
57.00
41.00
0.00
0.00
0.00
0.00
0.00
0.00
240.00
5.00
44.00
0.00
0.00
0.00
0.00
22.00
0.00
0.00
0.00
47.00
62.00
0.00
0.00
0.00
552.00
90.00
177.00
0.00
0.00
0.00
0.00
0.00
0.00
0.00
0.00
0.00
40.00
10.00
0.00
9.00
603.00
313.00
89.00
224.00
79.00
314.00
210.00
0.00
0.00
0.00
4.00
0.00
0.00
0.00
0.00
0.00
1.00
2.00
0.00
0.00
122.00
0.00
0.00
0.00
170.00
44.00
361.00
27.00
123.00
0.00
13.00
0.00
2.00
0.00
0.00
0.00
0.00
0.00
28.00
213.00
446.00
601.00
17.00
821.00
62.00
5.00
413.00
4.00
0.00
753.00
870.00
77.00
316.00
446.00
557.00
819.00
0.00
100.00
230.00
158.00
93.00
810.00
0.00
168.00
90.00
29.00
85.00
27.00
30.00
19.00
40.00
10.00
117.00
82.00
174.00
395.00
190.00
38.00
2.00
0.00
0.00
15.00
103.00
39.00
230.00
234.00
236.00
114.00
60.00
127.00
220.00
369.00
1763.00
206.00
17.00
334.00
817.00
67.00
116.00
76.00
124.00
295.00
24.00
0.00
5.00
3.00
101.00
201.00
123.00
68.00
4.00
22.00
43.00
169.00
522.00
177.00
173.00
1.00
74.00
6.00
54.00
56.00
184.00
304.00
454.00
265.00
190.00
388.00
90.00
275.00
119.00
132.00
50.00
502.00
87.00
160.00
56.00
85.00
45.00
6.00
11.00
33.00
82.00
5.00
103.00
191.00
146.00
1.00
30.00
42.00
137.00
339.00
360.00
83.00
21.00
1.00
0.00
124.00
482.00
302.00
229.00
236.00
7.00
216.00
65.00
12.00
26.00
139.00
302.00
22.00
167.00
0.00
0.00
32.00
0.00
0.00
3.00
0.00
0.00
0.00
0.00
120.00
133.00
229.00
543.00
1577.00
0.00
0.00
0.00
0.00
0.00
0.00
3.00
660.00
91.00
0.00
0.00
0.00
0.00
0.00
0.00
0.00
0.00
0.00
0.00
0.00
0.00
21.00
0.00
1.00
174.00
20.00
5.00
0.00
0.00
0.00
0.00
0.00
0.00
0.00
0.00
0.00
0.00
0.00
0.00
0.00
0.00
0.00
0.00
0.00
0.00
1.00
71.00
1241.00
928.00
977.00
0.00
0.00
0.00
0.00
0.00
0.00
0.00
0.00
5.00
0.00
0.00
0.00
0.00
0.00
0.00
0.00
0.00
0.00
0.00
0.00
321.00
246.00
0.00
0.00
0.00
0.00
0.00
0.00
0.00
0.00
0.00
0.00
0.00
0.00
0.00
0.00
0.00
0.00
0.00
0.00
0.00
0.00
0.00
0.00
0.00
0.00
0.00
0.00
0.00
0.00
0.00
0.00
0.00
0.00
0.00
0.00
0.00
0.00
61.00
43.00
459.00
25.00
57.00
0.00
0.00
0.00
0.00
0.00
0.00
0.00
0.00
0.00
0.00
0.00
0.00
0.00
0.00
313.00
0.00
0.00
0.00
0.00
0.00
0.00
16.00
0.00
0.00
0.00
0.00
0.00
0.00
0.00
0.00
0.00
0.00
36.00
93.00
0.00
0.00
0.00
0.00
0.00
0.00
0.00
0.00
0.00
0.00
0.00
0.00
124.00
103.00
7.00
28.00
0.00
0.00
3.00
60.00
36.00
404.00
23.00
7.00
51.00
1.00
0.00
31.00
0.00
0.00
174.00
55.00
73.00
46.00
60.00
27.00
0.00
0.00
0.00
1.00
0.00
0.00
343.00
336.00
17.00
14.00
12.00
107.00
583.00
151.00
533.00
244.00
339.00
244.00
420.00
0.00
178.00
0.00
7.00
89.00
12.00
200.00
153.00
322.00
34.00
14.00
72.00
11.00
0.00
0.00
0.00
34.00
38.00
267.00
78.00
6.00
10.00
0.00
251.00
9.00
0.00
0.00
74.00
550.00
587.00
357.00
1416.00
84.00
62.00
85.00
62.00
13.00
11.00
125.00
6.00
0.00
6.00
71.00
220.00
2.00
25.00
11.00
2.00
0.00
0.00
6.00
238.00
403.00
34.00
3.00
40.00
45.00
7.00
16.00
7.00
94.00
30.00
69.00
150.00
33.00
0.00
4.00
7.00
5.00
52.00
80.00
29.00
350.00
108.00
6.00
49.00
113.00
35.00
3.00
26.00
40.00
47.00
70.00
8.00
402.00
383.00
266.00
2.00
117.00
31.00
84.00
96.00
206.00
172.00
329.00
47.00
43.00
143.00
56.00
24.00
4.00
54.00
1.00
14.00
22.00
58.00
62.00
2.00
4.00
1.00
22.00
3.00
6.00
0.00
13.00
167.00
29.00
0.00
0.00
10.00
148.00
2.00
60.00
95.00
1.00
1.00
136.00
0.00
2.00
112.00
192.00
88.00
1.00
0.00
11.00
26.00
25.00
22.00
7.00
0.00
0.00
0.00
0.00
0.00
0.00
0.00
0.00
0.00
0.00
0.00
134.00
225.00
522.00
516.00
182.00
1.00
0.00
0.00
0.00
0.00
0.00
0.00
0.00
0.00
0.00
0.00
0.00
0.00
1.00
33.00
285.00
129.00
10.00
0.00
0.00
0.00
0.00
0.00
0.00
0.00
0.00
0.00
0.00
0.00
0.00
0.00
0.00
0.00
0.00
0.00
0.00
0.00
0.00
0.00
0.00
0.00
0.00
0.00
0.00
0.00
0.00
0.00
0.00
0.00
0.00
0.00
0.00
0.00
0.00
0.00
0.00
0.00
0.00
0.00
0.00
0.00
0.00
0.00
55.00
47.00
0.00
0.00
0.00
0.00
0.00
0.00
0.00
0.00
0.00
0.00
0.00
0.00
0.00
0.00
0.00
0.00
0.00
0.00
0.00
0.00
0.00
0.00
0.00
0.00
0.00
0.00
0.00
0.00
0.00
0.00
0.00
0.00
0.00
0.00
0.00
0.00
0.00
0.00
0.00
0.00
0.00
0.00
0.00
0.00
0.00
0.00
0.00
0.00
0.00
0.00
0.00
0.00
0.00
0.00
0.00
0.00
0.00
0.00
0.00
0.00
2.00
2.00
0.00
0.00
0.00
0.00
0.00
0.00
0.00
92.80
76.60
41.70
30.20
0.00
0.00
0.00
2.30
25.20
0.00
0.00
0.00
0.00
0.00
0.00
0.00
0.00
0.00
0.10
3.40
9.90
0.40
0.50
0.00
0.00
0.30
0.00
0.00
0.00
0.00
0.20
0.00
0.00
0.00
36.70
40.10
82.10
17.10
0.00
0.00
7.60
0.00
39.10
23.20
1.30
5.70
0.00
5.60
0.00
0.00
0.00
0.00
0.00
0.00
0.00
0.00
0.10
0.00
0.00
0.00
0.00
0.00
0.00
0.00
0.00
0.00
0.20
6.80
86.80
0.00
0.00
0.00
0.00
0.00
0.00
0.00
0.00
13.80
0.00
0.50
1.80
25.20
5.90
1.40
1.40
0.00
12.40
12.40
102.40
33.60
0.50
0.00
0.00
0.00
0.00
0.00
19.90
10.10
0.40
11.00
0.40
0.00
0.80
2.40
29.90
0.10
0.00
33.60
31.70
22.20
27.00
0.00
0.00
52.30
29.30
22.40
5.10
0.10
0.10
5.10
2.30
6.50
9.10
3.50
1.20
4.00
0.90
0.30
0.00
0.30
0.00
12.80
49.40
84.90
74.30
74.30
109.90
109.90
18.10
0.30
0.30
16.60
37.20
0.30
0.30
0.30
0.50
0.60
4.20
1.40
39.80
4.40
5.50
0.80
0.00
18.00
3.60
13.20
14.80
11.20
48.50
31.80
11.40
0.20
25.40
2.70
0.90
22.40
25.40
9.50
16.00
46.90
1.70
0.90
0.00
1.20
11.50
2.30
38.70
23.90
18.20
4.10
0.90
1.00
0.90
0.10
31.20
15.30
39.30
15.80
2.80
17.90
7.00
2.50
0.80
13.00
26.90
6.60
4.00
28.90
3.00
1.00
3.30
0.30
5.10
1.50
0.70
0.90
11.40
23.80
13.90
8.80
10.40
0.00
2.30
0.40
18.10
15.40
15.40
36.10
0.00
0.10
3.80
12.10
0.90
12.10
10.80
20.30
0.20
0.00
0.00
0.00
0.10
4.00
0.00
0.00
0.00
0.00
0.30
4.30
3.30
0.10
0.00
1.40
