20160101
0.00
0.00
0.00
0.00
0.00
0.00
0.00
0.00
0.00
0.00
0.00
0.00
1.00
0.00
0.00
0.00
0.00
1.00
0.00
5.00
17.00
0.00
0.00
0.00
0.00
0.00
0.00
0.00
0.00
0.00
0.00
0.00
0.00
0.00
0.00
0.00
0.00
0.00
0.00
0.00
0.00
0.00
21.00
0.00
0.00
0.00
0.00
0.00
0.00
0.00
0.00
0.00
1.00
36.00
104.00
18.00
17.00
0.00
1.00
0.00
4.00
0.00
0.00
0.00
0.00
10.00
0.00
0.00
0.00
3.00
1.00
0.00
0.00
0.00
0.00
0.00
9.00
0.00
3.00
0.00
23.00
0.00
0.00
0.00
0.00
0.00
0.00
428.00
0.00
0.00
146.00
180.00
0.00
103.00
178.00
27.00
0.00
0.00
0.00
0.00
0.00
0.00
0.00
0.00
0.00
0.00
62.00
23.00
0.00
4.00
0.00
0.00
0.00
0.00
0.00
265.00
1.00
0.00
0.00
0.00
0.00
267.00
86.00
33.00
143.00
0.00
7.00
4.00
0.00
0.00
4.00
0.00
50.00
79.00
2.00
0.00
1.00
84.00
248.00
214.00
870.00
931.00
2.00
0.00
199.00
9.00
0.00
0.00
15.00
35.00
0.00
50.00
1.00
0.00
1023.00
364.00
0.00
31.00
65.00
72.00
24.00
549.00
542.00
96.00
131.00
0.00
20.00
33.00
45.00
6.00
0.00
5.00
5.00
8.00
11.00
81.00
115.00
67.00
4.00
157.00
374.00
17.00
11.00
51.00
33.00
105.00
162.00
25.00
194.00
108.00
46.00
42.00
0.00
25.00
9.00
5.00
65.00
35.00
30.00
20.00
1.00
13.00
11.00
16.00
41.00
88.00
335.00
11.00
0.00
66.00
274.00
77.00
348.00
701.00
25.00
76.00
88.00
27.00
6.00
5.00
101.00
49.00
228.00
187.00
3.00
184.00
170.00
13.00
44.00
0.00
0.00
15.00
421.00
132.00
0.00
3.00
0.00
730.00
18.00
112.00
131.00
45.00
51.00
29.00
135.00
23.00
17.00
0.00
0.00
0.00
2.00
117.00
6.00
0.00
108.00
363.00
245.00
128.00
320.00
699.00
134.00
110.00
27.00
56.00
185.00
204.00
500.00
46.00
3.00
62.00
378.00
565.00
63.00
257.00
265.00
266.00
118.00
312.00
45.00
136.00
532.00
117.00
0.00
1.00
430.00
170.00
39.00
0.00
0.00
0.00
0.00
0.00
0.00
0.00
0.00
0.00
0.00
7.00
0.00
0.00
7.00
10.00
8.00
0.00
0.00
0.00
18.00
11.00
201.00
845.00
418.00
0.00
0.00
0.00
0.00
0.00
0.00
0.00
0.00
0.00
0.00
0.00
0.00
0.00
0.00
0.00
0.00
0.00
0.00
0.00
0.00
0.00
0.00
0.00
0.00
3.00
0.00
0.00
0.00
0.00
0.00
0.00
0.00
0.00
0.00
0.00
0.00
0.00
0.00
0.00
0.00
0.00
0.00
0.00
0.00
0.00
0.00
0.00
0.00
0.00
0.00
0.00
0.00
0.00
0.00
0.00
0.00
0.00
0.00
0.00
0.00
0.00
0.00
0.00
0.00
0.00
0.00
0.00
0.00
0.00
0.00
0.00
0.00
0.00
0.00
0.00
0.00
0.00
1.00
0.00
0.00
0.00
0.00
0.00
0.00
0.00
0.00
0.00
0.00
0.00
0.00
0.00
0.00
0.00
0.00
0.00
0.00
0.00
0.00
0.00
0.00
0.00
0.00
0.00
0.00
0.00
0.00
0.00
0.00
0.00
0.00
0.00
0.00
0.00
0.00
0.00
0.00
0.00
0.00
140.00
73.00
1.00
151.00
1.00
74.00
32.00
0.00
0.00
0.00
0.00
0.00
0.00
277.00
0.00
65.00
0.00
0.00
0.00
0.00
67.00
0.00
0.00
0.00
232.00
89.00
0.00
0.00
0.00
296.00
201.00
166.00
0.00
0.00
0.00
0.00
0.00
0.00
0.00
0.00
0.00
17.00
2.00
0.00
2.00
599.00
216.00
147.00
311.00
159.00
395.00
378.00
0.00
0.00
0.00
0.00
0.00
0.00
0.00
0.00
0.00
0.00
18.00
0.00
0.00
206.00
0.00
2.00
0.00
8.00
52.00
279.00
11.00
223.00
0.00
132.00
0.00
52.00
0.00
0.00
0.00
0.00
0.00
258.00
314.00
219.00
608.00
181.00
1655.00
92.00
58.00
456.00
2.00
0.00
567.00
659.00
1054.00
236.00
220.00
745.00
978.00
0.00
165.00
251.00
16.00
232.00
409.00
2.00
38.00
65.00
230.00
58.00
50.00
58.00
25.00
102.00
100.00
176.00
54.00
27.00
194.00
160.00
30.00
2.00
2.00
0.00
8.00
123.00
27.00
144.00
429.00
450.00
112.00
54.00
66.00
174.00
191.00
260.00
9.00
67.00
465.00
929.00
35.00
20.00
63.00
187.00
139.00
8.00
13.00
0.00
0.00
141.00
149.00
138.00
17.00
54.00
3.00
0.00
182.00
603.00
230.00
35.00
7.00
114.00
27.00
24.00
49.00
96.00
541.00
566.00
78.00
421.00
363.00
130.00
193.00
69.00
51.00
96.00
35.00
153.00
20.00
17.00
63.00
48.00
5.00
90.00
184.00
125.00
0.00
72.00
117.00
0.00
62.00
67.00
14.00
142.00
80.00
418.00
16.00
4.00
6.00
7.00
61.00
441.00
460.00
178.00
264.00
65.00
71.00
129.00
0.00
239.00
6.00
148.00
48.00
647.00
0.00
9.00
14.00
0.00
91.00
309.00
0.00
0.00
0.00
0.00
835.00
295.00
227.00
363.00
836.00
0.00
0.00
0.00
0.00
0.00
0.00
19.00
181.00
71.00
0.00
0.00
0.00
0.00
0.00
0.00
0.00
0.00
0.00
0.00
0.00
0.00
6.00
0.00
13.00
239.00
61.00
6.00
0.00
0.00
0.00
0.00
0.00
0.00
0.00
0.00
0.00
0.00
0.00
0.00
0.00
0.00
0.00
0.00
0.00
0.00
0.00
4.00
1190.00
614.00
178.00
0.00
0.00
0.00
0.00
0.00
0.00
0.00
0.00
0.00
0.00
0.00
0.00
0.00
0.00
0.00
0.00
0.00
0.00
0.00
0.00
135.00
247.00
20.00
0.00
0.00
0.00
0.00
0.00
0.00
0.00
0.00
0.00
0.00
0.00
0.00
0.00
0.00
0.00
0.00
0.00
0.00
0.00
0.00
0.00
0.00
0.00
0.00
0.00
0.00
0.00
0.00
0.00
0.00
0.00
0.00
0.00
0.00
0.00
32.00
55.00
384.00
0.00
132.00
0.00
0.00
0.00
0.00
0.00
0.00
0.00
0.00
0.00
0.00
0.00
0.00
0.00
0.00
406.00
0.00
0.00
0.00
0.00
0.00
0.00
0.00
0.00
0.00
0.00
0.00
0.00
0.00
0.00
253.00
0.00
0.00
1.00
46.00
0.00
0.00
0.00
0.00
0.00
0.00
0.00
0.00
0.00
16.00
5.00
0.00
0.00
83.00
0.00
6.00
201.00
0.00
1.00
84.00
1.00
79.00
4.00
14.00
7.00
0.00
0.00
3.00
0.00
0.00
184.00
27.00
27.00
76.00
136.00
10.00
0.00
0.00
2.00
63.00
28.00
0.00
372.00
474.00
4.00
31.00
8.00
38.00
409.00
196.00
729.00
303.00
122.00
300.00
489.00
0.00
98.00
0.00
0.00
63.00
0.00
4.00
94.00
148.00
16.00
21.00
0.00
400.00
0.00
0.00
0.00
0.00
15.00
101.00
139.00
1.00
45.00
64.00
630.00
131.00
0.00
4.00
196.00
543.00
631.00
1393.00
677.00
130.00
233.00
506.00
61.00
206.00
11.00
13.00
24.00
118.00
2.00
30.00
60.00
5.00
27.00
23.00
32.00
6.00
2.00
0.00
290.00
101.00
35.00
33.00
49.00
19.00
0.00
3.00
5.00
428.00
40.00
18.00
144.00
90.00
4.00
3.00
4.00
65.00
261.00
54.00
3.00
122.00
48.00
14.00
30.00
58.00
5.00
10.00
36.00
95.00
130.00
47.00
5.00
304.00
615.00
449.00
85.00
235.00
91.00
79.00
257.00
471.00
100.00
132.00
160.00
20.00
37.00
7.00
12.00
8.00
68.00
0.00
49.00
8.00
48.00
46.00
9.00
14.00
4.00
21.00
3.00
12.00
0.00
36.00
114.00
11.00
0.00
0.00
10.00
154.00
7.00
13.00
2.00
0.00
0.00
394.00
0.00
205.00
188.00
63.00
87.00
6.00
0.00
58.00
17.00
26.00
2.00
110.00
0.00
0.00
0.00
83.00
0.00
0.00
0.00
0.00
0.00
0.00
8.00
236.00
307.00
452.00
692.00
105.00
1.00
0.00
0.00
0.00
0.00
0.00
0.00
0.00
0.00
0.00
0.00
0.00
0.00
172.00
98.00
336.00
180.00
45.00
0.00
0.00
0.00
0.00
0.00
2.00
0.00
0.00
0.00
0.00
0.00
0.00
0.00
1.00
0.00
0.00
0.00
0.00
0.00
0.00
0.00
0.00
0.00
0.00
0.00
0.00
0.00
0.00
0.00
0.00
0.00
0.00
0.00
0.00
0.00
0.00
0.00
0.00
0.00
0.00
0.00
0.00
0.00
0.00
0.00
53.00
76.00
6.00
0.00
0.00
0.00
0.00
0.00
0.00
0.00
0.00
0.00
0.00
0.00
0.00
0.00
0.00
0.00
0.00
0.00
0.00
0.00
0.00
0.00
0.00
0.00
0.00
0.00
0.00
0.00
0.00
0.00
0.00
0.00
0.00
0.00
0.00
0.00
0.00
0.00
0.00
0.00
0.00
0.00
0.00
0.00
0.00
0.00
0.00
0.00
0.00
0.00
0.00
0.00
0.00
0.00
0.00
0.00
0.00
0.00
0.00
0.00
2.00
0.00
0.00
0.00
0.00
0.00
0.00
0.00
0.00
103.00
103.10
24.60
29.10
0.00
0.00
0.00
1.30
17.80
0.00
0.00
0.00
0.00
0.00
0.00
0.00
0.00
0.00
0.00
0.60
0.30
1.90
0.00
0.00
0.00
2.90
0.00
0.00
0.00
0.00
0.10
0.00
0.00
0.00
52.00
33.30
85.00
21.40
0.00
1.60
12.00
0.00
49.30
41.60
0.10
3.80
0.00
1.00
0.00
0.00
0.00
0.00
0.00
0.00
0.00
0.00
0.60
0.00
0.00
0.00
0.00
0.00
0.00
0.00
0.00
0.00
0.50
19.80
35.10
0.00
0.00
0.00
0.00
0.00
0.00
0.00
0.00
2.10
0.00
13.60
21.40
3.40
0.00
1.60
1.60
0.00
11.80
11.80
72.70
28.30
12.60
1.60
0.00
0.00
0.50
0.00
24.70
11.30
1.20
1.60
0.30
19.70
2.80
0.40
53.20
0.10
0.00
49.60
103.00
36.40
6.50
0.30
0.00
14.80
55.70
41.90
12.00
2.30
0.00
2.80
0.40
3.10
20.80
0.70
2.10
1.40
0.00
1.30
0.10
0.20
2.20
29.80
119.50
79.30
29.40
29.40
100.90
100.90
45.00
2.50
2.50
0.00
18.10
2.50
2.50
2.50
4.90
5.20
6.20
1.20
40.10
3.40
2.60
0.40
2.80
17.20
3.70
3.10
4.80
8.10
9.90
25.50
21.10
0.70
11.60
5.00
2.30
3.10
14.60
3.30
20.50
17.10
5.10
0.70
0.00
0.10
4.40
2.80
55.90
23.70
22.60
5.90
2.70
2.90
5.10
0.80
38.90
16.40
5.10
6.80
8.10
9.80
14.10
5.50
0.50
0.40
6.20
0.90
5.30
20.00
1.10
0.00
1.70
1.20
0.90
1.00
28.40
0.00
3.90
8.50
40.60
12.60
16.50
1.20
25.50
0.10
15.20
2.20
2.20
22.60
0.00
0.00
2.40
17.40
0.90
0.30
16.90
8.30
0.70
0.00
0.00
8.70
6.90
6.70
0.00
0.00
0.00
0.00
0.30
7.40
4.80
0.10
0.00
2.30
