20160101
0.00
0.00
0.00
0.00
0.00
0.00
0.00
0.00
0.00
0.00
0.00
0.00
2.00
0.00
0.00
0.00
0.00
0.00
1.00
30.00
1.00
0.00
0.00
0.00
0.00
0.00
0.00
0.00
0.00
0.00
0.00
0.00
0.00
0.00
0.00
0.00
0.00
0.00
0.00
0.00
0.00
0.00
6.00
0.00
0.00
0.00
0.00
0.00
0.00
0.00
0.00
1.00
0.00
48.00
202.00
6.00
23.00
0.00
0.00
0.00
0.00
0.00
0.00
0.00
0.00
34.00
0.00
0.00
0.00
9.00
0.00
0.00
0.00
0.00
0.00
1.00
1.00
31.00
7.00
2.00
3.00
0.00
0.00
0.00
0.00
0.00
0.00
205.00
0.00
57.00
453.00
110.00
27.00
105.00
61.00
0.00
0.00
0.00
0.00
0.00
0.00
0.00
0.00
0.00
0.00
0.00
16.00
0.00
0.00
0.00
0.00
0.00
0.00
0.00
1.00
0.00
5.00
0.00
0.00
0.00
0.00
12.00
91.00
1.00
1.00
0.00
13.00
137.00
0.00
0.00
0.00
0.00
13.00
621.00
0.00
0.00
0.00
82.00
379.00
264.00
1100.00
651.00
0.00
0.00
239.00
121.00
0.00
0.00
143.00
36.00
28.00
37.00
0.00
0.00
0.00
0.00
0.00
19.00
198.00
97.00
88.00
146.00
1090.00
270.00
224.00
0.00
1.00
8.00
31.00
2.00
8.00
5.00
77.00
7.00
37.00
11.00
163.00
10.00
20.00
319.00
66.00
1.00
123.00
71.00
373.00
242.00
58.00
100.00
176.00
26.00
15.00
23.00
1.00
67.00
160.00
11.00
415.00
241.00
41.00
297.00
83.00
14.00
0.00
10.00
24.00
76.00
184.00
1.00
10.00
113.00
175.00
297.00
461.00
80.00
8.00
80.00
28.00
11.00
45.00
25.00
35.00
106.00
356.00
73.00
0.00
213.00
258.00
104.00
385.00
53.00
3.00
0.00
368.00
774.00
0.00
1.00
20.00
483.00
177.00
153.00
303.00
28.00
151.00
586.00
161.00
138.00
122.00
25.00
7.00
4.00
0.00
9.00
17.00
28.00
139.00
263.00
202.00
20.00
0.00
78.00
32.00
1.00
4.00
161.00
10.00
153.00
6.00
7.00
1.00
11.00
1341.00
287.00
0.00
150.00
558.00
219.00
70.00
101.00
15.00
44.00
214.00
130.00
271.00
268.00
1158.00
69.00
0.00
0.00
0.00
0.00
0.00
0.00
0.00
0.00
0.00
0.00
0.00
0.00
0.00
2.00
83.00
47.00
53.00
0.00
0.00
0.00
0.00
10.00
267.00
637.00
142.00
0.00
0.00
0.00
0.00
0.00
0.00
0.00
0.00
0.00
0.00
0.00
0.00
0.00
0.00
0.00
0.00
0.00
0.00
0.00
0.00
0.00
0.00
0.00
0.00
37.00
0.00
0.00
0.00
0.00
0.00
0.00
21.00
0.00
0.00
0.00
0.00
0.00
0.00
0.00
0.00
0.00
0.00
0.00
0.00
0.00
0.00
0.00
0.00
0.00
0.00
0.00
0.00
0.00
0.00
0.00
0.00
0.00
0.00
0.00
0.00
0.00
0.00
0.00
0.00
0.00
0.00
0.00
0.00
0.00
0.00
0.00
0.00
0.00
0.00
0.00
0.00
0.00
0.00
0.00
0.00
0.00
9.00
0.00
0.00
0.00
0.00
0.00
0.00
0.00
0.00
0.00
0.00
0.00
0.00
0.00
0.00
0.00
0.00
0.00
0.00
0.00
0.00
0.00
0.00
0.00
0.00
0.00
0.00
0.00
0.00
0.00
0.00
0.00
0.00
0.00
0.00
0.00
0.00
6.00
176.00
7.00
141.00
7.00
17.00
79.00
0.00
0.00
0.00
0.00
0.00
0.00
330.00
12.00
23.00
0.00
0.00
0.00
0.00
19.00
0.00
0.00
4.00
25.00
35.00
3.00
0.00
0.00
620.00
166.00
540.00
0.00
0.00
0.00
0.00
0.00
0.00
0.00
0.00
0.00
28.00
0.00
0.00
0.00
974.00
81.00
255.00
610.00
87.00
230.00
194.00
0.00
0.00
0.00
0.00
4.00
9.00
0.00
0.00
0.00
7.00
4.00
0.00
0.00
534.00
0.00
2.00
0.00
18.00
13.00
422.00
108.00
55.00
0.00
0.00
0.00
0.00
0.00
0.00
0.00
0.00
12.00
22.00
325.00
223.00
779.00
46.00
1563.00
4.00
7.00
226.00
95.00
0.00
181.00
264.00
28.00
156.00
442.00
279.00
442.00
1.00
152.00
52.00
10.00
126.00
880.00
58.00
223.00
87.00
1.00
27.00
5.00
11.00
6.00
19.00
15.00
53.00
358.00
483.00
468.00
171.00
255.00
3.00
1.00
24.00
38.00
246.00
32.00
77.00
94.00
147.00
16.00
69.00
242.00
384.00
868.00
1625.00
674.00
25.00
44.00
695.00
183.00
294.00
79.00
103.00
110.00
64.00
0.00
54.00
22.00
68.00
117.00
86.00
96.00
16.00
1.00
5.00
208.00
257.00
439.00
83.00
4.00
226.00
165.00
68.00
95.00
86.00
142.00
441.00
309.00
57.00
256.00
107.00
108.00
116.00
68.00
25.00
218.00
269.00
264.00
16.00
118.00
42.00
60.00
0.00
219.00
5.00
3.00
272.00
324.00
11.00
1.00
17.00
44.00
109.00
654.00
268.00
184.00
53.00
77.00
0.00
173.00
288.00
377.00
344.00
253.00
130.00
272.00
305.00
7.00
3.00
112.00
112.00
1.00
6.00
1.00
2.00
58.00
0.00
1.00
0.00
0.00
0.00
0.00
0.00
52.00
39.00
245.00
1025.00
1241.00
0.00
0.00
0.00
0.00
0.00
0.00
4.00
151.00
117.00
0.00
0.00
0.00
0.00
0.00
0.00
0.00
0.00
0.00
0.00
0.00
0.00
21.00
0.00
0.00
291.00
37.00
23.00
0.00
0.00
0.00
0.00
0.00
0.00
0.00
0.00
0.00
0.00
0.00
0.00
0.00
0.00
0.00
0.00
0.00
0.00
2.00
127.00
1166.00
956.00
736.00
0.00
0.00
0.00
0.00
0.00
0.00
0.00
0.00
2.00
0.00
0.00
0.00
0.00
0.00
0.00
0.00
0.00
0.00
0.00
0.00
156.00
230.00
39.00
0.00
0.00
0.00
0.00
0.00
0.00
0.00
0.00
0.00
0.00
0.00
0.00
0.00
0.00
0.00
0.00
0.00
0.00
0.00
0.00
0.00
0.00
0.00
0.00
0.00
0.00
0.00
0.00
0.00
0.00
0.00
0.00
0.00
0.00
0.00
373.00
224.00
735.00
101.00
113.00
0.00
0.00
0.00
0.00
0.00
0.00
0.00
0.00
0.00
0.00
0.00
0.00
0.00
0.00
224.00
0.00
0.00
0.00
0.00
0.00
0.00
2.00
0.00
0.00
0.00
0.00
0.00
0.00
0.00
0.00
0.00
0.00
90.00
6.00
0.00
0.00
0.00
0.00
0.00
0.00
0.00
4.00
0.00
1.00
0.00
0.00
131.00
99.00
28.00
27.00
0.00
0.00
1.00
87.00
254.00
55.00
179.00
23.00
129.00
17.00
1.00
234.00
0.00
35.00
322.00
42.00
65.00
38.00
46.00
161.00
0.00
0.00
3.00
3.00
0.00
0.00
444.00
221.00
0.00
110.00
36.00
56.00
602.00
34.00
86.00
2.00
14.00
277.00
975.00
0.00
70.00
16.00
0.00
6.00
46.00
375.00
315.00
38.00
87.00
13.00
157.00
98.00
0.00
0.00
0.00
65.00
230.00
297.00
306.00
94.00
1.00
18.00
213.00
57.00
7.00
0.00
296.00
432.00
369.00
377.00
1991.00
34.00
48.00
132.00
171.00
28.00
0.00
219.00
23.00
0.00
1.00
121.00
357.00
14.00
8.00
8.00
7.00
2.00
13.00
0.00
307.00
534.00
73.00
21.00
28.00
6.00
6.00
3.00
3.00
35.00
15.00
289.00
120.00
15.00
78.00
29.00
8.00
11.00
47.00
148.00
92.00
404.00
499.00
121.00
43.00
222.00
169.00
17.00
19.00
54.00
158.00
76.00
43.00
184.00
525.00
225.00
9.00
25.00
2.00
30.00
24.00
100.00
96.00
629.00
16.00
168.00
257.00
157.00
123.00
29.00
143.00
16.00
39.00
85.00
142.00
25.00
3.00
1.00
0.00
31.00
0.00
20.00
24.00
24.00
151.00
12.00
0.00
0.00
0.00
19.00
28.00
12.00
326.00
7.00
3.00
74.00
0.00
1.00
43.00
193.00
134.00
2.00
0.00
62.00
30.00
318.00
0.00
0.00
29.00
1.00
0.00
0.00
0.00
0.00
0.00
0.00
0.00
0.00
1.00
191.00
342.00
539.00
403.00
257.00
0.00
0.00
0.00
0.00
0.00
0.00
0.00
0.00
0.00
0.00
0.00
0.00
0.00
10.00
74.00
209.00
76.00
27.00
0.00
0.00
0.00
0.00
0.00
1.00
0.00
0.00
0.00
0.00
0.00
2.00
0.00
0.00
0.00
0.00
0.00
0.00
0.00
0.00
1.00
0.00
0.00
0.00
0.00
0.00
0.00
0.00
0.00
0.00
0.00
0.00
0.00
0.00
0.00
5.00
0.00
0.00
0.00
0.00
0.00
0.00
0.00
0.00
1.00
71.00
36.00
2.00
0.00
0.00
0.00
0.00
0.00
0.00
0.00
0.00
0.00
0.00
0.00
0.00
0.00
0.00
0.00
0.00
0.00
0.00
0.00
0.00
0.00
0.00
0.00
0.00
0.00
0.00
0.00
0.00
0.00
0.00
0.00
0.00
0.00
0.00
0.00
0.00
0.00
0.00
0.00
0.00
0.00
0.00
0.00
0.00
0.00
0.00
0.00
0.00
0.00
0.00
0.00
1.00
0.00
0.00
0.00
0.00
0.00
0.00
0.00
6.00
4.00
0.00
0.00
0.00
0.00
0.00
0.00
0.50
80.30
64.40
42.10
15.10
0.00
0.00
0.00
3.30
13.40
0.00
0.00
0.00
0.00
0.00
0.00
0.00
0.00
0.00
1.50
3.60
17.50
1.30
0.30
6.00
0.00
3.10
0.00
0.00
0.00
0.00
0.00
0.00
0.00
0.00
23.60
21.80
79.30
57.00
0.00
0.00
14.80
0.00
8.60
26.50
4.30
13.00
0.50
29.50
0.00
0.00
0.00
0.00
0.00
0.00
0.00
0.30
0.30
0.00
0.00
0.00
0.00
0.00
0.00
0.00
0.00
0.00
0.10
105.10
97.00
0.00
0.00
0.00
0.00
0.00
0.00
0.00
0.00
30.10
0.00
11.20
12.60
8.00
0.00
0.00
0.00
0.00
40.80
40.80
51.20
3.70
0.00
0.00
0.00
0.00
0.00
1.50
32.10
2.10
19.60
11.40
0.40
1.00
1.60
9.00
7.50
0.10
0.00
1.80
50.80
4.50
68.40
0.00
11.90
5.20
4.40
3.30
2.80
0.00
0.00
0.40
6.20
17.30
8.20
2.80
5.40
1.30
1.00
2.00
1.30
1.60
0.30
6.30
43.20
78.80
64.20
64.20
62.90
62.90
45.90
0.00
0.00
0.70
34.20
0.00
0.00
0.00
2.90
3.50
12.10
3.90
19.80
2.20
7.40
0.00
4.60
30.20
3.60
4.30
4.20
3.80
51.30
57.40
5.70
5.70
29.30
6.20
2.00
42.60
29.30
38.40
60.60
16.40
17.30
1.20
10.70
0.70
7.90
3.10
29.70
32.10
19.90
14.70
0.80
0.40
2.20
0.00
16.90
37.80
25.70
35.40
3.60
14.00
1.70
2.30
29.80
49.10
19.40
11.70
4.20
42.90
18.30
0.70
1.00
0.90
1.10
2.60
2.30
1.50
1.60
11.70
4.90
30.40
16.10
4.50
4.70
1.80
17.40
21.00
21.00
29.60
0.20
0.00
0.90
10.70
0.90
0.80
17.30
26.10
0.00
0.00
0.00
0.00
0.00
0.10
0.00
0.00
0.10
0.00
0.30
4.30
3.70
0.00
0.00
1.20
