20160101
0.00
0.00
0.00
0.00
0.00
0.00
0.00
0.00
0.00
0.00
0.00
0.00
1.00
0.00
0.00
0.00
0.00
0.00
0.00
0.00
3.00
0.00
0.00
0.00
0.00
2.00
0.00
0.00
0.00
0.00
0.00
0.00
0.00
0.00
0.00
0.00
0.00
0.00
0.00
0.00
0.00
0.00
1.00
0.00
0.00
0.00
0.00
0.00
0.00
0.00
0.00
0.00
3.00
57.00
19.00
0.00
30.00
0.00
0.00
0.00
0.00
0.00
0.00
0.00
0.00
1.00
0.00
0.00
0.00
0.00
0.00
0.00
0.00
0.00
0.00
102.00
0.00
0.00
0.00
0.00
38.00
0.00
19.00
0.00
0.00
0.00
0.00
439.00
0.00
209.00
300.00
38.00
0.00
53.00
131.00
378.00
65.00
0.00
0.00
0.00
0.00
0.00
0.00
0.00
33.00
57.00
249.00
107.00
0.00
36.00
55.00
99.00
179.00
0.00
0.00
85.00
0.00
7.00
6.00
1.00
15.00
67.00
121.00
2.00
152.00
4.00
4.00
0.00
0.00
0.00
0.00
0.00
37.00
13.00
0.00
13.00
5.00
149.00
270.00
22.00
116.00
675.00
0.00
8.00
26.00
2.00
0.00
0.00
0.00
0.00
0.00
20.00
0.00
1.00
6.00
63.00
40.00
44.00
115.00
12.00
85.00
104.00
37.00
46.00
12.00
0.00
94.00
137.00
66.00
146.00
47.00
48.00
9.00
204.00
0.00
68.00
13.00
8.00
16.00
10.00
98.00
171.00
278.00
75.00
32.00
27.00
0.00
4.00
229.00
96.00
85.00
32.00
36.00
29.00
19.00
45.00
70.00
131.00
17.00
0.00
24.00
7.00
77.00
127.00
80.00
11.00
218.00
3.00
11.00
9.00
50.00
38.00
184.00
6.00
8.00
1.00
6.00
83.00
104.00
10.00
16.00
10.00
7.00
150.00
20.00
58.00
6.00
34.00
66.00
7.00
0.00
1.00
438.00
1.00
9.00
17.00
0.00
50.00
0.00
3.00
1.00
26.00
176.00
183.00
10.00
5.00
1.00
14.00
23.00
4.00
21.00
7.00
173.00
15.00
30.00
0.00
1.00
32.00
14.00
37.00
107.00
41.00
43.00
134.00
59.00
0.00
8.00
57.00
245.00
47.00
38.00
8.00
0.00
0.00
9.00
5.00
0.00
0.00
0.00
3.00
28.00
2.00
74.00
9.00
3.00
100.00
0.00
0.00
0.00
0.00
0.00
0.00
0.00
0.00
0.00
0.00
0.00
0.00
0.00
0.00
39.00
96.00
33.00
3.00
0.00
0.00
15.00
10.00
75.00
257.00
64.00
0.00
0.00
0.00
0.00
0.00
0.00
0.00
0.00
0.00
0.00
0.00
0.00
0.00
0.00
0.00
0.00
0.00
0.00
0.00
0.00
0.00
0.00
0.00
0.00
2.00
0.00
0.00
0.00
0.00
0.00
0.00
0.00
0.00
0.00
0.00
0.00
0.00
0.00
0.00
0.00
0.00
0.00
0.00
0.00
0.00
0.00
0.00
0.00
0.00
0.00
0.00
0.00
0.00
0.00
0.00
0.00
0.00
0.00
0.00
0.00
0.00
0.00
0.00
0.00
0.00
0.00
0.00
0.00
0.00
0.00
0.00
0.00
0.00
0.00
0.00
0.00
0.00
0.00
0.00
0.00
0.00
4.00
0.00
0.00
0.00
0.00
0.00
0.00
0.00
0.00
0.00
0.00
0.00
0.00
0.00
0.00
0.00
0.00
0.00
0.00
0.00
0.00
0.00
0.00
0.00
0.00
0.00
0.00
2.00
0.00
0.00
0.00
0.00
0.00
0.00
0.00
0.00
0.00
16.00
20.00
0.00
149.00
0.00
118.00
65.00
1.00
0.00
0.00
0.00
0.00
0.00
88.00
0.00
78.00
0.00
0.00
0.00
0.00
39.00
0.00
0.00
0.00
47.00
330.00
28.00
36.00
0.00
452.00
173.00
19.00
0.00
0.00
0.00
0.00
0.00
0.00
0.00
0.00
0.00
35.00
5.00
5.00
3.00
153.00
84.00
100.00
162.00
47.00
35.00
9.00
0.00
0.00
16.00
0.00
17.00
39.00
0.00
0.00
7.00
0.00
8.00
0.00
0.00
102.00
0.00
1.00
1.00
14.00
28.00
130.00
4.00
13.00
0.00
3.00
0.00
27.00
25.00
0.00
0.00
0.00
9.00
173.00
82.00
211.00
200.00
32.00
80.00
57.00
103.00
9.00
6.00
22.00
36.00
51.00
141.00
45.00
135.00
28.00
114.00
0.00
270.00
8.00
4.00
12.00
0.00
1.00
0.00
30.00
47.00
6.00
15.00
25.00
26.00
6.00
263.00
123.00
21.00
9.00
69.00
120.00
47.00
4.00
7.00
130.00
140.00
72.00
387.00
9.00
183.00
38.00
51.00
14.00
196.00
134.00
126.00
200.00
20.00
101.00
32.00
36.00
26.00
46.00
7.00
57.00
62.00
6.00
62.00
18.00
7.00
64.00
33.00
99.00
81.00
2.00
2.00
0.00
30.00
15.00
22.00
4.00
16.00
118.00
43.00
7.00
71.00
14.00
37.00
27.00
40.00
0.00
33.00
68.00
562.00
39.00
72.00
34.00
37.00
7.00
4.00
2.00
3.00
13.00
6.00
0.00
37.00
20.00
18.00
65.00
44.00
11.00
132.00
98.00
20.00
112.00
326.00
113.00
76.00
90.00
0.00
4.00
3.00
4.00
3.00
504.00
3.00
146.00
1.00
1.00
90.00
281.00
13.00
0.00
0.00
29.00
1.00
7.00
46.00
14.00
3.00
0.00
7.00
0.00
0.00
0.00
0.00
6.00
19.00
265.00
141.00
5.00
0.00
0.00
0.00
0.00
0.00
0.00
198.00
156.00
2.00
0.00
0.00
0.00
0.00
0.00
0.00
0.00
0.00
0.00
0.00
0.00
92.00
0.00
0.00
182.00
22.00
8.00
0.00
0.00
0.00
0.00
1.00
0.00
0.00
0.00
0.00
0.00
0.00
0.00
0.00
0.00
0.00
0.00
0.00
0.00
0.00
40.00
273.00
202.00
109.00
0.00
0.00
0.00
0.00
0.00
0.00
0.00
0.00
5.00
0.00
0.00
0.00
0.00
0.00
0.00
0.00
0.00
0.00
0.00
0.00
1.00
237.00
73.00
0.00
0.00
0.00
0.00
0.00
0.00
0.00
0.00
0.00
0.00
0.00
0.00
0.00
0.00
0.00
0.00
0.00
0.00
0.00
0.00
0.00
0.00
0.00
0.00
0.00
0.00
0.00
0.00
0.00
0.00
0.00
0.00
0.00
0.00
0.00
0.00
10.00
165.00
0.00
10.00
0.00
0.00
0.00
0.00
0.00
0.00
0.00
0.00
0.00
0.00
0.00
0.00
0.00
0.00
75.00
0.00
0.00
0.00
0.00
0.00
0.00
0.00
0.00
0.00
0.00
0.00
0.00
0.00
0.00
27.00
0.00
0.00
0.00
133.00
4.00
0.00
0.00
0.00
0.00
0.00
0.00
0.00
0.00
0.00
0.00
0.00
3.00
1.00
0.00
75.00
45.00
0.00
0.00
0.00
4.00
78.00
0.00
3.00
0.00
6.00
32.00
2.00
0.00
0.00
68.00
37.00
136.00
0.00
56.00
4.00
0.00
0.00
0.00
7.00
5.00
19.00
53.00
76.00
2.00
75.00
1.00
1.00
32.00
610.00
374.00
185.00
324.00
309.00
390.00
12.00
148.00
0.00
0.00
0.00
0.00
0.00
0.00
0.00
0.00
101.00
1.00
0.00
0.00
0.00
0.00
3.00
76.00
0.00
2.00
0.00
32.00
348.00
269.00
63.00
2.00
1.00
10.00
65.00
131.00
498.00
390.00
2.00
73.00
20.00
0.00
0.00
2.00
0.00
1.00
20.00
38.00
12.00
13.00
0.00
51.00
19.00
25.00
6.00
0.00
16.00
8.00
2.00
0.00
4.00
21.00
40.00
8.00
33.00
40.00
62.00
14.00
76.00
33.00
36.00
1.00
5.00
0.00
5.00
7.00
222.00
72.00
8.00
69.00
11.00
1.00
75.00
36.00
78.00
146.00
85.00
53.00
1.00
0.00
7.00
124.00
67.00
0.00
21.00
17.00
9.00
131.00
51.00
30.00
213.00
8.00
3.00
4.00
16.00
10.00
115.00
38.00
4.00
67.00
54.00
27.00
4.00
48.00
53.00
0.00
45.00
7.00
43.00
0.00
5.00
17.00
0.00
0.00
0.00
28.00
263.00
26.00
0.00
0.00
11.00
16.00
25.00
11.00
0.00
57.00
72.00
1.00
16.00
12.00
93.00
9.00
2.00
0.00
170.00
0.00
0.00
0.00
0.00
0.00
0.00
0.00
0.00
0.00
0.00
0.00
119.00
47.00
368.00
339.00
13.00
0.00
0.00
0.00
0.00
0.00
0.00
0.00
0.00
0.00
0.00
0.00
0.00
0.00
287.00
17.00
89.00
75.00
34.00
0.00
0.00
0.00
0.00
0.00
0.00
0.00
0.00
0.00
0.00
0.00
0.00
0.00
0.00
0.00
0.00
0.00
0.00
0.00
0.00
0.00
0.00
0.00
0.00
0.00
0.00
0.00
0.00
0.00
0.00
0.00
0.00
0.00
0.00
0.00
1.00
0.00
0.00
0.00
0.00
0.00
0.00
0.00
4.00
0.00
9.00
37.00
68.00
0.00
0.00
0.00
0.00
0.00
0.00
0.00
0.00
0.00
0.00
0.00
0.00
0.00
0.00
0.00
0.00
0.00
0.00
0.00
0.00
0.00
0.00
0.00
0.00
0.00
0.00
0.00
0.00
0.00
0.00
0.00
0.00
0.00
0.00
0.00
0.00
0.00
0.00
0.00
0.00
0.00
0.00
0.00
0.00
0.00
0.00
0.00
0.00
0.00
0.00
0.00
0.00
0.00
0.00
0.00
0.00
0.00
0.00
0.00
0.00
1.00
0.00
0.00
0.00
0.00
0.00
0.00
0.90
132.10
137.00
111.30
71.70
0.00
0.00
0.00
8.00
30.80
0.00
0.00
0.00
0.00
0.00
0.00
0.00
0.00
0.00
0.00
0.10
0.00
9.40
0.00
0.00
0.00
2.10
0.00
0.00
0.00
0.00
38.30
0.00
0.00
0.00
20.50
12.80
53.40
0.60
3.30
1.80
2.20
0.00
8.60
20.90
0.80
0.00
0.00
0.00
0.00
0.10
0.00
0.80
0.00
0.00
0.00
0.00
0.60
0.00
0.00
0.00
0.00
0.00
1.00
0.00
0.00
0.00
0.60
5.30
9.40
0.00
0.00
0.00
0.00
0.00
0.00
0.00
0.00
0.60
7.60
2.80
0.40
8.50
0.00
0.00
0.00
0.00
0.00
0.00
56.20
0.00
0.00
0.00
0.00
0.00
0.00
9.40
5.50
0.00
0.00
5.40
1.10
3.70
15.40
3.30
1.80
11.80
0.10
0.90
0.30
11.00
0.20
0.00
0.00
12.90
5.70
9.30
2.20
0.20
0.30
0.60
14.00
7.00
0.70
0.20
5.30
0.50
0.10
0.60
0.00
4.00
2.80
4.50
3.70
2.40
1.00
1.00
6.80
6.80
4.40
1.90
1.90
0.00
2.00
1.90
1.90
1.90
2.10
9.80
5.10
6.90
8.10
17.70
1.60
0.30
2.30
11.30
0.90
1.00
8.80
11.10
0.60
32.80
3.70
5.00
21.80
2.60
4.20
12.20
4.10
7.20
3.80
0.20
1.50
3.50
1.20
0.00
6.70
2.50
11.60
29.00
23.70
0.40
0.10
0.80
17.00
0.20
2.20
0.50
15.10
4.00
1.70
2.90
4.30
0.40
9.60
2.30
4.20
10.20
33.50
19.10
0.80
0.40
31.70
4.60
3.90
0.90
10.10
9.70
7.50
28.50
20.50
33.80
23.80
3.80
5.30
3.80
22.00
12.80
12.80
0.70
0.00
0.00
0.00
4.60
23.60
3.90
11.40
4.50
0.00
0.00
0.00
1.80
19.90
8.30
0.80
0.10
0.00
0.00
1.30
2.10
1.20
1.30
1.40
4.80
