20160101
0.00
0.00
0.00
0.00
0.00
0.00
0.00
0.00
2.00
0.00
0.00
0.00
2.00
0.00
0.00
0.00
0.00
0.00
0.00
4.00
0.00
0.00
0.00
0.00
0.00
0.00
0.00
0.00
0.00
0.00
0.00
0.00
0.00
0.00
0.00
0.00
0.00
1.00
0.00
0.00
0.00
0.00
23.00
0.00
0.00
0.00
0.00
0.00
0.00
0.00
1.00
0.00
0.00
100.00
29.00
0.00
13.00
0.00
0.00
0.00
1.00
0.00
0.00
49.00
0.00
92.00
0.00
1.00
0.00
0.00
0.00
0.00
0.00
0.00
0.00
10.00
0.00
0.00
3.00
0.00
113.00
0.00
42.00
0.00
0.00
0.00
0.00
613.00
1.00
158.00
419.00
77.00
0.00
153.00
384.00
726.00
157.00
0.00
0.00
0.00
0.00
0.00
0.00
19.00
95.00
91.00
465.00
292.00
0.00
181.00
106.00
219.00
397.00
0.00
7.00
111.00
6.00
19.00
0.00
0.00
25.00
52.00
592.00
43.00
222.00
7.00
7.00
3.00
0.00
0.00
1.00
1.00
65.00
126.00
9.00
112.00
1.00
250.00
281.00
25.00
229.00
1209.00
4.00
3.00
3.00
25.00
0.00
5.00
8.00
33.00
12.00
1.00
0.00
14.00
14.00
178.00
46.00
20.00
41.00
10.00
43.00
349.00
65.00
32.00
8.00
0.00
63.00
68.00
288.00
41.00
9.00
8.00
70.00
32.00
1.00
7.00
40.00
4.00
71.00
2.00
93.00
15.00
70.00
24.00
22.00
3.00
12.00
8.00
7.00
27.00
254.00
173.00
78.00
2.00
3.00
32.00
268.00
64.00
1.00
1.00
15.00
7.00
1.00
35.00
98.00
94.00
341.00
2.00
56.00
7.00
103.00
5.00
45.00
19.00
0.00
42.00
5.00
70.00
73.00
281.00
131.00
18.00
8.00
113.00
182.00
25.00
59.00
10.00
28.00
8.00
13.00
5.00
379.00
12.00
3.00
14.00
0.00
472.00
7.00
3.00
1.00
15.00
272.00
223.00
15.00
0.00
39.00
56.00
26.00
53.00
194.00
1.00
38.00
14.00
49.00
312.00
274.00
14.00
0.00
520.00
160.00
87.00
42.00
31.00
230.00
182.00
625.00
9.00
151.00
6.00
166.00
108.00
0.00
150.00
1.00
6.00
0.00
125.00
101.00
207.00
512.00
126.00
0.00
28.00
92.00
225.00
8.00
0.00
0.00
0.00
0.00
0.00
0.00
0.00
0.00
0.00
0.00
0.00
78.00
0.00
159.00
34.00
146.00
133.00
3.00
0.00
21.00
17.00
135.00
466.00
110.00
0.00
0.00
0.00
0.00
0.00
0.00
0.00
0.00
0.00
0.00
0.00
0.00
0.00
0.00
0.00
0.00
0.00
0.00
0.00
0.00
0.00
0.00
0.00
0.00
0.00
0.00
0.00
0.00
0.00
0.00
0.00
0.00
0.00
0.00
0.00
0.00
0.00
0.00
0.00
0.00
0.00
0.00
0.00
0.00
0.00
0.00
0.00
0.00
0.00
0.00
0.00
0.00
0.00
0.00
0.00
0.00
0.00
0.00
0.00
0.00
0.00
0.00
0.00
0.00
0.00
0.00
0.00
0.00
0.00
0.00
0.00
0.00
0.00
0.00
0.00
0.00
0.00
0.00
0.00
0.00
0.00
21.00
0.00
0.00
0.00
0.00
0.00
0.00
0.00
0.00
0.00
0.00
0.00
0.00
0.00
0.00
0.00
0.00
0.00
0.00
0.00
0.00
0.00
0.00
0.00
0.00
0.00
0.00
0.00
0.00
0.00
0.00
0.00
0.00
0.00
0.00
0.00
0.00
23.00
34.00
0.00
153.00
0.00
89.00
134.00
0.00
0.00
0.00
0.00
0.00
0.00
113.00
4.00
94.00
0.00
0.00
0.00
0.00
67.00
0.00
0.00
2.00
62.00
522.00
78.00
38.00
25.00
594.00
131.00
174.00
0.00
0.00
0.00
0.00
0.00
0.00
0.00
0.00
0.00
131.00
13.00
0.00
20.00
324.00
300.00
123.00
345.00
26.00
131.00
84.00
0.00
0.00
127.00
1.00
106.00
163.00
0.00
0.00
28.00
8.00
16.00
0.00
0.00
231.00
0.00
0.00
0.00
11.00
76.00
378.00
1.00
38.00
0.00
27.00
28.00
107.00
8.00
0.00
0.00
5.00
10.00
91.00
164.00
161.00
545.00
23.00
227.00
239.00
207.00
178.00
9.00
3.00
16.00
222.00
455.00
1082.00
318.00
191.00
64.00
1.00
323.00
35.00
28.00
34.00
143.00
35.00
10.00
1.00
24.00
27.00
270.00
656.00
42.00
183.00
28.00
243.00
79.00
7.00
58.00
24.00
59.00
93.00
115.00
14.00
28.00
72.00
84.00
267.00
263.00
178.00
40.00
9.00
26.00
45.00
37.00
29.00
118.00
10.00
118.00
128.00
5.00
39.00
4.00
98.00
24.00
50.00
35.00
9.00
143.00
209.00
10.00
66.00
61.00
4.00
3.00
11.00
13.00
308.00
102.00
8.00
7.00
56.00
48.00
5.00
8.00
171.00
281.00
53.00
102.00
116.00
28.00
33.00
365.00
2.00
105.00
39.00
54.00
23.00
1.00
16.00
26.00
0.00
2.00
28.00
106.00
53.00
0.00
45.00
27.00
40.00
40.00
68.00
19.00
9.00
422.00
67.00
115.00
56.00
0.00
4.00
0.00
0.00
1.00
89.00
94.00
234.00
7.00
16.00
58.00
248.00
27.00
23.00
72.00
332.00
347.00
164.00
4.00
14.00
54.00
9.00
1.00
0.00
0.00
0.00
8.00
365.00
214.00
265.00
805.00
0.00
0.00
0.00
0.00
0.00
0.00
18.00
1105.00
404.00
0.00
0.00
0.00
0.00
0.00
0.00
0.00
0.00
0.00
0.00
0.00
0.00
74.00
0.00
1.00
116.00
31.00
13.00
0.00
0.00
0.00
0.00
0.00
0.00
0.00
0.00
0.00
0.00
0.00
0.00
0.00
0.00
0.00
0.00
0.00
0.00
0.00
43.00
257.00
356.00
284.00
0.00
0.00
0.00
0.00
0.00
0.00
0.00
0.00
7.00
0.00
0.00
0.00
0.00
0.00
0.00
0.00
0.00
0.00
0.00
0.00
191.00
194.00
98.00
0.00
0.00
0.00
0.00
0.00
0.00
0.00
0.00
0.00
0.00
0.00
0.00
0.00
0.00
0.00
0.00
0.00
0.00
0.00
0.00
0.00
0.00
0.00
0.00
0.00
0.00
0.00
0.00
0.00
0.00
0.00
0.00
0.00
0.00
0.00
13.00
25.00
382.00
0.00
62.00
0.00
0.00
9.00
0.00
0.00
0.00
0.00
0.00
4.00
0.00
0.00
0.00
0.00
0.00
257.00
0.00
0.00
0.00
0.00
0.00
0.00
0.00
0.00
0.00
0.00
0.00
0.00
0.00
0.00
12.00
0.00
0.00
6.00
40.00
148.00
0.00
0.00
0.00
0.00
0.00
0.00
0.00
395.00
14.00
0.00
115.00
96.00
1.00
0.00
10.00
52.00
0.00
72.00
0.00
28.00
267.00
0.00
28.00
7.00
6.00
0.00
14.00
0.00
0.00
173.00
44.00
1.00
8.00
221.00
2.00
0.00
0.00
5.00
7.00
39.00
45.00
97.00
261.00
7.00
102.00
5.00
134.00
289.00
493.00
440.00
402.00
422.00
293.00
174.00
0.00
251.00
1.00
139.00
0.00
5.00
0.00
0.00
7.00
0.00
0.00
2.00
42.00
2.00
0.00
22.00
10.00
100.00
11.00
76.00
1.00
156.00
283.00
156.00
113.00
13.00
0.00
135.00
138.00
259.00
705.00
640.00
20.00
283.00
267.00
0.00
0.00
1.00
0.00
1.00
165.00
76.00
8.00
0.00
0.00
68.00
66.00
30.00
3.00
31.00
0.00
70.00
14.00
5.00
2.00
16.00
36.00
27.00
51.00
191.00
61.00
45.00
60.00
14.00
147.00
15.00
17.00
3.00
12.00
4.00
61.00
58.00
36.00
25.00
46.00
10.00
2.00
9.00
132.00
178.00
119.00
15.00
2.00
0.00
86.00
47.00
39.00
328.00
45.00
4.00
8.00
109.00
143.00
36.00
17.00
194.00
83.00
280.00
14.00
5.00
617.00
142.00
0.00
90.00
31.00
147.00
52.00
11.00
56.00
19.00
35.00
74.00
119.00
1.00
4.00
7.00
25.00
0.00
0.00
3.00
139.00
29.00
1.00
3.00
0.00
1.00
97.00
0.00
0.00
42.00
68.00
11.00
109.00
0.00
28.00
93.00
12.00
6.00
72.00
0.00
0.00
0.00
1.00
0.00
1.00
0.00
0.00
0.00
0.00
0.00
79.00
156.00
454.00
319.00
10.00
0.00
0.00
0.00
0.00
0.00
0.00
0.00
0.00
0.00
0.00
0.00
0.00
0.00
281.00
151.00
234.00
98.00
45.00
0.00
0.00
0.00
0.00
0.00
0.00
0.00
0.00
0.00
0.00
0.00
0.00
0.00
0.00
0.00
0.00
0.00
0.00
0.00
11.00
0.00
0.00
0.00
0.00
0.00
0.00
0.00
0.00
0.00
0.00
0.00
0.00
0.00
0.00
7.00
7.00
0.00
0.00
0.00
0.00
0.00
0.00
0.00
2.00
4.00
3.00
22.00
1.00
0.00
0.00
0.00
0.00
0.00
0.00
0.00
0.00
0.00
0.00
0.00
0.00
0.00
0.00
0.00
0.00
0.00
0.00
0.00
0.00
0.00
0.00
0.00
0.00
0.00
0.00
0.00
0.00
0.00
0.00
0.00
0.00
0.00
0.00
0.00
0.00
0.00
0.00
0.00
0.00
0.00
0.00
0.00
0.00
0.00
0.00
0.00
0.00
0.00
0.00
0.00
0.00
0.00
0.00
0.00
0.00
0.00
0.00
0.00
1.00
9.00
0.00
0.00
0.00
0.00
0.00
0.00
0.00
124.50
103.30
118.00
75.20
0.00
0.00
0.00
21.10
38.10
0.10
0.00
0.00
0.00
0.00
0.00
0.00
0.00
0.00
1.20
0.00
64.70
15.10
0.00
0.00
0.00
22.60
0.00
0.00
0.00
0.00
3.10
0.00
0.00
0.00
88.50
12.00
127.70
7.90
5.90
0.10
4.10
0.10
17.80
25.70
0.00
0.60
0.20
0.00
0.00
0.50
0.00
0.00
0.00
0.00
1.60
0.00
1.10
0.00
0.00
0.00
0.00
0.70
6.30
0.70
0.00
0.00
0.10
6.50
6.80
0.00
0.00
0.00
0.00
0.00
0.00
0.60
0.00
12.70
1.10
0.00
0.00
7.20
6.70
1.10
1.10
0.00
5.60
5.60
50.60
1.10
1.70
0.00
0.00
0.00
0.00
6.30
28.30
0.70
0.60
4.80
0.60
10.30
4.50
2.70
9.40
0.00
0.10
7.40
50.50
16.90
10.70
0.00
0.00
1.70
10.30
14.80
8.50
3.50
0.00
0.90
7.60
1.20
1.40
0.20
4.50
22.70
11.00
5.80
8.90
22.80
12.30
6.70
0.80
7.40
3.00
3.00
9.70
9.70
2.10
3.50
3.50
0.00
1.70
3.50
3.50
3.50
2.00
5.40
1.50
6.20
45.50
15.40
12.60
6.40
0.40
10.90
2.10
9.00
12.20
36.50
0.50
10.80
5.30
27.80
7.20
1.00
1.00
1.60
1.50
18.00
6.40
4.60
2.80
15.50
0.40
0.10
6.50
3.80
12.00
15.40
16.90
2.20
1.40
0.10
9.10
0.00
3.10
1.10
0.70
2.40
0.90
10.40
19.70
24.30
17.20
0.30
1.10
16.20
16.40
9.50
1.00
0.30
12.90
14.20
0.50
0.30
8.30
3.20
11.90
34.50
22.60
27.80
19.40
0.10
11.60
19.20
15.60
2.20
2.20
1.10
0.10
0.60
0.00
10.50
35.30
2.40
18.70
15.90
0.00
0.00
0.00
4.00
17.10
2.70
0.00
0.10
0.10
0.00
0.60
6.40
1.10
0.10
0.80
1.00
