20160101
0.00
0.00
0.00
0.00
0.00
0.00
0.00
0.00
0.00
0.00
0.00
0.00
1.00
0.00
0.00
0.00
0.00
0.00
0.00
1.00
15.00
0.00
0.00
0.00
0.00
2.00
0.00
0.00
0.00
0.00
0.00
0.00
0.00
0.00
0.00
0.00
0.00
0.00
0.00
0.00
0.00
0.00
0.00
0.00
0.00
0.00
0.00
0.00
0.00
3.00
7.00
0.00
1.00
22.00
45.00
1.00
32.00
4.00
0.00
0.00
1.00
0.00
0.00
0.00
0.00
0.00
0.00
0.00
0.00
0.00
0.00
0.00
0.00
0.00
0.00
25.00
0.00
0.00
0.00
0.00
9.00
0.00
0.00
0.00
0.00
0.00
0.00
282.00
0.00
135.00
232.00
7.00
0.00
23.00
96.00
411.00
32.00
0.00
0.00
0.00
0.00
0.00
0.00
0.00
60.00
63.00
163.00
87.00
0.00
27.00
27.00
58.00
116.00
0.00
0.00
79.00
16.00
0.00
8.00
2.00
4.00
73.00
78.00
1.00
65.00
2.00
0.00
0.00
0.00
0.00
0.00
0.00
118.00
1.00
0.00
22.00
3.00
99.00
270.00
28.00
119.00
738.00
3.00
7.00
41.00
0.00
0.00
0.00
0.00
1.00
0.00
1.00
2.00
0.00
7.00
22.00
2.00
55.00
174.00
12.00
77.00
179.00
41.00
20.00
14.00
2.00
47.00
132.00
30.00
127.00
65.00
193.00
22.00
180.00
0.00
82.00
9.00
22.00
3.00
2.00
36.00
104.00
271.00
66.00
80.00
29.00
6.00
18.00
293.00
101.00
51.00
16.00
29.00
42.00
4.00
39.00
78.00
204.00
11.00
0.00
8.00
58.00
103.00
153.00
97.00
29.00
154.00
3.00
10.00
24.00
31.00
201.00
133.00
0.00
7.00
0.00
22.00
157.00
156.00
7.00
14.00
9.00
10.00
33.00
47.00
53.00
22.00
23.00
46.00
35.00
0.00
5.00
501.00
3.00
0.00
37.00
0.00
47.00
23.00
3.00
1.00
3.00
54.00
191.00
16.00
16.00
1.00
12.00
18.00
0.00
3.00
3.00
174.00
34.00
55.00
0.00
18.00
0.00
11.00
62.00
61.00
2.00
145.00
220.00
0.00
0.00
3.00
0.00
54.00
0.00
12.00
1.00
0.00
0.00
4.00
30.00
1.00
0.00
68.00
1.00
3.00
0.00
0.00
35.00
3.00
71.00
0.00
0.00
0.00
0.00
14.00
8.00
0.00
0.00
0.00
0.00
0.00
0.00
3.00
0.00
77.00
103.00
43.00
14.00
8.00
0.00
1.00
13.00
46.00
209.00
83.00
0.00
0.00
0.00
0.00
0.00
0.00
0.00
0.00
0.00
0.00
0.00
0.00
0.00
0.00
0.00
0.00
0.00
0.00
0.00
0.00
0.00
0.00
0.00
0.00
0.00
2.00
0.00
0.00
0.00
0.00
0.00
0.00
0.00
0.00
0.00
0.00
0.00
0.00
0.00
0.00
0.00
0.00
0.00
0.00
0.00
0.00
0.00
0.00
14.00
0.00
0.00
0.00
0.00
0.00
0.00
0.00
0.00
5.00
0.00
0.00
0.00
0.00
0.00
0.00
0.00
0.00
0.00
0.00
0.00
0.00
0.00
0.00
0.00
0.00
0.00
0.00
0.00
0.00
0.00
0.00
0.00
4.00
0.00
0.00
0.00
0.00
0.00
0.00
0.00
0.00
0.00
0.00
0.00
0.00
0.00
0.00
0.00
0.00
0.00
0.00
0.00
0.00
0.00
0.00
0.00
0.00
0.00
0.00
0.00
0.00
0.00
0.00
0.00
0.00
0.00
0.00
0.00
0.00
16.00
2.00
0.00
140.00
0.00
67.00
28.00
0.00
0.00
0.00
0.00
0.00
0.00
50.00
0.00
46.00
0.00
0.00
0.00
0.00
19.00
0.00
0.00
0.00
30.00
222.00
18.00
23.00
0.00
311.00
145.00
13.00
0.00
0.00
0.00
2.00
0.00
0.00
0.00
0.00
0.00
18.00
12.00
0.00
4.00
88.00
30.00
93.00
48.00
75.00
47.00
19.00
0.00
0.00
3.00
0.00
0.00
33.00
0.00
0.00
0.00
0.00
20.00
0.00
0.00
135.00
0.00
0.00
0.00
18.00
20.00
117.00
3.00
3.00
0.00
7.00
0.00
34.00
1.00
0.00
0.00
0.00
3.00
124.00
52.00
185.00
126.00
20.00
40.00
8.00
62.00
12.00
2.00
1.00
16.00
34.00
30.00
45.00
49.00
30.00
108.00
28.00
146.00
15.00
12.00
8.00
26.00
0.00
8.00
98.00
37.00
12.00
1.00
9.00
31.00
7.00
393.00
121.00
107.00
22.00
133.00
134.00
59.00
1.00
6.00
215.00
206.00
99.00
291.00
11.00
39.00
19.00
23.00
51.00
285.00
138.00
252.00
233.00
78.00
117.00
24.00
13.00
40.00
38.00
10.00
126.00
83.00
1.00
21.00
22.00
25.00
56.00
29.00
80.00
46.00
3.00
4.00
30.00
16.00
10.00
3.00
11.00
4.00
119.00
93.00
5.00
53.00
3.00
27.00
26.00
25.00
0.00
10.00
118.00
614.00
62.00
11.00
16.00
62.00
45.00
46.00
3.00
12.00
46.00
6.00
19.00
24.00
51.00
44.00
108.00
92.00
0.00
277.00
32.00
8.00
155.00
342.00
120.00
112.00
189.00
0.00
17.00
5.00
14.00
15.00
490.00
28.00
159.00
0.00
1.00
36.00
104.00
6.00
0.00
0.00
8.00
0.00
11.00
4.00
0.00
0.00
1.00
2.00
0.00
0.00
0.00
0.00
0.00
4.00
315.00
45.00
2.00
0.00
0.00
0.00
0.00
0.00
0.00
54.00
95.00
2.00
0.00
0.00
0.00
0.00
0.00
0.00
0.00
9.00
0.00
12.00
0.00
52.00
0.00
0.00
185.00
22.00
3.00
0.00
0.00
0.00
0.00
0.00
0.00
0.00
0.00
24.00
0.00
0.00
0.00
0.00
0.00
0.00
0.00
0.00
0.00
1.00
31.00
253.00
153.00
75.00
0.00
0.00
0.00
0.00
0.00
0.00
0.00
0.00
23.00
0.00
0.00
0.00
0.00
0.00
0.00
0.00
0.00
0.00
0.00
0.00
3.00
251.00
174.00
0.00
0.00
0.00
0.00
0.00
0.00
0.00
0.00
0.00
0.00
0.00
0.00
0.00
0.00
0.00
0.00
0.00
0.00
0.00
0.00
0.00
0.00
0.00
0.00
0.00
0.00
0.00
0.00
0.00
0.00
0.00
0.00
0.00
0.00
0.00
0.00
11.00
85.00
0.00
4.00
0.00
5.00
0.00
0.00
0.00
0.00
0.00
0.00
0.00
0.00
0.00
0.00
0.00
0.00
39.00
0.00
0.00
0.00
0.00
0.00
0.00
0.00
0.00
0.00
0.00
0.00
0.00
0.00
0.00
33.00
0.00
0.00
29.00
35.00
0.00
0.00
0.00
0.00
0.00
0.00
0.00
0.00
0.00
1.00
0.00
0.00
14.00
15.00
0.00
108.00
16.00
22.00
23.00
0.00
4.00
95.00
0.00
0.00
0.00
14.00
1.00
1.00
0.00
0.00
44.00
17.00
50.00
0.00
47.00
0.00
0.00
0.00
0.00
0.00
0.00
83.00
134.00
40.00
10.00
51.00
0.00
3.00
37.00
619.00
485.00
113.00
286.00
263.00
350.00
32.00
122.00
0.00
0.00
0.00
0.00
0.00
0.00
0.00
0.00
121.00
30.00
5.00
0.00
0.00
7.00
1.00
80.00
0.00
1.00
40.00
0.00
324.00
379.00
95.00
72.00
29.00
93.00
64.00
158.00
374.00
265.00
3.00
37.00
21.00
0.00
0.00
15.00
3.00
14.00
13.00
15.00
61.00
5.00
14.00
51.00
20.00
39.00
12.00
4.00
13.00
0.00
1.00
0.00
6.00
14.00
2.00
13.00
71.00
41.00
32.00
22.00
57.00
8.00
36.00
0.00
10.00
0.00
23.00
29.00
235.00
113.00
11.00
72.00
4.00
0.00
126.00
41.00
82.00
298.00
78.00
12.00
0.00
1.00
45.00
117.00
75.00
0.00
16.00
12.00
28.00
53.00
111.00
68.00
170.00
12.00
0.00
0.00
31.00
25.00
21.00
25.00
11.00
113.00
12.00
21.00
21.00
33.00
18.00
1.00
41.00
5.00
43.00
2.00
18.00
27.00
0.00
0.00
0.00
29.00
228.00
28.00
0.00
0.00
1.00
20.00
12.00
0.00
2.00
22.00
130.00
0.00
6.00
3.00
133.00
11.00
2.00
1.00
10.00
24.00
5.00
0.00
1.00
0.00
0.00
1.00
0.00
0.00
0.00
1.00
143.00
56.00
520.00
293.00
17.00
0.00
0.00
0.00
0.00
0.00
0.00
0.00
0.00
0.00
0.00
0.00
0.00
0.00
195.00
22.00
71.00
30.00
39.00
0.00
0.00
0.00
0.00
0.00
0.00
0.00
0.00
0.00
0.00
0.00
0.00
0.00
0.00
0.00
0.00
0.00
0.00
0.00
1.00
0.00
0.00
0.00
0.00
0.00
0.00
0.00
0.00
0.00
0.00
0.00
0.00
0.00
0.00
0.00
1.00
0.00
0.00
0.00
0.00
6.00
0.00
0.00
8.00
5.00
21.00
21.00
9.00
0.00
0.00
0.00
0.00
0.00
0.00
0.00
0.00
0.00
0.00
0.00
0.00
0.00
0.00
0.00
0.00
0.00
0.00
0.00
6.00
0.00
0.00
0.00
0.00
0.00
0.00
0.00
0.00
0.00
0.00
0.00
0.00
0.00
0.00
0.00
0.00
0.00
0.00
0.00
0.00
0.00
0.00
0.00
0.00
0.00
0.00
0.00
0.00
0.00
0.00
0.00
0.00
0.00
0.00
0.00
0.00
0.00
0.00
0.00
0.00
0.00
0.00
0.00
0.00
0.00
0.00
0.00
0.10
106.20
141.70
96.10
59.70
0.00
0.00
0.10
0.10
26.70
0.00
0.00
0.00
0.00
0.00
0.00
0.00
0.00
0.00
0.00
0.20
0.00
5.90
0.00
0.00
0.00
0.00
0.00
0.00
0.00
0.00
17.20
0.00
0.00
0.00
37.10
8.10
22.80
6.10
0.30
3.10
5.70
0.40
10.90
21.00
0.10
0.00
0.00
0.00
0.00
0.10
0.00
0.00
0.00
0.00
0.00
0.00
0.50
0.00
0.00
0.00
0.00
0.00
0.60
0.00
0.00
0.00
0.90
32.80
1.70
0.00
0.00
0.00
0.00
0.00
0.00
0.00
0.00
0.10
6.10
1.10
0.40
8.30
0.00
0.00
0.00
0.00
0.00
0.00
25.80
0.00
0.00
0.00
0.00
0.00
0.00
0.00
2.30
0.90
0.00
0.30
0.00
6.90
17.30
1.80
8.20
7.00
4.90
3.00
1.20
14.40
2.00
0.00
0.00
5.20
1.90
2.10
0.40
7.40
0.80
4.10
5.30
4.70
1.40
2.60
2.20
1.90
1.50
2.40
0.00
10.80
1.40
4.20
7.20
4.10
1.30
1.30
9.60
9.60
9.70
1.80
1.80
0.20
0.00
1.80
1.80
1.80
0.00
8.70
7.10
3.70
18.70
18.00
3.80
0.00
2.40
17.70
3.50
4.90
26.10
1.30
1.20
47.30
0.60
4.40
11.00
0.00
8.10
11.50
6.60
8.10
2.30
0.20
3.00
7.20
1.60
2.80
4.10
2.80
7.00
40.90
20.10
0.10
0.50
0.30
20.80
0.50
2.10
22.90
23.50
3.90
0.40
2.80
1.70
1.00
2.10
4.00
2.50
2.30
11.40
7.30
0.70
2.00
21.50
6.10
2.20
1.00
11.10
14.90
19.60
22.70
8.60
36.10
11.70
2.80
1.40
3.90
18.90
8.10
8.10
0.80
0.10
0.00
1.90
2.60
9.60
8.70
2.90
5.70
0.20
0.00
0.00
2.30
30.20
2.00
0.00
0.00
0.00
0.10
0.60
6.40
1.10
0.10
0.80
1.00
