20160101
0.00
0.00
0.00
0.00
0.00
0.00
0.00
0.00
0.00
0.00
0.00
0.00
0.00
0.00
0.00
0.00
0.00
0.00
0.00
24.00
0.00
0.00
0.00
0.00
0.00
0.00
0.00
0.00
0.00
0.00
0.00
0.00
0.00
0.00
0.00
0.00
0.00
0.00
0.00
0.00
0.00
0.00
1.00
0.00
0.00
0.00
0.00
0.00
0.00
0.00
0.00
0.00
0.00
1.00
121.00
0.00
49.00
0.00
0.00
0.00
0.00
0.00
0.00
0.00
0.00
300.00
0.00
0.00
1.00
0.00
1.00
1.00
0.00
0.00
0.00
0.00
0.00
12.00
3.00
0.00
0.00
0.00
0.00
0.00
0.00
0.00
0.00
21.00
231.00
766.00
394.00
0.00
2.00
190.00
29.00
4.00
0.00
0.00
0.00
0.00
0.00
0.00
0.00
0.00
0.00
0.00
359.00
0.00
0.00
0.00
0.00
0.00
0.00
0.00
0.00
0.00
0.00
6.00
0.00
0.00
0.00
28.00
128.00
13.00
0.00
2.00
81.00
239.00
4.00
30.00
1.00
7.00
55.00
351.00
4.00
65.00
0.00
33.00
45.00
72.00
362.00
1194.00
0.00
0.00
114.00
66.00
97.00
0.00
133.00
3.00
29.00
66.00
8.00
0.00
0.00
0.00
0.00
1.00
173.00
0.00
28.00
0.00
865.00
111.00
69.00
10.00
2.00
5.00
53.00
11.00
10.00
14.00
4.00
46.00
19.00
13.00
2.00
298.00
3.00
97.00
23.00
17.00
198.00
83.00
115.00
58.00
58.00
149.00
219.00
160.00
41.00
8.00
0.00
22.00
3.00
1.00
256.00
275.00
253.00
168.00
106.00
26.00
18.00
15.00
29.00
25.00
94.00
28.00
18.00
35.00
186.00
259.00
244.00
185.00
12.00
68.00
24.00
30.00
5.00
21.00
29.00
74.00
238.00
29.00
12.00
147.00
191.00
187.00
689.00
107.00
12.00
0.00
127.00
153.00
2.00
0.00
0.00
621.00
51.00
176.00
445.00
4.00
28.00
249.00
224.00
188.00
65.00
17.00
19.00
11.00
4.00
8.00
18.00
2.00
96.00
263.00
542.00
4.00
10.00
9.00
147.00
159.00
106.00
131.00
11.00
166.00
9.00
137.00
55.00
86.00
65.00
167.00
0.00
167.00
45.00
13.00
4.00
546.00
128.00
56.00
250.00
60.00
0.00
25.00
10.00
31.00
0.00
0.00
0.00
0.00
0.00
0.00
0.00
0.00
0.00
0.00
0.00
1.00
0.00
0.00
175.00
12.00
96.00
0.00
0.00
0.00
0.00
70.00
327.00
278.00
0.00
0.00
0.00
0.00
0.00
0.00
0.00
0.00
0.00
0.00
0.00
0.00
0.00
0.00
0.00
0.00
0.00
0.00
0.00
0.00
0.00
0.00
0.00
0.00
0.00
0.00
0.00
0.00
0.00
0.00
0.00
0.00
0.00
0.00
0.00
0.00
0.00
0.00
0.00
0.00
0.00
0.00
0.00
0.00
0.00
0.00
0.00
0.00
0.00
0.00
0.00
0.00
0.00
0.00
0.00
0.00
0.00
0.00
0.00
0.00
0.00
0.00
0.00
0.00
0.00
0.00
0.00
0.00
0.00
0.00
0.00
0.00
0.00
0.00
0.00
0.00
0.00
0.00
0.00
0.00
0.00
0.00
3.00
0.00
0.00
0.00
0.00
0.00
0.00
0.00
0.00
0.00
0.00
0.00
0.00
0.00
0.00
0.00
0.00
0.00
0.00
0.00
0.00
0.00
0.00
0.00
0.00
0.00
0.00
0.00
0.00
0.00
0.00
0.00
0.00
0.00
0.00
0.00
1.00
43.00
0.00
0.00
87.00
1.00
147.00
298.00
0.00
0.00
0.00
0.00
0.00
0.00
103.00
16.00
48.00
0.00
0.00
0.00
0.00
83.00
0.00
14.00
40.00
57.00
127.00
3.00
0.00
0.00
171.00
5.00
265.00
0.00
0.00
0.00
0.00
0.00
0.00
0.00
0.00
0.00
5.00
0.00
0.00
53.00
522.00
1.00
112.00
927.00
60.00
242.00
104.00
0.00
5.00
0.00
136.00
9.00
418.00
0.00
0.00
0.00
12.00
16.00
0.00
0.00
179.00
0.00
0.00
0.00
15.00
406.00
812.00
11.00
125.00
0.00
155.00
0.00
0.00
0.00
0.00
0.00
0.00
27.00
6.00
6.00
143.00
265.00
138.00
368.00
34.00
2.00
33.00
314.00
0.00
0.00
43.00
17.00
140.00
176.00
400.00
44.00
107.00
18.00
568.00
407.00
281.00
788.00
4.00
6.00
68.00
5.00
80.00
10.00
20.00
37.00
37.00
58.00
117.00
128.00
67.00
203.00
308.00
87.00
4.00
5.00
13.00
38.00
149.00
278.00
455.00
37.00
42.00
28.00
136.00
181.00
38.00
298.00
503.00
166.00
128.00
102.00
307.00
193.00
96.00
65.00
18.00
39.00
32.00
1.00
3.00
140.00
93.00
198.00
88.00
4.00
16.00
3.00
40.00
252.00
512.00
384.00
234.00
277.00
72.00
45.00
188.00
142.00
95.00
75.00
250.00
91.00
81.00
62.00
34.00
72.00
242.00
8.00
247.00
64.00
208.00
95.00
35.00
304.00
86.00
4.00
40.00
137.00
48.00
297.00
599.00
811.00
2.00
11.00
11.00
1.00
7.00
191.00
268.00
173.00
61.00
175.00
1.00
1.00
8.00
35.00
47.00
312.00
150.00
226.00
48.00
97.00
2.00
13.00
0.00
4.00
57.00
12.00
58.00
14.00
0.00
0.00
4.00
0.00
9.00
22.00
0.00
0.00
49.00
310.00
1058.00
470.00
0.00
0.00
0.00
0.00
0.00
0.00
0.00
22.00
81.00
0.00
0.00
0.00
0.00
0.00
0.00
0.00
0.00
0.00
0.00
0.00
0.00
100.00
0.00
19.00
436.00
71.00
2.00
0.00
1.00
0.00
0.00
0.00
0.00
0.00
0.00
0.00
0.00
0.00
0.00
0.00
0.00
0.00
0.00
0.00
0.00
3.00
0.00
240.00
268.00
49.00
0.00
0.00
0.00
0.00
0.00
0.00
0.00
0.00
0.00
0.00
0.00
0.00
0.00
0.00
0.00
0.00
0.00
0.00
0.00
0.00
37.00
268.00
0.00
0.00
0.00
0.00
0.00
0.00
0.00
0.00
0.00
0.00
0.00
0.00
0.00
0.00
0.00
0.00
0.00
0.00
0.00
0.00
0.00
0.00
0.00
0.00
0.00
0.00
0.00
0.00
0.00
0.00
0.00
0.00
0.00
0.00
13.00
0.00
675.00
400.00
352.00
213.00
83.00
0.00
242.00
194.00
0.00
0.00
0.00
0.00
0.00
10.00
0.00
0.00
0.00
0.00
97.00
462.00
0.00
0.00
0.00
0.00
0.00
0.00
64.00
0.00
0.00
0.00
0.00
0.00
0.00
0.00
0.00
0.00
31.00
61.00
9.00
0.00
0.00
0.00
0.00
0.00
0.00
0.00
17.00
1.00
0.00
8.00
0.00
426.00
252.00
0.00
50.00
0.00
0.00
57.00
209.00
344.00
76.00
4.00
0.00
71.00
75.00
0.00
161.00
0.00
45.00
348.00
32.00
204.00
88.00
297.00
98.00
0.00
0.00
8.00
124.00
0.00
0.00
433.00
84.00
50.00
213.00
0.00
174.00
1462.00
107.00
98.00
9.00
134.00
180.00
483.00
0.00
120.00
4.00
118.00
66.00
0.00
226.00
84.00
192.00
318.00
4.00
15.00
92.00
18.00
0.00
0.00
9.00
0.00
116.00
297.00
65.00
19.00
129.00
124.00
2.00
0.00
25.00
62.00
400.00
209.00
1.00
1203.00
1.00
53.00
526.00
76.00
0.00
0.00
250.00
0.00
0.00
10.00
23.00
6.00
44.00
32.00
4.00
8.00
3.00
2.00
25.00
22.00
230.00
93.00
46.00
6.00
14.00
7.00
4.00
6.00
13.00
77.00
274.00
359.00
99.00
0.00
15.00
0.00
26.00
33.00
102.00
26.00
892.00
176.00
146.00
17.00
31.00
139.00
9.00
8.00
82.00
20.00
27.00
0.00
15.00
91.00
112.00
13.00
5.00
1.00
53.00
23.00
65.00
76.00
223.00
46.00
251.00
213.00
157.00
85.00
66.00
51.00
2.00
57.00
50.00
54.00
69.00
22.00
7.00
0.00
0.00
5.00
7.00
27.00
21.00
239.00
12.00
0.00
0.00
48.00
2.00
29.00
111.00
133.00
2.00
36.00
3.00
2.00
0.00
22.00
151.00
171.00
10.00
0.00
6.00
0.00
130.00
34.00
14.00
0.00
44.00
0.00
0.00
0.00
0.00
0.00
0.00
0.00
0.00
0.00
44.00
90.00
103.00
121.00
14.00
0.00
0.00
0.00
0.00
0.00
0.00
0.00
0.00
0.00
0.00
0.00
0.00
0.00
2.00
44.00
36.00
44.00
0.00
0.00
0.00
0.00
0.00
19.00
4.00
0.00
0.00
0.00
0.00
0.00
3.00
0.00
0.00
0.00
0.00
0.00
0.00
0.00
2.00
0.00
0.00
0.00
0.00
0.00
0.00
0.00
0.00
0.00
0.00
0.00
0.00
0.00
0.00
1.00
5.00
0.00
0.00
0.00
0.00
0.00
0.00
0.00
0.00
0.00
24.00
113.00
31.00
0.00
0.00
0.00
0.00
0.00
0.00
0.00
0.00
0.00
0.00
0.00
0.00
0.00
0.00
0.00
0.00
0.00
0.00
0.00
0.00
0.00
0.00
0.00
0.00
0.00
0.00
0.00
0.00
0.00
0.00
0.00
0.00
0.00
0.00
0.00
0.00
0.00
0.00
0.00
0.00
0.00
0.00
0.00
0.00
0.00
0.00
0.00
0.00
0.00
0.00
0.00
0.00
0.00
0.00
0.00
0.00
0.00
0.00
0.00
0.00
3.00
0.00
0.00
0.00
0.00
0.00
0.00
4.90
25.60
17.00
37.00
6.50
0.00
0.00
0.00
0.30
3.20
0.00
0.00
0.00
0.00
0.00
0.00
0.00
0.00
0.30
5.00
0.20
52.40
0.50
0.10
0.00
0.00
0.40
0.00
0.00
0.00
0.90
0.10
0.00
0.00
4.70
39.50
0.10
46.70
10.90
0.00
0.20
102.60
0.00
16.30
28.00
1.10
4.90
5.20
38.10
0.00
0.00
10.60
0.00
0.00
0.00
0.00
7.20
0.00
0.00
0.00
0.00
0.00
0.00
0.00
0.00
0.00
0.00
0.10
77.30
57.70
0.00
0.00
0.00
0.00
0.00
0.00
0.40
0.00
21.70
0.30
0.00
0.00
2.00
0.00
9.10
9.10
0.00
32.20
32.20
87.00
3.60
0.00
6.10
0.00
0.00
0.50
5.10
15.10
48.80
35.70
39.60
30.40
1.40
2.40
0.60
1.40
0.00
0.00
0.60
5.30
35.70
66.50
0.00
56.00
1.60
1.60
5.90
6.10
10.10
0.00
0.00
5.00
3.60
3.60
2.80
0.00
1.20
0.00
0.50
0.80
1.10
2.20
2.10
11.10
19.50
19.80
19.80
30.70
30.70
73.30
1.20
1.20
4.80
2.90
1.20
1.20
1.20
2.50
12.60
2.40
17.70
75.90
4.40
3.20
1.40
5.60
23.10
10.60
1.70
5.60
4.80
40.50
27.80
6.80
6.40
25.50
0.60
4.70
9.10
25.60
32.70
51.30
17.60
0.80
1.90
0.20
1.00
4.90
5.40
21.60
16.80
15.60
0.20
0.40
0.00
2.50
1.30
0.50
8.00
46.30
44.00
6.30
17.80
0.10
0.00
1.10
2.80
5.30
1.50
1.40
21.40
11.80
0.20
0.40
0.20
0.20
0.70
0.10
1.50
3.80
8.60
1.60
30.40
44.20
3.30
3.40
12.40
10.60
11.10
11.10
21.30
0.30
2.40
12.50
11.30
9.20
1.10
14.80
6.10
0.00
0.10
0.00
0.00
0.20
10.20
0.00
0.00
0.50
0.00
0.10
3.20
1.30
0.10
0.00
2.30
