20160101
0.00
0.00
0.00
0.00
0.00
0.00
0.00
0.00
72.00
0.00
0.00
0.00
3.00
0.00
0.00
0.00
0.00
0.00
0.00
8.00
0.00
0.00
0.00
0.00
0.00
0.00
0.00
0.00
0.00
0.00
0.00
0.00
0.00
0.00
0.00
0.00
0.00
0.00
0.00
1.00
0.00
0.00
0.00
0.00
0.00
0.00
0.00
0.00
0.00
0.00
0.00
0.00
1.00
122.00
89.00
2.00
13.00
0.00
0.00
0.00
0.00
0.00
1.00
0.00
0.00
42.00
0.00
0.00
0.00
1.00
0.00
0.00
0.00
0.00
0.00
7.00
0.00
0.00
0.00
0.00
53.00
0.00
9.00
0.00
0.00
0.00
0.00
391.00
4.00
31.00
193.00
235.00
0.00
173.00
540.00
37.00
0.00
0.00
0.00
0.00
0.00
0.00
0.00
0.00
85.00
2.00
148.00
181.00
0.00
18.00
0.00
0.00
0.00
0.00
0.00
54.00
0.00
4.00
0.00
0.00
14.00
273.00
409.00
147.00
134.00
12.00
56.00
14.00
0.00
0.00
0.00
0.00
534.00
95.00
11.00
66.00
2.00
211.00
103.00
100.00
574.00
1189.00
8.00
2.00
162.00
127.00
1.00
0.00
38.00
100.00
18.00
19.00
15.00
52.00
103.00
858.00
13.00
2.00
3.00
30.00
8.00
177.00
136.00
49.00
14.00
5.00
1.00
227.00
256.00
14.00
0.00
15.00
20.00
12.00
33.00
25.00
81.00
59.00
92.00
193.00
119.00
2.00
65.00
55.00
39.00
158.00
25.00
0.00
132.00
46.00
98.00
83.00
6.00
11.00
0.00
24.00
140.00
43.00
14.00
56.00
0.00
2.00
4.00
30.00
70.00
61.00
268.00
7.00
12.00
7.00
230.00
121.00
67.00
107.00
57.00
130.00
60.00
87.00
28.00
92.00
67.00
74.00
118.00
0.00
50.00
107.00
97.00
32.00
46.00
63.00
0.00
2.00
292.00
24.00
0.00
2.00
3.00
999.00
104.00
223.00
28.00
29.00
208.00
138.00
128.00
35.00
13.00
2.00
11.00
1.00
8.00
1.00
0.00
6.00
31.00
114.00
442.00
273.00
23.00
540.00
89.00
45.00
89.00
158.00
76.00
58.00
131.00
0.00
3.00
111.00
450.00
135.00
0.00
981.00
166.00
0.00
0.00
148.00
166.00
262.00
214.00
159.00
14.00
22.00
363.00
136.00
0.00
0.00
0.00
0.00
0.00
0.00
0.00
0.00
0.00
0.00
0.00
0.00
0.00
25.00
18.00
48.00
117.00
0.00
0.00
0.00
45.00
13.00
210.00
702.00
189.00
0.00
0.00
0.00
0.00
0.00
0.00
0.00
0.00
0.00
0.00
0.00
0.00
0.00
0.00
0.00
0.00
0.00
0.00
0.00
0.00
0.00
0.00
0.00
0.00
0.00
0.00
0.00
0.00
0.00
0.00
0.00
10.00
29.00
0.00
0.00
0.00
0.00
0.00
0.00
0.00
0.00
0.00
0.00
0.00
0.00
0.00
0.00
0.00
0.00
0.00
0.00
0.00
0.00
0.00
0.00
0.00
0.00
0.00
0.00
0.00
0.00
0.00
0.00
0.00
0.00
0.00
0.00
0.00
0.00
0.00
0.00
0.00
0.00
0.00
0.00
0.00
0.00
0.00
0.00
0.00
0.00
1.00
0.00
0.00
0.00
0.00
0.00
0.00
0.00
0.00
0.00
0.00
0.00
0.00
0.00
0.00
0.00
0.00
0.00
0.00
0.00
0.00
0.00
0.00
0.00
0.00
0.00
0.00
82.00
0.00
0.00
0.00
0.00
0.00
0.00
0.00
0.00
4.00
167.00
29.00
10.00
224.00
0.00
122.00
156.00
0.00
0.00
0.00
0.00
0.00
0.00
138.00
0.00
60.00
0.00
0.00
0.00
0.00
100.00
0.00
0.00
2.00
173.00
242.00
2.00
0.00
0.00
197.00
336.00
620.00
0.00
0.00
0.00
0.00
0.00
0.00
0.00
0.00
0.00
96.00
12.00
0.00
0.00
553.00
419.00
112.00
384.00
145.00
510.00
201.00
0.00
1.00
7.00
23.00
125.00
24.00
0.00
0.00
94.00
0.00
31.00
0.00
0.00
89.00
0.00
0.00
0.00
49.00
22.00
418.00
2.00
79.00
0.00
21.00
8.00
62.00
16.00
0.00
0.00
1.00
3.00
6.00
90.00
184.00
513.00
125.00
513.00
91.00
135.00
516.00
0.00
1.00
43.00
170.00
452.00
797.00
93.00
441.00
534.00
69.00
17.00
181.00
37.00
43.00
660.00
9.00
0.00
169.00
106.00
396.00
182.00
189.00
111.00
59.00
11.00
151.00
97.00
0.00
80.00
35.00
24.00
14.00
11.00
0.00
28.00
56.00
19.00
139.00
445.00
194.00
286.00
121.00
147.00
54.00
81.00
171.00
20.00
143.00
54.00
685.00
63.00
21.00
49.00
110.00
86.00
56.00
1.00
0.00
18.00
115.00
223.00
69.00
33.00
0.00
9.00
0.00
139.00
628.00
37.00
17.00
20.00
78.00
32.00
53.00
8.00
50.00
177.00
78.00
157.00
358.00
172.00
190.00
286.00
62.00
171.00
99.00
62.00
49.00
23.00
15.00
170.00
53.00
2.00
122.00
88.00
25.00
0.00
55.00
108.00
1.00
15.00
12.00
1.00
64.00
78.00
141.00
8.00
9.00
5.00
0.00
0.00
11.00
59.00
173.00
205.00
94.00
87.00
61.00
47.00
29.00
34.00
91.00
509.00
257.00
24.00
4.00
2.00
0.00
0.00
10.00
0.00
0.00
0.00
0.00
177.00
337.00
485.00
305.00
1202.00
0.00
0.00
0.00
0.00
0.00
0.00
1.00
733.00
205.00
0.00
0.00
0.00
0.00
0.00
0.00
0.00
0.00
0.00
0.00
0.00
0.00
131.00
0.00
2.00
109.00
22.00
11.00
0.00
0.00
0.00
0.00
0.00
0.00
0.00
0.00
0.00
0.00
0.00
0.00
0.00
0.00
0.00
0.00
0.00
0.00
5.00
7.00
461.00
423.00
333.00
0.00
0.00
0.00
0.00
0.00
0.00
0.00
0.00
1.00
0.00
0.00
0.00
0.00
0.00
0.00
0.00
0.00
0.00
0.00
0.00
69.00
173.00
18.00
0.00
0.00
0.00
0.00
0.00
0.00
0.00
0.00
0.00
0.00
0.00
0.00
0.00
0.00
0.00
0.00
0.00
0.00
0.00
0.00
0.00
0.00
0.00
0.00
0.00
0.00
0.00
0.00
0.00
0.00
0.00
0.00
0.00
0.00
0.00
73.00
32.00
553.00
10.00
138.00
0.00
3.00
2.00
0.00
0.00
0.00
0.00
0.00
1.00
0.00
0.00
0.00
0.00
0.00
281.00
0.00
0.00
0.00
0.00
0.00
0.00
2.00
0.00
0.00
0.00
0.00
0.00
0.00
0.00
69.00
0.00
0.00
1.00
78.00
60.00
0.00
0.00
0.00
0.00
0.00
0.00
45.00
40.00
0.00
0.00
0.00
118.00
59.00
0.00
9.00
202.00
0.00
56.00
62.00
131.00
245.00
0.00
2.00
15.00
0.00
0.00
25.00
0.00
0.00
103.00
29.00
14.00
14.00
310.00
133.00
0.00
1.00
35.00
2.00
5.00
24.00
111.00
381.00
12.00
1.00
6.00
253.00
555.00
826.00
665.00
403.00
611.00
500.00
157.00
0.00
13.00
14.00
20.00
117.00
0.00
40.00
103.00
427.00
4.00
2.00
118.00
296.00
4.00
0.00
0.00
28.00
115.00
14.00
37.00
29.00
11.00
206.00
204.00
183.00
10.00
212.00
283.00
415.00
477.00
609.00
664.00
192.00
63.00
413.00
0.00
24.00
24.00
35.00
0.00
52.00
8.00
13.00
62.00
3.00
83.00
86.00
22.00
0.00
1.00
10.00
87.00
172.00
88.00
2.00
3.00
35.00
4.00
18.00
92.00
36.00
41.00
78.00
44.00
198.00
11.00
8.00
36.00
4.00
26.00
38.00
29.00
82.00
57.00
4.00
20.00
6.00
36.00
40.00
122.00
97.00
7.00
7.00
5.00
335.00
198.00
71.00
26.00
379.00
28.00
92.00
157.00
340.00
365.00
143.00
354.00
62.00
107.00
3.00
9.00
61.00
78.00
4.00
44.00
37.00
62.00
90.00
110.00
0.00
3.00
0.00
45.00
44.00
1.00
40.00
251.00
15.00
0.00
0.00
1.00
171.00
12.00
4.00
28.00
0.00
0.00
66.00
7.00
20.00
8.00
51.00
353.00
28.00
0.00
36.00
12.00
20.00
0.00
0.00
2.00
0.00
0.00
4.00
0.00
0.00
0.00
0.00
0.00
0.00
0.00
148.00
100.00
531.00
343.00
22.00
0.00
0.00
0.00
0.00
0.00
0.00
0.00
0.00
0.00
0.00
0.00
0.00
0.00
20.00
146.00
275.00
117.00
45.00
0.00
0.00
22.00
0.00
0.00
0.00
0.00
0.00
0.00
0.00
0.00
0.00
0.00
0.00
0.00
0.00
0.00
0.00
0.00
0.00
0.00
0.00
0.00
0.00
0.00
0.00
0.00
0.00
0.00
0.00
0.00
0.00
0.00
0.00
0.00
1.00
0.00
0.00
0.00
0.00
0.00
0.00
0.00
1.00
0.00
16.00
33.00
1.00
0.00
0.00
0.00
0.00
0.00
0.00
0.00
0.00
0.00
0.00
0.00
0.00
0.00
0.00
0.00
0.00
0.00
0.00
0.00
0.00
0.00
0.00
0.00
0.00
0.00
0.00
0.00
0.00
0.00
0.00
0.00
0.00
0.00
0.00
0.00
0.00
0.00
0.00
0.00
0.00
0.00
0.00
0.00
0.00
0.00
0.00
0.00
0.00
0.00
0.00
0.00
0.00
0.00
0.00
0.00
0.00
0.00
0.00
0.00
4.00
8.00
0.00
0.00
0.00
0.00
0.00
0.00
0.00
120.10
125.60
68.60
61.00
0.00
0.00
0.00
1.70
32.60
2.60
0.00
0.00
0.00
0.00
0.00
0.00
0.00
0.00
1.10
1.30
44.60
5.30
0.00
0.00
0.00
3.80
0.00
0.00
0.00
0.00
0.10
0.00
0.00
0.00
82.90
27.50
179.50
17.40
0.00
0.80
11.30
0.00
12.40
20.80
0.00
2.90
0.00
0.00
0.00
0.00
0.10
0.00
0.00
0.00
0.00
0.00
0.40
0.00
0.00
0.00
0.00
0.00
0.00
0.00
0.00
0.00
0.00
2.60
35.70
0.00
0.00
0.00
0.00
0.00
0.00
0.20
0.00
0.40
19.70
3.60
6.80
3.30
3.10
0.30
0.30
0.00
9.50
9.50
60.10
6.30
1.40
0.00
0.00
0.00
0.00
1.70
8.60
0.40
4.00
16.80
0.00
0.30
0.40
1.40
6.30
0.00
0.00
11.70
36.00
36.70
1.40
0.40
0.10
47.60
31.30
24.70
8.80
2.00
0.00
0.30
1.60
1.50
3.10
1.20
0.40
11.40
0.10
0.10
0.10
7.60
6.80
13.00
15.60
38.70
32.50
32.50
34.90
34.90
13.50
0.20
0.20
0.40
25.60
0.20
0.20
0.20
0.10
0.00
2.20
1.50
30.80
9.10
3.20
4.90
0.30
10.50
2.00
3.40
11.40
31.80
36.60
13.20
15.80
7.40
9.80
0.50
1.00
3.40
21.70
14.50
10.40
12.50
0.40
2.00
0.10
0.70
14.90
0.80
25.50
33.20
26.10
32.40
0.90
0.60
5.00
5.70
12.20
1.40
4.90
8.70
8.60
41.90
27.00
10.10
1.30
2.50
6.60
9.70
10.00
9.70
3.00
0.70
7.20
0.60
0.00
0.00
7.30
0.00
16.30
25.30
25.70
16.70
20.50
0.00
30.00
0.00
25.70
2.70
2.70
8.70
0.00
0.00
3.10
31.70
1.80
0.00
11.80
8.30
0.00
0.00
0.00
0.70
1.80
0.00
0.00
0.00
0.00
0.00
0.30
7.40
0.90
0.10
0.00
1.00
