20160101
0.00
0.00
0.00
0.00
0.00
0.00
0.00
0.00
6.00
0.00
0.00
0.00
0.00
0.00
0.00
0.00
0.00
0.00
0.00
1.00
0.00
0.00
0.00
0.00
0.00
0.00
0.00
0.00
0.00
0.00
0.00
0.00
0.00
0.00
0.00
0.00
0.00
0.00
0.00
0.00
0.00
0.00
3.00
0.00
0.00
0.00
0.00
0.00
0.00
0.00
0.00
2.00
1.00
22.00
43.00
0.00
22.00
0.00
0.00
0.00
0.00
0.00
1.00
0.00
0.00
27.00
0.00
0.00
0.00
0.00
0.00
0.00
0.00
0.00
0.00
21.00
0.00
0.00
0.00
0.00
28.00
0.00
37.00
0.00
0.00
0.00
0.00
264.00
0.00
132.00
399.00
129.00
24.00
55.00
212.00
94.00
3.00
0.00
0.00
0.00
0.00
0.00
0.00
0.00
95.00
101.00
171.00
135.00
1.00
13.00
7.00
133.00
85.00
0.00
0.00
116.00
0.00
51.00
0.00
0.00
23.00
74.00
246.00
39.00
161.00
2.00
6.00
2.00
0.00
0.00
0.00
0.00
151.00
4.00
0.00
17.00
1.00
104.00
237.00
61.00
340.00
799.00
0.00
29.00
64.00
18.00
0.00
0.00
40.00
24.00
0.00
59.00
4.00
16.00
103.00
413.00
39.00
41.00
47.00
7.00
30.00
314.00
42.00
40.00
49.00
0.00
29.00
34.00
296.00
21.00
6.00
6.00
6.00
66.00
5.00
45.00
20.00
32.00
29.00
34.00
115.00
5.00
81.00
2.00
85.00
3.00
3.00
4.00
36.00
40.00
44.00
31.00
33.00
11.00
2.00
23.00
158.00
66.00
21.00
2.00
3.00
2.00
5.00
31.00
40.00
40.00
302.00
16.00
5.00
24.00
120.00
4.00
50.00
71.00
11.00
13.00
17.00
60.00
100.00
200.00
147.00
9.00
11.00
25.00
207.00
171.00
77.00
1.00
4.00
1.00
6.00
3.00
443.00
10.00
0.00
31.00
0.00
281.00
3.00
9.00
41.00
8.00
301.00
61.00
7.00
0.00
55.00
25.00
8.00
13.00
10.00
0.00
18.00
2.00
28.00
87.00
104.00
1.00
76.00
248.00
117.00
11.00
6.00
87.00
87.00
39.00
235.00
25.00
48.00
6.00
383.00
18.00
7.00
383.00
8.00
7.00
0.00
188.00
132.00
97.00
133.00
1.00
0.00
4.00
68.00
221.00
0.00
0.00
0.00
0.00
0.00
0.00
0.00
0.00
0.00
0.00
0.00
2.00
1.00
0.00
45.00
31.00
98.00
11.00
5.00
0.00
40.00
4.00
115.00
456.00
170.00
0.00
0.00
0.00
0.00
0.00
0.00
0.00
0.00
0.00
0.00
0.00
0.00
0.00
0.00
0.00
0.00
0.00
0.00
0.00
0.00
0.00
0.00
0.00
0.00
0.00
0.00
0.00
0.00
0.00
0.00
0.00
0.00
0.00
0.00
0.00
0.00
0.00
12.00
0.00
0.00
0.00
0.00
0.00
0.00
0.00
0.00
0.00
0.00
0.00
0.00
0.00
0.00
0.00
0.00
0.00
0.00
0.00
0.00
0.00
0.00
0.00
0.00
0.00
0.00
0.00
0.00
0.00
0.00
0.00
0.00
0.00
0.00
0.00
0.00
0.00
0.00
0.00
0.00
0.00
0.00
0.00
6.00
0.00
0.00
0.00
0.00
0.00
0.00
0.00
0.00
0.00
0.00
0.00
0.00
0.00
0.00
0.00
0.00
0.00
0.00
0.00
0.00
0.00
0.00
0.00
0.00
0.00
0.00
0.00
0.00
0.00
0.00
0.00
0.00
0.00
0.00
0.00
0.00
94.00
47.00
5.00
236.00
0.00
295.00
51.00
0.00
0.00
0.00
0.00
0.00
0.00
132.00
0.00
77.00
0.00
0.00
0.00
0.00
78.00
0.00
0.00
0.00
38.00
160.00
15.00
1.00
0.00
436.00
402.00
109.00
0.00
0.00
0.00
0.00
0.00
0.00
0.00
0.00
0.00
54.00
4.00
0.00
10.00
303.00
157.00
85.00
156.00
80.00
77.00
38.00
0.00
0.00
14.00
1.00
21.00
40.00
0.00
0.00
27.00
0.00
7.00
0.00
0.00
146.00
0.00
0.00
0.00
43.00
4.00
379.00
11.00
32.00
0.00
7.00
0.00
160.00
0.00
0.00
0.00
0.00
2.00
167.00
218.00
185.00
443.00
33.00
255.00
135.00
177.00
153.00
0.00
161.00
86.00
592.00
713.00
394.00
165.00
217.00
161.00
0.00
170.00
9.00
70.00
27.00
43.00
0.00
3.00
9.00
115.00
187.00
135.00
279.00
103.00
107.00
55.00
241.00
43.00
4.00
25.00
35.00
63.00
19.00
30.00
2.00
13.00
20.00
51.00
20.00
270.00
198.00
173.00
20.00
50.00
67.00
55.00
6.00
47.00
17.00
106.00
192.00
37.00
36.00
39.00
106.00
81.00
78.00
65.00
0.00
2.00
210.00
63.00
63.00
19.00
2.00
6.00
2.00
40.00
211.00
46.00
10.00
1.00
54.00
30.00
17.00
26.00
25.00
107.00
41.00
55.00
106.00
35.00
206.00
334.00
2.00
131.00
46.00
42.00
47.00
4.00
6.00
1.00
0.00
3.00
8.00
91.00
9.00
0.00
35.00
10.00
15.00
64.00
160.00
46.00
22.00
120.00
145.00
89.00
25.00
2.00
0.00
6.00
6.00
12.00
318.00
70.00
228.00
0.00
2.00
112.00
169.00
70.00
7.00
33.00
89.00
35.00
34.00
4.00
7.00
15.00
8.00
7.00
0.00
0.00
0.00
3.00
396.00
189.00
102.00
559.00
0.00
0.00
0.00
0.00
0.00
0.00
11.00
423.00
128.00
0.00
0.00
0.00
0.00
0.00
0.00
0.00
0.00
0.00
0.00
0.00
0.00
64.00
0.00
2.00
181.00
47.00
11.00
0.00
0.00
0.00
0.00
0.00
0.00
0.00
0.00
0.00
0.00
0.00
0.00
0.00
0.00
0.00
0.00
0.00
0.00
1.00
22.00
349.00
227.00
176.00
0.00
0.00
0.00
0.00
0.00
0.00
0.00
0.00
32.00
0.00
0.00
0.00
0.00
0.00
0.00
0.00
0.00
0.00
0.00
0.00
28.00
184.00
77.00
0.00
0.00
0.00
0.00
0.00
0.00
0.00
0.00
0.00
0.00
0.00
0.00
0.00
0.00
0.00
0.00
0.00
0.00
0.00
0.00
0.00
0.00
0.00
0.00
0.00
0.00
0.00
0.00
0.00
0.00
0.00
0.00
0.00
0.00
0.00
8.00
6.00
271.00
0.00
74.00
0.00
0.00
0.00
0.00
0.00
0.00
0.00
0.00
0.00
0.00
0.00
0.00
0.00
0.00
147.00
0.00
0.00
0.00
0.00
0.00
0.00
0.00
0.00
0.00
0.00
0.00
0.00
0.00
0.00
67.00
0.00
0.00
2.00
125.00
3.00
0.00
0.00
0.00
0.00
0.00
0.00
0.00
0.00
4.00
0.00
0.00
82.00
43.00
0.00
14.00
204.00
16.00
24.00
0.00
30.00
95.00
0.00
0.00
0.00
15.00
0.00
6.00
0.00
0.00
64.00
10.00
2.00
1.00
141.00
5.00
0.00
0.00
23.00
29.00
91.00
85.00
107.00
277.00
2.00
181.00
0.00
74.00
358.00
644.00
613.00
478.00
479.00
360.00
335.00
0.00
21.00
0.00
16.00
0.00
10.00
0.00
0.00
1.00
0.00
0.00
0.00
185.00
0.00
0.00
0.00
11.00
63.00
1.00
14.00
6.00
30.00
566.00
785.00
206.00
13.00
263.00
240.00
142.00
288.00
676.00
423.00
230.00
128.00
136.00
0.00
0.00
0.00
0.00
0.00
79.00
31.00
0.00
1.00
0.00
77.00
68.00
12.00
1.00
1.00
2.00
70.00
6.00
0.00
7.00
6.00
84.00
5.00
19.00
59.00
79.00
43.00
70.00
48.00
91.00
16.00
31.00
24.00
18.00
6.00
45.00
11.00
14.00
21.00
5.00
0.00
31.00
2.00
98.00
96.00
149.00
11.00
0.00
0.00
67.00
45.00
29.00
10.00
164.00
52.00
5.00
77.00
187.00
27.00
117.00
96.00
14.00
222.00
10.00
14.00
112.00
75.00
0.00
100.00
29.00
88.00
221.00
4.00
34.00
5.00
9.00
167.00
19.00
0.00
8.00
13.00
7.00
8.00
0.00
31.00
259.00
18.00
0.00
0.00
0.00
0.00
156.00
2.00
8.00
153.00
22.00
3.00
78.00
0.00
106.00
47.00
5.00
2.00
32.00
0.00
0.00
0.00
1.00
0.00
10.00
6.00
0.00
2.00
5.00
0.00
145.00
81.00
596.00
385.00
32.00
0.00
0.00
0.00
0.00
0.00
0.00
0.00
0.00
0.00
0.00
0.00
0.00
0.00
172.00
158.00
144.00
108.00
23.00
0.00
0.00
3.00
0.00
0.00
0.00
0.00
0.00
0.00
0.00
0.00
2.00
0.00
0.00
0.00
0.00
0.00
0.00
0.00
0.00
0.00
0.00
0.00
0.00
0.00
0.00
0.00
0.00
0.00
0.00
0.00
0.00
0.00
0.00
0.00
0.00
0.00
0.00
0.00
0.00
0.00
0.00
0.00
2.00
0.00
11.00
23.00
19.00
0.00
0.00
0.00
0.00
0.00
0.00
0.00
0.00
0.00
0.00
0.00
0.00
0.00
0.00
0.00
0.00
0.00
0.00
0.00
0.00
0.00
0.00
0.00
0.00
0.00
0.00
0.00
0.00
0.00
0.00
0.00
0.00
0.00
0.00
0.00
0.00
0.00
0.00
0.00
0.00
0.00
4.00
0.00
0.00
0.00
0.00
0.00
0.00
0.00
0.00
0.00
0.00
0.00
0.00
0.00
0.00
0.00
0.00
0.00
1.00
3.00
0.00
0.00
0.00
0.00
0.00
0.00
0.00
164.10
197.30
114.20
66.20
0.00
0.00
0.00
4.30
38.00
11.00
0.00
0.00
0.00
0.00
0.00
0.00
0.00
0.00
0.00
0.90
47.90
4.10
0.00
0.00
0.00
1.10
0.00
0.00
0.00
0.00
0.00
0.00
0.00
0.00
102.80
34.00
118.10
7.80
1.70
0.90
2.60
0.00
20.90
36.50
0.50
0.90
0.00
0.00
0.00
0.00
0.00
0.00
0.00
0.00
0.00
0.00
0.50
0.00
0.00
0.00
0.00
0.00
0.30
1.30
0.00
0.00
0.20
0.40
7.10
0.00
0.00
0.00
0.00
0.00
0.00
0.00
0.00
0.00
4.20
0.50
1.50
10.40
7.10
0.80
0.80
0.00
2.40
2.40
47.00
8.10
0.20
0.00
0.00
0.00
0.00
23.80
6.50
0.00
1.70
5.50
0.00
5.20
8.80
0.80
3.70
0.60
0.20
6.70
14.80
8.20
1.60
0.10
0.10
0.90
26.00
12.40
5.20
0.90
0.20
3.50
5.80
3.80
3.40
0.10
2.00
0.10
3.70
3.50
0.10
13.90
4.50
7.00
13.30
2.60
4.00
4.00
6.20
6.20
6.60
5.30
5.30
0.20
8.10
5.30
5.30
5.30
0.90
3.80
1.40
0.40
31.80
10.10
6.80
12.20
0.50
19.60
0.50
4.20
10.70
17.60
0.80
28.50
9.20
2.90
3.90
0.10
0.60
0.90
5.50
5.80
6.20
5.60
0.20
2.10
0.00
2.10
10.80
0.30
3.50
25.40
30.40
0.60
1.70
0.40
9.50
0.20
0.40
2.10
6.20
0.70
0.20
6.70
18.70
12.80
7.10
0.60
0.90
3.10
13.20
2.00
1.90
0.70
9.80
4.40
0.90
2.20
9.80
4.20
14.30
25.80
27.00
17.50
20.30
1.30
6.30
12.10
17.90
5.00
5.00
2.50
0.00
0.00
0.00
1.40
7.50
8.60
10.60
7.70
0.10
0.00
0.00
0.20
29.70
0.20
0.50
0.20
0.50
0.00
0.60
6.40
1.10
0.10
0.80
1.00
