20160101
0.00
0.00
0.00
0.00
0.00
0.00
0.00
0.00
5.00
0.00
0.00
0.00
2.00
0.00
0.00
0.00
0.00
0.00
0.00
14.00
0.00
0.00
0.00
0.00
0.00
0.00
0.00
0.00
0.00
0.00
0.00
0.00
0.00
0.00
0.00
0.00
0.00
0.00
0.00
0.00
0.00
0.00
0.00
0.00
0.00
0.00
0.00
0.00
0.00
0.00
3.00
0.00
0.00
4.00
180.00
0.00
23.00
0.00
0.00
0.00
0.00
0.00
0.00
0.00
0.00
171.00
0.00
0.00
0.00
0.00
0.00
0.00
0.00
0.00
2.00
5.00
0.00
6.00
0.00
0.00
54.00
0.00
0.00
0.00
0.00
0.00
0.00
65.00
667.00
193.00
483.00
154.00
2.00
323.00
603.00
14.00
0.00
0.00
0.00
0.00
0.00
0.00
0.00
0.00
6.00
0.00
289.00
91.00
0.00
0.00
0.00
0.00
0.00
0.00
0.00
0.00
0.00
9.00
0.00
2.00
0.00
46.00
339.00
75.00
3.00
13.00
164.00
52.00
2.00
19.00
6.00
4.00
373.00
251.00
12.00
57.00
0.00
64.00
20.00
68.00
482.00
883.00
1.00
0.00
268.00
128.00
40.00
18.00
770.00
141.00
11.00
109.00
7.00
0.00
0.00
17.00
1.00
30.00
154.00
19.00
3.00
0.00
555.00
61.00
3.00
5.00
17.00
85.00
70.00
0.00
19.00
0.00
1.00
84.00
87.00
3.00
4.00
206.00
22.00
255.00
22.00
4.00
22.00
64.00
336.00
92.00
30.00
21.00
197.00
60.00
44.00
46.00
0.00
9.00
0.00
3.00
161.00
98.00
174.00
159.00
145.00
8.00
3.00
6.00
44.00
18.00
73.00
8.00
13.00
70.00
110.00
71.00
264.00
146.00
76.00
44.00
23.00
65.00
6.00
4.00
1.00
13.00
314.00
0.00
2.00
498.00
270.00
157.00
347.00
6.00
1.00
0.00
81.00
15.00
0.00
0.00
0.00
832.00
31.00
226.00
153.00
1.00
161.00
290.00
42.00
86.00
14.00
4.00
53.00
21.00
0.00
2.00
9.00
27.00
106.00
249.00
288.00
100.00
0.00
33.00
20.00
2.00
173.00
87.00
25.00
177.00
18.00
9.00
8.00
42.00
45.00
137.00
0.00
730.00
40.00
163.00
0.00
20.00
83.00
127.00
212.00
8.00
1.00
55.00
111.00
59.00
0.00
0.00
0.00
0.00
0.00
0.00
0.00
0.00
0.00
0.00
0.00
4.00
0.00
0.00
59.00
3.00
136.00
0.00
0.00
0.00
0.00
50.00
344.00
478.00
299.00
0.00
0.00
0.00
0.00
0.00
0.00
0.00
0.00
0.00
0.00
0.00
0.00
0.00
0.00
0.00
0.00
0.00
0.00
0.00
0.00
0.00
0.00
0.00
0.00
0.00
0.00
0.00
0.00
0.00
0.00
0.00
0.00
0.00
0.00
0.00
0.00
0.00
0.00
0.00
0.00
0.00
0.00
0.00
0.00
0.00
0.00
0.00
0.00
0.00
0.00
0.00
0.00
0.00
0.00
0.00
0.00
0.00
0.00
0.00
0.00
0.00
0.00
0.00
0.00
0.00
0.00
0.00
0.00
0.00
0.00
0.00
0.00
0.00
0.00
0.00
0.00
0.00
0.00
0.00
0.00
0.00
3.00
0.00
0.00
0.00
0.00
0.00
0.00
0.00
0.00
0.00
0.00
0.00
0.00
0.00
0.00
0.00
0.00
0.00
0.00
0.00
0.00
0.00
0.00
0.00
0.00
0.00
0.00
2.00
0.00
0.00
0.00
0.00
0.00
0.00
0.00
0.00
0.00
147.00
1.00
0.00
163.00
1.00
91.00
205.00
0.00
0.00
0.00
0.00
0.00
0.00
69.00
2.00
42.00
0.00
0.00
0.00
0.00
267.00
0.00
0.00
20.00
237.00
436.00
0.00
0.00
0.00
288.00
0.00
328.00
0.00
0.00
0.00
0.00
0.00
0.00
0.00
0.00
0.00
4.00
7.00
0.00
15.00
1490.00
4.00
322.00
834.00
108.00
375.00
451.00
0.00
0.00
0.00
84.00
0.00
446.00
0.00
0.00
0.00
0.00
19.00
0.00
0.00
99.00
0.00
0.00
0.00
54.00
104.00
433.00
12.00
90.00
0.00
35.00
0.00
0.00
0.00
0.00
0.00
0.00
14.00
0.00
45.00
183.00
343.00
41.00
477.00
4.00
6.00
263.00
19.00
0.00
19.00
174.00
61.00
264.00
385.00
298.00
47.00
0.00
200.00
447.00
263.00
324.00
512.00
72.00
0.00
5.00
17.00
95.00
53.00
29.00
14.00
56.00
53.00
59.00
229.00
43.00
248.00
341.00
65.00
3.00
3.00
7.00
31.00
252.00
103.00
223.00
158.00
66.00
105.00
153.00
105.00
14.00
235.00
868.00
367.00
21.00
133.00
419.00
67.00
177.00
93.00
144.00
126.00
13.00
9.00
4.00
128.00
130.00
180.00
117.00
5.00
25.00
0.00
11.00
138.00
460.00
389.00
25.00
162.00
69.00
11.00
119.00
239.00
107.00
170.00
187.00
185.00
208.00
83.00
151.00
123.00
195.00
98.00
95.00
382.00
229.00
317.00
33.00
418.00
27.00
0.00
55.00
130.00
111.00
3.00
136.00
936.00
12.00
92.00
5.00
0.00
119.00
80.00
224.00
142.00
16.00
20.00
0.00
3.00
24.00
70.00
93.00
319.00
92.00
53.00
123.00
173.00
3.00
21.00
58.00
9.00
75.00
1.00
7.00
2.00
0.00
0.00
13.00
0.00
0.00
0.00
0.00
132.00
209.00
652.00
935.00
1234.00
0.00
0.00
0.00
0.00
0.00
0.00
4.00
28.00
148.00
0.00
0.00
0.00
0.00
0.00
0.00
0.00
0.00
0.00
0.00
0.00
0.00
116.00
0.00
5.00
252.00
51.00
3.00
0.00
0.00
0.00
0.00
0.00
0.00
0.00
0.00
0.00
0.00
0.00
0.00
0.00
0.00
0.00
0.00
0.00
0.00
1.00
8.00
513.00
612.00
378.00
0.00
0.00
0.00
0.00
0.00
0.00
0.00
0.00
0.00
0.00
0.00
0.00
0.00
0.00
0.00
0.00
0.00
0.00
0.00
0.00
107.00
303.00
2.00
0.00
0.00
0.00
0.00
0.00
0.00
0.00
0.00
0.00
0.00
0.00
0.00
0.00
0.00
0.00
0.00
0.00
0.00
0.00
0.00
0.00
0.00
0.00
0.00
0.00
0.00
0.00
0.00
0.00
0.00
0.00
0.00
0.00
0.00
0.00
298.00
222.00
582.00
121.00
282.00
0.00
37.00
32.00
0.00
0.00
0.00
0.00
0.00
1.00
0.00
0.00
0.00
0.00
70.00
275.00
0.00
0.00
0.00
0.00
0.00
0.00
13.00
0.00
0.00
0.00
0.00
0.00
0.00
0.00
0.00
0.00
3.00
33.00
19.00
0.00
0.00
0.00
0.00
0.00
0.00
0.00
42.00
50.00
13.00
8.00
0.00
367.00
84.00
0.00
34.00
0.00
0.00
70.00
116.00
223.00
8.00
0.00
0.00
72.00
14.00
0.00
356.00
0.00
22.00
257.00
46.00
107.00
197.00
665.00
34.00
0.00
0.00
122.00
137.00
0.00
6.00
262.00
97.00
7.00
421.00
37.00
105.00
1017.00
702.00
200.00
280.00
432.00
280.00
141.00
0.00
253.00
30.00
3.00
42.00
46.00
358.00
38.00
211.00
123.00
19.00
50.00
32.00
46.00
0.00
0.00
43.00
11.00
54.00
156.00
293.00
3.00
9.00
137.00
7.00
13.00
29.00
55.00
872.00
182.00
25.00
922.00
11.00
148.00
552.00
22.00
22.00
28.00
255.00
12.00
8.00
34.00
54.00
48.00
40.00
45.00
18.00
7.00
0.00
8.00
1.00
5.00
95.00
73.00
9.00
6.00
20.00
3.00
8.00
19.00
19.00
59.00
526.00
352.00
129.00
1.00
8.00
23.00
43.00
46.00
180.00
25.00
86.00
325.00
7.00
13.00
6.00
46.00
117.00
24.00
55.00
37.00
67.00
8.00
62.00
174.00
62.00
33.00
36.00
10.00
40.00
39.00
48.00
332.00
216.00
185.00
309.00
141.00
624.00
19.00
98.00
193.00
0.00
43.00
47.00
156.00
128.00
88.00
0.00
1.00
0.00
31.00
20.00
13.00
11.00
351.00
65.00
0.00
0.00
0.00
0.00
24.00
15.00
155.00
7.00
34.00
8.00
0.00
0.00
109.00
106.00
134.00
1.00
0.00
13.00
5.00
164.00
33.00
10.00
0.00
3.00
0.00
0.00
0.00
0.00
2.00
0.00
0.00
0.00
0.00
62.00
84.00
336.00
182.00
18.00
0.00
0.00
0.00
0.00
0.00
0.00
0.00
0.00
0.00
0.00
0.00
0.00
0.00
17.00
104.00
190.00
29.00
1.00
0.00
0.00
1.00
0.00
71.00
4.00
0.00
0.00
0.00
0.00
0.00
1.00
0.00
0.00
0.00
0.00
0.00
0.00
0.00
10.00
0.00
0.00
0.00
0.00
0.00
0.00
0.00
0.00
0.00
0.00
0.00
0.00
0.00
0.00
12.00
0.00
0.00
0.00
0.00
0.00
0.00
0.00
0.00
0.00
0.00
3.00
94.00
16.00
0.00
0.00
0.00
0.00
0.00
0.00
0.00
0.00
0.00
0.00
0.00
0.00
0.00
0.00
0.00
0.00
0.00
0.00
0.00
0.00
0.00
0.00
0.00
0.00
0.00
0.00
0.00
0.00
0.00
0.00
0.00
0.00
0.00
0.00
0.00
0.00
0.00
0.00
0.00
0.00
0.00
0.00
0.00
0.00
0.00
0.00
0.00
0.00
0.00
0.00
0.00
0.00
1.00
0.00
0.00
0.00
0.00
0.00
0.00
0.00
6.00
0.00
0.00
0.00
0.00
0.00
0.00
0.70
42.20
35.20
47.30
11.20
0.00
0.00
0.00
0.30
7.20
0.80
0.00
0.00
0.00
0.00
0.10
0.00
0.00
0.00
2.20
0.50
39.10
0.40
0.00
2.40
0.00
1.00
0.00
0.00
0.00
0.30
0.00
0.00
0.00
0.10
42.50
9.20
124.10
15.00
0.00
5.70
31.20
0.00
27.40
31.70
1.90
3.70
4.30
9.10
0.00
0.00
1.20
0.00
0.00
0.00
0.00
1.20
0.20
0.00
0.00
0.00
0.00
0.00
0.00
0.00
0.00
0.00
0.00
12.20
107.60
0.00
0.00
0.00
0.00
0.00
0.00
0.10
0.00
11.50
1.00
2.40
12.70
10.60
1.00
2.00
2.00
0.00
39.90
39.90
45.00
2.10
0.00
1.00
0.00
0.00
0.40
5.00
15.70
1.90
34.60
53.70
5.20
0.30
3.00
1.50
9.40
0.00
0.00
15.40
8.60
45.40
33.50
0.00
0.00
1.00
3.30
0.80
4.20
0.00
0.00
0.00
10.40
6.10
3.40
4.80
0.20
3.40
1.10
0.30
1.30
8.50
2.20
2.90
10.70
13.70
33.40
33.40
31.10
31.10
66.50
0.00
0.00
0.00
0.40
0.00
0.00
0.00
1.20
16.00
0.10
1.60
48.20
4.70
2.90
0.00
0.20
7.60
2.50
0.10
1.60
8.30
27.70
34.20
8.20
3.70
18.90
0.10
0.50
71.80
46.80
7.60
47.80
26.20
0.10
0.00
0.00
0.10
6.70
12.90
14.10
33.00
27.40
5.90
0.50
0.00
2.50
0.10
3.50
18.60
25.00
66.90
7.90
26.30
3.30
0.40
1.00
2.70
4.40
4.80
7.70
16.20
4.50
0.20
0.30
3.90
0.00
0.00
0.30
0.00
12.60
26.30
11.10
38.00
30.40
1.00
1.30
0.70
27.20
8.70
8.70
9.80
0.00
0.70
0.40
6.10
10.90
1.20
15.40
12.10
0.00
0.00
0.00
0.00
0.00
4.40
0.00
0.00
0.00
0.00
0.30
7.40
0.90
0.10
0.00
1.00
