20160101
0.00
0.00
0.00
0.00
0.00
0.00
0.00
0.00
2.00
0.00
0.00
0.00
0.00
0.00
0.00
0.00
0.00
0.00
0.00
15.00
0.00
0.00
0.00
0.00
0.00
0.00
0.00
0.00
0.00
0.00
0.00
0.00
0.00
0.00
0.00
0.00
0.00
0.00
2.00
0.00
0.00
0.00
0.00
0.00
0.00
0.00
0.00
0.00
0.00
0.00
2.00
0.00
0.00
26.00
110.00
0.00
39.00
0.00
0.00
0.00
0.00
0.00
0.00
0.00
0.00
95.00
0.00
0.00
0.00
0.00
0.00
0.00
0.00
0.00
1.00
5.00
0.00
1.00
0.00
0.00
34.00
0.00
0.00
0.00
0.00
0.00
0.00
93.00
640.00
139.00
473.00
177.00
16.00
554.00
702.00
5.00
0.00
0.00
0.00
0.00
0.00
0.00
0.00
0.00
26.00
15.00
291.00
284.00
0.00
1.00
0.00
0.00
0.00
0.00
0.00
1.00
0.00
14.00
0.00
0.00
0.00
56.00
317.00
89.00
25.00
7.00
104.00
54.00
2.00
12.00
10.00
0.00
348.00
293.00
41.00
193.00
0.00
44.00
21.00
54.00
378.00
406.00
2.00
1.00
72.00
114.00
32.00
6.00
386.00
50.00
6.00
37.00
30.00
0.00
5.00
67.00
0.00
55.00
103.00
25.00
10.00
59.00
543.00
67.00
0.00
3.00
20.00
134.00
87.00
1.00
27.00
3.00
0.00
93.00
113.00
6.00
12.00
98.00
16.00
220.00
69.00
6.00
53.00
83.00
251.00
126.00
40.00
3.00
237.00
85.00
60.00
66.00
1.00
14.00
0.00
5.00
151.00
61.00
75.00
111.00
76.00
17.00
4.00
8.00
68.00
19.00
73.00
4.00
8.00
77.00
137.00
72.00
164.00
218.00
92.00
113.00
26.00
67.00
10.00
12.00
18.00
13.00
320.00
0.00
3.00
457.00
378.00
179.00
307.00
17.00
3.00
0.00
87.00
14.00
0.00
0.00
0.00
703.00
29.00
171.00
39.00
7.00
193.00
265.00
81.00
62.00
19.00
1.00
91.00
17.00
0.00
5.00
3.00
24.00
137.00
199.00
379.00
245.00
0.00
37.00
36.00
4.00
174.00
114.00
32.00
164.00
62.00
2.00
4.00
4.00
19.00
119.00
0.00
686.00
23.00
42.00
0.00
54.00
89.00
195.00
362.00
4.00
2.00
76.00
71.00
33.00
0.00
0.00
0.00
0.00
0.00
0.00
0.00
0.00
0.00
0.00
0.00
3.00
0.00
0.00
31.00
0.00
135.00
0.00
0.00
0.00
0.00
53.00
314.00
414.00
239.00
0.00
0.00
0.00
0.00
0.00
0.00
0.00
0.00
0.00
0.00
0.00
0.00
0.00
0.00
0.00
0.00
0.00
0.00
0.00
0.00
0.00
0.00
0.00
0.00
0.00
0.00
0.00
0.00
0.00
0.00
14.00
0.00
0.00
0.00
0.00
0.00
0.00
0.00
0.00
0.00
0.00
0.00
0.00
0.00
0.00
0.00
0.00
0.00
0.00
0.00
0.00
0.00
0.00
0.00
0.00
0.00
0.00
0.00
0.00
0.00
0.00
0.00
0.00
0.00
0.00
0.00
0.00
0.00
0.00
0.00
0.00
0.00
0.00
0.00
0.00
0.00
0.00
0.00
0.00
0.00
0.00
3.00
0.00
0.00
0.00
0.00
0.00
0.00
0.00
0.00
0.00
0.00
0.00
0.00
0.00
0.00
0.00
0.00
0.00
0.00
0.00
0.00
0.00
0.00
0.00
0.00
0.00
0.00
20.00
0.00
0.00
0.00
0.00
0.00
0.00
0.00
0.00
0.00
118.00
1.00
0.00
126.00
0.00
108.00
167.00
0.00
0.00
0.00
0.00
0.00
0.00
39.00
2.00
47.00
0.00
0.00
0.00
0.00
199.00
0.00
0.00
14.00
327.00
279.00
20.00
0.00
0.00
133.00
29.00
148.00
0.00
0.00
0.00
0.00
0.00
0.00
0.00
0.00
0.00
0.00
1.00
0.00
8.00
1221.00
12.00
169.00
628.00
200.00
543.00
357.00
0.00
0.00
0.00
164.00
0.00
609.00
0.00
0.00
1.00
0.00
42.00
0.00
0.00
172.00
0.00
0.00
4.00
17.00
91.00
452.00
9.00
131.00
0.00
16.00
3.00
0.00
0.00
0.00
0.00
0.00
169.00
0.00
29.00
190.00
379.00
119.00
422.00
14.00
41.00
230.00
16.00
0.00
27.00
196.00
44.00
271.00
278.00
288.00
51.00
0.00
150.00
342.00
350.00
470.00
447.00
67.00
0.00
8.00
26.00
215.00
60.00
46.00
21.00
56.00
37.00
35.00
121.00
40.00
221.00
188.00
60.00
0.00
11.00
8.00
54.00
181.00
126.00
196.00
231.00
47.00
157.00
79.00
93.00
3.00
163.00
575.00
254.00
23.00
50.00
304.00
57.00
121.00
71.00
206.00
129.00
6.00
11.00
24.00
149.00
173.00
281.00
112.00
24.00
16.00
6.00
4.00
130.00
696.00
274.00
23.00
68.00
50.00
17.00
120.00
229.00
130.00
170.00
121.00
197.00
270.00
42.00
118.00
135.00
188.00
72.00
95.00
171.00
117.00
188.00
93.00
752.00
65.00
0.00
13.00
85.00
92.00
0.00
144.00
868.00
37.00
104.00
6.00
0.00
83.00
110.00
248.00
106.00
6.00
22.00
0.00
1.00
39.00
63.00
89.00
292.00
135.00
36.00
92.00
179.00
3.00
64.00
118.00
27.00
137.00
4.00
1.00
2.00
0.00
0.00
1.00
0.00
0.00
0.00
0.00
284.00
152.00
448.00
771.00
1448.00
0.00
0.00
0.00
0.00
0.00
0.00
0.00
51.00
233.00
0.00
0.00
0.00
0.00
0.00
0.00
0.00
0.00
0.00
0.00
0.00
0.00
151.00
0.00
7.00
226.00
39.00
5.00
0.00
0.00
0.00
0.00
0.00
0.00
0.00
0.00
0.00
0.00
0.00
0.00
0.00
0.00
0.00
0.00
0.00
0.00
0.00
2.00
508.00
415.00
636.00
0.00
0.00
0.00
0.00
0.00
0.00
0.00
0.00
18.00
0.00
0.00
0.00
0.00
0.00
0.00
0.00
0.00
0.00
0.00
0.00
103.00
115.00
0.00
0.00
0.00
0.00
0.00
0.00
0.00
0.00
0.00
0.00
0.00
0.00
0.00
0.00
0.00
0.00
0.00
0.00
0.00
0.00
0.00
0.00
0.00
0.00
0.00
0.00
0.00
0.00
0.00
0.00
0.00
0.00
0.00
2.00
0.00
0.00
252.00
183.00
429.00
60.00
209.00
0.00
8.00
22.00
0.00
0.00
0.00
0.00
0.00
0.00
0.00
0.00
0.00
0.00
15.00
301.00
0.00
0.00
0.00
0.00
0.00
0.00
25.00
0.00
0.00
0.00
0.00
0.00
0.00
0.00
0.00
0.00
1.00
26.00
23.00
0.00
0.00
0.00
0.00
0.00
0.00
0.00
50.00
54.00
0.00
0.00
11.00
264.00
44.00
0.00
5.00
0.00
0.00
109.00
58.00
104.00
50.00
0.00
0.00
44.00
12.00
0.00
240.00
0.00
9.00
269.00
175.00
60.00
200.00
546.00
31.00
0.00
0.00
262.00
105.00
0.00
28.00
206.00
114.00
1.00
380.00
65.00
62.00
768.00
1095.00
299.00
238.00
475.00
234.00
81.00
0.00
117.00
28.00
44.00
59.00
5.00
506.00
57.00
217.00
123.00
13.00
67.00
44.00
166.00
0.00
0.00
80.00
17.00
68.00
234.00
754.00
29.00
16.00
95.00
1.00
1.00
35.00
94.00
1088.00
189.00
18.00
1202.00
21.00
360.00
565.00
0.00
64.00
8.00
234.00
109.00
16.00
75.00
39.00
53.00
25.00
45.00
20.00
10.00
0.00
4.00
0.00
38.00
80.00
36.00
13.00
0.00
11.00
7.00
12.00
12.00
5.00
52.00
475.00
537.00
184.00
5.00
7.00
27.00
16.00
42.00
184.00
17.00
25.00
206.00
0.00
0.00
8.00
32.00
88.00
12.00
55.00
36.00
44.00
4.00
60.00
173.00
83.00
38.00
20.00
14.00
179.00
49.00
28.00
423.00
234.00
242.00
432.00
78.00
660.00
9.00
74.00
181.00
0.00
47.00
50.00
128.00
123.00
66.00
0.00
2.00
0.00
23.00
16.00
6.00
7.00
366.00
88.00
0.00
0.00
5.00
5.00
17.00
15.00
145.00
0.00
33.00
3.00
0.00
0.00
128.00
66.00
85.00
2.00
1.00
20.00
2.00
160.00
0.00
0.00
0.00
4.00
0.00
0.00
0.00
0.00
5.00
1.00
0.00
0.00
0.00
51.00
88.00
325.00
176.00
5.00
0.00
0.00
0.00
0.00
0.00
0.00
0.00
0.00
0.00
0.00
0.00
0.00
0.00
8.00
114.00
142.00
28.00
0.00
0.00
0.00
3.00
0.00
31.00
4.00
0.00
0.00
0.00
0.00
0.00
0.00
0.00
0.00
0.00
0.00
0.00
0.00
0.00
1.00
0.00
0.00
0.00
0.00
0.00
0.00
0.00
0.00
0.00
0.00
0.00
0.00
0.00
0.00
0.00
0.00
0.00
0.00
0.00
0.00
0.00
0.00
0.00
0.00
0.00
1.00
95.00
13.00
0.00
0.00
0.00
0.00
0.00
0.00
0.00
0.00
0.00
0.00
0.00
0.00
0.00
0.00
0.00
0.00
0.00
0.00
0.00
0.00
0.00
0.00
0.00
0.00
0.00
0.00
0.00
0.00
0.00
0.00
0.00
0.00
0.00
0.00
0.00
0.00
0.00
0.00
0.00
0.00
0.00
0.00
0.00
0.00
0.00
0.00
0.00
0.00
0.00
0.00
0.00
0.00
1.00
0.00
0.00
0.00
0.00
0.00
0.00
0.00
6.00
0.00
0.00
0.00
0.00
0.00
0.00
0.00
37.60
36.40
45.00
16.40
0.00
0.00
0.00
0.40
12.10
2.30
0.00
0.00
0.00
0.00
0.00
0.00
0.00
0.00
0.60
0.60
31.90
0.50
0.00
1.90
0.00
0.70
0.00
0.00
0.00
0.20
0.20
0.00
0.00
0.00
64.30
9.10
126.40
12.70
0.00
2.80
25.30
0.00
15.10
26.30
0.30
2.00
1.60
6.10
0.00
0.00
1.40
0.00
0.00
0.00
0.00
2.10
0.20
0.00
0.00
0.00
0.00
0.00
0.00
0.00
0.00
0.00
0.00
15.20
86.30
0.00
0.00
0.00
0.00
0.00
0.00
0.00
0.00
12.70
0.70
0.50
5.40
7.70
0.80
1.10
1.10
0.00
9.20
9.20
64.30
4.00
0.00
0.30
0.00
0.00
0.30
6.60
22.50
9.70
45.70
62.60
0.50
1.80
0.30
0.40
2.70
0.00
0.00
17.20
17.90
57.90
9.70
0.00
0.10
1.00
4.90
3.90
4.10
0.00
0.00
0.00
12.10
4.90
1.80
48.50
0.10
5.20
0.40
1.00
1.30
13.10
2.20
2.30
10.70
24.20
32.70
32.70
39.20
39.20
72.90
0.40
0.40
0.10
0.00
0.40
0.40
0.40
1.90
16.80
0.10
2.30
29.50
5.60
4.60
0.10
0.80
8.20
4.00
1.30
6.50
11.60
28.50
22.70
9.00
5.00
16.50
0.20
0.00
8.20
59.40
10.90
49.00
35.50
0.00
2.20
0.00
0.00
6.30
16.70
14.40
33.50
24.50
1.00
0.50
0.10
3.30
4.80
3.00
12.70
17.60
59.30
7.70
29.30
4.20
1.40
1.40
1.20
7.70
3.80
5.00
8.50
1.40
0.40
1.10
7.60
0.00
0.00
0.20
0.00
21.70
41.50
17.80
51.10
25.50
1.00
0.20
0.70
36.20
7.30
7.30
24.90
1.10
0.30
0.90
5.70
13.30
5.10
14.10
13.40
0.00
0.00
0.00
0.00
0.00
8.70
0.00
0.00
0.00
0.00
0.10
5.90
0.70
0.20
0.20
0.70
