20160101
0.00
0.00
0.00
0.00
0.00
0.00
0.00
0.00
0.00
0.00
0.00
0.00
0.00
0.00
0.00
0.00
0.00
0.00
0.00
20.00
0.00
0.00
0.00
0.00
0.00
0.00
0.00
0.00
0.00
0.00
0.00
0.00
0.00
0.00
0.00
0.00
0.00
1.00
10.00
0.00
0.00
0.00
7.00
0.00
0.00
0.00
0.00
0.00
0.00
0.00
0.00
0.00
0.00
130.00
216.00
1.00
40.00
0.00
0.00
0.00
3.00
0.00
0.00
0.00
0.00
52.00
0.00
0.00
0.00
3.00
0.00
2.00
0.00
0.00
0.00
3.00
2.00
0.00
1.00
14.00
0.00
0.00
0.00
0.00
0.00
0.00
0.00
21.00
0.00
146.00
675.00
173.00
86.00
92.00
2.00
1.00
0.00
0.00
0.00
0.00
0.00
0.00
0.00
0.00
0.00
0.00
11.00
0.00
0.00
0.00
0.00
0.00
0.00
0.00
0.00
1.00
2.00
0.00
0.00
1.00
0.00
3.00
393.00
0.00
1.00
0.00
20.00
59.00
3.00
1.00
7.00
0.00
3.00
865.00
0.00
0.00
0.00
32.00
253.00
256.00
874.00
677.00
0.00
0.00
188.00
204.00
8.00
9.00
77.00
4.00
174.00
73.00
0.00
0.00
0.00
0.00
66.00
32.00
24.00
131.00
28.00
0.00
2003.00
488.00
333.00
0.00
0.00
17.00
10.00
11.00
10.00
11.00
7.00
41.00
42.00
6.00
101.00
12.00
10.00
181.00
34.00
6.00
247.00
138.00
106.00
135.00
61.00
226.00
87.00
16.00
26.00
30.00
3.00
56.00
47.00
10.00
216.00
308.00
187.00
268.00
105.00
22.00
5.00
13.00
34.00
48.00
95.00
1.00
12.00
14.00
180.00
294.00
352.00
85.00
8.00
36.00
0.00
46.00
43.00
1.00
6.00
155.00
138.00
105.00
12.00
224.00
75.00
103.00
112.00
43.00
4.00
0.00
890.00
640.00
0.00
5.00
45.00
262.00
127.00
181.00
783.00
14.00
59.00
278.00
28.00
289.00
73.00
35.00
50.00
19.00
1.00
14.00
42.00
24.00
151.00
113.00
136.00
20.00
3.00
6.00
184.00
1.00
12.00
153.00
25.00
40.00
10.00
71.00
57.00
104.00
203.00
437.00
11.00
114.00
2.00
34.00
2.00
763.00
25.00
80.00
169.00
36.00
10.00
73.00
179.00
13.00
15.00
0.00
0.00
0.00
0.00
0.00
0.00
0.00
0.00
0.00
0.00
0.00
0.00
23.00
260.00
90.00
15.00
0.00
0.00
0.00
0.00
10.00
292.00
609.00
0.00
0.00
0.00
0.00
0.00
0.00
0.00
0.00
0.00
0.00
0.00
0.00
0.00
0.00
0.00
0.00
0.00
0.00
0.00
0.00
0.00
0.00
0.00
0.00
0.00
17.00
0.00
0.00
0.00
0.00
0.00
0.00
70.00
0.00
0.00
0.00
0.00
0.00
0.00
0.00
0.00
0.00
0.00
0.00
0.00
0.00
0.00
0.00
0.00
0.00
0.00
0.00
19.00
0.00
0.00
0.00
6.00
0.00
0.00
0.00
0.00
0.00
0.00
0.00
0.00
0.00
0.00
0.00
0.00
0.00
0.00
0.00
0.00
0.00
0.00
2.00
0.00
0.00
0.00
0.00
0.00
0.00
13.00
0.00
0.00
0.00
0.00
0.00
0.00
0.00
0.00
0.00
0.00
0.00
0.00
0.00
0.00
0.00
0.00
0.00
0.00
0.00
0.00
0.00
0.00
0.00
0.00
0.00
0.00
0.00
0.00
0.00
0.00
0.00
0.00
0.00
0.00
0.00
0.00
18.00
308.00
0.00
82.00
3.00
92.00
143.00
1.00
0.00
0.00
0.00
0.00
0.00
262.00
15.00
40.00
0.00
0.00
0.00
0.00
0.00
0.00
0.00
14.00
51.00
0.00
10.00
0.00
0.00
16.00
28.00
360.00
0.00
0.00
0.00
0.00
0.00
0.00
0.00
0.00
0.00
2.00
0.00
0.00
18.00
420.00
13.00
280.00
1060.00
155.00
279.00
1.00
0.00
2.00
0.00
2.00
4.00
46.00
0.00
0.00
0.00
15.00
1.00
0.00
0.00
280.00
0.00
5.00
0.00
5.00
0.00
484.00
37.00
100.00
0.00
0.00
0.00
0.00
0.00
0.00
0.00
0.00
78.00
5.00
42.00
242.00
590.00
47.00
1383.00
169.00
0.00
1.00
732.00
0.00
3.00
155.00
10.00
61.00
853.00
396.00
94.00
0.00
94.00
74.00
102.00
261.00
1208.00
24.00
138.00
106.00
26.00
30.00
0.00
4.00
9.00
32.00
2.00
119.00
240.00
292.00
476.00
219.00
289.00
1.00
2.00
8.00
43.00
272.00
153.00
260.00
172.00
87.00
26.00
57.00
269.00
456.00
660.00
945.00
519.00
52.00
82.00
309.00
210.00
206.00
144.00
14.00
130.00
21.00
0.00
9.00
225.00
37.00
39.00
153.00
68.00
63.00
3.00
59.00
84.00
238.00
416.00
40.00
255.00
96.00
145.00
64.00
73.00
52.00
28.00
358.00
125.00
55.00
42.00
59.00
77.00
87.00
32.00
98.00
79.00
385.00
112.00
29.00
281.00
178.00
17.00
3.00
20.00
5.00
32.00
286.00
339.00
17.00
0.00
6.00
0.00
52.00
340.00
233.00
289.00
30.00
55.00
0.00
82.00
80.00
142.00
100.00
133.00
129.00
45.00
64.00
123.00
20.00
0.00
10.00
6.00
6.00
1.00
4.00
120.00
0.00
0.00
5.00
0.00
0.00
5.00
0.00
0.00
18.00
181.00
977.00
1006.00
0.00
0.00
1.00
0.00
0.00
0.00
0.00
67.00
112.00
0.00
0.00
0.00
0.00
0.00
0.00
0.00
0.00
0.00
0.00
0.00
0.00
49.00
0.00
2.00
310.00
35.00
23.00
0.00
1.00
2.00
0.00
0.00
0.00
0.00
0.00
0.00
0.00
0.00
0.00
0.00
0.00
0.00
0.00
0.00
0.00
0.00
38.00
783.00
664.00
379.00
31.00
0.00
0.00
0.00
0.00
0.00
0.00
0.00
44.00
0.00
0.00
0.00
0.00
0.00
0.00
0.00
0.00
0.00
0.00
0.00
2.00
269.00
1.00
0.00
0.00
0.00
0.00
0.00
0.00
0.00
0.00
0.00
0.00
0.00
0.00
0.00
0.00
0.00
0.00
0.00
0.00
0.00
0.00
0.00
0.00
0.00
0.00
0.00
0.00
0.00
0.00
0.00
0.00
0.00
0.00
23.00
0.00
50.00
591.00
268.00
743.00
267.00
105.00
0.00
77.00
121.00
0.00
0.00
0.00
0.00
0.00
0.00
0.00
0.00
0.00
0.00
0.00
189.00
0.00
0.00
0.00
0.00
0.00
0.00
50.00
0.00
0.00
0.00
0.00
0.00
0.00
0.00
0.00
0.00
0.00
185.00
22.00
0.00
0.00
0.00
0.00
0.00
0.00
0.00
23.00
0.00
0.00
0.00
0.00
143.00
297.00
1.00
24.00
0.00
0.00
30.00
3.00
202.00
1.00
3.00
0.00
204.00
65.00
0.00
151.00
0.00
11.00
318.00
8.00
26.00
14.00
5.00
225.00
0.00
0.00
0.00
0.00
0.00
0.00
472.00
134.00
12.00
424.00
23.00
32.00
934.00
54.00
12.00
9.00
15.00
293.00
790.00
3.00
38.00
4.00
2.00
180.00
0.00
285.00
287.00
56.00
577.00
0.00
141.00
19.00
2.00
0.00
0.00
10.00
0.00
82.00
808.00
594.00
1.00
5.00
141.00
17.00
0.00
9.00
97.00
319.00
335.00
258.00
857.00
10.00
20.00
345.00
67.00
0.00
0.00
232.00
53.00
7.00
30.00
141.00
219.00
78.00
2.00
6.00
5.00
9.00
41.00
1.00
49.00
365.00
98.00
26.00
2.00
8.00
3.00
9.00
7.00
22.00
5.00
195.00
123.00
44.00
5.00
32.00
18.00
1.00
34.00
98.00
31.00
162.00
303.00
273.00
165.00
60.00
214.00
25.00
6.00
21.00
19.00
62.00
37.00
57.00
194.00
41.00
3.00
34.00
5.00
13.00
21.00
12.00
50.00
424.00
29.00
40.00
355.00
126.00
263.00
226.00
165.00
6.00
6.00
97.00
84.00
47.00
11.00
47.00
2.00
3.00
15.00
24.00
81.00
66.00
150.00
0.00
1.00
0.00
1.00
6.00
40.00
2.00
74.00
12.00
37.00
18.00
0.00
0.00
21.00
33.00
109.00
6.00
0.00
2.00
7.00
259.00
0.00
63.00
1.00
0.00
0.00
0.00
0.00
0.00
0.00
0.00
0.00
0.00
0.00
72.00
454.00
387.00
519.00
169.00
0.00
0.00
0.00
0.00
0.00
0.00
0.00
0.00
0.00
0.00
0.00
0.00
0.00
8.00
75.00
131.00
12.00
9.00
0.00
0.00
0.00
0.00
0.00
2.00
0.00
0.00
0.00
0.00
0.00
1.00
0.00
0.00
0.00
0.00
0.00
0.00
0.00
0.00
0.00
0.00
0.00
0.00
0.00
0.00
0.00
0.00
0.00
0.00
0.00
0.00
0.00
0.00
0.00
1.00
0.00
0.00
0.00
0.00
0.00
0.00
0.00
0.00
0.00
46.00
54.00
9.00
0.00
0.00
0.00
0.00
0.00
0.00
0.00
0.00
0.00
0.00
0.00
0.00
0.00
0.00
0.00
0.00
0.00
0.00
0.00
0.00
0.00
0.00
0.00
0.00
0.00
0.00
0.00
0.00
0.00
0.00
0.00
0.00
0.00
0.00
0.00
0.00
0.00
0.00
0.00
0.00
0.00
0.00
0.00
0.00
0.00
0.00
0.00
0.00
0.00
0.00
0.00
1.00
0.00
0.00
0.00
0.00
0.00
0.00
0.00
6.00
4.00
0.00
0.00
0.00
0.00
0.00
0.00
0.00
67.50
61.60
50.10
14.00
0.00
0.00
0.10
3.90
15.10
0.00
0.00
0.00
0.00
0.00
0.70
0.00
0.00
0.10
5.00
1.60
41.90
0.10
0.00
7.70
0.00
1.10
0.00
0.00
0.00
0.20
0.40
0.00
0.00
0.00
23.40
1.50
58.50
67.30
0.80
0.00
19.90
1.00
1.30
27.60
4.20
10.60
1.30
15.80
0.00
0.00
1.30
0.00
0.00
0.00
0.00
0.70
0.00
0.00
0.00
0.00
0.00
0.00
0.00
0.00
0.00
0.00
0.20
184.50
34.40
0.00
0.00
0.00
0.00
0.00
0.00
0.00
0.00
27.10
1.80
0.10
0.10
0.40
0.00
0.00
0.00
0.00
33.90
33.90
31.70
9.80
0.00
0.00
0.00
0.00
0.90
1.60
5.00
5.20
14.30
36.00
6.20
1.00
13.50
2.30
4.40
0.00
0.00
0.00
32.80
5.30
116.30
0.00
15.60
2.80
5.50
1.40
0.60
0.20
0.00
0.40
6.30
10.80
0.80
1.60
1.70
0.20
2.00
5.80
2.20
0.00
10.10
6.40
16.10
25.40
29.60
29.60
22.70
22.70
49.70
0.00
0.00
0.10
9.60
0.00
0.00
0.00
0.50
3.00
2.40
5.10
58.20
11.50
3.60
0.00
2.40
30.00
3.10
1.40
5.30
0.90
27.70
183.60
15.80
9.30
24.80
8.90
0.90
124.40
16.40
72.50
41.80
32.00
2.10
0.60
1.20
0.20
6.50
1.00
17.70
30.90
19.50
8.50
0.20
0.10
2.40
0.00
3.20
27.50
24.70
36.40
3.70
10.90
0.70
0.00
7.80
32.90
3.30
5.70
4.80
42.90
19.50
0.10
0.70
1.60
0.10
0.30
0.10
5.30
11.10
17.20
0.30
39.90
30.80
8.00
1.50
15.50
48.60
24.70
24.70
15.50
0.70
0.00
2.10
8.20
8.90
0.00
7.90
49.90
0.00
0.10
0.00
0.00
0.00
4.20
0.00
0.00
0.10
0.00
0.10
3.20
1.30
0.10
0.00
2.30
