20160101
0.00
0.00
0.00
0.00
0.00
0.00
0.00
0.00
2.00
0.00
0.00
0.00
3.00
0.00
0.00
0.00
0.00
0.00
0.00
1.00
0.00
0.00
0.00
0.00
0.00
0.00
0.00
0.00
0.00
0.00
0.00
0.00
0.00
0.00
0.00
0.00
0.00
2.00
0.00
0.00
0.00
2.00
18.00
0.00
0.00
0.00
0.00
0.00
0.00
0.00
0.00
0.00
0.00
174.00
29.00
0.00
15.00
0.00
0.00
0.00
0.00
2.00
0.00
18.00
0.00
144.00
0.00
1.00
5.00
0.00
0.00
0.00
0.00
0.00
0.00
43.00
0.00
0.00
1.00
0.00
144.00
0.00
54.00
0.00
0.00
0.00
0.00
581.00
2.00
163.00
469.00
188.00
0.00
138.00
490.00
537.00
88.00
0.00
0.00
0.00
0.00
0.00
0.00
0.00
114.00
49.00
403.00
271.00
0.00
68.00
48.00
127.00
217.00
0.00
1.00
85.00
1.00
16.00
16.00
0.00
13.00
66.00
576.00
63.00
179.00
20.00
18.00
5.00
0.00
0.00
1.00
0.00
98.00
60.00
2.00
127.00
0.00
152.00
308.00
33.00
303.00
1326.00
16.00
4.00
2.00
23.00
0.00
1.00
14.00
52.00
0.00
17.00
0.00
4.00
0.00
559.00
27.00
44.00
107.00
13.00
16.00
340.00
30.00
52.00
0.00
0.00
113.00
76.00
372.00
15.00
1.00
2.00
38.00
28.00
0.00
5.00
23.00
8.00
50.00
38.00
106.00
7.00
40.00
31.00
20.00
5.00
8.00
11.00
12.00
51.00
202.00
144.00
83.00
1.00
7.00
29.00
229.00
71.00
11.00
4.00
8.00
5.00
1.00
35.00
136.00
58.00
335.00
39.00
32.00
9.00
120.00
6.00
27.00
4.00
0.00
58.00
31.00
83.00
65.00
268.00
154.00
32.00
8.00
32.00
190.00
28.00
84.00
21.00
11.00
22.00
35.00
4.00
355.00
7.00
0.00
10.00
0.00
510.00
26.00
0.00
0.00
5.00
290.00
298.00
55.00
22.00
20.00
29.00
28.00
23.00
87.00
1.00
8.00
4.00
73.00
426.00
365.00
74.00
0.00
662.00
85.00
66.00
54.00
32.00
245.00
101.00
245.00
7.00
43.00
14.00
242.00
236.00
0.00
303.00
1.00
31.00
0.00
110.00
85.00
233.00
260.00
51.00
0.00
4.00
172.00
227.00
7.00
0.00
0.00
0.00
0.00
0.00
0.00
0.00
0.00
0.00
0.00
9.00
74.00
0.00
118.00
11.00
119.00
58.00
1.00
0.00
31.00
5.00
156.00
560.00
122.00
0.00
0.00
0.00
0.00
0.00
0.00
0.00
0.00
0.00
0.00
0.00
0.00
0.00
0.00
0.00
0.00
0.00
0.00
0.00
0.00
0.00
0.00
0.00
0.00
0.00
0.00
0.00
0.00
0.00
0.00
0.00
0.00
0.00
0.00
0.00
0.00
0.00
0.00
0.00
0.00
0.00
0.00
0.00
0.00
0.00
0.00
0.00
0.00
0.00
0.00
0.00
0.00
0.00
0.00
0.00
0.00
0.00
0.00
0.00
0.00
0.00
0.00
0.00
0.00
0.00
0.00
0.00
0.00
0.00
0.00
0.00
0.00
0.00
0.00
0.00
0.00
0.00
0.00
0.00
0.00
0.00
2.00
0.00
0.00
0.00
0.00
0.00
0.00
0.00
0.00
0.00
0.00
0.00
0.00
0.00
0.00
0.00
0.00
0.00
0.00
0.00
0.00
0.00
0.00
0.00
0.00
0.00
0.00
28.00
0.00
0.00
0.00
0.00
0.00
0.00
0.00
0.00
8.00
41.00
286.00
0.00
175.00
0.00
122.00
128.00
0.00
0.00
0.00
0.00
0.00
0.00
95.00
4.00
91.00
0.00
0.00
0.00
0.00
77.00
0.00
0.00
1.00
63.00
325.00
13.00
33.00
3.00
656.00
107.00
187.00
0.00
0.00
0.00
0.00
0.00
0.00
0.00
0.00
0.00
70.00
25.00
81.00
7.00
419.00
205.00
109.00
357.00
55.00
220.00
26.00
0.00
0.00
155.00
2.00
76.00
118.00
0.00
0.00
43.00
2.00
35.00
0.00
0.00
78.00
0.00
0.00
0.00
17.00
41.00
449.00
3.00
46.00
0.00
16.00
0.00
124.00
5.00
0.00
0.00
7.00
17.00
83.00
176.00
154.00
578.00
218.00
249.00
222.00
180.00
159.00
18.00
48.00
73.00
483.00
591.00
519.00
102.00
202.00
64.00
2.00
274.00
48.00
38.00
54.00
217.00
2.00
58.00
47.00
16.00
141.00
367.00
684.00
68.00
107.00
37.00
198.00
36.00
3.00
57.00
19.00
66.00
90.00
61.00
10.00
24.00
100.00
39.00
192.00
319.00
154.00
140.00
19.00
19.00
29.00
84.00
70.00
109.00
49.00
120.00
141.00
28.00
43.00
19.00
115.00
35.00
60.00
21.00
4.00
98.00
237.00
15.00
87.00
59.00
7.00
8.00
0.00
25.00
365.00
105.00
13.00
7.00
49.00
50.00
8.00
13.00
209.00
268.00
99.00
83.00
242.00
277.00
147.00
388.00
0.00
123.00
29.00
22.00
24.00
3.00
14.00
3.00
0.00
1.00
38.00
167.00
47.00
0.00
9.00
7.00
37.00
46.00
66.00
12.00
20.00
161.00
63.00
95.00
42.00
6.00
3.00
1.00
0.00
13.00
109.00
143.00
213.00
8.00
10.00
402.00
191.00
13.00
7.00
98.00
337.00
148.00
102.00
16.00
102.00
0.00
2.00
0.00
0.00
0.00
0.00
17.00
639.00
242.00
219.00
1008.00
0.00
0.00
0.00
0.00
0.00
0.00
10.00
993.00
517.00
0.00
0.00
0.00
0.00
0.00
0.00
0.00
0.00
0.00
0.00
0.00
0.00
96.00
0.00
2.00
125.00
31.00
7.00
0.00
0.00
0.00
0.00
0.00
0.00
0.00
0.00
0.00
0.00
0.00
0.00
0.00
0.00
0.00
0.00
0.00
0.00
1.00
17.00
236.00
369.00
259.00
0.00
0.00
0.00
0.00
0.00
0.00
0.00
0.00
6.00
0.00
0.00
0.00
0.00
0.00
0.00
0.00
0.00
0.00
0.00
0.00
213.00
230.00
49.00
0.00
0.00
0.00
0.00
0.00
0.00
0.00
0.00
0.00
0.00
0.00
0.00
0.00
0.00
0.00
0.00
0.00
0.00
0.00
0.00
0.00
0.00
0.00
0.00
0.00
0.00
0.00
0.00
0.00
0.00
0.00
0.00
0.00
0.00
0.00
16.00
26.00
439.00
0.00
115.00
0.00
0.00
5.00
0.00
0.00
0.00
0.00
0.00
1.00
0.00
0.00
0.00
0.00
0.00
218.00
0.00
0.00
0.00
0.00
0.00
0.00
0.00
0.00
0.00
0.00
0.00
0.00
0.00
0.00
26.00
0.00
0.00
10.00
63.00
108.00
0.00
0.00
0.00
0.00
0.00
0.00
0.00
64.00
38.00
0.00
80.00
224.00
10.00
0.00
5.00
77.00
0.00
30.00
0.00
33.00
284.00
0.00
41.00
2.00
14.00
0.00
8.00
0.00
0.00
47.00
47.00
1.00
5.00
200.00
7.00
0.00
0.00
13.00
18.00
48.00
40.00
177.00
422.00
9.00
28.00
4.00
93.00
406.00
484.00
499.00
480.00
622.00
302.00
198.00
0.00
118.00
2.00
62.00
8.00
2.00
0.00
0.00
39.00
0.00
0.00
2.00
120.00
0.00
0.00
0.00
8.00
118.00
0.00
51.00
3.00
114.00
283.00
304.00
247.00
10.00
0.00
199.00
148.00
296.00
640.00
548.00
35.00
136.00
266.00
0.00
0.00
0.00
4.00
0.00
28.00
51.00
2.00
0.00
0.00
119.00
82.00
8.00
0.00
27.00
0.00
18.00
21.00
10.00
2.00
9.00
39.00
24.00
57.00
155.00
98.00
40.00
91.00
14.00
106.00
16.00
8.00
12.00
10.00
3.00
49.00
50.00
47.00
26.00
8.00
6.00
1.00
2.00
141.00
152.00
120.00
8.00
1.00
0.00
396.00
67.00
21.00
141.00
108.00
2.00
7.00
87.00
179.00
64.00
64.00
617.00
85.00
275.00
12.00
7.00
377.00
112.00
0.00
90.00
47.00
243.00
101.00
28.00
17.00
11.00
25.00
124.00
87.00
0.00
6.00
5.00
74.00
1.00
0.00
2.00
136.00
9.00
2.00
9.00
0.00
5.00
116.00
0.00
0.00
10.00
99.00
19.00
124.00
0.00
28.00
62.00
17.00
6.00
121.00
0.00
1.00
0.00
5.00
0.00
0.00
0.00
0.00
0.00
0.00
0.00
67.00
130.00
453.00
327.00
9.00
0.00
0.00
0.00
0.00
0.00
0.00
0.00
0.00
0.00
0.00
0.00
0.00
0.00
110.00
149.00
227.00
102.00
36.00
0.00
2.00
0.00
0.00
0.00
1.00
0.00
0.00
0.00
0.00
0.00
0.00
0.00
0.00
0.00
0.00
0.00
0.00
0.00
17.00
0.00
0.00
0.00
0.00
0.00
0.00
0.00
0.00
0.00
0.00
0.00
0.00
0.00
0.00
0.00
2.00
0.00
0.00
0.00
0.00
0.00
0.00
0.00
4.00
12.00
4.00
30.00
1.00
0.00
0.00
0.00
0.00
0.00
0.00
0.00
0.00
0.00
0.00
0.00
0.00
0.00
0.00
0.00
0.00
0.00
0.00
0.00
0.00
0.00
0.00
0.00
0.00
0.00
0.00
0.00
0.00
0.00
0.00
0.00
0.00
0.00
0.00
0.00
0.00
0.00
0.00
0.00
0.00
0.00
0.00
0.00
0.00
0.00
0.00
0.00
0.00
0.00
0.00
0.00
0.00
0.00
0.00
0.00
0.00
0.00
0.00
0.00
2.00
7.00
0.00
0.00
0.00
0.00
0.00
0.00
0.00
131.00
112.00
130.50
76.60
0.00
0.00
0.00
7.20
42.70
0.20
0.00
0.00
0.00
0.00
0.00
0.00
0.00
0.00
1.60
0.10
86.70
18.60
0.00
0.10
0.00
18.50
0.00
0.00
0.00
0.00
0.90
0.00
0.00
0.00
84.50
14.10
164.40
4.10
5.10
0.10
4.40
0.00
15.40
29.70
0.00
0.50
0.00
0.20
0.00
0.20
0.00
0.00
0.00
0.00
0.00
0.00
0.20
0.00
0.00
0.00
0.00
0.20
7.60
0.10
0.00
0.00
0.00
1.60
1.50
0.00
0.00
0.00
0.00
0.00
0.00
0.10
0.00
50.10
0.30
0.30
0.60
6.70
6.40
0.50
0.50
0.00
13.30
13.30
84.80
2.30
0.60
0.00
0.00
0.00
0.00
7.60
52.70
1.00
20.20
2.60
0.00
10.70
2.10
0.30
3.80
0.00
0.50
2.20
82.70
9.80
1.70
0.00
0.00
9.90
17.30
9.10
8.70
1.90
0.00
1.80
3.30
0.60
0.90
1.40
5.40
39.20
6.90
2.90
2.10
31.30
17.20
7.10
4.10
7.70
3.00
3.00
9.90
9.90
9.50
1.30
1.30
0.00
3.10
1.30
1.30
1.30
7.40
2.60
0.80
1.00
69.80
14.40
8.70
5.00
0.80
10.80
1.50
6.00
11.10
64.10
21.30
10.30
3.10
22.20
3.70
1.00
0.60
2.20
0.70
8.60
5.40
4.00
0.30
8.20
0.50
0.90
3.80
1.70
57.40
42.30
26.10
6.80
1.60
5.70
6.30
0.00
4.30
4.00
1.60
1.70
0.20
21.10
17.20
17.30
10.70
0.30
1.50
18.30
30.90
4.20
0.00
0.30
18.40
17.60
0.50
0.00
11.50
5.00
8.20
36.00
22.40
25.50
19.60
0.10
7.40
15.20
16.40
37.10
37.10
2.40
0.00
0.10
0.00
10.80
7.70
9.50
23.80
12.00
0.00
0.00
0.00
2.80
33.30
2.50
0.00
0.00
0.00
0.00
0.30
13.20
1.40
0.30
0.30
1.60
