20160101
0.00
0.00
0.00
0.00
0.00
0.00
0.00
0.00
6.00
0.00
0.00
0.00
0.00
0.00
0.00
0.00
0.00
0.00
0.00
1.00
10.00
0.00
0.00
0.00
0.00
1.00
0.00
0.00
0.00
0.00
0.00
0.00
0.00
0.00
0.00
0.00
0.00
0.00
0.00
0.00
0.00
0.00
5.00
0.00
0.00
0.00
0.00
0.00
0.00
0.00
0.00
0.00
0.00
10.00
95.00
7.00
21.00
0.00
0.00
0.00
0.00
0.00
0.00
0.00
0.00
0.00
0.00
0.00
0.00
1.00
0.00
2.00
0.00
0.00
0.00
0.00
0.00
0.00
21.00
0.00
3.00
0.00
0.00
0.00
0.00
0.00
0.00
358.00
0.00
41.00
282.00
54.00
24.00
68.00
161.00
48.00
0.00
0.00
0.00
0.00
0.00
0.00
0.00
0.00
10.00
4.00
66.00
55.00
0.00
0.00
0.00
0.00
0.00
0.00
4.00
147.00
0.00
0.00
0.00
0.00
0.00
148.00
72.00
13.00
104.00
0.00
0.00
1.00
0.00
0.00
1.00
0.00
38.00
3.00
2.00
1.00
0.00
113.00
290.00
155.00
505.00
596.00
0.00
0.00
109.00
69.00
0.00
0.00
147.00
30.00
0.00
33.00
1.00
23.00
354.00
431.00
31.00
7.00
15.00
1.00
41.00
232.00
31.00
44.00
115.00
0.00
37.00
47.00
247.00
10.00
11.00
16.00
47.00
71.00
0.00
103.00
42.00
54.00
0.00
62.00
83.00
44.00
78.00
1.00
78.00
21.00
4.00
4.00
132.00
45.00
49.00
21.00
30.00
2.00
3.00
32.00
85.00
81.00
7.00
7.00
0.00
3.00
9.00
17.00
34.00
24.00
321.00
5.00
1.00
95.00
157.00
2.00
96.00
53.00
21.00
48.00
18.00
47.00
32.00
82.00
171.00
12.00
12.00
0.00
44.00
239.00
144.00
15.00
1.00
24.00
0.00
4.00
469.00
72.00
0.00
16.00
0.00
181.00
11.00
31.00
26.00
11.00
191.00
32.00
60.00
0.00
28.00
3.00
3.00
2.00
18.00
4.00
8.00
1.00
46.00
128.00
60.00
141.00
278.00
355.00
17.00
33.00
37.00
170.00
135.00
244.00
57.00
14.00
39.00
40.00
254.00
0.00
0.00
244.00
15.00
181.00
9.00
13.00
68.00
102.00
33.00
23.00
0.00
0.00
99.00
204.00
23.00
0.00
0.00
17.00
0.00
0.00
0.00
0.00
0.00
0.00
0.00
7.00
0.00
0.00
30.00
11.00
26.00
1.00
0.00
0.00
0.00
2.00
139.00
491.00
224.00
0.00
0.00
0.00
0.00
0.00
0.00
0.00
0.00
0.00
0.00
0.00
0.00
0.00
0.00
0.00
0.00
0.00
0.00
0.00
0.00
0.00
0.00
0.00
0.00
0.00
2.00
0.00
0.00
0.00
0.00
0.00
0.00
0.00
0.00
0.00
0.00
0.00
0.00
0.00
0.00
0.00
0.00
0.00
0.00
0.00
0.00
0.00
0.00
0.00
0.00
0.00
0.00
0.00
0.00
0.00
0.00
0.00
0.00
0.00
0.00
0.00
0.00
0.00
0.00
0.00
0.00
0.00
0.00
0.00
0.00
0.00
0.00
0.00
0.00
0.00
0.00
0.00
5.00
0.00
0.00
0.00
3.00
0.00
0.00
0.00
0.00
0.00
0.00
0.00
0.00
0.00
0.00
0.00
0.00
0.00
0.00
0.00
0.00
0.00
0.00
0.00
0.00
0.00
0.00
0.00
0.00
0.00
0.00
0.00
0.00
0.00
0.00
0.00
0.00
0.00
0.00
0.00
0.00
87.00
35.00
0.00
204.00
0.00
99.00
16.00
0.00
0.00
0.00
0.00
0.00
0.00
241.00
1.00
66.00
0.00
0.00
0.00
0.00
87.00
0.00
0.00
0.00
112.00
90.00
2.00
0.00
0.00
273.00
346.00
144.00
0.00
0.00
0.00
0.00
0.00
0.00
0.00
0.00
0.00
10.00
0.00
60.00
1.00
389.00
165.00
157.00
134.00
254.00
150.00
106.00
0.00
0.00
0.00
0.00
10.00
20.00
0.00
0.00
0.00
0.00
10.00
0.00
0.00
60.00
0.00
1.00
0.00
28.00
38.00
440.00
10.00
40.00
0.00
12.00
0.00
62.00
0.00
0.00
0.00
0.00
0.00
93.00
141.00
154.00
446.00
11.00
582.00
9.00
44.00
200.00
0.00
197.00
270.00
739.00
967.00
370.00
33.00
600.00
566.00
0.00
61.00
34.00
6.00
131.00
89.00
0.00
0.00
60.00
124.00
78.00
159.00
201.00
61.00
70.00
63.00
237.00
14.00
2.00
42.00
15.00
71.00
1.00
11.00
1.00
15.00
11.00
23.00
88.00
471.00
143.00
207.00
28.00
32.00
70.00
96.00
164.00
46.00
47.00
37.00
313.00
37.00
48.00
64.00
151.00
124.00
14.00
20.00
0.00
2.00
107.00
10.00
64.00
22.00
8.00
3.00
0.00
36.00
272.00
48.00
23.00
9.00
48.00
15.00
8.00
12.00
34.00
67.00
230.00
44.00
295.00
103.00
23.00
324.00
15.00
47.00
62.00
59.00
194.00
1.00
1.00
26.00
5.00
18.00
51.00
25.00
32.00
1.00
237.00
23.00
0.00
22.00
18.00
62.00
37.00
141.00
36.00
51.00
32.00
5.00
3.00
97.00
21.00
120.00
401.00
166.00
299.00
2.00
92.00
1.00
304.00
19.00
34.00
55.00
59.00
63.00
8.00
3.00
4.00
37.00
42.00
0.00
0.00
0.00
9.00
39.00
321.00
83.00
64.00
659.00
0.00
0.00
0.00
0.00
0.00
0.00
30.00
266.00
65.00
0.00
0.00
0.00
0.00
0.00
0.00
0.00
0.00
0.00
0.00
0.00
0.00
7.00
0.00
0.00
264.00
37.00
9.00
0.00
0.00
0.00
0.00
0.00
0.00
0.00
0.00
0.00
0.00
0.00
0.00
0.00
0.00
0.00
0.00
0.00
0.00
1.00
16.00
728.00
305.00
80.00
0.00
0.00
0.00
0.00
0.00
0.00
0.00
0.00
0.00
0.00
0.00
0.00
0.00
0.00
0.00
0.00
0.00
0.00
0.00
0.00
50.00
303.00
149.00
0.00
0.00
0.00
0.00
0.00
0.00
0.00
0.00
0.00
0.00
0.00
0.00
0.00
1.00
0.00
0.00
0.00
0.00
0.00
0.00
0.00
0.00
0.00
0.00
0.00
0.00
0.00
0.00
0.00
0.00
0.00
0.00
0.00
0.00
0.00
16.00
5.00
97.00
0.00
37.00
0.00
3.00
0.00
0.00
0.00
0.00
0.00
0.00
0.00
0.00
0.00
0.00
0.00
0.00
209.00
0.00
0.00
0.00
0.00
0.00
0.00
0.00
0.00
0.00
0.00
0.00
0.00
0.00
0.00
217.00
0.00
0.00
0.00
173.00
0.00
0.00
0.00
0.00
0.00
0.00
0.00
0.00
0.00
31.00
0.00
0.00
36.00
71.00
0.00
1.00
368.00
0.00
36.00
0.00
1.00
168.00
0.00
0.00
0.00
0.00
0.00
4.00
0.00
0.00
82.00
1.00
5.00
9.00
205.00
30.00
0.00
0.00
6.00
138.00
83.00
4.00
114.00
336.00
1.00
81.00
0.00
11.00
272.00
661.00
532.00
375.00
256.00
285.00
457.00
0.00
3.00
11.00
0.00
59.00
0.00
0.00
4.00
127.00
0.00
0.00
0.00
155.00
0.00
0.00
0.00
1.00
85.00
2.00
19.00
0.00
11.00
230.00
741.00
328.00
7.00
51.00
232.00
261.00
317.00
1067.00
690.00
391.00
46.00
489.00
18.00
32.00
11.00
1.00
0.00
23.00
12.00
16.00
3.00
6.00
37.00
47.00
71.00
10.00
4.00
3.00
142.00
8.00
25.00
0.00
16.00
14.00
0.00
9.00
51.00
72.00
8.00
14.00
11.00
120.00
1.00
9.00
2.00
85.00
5.00
71.00
10.00
17.00
18.00
6.00
0.00
26.00
7.00
70.00
126.00
123.00
14.00
2.00
2.00
132.00
143.00
72.00
11.00
75.00
104.00
20.00
152.00
209.00
25.00
61.00
60.00
59.00
43.00
17.00
4.00
43.00
41.00
0.00
32.00
27.00
68.00
127.00
49.00
7.00
1.00
13.00
46.00
16.00
0.00
12.00
12.00
20.00
20.00
0.00
38.00
252.00
22.00
5.00
0.00
0.00
1.00
217.00
0.00
207.00
108.00
38.00
13.00
19.00
4.00
98.00
16.00
0.00
2.00
83.00
0.00
0.00
0.00
0.00
0.00
0.00
0.00
0.00
0.00
11.00
0.00
242.00
253.00
526.00
541.00
83.00
0.00
0.00
0.00
0.00
0.00
0.00
0.00
0.00
0.00
0.00
0.00
0.00
0.00
62.00
49.00
187.00
94.00
38.00
0.00
0.00
0.00
0.00
0.00
0.00
0.00
0.00
0.00
0.00
0.00
0.00
0.00
0.00
0.00
0.00
0.00
0.00
0.00
0.00
0.00
0.00
0.00
0.00
0.00
0.00
0.00
0.00
0.00
0.00
0.00
0.00
0.00
0.00
0.00
0.00
0.00
0.00
0.00
0.00
0.00
0.00
0.00
1.00
0.00
38.00
40.00
28.00
0.00
0.00
0.00
0.00
0.00
0.00
0.00
0.00
0.00
0.00
0.00
0.00
0.00
0.00
0.00
0.00
0.00
0.00
0.00
4.00
0.00
0.00
0.00
0.00
0.00
0.00
0.00
0.00
0.00
0.00
0.00
0.00
0.00
0.00
0.00
0.00
0.00
0.00
0.00
0.00
0.00
3.00
0.00
0.00
0.00
0.00
0.00
0.00
0.00
0.00
0.00
0.00
0.00
0.00
0.00
0.00
0.00
0.00
0.00
1.00
6.00
0.00
0.00
0.00
0.00
0.00
0.00
0.00
143.50
155.90
61.90
48.10
0.00
0.00
0.00
15.20
40.50
0.00
0.00
0.00
0.00
0.00
0.00
0.00
0.00
0.00
0.00
0.50
20.50
3.30
0.00
0.00
0.00
0.00
0.00
0.00
0.00
0.00
0.00
0.00
0.00
0.00
122.20
23.40
24.40
45.80
0.00
3.10
18.60
0.00
45.80
31.50
0.00
0.60
0.00
0.00
0.00
0.00
0.00
0.00
0.00
0.00
0.00
0.00
1.30
0.00
0.00
0.00
0.00
0.00
0.00
0.00
0.00
0.00
1.40
2.20
9.00
0.00
0.00
0.00
0.00
0.00
0.00
0.00
0.00
0.40
0.50
0.30
2.20
18.90
18.10
0.00
0.00
0.00
11.60
11.60
48.90
1.20
2.90
0.00
0.00
0.00
0.00
0.00
8.10
0.50
0.80
5.70
0.00
6.90
11.40
0.40
0.50
0.10
7.80
106.70
28.30
22.30
2.80
0.10
0.00
28.20
19.00
30.10
6.00
1.50
0.00
3.80
3.10
4.70
3.40
0.00
0.40
5.40
1.50
2.00
0.10
3.20
5.10
7.20
31.30
5.90
4.80
4.80
34.30
34.30
41.80
7.00
7.00
0.00
28.00
7.00
7.00
7.00
0.30
5.30
0.70
1.30
23.80
9.40
6.70
1.60
0.90
9.10
2.70
4.30
6.60
13.90
9.90
24.40
15.70
5.70
2.50
1.60
1.00
2.80
1.30
5.00
17.60
3.70
6.30
2.20
0.10
3.80
10.50
0.10
4.40
39.70
21.30
2.10
1.20
0.20
8.00
1.80
2.90
3.00
2.40
0.20
3.10
5.00
12.80
24.00
3.40
2.10
0.70
2.40
6.30
1.10
1.40
0.00
7.40
5.90
3.00
0.00
8.20
2.00
4.80
20.40
23.10
45.00
15.20
1.10
6.50
2.00
20.30
3.80
3.80
3.70
0.00
0.00
1.30
11.00
0.60
10.50
19.40
9.90
0.00
0.00
0.00
4.30
9.00
1.80
0.00
0.00
0.00
0.00
0.30
7.40
4.80
0.10
0.00
2.30
