20160101
0.00
0.00
0.00
0.00
0.00
0.00
0.00
0.00
5.00
0.00
0.00
0.00
0.00
0.00
0.00
0.00
0.00
0.00
0.00
0.00
0.00
0.00
0.00
0.00
0.00
0.00
0.00
0.00
0.00
0.00
0.00
0.00
0.00
0.00
0.00
0.00
0.00
0.00
0.00
0.00
0.00
0.00
3.00
0.00
0.00
0.00
0.00
0.00
0.00
0.00
0.00
0.00
0.00
29.00
36.00
0.00
17.00
0.00
0.00
0.00
0.00
0.00
0.00
0.00
0.00
24.00
0.00
2.00
0.00
0.00
1.00
0.00
0.00
0.00
0.00
16.00
0.00
0.00
0.00
0.00
39.00
0.00
34.00
0.00
0.00
0.00
0.00
305.00
0.00
149.00
294.00
124.00
7.00
59.00
313.00
98.00
12.00
0.00
0.00
0.00
0.00
0.00
0.00
0.00
101.00
88.00
484.00
152.00
1.00
25.00
12.00
139.00
175.00
0.00
0.00
97.00
0.00
42.00
0.00
1.00
8.00
70.00
445.00
43.00
160.00
2.00
6.00
3.00
0.00
0.00
0.00
0.00
213.00
11.00
0.00
37.00
0.00
99.00
261.00
50.00
307.00
814.00
0.00
24.00
40.00
23.00
0.00
1.00
16.00
30.00
0.00
98.00
5.00
12.00
5.00
407.00
19.00
91.00
32.00
6.00
24.00
250.00
28.00
28.00
8.00
0.00
92.00
92.00
234.00
29.00
7.00
1.00
24.00
72.00
2.00
26.00
21.00
1.00
67.00
24.00
153.00
4.00
60.00
2.00
67.00
6.00
1.00
6.00
20.00
49.00
77.00
51.00
37.00
5.00
1.00
20.00
192.00
57.00
18.00
2.00
6.00
4.00
6.00
26.00
41.00
57.00
323.00
14.00
9.00
13.00
108.00
1.00
55.00
38.00
6.00
17.00
25.00
61.00
95.00
220.00
181.00
13.00
4.00
36.00
233.00
68.00
67.00
1.00
3.00
2.00
9.00
3.00
422.00
7.00
0.00
30.00
0.00
333.00
2.00
3.00
13.00
11.00
271.00
86.00
3.00
1.00
54.00
32.00
23.00
12.00
23.00
3.00
23.00
3.00
30.00
173.00
142.00
1.00
27.00
308.00
116.00
12.00
8.00
68.00
70.00
99.00
258.00
24.00
44.00
6.00
349.00
70.00
4.00
310.00
49.00
4.00
0.00
246.00
31.00
124.00
267.00
56.00
0.00
5.00
77.00
228.00
2.00
0.00
0.00
0.00
0.00
0.00
0.00
0.00
0.00
0.00
0.00
0.00
1.00
0.00
45.00
43.00
105.00
10.00
0.00
0.00
43.00
7.00
115.00
471.00
147.00
0.00
0.00
0.00
0.00
0.00
0.00
0.00
0.00
0.00
0.00
0.00
0.00
0.00
0.00
0.00
0.00
0.00
0.00
0.00
0.00
0.00
0.00
0.00
0.00
0.00
0.00
0.00
0.00
0.00
0.00
0.00
0.00
13.00
0.00
0.00
0.00
0.00
0.00
5.00
0.00
0.00
0.00
0.00
0.00
0.00
0.00
0.00
0.00
0.00
0.00
0.00
0.00
0.00
0.00
0.00
0.00
0.00
0.00
0.00
0.00
0.00
0.00
0.00
0.00
0.00
0.00
0.00
0.00
0.00
0.00
0.00
0.00
0.00
0.00
0.00
0.00
0.00
0.00
0.00
0.00
0.00
2.00
0.00
0.00
0.00
0.00
0.00
0.00
0.00
0.00
0.00
0.00
0.00
0.00
0.00
0.00
0.00
0.00
0.00
0.00
0.00
0.00
0.00
0.00
0.00
0.00
0.00
0.00
32.00
0.00
0.00
0.00
0.00
0.00
0.00
0.00
0.00
0.00
100.00
134.00
2.00
203.00
0.00
248.00
104.00
0.00
0.00
0.00
0.00
0.00
0.00
106.00
0.00
66.00
0.00
0.00
0.00
0.00
75.00
0.00
0.00
1.00
45.00
181.00
15.00
10.00
0.00
479.00
151.00
111.00
0.00
0.00
0.00
0.00
0.00
0.00
0.00
0.00
0.00
56.00
8.00
46.00
8.00
334.00
201.00
79.00
184.00
51.00
130.00
30.00
0.00
0.00
49.00
3.00
20.00
150.00
0.00
0.00
34.00
0.00
14.00
0.00
0.00
133.00
0.00
0.00
0.00
26.00
4.00
319.00
9.00
45.00
0.00
9.00
0.00
139.00
0.00
0.00
0.00
1.00
2.00
164.00
211.00
185.00
420.00
143.00
270.00
131.00
185.00
176.00
1.00
131.00
66.00
433.00
631.00
439.00
162.00
208.00
107.00
0.00
239.00
7.00
61.00
28.00
24.00
1.00
0.00
34.00
112.00
274.00
150.00
410.00
94.00
126.00
48.00
240.00
48.00
7.00
17.00
32.00
39.00
50.00
48.00
3.00
14.00
29.00
57.00
34.00
244.00
199.00
92.00
7.00
48.00
66.00
48.00
7.00
69.00
14.00
85.00
166.00
35.00
41.00
22.00
84.00
80.00
47.00
58.00
1.00
12.00
178.00
69.00
115.00
34.00
2.00
12.00
1.00
41.00
213.00
48.00
9.00
5.00
52.00
27.00
1.00
47.00
65.00
147.00
22.00
46.00
138.00
35.00
129.00
373.00
5.00
290.00
24.00
33.00
21.00
8.00
7.00
1.00
0.00
1.00
17.00
102.00
28.00
5.00
21.00
14.00
30.00
75.00
140.00
21.00
32.00
125.00
62.00
91.00
23.00
4.00
0.00
1.00
1.00
20.00
238.00
72.00
224.00
0.00
15.00
387.00
261.00
52.00
29.00
33.00
102.00
100.00
19.00
11.00
17.00
55.00
5.00
3.00
0.00
0.00
1.00
1.00
246.00
183.00
134.00
699.00
0.00
0.00
0.00
0.00
0.00
0.00
10.00
599.00
177.00
0.00
0.00
0.00
0.00
0.00
0.00
0.00
0.00
0.00
0.00
0.00
0.00
69.00
0.00
1.00
162.00
45.00
11.00
0.00
0.00
0.00
0.00
0.00
0.00
0.00
0.00
0.00
0.00
0.00
0.00
0.00
0.00
0.00
0.00
0.00
0.00
1.00
13.00
275.00
269.00
143.00
0.00
0.00
0.00
0.00
0.00
0.00
0.00
0.00
7.00
0.00
0.00
0.00
0.00
0.00
0.00
0.00
0.00
0.00
0.00
0.00
76.00
203.00
41.00
0.00
0.00
0.00
0.00
0.00
0.00
0.00
0.00
0.00
0.00
0.00
0.00
0.00
0.00
0.00
0.00
0.00
0.00
0.00
0.00
0.00
0.00
0.00
0.00
0.00
0.00
0.00
0.00
0.00
0.00
0.00
0.00
0.00
0.00
0.00
4.00
7.00
340.00
0.00
81.00
0.00
0.00
0.00
0.00
0.00
0.00
0.00
0.00
0.00
0.00
0.00
0.00
0.00
0.00
161.00
0.00
0.00
0.00
0.00
0.00
0.00
0.00
0.00
0.00
0.00
0.00
0.00
0.00
0.00
54.00
0.00
0.00
7.00
101.00
11.00
0.00
0.00
0.00
0.00
0.00
0.00
0.00
2.00
10.00
0.00
0.00
93.00
35.00
0.00
16.00
150.00
139.00
16.00
0.00
38.00
198.00
0.00
10.00
0.00
19.00
0.00
7.00
0.00
0.00
39.00
13.00
2.00
0.00
184.00
10.00
0.00
0.00
23.00
13.00
60.00
69.00
103.00
257.00
3.00
138.00
0.00
86.00
306.00
601.00
578.00
358.00
491.00
391.00
242.00
0.00
44.00
2.00
25.00
0.00
4.00
0.00
0.00
0.00
0.00
0.00
0.00
136.00
0.00
0.00
0.00
2.00
52.00
5.00
15.00
9.00
49.00
476.00
750.00
194.00
0.00
46.00
143.00
127.00
282.00
755.00
466.00
109.00
162.00
174.00
0.00
0.00
0.00
0.00
0.00
29.00
55.00
4.00
0.00
0.00
70.00
93.00
14.00
0.00
2.00
1.00
61.00
5.00
0.00
3.00
11.00
63.00
6.00
29.00
53.00
89.00
42.00
52.00
21.00
87.00
10.00
59.00
31.00
10.00
5.00
59.00
14.00
16.00
16.00
3.00
1.00
26.00
2.00
135.00
125.00
147.00
16.00
0.00
0.00
66.00
47.00
35.00
27.00
75.00
43.00
5.00
79.00
256.00
12.00
113.00
278.00
21.00
151.00
10.00
6.00
178.00
68.00
0.00
70.00
24.00
58.00
91.00
3.00
41.00
7.00
10.00
60.00
40.00
0.00
11.00
11.00
10.00
8.00
0.00
13.00
260.00
17.00
0.00
0.00
0.00
0.00
112.00
1.00
8.00
62.00
19.00
3.00
106.00
0.00
88.00
51.00
10.00
0.00
23.00
0.00
0.00
0.00
3.00
0.00
4.00
0.00
0.00
0.00
1.00
0.00
179.00
58.00
568.00
422.00
13.00
0.00
0.00
0.00
0.00
0.00
0.00
0.00
0.00
0.00
0.00
0.00
0.00
0.00
220.00
153.00
142.00
126.00
28.00
0.00
0.00
6.00
0.00
0.00
0.00
0.00
0.00
0.00
0.00
0.00
1.00
0.00
0.00
0.00
0.00
0.00
0.00
0.00
0.00
0.00
0.00
0.00
0.00
0.00
0.00
0.00
0.00
0.00
0.00
0.00
0.00
0.00
0.00
0.00
1.00
0.00
0.00
0.00
0.00
0.00
0.00
0.00
2.00
1.00
11.00
31.00
8.00
0.00
0.00
0.00
0.00
0.00
0.00
0.00
0.00
0.00
0.00
0.00
0.00
0.00
0.00
0.00
0.00
0.00
0.00
0.00
0.00
0.00
0.00
0.00
0.00
0.00
0.00
0.00
0.00
0.00
0.00
0.00
0.00
0.00
0.00
0.00
0.00
0.00
0.00
0.00
0.00
0.00
3.00
0.00
0.00
0.00
0.00
0.00
0.00
0.00
0.00
0.00
0.00
0.00
0.00
0.00
0.00
0.00
0.00
0.00
1.00
5.00
0.00
0.00
0.00
0.00
0.00
0.00
0.00
155.60
172.90
123.00
63.90
0.00
0.00
0.00
1.10
35.50
0.20
0.00
0.00
0.00
0.00
0.00
0.00
0.00
0.00
0.30
0.20
65.80
4.70
0.00
0.00
0.00
1.30
0.00
0.00
0.00
0.00
0.00
0.00
0.00
0.00
101.10
26.70
101.80
7.10
3.20
0.20
1.80
0.00
17.00
37.10
0.10
0.90
0.00
0.00
0.00
0.00
0.00
0.00
0.00
0.00
0.00
0.00
1.10
0.00
0.00
0.00
0.00
0.00
0.30
0.60
0.00
0.00
0.00
0.40
7.70
0.00
0.00
0.00
0.00
0.00
0.00
0.30
0.00
0.50
5.00
0.20
1.20
10.00
7.20
0.80
0.80
0.00
2.20
2.20
37.10
8.10
0.00
0.00
0.00
0.00
0.00
17.40
22.20
0.00
1.10
4.60
0.00
6.70
7.10
0.20
4.40
0.90
0.20
8.70
25.20
11.20
2.00
0.00
0.00
5.70
5.30
11.00
10.50
0.20
0.00
1.20
9.40
2.60
1.40
0.10
3.40
2.10
3.50
22.60
1.10
16.50
8.60
6.30
8.10
2.30
2.70
2.70
7.30
7.30
7.60
3.60
3.60
0.00
7.60
3.60
3.60
3.60
3.50
3.90
2.50
1.60
38.80
11.30
6.30
7.20
1.60
20.60
0.50
6.00
10.50
27.20
2.40
21.30
5.80
4.40
5.20
0.40
1.40
1.20
2.90
6.80
5.40
9.10
0.00
3.70
0.10
0.40
9.20
0.90
8.10
16.60
21.80
0.90
0.00
0.10
9.30
0.00
0.50
6.60
4.90
0.20
0.10
5.90
32.20
32.50
9.00
2.30
0.40
9.70
24.00
2.20
1.10
0.10
11.40
9.30
0.80
0.40
12.20
2.70
11.30
22.60
22.40
18.80
22.30
0.50
9.70
8.20
16.90
5.80
5.80
0.70
0.00
0.60
0.00
5.20
13.40
7.30
12.70
9.40
0.00
0.00
0.00
9.10
18.10
0.60
0.00
0.00
0.00
0.00
0.60
6.40
1.10
0.10
0.80
1.00
