20160101
0.00
0.00
0.00
0.00
0.00
0.00
0.00
0.00
0.00
0.00
0.00
0.00
0.00
0.00
0.00
0.00
0.00
0.00
0.00
0.00
3.00
0.00
0.00
0.00
0.00
1.00
0.00
0.00
0.00
0.00
0.00
0.00
0.00
0.00
0.00
0.00
0.00
0.00
0.00
0.00
0.00
0.00
0.00
0.00
0.00
0.00
0.00
0.00
0.00
0.00
1.00
1.00
9.00
13.00
35.00
1.00
38.00
1.00
0.00
0.00
0.00
0.00
0.00
5.00
0.00
1.00
0.00
0.00
14.00
0.00
0.00
0.00
2.00
3.00
1.00
6.00
0.00
0.00
2.00
0.00
21.00
0.00
1.00
0.00
0.00
0.00
0.00
272.00
0.00
132.00
237.00
20.00
0.00
18.00
38.00
207.00
14.00
0.00
18.00
0.00
4.00
0.00
0.00
0.00
85.00
4.00
201.00
102.00
0.00
51.00
49.00
100.00
125.00
46.00
47.00
52.00
1.00
2.00
70.00
0.00
24.00
35.00
6.00
0.00
24.00
1.00
0.00
0.00
0.00
0.00
2.00
6.00
54.00
35.00
1.00
27.00
0.00
225.00
318.00
16.00
103.00
1282.00
3.00
11.00
1.00
0.00
0.00
1.00
0.00
1.00
0.00
1.00
0.00
0.00
0.00
20.00
19.00
41.00
202.00
15.00
241.00
55.00
36.00
43.00
4.00
1.00
98.00
122.00
88.00
238.00
93.00
52.00
22.00
251.00
5.00
93.00
48.00
31.00
4.00
2.00
29.00
121.00
555.00
125.00
18.00
46.00
5.00
13.00
152.00
153.00
157.00
50.00
51.00
105.00
8.00
72.00
269.00
387.00
0.00
1.00
71.00
13.00
142.00
183.00
143.00
46.00
173.00
1.00
9.00
12.00
19.00
102.00
102.00
50.00
16.00
2.00
41.00
188.00
183.00
74.00
121.00
243.00
27.00
4.00
9.00
171.00
0.00
63.00
85.00
34.00
0.00
2.00
353.00
11.00
0.00
38.00
0.00
89.00
0.00
47.00
1.00
24.00
21.00
69.00
63.00
8.00
25.00
32.00
6.00
6.00
71.00
7.00
393.00
132.00
27.00
0.00
17.00
0.00
26.00
0.00
49.00
4.00
67.00
110.00
0.00
7.00
0.00
21.00
24.00
7.00
11.00
1.00
0.00
0.00
1.00
2.00
0.00
0.00
122.00
0.00
0.00
0.00
8.00
74.00
29.00
29.00
0.00
1.00
0.00
0.00
0.00
0.00
0.00
0.00
0.00
4.00
0.00
0.00
0.00
0.00
149.00
171.00
23.00
16.00
0.00
0.00
2.00
11.00
40.00
156.00
36.00
0.00
0.00
0.00
0.00
0.00
0.00
0.00
0.00
0.00
0.00
0.00
0.00
0.00
0.00
0.00
0.00
0.00
0.00
0.00
0.00
0.00
0.00
0.00
0.00
10.00
2.00
0.00
0.00
0.00
0.00
0.00
0.00
0.00
0.00
0.00
0.00
0.00
0.00
0.00
0.00
0.00
0.00
0.00
0.00
0.00
0.00
0.00
0.00
0.00
0.00
0.00
0.00
0.00
0.00
0.00
0.00
0.00
0.00
0.00
0.00
0.00
0.00
0.00
0.00
0.00
0.00
0.00
0.00
0.00
0.00
0.00
0.00
0.00
0.00
2.00
0.00
0.00
0.00
0.00
0.00
0.00
17.00
0.00
0.00
0.00
0.00
0.00
0.00
0.00
0.00
0.00
0.00
0.00
0.00
0.00
0.00
0.00
0.00
0.00
0.00
0.00
0.00
0.00
0.00
0.00
0.00
0.00
0.00
0.00
0.00
0.00
0.00
0.00
0.00
0.00
0.00
0.00
2.00
2.00
0.00
0.00
88.00
0.00
17.00
45.00
3.00
0.00
0.00
0.00
0.00
0.00
42.00
1.00
53.00
0.00
0.00
0.00
0.00
18.00
0.00
0.00
0.00
73.00
276.00
111.00
231.00
27.00
457.00
321.00
2.00
0.00
0.00
0.00
5.00
4.00
0.00
0.00
0.00
0.00
21.00
10.00
2.00
0.00
98.00
50.00
53.00
90.00
39.00
42.00
24.00
0.00
1.00
23.00
0.00
2.00
104.00
0.00
0.00
1.00
13.00
14.00
0.00
0.00
87.00
0.00
2.00
2.00
41.00
14.00
55.00
7.00
1.00
0.00
1.00
0.00
0.00
0.00
0.00
0.00
0.00
13.00
65.00
68.00
112.00
103.00
6.00
17.00
50.00
19.00
0.00
32.00
0.00
1.00
59.00
49.00
156.00
69.00
69.00
30.00
0.00
31.00
199.00
45.00
17.00
30.00
1.00
55.00
161.00
32.00
4.00
0.00
9.00
63.00
49.00
490.00
202.00
149.00
33.00
190.00
298.00
3.00
2.00
28.00
354.00
182.00
53.00
269.00
9.00
12.00
10.00
16.00
24.00
361.00
203.00
348.00
136.00
81.00
266.00
93.00
60.00
34.00
107.00
7.00
80.00
14.00
3.00
8.00
16.00
40.00
83.00
31.00
147.00
80.00
12.00
5.00
7.00
23.00
12.00
18.00
11.00
39.00
107.00
80.00
5.00
66.00
10.00
11.00
16.00
42.00
0.00
0.00
236.00
642.00
78.00
29.00
73.00
35.00
24.00
63.00
25.00
11.00
4.00
13.00
2.00
279.00
25.00
37.00
40.00
66.00
113.00
154.00
113.00
1.00
684.00
755.00
282.00
137.00
44.00
0.00
0.00
9.00
0.00
0.00
93.00
8.00
300.00
119.00
51.00
14.00
1.00
19.00
4.00
16.00
9.00
0.00
3.00
1.00
0.00
133.00
8.00
1.00
0.00
18.00
0.00
0.00
15.00
4.00
30.00
120.00
7.00
0.00
0.00
0.00
0.00
0.00
0.00
169.00
87.00
6.00
2.00
0.00
0.00
0.00
0.00
0.00
0.00
0.00
0.00
7.00
0.00
27.00
0.00
2.00
90.00
5.00
16.00
0.00
0.00
0.00
0.00
0.00
0.00
0.00
0.00
0.00
0.00
0.00
0.00
0.00
0.00
0.00
0.00
0.00
0.00
1.00
3.00
250.00
167.00
20.00
0.00
0.00
0.00
0.00
0.00
0.00
0.00
0.00
0.00
0.00
0.00
0.00
0.00
0.00
0.00
0.00
0.00
0.00
0.00
0.00
40.00
130.00
165.00
0.00
0.00
0.00
0.00
0.00
0.00
0.00
0.00
0.00
0.00
0.00
0.00
0.00
0.00
0.00
0.00
0.00
0.00
0.00
0.00
0.00
0.00
0.00
0.00
0.00
0.00
0.00
0.00
0.00
0.00
0.00
0.00
0.00
0.00
0.00
12.00
36.00
174.00
0.00
1.00
0.00
4.00
0.00
0.00
0.00
0.00
0.00
0.00
0.00
0.00
0.00
0.00
0.00
0.00
20.00
0.00
0.00
0.00
0.00
0.00
0.00
0.00
0.00
0.00
0.00
0.00
0.00
0.00
0.00
46.00
0.00
0.00
14.00
62.00
0.00
0.00
0.00
0.00
0.00
0.00
0.00
0.00
1.00
1.00
0.00
0.00
0.00
0.00
1.00
32.00
25.00
0.00
50.00
0.00
6.00
106.00
0.00
235.00
2.00
0.00
5.00
12.00
5.00
0.00
232.00
38.00
18.00
0.00
46.00
1.00
0.00
0.00
0.00
0.00
0.00
118.00
43.00
23.00
13.00
111.00
17.00
39.00
23.00
131.00
225.00
144.00
449.00
123.00
149.00
47.00
126.00
0.00
14.00
0.00
0.00
0.00
0.00
0.00
0.00
376.00
50.00
58.00
0.00
360.00
52.00
28.00
126.00
6.00
20.00
0.00
3.00
130.00
229.00
10.00
1.00
2.00
105.00
79.00
180.00
355.00
287.00
16.00
21.00
2.00
0.00
21.00
1.00
0.00
9.00
39.00
36.00
65.00
4.00
12.00
43.00
10.00
35.00
15.00
18.00
89.00
11.00
1.00
4.00
13.00
13.00
16.00
19.00
36.00
66.00
6.00
8.00
110.00
32.00
88.00
0.00
2.00
2.00
27.00
46.00
451.00
114.00
42.00
239.00
18.00
0.00
263.00
15.00
80.00
264.00
164.00
254.00
0.00
3.00
39.00
229.00
80.00
6.00
11.00
10.00
78.00
32.00
94.00
262.00
144.00
24.00
3.00
4.00
28.00
115.00
84.00
18.00
42.00
59.00
79.00
9.00
53.00
126.00
27.00
17.00
59.00
20.00
61.00
4.00
14.00
34.00
1.00
0.00
0.00
26.00
231.00
118.00
0.00
2.00
8.00
65.00
1.00
0.00
0.00
29.00
105.00
4.00
0.00
27.00
58.00
7.00
4.00
0.00
279.00
16.00
0.00
0.00
130.00
0.00
0.00
0.00
0.00
35.00
0.00
0.00
68.00
29.00
260.00
262.00
2.00
0.00
0.00
0.00
0.00
0.00
0.00
0.00
0.00
0.00
0.00
0.00
0.00
0.00
210.00
12.00
101.00
28.00
22.00
0.00
0.00
0.00
0.00
0.00
0.00
0.00
0.00
0.00
0.00
0.00
0.00
0.00
1.00
0.00
0.00
0.00
0.00
0.00
1.00
0.00
0.00
0.00
0.00
0.00
0.00
0.00
0.00
0.00
0.00
0.00
0.00
0.00
0.00
5.00
7.00
0.00
0.00
0.00
0.00
1.00
0.00
0.00
1.00
0.00
14.00
25.00
20.00
0.00
0.00
0.00
0.00
0.00
0.00
0.00
0.00
0.00
0.00
0.00
0.00
0.00
0.00
0.00
0.00
0.00
0.00
0.00
0.00
0.00
0.00
0.00
0.00
0.00
0.00
0.00
0.00
0.00
0.00
0.00
0.00
0.00
0.00
0.00
0.00
0.00
0.00
0.00
0.00
0.00
1.00
0.00
0.00
0.00
0.00
0.00
0.00
0.00
0.00
0.00
0.00
0.00
0.00
0.00
0.00
0.00
0.00
0.00
0.00
2.00
0.00
0.00
0.00
0.00
0.00
0.00
0.00
85.20
80.10
53.90
41.40
0.00
0.00
0.00
0.20
19.10
0.00
0.00
0.00
0.00
0.00
0.00
0.00
0.00
0.00
0.00
0.00
0.00
3.60
1.30
0.00
0.00
2.40
0.00
0.00
0.00
0.00
18.70
0.00
0.00
0.00
16.00
4.50
49.80
0.00
6.00
0.20
3.80
1.60
4.10
31.20
0.30
0.00
0.00
0.00
0.00
2.10
0.60
2.10
0.00
0.00
0.00
0.00
1.10
0.00
0.00
0.00
0.00
0.00
3.00
0.00
0.00
0.00
5.50
7.60
0.40
0.00
0.00
0.00
0.00
0.00
0.00
0.00
0.00
0.20
0.20
0.20
0.00
0.50
0.00
0.00
0.00
0.00
0.00
0.00
14.90
0.00
0.00
0.00
0.00
0.00
0.00
0.00
1.20
0.00
2.10
4.30
0.30
1.20
7.60
1.40
23.90
31.90
3.80
4.10
5.50
27.30
6.50
0.00
0.00
13.50
17.80
0.50
10.20
6.40
0.20
0.60
20.00
2.50
0.10
0.40
9.50
5.80
0.00
0.00
0.00
0.00
10.00
1.80
0.30
6.30
2.50
2.50
3.10
3.10
5.70
1.30
1.30
0.10
0.20
1.30
1.30
1.30
0.00
3.40
10.60
15.20
36.00
37.60
12.80
0.00
6.80
5.70
2.90
3.30
39.60
0.90
0.90
65.10
2.80
5.20
4.80
5.90
3.50
12.80
21.50
8.60
2.70
0.00
1.50
2.60
1.20
0.10
2.30
4.80
23.50
40.10
21.20
0.30
0.50
0.20
47.00
0.00
1.90
0.30
6.30
3.70
6.00
6.50
8.40
0.90
0.10
7.40
3.50
0.50
1.10
0.90
0.90
0.60
12.50
2.00
0.20
0.00
0.40
10.80
7.40
8.30
3.40
15.60
11.80
0.00
0.00
1.10
13.10
0.90
0.90
1.70
0.20
0.30
0.80
2.20
8.10
6.20
6.10
4.30
0.00
0.00
0.00
0.00
7.10
7.20
0.00
3.50
0.30
0.00
1.30
2.10
1.20
1.30
1.40
4.80
