20160101
0.00
0.00
0.00
0.00
0.00
0.00
0.00
0.00
0.00
0.00
1.00
0.00
1.00
1.00
0.00
0.00
0.00
0.00
2.00
29.00
0.00
0.00
0.00
0.00
0.00
0.00
0.00
0.00
0.00
0.00
0.00
0.00
0.00
0.00
0.00
0.00
0.00
5.00
2.00
0.00
0.00
0.00
0.00
0.00
0.00
0.00
0.00
0.00
0.00
0.00
0.00
2.00
0.00
18.00
292.00
11.00
26.00
0.00
0.00
0.00
1.00
0.00
0.00
0.00
0.00
7.00
0.00
0.00
0.00
3.00
0.00
2.00
1.00
0.00
1.00
1.00
0.00
0.00
0.00
143.00
0.00
0.00
0.00
0.00
0.00
0.00
0.00
8.00
0.00
102.00
650.00
135.00
208.00
54.00
0.00
4.00
0.00
0.00
0.00
0.00
0.00
0.00
0.00
0.00
0.00
0.00
0.00
0.00
0.00
0.00
0.00
0.00
0.00
0.00
0.00
0.00
0.00
0.00
0.00
1.00
0.00
19.00
426.00
1.00
8.00
5.00
6.00
71.00
2.00
1.00
18.00
0.00
0.00
805.00
0.00
0.00
1.00
60.00
175.00
279.00
933.00
514.00
0.00
0.00
109.00
268.00
4.00
15.00
69.00
0.00
186.00
11.00
0.00
0.00
0.00
0.00
8.00
5.00
26.00
5.00
22.00
0.00
2325.00
645.00
272.00
1.00
0.00
0.00
5.00
23.00
2.00
4.00
8.00
33.00
30.00
10.00
119.00
2.00
2.00
140.00
19.00
11.00
303.00
143.00
173.00
212.00
86.00
284.00
105.00
25.00
39.00
21.00
4.00
12.00
27.00
9.00
107.00
281.00
221.00
223.00
69.00
22.00
12.00
11.00
26.00
51.00
107.00
6.00
4.00
15.00
167.00
351.00
416.00
94.00
31.00
38.00
4.00
32.00
49.00
9.00
71.00
283.00
262.00
138.00
16.00
141.00
69.00
70.00
80.00
190.00
71.00
2.00
702.00
855.00
19.00
8.00
35.00
186.00
116.00
111.00
397.00
40.00
56.00
238.00
111.00
193.00
113.00
47.00
30.00
29.00
34.00
40.00
18.00
56.00
189.00
79.00
87.00
18.00
28.00
40.00
100.00
16.00
7.00
86.00
50.00
63.00
21.00
101.00
145.00
26.00
213.00
622.00
9.00
64.00
2.00
12.00
55.00
786.00
35.00
207.00
198.00
3.00
48.00
19.00
137.00
25.00
0.00
0.00
0.00
0.00
0.00
0.00
0.00
0.00
0.00
0.00
0.00
0.00
0.00
76.00
109.00
134.00
13.00
0.00
0.00
0.00
0.00
11.00
341.00
560.00
0.00
0.00
0.00
0.00
0.00
0.00
0.00
0.00
0.00
0.00
0.00
0.00
0.00
0.00
0.00
0.00
0.00
0.00
0.00
0.00
0.00
0.00
0.00
229.00
0.00
16.00
0.00
0.00
0.00
0.00
68.00
0.00
70.00
0.00
11.00
0.00
0.00
0.00
0.00
0.00
0.00
63.00
0.00
119.00
0.00
0.00
50.00
167.00
128.00
112.00
55.00
0.00
45.00
0.00
0.00
0.00
8.00
14.00
0.00
12.00
0.00
0.00
0.00
0.00
0.00
0.00
0.00
0.00
0.00
0.00
0.00
0.00
0.00
0.00
0.00
0.00
0.00
0.00
0.00
0.00
0.00
0.00
17.00
0.00
0.00
0.00
0.00
0.00
0.00
0.00
0.00
0.00
0.00
0.00
0.00
0.00
0.00
0.00
0.00
0.00
0.00
0.00
0.00
0.00
0.00
0.00
0.00
0.00
0.00
0.00
0.00
0.00
0.00
0.00
0.00
0.00
0.00
0.00
0.00
3.00
2.00
0.00
73.00
1.00
87.00
154.00
1.00
0.00
0.00
0.00
0.00
0.00
127.00
15.00
46.00
0.00
0.00
0.00
0.00
0.00
0.00
0.00
1.00
180.00
0.00
0.00
0.00
0.00
0.00
16.00
267.00
0.00
0.00
0.00
0.00
0.00
0.00
0.00
0.00
0.00
0.00
0.00
0.00
16.00
351.00
49.00
369.00
759.00
210.00
312.00
0.00
0.00
2.00
0.00
4.00
0.00
55.00
0.00
0.00
0.00
18.00
0.00
0.00
0.00
315.00
0.00
25.00
0.00
1.00
0.00
604.00
0.00
157.00
0.00
0.00
0.00
0.00
0.00
0.00
0.00
0.00
178.00
1.00
5.00
383.00
766.00
11.00
955.00
237.00
0.00
0.00
1202.00
0.00
1.00
110.00
0.00
24.00
450.00
260.00
93.00
1.00
114.00
46.00
269.00
278.00
1050.00
66.00
106.00
86.00
4.00
4.00
5.00
6.00
10.00
41.00
7.00
234.00
165.00
229.00
436.00
225.00
281.00
2.00
5.00
8.00
41.00
175.00
201.00
148.00
225.00
42.00
27.00
133.00
164.00
429.00
480.00
837.00
161.00
46.00
84.00
483.00
384.00
132.00
151.00
16.00
96.00
29.00
2.00
1.00
236.00
29.00
58.00
206.00
179.00
124.00
4.00
36.00
72.00
203.00
659.00
82.00
76.00
102.00
221.00
73.00
71.00
60.00
32.00
238.00
244.00
289.00
40.00
144.00
137.00
80.00
34.00
108.00
49.00
302.00
38.00
40.00
291.00
114.00
26.00
9.00
5.00
24.00
176.00
94.00
180.00
50.00
37.00
5.00
1.00
61.00
346.00
271.00
239.00
42.00
39.00
3.00
66.00
87.00
113.00
79.00
105.00
318.00
32.00
13.00
208.00
35.00
3.00
15.00
9.00
8.00
6.00
143.00
263.00
7.00
0.00
9.00
0.00
0.00
14.00
0.00
0.00
99.00
230.00
908.00
774.00
0.00
0.00
3.00
0.00
0.00
0.00
0.00
88.00
58.00
0.00
0.00
0.00
0.00
0.00
0.00
0.00
0.00
0.00
0.00
0.00
0.00
38.00
0.00
8.00
320.00
34.00
31.00
0.00
1.00
3.00
0.00
0.00
0.00
0.00
0.00
0.00
0.00
0.00
0.00
0.00
0.00
0.00
0.00
0.00
0.00
2.00
28.00
587.00
445.00
101.00
0.00
0.00
0.00
0.00
0.00
0.00
0.00
0.00
19.00
0.00
0.00
0.00
0.00
0.00
0.00
0.00
0.00
0.00
0.00
0.00
4.00
278.00
0.00
0.00
0.00
0.00
0.00
0.00
0.00
0.00
0.00
0.00
0.00
0.00
0.00
0.00
0.00
0.00
0.00
0.00
0.00
0.00
0.00
0.00
0.00
0.00
0.00
0.00
0.00
0.00
0.00
0.00
201.00
0.00
0.00
0.00
0.00
0.00
703.00
411.00
571.00
315.00
93.00
0.00
63.00
116.00
0.00
0.00
0.00
0.00
0.00
2.00
0.00
88.00
0.00
0.00
0.00
222.00
0.00
0.00
0.00
0.00
0.00
0.00
18.00
1.00
0.00
0.00
0.00
0.00
0.00
0.00
22.00
0.00
1.00
146.00
22.00
0.00
0.00
0.00
0.00
0.00
0.00
0.00
48.00
0.00
30.00
0.00
0.00
152.00
409.00
0.00
69.00
0.00
1.00
88.00
3.00
271.00
3.00
14.00
0.00
124.00
112.00
0.00
205.00
0.00
29.00
312.00
4.00
18.00
6.00
5.00
231.00
3.00
0.00
12.00
2.00
0.00
0.00
302.00
126.00
21.00
218.00
11.00
58.00
890.00
36.00
0.00
1.00
0.00
212.00
772.00
57.00
24.00
3.00
0.00
186.00
0.00
319.00
22.00
56.00
746.00
1.00
206.00
24.00
186.00
0.00
0.00
0.00
1.00
105.00
706.00
1196.00
1.00
5.00
218.00
11.00
0.00
1.00
2.00
217.00
349.00
177.00
800.00
35.00
26.00
260.00
41.00
0.00
0.00
279.00
29.00
12.00
80.00
151.00
217.00
53.00
5.00
7.00
4.00
3.00
69.00
11.00
27.00
319.00
106.00
12.00
7.00
6.00
1.00
7.00
14.00
22.00
4.00
186.00
121.00
28.00
32.00
40.00
24.00
12.00
36.00
75.00
38.00
227.00
319.00
306.00
473.00
17.00
227.00
84.00
21.00
27.00
21.00
72.00
36.00
54.00
145.00
67.00
9.00
23.00
3.00
20.00
29.00
36.00
44.00
180.00
33.00
26.00
459.00
110.00
370.00
253.00
183.00
5.00
4.00
173.00
85.00
33.00
12.00
22.00
17.00
13.00
66.00
8.00
27.00
37.00
92.00
0.00
27.00
0.00
2.00
1.00
46.00
11.00
69.00
22.00
110.00
84.00
5.00
0.00
22.00
20.00
113.00
25.00
0.00
1.00
4.00
421.00
0.00
28.00
0.00
0.00
0.00
0.00
0.00
0.00
0.00
0.00
0.00
0.00
0.00
57.00
535.00
308.00
624.00
223.00
0.00
0.00
0.00
0.00
0.00
0.00
0.00
0.00
0.00
0.00
0.00
0.00
0.00
19.00
72.00
92.00
3.00
0.00
0.00
0.00
0.00
0.00
0.00
0.00
0.00
0.00
0.00
0.00
0.00
0.00
0.00
0.00
0.00
0.00
0.00
0.00
0.00
0.00
0.00
0.00
0.00
0.00
0.00
0.00
0.00
0.00
0.00
0.00
0.00
0.00
0.00
0.00
2.00
0.00
0.00
0.00
0.00
0.00
0.00
0.00
0.00
0.00
0.00
50.00
55.00
8.00
0.00
0.00
0.00
0.00
0.00
0.00
0.00
0.00
0.00
0.00
0.00
0.00
0.00
0.00
0.00
0.00
0.00
0.00
0.00
0.00
0.00
0.00
0.00
0.00
0.00
0.00
0.00
0.00
0.00
0.00
0.00
0.00
0.00
0.00
0.00
0.00
0.00
0.00
0.00
0.00
0.00
0.00
0.00
0.00
0.00
0.00
0.00
0.00
0.00
0.00
0.00
0.00
0.00
0.00
0.00
0.00
0.00
0.00
0.00
5.00
1.00
0.00
0.00
0.00
0.00
0.00
1.40
1.00
61.50
53.80
51.90
14.70
0.00
0.00
0.10
1.30
18.90
0.00
0.00
0.00
0.00
0.00
0.00
0.00
0.00
0.20
7.20
1.30
36.20
1.40
0.00
0.00
0.00
7.00
0.00
0.00
0.00
0.10
0.40
0.00
0.00
0.00
21.60
0.00
86.80
65.40
0.00
0.00
24.10
1.70
0.00
25.70
4.80
10.10
0.30
19.00
0.00
0.00
1.10
0.00
0.00
0.00
0.00
0.80
0.00
0.00
0.00
0.00
0.20
0.20
0.00
0.00
0.00
0.00
0.10
147.50
21.00
0.00
0.00
0.00
0.00
0.00
0.00
0.00
0.00
6.90
0.10
0.80
0.00
0.00
0.00
0.20
0.20
0.00
33.90
33.90
26.20
21.00
0.00
0.00
0.00
0.00
0.00
1.50
1.30
25.00
23.20
19.20
6.80
2.30
11.90
5.80
1.70
0.00
0.00
0.00
19.60
2.60
234.90
0.10
9.40
2.60
6.30
1.10
0.10
0.50
0.00
1.40
2.80
6.90
1.40
6.70
0.50
0.40
1.30
11.20
0.80
1.20
0.90
5.60
16.50
17.90
26.10
26.10
21.60
21.60
75.90
1.90
1.90
1.30
5.10
1.90
1.90
1.90
3.60
8.00
3.10
8.70
59.00
9.10
10.00
1.90
7.40
20.00
2.40
2.20
5.80
6.70
23.60
56.50
16.10
12.80
8.50
9.20
10.60
31.20
15.70
67.80
47.30
29.80
10.50
4.70
0.50
5.20
5.70
3.10
21.50
36.50
18.90
5.70
3.40
2.40
3.30
4.30
1.80
21.30
26.00
30.70
7.70
9.20
3.30
2.80
13.10
31.20
3.50
14.90
3.20
31.20
12.20
0.50
3.50
2.90
2.40
1.00
0.70
3.50
8.60
18.70
0.70
22.40
38.10
9.20
2.40
12.00
49.60
25.40
25.40
30.80
3.20
4.40
6.00
5.90
4.30
0.00
15.20
33.80
0.00
1.70
0.10
0.40
0.20
18.10
0.00
0.20
1.50
0.40
0.90
4.90
0.80
0.20
0.00
1.20
