20160101
0.00
0.00
0.00
0.00
0.00
0.00
0.00
0.00
0.00
0.00
0.00
0.00
0.00
0.00
0.00
0.00
0.00
1.00
0.00
16.00
0.00
0.00
0.00
0.00
0.00
0.00
0.00
7.00
0.00
0.00
0.00
0.00
0.00
0.00
0.00
0.00
0.00
0.00
1.00
0.00
0.00
0.00
9.00
0.00
0.00
0.00
0.00
0.00
0.00
0.00
0.00
0.00
0.00
196.00
142.00
0.00
23.00
0.00
0.00
0.00
2.00
0.00
0.00
0.00
0.00
164.00
0.00
0.00
0.00
16.00
0.00
0.00
0.00
0.00
0.00
4.00
0.00
203.00
4.00
0.00
1.00
0.00
0.00
0.00
0.00
0.00
0.00
33.00
0.00
134.00
443.00
189.00
40.00
150.00
28.00
0.00
0.00
0.00
1.00
0.00
0.00
0.00
0.00
0.00
0.00
0.00
22.00
0.00
0.00
0.00
0.00
0.00
0.00
0.00
0.00
0.00
1.00
0.00
0.00
0.00
0.00
8.00
317.00
5.00
0.00
0.00
75.00
36.00
5.00
0.00
7.00
0.00
11.00
634.00
0.00
7.00
0.00
27.00
399.00
218.00
860.00
1216.00
0.00
0.00
477.00
168.00
5.00
19.00
561.00
36.00
86.00
39.00
2.00
0.00
0.00
0.00
2.00
46.00
126.00
67.00
32.00
5.00
1212.00
233.00
102.00
2.00
0.00
37.00
25.00
0.00
3.00
19.00
2.00
48.00
61.00
2.00
67.00
24.00
21.00
251.00
37.00
11.00
103.00
53.00
195.00
128.00
59.00
161.00
147.00
19.00
31.00
40.00
0.00
5.00
32.00
3.00
424.00
211.00
132.00
264.00
303.00
12.00
5.00
7.00
63.00
56.00
92.00
1.00
2.00
65.00
141.00
231.00
331.00
111.00
29.00
27.00
17.00
50.00
47.00
9.00
12.00
137.00
217.00
67.00
0.00
398.00
159.00
145.00
251.00
70.00
6.00
0.00
577.00
684.00
1.00
1.00
18.00
612.00
143.00
199.00
353.00
11.00
83.00
321.00
60.00
205.00
59.00
23.00
17.00
8.00
0.00
14.00
19.00
101.00
139.00
125.00
121.00
33.00
1.00
37.00
33.00
1.00
14.00
174.00
22.00
143.00
4.00
80.00
43.00
207.00
430.00
304.00
0.00
197.00
41.00
195.00
84.00
124.00
53.00
15.00
46.00
0.00
59.00
161.00
477.00
8.00
18.00
0.00
0.00
0.00
0.00
0.00
0.00
0.00
0.00
0.00
0.00
0.00
0.00
0.00
279.00
35.00
16.00
0.00
0.00
0.00
0.00
17.00
253.00
583.00
2.00
0.00
0.00
0.00
0.00
0.00
0.00
0.00
0.00
0.00
0.00
0.00
0.00
0.00
0.00
0.00
0.00
0.00
0.00
0.00
0.00
0.00
0.00
0.00
0.00
8.00
0.00
0.00
0.00
0.00
0.00
0.00
30.00
0.00
0.00
0.00
0.00
0.00
0.00
0.00
0.00
0.00
0.00
0.00
0.00
3.00
0.00
0.00
0.00
0.00
0.00
0.00
0.00
0.00
0.00
0.00
0.00
0.00
0.00
0.00
0.00
0.00
0.00
0.00
0.00
0.00
0.00
0.00
0.00
0.00
0.00
0.00
0.00
0.00
0.00
3.00
0.00
0.00
0.00
0.00
0.00
0.00
6.00
0.00
0.00
0.00
0.00
0.00
0.00
0.00
0.00
0.00
0.00
0.00
0.00
0.00
0.00
0.00
0.00
0.00
0.00
0.00
0.00
0.00
0.00
0.00
0.00
0.00
0.00
0.00
0.00
0.00
0.00
0.00
0.00
0.00
0.00
0.00
1.00
31.00
82.00
0.00
126.00
5.00
76.00
168.00
0.00
0.00
0.00
0.00
0.00
0.00
277.00
18.00
31.00
0.00
0.00
0.00
0.00
37.00
0.00
0.00
6.00
19.00
21.00
0.00
0.00
0.00
211.00
51.00
578.00
0.00
0.00
0.00
0.00
0.00
0.00
0.00
0.00
0.00
5.00
0.00
0.00
5.00
383.00
31.00
140.00
1054.00
63.00
218.00
107.00
0.00
2.00
0.00
21.00
0.00
41.00
0.00
0.00
0.00
0.00
6.00
0.00
0.00
222.00
0.00
5.00
0.00
48.00
126.00
738.00
151.00
71.00
0.00
8.00
0.00
0.00
0.00
0.00
0.00
0.00
10.00
2.00
47.00
264.00
684.00
4.00
1174.00
94.00
0.00
192.00
557.00
14.00
66.00
205.00
83.00
113.00
356.00
336.00
119.00
4.00
97.00
34.00
39.00
192.00
829.00
83.00
145.00
179.00
7.00
30.00
0.00
9.00
15.00
43.00
7.00
136.00
377.00
330.00
536.00
170.00
86.00
6.00
2.00
17.00
32.00
260.00
67.00
142.00
70.00
159.00
17.00
111.00
627.00
263.00
657.00
1133.00
379.00
9.00
175.00
523.00
143.00
397.00
82.00
55.00
170.00
38.00
0.00
43.00
241.00
68.00
50.00
82.00
44.00
35.00
1.00
58.00
263.00
285.00
289.00
12.00
125.00
98.00
108.00
70.00
121.00
76.00
62.00
672.00
220.00
47.00
110.00
24.00
88.00
120.00
26.00
38.00
142.00
192.00
254.00
37.00
121.00
113.00
48.00
3.00
76.00
12.00
16.00
485.00
591.00
7.00
13.00
28.00
0.00
53.00
430.00
355.00
162.00
31.00
66.00
0.00
86.00
69.00
148.00
114.00
257.00
72.00
27.00
229.00
117.00
13.00
19.00
60.00
8.00
19.00
0.00
1.00
72.00
0.00
0.00
0.00
0.00
0.00
26.00
0.00
9.00
137.00
203.00
1096.00
957.00
17.00
0.00
0.00
0.00
0.00
0.00
0.00
59.00
99.00
0.00
0.00
0.00
0.00
0.00
0.00
0.00
0.00
0.00
0.00
0.00
0.00
50.00
0.00
0.00
241.00
41.00
42.00
0.00
0.00
1.00
0.00
0.00
0.00
0.00
0.00
0.00
0.00
0.00
0.00
0.00
0.00
0.00
0.00
0.00
0.00
9.00
78.00
949.00
822.00
625.00
0.00
0.00
0.00
0.00
0.00
0.00
0.00
0.00
61.00
0.00
0.00
0.00
0.00
0.00
0.00
0.00
0.00
0.00
0.00
0.00
27.00
291.00
18.00
0.00
0.00
0.00
0.00
0.00
0.00
0.00
0.00
0.00
0.00
0.00
0.00
0.00
0.00
0.00
0.00
0.00
0.00
0.00
0.00
0.00
0.00
0.00
0.00
0.00
0.00
0.00
0.00
0.00
0.00
0.00
0.00
0.00
0.00
21.00
591.00
405.00
768.00
152.00
38.00
0.00
99.00
93.00
0.00
0.00
0.00
0.00
0.00
0.00
0.00
0.00
0.00
0.00
0.00
243.00
0.00
0.00
0.00
0.00
0.00
0.00
34.00
0.00
0.00
0.00
0.00
0.00
0.00
0.00
0.00
0.00
0.00
78.00
5.00
0.00
0.00
0.00
0.00
0.00
0.00
0.00
15.00
0.00
0.00
0.00
0.00
87.00
149.00
20.00
24.00
0.00
23.00
3.00
90.00
289.00
3.00
0.00
0.00
143.00
35.00
0.00
159.00
0.00
23.00
399.00
161.00
56.00
4.00
95.00
130.00
0.00
0.00
0.00
3.00
0.00
0.00
459.00
134.00
40.00
231.00
31.00
60.00
988.00
59.00
58.00
5.00
20.00
538.00
392.00
0.00
119.00
3.00
20.00
39.00
9.00
363.00
539.00
96.00
153.00
3.00
311.00
45.00
0.00
0.00
0.00
68.00
25.00
81.00
512.00
113.00
7.00
10.00
83.00
7.00
0.00
3.00
328.00
473.00
319.00
330.00
771.00
28.00
12.00
242.00
197.00
88.00
0.00
195.00
23.00
1.00
1.00
90.00
191.00
38.00
19.00
12.00
8.00
19.00
8.00
2.00
85.00
351.00
80.00
26.00
26.00
11.00
0.00
12.00
8.00
15.00
6.00
334.00
134.00
28.00
8.00
24.00
11.00
4.00
54.00
134.00
63.00
194.00
579.00
107.00
23.00
120.00
159.00
24.00
11.00
28.00
19.00
56.00
37.00
82.00
311.00
65.00
3.00
28.00
9.00
2.00
25.00
20.00
75.00
611.00
31.00
103.00
214.00
149.00
47.00
56.00
186.00
11.00
5.00
74.00
139.00
28.00
31.00
23.00
2.00
1.00
1.00
17.00
74.00
34.00
159.00
12.00
0.00
0.00
4.00
18.00
28.00
13.00
144.00
2.00
2.00
44.00
0.00
0.00
101.00
130.00
132.00
4.00
0.00
5.00
10.00
204.00
7.00
2.00
2.00
0.00
0.00
0.00
0.00
0.00
0.00
0.00
0.00
0.00
0.00
96.00
307.00
503.00
448.00
135.00
0.00
0.00
0.00
0.00
0.00
0.00
0.00
0.00
0.00
0.00
0.00
0.00
0.00
5.00
73.00
144.00
30.00
29.00
0.00
0.00
0.00
0.00
0.00
20.00
0.00
0.00
0.00
0.00
0.00
0.00
0.00
0.00
0.00
0.00
0.00
0.00
0.00
0.00
0.00
0.00
0.00
0.00
0.00
0.00
0.00
0.00
0.00
0.00
0.00
0.00
0.00
0.00
1.00
1.00
0.00
0.00
0.00
0.00
0.00
0.00
0.00
0.00
0.00
41.00
52.00
8.00
0.00
0.00
0.00
0.00
0.00
0.00
0.00
0.00
0.00
0.00
0.00
0.00
0.00
0.00
0.00
0.00
0.00
0.00
0.00
0.00
0.00
0.00
0.00
0.00
0.00
0.00
0.00
0.00
0.00
0.00
0.00
0.00
0.00
0.00
0.00
0.00
0.00
0.00
0.00
0.00
0.00
0.00
0.00
0.00
0.00
0.00
0.00
0.00
0.00
0.00
0.00
2.00
1.00
0.00
0.00
0.00
0.00
0.00
0.00
5.00
12.00
0.00
0.00
0.00
0.00
0.00
0.00
0.00
74.50
62.20
49.60
13.40
0.00
0.00
0.00
0.90
12.10
0.00
0.00
0.00
0.00
0.00
0.00
0.00
0.00
0.00
4.30
0.50
39.10
0.10
0.00
10.40
0.00
1.30
0.00
0.00
0.00
0.00
0.00
0.00
0.00
0.00
21.30
28.10
53.80
34.90
0.60
1.30
19.20
0.10
2.40
32.10
5.80
9.20
0.50
38.10
0.00
0.00
0.00
0.00
0.00
0.00
0.00
0.90
0.20
0.00
0.00
0.00
0.00
0.00
0.00
0.00
0.00
0.00
0.10
113.50
70.30
0.00
0.00
0.00
0.00
0.00
0.00
0.00
0.00
21.40
0.00
0.30
0.30
2.10
0.00
0.00
0.00
0.00
46.60
46.60
43.10
4.20
0.00
0.10
0.00
0.00
0.00
0.40
14.30
5.60
5.80
68.00
1.00
2.00
2.00
13.40
9.70
0.00
0.00
1.50
78.20
15.90
87.80
0.00
17.60
4.30
3.40
1.80
1.20
0.00
0.00
0.20
13.20
9.60
1.20
1.70
0.40
0.20
0.10
0.30
1.60
1.10
4.00
8.30
30.00
23.80
41.60
41.60
29.60
29.60
41.70
0.00
0.00
0.10
25.00
0.00
0.00
0.00
0.00
2.30
1.00
0.50
45.10
2.10
1.40
0.00
0.70
66.20
0.00
0.10
0.70
4.00
31.50
144.50
6.10
6.50
22.50
5.20
0.30
151.40
30.00
38.00
46.40
51.80
5.10
1.00
4.50
2.50
6.60
3.10
13.00
33.50
33.60
2.90
0.30
0.00
1.80
0.00
6.80
33.50
17.70
40.60
6.50
13.60
1.90
0.40
4.60
33.30
9.90
2.00
8.30
42.10
10.90
3.80
2.10
9.80
0.20
0.40
0.30
0.20
9.90
13.40
2.20
34.60
29.00
5.70
1.50
6.40
23.20
17.70
17.70
5.70
0.20
0.00
2.70
6.70
4.40
0.00
9.20
24.10
0.00
0.00
0.00
0.00
0.00
4.60
0.00
0.00
0.00
0.00
0.10
3.20
1.30
0.10
0.00
2.30
