20160101
0.00
0.00
0.00
0.00
0.00
0.00
0.00
0.00
62.00
0.00
0.00
0.00
0.00
0.00
0.00
0.00
0.00
0.00
0.00
2.00
0.00
0.00
0.00
0.00
0.00
0.00
0.00
0.00
0.00
0.00
0.00
0.00
0.00
0.00
0.00
0.00
0.00
0.00
4.00
0.00
0.00
0.00
23.00
0.00
0.00
0.00
0.00
0.00
0.00
0.00
0.00
0.00
1.00
42.00
68.00
1.00
8.00
0.00
0.00
0.00
1.00
0.00
0.00
0.00
0.00
26.00
0.00
0.00
0.00
0.00
0.00
0.00
0.00
0.00
0.00
9.00
0.00
1.00
1.00
0.00
101.00
0.00
1.00
0.00
0.00
0.00
0.00
452.00
0.00
1.00
206.00
208.00
4.00
181.00
697.00
2.00
0.00
0.00
0.00
0.00
0.00
0.00
0.00
0.00
2.00
0.00
139.00
48.00
0.00
23.00
0.00
0.00
0.00
0.00
0.00
80.00
0.00
0.00
0.00
0.00
3.00
300.00
161.00
82.00
85.00
9.00
3.00
19.00
0.00
0.00
0.00
0.00
233.00
141.00
1.00
16.00
1.00
276.00
330.00
135.00
855.00
786.00
10.00
0.00
391.00
114.00
0.00
3.00
117.00
260.00
0.00
29.00
0.00
0.00
462.00
278.00
4.00
5.00
14.00
82.00
30.00
229.00
641.00
117.00
19.00
0.00
1.00
105.00
140.00
1.00
2.00
7.00
1.00
3.00
59.00
37.00
116.00
58.00
52.00
382.00
295.00
1.00
6.00
56.00
39.00
371.00
63.00
0.00
392.00
28.00
30.00
63.00
1.00
21.00
3.00
40.00
99.00
65.00
5.00
98.00
0.00
14.00
5.00
10.00
63.00
144.00
284.00
7.00
2.00
28.00
192.00
186.00
195.00
156.00
69.00
116.00
112.00
46.00
3.00
27.00
30.00
101.00
375.00
23.00
17.00
229.00
266.00
72.00
125.00
21.00
0.00
2.00
328.00
72.00
0.00
0.00
51.00
694.00
8.00
105.00
169.00
44.00
158.00
94.00
142.00
152.00
12.00
2.00
0.00
2.00
23.00
5.00
11.00
3.00
26.00
229.00
462.00
193.00
116.00
431.00
113.00
77.00
53.00
114.00
15.00
59.00
90.00
2.00
3.00
171.00
299.00
241.00
0.00
577.00
466.00
57.00
30.00
379.00
76.00
135.00
788.00
104.00
0.00
12.00
826.00
115.00
0.00
0.00
0.00
0.00
0.00
0.00
0.00
0.00
0.00
0.00
0.00
0.00
0.00
0.00
36.00
89.00
108.00
0.00
0.00
0.00
19.00
2.00
184.00
792.00
268.00
0.00
0.00
0.00
0.00
0.00
0.00
0.00
0.00
0.00
0.00
0.00
0.00
0.00
0.00
0.00
0.00
0.00
0.00
0.00
0.00
0.00
0.00
0.00
0.00
15.00
0.00
0.00
0.00
0.00
0.00
0.00
10.00
0.00
0.00
0.00
0.00
0.00
0.00
0.00
0.00
0.00
0.00
0.00
0.00
0.00
0.00
0.00
0.00
0.00
0.00
0.00
0.00
0.00
0.00
0.00
0.00
0.00
0.00
0.00
0.00
0.00
0.00
0.00
0.00
0.00
0.00
0.00
0.00
0.00
0.00
0.00
0.00
0.00
0.00
0.00
0.00
0.00
0.00
0.00
0.00
0.00
0.00
0.00
0.00
0.00
0.00
0.00
0.00
0.00
0.00
0.00
0.00
0.00
0.00
0.00
0.00
0.00
0.00
0.00
0.00
0.00
0.00
0.00
0.00
0.00
0.00
0.00
0.00
79.00
0.00
0.00
0.00
0.00
0.00
0.00
0.00
0.00
6.00
164.00
95.00
1.00
429.00
0.00
72.00
97.00
0.00
0.00
0.00
0.00
0.00
0.00
342.00
0.00
49.00
0.00
0.00
0.00
0.00
96.00
0.00
0.00
0.00
582.00
160.00
0.00
0.00
0.00
377.00
209.00
217.00
0.00
0.00
0.00
0.00
0.00
0.00
0.00
0.00
0.00
42.00
8.00
0.00
2.00
543.00
133.00
160.00
345.00
220.00
297.00
234.00
0.00
1.00
0.00
12.00
21.00
2.00
0.00
0.00
0.00
0.00
25.00
0.00
0.00
109.00
0.00
0.00
0.00
29.00
42.00
417.00
21.00
115.00
0.00
93.00
0.00
40.00
0.00
0.00
0.00
0.00
9.00
7.00
101.00
221.00
668.00
189.00
836.00
49.00
130.00
353.00
1.00
0.00
797.00
279.00
417.00
1273.00
201.00
458.00
391.00
0.00
63.00
268.00
19.00
36.00
846.00
80.00
37.00
84.00
97.00
143.00
83.00
125.00
67.00
64.00
5.00
152.00
144.00
26.00
266.00
115.00
30.00
8.00
6.00
2.00
28.00
70.00
107.00
243.00
385.00
222.00
266.00
139.00
127.00
94.00
203.00
415.00
26.00
114.00
240.00
924.00
72.00
55.00
89.00
142.00
289.00
2.00
0.00
0.00
16.00
129.00
84.00
129.00
66.00
10.00
14.00
1.00
136.00
711.00
110.00
96.00
16.00
46.00
30.00
78.00
56.00
140.00
261.00
384.00
78.00
448.00
223.00
349.00
370.00
114.00
155.00
92.00
102.00
88.00
15.00
6.00
444.00
37.00
1.00
75.00
24.00
48.00
6.00
19.00
179.00
5.00
56.00
86.00
10.00
55.00
119.00
359.00
5.00
3.00
16.00
0.00
6.00
95.00
224.00
179.00
273.00
21.00
59.00
43.00
20.00
19.00
26.00
218.00
68.00
221.00
0.00
1.00
15.00
0.00
0.00
2.00
0.00
0.00
0.00
0.00
442.00
217.00
298.00
471.00
2086.00
0.00
0.00
0.00
0.00
0.00
0.00
2.00
588.00
178.00
0.00
0.00
0.00
0.00
0.00
0.00
0.00
0.00
0.00
0.00
0.00
0.00
38.00
0.00
0.00
141.00
25.00
8.00
0.00
0.00
0.00
0.00
0.00
0.00
0.00
0.00
0.00
0.00
0.00
0.00
0.00
0.00
0.00
0.00
0.00
0.00
0.00
30.00
1281.00
579.00
632.00
0.00
0.00
0.00
0.00
0.00
0.00
0.00
0.00
14.00
0.00
0.00
0.00
0.00
0.00
0.00
0.00
0.00
0.00
0.00
0.00
194.00
122.00
8.00
0.00
0.00
0.00
0.00
0.00
0.00
0.00
0.00
0.00
0.00
0.00
0.00
0.00
0.00
0.00
0.00
0.00
0.00
0.00
0.00
0.00
0.00
0.00
0.00
0.00
0.00
0.00
0.00
0.00
0.00
0.00
0.00
0.00
0.00
0.00
67.00
36.00
550.00
20.00
139.00
0.00
27.00
10.00
0.00
0.00
0.00
0.00
0.00
0.00
0.00
0.00
0.00
0.00
0.00
283.00
0.00
0.00
0.00
0.00
0.00
0.00
1.00
0.00
0.00
0.00
0.00
0.00
0.00
0.00
163.00
0.00
0.00
21.00
101.00
0.00
0.00
0.00
0.00
0.00
0.00
0.00
50.00
9.00
1.00
13.00
0.00
65.00
79.00
0.00
22.00
4.00
0.00
134.00
21.00
101.00
136.00
0.00
0.00
26.00
0.00
0.00
28.00
0.00
0.00
260.00
34.00
49.00
23.00
217.00
51.00
0.00
0.00
3.00
4.00
1.00
20.00
268.00
460.00
10.00
4.00
0.00
41.00
576.00
807.00
449.00
211.00
623.00
490.00
263.00
0.00
52.00
1.00
15.00
68.00
1.00
43.00
76.00
414.00
35.00
7.00
126.00
120.00
0.00
0.00
0.00
38.00
74.00
48.00
116.00
17.00
0.00
1.00
277.00
113.00
0.00
58.00
259.00
918.00
431.00
523.00
679.00
154.00
32.00
418.00
0.00
25.00
29.00
76.00
0.00
42.00
2.00
35.00
136.00
9.00
41.00
35.00
8.00
0.00
0.00
25.00
219.00
199.00
91.00
2.00
44.00
364.00
6.00
16.00
33.00
78.00
45.00
57.00
359.00
92.00
9.00
2.00
22.00
21.00
38.00
37.00
16.00
202.00
90.00
6.00
37.00
11.00
11.00
10.00
60.00
58.00
11.00
40.00
1.00
375.00
241.00
211.00
19.00
351.00
44.00
46.00
216.00
361.00
379.00
196.00
169.00
115.00
60.00
62.00
7.00
30.00
66.00
5.00
21.00
14.00
68.00
101.00
44.00
0.00
2.00
1.00
46.00
22.00
1.00
22.00
153.00
25.00
0.00
0.00
1.00
200.00
14.00
37.00
97.00
27.00
0.00
140.00
0.00
30.00
47.00
147.00
339.00
10.00
2.00
20.00
0.00
112.00
6.00
47.00
0.00
0.00
0.00
0.00
0.00
0.00
0.00
0.00
0.00
0.00
0.00
165.00
136.00
520.00
350.00
76.00
1.00
0.00
0.00
0.00
0.00
0.00
0.00
0.00
0.00
0.00
0.00
0.00
0.00
15.00
77.00
248.00
148.00
32.00
0.00
0.00
0.00
0.00
0.00
9.00
0.00
0.00
0.00
0.00
0.00
0.00
0.00
0.00
0.00
0.00
0.00
0.00
0.00
0.00
0.00
0.00
0.00
0.00
0.00
0.00
0.00
0.00
0.00
0.00
0.00
0.00
0.00
0.00
0.00
0.00
0.00
0.00
0.00
0.00
0.00
0.00
0.00
0.00
0.00
36.00
33.00
0.00
0.00
0.00
0.00
0.00
0.00
0.00
0.00
0.00
0.00
0.00
0.00
0.00
0.00
0.00
0.00
0.00
0.00
0.00
0.00
0.00
0.00
0.00
0.00
0.00
0.00
0.00
0.00
0.00
0.00
0.00
0.00
0.00
0.00
0.00
0.00
0.00
0.00
0.00
0.00
0.00
0.00
0.00
0.00
0.00
0.00
0.00
0.00
0.00
0.00
0.00
0.00
0.00
0.00
0.00
0.00
0.00
0.00
0.00
0.00
1.00
10.00
0.00
0.00
0.00
0.00
0.00
0.00
0.60
112.20
84.30
60.40
37.90
0.00
0.00
0.00
1.00
29.60
0.00
0.00
0.00
0.00
0.00
0.00
0.00
0.00
0.10
1.30
3.10
22.00
2.30
0.00
0.00
0.00
0.00
0.00
0.00
0.00
0.00
0.20
0.00
0.00
0.00
42.80
43.80
136.00
25.20
0.00
1.10
15.40
0.20
22.80
30.70
0.20
3.90
0.00
0.40
0.00
0.00
0.00
0.00
0.00
0.00
0.00
0.00
0.10
0.00
0.00
0.00
0.00
0.00
0.00
0.00
0.00
0.00
0.40
11.50
54.70
0.00
0.00
0.00
0.00
0.00
0.00
0.00
0.00
0.10
1.00
7.40
7.10
0.40
18.60
2.50
2.50
0.00
5.30
5.30
53.70
20.20
0.80
0.00
0.00
0.00
0.00
0.00
54.50
7.80
14.00
14.90
0.00
0.00
3.60
0.40
9.50
0.10
0.00
37.10
42.20
54.40
3.70
0.40
0.00
282.30
37.90
21.40
9.50
4.70
0.00
0.80
1.40
5.00
5.10
1.60
0.00
2.30
0.10
0.70
0.10
1.70
2.30
19.90
48.10
63.50
56.60
56.60
39.50
39.50
12.70
0.60
0.60
0.00
16.10
0.60
0.60
0.60
0.10
0.20
1.60
0.50
50.80
6.40
2.40
5.30
0.00
38.40
1.90
1.00
5.80
20.30
19.30
36.70
16.80
2.90
14.60
2.90
2.00
8.50
27.30
18.60
23.90
28.70
2.40
0.80
0.20
2.40
36.30
0.50
16.00
58.50
24.00
3.80
2.50
0.80
5.20
6.90
28.30
3.10
30.60
6.30
16.60
60.40
14.00
3.60
0.50
0.70
16.00
6.00
4.10
12.40
0.40
0.20
5.50
1.00
0.30
0.30
8.40
0.20
26.50
27.00
28.40
13.30
17.60
2.60
1.00
0.40
26.10
9.30
9.30
27.70
0.00
0.00
0.30
18.40
0.70
0.00
15.90
13.30
0.30
0.00
0.00
0.00
3.70
0.00
0.00
0.00
0.00
0.00
0.30
13.20
1.40
0.30
0.30
1.60
