20160101
0.00
0.00
0.00
0.00
0.00
0.00
0.00
0.00
0.00
0.00
0.00
0.00
0.00
0.00
0.00
0.00
0.00
0.00
0.00
7.00
0.00
0.00
0.00
0.00
0.00
0.00
0.00
0.00
0.00
0.00
0.00
0.00
0.00
0.00
0.00
0.00
0.00
0.00
28.00
0.00
0.00
0.00
0.00
0.00
0.00
0.00
0.00
0.00
0.00
0.00
0.00
0.00
0.00
0.00
37.00
0.00
51.00
0.00
0.00
0.00
0.00
0.00
0.00
0.00
0.00
10.00
0.00
0.00
3.00
0.00
0.00
0.00
0.00
0.00
6.00
1.00
0.00
2.00
7.00
0.00
0.00
0.00
0.00
0.00
0.00
0.00
0.00
5.00
253.00
266.00
1153.00
0.00
294.00
143.00
26.00
90.00
0.00
0.00
0.00
0.00
0.00
0.00
0.00
0.00
0.00
0.00
49.00
0.00
0.00
0.00
0.00
0.00
0.00
0.00
0.00
0.00
0.00
14.00
0.00
0.00
0.00
41.00
50.00
1.00
4.00
0.00
79.00
274.00
5.00
3.00
1.00
0.00
10.00
702.00
15.00
9.00
0.00
24.00
58.00
63.00
223.00
812.00
0.00
0.00
259.00
60.00
259.00
0.00
55.00
0.00
39.00
31.00
0.00
0.00
0.00
0.00
0.00
6.00
548.00
0.00
14.00
0.00
1460.00
115.00
60.00
2.00
1.00
7.00
62.00
17.00
4.00
17.00
24.00
111.00
4.00
8.00
0.00
73.00
2.00
38.00
25.00
7.00
68.00
127.00
233.00
19.00
208.00
361.00
151.00
90.00
17.00
0.00
1.00
0.00
9.00
0.00
612.00
291.00
388.00
24.00
33.00
24.00
5.00
49.00
111.00
59.00
166.00
8.00
3.00
17.00
139.00
435.00
142.00
202.00
10.00
14.00
16.00
21.00
6.00
3.00
31.00
51.00
92.00
86.00
8.00
35.00
139.00
120.00
364.00
135.00
63.00
0.00
202.00
979.00
4.00
2.00
3.00
255.00
32.00
38.00
277.00
8.00
15.00
40.00
154.00
254.00
122.00
32.00
58.00
40.00
3.00
15.00
9.00
5.00
93.00
145.00
468.00
1.00
4.00
7.00
39.00
12.00
41.00
205.00
52.00
63.00
7.00
181.00
196.00
41.00
13.00
188.00
1.00
95.00
16.00
26.00
10.00
158.00
27.00
199.00
33.00
116.00
24.00
14.00
7.00
0.00
0.00
0.00
0.00
0.00
0.00
0.00
0.00
0.00
0.00
0.00
0.00
4.00
0.00
3.00
356.00
41.00
59.00
0.00
27.00
0.00
6.00
64.00
402.00
403.00
0.00
0.00
0.00
0.00
0.00
0.00
0.00
0.00
0.00
0.00
0.00
0.00
0.00
0.00
0.00
0.00
0.00
0.00
0.00
0.00
0.00
0.00
0.00
0.00
0.00
0.00
0.00
0.00
0.00
0.00
0.00
0.00
0.00
0.00
0.00
0.00
0.00
0.00
0.00
0.00
0.00
0.00
0.00
0.00
0.00
0.00
0.00
0.00
0.00
0.00
0.00
0.00
0.00
0.00
0.00
0.00
0.00
0.00
0.00
0.00
0.00
0.00
0.00
0.00
0.00
0.00
0.00
0.00
0.00
0.00
0.00
0.00
0.00
0.00
0.00
0.00
0.00
0.00
0.00
0.00
0.00
0.00
19.00
0.00
0.00
0.00
0.00
0.00
0.00
0.00
0.00
0.00
0.00
0.00
0.00
0.00
0.00
0.00
0.00
0.00
0.00
0.00
0.00
0.00
0.00
0.00
0.00
0.00
0.00
0.00
0.00
0.00
0.00
0.00
0.00
0.00
0.00
0.00
1.00
71.00
0.00
0.00
42.00
4.00
172.00
263.00
0.00
0.00
0.00
0.00
0.00
0.00
96.00
6.00
60.00
5.00
0.00
0.00
0.00
1.00
0.00
0.00
13.00
407.00
35.00
0.00
0.00
0.00
87.00
0.00
158.00
0.00
6.00
0.00
0.00
0.00
0.00
0.00
0.00
0.00
0.00
0.00
0.00
79.00
512.00
0.00
317.00
458.00
255.00
152.00
56.00
0.00
15.00
0.00
22.00
25.00
559.00
0.00
0.00
0.00
5.00
11.00
0.00
0.00
241.00
0.00
0.00
0.00
21.00
32.00
925.00
5.00
284.00
0.00
4.00
0.00
0.00
0.00
0.00
0.00
0.00
125.00
3.00
12.00
145.00
282.00
224.00
642.00
8.00
1.00
0.00
792.00
0.00
1.00
134.00
100.00
10.00
404.00
505.00
9.00
135.00
48.00
238.00
233.00
153.00
480.00
0.00
45.00
22.00
2.00
16.00
1.00
39.00
15.00
29.00
9.00
46.00
75.00
156.00
240.00
124.00
208.00
13.00
5.00
6.00
29.00
361.00
495.00
270.00
13.00
24.00
7.00
109.00
229.00
150.00
205.00
434.00
19.00
30.00
51.00
468.00
215.00
370.00
24.00
8.00
61.00
20.00
3.00
78.00
135.00
131.00
148.00
60.00
32.00
37.00
7.00
29.00
202.00
346.00
303.00
75.00
325.00
56.00
90.00
99.00
53.00
51.00
21.00
267.00
250.00
164.00
21.00
10.00
114.00
184.00
1.00
47.00
26.00
79.00
19.00
23.00
191.00
101.00
34.00
1.00
176.00
7.00
102.00
177.00
1105.00
16.00
36.00
4.00
23.00
10.00
169.00
175.00
125.00
87.00
48.00
0.00
0.00
7.00
19.00
74.00
187.00
449.00
242.00
112.00
202.00
14.00
0.00
25.00
25.00
69.00
9.00
19.00
168.00
0.00
1.00
0.00
0.00
42.00
0.00
0.00
0.00
0.00
166.00
1258.00
320.00
0.00
0.00
7.00
0.00
0.00
0.00
0.00
11.00
6.00
0.00
0.00
0.00
0.00
0.00
0.00
0.00
0.00
0.00
0.00
0.00
2.00
77.00
0.00
10.00
513.00
56.00
10.00
0.00
4.00
0.00
0.00
0.00
0.00
0.00
0.00
0.00
0.00
0.00
0.00
0.00
0.00
0.00
0.00
0.00
0.00
1.00
3.00
32.00
150.00
10.00
0.00
0.00
0.00
0.00
0.00
0.00
0.00
0.00
8.00
0.00
0.00
0.00
0.00
0.00
0.00
0.00
0.00
0.00
0.00
0.00
0.00
209.00
1.00
0.00
0.00
0.00
0.00
0.00
0.00
0.00
0.00
0.00
0.00
0.00
0.00
0.00
0.00
0.00
0.00
0.00
0.00
0.00
0.00
0.00
0.00
0.00
0.00
0.00
0.00
0.00
0.00
0.00
0.00
0.00
0.00
0.00
0.00
0.00
766.00
439.00
374.00
384.00
87.00
0.00
219.00
249.00
0.00
0.00
0.00
0.00
0.00
0.00
0.00
0.00
0.00
0.00
192.00
569.00
6.00
0.00
0.00
0.00
0.00
0.00
105.00
0.00
0.00
0.00
0.00
0.00
0.00
0.00
0.00
0.00
69.00
171.00
0.00
0.00
0.00
0.00
15.00
0.00
0.00
0.00
61.00
0.00
0.00
13.00
0.00
164.00
299.00
6.00
58.00
0.00
0.00
82.00
231.00
147.00
0.00
2.00
0.00
54.00
125.00
0.00
96.00
0.00
120.00
174.00
2.00
105.00
16.00
15.00
107.00
18.00
0.00
43.00
1.00
0.00
0.00
317.00
90.00
9.00
214.00
0.00
185.00
1812.00
66.00
2.00
9.00
0.00
29.00
203.00
0.00
74.00
4.00
26.00
28.00
0.00
21.00
6.00
80.00
1076.00
3.00
101.00
2.00
17.00
0.00
0.00
4.00
0.00
91.00
652.00
93.00
5.00
32.00
57.00
0.00
0.00
0.00
8.00
224.00
214.00
1.00
334.00
0.00
11.00
213.00
22.00
19.00
0.00
370.00
6.00
0.00
0.00
10.00
11.00
12.00
10.00
8.00
16.00
1.00
0.00
24.00
5.00
282.00
107.00
4.00
3.00
2.00
3.00
3.00
5.00
9.00
59.00
159.00
198.00
56.00
16.00
62.00
2.00
11.00
37.00
77.00
24.00
681.00
237.00
342.00
89.00
58.00
90.00
24.00
27.00
66.00
14.00
39.00
19.00
20.00
91.00
153.00
7.00
1.00
4.00
14.00
11.00
34.00
77.00
113.00
12.00
86.00
187.00
199.00
450.00
103.00
11.00
1.00
59.00
25.00
31.00
29.00
12.00
18.00
2.00
0.00
2.00
3.00
90.00
0.00
124.00
7.00
0.00
0.00
2.00
1.00
39.00
71.00
430.00
324.00
34.00
4.00
7.00
1.00
9.00
38.00
175.00
41.00
0.00
1.00
1.00
90.00
16.00
166.00
0.00
0.00
0.00
0.00
0.00
0.00
0.00
0.00
0.00
0.00
0.00
23.00
112.00
59.00
130.00
25.00
0.00
0.00
0.00
0.00
0.00
0.00
0.00
0.00
0.00
0.00
5.00
0.00
0.00
2.00
34.00
44.00
9.00
0.00
0.00
0.00
0.00
0.00
90.00
3.00
0.00
0.00
0.00
0.00
0.00
25.00
0.00
0.00
0.00
0.00
0.00
0.00
0.00
1.00
0.00
0.00
0.00
0.00
0.00
0.00
0.00
0.00
0.00
0.00
0.00
0.00
0.00
0.00
1.00
0.00
0.00
0.00
0.00
0.00
0.00
0.00
0.00
0.00
0.00
39.00
137.00
16.00
0.00
0.00
0.00
0.00
0.00
0.00
0.00
0.00
0.00
0.00
0.00
0.00
0.00
0.00
0.00
0.00
0.00
0.00
0.00
0.00
0.00
0.00
0.00
0.00
0.00
0.00
0.00
0.00
0.00
0.00
0.00
0.00
0.00
0.00
0.00
0.00
0.00
0.00
0.00
0.00
0.00
0.00
0.00
0.00
0.00
0.00
0.00
0.00
0.00
0.00
0.00
0.00
0.00
0.00
0.00
0.00
0.00
0.00
0.00
0.00
3.00
0.00
0.00
0.00
0.00
0.00
0.00
1.00
32.80
10.80
36.40
8.50
0.00
0.00
0.00
0.20
0.30
0.00
0.00
0.00
0.00
0.00
0.00
0.00
0.00
5.70
3.70
0.00
50.40
1.30
0.30
0.00
0.00
0.00
0.00
0.00
0.00
0.50
0.10
0.00
0.00
4.20
40.80
0.10
30.90
9.70
0.00
0.20
66.60
0.10
4.70
38.50
1.70
5.90
0.30
9.30
0.00
0.00
6.00
0.40
0.00
0.00
0.00
12.50
0.00
0.00
0.00
0.00
0.00
0.10
0.00
0.00
0.00
0.00
0.00
75.40
4.00
0.00
0.00
0.00
0.00
0.00
0.00
0.00
0.00
7.60
0.70
0.00
0.00
0.00
0.00
1.70
1.70
0.00
26.20
26.20
62.40
2.60
0.00
0.00
0.00
0.00
0.60
3.10
0.60
23.40
1.90
3.30
37.80
1.00
2.80
0.20
12.70
0.00
0.00
0.00
3.10
3.60
49.80
0.00
2.50
4.40
1.00
0.00
2.30
7.70
0.00
0.00
0.80
3.70
3.80
42.30
0.00
2.00
1.30
0.90
0.20
0.00
1.50
15.70
7.60
8.00
5.20
5.20
32.00
32.00
33.70
0.70
0.70
5.70
1.10
0.70
0.70
0.70
0.20
3.90
6.50
14.70
29.60
16.00
7.30
0.70
2.90
15.70
9.50
2.80
5.00
2.30
11.10
25.80
9.80
2.50
34.10
6.40
3.70
11.50
17.70
27.60
66.90
23.60
2.80
4.50
0.00
1.00
1.00
1.90
20.20
55.90
15.20
1.30
0.40
1.70
2.40
3.10
2.10
12.50
48.70
32.40
3.00
9.50
1.30
0.00
10.00
2.40
36.10
2.20
2.20
5.10
28.10
0.90
0.00
1.30
0.50
0.50
0.10
3.80
9.80
17.50
0.60
21.60
60.60
7.90
4.20
10.90
18.30
5.10
5.10
3.90
1.70
4.50
2.40
15.40
1.40
0.30
10.10
10.70
0.80
0.40
0.20
0.10
0.50
10.40
0.00
0.10
0.50
0.40
0.20
3.40
1.20
0.10
0.00
3.40
