20160101
0.00
0.00
0.00
0.00
0.00
0.00
0.00
0.00
82.00
0.00
0.00
0.00
1.00
0.00
0.00
0.00
0.00
0.00
0.00
3.00
0.00
0.00
0.00
0.00
0.00
0.00
0.00
0.00
0.00
0.00
0.00
0.00
0.00
0.00
0.00
0.00
0.00
0.00
0.00
1.00
0.00
0.00
2.00
0.00
0.00
0.00
0.00
0.00
0.00
0.00
0.00
0.00
0.00
95.00
74.00
1.00
3.00
0.00
0.00
0.00
0.00
0.00
3.00
0.00
0.00
22.00
0.00
0.00
0.00
0.00
0.00
0.00
0.00
0.00
0.00
13.00
0.00
0.00
4.00
1.00
150.00
0.00
1.00
0.00
0.00
0.00
0.00
274.00
2.00
3.00
266.00
210.00
0.00
136.00
510.00
41.00
0.00
0.00
0.00
0.00
0.00
0.00
0.00
0.00
35.00
0.00
119.00
121.00
1.00
21.00
0.00
0.00
0.00
0.00
0.00
49.00
0.00
0.00
0.00
0.00
0.00
300.00
308.00
79.00
158.00
10.00
21.00
12.00
0.00
0.00
0.00
0.00
309.00
74.00
0.00
23.00
10.00
269.00
241.00
119.00
684.00
840.00
8.00
2.00
153.00
75.00
0.00
1.00
28.00
28.00
0.00
23.00
0.00
25.00
433.00
620.00
9.00
3.00
6.00
41.00
22.00
850.00
214.00
85.00
41.00
5.00
3.00
108.00
210.00
4.00
0.00
1.00
11.00
4.00
35.00
34.00
71.00
55.00
67.00
157.00
307.00
3.00
24.00
57.00
52.00
304.00
42.00
1.00
186.00
42.00
50.00
63.00
2.00
18.00
3.00
44.00
123.00
49.00
14.00
59.00
2.00
3.00
0.00
18.00
72.00
99.00
326.00
5.00
7.00
11.00
235.00
123.00
122.00
190.00
70.00
118.00
61.00
51.00
25.00
64.00
65.00
110.00
193.00
3.00
52.00
117.00
133.00
21.00
45.00
52.00
0.00
5.00
344.00
30.00
0.00
2.00
4.00
742.00
90.00
144.00
66.00
41.00
172.00
85.00
123.00
97.00
14.00
0.00
1.00
1.00
3.00
6.00
4.00
3.00
109.00
143.00
511.00
139.00
50.00
800.00
121.00
71.00
100.00
173.00
71.00
25.00
248.00
0.00
0.00
119.00
457.00
148.00
0.00
630.00
391.00
11.00
10.00
260.00
178.00
342.00
317.00
114.00
20.00
25.00
521.00
145.00
0.00
0.00
0.00
0.00
0.00
0.00
0.00
0.00
0.00
0.00
0.00
0.00
0.00
17.00
35.00
47.00
93.00
0.00
0.00
0.00
44.00
12.00
172.00
819.00
310.00
0.00
0.00
0.00
0.00
0.00
0.00
0.00
0.00
0.00
0.00
0.00
0.00
0.00
0.00
0.00
0.00
0.00
0.00
0.00
0.00
0.00
0.00
0.00
0.00
1.00
0.00
0.00
0.00
0.00
0.00
0.00
9.00
0.00
0.00
0.00
0.00
0.00
0.00
0.00
0.00
0.00
0.00
0.00
0.00
0.00
0.00
0.00
0.00
0.00
0.00
0.00
0.00
0.00
0.00
0.00
0.00
0.00
0.00
0.00
0.00
0.00
0.00
0.00
0.00
0.00
0.00
0.00
0.00
0.00
0.00
0.00
0.00
0.00
0.00
0.00
0.00
0.00
0.00
0.00
0.00
0.00
0.00
0.00
0.00
0.00
0.00
0.00
0.00
0.00
0.00
0.00
0.00
0.00
0.00
0.00
0.00
0.00
0.00
0.00
0.00
0.00
0.00
0.00
0.00
0.00
0.00
0.00
0.00
24.00
0.00
0.00
0.00
0.00
0.00
0.00
0.00
0.00
0.00
139.00
55.00
7.00
279.00
0.00
86.00
90.00
0.00
0.00
0.00
0.00
0.00
0.00
179.00
0.00
58.00
0.00
0.00
0.00
0.00
93.00
0.00
0.00
0.00
414.00
225.00
1.00
0.00
0.00
265.00
338.00
312.00
0.00
0.00
0.00
0.00
0.00
0.00
0.00
0.00
0.00
46.00
11.00
0.00
9.00
517.00
325.00
141.00
443.00
284.00
277.00
272.00
0.00
2.00
0.00
14.00
24.00
15.00
0.00
0.00
15.00
0.00
19.00
0.00
0.00
76.00
0.00
0.00
0.00
39.00
39.00
371.00
5.00
62.00
0.00
60.00
2.00
69.00
0.00
0.00
0.00
0.00
13.00
7.00
153.00
194.00
589.00
120.00
724.00
62.00
129.00
601.00
0.00
2.00
104.00
374.00
559.00
687.00
112.00
463.00
594.00
27.00
35.00
263.00
7.00
24.00
663.00
14.00
2.00
125.00
95.00
356.00
209.00
167.00
135.00
80.00
13.00
153.00
76.00
3.00
220.00
84.00
38.00
10.00
11.00
0.00
15.00
67.00
23.00
182.00
516.00
276.00
266.00
159.00
134.00
81.00
124.00
341.00
19.00
98.00
100.00
613.00
88.00
44.00
92.00
136.00
114.00
37.00
2.00
0.00
10.00
183.00
158.00
55.00
34.00
2.00
10.00
0.00
147.00
705.00
62.00
52.00
9.00
45.00
40.00
51.00
14.00
92.00
202.00
150.00
159.00
354.00
155.00
335.00
363.00
80.00
178.00
72.00
85.00
79.00
8.00
8.00
192.00
30.00
6.00
339.00
81.00
43.00
0.00
60.00
138.00
0.00
58.00
23.00
23.00
83.00
93.00
179.00
7.00
6.00
27.00
0.00
3.00
29.00
191.00
307.00
228.00
94.00
71.00
67.00
20.00
39.00
9.00
113.00
254.00
257.00
22.00
4.00
8.00
6.00
0.00
3.00
0.00
0.00
0.00
0.00
219.00
202.00
357.00
344.00
1505.00
0.00
0.00
0.00
0.00
0.00
0.00
5.00
631.00
193.00
0.00
0.00
0.00
0.00
0.00
0.00
0.00
0.00
0.00
0.00
0.00
0.00
85.00
0.00
0.00
134.00
35.00
1.00
0.00
0.00
0.00
0.00
0.00
0.00
0.00
0.00
0.00
0.00
0.00
0.00
0.00
0.00
0.00
0.00
0.00
0.00
1.00
27.00
947.00
388.00
440.00
0.00
0.00
0.00
0.00
0.00
0.00
0.00
0.00
12.00
0.00
0.00
0.00
0.00
0.00
0.00
0.00
0.00
0.00
0.00
0.00
127.00
147.00
13.00
0.00
0.00
0.00
0.00
0.00
0.00
0.00
0.00
0.00
0.00
0.00
0.00
0.00
0.00
0.00
0.00
0.00
0.00
0.00
0.00
0.00
0.00
0.00
0.00
0.00
0.00
0.00
0.00
0.00
0.00
0.00
0.00
0.00
0.00
0.00
45.00
35.00
500.00
8.00
97.00
0.00
12.00
7.00
0.00
0.00
0.00
0.00
0.00
0.00
0.00
0.00
0.00
0.00
0.00
286.00
0.00
0.00
0.00
0.00
0.00
0.00
1.00
0.00
0.00
0.00
0.00
0.00
0.00
0.00
124.00
0.00
0.00
15.00
264.00
17.00
0.00
0.00
0.00
0.00
0.00
0.00
106.00
10.00
10.00
0.00
0.00
68.00
62.00
0.00
10.00
126.00
0.00
139.00
32.00
204.00
107.00
3.00
0.00
15.00
0.00
0.00
21.00
0.00
0.00
160.00
25.00
8.00
14.00
339.00
66.00
0.00
1.00
29.00
2.00
5.00
10.00
124.00
380.00
21.00
3.00
0.00
133.00
512.00
942.00
634.00
192.00
606.00
592.00
220.00
0.00
12.00
8.00
2.00
106.00
0.00
29.00
106.00
444.00
1.00
6.00
6.00
227.00
2.00
0.00
0.00
12.00
32.00
31.00
109.00
18.00
10.00
123.00
439.00
216.00
1.00
186.00
258.00
576.00
497.00
621.00
940.00
271.00
68.00
439.00
0.00
68.00
29.00
31.00
0.00
65.00
10.00
32.00
93.00
3.00
72.00
56.00
22.00
0.00
0.00
18.00
189.00
140.00
45.00
1.00
12.00
106.00
12.00
21.00
44.00
71.00
54.00
53.00
307.00
103.00
7.00
5.00
28.00
17.00
32.00
41.00
38.00
104.00
26.00
5.00
20.00
21.00
17.00
14.00
86.00
90.00
5.00
21.00
0.00
431.00
203.00
135.00
26.00
706.00
46.00
41.00
173.00
480.00
299.00
155.00
242.00
95.00
109.00
8.00
14.00
41.00
63.00
4.00
36.00
30.00
37.00
89.00
65.00
0.00
2.00
2.00
68.00
35.00
2.00
26.00
85.00
19.00
0.00
0.00
1.00
203.00
33.00
1.00
15.00
0.00
2.00
126.00
1.00
100.00
18.00
42.00
254.00
26.00
0.00
48.00
3.00
29.00
0.00
5.00
1.00
0.00
0.00
0.00
0.00
0.00
0.00
0.00
0.00
0.00
0.00
165.00
111.00
522.00
314.00
61.00
4.00
0.00
0.00
0.00
0.00
0.00
0.00
0.00
0.00
0.00
0.00
0.00
0.00
109.00
129.00
220.00
128.00
28.00
0.00
0.00
8.00
0.00
0.00
0.00
0.00
0.00
0.00
0.00
0.00
0.00
0.00
0.00
0.00
0.00
0.00
0.00
0.00
0.00
0.00
0.00
0.00
0.00
0.00
0.00
0.00
0.00
0.00
0.00
0.00
0.00
0.00
0.00
0.00
1.00
0.00
0.00
0.00
0.00
0.00
0.00
0.00
0.00
0.00
26.00
29.00
1.00
0.00
0.00
0.00
0.00
0.00
0.00
0.00
0.00
0.00
0.00
0.00
0.00
0.00
0.00
0.00
0.00
0.00
0.00
0.00
0.00
0.00
0.00
0.00
0.00
0.00
0.00
0.00
0.00
0.00
0.00
0.00
0.00
0.00
0.00
0.00
0.00
0.00
0.00
0.00
0.00
0.00
0.00
0.00
0.00
0.00
0.00
0.00
0.00
0.00
0.00
0.00
0.00
0.00
0.00
0.00
0.00
0.00
0.00
0.00
2.00
12.00
0.00
0.00
0.00
0.00
0.00
0.00
0.00
114.10
109.60
72.40
52.50
0.00
0.00
0.00
1.40
22.50
0.00
0.00
0.00
0.00
0.00
0.00
0.00
0.00
0.00
0.40
1.80
25.30
2.20
0.10
0.00
0.00
0.00
0.00
0.00
0.00
0.00
0.20
0.00
0.00
0.00
85.70
34.50
142.00
12.40
0.00
2.20
11.90
0.00
17.30
34.10
0.20
3.20
0.00
0.30
0.00
0.00
0.00
0.00
0.00
0.00
0.00
0.00
0.10
0.00
0.00
0.00
0.00
0.00
0.00
0.00
0.00
0.00
0.00
1.70
24.20
0.00
0.30
0.00
0.00
0.00
0.00
1.20
0.00
0.30
0.40
2.60
6.40
3.90
27.10
0.80
0.80
0.00
10.90
10.90
55.20
6.90
0.70
0.00
0.00
0.00
0.00
0.20
9.50
1.10
4.30
18.50
0.00
0.20
10.30
1.30
11.60
1.10
0.00
18.60
72.60
80.90
2.70
0.20
0.00
147.90
32.20
34.10
8.10
4.40
0.00
0.80
3.00
1.60
4.40
1.40
0.00
20.20
0.00
0.10
0.10
4.40
6.50
12.70
33.30
49.90
46.50
46.50
51.60
51.60
12.60
0.80
0.80
0.20
18.90
0.80
0.80
0.80
0.00
0.10
1.80
3.00
44.10
5.40
2.90
11.70
0.00
20.60
2.90
1.60
11.30
28.30
34.70
21.40
13.10
6.60
15.60
2.90
1.30
3.50
18.60
17.20
13.40
13.30
0.70
2.20
0.70
2.40
26.00
0.20
35.20
55.50
18.60
12.20
12.90
0.80
5.90
9.20
13.00
1.10
6.00
9.50
12.40
79.20
21.20
9.80
0.60
1.90
6.50
8.50
8.30
9.30
3.60
0.40
11.20
1.00
0.20
0.00
13.40
0.20
12.60
26.40
29.10
15.40
18.40
0.10
28.30
0.00
30.00
3.50
3.50
22.00
0.00
0.00
0.20
36.80
0.20
0.00
14.30
7.50
0.00
0.00
0.00
0.80
1.80
0.20
0.00
0.00
0.00
0.00
0.30
7.40
4.80
0.10
0.00
2.30
