20160101
0.00
0.00
0.00
0.00
0.00
0.00
0.00
0.00
0.00
0.00
0.00
0.00
0.00
0.00
0.00
0.00
0.00
0.00
0.00
5.00
1.00
0.00
0.00
0.00
0.00
0.00
0.00
0.00
0.00
0.00
0.00
0.00
0.00
0.00
0.00
0.00
0.00
0.00
0.00
0.00
0.00
0.00
51.00
0.00
0.00
0.00
0.00
0.00
0.00
0.00
0.00
0.00
5.00
92.00
77.00
10.00
24.00
0.00
0.00
0.00
0.00
0.00
0.00
0.00
0.00
0.00
0.00
0.00
0.00
1.00
0.00
1.00
0.00
0.00
0.00
0.00
3.00
0.00
1.00
0.00
38.00
0.00
0.00
0.00
0.00
0.00
0.00
433.00
0.00
1.00
197.00
217.00
8.00
83.00
359.00
11.00
0.00
0.00
0.00
0.00
0.00
0.00
0.00
0.00
0.00
0.00
78.00
26.00
0.00
0.00
0.00
0.00
0.00
0.00
0.00
92.00
7.00
0.00
0.00
0.00
0.00
301.00
89.00
60.00
112.00
0.00
3.00
20.00
0.00
0.00
4.00
0.00
63.00
134.00
0.00
2.00
3.00
136.00
231.00
202.00
1102.00
733.00
17.00
0.00
339.00
61.00
0.00
1.00
164.00
13.00
1.00
31.00
0.00
0.00
173.00
162.00
35.00
17.00
85.00
94.00
89.00
276.00
677.00
129.00
13.00
0.00
1.00
52.00
53.00
5.00
0.00
2.00
7.00
1.00
29.00
49.00
116.00
72.00
4.00
283.00
296.00
22.00
8.00
45.00
94.00
459.00
103.00
13.00
305.00
80.00
21.00
36.00
0.00
18.00
6.00
32.00
74.00
31.00
6.00
75.00
0.00
9.00
9.00
7.00
50.00
108.00
380.00
8.00
2.00
12.00
223.00
224.00
371.00
217.00
22.00
125.00
71.00
29.00
2.00
6.00
64.00
104.00
417.00
23.00
3.00
129.00
269.00
20.00
104.00
10.00
0.00
3.00
441.00
219.00
0.00
0.00
0.00
333.00
14.00
147.00
227.00
21.00
56.00
47.00
113.00
67.00
5.00
2.00
0.00
1.00
0.00
59.00
5.00
3.00
85.00
323.00
313.00
128.00
88.00
428.00
121.00
176.00
3.00
53.00
129.00
300.00
89.00
0.00
3.00
31.00
296.00
331.00
5.00
446.00
705.00
139.00
86.00
119.00
125.00
95.00
302.00
128.00
3.00
30.00
897.00
83.00
0.00
0.00
0.00
0.00
0.00
0.00
0.00
0.00
0.00
0.00
0.00
0.00
0.00
0.00
28.00
53.00
23.00
0.00
0.00
0.00
1.00
11.00
198.00
971.00
399.00
0.00
0.00
0.00
0.00
0.00
0.00
0.00
0.00
0.00
0.00
0.00
0.00
0.00
0.00
0.00
0.00
0.00
0.00
0.00
0.00
0.00
0.00
0.00
0.00
1.00
0.00
0.00
0.00
0.00
0.00
0.00
0.00
0.00
0.00
0.00
0.00
0.00
0.00
0.00
0.00
0.00
0.00
0.00
0.00
0.00
0.00
0.00
0.00
0.00
0.00
0.00
0.00
0.00
0.00
0.00
0.00
0.00
0.00
0.00
0.00
0.00
0.00
0.00
0.00
0.00
0.00
0.00
0.00
0.00
0.00
0.00
0.00
0.00
0.00
0.00
0.00
0.00
0.00
0.00
0.00
0.00
0.00
0.00
0.00
0.00
0.00
0.00
0.00
0.00
0.00
0.00
0.00
0.00
0.00
0.00
0.00
0.00
0.00
0.00
0.00
0.00
0.00
0.00
0.00
0.00
0.00
0.00
0.00
0.00
0.00
0.00
0.00
0.00
0.00
0.00
0.00
0.00
0.00
233.00
66.00
9.00
153.00
4.00
64.00
40.00
0.00
0.00
0.00
0.00
0.00
0.00
230.00
3.00
55.00
0.00
0.00
0.00
0.00
44.00
0.00
0.00
0.00
138.00
78.00
0.00
0.00
0.00
370.00
81.00
173.00
0.00
0.00
0.00
0.00
0.00
0.00
0.00
0.00
0.00
14.00
2.00
0.00
12.00
677.00
370.00
126.00
247.00
126.00
322.00
188.00
0.00
0.00
0.00
4.00
0.00
1.00
0.00
0.00
0.00
0.00
7.00
0.00
0.00
155.00
0.00
0.00
0.00
120.00
112.00
456.00
15.00
217.00
0.00
129.00
0.00
41.00
0.00
0.00
0.00
0.00
0.00
60.00
82.00
419.00
586.00
43.00
1047.00
82.00
49.00
245.00
2.00
0.00
863.00
489.00
304.00
347.00
384.00
695.00
855.00
0.00
127.00
255.00
122.00
91.00
765.00
71.00
35.00
84.00
86.00
88.00
29.00
42.00
39.00
89.00
16.00
121.00
86.00
147.00
366.00
139.00
42.00
1.00
0.00
0.00
18.00
112.00
73.00
182.00
320.00
319.00
203.00
53.00
91.00
148.00
261.00
870.00
16.00
60.00
380.00
1148.00
40.00
51.00
105.00
157.00
265.00
4.00
2.00
7.00
0.00
104.00
214.00
95.00
90.00
9.00
25.00
0.00
118.00
707.00
146.00
135.00
5.00
51.00
6.00
71.00
59.00
178.00
415.00
637.00
182.00
315.00
469.00
147.00
288.00
57.00
108.00
73.00
211.00
92.00
85.00
15.00
39.00
67.00
3.00
19.00
66.00
68.00
2.00
50.00
193.00
14.00
33.00
64.00
79.00
131.00
251.00
309.00
22.00
3.00
2.00
0.00
103.00
786.00
337.00
180.00
261.00
28.00
92.00
238.00
0.00
35.00
49.00
321.00
45.00
272.00
29.00
6.00
10.00
0.00
4.00
5.00
0.00
0.00
0.00
0.00
340.00
91.00
179.00
506.00
1724.00
0.00
0.00
0.00
0.00
0.00
0.00
0.00
532.00
76.00
0.00
0.00
0.00
0.00
0.00
0.00
0.00
0.00
0.00
0.00
0.00
0.00
17.00
0.00
0.00
155.00
33.00
4.00
0.00
0.00
0.00
0.00
0.00
0.00
0.00
0.00
0.00
0.00
0.00
0.00
0.00
0.00
0.00
0.00
0.00
0.00
2.00
36.00
1326.00
741.00
582.00
0.00
0.00
0.00
0.00
0.00
0.00
0.00
0.00
0.00
0.00
0.00
0.00
0.00
0.00
0.00
0.00
0.00
0.00
0.00
0.00
225.00
388.00
6.00
0.00
0.00
0.00
0.00
0.00
0.00
0.00
0.00
0.00
0.00
0.00
0.00
0.00
0.00
0.00
0.00
0.00
0.00
0.00
0.00
0.00
0.00
0.00
0.00
0.00
0.00
0.00
0.00
0.00
0.00
0.00
0.00
0.00
0.00
0.00
34.00
29.00
421.00
9.00
107.00
0.00
5.00
2.00
0.00
0.00
0.00
0.00
0.00
0.00
0.00
0.00
0.00
0.00
0.00
340.00
0.00
0.00
0.00
0.00
0.00
0.00
0.00
1.00
0.00
0.00
0.00
0.00
0.00
0.00
57.00
0.00
0.00
42.00
50.00
0.00
0.00
0.00
0.00
0.00
0.00
0.00
0.00
0.00
3.00
16.00
0.00
28.00
107.00
0.00
3.00
0.00
0.00
5.00
46.00
34.00
326.00
15.00
4.00
26.00
0.00
0.00
20.00
0.00
0.00
160.00
72.00
22.00
69.00
81.00
41.00
0.00
0.00
0.00
11.00
0.00
0.00
467.00
432.00
55.00
6.00
6.00
61.00
403.00
171.00
562.00
465.00
361.00
257.00
366.00
0.00
184.00
0.00
20.00
123.00
4.00
48.00
102.00
224.00
38.00
12.00
99.00
69.00
0.00
0.00
0.00
15.00
34.00
142.00
67.00
1.00
1.00
0.00
424.00
540.00
0.00
1.00
169.00
822.00
565.00
994.00
1143.00
70.00
94.00
233.00
36.00
10.00
9.00
69.00
8.00
8.00
3.00
47.00
207.00
6.00
16.00
17.00
6.00
0.00
0.00
2.00
181.00
276.00
40.00
9.00
155.00
61.00
3.00
4.00
4.00
141.00
25.00
38.00
161.00
55.00
0.00
6.00
7.00
26.00
45.00
62.00
10.00
281.00
82.00
3.00
34.00
77.00
13.00
9.00
21.00
73.00
59.00
56.00
11.00
407.00
403.00
419.00
12.00
201.00
47.00
111.00
140.00
257.00
169.00
239.00
83.00
25.00
145.00
50.00
28.00
6.00
57.00
0.00
33.00
21.00
53.00
89.00
0.00
22.00
1.00
26.00
5.00
15.00
0.00
12.00
106.00
19.00
0.00
0.00
1.00
174.00
11.00
35.00
66.00
1.00
1.00
239.00
0.00
27.00
112.00
145.00
90.00
7.00
0.00
29.00
31.00
11.00
5.00
63.00
0.00
0.00
0.00
0.00
0.00
0.00
0.00
0.00
0.00
0.00
1.00
151.00
266.00
552.00
525.00
155.00
0.00
0.00
0.00
0.00
0.00
0.00
0.00
0.00
0.00
0.00
0.00
0.00
0.00
10.00
37.00
277.00
134.00
14.00
0.00
0.00
0.00
0.00
0.00
1.00
0.00
0.00
0.00
0.00
0.00
0.00
0.00
0.00
0.00
0.00
0.00
0.00
0.00
0.00
0.00
0.00
0.00
0.00
0.00
0.00
0.00
0.00
0.00
0.00
0.00
0.00
0.00
0.00
0.00
0.00
0.00
0.00
0.00
0.00
0.00
0.00
0.00
0.00
0.00
35.00
49.00
0.00
0.00
0.00
0.00
0.00
0.00
0.00
0.00
0.00
0.00
0.00
0.00
0.00
0.00
0.00
0.00
0.00
0.00
0.00
0.00
0.00
0.00
0.00
0.00
0.00
0.00
0.00
0.00
0.00
0.00
0.00
0.00
0.00
0.00
0.00
0.00
0.00
0.00
0.00
0.00
0.00
0.00
0.00
0.00
0.00
0.00
0.00
0.00
0.00
0.00
0.00
0.00
0.00
0.00
0.00
0.00
0.00
0.00
0.00
0.00
2.00
3.00
0.00
0.00
0.00
0.00
0.00
0.00
0.00
97.70
83.70
36.00
32.90
0.00
0.00
0.00
1.60
27.60
0.00
0.00
0.00
0.00
0.00
0.00
0.00
0.00
0.00
0.30
3.00
16.20
1.60
0.00
0.00
0.00
0.10
0.00
0.00
0.00
0.00
0.20
0.00
0.00
0.00
30.10
33.40
59.30
9.10
0.00
0.00
8.60
0.00
54.20
53.70
0.80
4.10
0.00
1.00
0.00
0.00
0.00
0.00
0.00
0.00
0.00
0.00
0.10
0.00
0.00
0.00
0.00
0.00
0.00
0.00
0.00
0.00
0.20
23.00
59.30
0.00
0.00
0.00
0.00
0.00
0.00
0.00
0.00
4.90
0.30
1.00
2.70
0.00
21.10
5.10
5.10
0.00
6.20
6.20
82.60
29.70
0.10
0.00
0.00
0.00
0.00
0.00
33.80
40.70
5.60
44.20
0.70
2.30
0.90
3.20
149.10
0.00
0.00
53.30
61.40
59.40
13.40
0.20
0.10
34.80
38.80
25.40
3.30
1.20
0.10
1.30
3.70
4.80
6.80
0.50
0.30
3.60
0.00
0.60
0.10
0.60
0.50
18.60
71.80
91.00
72.60
72.60
59.00
59.00
10.30
0.30
0.30
13.20
18.70
0.30
0.30
0.30
0.70
0.40
3.80
0.90
45.90
7.60
2.00
0.50
0.40
24.00
4.10
3.20
2.60
11.70
47.70
31.30
15.50
1.10
23.60
3.30
0.80
16.70
19.00
19.00
17.40
43.00
1.30
0.20
0.30
0.70
12.50
1.90
33.80
19.50
20.70
2.70
0.60
1.20
2.50
0.50
38.30
55.00
18.40
2.70
6.80
48.70
9.30
3.70
1.20
9.60
25.00
5.10
4.40
16.30
0.20
0.30
7.40
1.40
6.90
2.80
3.80
0.60
9.20
32.10
15.90
14.10
13.10
0.10
0.10
2.50
23.50
12.00
12.00
28.20
0.00
0.00
3.60
10.80
0.00
0.00
12.30
23.30
0.10
0.00
0.00
0.00
1.90
1.30
0.00
0.00
0.00
0.00
0.30
7.40
4.80
0.10
0.00
2.30
