20160101
0.00
0.00
0.00
0.00
0.00
0.00
0.00
0.00
0.00
0.00
0.00
0.00
1.00
0.00
0.00
0.00
0.00
0.00
0.00
1.00
0.00
0.00
0.00
0.00
0.00
2.00
0.00
0.00
0.00
0.00
0.00
0.00
0.00
0.00
0.00
0.00
0.00
0.00
0.00
0.00
0.00
0.00
3.00
0.00
0.00
0.00
0.00
0.00
0.00
0.00
0.00
0.00
0.00
63.00
21.00
0.00
19.00
0.00
0.00
0.00
0.00
0.00
0.00
14.00
0.00
19.00
0.00
0.00
0.00
0.00
0.00
0.00
0.00
0.00
0.00
38.00
0.00
0.00
1.00
0.00
15.00
0.00
15.00
0.00
0.00
0.00
0.00
388.00
0.00
169.00
355.00
10.00
0.00
63.00
144.00
234.00
41.00
0.00
1.00
0.00
1.00
0.00
0.00
23.00
42.00
30.00
283.00
140.00
0.00
98.00
206.00
146.00
217.00
3.00
20.00
108.00
1.00
8.00
166.00
0.00
40.00
51.00
135.00
5.00
67.00
3.00
3.00
0.00
0.00
0.00
0.00
7.00
73.00
70.00
0.00
57.00
5.00
261.00
323.00
14.00
118.00
762.00
0.00
0.00
5.00
4.00
0.00
22.00
2.00
34.00
0.00
18.00
2.00
0.00
0.00
78.00
18.00
110.00
108.00
7.00
176.00
101.00
36.00
89.00
11.00
0.00
129.00
109.00
62.00
194.00
35.00
7.00
32.00
128.00
12.00
57.00
66.00
25.00
19.00
4.00
96.00
38.00
303.00
142.00
52.00
33.00
0.00
1.00
123.00
116.00
106.00
97.00
78.00
23.00
2.00
37.00
24.00
143.00
18.00
0.00
28.00
3.00
58.00
89.00
90.00
22.00
257.00
2.00
14.00
14.00
91.00
15.00
206.00
13.00
2.00
0.00
15.00
133.00
66.00
9.00
20.00
17.00
8.00
204.00
9.00
36.00
2.00
35.00
69.00
5.00
1.00
0.00
420.00
7.00
3.00
17.00
0.00
115.00
0.00
4.00
13.00
31.00
83.00
312.00
15.00
0.00
4.00
21.00
61.00
11.00
9.00
40.00
173.00
5.00
12.00
0.00
0.00
3.00
1.00
69.00
102.00
12.00
249.00
114.00
117.00
23.00
67.00
95.00
51.00
105.00
28.00
42.00
0.00
1.00
42.00
0.00
0.00
0.00
0.00
21.00
36.00
83.00
62.00
55.00
12.00
121.00
0.00
0.00
0.00
0.00
0.00
0.00
0.00
0.00
0.00
0.00
0.00
0.00
0.00
0.00
230.00
152.00
30.00
2.00
0.00
0.00
10.00
8.00
125.00
276.00
68.00
0.00
0.00
0.00
0.00
0.00
0.00
0.00
0.00
0.00
0.00
0.00
0.00
0.00
0.00
0.00
0.00
0.00
0.00
0.00
0.00
0.00
0.00
0.00
0.00
1.00
0.00
0.00
0.00
0.00
0.00
0.00
0.00
0.00
0.00
0.00
0.00
0.00
0.00
0.00
0.00
0.00
0.00
0.00
0.00
0.00
0.00
0.00
0.00
0.00
0.00
0.00
0.00
0.00
0.00
0.00
0.00
0.00
0.00
0.00
0.00
0.00
0.00
0.00
0.00
0.00
0.00
0.00
0.00
0.00
0.00
0.00
0.00
0.00
0.00
0.00
0.00
0.00
0.00
0.00
0.00
0.00
13.00
0.00
0.00
0.00
0.00
0.00
0.00
0.00
0.00
0.00
0.00
0.00
0.00
0.00
0.00
0.00
0.00
0.00
0.00
0.00
0.00
0.00
0.00
0.00
0.00
0.00
0.00
0.00
0.00
0.00
0.00
0.00
0.00
0.00
0.00
0.00
0.00
10.00
9.00
0.00
132.00
0.00
72.00
63.00
0.00
0.00
0.00
0.00
0.00
0.00
78.00
0.00
81.00
0.00
0.00
0.00
0.00
30.00
0.00
0.00
1.00
73.00
417.00
172.00
223.00
40.00
371.00
379.00
14.00
0.00
0.00
0.00
0.00
0.00
0.00
0.00
0.00
0.00
75.00
3.00
80.00
4.00
182.00
109.00
83.00
153.00
91.00
37.00
36.00
0.00
0.00
25.00
0.00
60.00
186.00
0.00
0.00
5.00
29.00
9.00
0.00
0.00
90.00
0.00
1.00
5.00
47.00
41.00
153.00
7.00
11.00
0.00
6.00
0.00
28.00
62.00
0.00
0.00
0.00
2.00
145.00
107.00
258.00
216.00
6.00
53.00
119.00
44.00
2.00
0.00
0.00
41.00
55.00
137.00
36.00
192.00
98.00
75.00
0.00
4.00
9.00
46.00
39.00
2.00
3.00
37.00
52.00
31.00
0.00
71.00
48.00
19.00
17.00
251.00
230.00
46.00
11.00
119.00
96.00
13.00
32.00
36.00
85.00
67.00
68.00
287.00
18.00
79.00
19.00
5.00
10.00
163.00
117.00
101.00
256.00
44.00
123.00
57.00
3.00
20.00
72.00
10.00
88.00
13.00
23.00
8.00
1.00
8.00
111.00
27.00
114.00
38.00
3.00
5.00
1.00
28.00
7.00
20.00
5.00
47.00
108.00
27.00
0.00
54.00
90.00
44.00
34.00
30.00
0.00
3.00
77.00
439.00
29.00
80.00
31.00
34.00
4.00
24.00
4.00
0.00
2.00
8.00
1.00
78.00
19.00
1.00
25.00
34.00
0.00
54.00
156.00
7.00
119.00
383.00
134.00
101.00
60.00
0.00
2.00
1.00
0.00
0.00
298.00
22.00
27.00
0.00
17.00
79.00
184.00
13.00
2.00
0.00
48.00
1.00
15.00
227.00
1.00
2.00
9.00
10.00
0.00
0.00
0.00
0.00
11.00
51.00
217.00
304.00
0.00
0.00
0.00
0.00
0.00
0.00
0.00
415.00
328.00
0.00
1.00
0.00
0.00
0.00
0.00
0.00
0.00
0.00
0.00
0.00
0.00
83.00
0.00
0.00
148.00
92.00
8.00
0.00
0.00
0.00
0.00
0.00
0.00
0.00
0.00
0.00
0.00
0.00
0.00
0.00
0.00
0.00
0.00
0.00
0.00
0.00
16.00
176.00
212.00
102.00
0.00
0.00
0.00
0.00
0.00
0.00
0.00
0.00
1.00
0.00
0.00
0.00
0.00
0.00
0.00
0.00
0.00
0.00
0.00
0.00
50.00
158.00
37.00
0.00
0.00
0.00
0.00
0.00
0.00
0.00
0.00
0.00
0.00
0.00
0.00
0.00
0.00
0.00
0.00
0.00
0.00
0.00
0.00
0.00
0.00
0.00
0.00
0.00
0.00
0.00
0.00
0.00
0.00
0.00
0.00
0.00
0.00
0.00
0.00
24.00
180.00
0.00
16.00
0.00
0.00
0.00
0.00
0.00
0.00
0.00
0.00
0.00
0.00
0.00
0.00
1.00
0.00
54.00
0.00
0.00
0.00
0.00
0.00
0.00
0.00
0.00
0.00
0.00
0.00
0.00
0.00
0.00
19.00
0.00
0.00
0.00
126.00
6.00
0.00
0.00
0.00
0.00
0.00
0.00
0.00
11.00
14.00
0.00
3.00
42.00
0.00
0.00
41.00
127.00
24.00
19.00
0.00
14.00
354.00
0.00
29.00
0.00
2.00
0.00
2.00
2.00
0.00
81.00
14.00
14.00
0.00
63.00
2.00
0.00
0.00
14.00
7.00
4.00
19.00
112.00
64.00
1.00
93.00
0.00
25.00
87.00
271.00
279.00
256.00
502.00
308.00
263.00
3.00
108.00
0.00
1.00
0.00
21.00
0.00
0.00
0.00
0.00
75.00
0.00
70.00
0.00
2.00
0.00
0.00
49.00
2.00
26.00
19.00
42.00
330.00
94.00
84.00
45.00
15.00
17.00
50.00
206.00
424.00
427.00
1.00
29.00
34.00
0.00
0.00
1.00
0.00
0.00
152.00
12.00
7.00
7.00
0.00
67.00
12.00
37.00
6.00
9.00
3.00
2.00
0.00
0.00
2.00
10.00
43.00
11.00
28.00
94.00
43.00
11.00
31.00
10.00
59.00
10.00
24.00
0.00
5.00
11.00
184.00
34.00
36.00
79.00
45.00
0.00
58.00
16.00
109.00
160.00
98.00
209.00
0.00
4.00
3.00
74.00
118.00
32.00
5.00
7.00
11.00
98.00
76.00
20.00
83.00
7.00
1.00
15.00
23.00
10.00
254.00
95.00
3.00
66.00
63.00
19.00
66.00
40.00
68.00
17.00
23.00
9.00
184.00
1.00
7.00
7.00
1.00
0.00
0.00
24.00
126.00
11.00
0.00
1.00
0.00
18.00
50.00
0.00
9.00
37.00
16.00
2.00
6.00
1.00
39.00
0.00
0.00
0.00
50.00
0.00
5.00
0.00
0.00
0.00
0.00
0.00
0.00
0.00
0.00
4.00
106.00
51.00
312.00
285.00
13.00
0.00
0.00
0.00
0.00
0.00
0.00
0.00
1.00
0.00
0.00
0.00
0.00
0.00
370.00
12.00
134.00
85.00
30.00
0.00
0.00
0.00
0.00
0.00
0.00
0.00
0.00
0.00
0.00
0.00
0.00
0.00
0.00
0.00
0.00
0.00
0.00
0.00
0.00
0.00
0.00
0.00
0.00
0.00
0.00
0.00
0.00
0.00
0.00
0.00
0.00
0.00
0.00
0.00
1.00
0.00
0.00
0.00
0.00
0.00
0.00
0.00
1.00
0.00
8.00
29.00
57.00
0.00
0.00
0.00
0.00
0.00
0.00
0.00
0.00
0.00
0.00
0.00
0.00
0.00
0.00
0.00
0.00
0.00
0.00
0.00
0.00
0.00
0.00
0.00
0.00
0.00
0.00
0.00
0.00
0.00
0.00
0.00
0.00
0.00
0.00
0.00
0.00
0.00
0.00
0.00
0.00
0.00
1.00
0.00
0.00
0.00
0.00
0.00
0.00
0.00
0.00
0.00
0.00
0.00
0.00
0.00
0.00
0.00
0.00
0.00
0.00
4.00
0.00
0.00
0.00
0.00
0.00
0.00
0.00
109.40
100.30
108.50
64.70
0.00
0.00
0.00
0.10
33.10
0.00
0.00
0.00
0.00
0.00
0.00
0.00
0.00
0.00
0.00
0.00
2.90
2.80
0.80
0.00
0.00
4.10
0.00
0.00
0.00
0.00
11.40
0.00
0.00
0.00
27.60
8.70
60.00
0.80
8.00
0.10
1.30
0.50
20.80
37.00
0.60
0.00
0.70
0.00
0.00
2.30
0.00
4.30
0.00
0.00
0.00
0.00
0.50
0.00
0.00
0.00
0.00
0.00
5.50
0.90
0.00
0.00
0.00
6.90
8.20
0.00
0.00
0.00
0.00
0.00
0.00
0.30
0.00
0.20
5.80
2.90
0.10
11.00
0.20
0.10
0.10
0.00
0.00
0.00
35.20
0.50
0.80
0.00
0.00
0.00
0.00
12.00
5.40
0.00
0.10
18.00
0.70
3.90
11.90
8.00
8.00
4.40
1.20
2.70
0.40
29.30
0.70
0.00
0.00
7.40
6.40
14.80
22.30
3.30
0.70
0.10
21.90
6.30
0.10
0.10
6.30
2.00
0.10
0.00
0.00
0.00
0.10
4.50
2.40
3.70
3.10
3.10
8.00
8.00
2.80
0.60
0.60
0.00
0.80
0.60
0.60
0.60
0.80
19.10
3.80
8.50
11.10
21.50
1.20
0.00
1.60
10.00
2.00
1.40
9.20
7.10
0.80
27.80
4.50
5.50
28.30
4.10
3.10
17.30
4.80
5.60
2.20
0.80
1.40
1.90
0.00
0.20
5.50
1.60
18.00
21.60
11.20
0.20
0.40
0.90
16.70
0.00
2.70
0.90
13.50
1.70
0.30
4.20
8.00
0.00
3.70
3.10
3.10
18.50
29.10
19.80
1.40
0.30
20.80
11.90
4.10
0.30
3.50
13.80
15.50
28.10
25.10
25.20
14.30
1.20
2.40
5.60
20.30
3.10
3.10
0.40
0.00
1.90
0.00
8.20
18.90
0.80
7.60
0.70
0.00
0.00
0.00
0.00
22.80
1.40
0.00
0.10
0.00
0.00
0.60
6.40
1.10
0.10
0.80
1.00
