20160101
0.00
0.00
0.00
0.00
0.00
0.00
0.00
0.00
0.00
0.00
0.00
0.00
0.00
0.00
0.00
0.00
0.00
0.00
0.00
11.00
0.00
0.00
0.00
0.00
0.00
0.00
0.00
0.00
0.00
0.00
0.00
0.00
0.00
0.00
0.00
0.00
0.00
0.00
11.00
0.00
0.00
14.00
0.00
0.00
0.00
0.00
0.00
0.00
0.00
0.00
0.00
0.00
0.00
0.00
82.00
0.00
62.00
0.00
0.00
0.00
0.00
0.00
0.00
0.00
0.00
10.00
0.00
0.00
1.00
0.00
0.00
0.00
0.00
0.00
2.00
0.00
0.00
276.00
0.00
0.00
0.00
0.00
0.00
0.00
0.00
0.00
0.00
6.00
266.00
243.00
1059.00
1.00
13.00
92.00
36.00
45.00
0.00
0.00
0.00
0.00
0.00
0.00
0.00
0.00
0.00
0.00
143.00
0.00
0.00
0.00
0.00
0.00
0.00
0.00
0.00
0.00
0.00
10.00
0.00
0.00
0.00
25.00
43.00
0.00
4.00
0.00
13.00
191.00
3.00
8.00
0.00
1.00
69.00
585.00
11.00
33.00
0.00
22.00
65.00
43.00
213.00
921.00
2.00
0.00
242.00
52.00
380.00
0.00
358.00
0.00
25.00
45.00
0.00
0.00
0.00
0.00
3.00
7.00
317.00
1.00
13.00
0.00
755.00
73.00
12.00
1.00
0.00
4.00
40.00
10.00
2.00
9.00
13.00
128.00
4.00
16.00
1.00
143.00
4.00
40.00
15.00
18.00
86.00
82.00
199.00
16.00
159.00
238.00
161.00
138.00
25.00
0.00
0.00
19.00
0.00
0.00
261.00
316.00
149.00
24.00
62.00
47.00
14.00
43.00
106.00
51.00
203.00
9.00
6.00
16.00
161.00
426.00
151.00
261.00
7.00
19.00
12.00
35.00
5.00
6.00
40.00
46.00
181.00
42.00
1.00
50.00
181.00
150.00
629.00
34.00
52.00
0.00
133.00
574.00
2.00
1.00
0.00
265.00
41.00
66.00
245.00
7.00
19.00
74.00
48.00
259.00
111.00
27.00
38.00
22.00
19.00
12.00
8.00
2.00
167.00
195.00
301.00
1.00
4.00
11.00
62.00
7.00
88.00
123.00
37.00
105.00
5.00
141.00
160.00
49.00
26.00
188.00
0.00
125.00
24.00
22.00
52.00
236.00
33.00
116.00
93.00
32.00
2.00
3.00
0.00
0.00
0.00
0.00
0.00
0.00
0.00
0.00
0.00
0.00
0.00
0.00
0.00
1.00
0.00
0.00
309.00
45.00
83.00
0.00
0.00
1.00
3.00
45.00
358.00
337.00
0.00
0.00
0.00
0.00
0.00
0.00
0.00
0.00
0.00
0.00
0.00
0.00
0.00
0.00
0.00
0.00
0.00
0.00
0.00
0.00
0.00
0.00
0.00
0.00
0.00
0.00
0.00
0.00
0.00
0.00
0.00
0.00
0.00
0.00
0.00
0.00
0.00
0.00
0.00
0.00
0.00
0.00
0.00
0.00
0.00
0.00
0.00
0.00
0.00
0.00
0.00
0.00
0.00
0.00
0.00
0.00
0.00
0.00
81.00
0.00
0.00
0.00
0.00
0.00
0.00
0.00
0.00
0.00
0.00
0.00
0.00
0.00
0.00
0.00
0.00
0.00
0.00
0.00
0.00
0.00
0.00
0.00
11.00
0.00
0.00
0.00
0.00
0.00
0.00
0.00
0.00
0.00
0.00
0.00
0.00
0.00
0.00
0.00
0.00
0.00
0.00
0.00
0.00
0.00
0.00
0.00
0.00
0.00
0.00
0.00
0.00
0.00
0.00
0.00
0.00
0.00
0.00
0.00
0.00
57.00
0.00
0.00
34.00
1.00
190.00
200.00
0.00
0.00
0.00
0.00
0.00
0.00
101.00
7.00
104.00
5.00
0.00
0.00
0.00
3.00
0.00
0.00
27.00
145.00
9.00
7.00
0.00
0.00
255.00
0.00
149.00
0.00
8.00
0.00
0.00
0.00
0.00
0.00
0.00
0.00
0.00
0.00
0.00
73.00
496.00
0.00
232.00
752.00
215.00
131.00
75.00
0.00
9.00
0.00
14.00
27.00
572.00
0.00
0.00
0.00
14.00
13.00
0.00
0.00
139.00
0.00
0.00
0.00
29.00
70.00
830.00
5.00
316.00
0.00
163.00
0.00
0.00
0.00
0.00
0.00
0.00
48.00
1.00
79.00
150.00
235.00
81.00
641.00
65.00
0.00
0.00
583.00
0.00
5.00
123.00
129.00
28.00
356.00
640.00
11.00
140.00
25.00
194.00
289.00
278.00
537.00
0.00
42.00
45.00
0.00
98.00
2.00
62.00
19.00
39.00
25.00
42.00
87.00
223.00
169.00
211.00
218.00
20.00
6.00
8.00
31.00
241.00
412.00
296.00
11.00
26.00
12.00
85.00
212.00
87.00
186.00
429.00
76.00
51.00
42.00
469.00
188.00
484.00
40.00
10.00
71.00
45.00
0.00
69.00
109.00
179.00
178.00
68.00
14.00
22.00
9.00
14.00
210.00
413.00
243.00
59.00
208.00
73.00
85.00
118.00
68.00
68.00
22.00
236.00
125.00
138.00
39.00
18.00
125.00
235.00
3.00
65.00
18.00
143.00
35.00
29.00
213.00
50.00
14.00
4.00
133.00
18.00
96.00
395.00
1112.00
2.00
22.00
4.00
10.00
11.00
139.00
263.00
103.00
80.00
56.00
0.00
0.00
4.00
11.00
105.00
289.00
401.00
264.00
93.00
141.00
21.00
0.00
4.00
21.00
97.00
16.00
11.00
93.00
0.00
2.00
1.00
0.00
56.00
0.00
0.00
0.00
18.00
424.00
1144.00
611.00
0.00
0.00
5.00
0.00
0.00
0.00
0.00
16.00
22.00
0.00
0.00
0.00
0.00
0.00
0.00
0.00
0.00
0.00
0.00
0.00
0.00
81.00
0.00
9.00
502.00
53.00
3.00
0.00
1.00
0.00
0.00
0.00
0.00
0.00
0.00
0.00
0.00
0.00
0.00
0.00
0.00
0.00
0.00
0.00
0.00
1.00
2.00
41.00
84.00
73.00
0.00
0.00
0.00
0.00
0.00
0.00
0.00
0.00
0.00
0.00
0.00
0.00
0.00
0.00
0.00
0.00
0.00
0.00
0.00
0.00
4.00
199.00
1.00
0.00
0.00
0.00
0.00
0.00
0.00
0.00
0.00
0.00
0.00
0.00
0.00
0.00
0.00
0.00
0.00
0.00
0.00
0.00
0.00
0.00
0.00
0.00
0.00
0.00
0.00
0.00
0.00
0.00
0.00
0.00
0.00
0.00
0.00
0.00
789.00
420.00
377.00
224.00
144.00
0.00
131.00
172.00
0.00
0.00
0.00
0.00
0.00
0.00
0.00
0.00
0.00
0.00
289.00
571.00
0.00
0.00
0.00
0.00
0.00
0.00
222.00
0.00
0.00
0.00
0.00
0.00
0.00
0.00
0.00
0.00
16.00
194.00
0.00
0.00
0.00
0.00
0.00
0.00
0.00
0.00
20.00
0.00
0.00
0.00
0.00
269.00
283.00
10.00
43.00
0.00
0.00
11.00
202.00
148.00
8.00
2.00
0.00
72.00
107.00
0.00
101.00
0.00
118.00
208.00
35.00
101.00
25.00
271.00
55.00
17.00
0.00
73.00
55.00
0.00
1.00
504.00
75.00
2.00
173.00
1.00
168.00
1924.00
92.00
18.00
7.00
18.00
50.00
286.00
0.00
97.00
1.00
95.00
39.00
0.00
36.00
41.00
112.00
907.00
23.00
28.00
21.00
4.00
2.00
0.00
1.00
0.00
56.00
519.00
55.00
0.00
66.00
38.00
0.00
0.00
2.00
5.00
161.00
279.00
0.00
1058.00
0.00
18.00
219.00
41.00
31.00
0.00
297.00
1.00
0.00
1.00
23.00
4.00
45.00
7.00
1.00
8.00
1.00
0.00
41.00
15.00
279.00
86.00
14.00
8.00
9.00
9.00
2.00
0.00
4.00
80.00
166.00
382.00
61.00
5.00
27.00
2.00
13.00
56.00
73.00
28.00
773.00
262.00
341.00
50.00
52.00
94.00
7.00
11.00
64.00
8.00
38.00
3.00
63.00
68.00
118.00
8.00
0.00
5.00
20.00
12.00
60.00
81.00
94.00
14.00
110.00
125.00
209.00
213.00
58.00
13.00
1.00
62.00
35.00
46.00
48.00
6.00
3.00
5.00
0.00
3.00
0.00
72.00
1.00
217.00
12.00
0.00
0.00
10.00
1.00
23.00
77.00
147.00
293.00
44.00
1.00
0.00
0.00
7.00
57.00
205.00
23.00
0.00
1.00
2.00
42.00
16.00
138.00
0.00
0.00
0.00
0.00
0.00
0.00
0.00
0.00
0.00
0.00
0.00
27.00
95.00
55.00
92.00
25.00
0.00
0.00
0.00
0.00
0.00
0.00
0.00
0.00
0.00
0.00
0.00
0.00
0.00
15.00
29.00
61.00
10.00
0.00
0.00
0.00
0.00
0.00
6.00
4.00
0.00
0.00
0.00
0.00
0.00
2.00
0.00
0.00
0.00
0.00
0.00
0.00
0.00
0.00
0.00
0.00
0.00
0.00
0.00
0.00
0.00
0.00
0.00
0.00
0.00
0.00
0.00
0.00
0.00
0.00
0.00
0.00
0.00
0.00
0.00
0.00
0.00
0.00
0.00
41.00
142.00
19.00
0.00
0.00
0.00
0.00
0.00
0.00
0.00
0.00
0.00
0.00
0.00
0.00
0.00
0.00
0.00
0.00
0.00
0.00
0.00
0.00
0.00
0.00
0.00
0.00
0.00
0.00
0.00
0.00
0.00
0.00
0.00
0.00
0.00
0.00
0.00
0.00
0.00
0.00
0.00
0.00
0.00
0.00
0.00
0.00
0.00
0.00
0.00
0.00
0.00
0.00
0.00
0.00
0.00
0.00
0.00
0.00
0.00
0.00
0.00
0.00
4.00
0.00
0.00
0.00
0.00
0.00
0.00
0.10
25.90
8.70
34.20
7.10
0.00
0.00
0.00
0.10
0.60
0.00
0.00
0.00
0.00
0.00
1.10
0.00
0.00
5.70
3.60
0.00
41.60
0.90
0.10
0.00
0.00
0.00
0.00
0.00
0.00
4.30
0.60
0.00
0.00
5.00
38.40
0.10
48.50
11.40
0.00
0.50
62.00
0.10
15.50
29.60
0.40
4.70
8.10
25.20
0.00
0.00
5.80
0.40
0.00
0.00
0.00
10.20
0.00
0.00
0.00
0.00
0.00
0.00
0.00
0.00
0.10
0.10
0.00
73.90
7.50
0.00
0.00
0.00
0.00
0.00
0.00
0.00
0.00
9.80
2.90
0.00
0.00
0.10
0.00
1.10
1.10
0.00
33.90
33.90
57.50
1.40
0.00
0.60
0.00
0.00
0.30
7.20
0.80
7.40
7.90
2.40
29.80
0.30
0.40
0.10
14.30
0.00
0.00
0.00
1.50
6.90
38.80
0.00
4.10
2.80
0.80
0.10
1.80
2.80
0.00
0.00
1.10
4.70
7.30
112.20
0.00
3.30
0.80
0.40
0.20
0.00
0.20
9.60
6.80
9.90
5.40
5.40
30.50
30.50
45.80
0.40
0.40
3.30
0.20
0.40
0.40
0.40
0.10
1.80
2.60
12.80
31.60
8.10
5.80
0.10
0.90
8.40
5.20
3.10
6.30
0.10
10.30
20.40
5.70
0.00
29.80
2.00
1.50
9.80
21.30
28.60
63.60
17.60
3.00
1.10
0.00
0.00
2.80
1.40
43.50
38.50
8.40
0.20
0.10
0.00
1.30
0.00
0.80
14.50
61.60
32.50
5.40
10.20
0.00
0.00
1.40
3.40
25.10
13.30
0.50
4.90
41.20
1.30
0.10
0.30
0.00
0.10
0.10
0.30
5.80
15.80
0.50
21.90
54.60
6.90
3.10
15.70
14.80
4.20
4.20
13.30
0.30
0.20
1.50
9.70
0.30
0.30
7.60
4.80
0.00
0.20
0.00
0.00
0.90
0.80
0.00
0.00
0.00
0.10
0.10
3.20
1.30
0.10
0.00
2.30
