20160101
0.00
0.00
0.00
0.00
0.00
0.00
1.00
0.00
0.00
0.00
0.00
0.00
0.00
0.00
0.00
0.00
0.00
0.00
0.00
4.00
0.00
0.00
0.00
0.00
0.00
0.00
0.00
0.00
0.00
0.00
0.00
0.00
0.00
0.00
0.00
0.00
0.00
0.00
32.00
0.00
0.00
0.00
0.00
0.00
0.00
0.00
0.00
0.00
0.00
0.00
4.00
1.00
2.00
0.00
35.00
0.00
57.00
0.00
0.00
0.00
0.00
0.00
0.00
0.00
1.00
0.00
0.00
0.00
4.00
0.00
0.00
0.00
0.00
0.00
2.00
2.00
0.00
1.00
4.00
0.00
0.00
0.00
0.00
0.00
0.00
0.00
0.00
4.00
49.00
226.00
726.00
0.00
24.00
107.00
0.00
85.00
0.00
0.00
0.00
0.00
0.00
0.00
0.00
0.00
0.00
0.00
26.00
0.00
0.00
0.00
0.00
0.00
0.00
0.00
0.00
0.00
0.00
16.00
0.00
0.00
0.00
52.00
40.00
2.00
5.00
0.00
70.00
258.00
6.00
6.00
0.00
0.00
10.00
372.00
22.00
1.00
0.00
32.00
55.00
55.00
165.00
368.00
0.00
0.00
254.00
46.00
70.00
0.00
46.00
0.00
45.00
61.00
0.00
0.00
0.00
0.00
0.00
17.00
482.00
0.00
5.00
0.00
1424.00
99.00
82.00
4.00
7.00
6.00
66.00
14.00
0.00
20.00
25.00
164.00
3.00
8.00
0.00
57.00
2.00
22.00
24.00
1.00
46.00
214.00
125.00
69.00
295.00
297.00
114.00
96.00
16.00
0.00
2.00
0.00
12.00
1.00
378.00
272.00
247.00
31.00
23.00
37.00
4.00
92.00
168.00
69.00
232.00
11.00
2.00
31.00
123.00
386.00
154.00
141.00
25.00
17.00
15.00
11.00
20.00
5.00
20.00
125.00
160.00
64.00
6.00
23.00
90.00
110.00
350.00
187.00
51.00
1.00
176.00
1130.00
7.00
3.00
5.00
269.00
17.00
24.00
245.00
17.00
16.00
30.00
231.00
244.00
131.00
17.00
52.00
50.00
25.00
19.00
8.00
6.00
65.00
143.00
435.00
1.00
10.00
9.00
45.00
9.00
50.00
298.00
33.00
70.00
10.00
107.00
249.00
27.00
10.00
148.00
9.00
44.00
19.00
6.00
19.00
74.00
20.00
98.00
23.00
164.00
25.00
20.00
9.00
8.00
0.00
0.00
0.00
0.00
0.00
0.00
0.00
0.00
0.00
0.00
0.00
8.00
0.00
4.00
407.00
84.00
27.00
0.00
0.00
0.00
13.00
105.00
523.00
418.00
0.00
0.00
0.00
0.00
0.00
0.00
0.00
0.00
0.00
0.00
0.00
0.00
0.00
0.00
0.00
0.00
0.00
0.00
0.00
0.00
0.00
10.00
0.00
0.00
0.00
0.00
0.00
0.00
0.00
0.00
0.00
0.00
0.00
0.00
0.00
1.00
0.00
0.00
0.00
0.00
0.00
0.00
0.00
0.00
0.00
0.00
0.00
0.00
0.00
199.00
0.00
0.00
0.00
0.00
0.00
0.00
0.00
0.00
0.00
0.00
0.00
0.00
0.00
0.00
0.00
0.00
0.00
0.00
0.00
0.00
0.00
0.00
0.00
0.00
0.00
0.00
0.00
0.00
0.00
0.00
0.00
0.00
13.00
0.00
0.00
0.00
0.00
0.00
0.00
0.00
0.00
0.00
0.00
0.00
0.00
0.00
0.00
0.00
0.00
0.00
0.00
0.00
0.00
0.00
0.00
0.00
0.00
0.00
0.00
0.00
0.00
0.00
0.00
0.00
0.00
0.00
0.00
0.00
2.00
47.00
0.00
0.00
24.00
2.00
232.00
191.00
0.00
0.00
0.00
0.00
0.00
0.00
53.00
4.00
87.00
4.00
0.00
0.00
0.00
0.00
0.00
0.00
11.00
398.00
21.00
0.00
0.00
0.00
123.00
0.00
137.00
0.00
7.00
0.00
0.00
0.00
0.00
0.00
0.00
0.00
0.00
0.00
0.00
68.00
502.00
0.00
620.00
491.00
239.00
120.00
39.00
0.00
16.00
0.00
27.00
16.00
431.00
0.00
0.00
0.00
7.00
6.00
0.00
0.00
156.00
0.00
0.00
0.00
39.00
15.00
698.00
4.00
483.00
2.00
0.00
0.00
0.00
0.00
0.00
0.00
0.00
184.00
0.00
1.00
149.00
261.00
340.00
908.00
28.00
4.00
0.00
776.00
0.00
0.00
161.00
85.00
3.00
677.00
465.00
13.00
22.00
143.00
124.00
251.00
178.00
508.00
3.00
62.00
16.00
1.00
7.00
1.00
30.00
12.00
28.00
1.00
27.00
17.00
139.00
263.00
162.00
222.00
22.00
5.00
19.00
48.00
347.00
329.00
164.00
11.00
13.00
9.00
99.00
209.00
118.00
254.00
423.00
34.00
38.00
70.00
466.00
205.00
522.00
14.00
2.00
123.00
16.00
4.00
63.00
172.00
190.00
136.00
72.00
59.00
40.00
6.00
10.00
145.00
440.00
386.00
63.00
224.00
61.00
73.00
83.00
41.00
49.00
17.00
266.00
453.00
190.00
11.00
13.00
179.00
153.00
2.00
30.00
31.00
77.00
14.00
23.00
161.00
36.00
98.00
2.00
108.00
11.00
55.00
131.00
764.00
8.00
31.00
6.00
26.00
20.00
113.00
168.00
152.00
71.00
37.00
0.00
0.00
4.00
12.00
191.00
168.00
712.00
210.00
64.00
80.00
22.00
0.00
34.00
27.00
64.00
1.00
55.00
254.00
0.00
0.00
1.00
0.00
22.00
0.00
0.00
0.00
0.00
146.00
1284.00
334.00
0.00
0.00
10.00
0.00
0.00
0.00
0.00
1.00
6.00
0.00
0.00
0.00
0.00
0.00
0.00
0.00
0.00
0.00
0.00
0.00
0.00
72.00
0.00
9.00
545.00
50.00
4.00
0.00
0.00
0.00
0.00
0.00
0.00
0.00
0.00
0.00
0.00
0.00
0.00
0.00
0.00
0.00
0.00
0.00
0.00
0.00
11.00
21.00
79.00
8.00
0.00
0.00
0.00
0.00
0.00
0.00
0.00
0.00
2.00
0.00
0.00
0.00
0.00
0.00
0.00
0.00
0.00
0.00
0.00
0.00
0.00
106.00
0.00
0.00
0.00
0.00
0.00
0.00
0.00
0.00
0.00
0.00
0.00
0.00
0.00
0.00
0.00
0.00
0.00
0.00
0.00
0.00
0.00
0.00
0.00
0.00
0.00
0.00
0.00
0.00
0.00
0.00
0.00
0.00
0.00
1.00
0.00
0.00
749.00
377.00
270.00
255.00
195.00
0.00
196.00
232.00
0.00
0.00
0.00
0.00
0.00
0.00
0.00
0.00
0.00
0.00
238.00
328.00
0.00
0.00
0.00
0.00
0.00
0.00
120.00
0.00
0.00
0.00
0.00
0.00
0.00
0.00
0.00
0.00
64.00
152.00
0.00
0.00
0.00
0.00
33.00
0.00
0.00
30.00
68.00
0.00
0.00
19.00
0.00
174.00
344.00
14.00
31.00
0.00
0.00
86.00
268.00
179.00
1.00
8.00
0.00
43.00
153.00
0.00
198.00
0.00
133.00
181.00
14.00
103.00
10.00
4.00
165.00
12.00
0.00
80.00
2.00
0.00
5.00
207.00
112.00
1.00
243.00
0.00
188.00
1773.00
33.00
0.00
5.00
5.00
19.00
181.00
0.00
39.00
8.00
0.00
25.00
0.00
18.00
1.00
74.00
1024.00
5.00
458.00
0.00
50.00
0.00
0.00
3.00
0.00
148.00
225.00
156.00
5.00
49.00
5.00
0.00
0.00
0.00
7.00
140.00
115.00
2.00
585.00
2.00
6.00
58.00
20.00
18.00
0.00
302.00
104.00
0.00
0.00
16.00
20.00
11.00
14.00
5.00
7.00
1.00
0.00
15.00
12.00
239.00
122.00
1.00
3.00
0.00
2.00
8.00
2.00
3.00
41.00
149.00
208.00
36.00
16.00
54.00
0.00
9.00
31.00
46.00
32.00
465.00
325.00
388.00
115.00
76.00
72.00
20.00
27.00
48.00
6.00
28.00
36.00
30.00
64.00
223.00
6.00
1.00
3.00
4.00
16.00
19.00
64.00
114.00
9.00
61.00
170.00
99.00
310.00
167.00
10.00
1.00
138.00
30.00
21.00
8.00
7.00
8.00
3.00
0.00
1.00
9.00
63.00
0.00
116.00
4.00
1.00
64.00
2.00
2.00
13.00
135.00
687.00
228.00
67.00
6.00
10.00
3.00
11.00
33.00
115.00
41.00
1.00
2.00
1.00
64.00
19.00
188.00
0.00
0.00
0.00
0.00
0.00
0.00
0.00
0.00
0.00
0.00
0.00
16.00
108.00
73.00
95.00
27.00
0.00
0.00
0.00
0.00
0.00
0.00
0.00
0.00
0.00
0.00
3.00
0.00
0.00
18.00
40.00
40.00
11.00
0.00
0.00
0.00
0.00
0.00
110.00
0.00
0.00
0.00
0.00
0.00
0.00
6.00
0.00
0.00
0.00
0.00
0.00
0.00
0.00
0.00
0.00
0.00
0.00
0.00
0.00
0.00
0.00
0.00
0.00
0.00
0.00
0.00
0.00
0.00
10.00
0.00
0.00
0.00
0.00
0.00
0.00
0.00
0.00
0.00
0.00
40.00
158.00
15.00
0.00
0.00
0.00
0.00
0.00
0.00
0.00
0.00
0.00
0.00
0.00
0.00
0.00
0.00
0.00
0.00
0.00
0.00
0.00
0.00
0.00
0.00
0.00
0.00
0.00
0.00
0.00
0.00
0.00
0.00
0.00
0.00
0.00
0.00
0.00
0.00
0.00
0.00
0.00
0.00
0.00
0.00
0.00
0.00
0.00
0.00
0.00
0.00
0.00
0.00
0.00
1.00
0.00
0.00
0.00
0.00
0.00
0.00
0.00
1.00
5.00
0.00
0.00
0.00
0.00
0.00
0.00
2.20
33.00
14.70
33.20
8.10
0.00
0.00
0.00
0.90
0.10
0.00
0.00
0.00
0.00
0.00
0.50
0.00
0.00
7.60
4.10
0.00
42.50
1.60
0.20
0.00
0.00
0.80
0.00
0.00
0.00
1.90
0.20
0.00
0.00
3.30
24.70
0.00
12.80
6.10
0.00
0.50
89.60
0.40
3.00
27.00
1.70
5.00
0.40
8.60
0.00
0.00
5.90
0.20
0.00
0.00
0.00
15.80
0.00
0.00
0.00
0.00
0.00
0.30
0.00
0.00
0.20
0.20
0.00
70.60
1.00
0.00
0.00
0.00
0.00
0.00
0.00
0.00
0.00
7.80
1.60
0.00
0.00
0.00
0.00
2.80
2.80
0.00
23.30
23.30
58.60
3.70
0.00
0.00
0.00
0.00
1.10
2.70
2.60
15.30
0.40
2.70
45.20
0.40
0.40
0.90
4.00
0.00
0.00
0.00
1.50
1.30
33.80
0.00
1.80
2.30
1.60
0.00
0.80
2.40
0.00
0.00
0.30
5.10
8.60
12.20
0.00
3.50
11.50
1.50
0.70
0.00
0.80
54.10
2.40
12.60
5.30
5.30
30.60
30.60
24.80
0.40
0.40
3.40
0.70
0.40
0.40
0.40
1.10
3.20
2.30
16.30
24.00
24.20
15.20
0.00
5.10
9.40
3.90
2.00
5.00
1.90
4.60
24.00
8.20
1.30
32.10
7.50
1.20
14.20
21.70
32.50
57.20
13.20
4.60
4.10
0.00
1.10
1.60
1.30
29.00
54.70
12.20
1.90
0.20
0.30
1.90
3.00
0.90
11.80
40.90
34.50
2.20
7.30
0.30
0.00
2.80
2.30
17.40
0.80
2.70
4.90
10.40
1.00
0.00
2.90
0.70
0.20
0.90
1.70
8.60
32.70
0.70
30.20
58.60
10.40
6.80
5.30
8.30
7.20
7.20
7.80
2.30
4.80
3.80
21.90
4.50
3.20
11.60
6.90
0.50
1.50
0.20
0.20
0.80
1.80
0.00
0.00
0.40
0.20
0.20
3.40
1.20
0.10
0.00
3.40
