20160101
0.00
0.00
2.00
0.00
0.00
0.00
0.00
0.00
0.00
0.00
0.00
0.00
0.00
0.00
0.00
0.00
0.00
0.00
0.00
2.00
1.00
0.00
0.00
0.00
0.00
0.00
0.00
0.00
0.00
0.00
0.00
0.00
0.00
0.00
0.00
0.00
0.00
0.00
0.00
0.00
0.00
0.00
39.00
0.00
0.00
0.00
0.00
0.00
0.00
0.00
0.00
0.00
2.00
89.00
139.00
2.00
16.00
0.00
0.00
0.00
1.00
0.00
0.00
0.00
0.00
1.00
0.00
0.00
0.00
1.00
0.00
1.00
0.00
0.00
0.00
2.00
4.00
0.00
1.00
0.00
33.00
0.00
0.00
0.00
0.00
0.00
0.00
573.00
1.00
0.00
220.00
222.00
0.00
188.00
391.00
31.00
0.00
0.00
0.00
0.00
0.00
0.00
0.00
0.00
2.00
0.00
91.00
32.00
0.00
11.00
0.00
0.00
0.00
0.00
0.00
156.00
3.00
0.00
0.00
0.00
0.00
470.00
86.00
80.00
158.00
2.00
0.00
17.00
0.00
0.00
2.00
0.00
186.00
92.00
0.00
1.00
9.00
123.00
251.00
187.00
945.00
789.00
5.00
2.00
183.00
56.00
0.00
1.00
84.00
248.00
0.00
42.00
0.00
0.00
695.00
343.00
1.00
24.00
44.00
66.00
58.00
285.00
462.00
117.00
1.00
0.00
14.00
67.00
85.00
4.00
0.00
4.00
8.00
3.00
23.00
56.00
100.00
106.00
12.00
261.00
371.00
8.00
10.00
83.00
43.00
342.00
95.00
1.00
267.00
79.00
18.00
49.00
1.00
8.00
5.00
34.00
82.00
42.00
5.00
60.00
0.00
17.00
0.00
10.00
55.00
101.00
381.00
8.00
1.00
31.00
267.00
194.00
268.00
250.00
69.00
111.00
91.00
41.00
9.00
14.00
57.00
110.00
261.00
45.00
6.00
134.00
306.00
64.00
70.00
7.00
0.00
7.00
400.00
90.00
0.00
1.00
8.00
375.00
18.00
113.00
190.00
56.00
82.00
23.00
158.00
159.00
9.00
0.00
0.00
7.00
4.00
56.00
5.00
0.00
171.00
302.00
518.00
153.00
229.00
903.00
103.00
132.00
133.00
22.00
32.00
116.00
329.00
2.00
1.00
196.00
263.00
270.00
5.00
528.00
476.00
81.00
57.00
606.00
76.00
89.00
687.00
53.00
1.00
5.00
714.00
152.00
0.00
0.00
0.00
0.00
0.00
0.00
0.00
0.00
0.00
0.00
0.00
0.00
0.00
0.00
32.00
46.00
24.00
0.00
0.00
0.00
2.00
6.00
182.00
871.00
296.00
0.00
0.00
0.00
0.00
0.00
0.00
0.00
0.00
0.00
0.00
0.00
0.00
0.00
0.00
0.00
0.00
0.00
0.00
0.00
0.00
0.00
0.00
0.00
0.00
25.00
0.00
0.00
0.00
0.00
0.00
0.00
0.00
0.00
0.00
0.00
0.00
0.00
0.00
0.00
0.00
0.00
0.00
0.00
0.00
0.00
0.00
0.00
0.00
0.00
0.00
0.00
0.00
0.00
0.00
0.00
0.00
0.00
0.00
0.00
0.00
0.00
0.00
0.00
0.00
0.00
0.00
0.00
0.00
0.00
0.00
0.00
0.00
0.00
0.00
0.00
0.00
0.00
0.00
0.00
0.00
0.00
0.00
0.00
0.00
0.00
0.00
0.00
0.00
0.00
0.00
0.00
0.00
0.00
0.00
0.00
0.00
0.00
0.00
0.00
0.00
0.00
0.00
0.00
0.00
0.00
0.00
0.00
0.00
7.00
0.00
0.00
0.00
0.00
0.00
0.00
0.00
0.00
0.00
168.00
149.00
16.00
170.00
2.00
62.00
48.00
0.00
0.00
0.00
0.00
0.00
0.00
205.00
0.00
58.00
0.00
0.00
0.00
0.00
90.00
0.00
0.00
0.00
370.00
137.00
0.00
0.00
0.00
467.00
163.00
152.00
0.00
0.00
0.00
0.00
0.00
0.00
0.00
0.00
0.00
30.00
7.00
0.00
8.00
697.00
141.00
141.00
279.00
216.00
333.00
286.00
0.00
1.00
0.00
7.00
6.00
0.00
0.00
0.00
0.00
0.00
8.00
0.00
0.00
142.00
0.00
0.00
0.00
28.00
74.00
398.00
10.00
136.00
0.00
144.00
0.00
16.00
0.00
0.00
0.00
0.00
0.00
61.00
150.00
206.00
788.00
76.00
1020.00
80.00
74.00
593.00
0.00
0.00
957.00
377.00
541.00
325.00
152.00
580.00
417.00
0.00
102.00
263.00
13.00
53.00
571.00
12.00
19.00
82.00
160.00
103.00
34.00
66.00
67.00
93.00
12.00
139.00
84.00
18.00
314.00
139.00
36.00
1.00
0.00
0.00
17.00
107.00
56.00
175.00
485.00
368.00
210.00
85.00
67.00
141.00
178.00
476.00
1.00
82.00
349.00
1084.00
67.00
81.00
97.00
201.00
189.00
0.00
3.00
0.00
9.00
115.00
99.00
83.00
64.00
22.00
18.00
0.00
134.00
858.00
121.00
71.00
0.00
56.00
9.00
82.00
58.00
129.00
406.00
265.00
94.00
460.00
396.00
257.00
365.00
41.00
97.00
113.00
83.00
56.00
33.00
7.00
295.00
64.00
1.00
123.00
55.00
52.00
0.00
38.00
119.00
9.00
54.00
77.00
19.00
119.00
103.00
431.00
10.00
1.00
0.00
2.00
30.00
465.00
255.00
206.00
266.00
32.00
26.00
79.00
1.00
63.00
35.00
192.00
58.00
269.00
0.00
22.00
23.00
0.00
4.00
3.00
0.00
0.00
0.00
0.00
705.00
191.00
230.00
458.00
1405.00
0.00
0.00
0.00
0.00
0.00
0.00
14.00
429.00
129.00
0.00
0.00
0.00
0.00
0.00
0.00
0.00
0.00
0.00
0.00
0.00
0.00
14.00
0.00
3.00
156.00
48.00
7.00
0.00
0.00
0.00
0.00
0.00
0.00
0.00
0.00
0.00
0.00
0.00
0.00
0.00
0.00
0.00
0.00
0.00
0.00
2.00
31.00
1298.00
590.00
523.00
0.00
0.00
0.00
0.00
0.00
0.00
0.00
0.00
0.00
0.00
0.00
0.00
0.00
0.00
0.00
0.00
0.00
0.00
0.00
0.00
153.00
236.00
22.00
0.00
0.00
0.00
0.00
0.00
0.00
0.00
0.00
0.00
0.00
0.00
0.00
0.00
0.00
0.00
0.00
0.00
0.00
0.00
0.00
0.00
0.00
0.00
0.00
0.00
0.00
0.00
0.00
0.00
0.00
0.00
0.00
0.00
0.00
0.00
38.00
26.00
463.00
2.00
116.00
0.00
20.00
8.00
0.00
0.00
0.00
0.00
0.00
0.00
0.00
0.00
0.00
0.00
0.00
366.00
0.00
0.00
0.00
0.00
0.00
0.00
9.00
0.00
0.00
0.00
0.00
0.00
0.00
0.00
246.00
0.00
0.00
19.00
39.00
0.00
0.00
0.00
0.00
0.00
0.00
0.00
16.00
0.00
24.00
29.00
0.00
35.00
88.00
0.00
13.00
12.00
0.00
122.00
25.00
52.00
233.00
0.00
8.00
15.00
0.00
0.00
13.00
0.00
0.00
288.00
44.00
41.00
49.00
159.00
68.00
0.00
0.00
0.00
2.00
1.00
7.00
326.00
410.00
12.00
3.00
1.00
50.00
404.00
307.00
525.00
306.00
488.00
363.00
301.00
0.00
94.00
0.00
3.00
77.00
0.00
16.00
56.00
167.00
25.00
1.00
25.00
176.00
0.00
0.00
0.00
27.00
26.00
74.00
141.00
4.00
2.00
4.00
658.00
1096.00
0.00
26.00
217.00
908.00
532.00
875.00
787.00
236.00
64.00
491.00
3.00
36.00
44.00
49.00
4.00
37.00
3.00
17.00
159.00
15.00
18.00
24.00
9.00
1.00
1.00
0.00
261.00
214.00
47.00
7.00
113.00
74.00
5.00
11.00
7.00
118.00
38.00
58.00
135.00
46.00
5.00
7.00
10.00
28.00
29.00
40.00
8.00
153.00
44.00
18.00
25.00
25.00
3.00
21.00
52.00
88.00
56.00
41.00
0.00
421.00
566.00
405.00
13.00
275.00
48.00
92.00
260.00
337.00
221.00
195.00
92.00
42.00
84.00
38.00
51.00
11.00
56.00
0.00
32.00
15.00
35.00
96.00
4.00
7.00
1.00
33.00
44.00
8.00
0.00
7.00
87.00
23.00
0.00
0.00
1.00
203.00
8.00
6.00
64.00
15.00
0.00
300.00
0.00
41.00
68.00
96.00
208.00
12.00
0.00
28.00
4.00
131.00
2.00
89.00
0.00
0.00
0.00
0.00
0.00
0.00
0.00
0.00
0.00
0.00
0.00
171.00
229.00
567.00
500.00
126.00
0.00
0.00
0.00
0.00
0.00
0.00
0.00
0.00
0.00
0.00
0.00
0.00
0.00
82.00
52.00
236.00
136.00
14.00
0.00
0.00
0.00
0.00
0.00
4.00
0.00
0.00
0.00
0.00
0.00
0.00
0.00
0.00
0.00
0.00
0.00
0.00
0.00
0.00
0.00
0.00
0.00
0.00
0.00
0.00
0.00
0.00
0.00
0.00
0.00
0.00
0.00
0.00
0.00
0.00
0.00
0.00
0.00
0.00
0.00
0.00
0.00
0.00
0.00
38.00
30.00
3.00
0.00
0.00
0.00
0.00
0.00
0.00
0.00
0.00
0.00
0.00
0.00
0.00
0.00
0.00
0.00
0.00
0.00
0.00
0.00
0.00
0.00
0.00
0.00
0.00
0.00
0.00
0.00
0.00
0.00
0.00
0.00
0.00
0.00
0.00
0.00
0.00
0.00
0.00
0.00
0.00
0.00
0.00
0.00
0.00
0.00
0.00
0.00
0.00
0.00
0.00
0.00
0.00
0.00
0.00
0.00
0.00
0.00
0.00
0.00
1.00
6.00
0.00
0.00
0.00
0.00
0.00
0.00
0.00
108.40
101.10
47.60
38.00
0.00
0.00
0.00
1.20
19.60
0.00
0.00
0.00
0.00
0.00
0.00
0.00
0.00
0.00
0.10
4.20
13.90
1.90
0.00
0.00
0.00
0.30
0.00
0.00
0.00
0.00
0.20
0.00
0.00
0.00
38.80
45.90
118.30
23.60
0.00
0.90
8.70
0.00
42.90
57.50
0.00
4.50
0.00
0.90
0.00
0.00
0.00
0.00
0.00
0.00
0.00
0.00
0.20
0.00
0.00
0.00
0.00
0.00
0.00
0.00
0.00
0.00
0.40
16.10
28.50
0.00
0.00
0.00
0.00
0.00
0.00
0.00
0.00
0.60
0.10
1.90
4.20
20.80
52.30
3.40
3.40
0.00
7.90
7.90
56.40
26.00
0.40
0.00
0.00
0.00
0.00
0.00
27.00
8.10
5.20
3.30
0.60
1.00
2.90
0.00
63.40
0.10
0.00
50.20
57.20
46.60
8.70
0.30
0.00
44.80
41.50
25.00
4.70
4.00
0.00
2.90
2.80
9.50
8.10
0.10
0.20
2.10
0.00
0.90
0.10
0.90
2.60
13.40
54.10
59.10
52.40
52.40
46.00
46.00
12.80
0.90
0.90
0.10
18.30
0.90
0.90
0.90
0.20
0.20
1.80
2.80
38.80
7.00
1.80
1.30
0.50
21.80
2.60
0.90
4.90
18.40
36.30
44.30
15.20
1.40
18.60
4.40
1.50
10.50
35.70
10.80
21.40
26.30
2.60
0.50
0.10
4.80
38.30
0.60
34.60
55.60
24.40
5.70
4.40
0.70
4.10
3.30
26.40
41.30
9.20
2.80
18.00
55.80
16.20
2.10
0.30
0.60
11.50
3.80
5.60
13.50
0.50
0.00
7.60
0.50
0.50
0.30
23.40
0.00
9.70
20.30
30.70
11.30
15.20
2.50
7.60
0.10
20.40
13.00
13.00
29.60
0.00
0.00
2.50
25.10
0.00
0.00
20.40
14.60
0.70
0.00
0.00
0.50
3.30
0.00
0.00
0.00
0.00
0.00
0.30
7.40
4.80
0.10
0.00
2.30
