20160101
0.00
0.00
0.00
0.00
0.00
0.00
0.00
0.00
0.00
0.00
0.00
0.00
2.00
0.00
0.00
0.00
0.00
0.00
1.00
37.00
0.00
0.00
0.00
0.00
0.00
0.00
0.00
0.00
0.00
0.00
0.00
0.00
0.00
0.00
0.00
0.00
0.00
1.00
19.00
0.00
0.00
0.00
0.00
0.00
0.00
0.00
0.00
0.00
0.00
0.00
1.00
1.00
0.00
25.00
263.00
15.00
23.00
0.00
0.00
0.00
0.00
0.00
0.00
0.00
0.00
12.00
0.00
0.00
0.00
8.00
0.00
1.00
0.00
0.00
0.00
1.00
0.00
0.00
0.00
95.00
0.00
0.00
0.00
0.00
0.00
0.00
0.00
4.00
0.00
99.00
746.00
162.00
368.00
53.00
0.00
13.00
0.00
0.00
0.00
0.00
0.00
0.00
0.00
0.00
0.00
0.00
0.00
0.00
0.00
0.00
0.00
0.00
0.00
0.00
0.00
0.00
0.00
0.00
0.00
2.00
0.00
12.00
584.00
0.00
6.00
1.00
6.00
78.00
2.00
1.00
12.00
1.00
0.00
676.00
1.00
0.00
1.00
41.00
119.00
239.00
768.00
505.00
0.00
0.00
105.00
303.00
10.00
1.00
88.00
0.00
119.00
2.00
1.00
0.00
0.00
0.00
0.00
8.00
30.00
2.00
1.00
0.00
1830.00
537.00
234.00
1.00
0.00
0.00
4.00
33.00
3.00
2.00
6.00
26.00
25.00
9.00
98.00
1.00
1.00
102.00
6.00
8.00
173.00
101.00
134.00
179.00
89.00
390.00
103.00
34.00
45.00
13.00
4.00
20.00
26.00
8.00
68.00
214.00
396.00
170.00
100.00
21.00
8.00
10.00
44.00
37.00
93.00
7.00
0.00
5.00
191.00
351.00
381.00
71.00
52.00
25.00
5.00
21.00
60.00
10.00
104.00
215.00
198.00
213.00
17.00
118.00
36.00
56.00
99.00
224.00
68.00
2.00
630.00
1821.00
12.00
10.00
27.00
144.00
69.00
82.00
353.00
39.00
46.00
173.00
55.00
136.00
85.00
48.00
29.00
17.00
24.00
37.00
17.00
49.00
183.00
179.00
67.00
41.00
8.00
34.00
63.00
0.00
5.00
68.00
43.00
20.00
68.00
75.00
193.00
19.00
105.00
893.00
52.00
45.00
0.00
5.00
45.00
568.00
39.00
229.00
144.00
4.00
5.00
25.00
98.00
3.00
0.00
0.00
0.00
0.00
0.00
0.00
0.00
0.00
0.00
0.00
0.00
1.00
0.00
18.00
115.00
168.00
12.00
0.00
0.00
0.00
2.00
20.00
361.00
491.00
0.00
0.00
0.00
0.00
0.00
0.00
0.00
0.00
0.00
0.00
0.00
0.00
0.00
0.00
0.00
0.00
0.00
0.00
0.00
0.00
0.00
0.00
0.00
0.00
0.00
2.00
0.00
0.00
0.00
0.00
0.00
0.00
0.00
0.00
0.00
0.00
0.00
0.00
0.00
0.00
0.00
0.00
0.00
0.00
0.00
2.00
0.00
0.00
0.00
0.00
0.00
0.00
0.00
0.00
0.00
0.00
60.00
0.00
18.00
0.00
0.00
0.00
0.00
0.00
0.00
0.00
0.00
0.00
0.00
0.00
0.00
0.00
0.00
0.00
0.00
0.00
0.00
0.00
0.00
0.00
0.00
0.00
17.00
0.00
0.00
0.00
0.00
0.00
0.00
0.00
0.00
0.00
0.00
0.00
0.00
0.00
0.00
0.00
0.00
0.00
0.00
0.00
0.00
0.00
0.00
0.00
0.00
0.00
0.00
0.00
0.00
0.00
0.00
0.00
0.00
0.00
0.00
0.00
0.00
5.00
6.00
0.00
56.00
2.00
98.00
117.00
0.00
0.00
0.00
0.00
0.00
0.00
75.00
19.00
50.00
0.00
0.00
0.00
0.00
1.00
0.00
0.00
5.00
317.00
0.00
0.00
0.00
0.00
0.00
10.00
312.00
0.00
0.00
0.00
0.00
0.00
0.00
0.00
0.00
0.00
0.00
0.00
0.00
42.00
266.00
76.00
453.00
600.00
271.00
219.00
0.00
0.00
6.00
0.00
7.00
0.00
73.00
0.00
0.00
0.00
21.00
1.00
0.00
0.00
271.00
0.00
0.00
0.00
1.00
0.00
648.00
0.00
167.00
0.00
0.00
0.00
0.00
0.00
0.00
0.00
0.00
443.00
1.00
23.00
268.00
288.00
159.00
1554.00
300.00
0.00
0.00
1020.00
0.00
0.00
104.00
0.00
27.00
489.00
316.00
21.00
4.00
75.00
99.00
238.00
193.00
881.00
21.00
165.00
91.00
4.00
7.00
6.00
4.00
12.00
34.00
3.00
134.00
141.00
183.00
506.00
180.00
303.00
3.00
6.00
3.00
29.00
138.00
356.00
139.00
187.00
24.00
16.00
147.00
133.00
319.00
425.00
584.00
64.00
46.00
68.00
444.00
299.00
42.00
96.00
12.00
75.00
39.00
3.00
1.00
282.00
40.00
62.00
209.00
166.00
106.00
11.00
16.00
103.00
217.00
931.00
134.00
104.00
98.00
227.00
61.00
57.00
40.00
32.00
225.00
234.00
325.00
30.00
119.00
90.00
79.00
54.00
113.00
37.00
248.00
16.00
38.00
191.00
81.00
11.00
7.00
4.00
12.00
126.00
58.00
192.00
35.00
10.00
1.00
0.00
54.00
280.00
288.00
244.00
95.00
24.00
5.00
40.00
55.00
79.00
56.00
76.00
454.00
41.00
13.00
124.00
68.00
1.00
4.00
3.00
4.00
5.00
199.00
431.00
0.00
0.00
7.00
0.00
0.00
16.00
0.00
0.00
2.00
296.00
850.00
564.00
0.00
0.00
9.00
0.00
0.00
0.00
0.00
35.00
38.00
0.00
0.00
0.00
0.00
0.00
0.00
0.00
0.00
0.00
0.00
0.00
0.00
40.00
0.00
13.00
354.00
43.00
46.00
0.00
2.00
2.00
0.00
0.00
0.00
0.00
0.00
0.00
0.00
0.00
0.00
0.00
0.00
0.00
0.00
0.00
0.00
6.00
18.00
353.00
252.00
18.00
0.00
0.00
0.00
0.00
0.00
0.00
0.00
0.00
32.00
0.00
0.00
0.00
0.00
0.00
0.00
0.00
0.00
0.00
0.00
0.00
25.00
254.00
0.00
0.00
0.00
0.00
0.00
0.00
0.00
0.00
0.00
0.00
0.00
0.00
0.00
0.00
0.00
0.00
0.00
0.00
0.00
0.00
0.00
0.00
0.00
0.00
0.00
0.00
0.00
0.00
0.00
0.00
0.00
0.00
0.00
0.00
0.00
0.00
639.00
348.00
632.00
337.00
93.00
0.00
204.00
103.00
0.00
0.00
0.00
0.00
0.00
7.00
0.00
0.00
0.00
0.00
0.00
191.00
0.00
0.00
0.00
0.00
0.00
0.00
39.00
1.00
0.00
0.00
0.00
0.00
0.00
0.00
2.00
0.00
0.00
137.00
41.00
0.00
0.00
0.00
0.00
0.00
1.00
1.00
59.00
0.00
26.00
0.00
0.00
158.00
616.00
0.00
115.00
0.00
1.00
179.00
5.00
305.00
1.00
6.00
0.00
87.00
139.00
0.00
278.00
0.00
23.00
258.00
11.00
32.00
0.00
15.00
191.00
6.00
0.00
76.00
0.00
0.00
0.00
361.00
123.00
22.00
377.00
2.00
22.00
674.00
33.00
0.00
0.00
0.00
74.00
581.00
169.00
19.00
2.00
0.00
99.00
0.00
306.00
11.00
52.00
466.00
12.00
172.00
30.00
260.00
0.00
0.00
0.00
0.00
99.00
390.00
441.00
8.00
15.00
110.00
5.00
0.00
0.00
0.00
339.00
298.00
139.00
536.00
4.00
21.00
162.00
56.00
0.00
0.00
292.00
9.00
9.00
51.00
108.00
256.00
40.00
3.00
5.00
4.00
1.00
171.00
18.00
36.00
263.00
104.00
6.00
7.00
6.00
0.00
2.00
15.00
15.00
4.00
121.00
90.00
28.00
39.00
23.00
14.00
98.00
12.00
59.00
23.00
339.00
176.00
345.00
146.00
6.00
241.00
74.00
27.00
65.00
21.00
36.00
41.00
24.00
85.00
49.00
7.00
23.00
3.00
22.00
8.00
19.00
46.00
159.00
34.00
15.00
397.00
72.00
401.00
139.00
160.00
3.00
4.00
133.00
89.00
48.00
7.00
26.00
16.00
9.00
44.00
15.00
50.00
18.00
119.00
0.00
51.00
0.00
1.00
0.00
53.00
5.00
38.00
20.00
24.00
134.00
2.00
0.00
19.00
22.00
96.00
24.00
0.00
0.00
1.00
134.00
0.00
267.00
0.00
0.00
0.00
0.00
0.00
0.00
0.00
0.00
0.00
0.00
0.00
35.00
484.00
205.00
685.00
126.00
0.00
0.00
0.00
0.00
0.00
0.00
0.00
0.00
0.00
0.00
0.00
0.00
0.00
20.00
117.00
77.00
7.00
0.00
0.00
0.00
0.00
0.00
3.00
0.00
0.00
0.00
0.00
0.00
0.00
0.00
0.00
0.00
0.00
0.00
0.00
0.00
0.00
0.00
0.00
0.00
0.00
0.00
0.00
0.00
0.00
0.00
0.00
0.00
0.00
0.00
0.00
0.00
4.00
0.00
0.00
0.00
0.00
0.00
0.00
0.00
0.00
0.00
0.00
35.00
56.00
7.00
0.00
0.00
0.00
0.00
0.00
0.00
0.00
0.00
0.00
0.00
0.00
0.00
0.00
0.00
0.00
0.00
0.00
0.00
0.00
0.00
0.00
0.00
0.00
0.00
0.00
0.00
0.00
0.00
0.00
0.00
0.00
0.00
0.00
0.00
0.00
0.00
0.00
0.00
1.00
1.00
1.00
0.00
0.00
0.00
0.00
0.00
0.00
0.00
0.00
0.00
0.00
0.00
0.00
0.00
0.00
0.00
0.00
0.00
0.00
4.00
0.00
0.00
0.00
0.00
0.00
0.00
0.00
1.20
48.80
49.30
45.90
14.70
0.00
0.00
0.00
1.10
13.40
0.00
0.00
0.00
0.00
0.00
0.00
0.00
0.00
0.30
5.50
0.20
36.30
2.10
0.00
0.00
0.00
16.70
0.00
0.00
0.00
0.40
0.50
0.00
0.00
0.00
29.00
0.00
54.40
27.00
0.00
0.00
25.30
0.70
0.00
35.40
4.00
7.10
0.50
19.60
0.00
0.00
1.80
0.00
0.00
0.00
0.00
0.90
0.00
0.00
0.00
0.00
0.80
0.70
0.00
0.00
0.00
0.00
0.00
129.70
10.80
0.00
0.00
0.00
0.00
0.00
0.00
0.00
0.00
4.00
1.00
1.00
0.00
0.00
0.00
0.80
0.80
0.00
40.00
40.00
24.00
12.80
0.00
0.00
0.00
0.00
0.30
1.20
0.30
19.10
29.60
9.80
19.30
1.50
14.50
5.90
0.80
0.00
0.00
0.30
7.00
1.60
212.50
0.00
8.40
6.70
1.60
0.40
0.40
0.00
0.00
0.30
1.70
2.70
6.50
19.70
0.00
1.40
0.60
13.40
0.20
0.00
1.20
2.60
13.70
13.40
11.30
11.30
18.70
18.70
69.70
0.00
0.00
0.40
0.60
0.00
0.00
0.00
3.40
4.40
2.90
6.80
41.50
11.00
5.80
0.90
1.40
14.60
1.30
6.00
4.10
2.50
10.10
44.30
10.40
13.40
10.40
7.50
3.50
44.80
26.30
72.90
45.30
40.20
13.60
3.20
0.00
1.20
6.10
0.90
19.60
38.40
7.80
2.10
1.30
0.00
1.50
0.00
0.70
13.40
23.40
28.40
2.30
7.50
1.60
0.60
4.10
24.50
3.60
15.90
1.80
26.80
3.30
0.40
0.30
0.10
0.00
0.40
0.10
0.10
6.90
24.40
1.20
10.30
35.30
7.20
0.30
13.10
71.80
17.30
17.30
46.10
0.60
6.00
3.20
16.30
0.50
0.10
18.60
34.20
0.00
0.10
0.00
0.00
0.00
25.40
0.00
0.00
0.10
0.00
0.10
3.20
1.30
0.10
0.00
2.30
