20160101
0.00
0.00
0.00
0.00
0.00
0.00
0.00
0.00
0.00
0.00
0.00
0.00
0.00
0.00
0.00
0.00
0.00
0.00
0.00
0.00
38.00
0.00
0.00
0.00
0.00
0.00
0.00
0.00
0.00
0.00
0.00
0.00
0.00
0.00
0.00
0.00
0.00
0.00
0.00
0.00
0.00
0.00
0.00
0.00
0.00
0.00
1.00
0.00
0.00
0.00
1.00
0.00
0.00
20.00
128.00
9.00
22.00
0.00
0.00
0.00
0.00
0.00
1.00
0.00
0.00
0.00
0.00
0.00
0.00
0.00
0.00
0.00
0.00
0.00
0.00
0.00
0.00
0.00
42.00
0.00
0.00
0.00
0.00
0.00
0.00
0.00
0.00
139.00
2.00
54.00
326.00
9.00
38.00
21.00
122.00
38.00
0.00
0.00
0.00
0.00
0.00
0.00
0.00
0.00
47.00
25.00
54.00
39.00
0.00
11.00
4.00
15.00
8.00
0.00
0.00
88.00
1.00
0.00
8.00
0.00
0.00
140.00
53.00
2.00
39.00
0.00
1.00
0.00
0.00
0.00
0.00
0.00
132.00
1.00
0.00
8.00
0.00
81.00
233.00
131.00
146.00
522.00
3.00
1.00
17.00
18.00
0.00
0.00
19.00
1.00
0.00
4.00
0.00
7.00
34.00
56.00
13.00
39.00
30.00
29.00
16.00
276.00
25.00
27.00
17.00
0.00
65.00
61.00
67.00
54.00
21.00
151.00
64.00
70.00
1.00
97.00
48.00
68.00
0.00
2.00
6.00
104.00
108.00
36.00
36.00
3.00
10.00
21.00
250.00
81.00
24.00
6.00
53.00
8.00
7.00
21.00
61.00
173.00
0.00
0.00
3.00
57.00
54.00
86.00
96.00
134.00
190.00
3.00
7.00
80.00
55.00
123.00
205.00
91.00
3.00
0.00
3.00
86.00
55.00
3.00
6.00
6.00
1.00
13.00
34.00
76.00
5.00
4.00
12.00
10.00
0.00
8.00
540.00
4.00
0.00
37.00
3.00
40.00
21.00
29.00
13.00
33.00
24.00
81.00
2.00
2.00
3.00
22.00
5.00
3.00
0.00
15.00
170.00
8.00
31.00
3.00
2.00
12.00
52.00
165.00
20.00
29.00
90.00
202.00
81.00
8.00
6.00
1.00
108.00
4.00
17.00
1.00
0.00
12.00
0.00
28.00
0.00
0.00
38.00
0.00
8.00
49.00
8.00
51.00
10.00
81.00
0.00
0.00
0.00
1.00
1.00
0.00
0.00
0.00
0.00
0.00
4.00
0.00
0.00
0.00
11.00
23.00
37.00
13.00
0.00
0.00
44.00
1.00
46.00
225.00
159.00
0.00
0.00
0.00
0.00
0.00
0.00
0.00
0.00
0.00
0.00
0.00
0.00
0.00
0.00
0.00
0.00
2.00
0.00
0.00
0.00
0.00
0.00
0.00
0.00
0.00
0.00
0.00
0.00
0.00
0.00
0.00
0.00
0.00
0.00
0.00
0.00
0.00
0.00
0.00
0.00
0.00
0.00
0.00
0.00
0.00
0.00
0.00
0.00
0.00
0.00
0.00
0.00
0.00
0.00
0.00
0.00
0.00
0.00
0.00
0.00
0.00
0.00
0.00
0.00
0.00
0.00
0.00
0.00
0.00
0.00
0.00
0.00
0.00
0.00
0.00
0.00
0.00
0.00
0.00
0.00
0.00
25.00
0.00
0.00
0.00
0.00
0.00
0.00
0.00
0.00
0.00
0.00
0.00
0.00
0.00
0.00
0.00
0.00
0.00
0.00
0.00
0.00
0.00
0.00
0.00
0.00
0.00
0.00
0.00
0.00
0.00
0.00
0.00
0.00
0.00
0.00
0.00
0.00
5.00
9.00
0.00
144.00
0.00
71.00
37.00
4.00
0.00
0.00
0.00
0.00
0.00
90.00
1.00
45.00
0.00
0.00
0.00
0.00
24.00
0.00
0.00
0.00
30.00
103.00
16.00
2.00
0.00
410.00
204.00
19.00
0.00
0.00
0.00
0.00
0.00
0.00
0.00
0.00
1.00
39.00
11.00
12.00
0.00
160.00
13.00
196.00
69.00
126.00
84.00
96.00
0.00
0.00
0.00
0.00
0.00
9.00
0.00
0.00
0.00
0.00
22.00
0.00
0.00
72.00
0.00
0.00
1.00
38.00
17.00
119.00
4.00
13.00
0.00
0.00
0.00
39.00
0.00
0.00
0.00
0.00
0.00
204.00
32.00
126.00
228.00
9.00
30.00
8.00
161.00
20.00
0.00
34.00
29.00
124.00
106.00
79.00
111.00
17.00
191.00
0.00
127.00
2.00
9.00
2.00
110.00
3.00
0.00
24.00
10.00
0.00
29.00
112.00
34.00
14.00
202.00
91.00
40.00
3.00
38.00
32.00
113.00
0.00
14.00
38.00
67.00
20.00
219.00
41.00
261.00
19.00
91.00
20.00
154.00
171.00
84.00
81.00
57.00
15.00
57.00
90.00
37.00
24.00
13.00
202.00
127.00
11.00
40.00
7.00
47.00
26.00
79.00
58.00
76.00
0.00
7.00
1.00
27.00
33.00
20.00
6.00
6.00
67.00
93.00
21.00
12.00
4.00
14.00
14.00
28.00
14.00
20.00
53.00
425.00
20.00
2.00
22.00
51.00
43.00
15.00
9.00
0.00
2.00
5.00
47.00
35.00
39.00
9.00
128.00
14.00
45.00
265.00
31.00
2.00
102.00
319.00
31.00
59.00
98.00
0.00
30.00
3.00
6.00
41.00
422.00
42.00
48.00
0.00
1.00
18.00
104.00
5.00
1.00
4.00
4.00
0.00
12.00
106.00
2.00
0.00
56.00
0.00
0.00
0.00
0.00
0.00
3.00
31.00
25.00
60.00
4.00
0.00
0.00
16.00
0.00
0.00
2.00
67.00
198.00
1.00
0.00
0.00
0.00
0.00
0.00
0.00
0.00
36.00
0.00
0.00
0.00
0.00
0.00
3.00
209.00
7.00
8.00
0.00
0.00
0.00
0.00
0.00
0.00
0.00
0.00
0.00
0.00
0.00
0.00
0.00
0.00
0.00
0.00
0.00
0.00
0.00
24.00
424.00
182.00
61.00
0.00
0.00
0.00
0.00
0.00
0.00
0.00
0.00
0.00
0.00
0.00
0.00
0.00
0.00
0.00
0.00
0.00
0.00
0.00
0.00
25.00
341.00
198.00
0.00
0.00
0.00
0.00
0.00
0.00
0.00
0.00
0.00
0.00
0.00
0.00
0.00
0.00
0.00
0.00
0.00
0.00
0.00
0.00
0.00
0.00
0.00
0.00
0.00
0.00
0.00
0.00
0.00
0.00
0.00
0.00
0.00
0.00
0.00
0.00
7.00
77.00
5.00
5.00
0.00
0.00
0.00
0.00
0.00
0.00
0.00
0.00
0.00
0.00
0.00
0.00
0.00
0.00
35.00
0.00
0.00
0.00
0.00
0.00
0.00
0.00
0.00
0.00
0.00
0.00
0.00
0.00
0.00
77.00
0.00
0.00
0.00
292.00
0.00
0.00
0.00
0.00
0.00
0.00
0.00
0.00
0.00
0.00
0.00
0.00
80.00
26.00
0.00
156.00
58.00
28.00
0.00
0.00
32.00
81.00
0.00
15.00
0.00
45.00
0.00
0.00
0.00
0.00
8.00
12.00
27.00
1.00
42.00
4.00
0.00
0.00
0.00
13.00
26.00
0.00
118.00
60.00
2.00
76.00
0.00
8.00
208.00
441.00
552.00
235.00
104.00
223.00
649.00
4.00
70.00
2.00
0.00
6.00
0.00
0.00
0.00
1.00
0.00
38.00
19.00
0.00
0.00
0.00
0.00
0.00
54.00
0.00
0.00
7.00
70.00
330.00
541.00
172.00
13.00
0.00
39.00
62.00
190.00
360.00
242.00
3.00
21.00
21.00
0.00
0.00
23.00
1.00
6.00
2.00
38.00
45.00
3.00
11.00
57.00
20.00
60.00
2.00
11.00
4.00
6.00
0.00
0.00
2.00
0.00
2.00
0.00
28.00
72.00
53.00
40.00
45.00
4.00
29.00
11.00
5.00
5.00
78.00
33.00
271.00
32.00
4.00
35.00
7.00
0.00
56.00
20.00
74.00
320.00
64.00
1.00
0.00
0.00
23.00
102.00
61.00
2.00
5.00
93.00
10.00
73.00
61.00
15.00
66.00
33.00
8.00
4.00
19.00
22.00
90.00
13.00
1.00
49.00
2.00
29.00
30.00
6.00
20.00
1.00
65.00
14.00
31.00
7.00
1.00
14.00
0.00
3.00
0.00
18.00
257.00
14.00
0.00
0.00
0.00
14.00
59.00
0.00
15.00
57.00
169.00
3.00
26.00
4.00
110.00
29.00
4.00
5.00
50.00
0.00
0.00
0.00
0.00
0.00
0.00
0.00
0.00
0.00
14.00
0.00
217.00
184.00
563.00
399.00
62.00
0.00
0.00
0.00
0.00
0.00
0.00
0.00
0.00
0.00
0.00
0.00
0.00
0.00
133.00
33.00
106.00
63.00
51.00
0.00
0.00
0.00
0.00
0.00
0.00
0.00
0.00
0.00
0.00
0.00
0.00
3.00
3.00
0.00
0.00
0.00
0.00
0.00
0.00
0.00
0.00
0.00
0.00
0.00
0.00
0.00
0.00
0.00
0.00
0.00
0.00
0.00
0.00
0.00
1.00
0.00
0.00
0.00
0.00
4.00
0.00
0.00
3.00
3.00
6.00
11.00
44.00
0.00
0.00
0.00
0.00
0.00
0.00
0.00
0.00
0.00
0.00
0.00
0.00
0.00
0.00
0.00
0.00
0.00
0.00
0.00
0.00
0.00
0.00
0.00
0.00
0.00
0.00
0.00
0.00
0.00
0.00
0.00
0.00
0.00
0.00
0.00
0.00
0.00
0.00
0.00
0.00
0.00
0.00
0.00
0.00
0.00
0.00
0.00
0.00
0.00
0.00
0.00
0.00
0.00
0.00
0.00
0.00
0.00
0.00
0.00
0.00
0.00
0.00
0.00
0.00
0.00
0.00
0.00
0.00
99.80
130.70
37.00
53.30
0.00
0.00
0.00
0.40
24.60
0.10
0.00
0.00
0.00
0.00
0.00
0.00
0.00
0.00
0.00
0.00
0.00
0.00
0.00
0.00
0.00
0.00
0.00
0.00
0.00
0.00
0.00
0.00
0.00
0.00
75.20
11.90
18.80
11.50
0.00
5.90
4.70
1.20
23.80
72.10
0.00
0.00
0.00
0.00
0.00
0.00
0.00
0.00
0.00
0.00
0.00
0.00
0.50
0.00
0.00
0.00
0.00
0.00
0.00
0.00
0.00
0.00
0.10
4.00
0.20
0.00
0.00
0.00
0.00
0.00
0.00
0.00
0.00
2.00
13.80
0.10
7.90
12.70
0.00
0.00
0.00
0.00
1.00
1.00
53.10
0.00
0.00
0.00
0.00
0.00
0.00
0.30
0.60
0.00
0.40
4.10
0.10
7.80
1.80
4.20
1.80
20.60
0.90
0.00
0.70
11.20
3.00
0.10
0.00
8.50
2.30
5.00
3.30
0.20
1.80
4.00
0.70
1.90
1.40
0.20
3.70
1.00
7.00
0.00
0.00
1.60
0.30
3.80
3.50
2.70
0.80
0.80
17.10
17.10
6.90
1.30
1.30
0.00
0.00
1.30
1.30
1.30
0.60
14.60
5.70
0.90
12.60
25.30
1.90
1.90
1.10
5.80
2.80
3.20
10.90
1.90
1.10
47.00
2.20
9.60
10.30
0.40
8.00
16.20
1.10
1.30
4.30
0.00
0.10
2.00
0.40
0.90
1.90
3.20
1.90
9.50
26.90
0.10
0.20
1.10
13.70
0.90
2.70
18.10
12.30
1.80
0.90
1.30
1.40
1.30
3.20
2.30
0.00
4.70
6.10
3.50
1.10
0.60
18.00
3.30
0.60
3.00
15.60
7.50
11.40
11.10
11.30
45.30
14.70
5.20
1.20
2.70
16.70
0.50
0.50
1.00
0.00
0.20
0.80
4.70
4.90
4.10
1.00
2.80
0.40
0.00
0.00
8.00
14.90
2.50
0.90
0.00
1.30
0.00
1.40
4.40
2.60
0.40
0.00
1.90
