20160101
0.00
0.00
0.00
0.00
0.00
0.00
0.00
0.00
37.00
0.00
0.00
0.00
0.00
0.00
0.00
0.00
0.00
0.00
0.00
0.00
1.00
0.00
0.00
0.00
0.00
0.00
0.00
0.00
0.00
0.00
0.00
0.00
0.00
0.00
0.00
0.00
0.00
0.00
0.00
0.00
0.00
0.00
0.00
0.00
0.00
0.00
0.00
0.00
0.00
0.00
0.00
0.00
1.00
30.00
31.00
0.00
27.00
0.00
0.00
0.00
0.00
0.00
1.00
0.00
0.00
13.00
0.00
0.00
0.00
0.00
0.00
0.00
0.00
0.00
0.00
11.00
0.00
0.00
15.00
0.00
2.00
0.00
24.00
0.00
0.00
0.00
0.00
234.00
0.00
85.00
487.00
144.00
31.00
50.00
181.00
72.00
0.00
0.00
0.00
0.00
0.00
0.00
0.00
0.00
60.00
81.00
76.00
71.00
1.00
2.00
3.00
77.00
11.00
0.00
0.00
270.00
0.00
37.00
0.00
0.00
23.00
82.00
134.00
18.00
96.00
1.00
8.00
0.00
0.00
0.00
0.00
0.00
97.00
1.00
1.00
13.00
0.00
197.00
256.00
61.00
354.00
643.00
0.00
51.00
107.00
30.00
0.00
0.00
70.00
26.00
0.00
54.00
0.00
1.00
118.00
378.00
88.00
40.00
34.00
11.00
48.00
287.00
10.00
31.00
75.00
0.00
25.00
16.00
379.00
8.00
7.00
24.00
25.00
94.00
5.00
58.00
22.00
78.00
23.00
40.00
54.00
17.00
111.00
1.00
97.00
4.00
4.00
3.00
91.00
35.00
40.00
19.00
38.00
14.00
4.00
24.00
128.00
70.00
8.00
2.00
1.00
4.00
1.00
38.00
34.00
28.00
310.00
14.00
0.00
65.00
136.00
5.00
29.00
46.00
21.00
13.00
7.00
42.00
77.00
150.00
79.00
7.00
9.00
1.00
79.00
206.00
125.00
2.00
2.00
2.00
4.00
3.00
455.00
22.00
0.00
39.00
0.00
180.00
3.00
47.00
24.00
10.00
246.00
57.00
15.00
0.00
50.00
11.00
9.00
37.00
1.00
6.00
24.00
5.00
49.00
111.00
49.00
8.00
207.00
314.00
53.00
10.00
31.00
157.00
73.00
22.00
225.00
20.00
18.00
3.00
400.00
0.00
12.00
234.00
4.00
75.00
0.00
47.00
331.00
49.00
64.00
1.00
0.00
1.00
61.00
218.00
0.00
0.00
0.00
0.00
0.00
0.00
0.00
0.00
0.00
0.00
0.00
3.00
2.00
0.00
38.00
34.00
54.00
1.00
0.00
0.00
6.00
1.00
116.00
414.00
194.00
0.00
0.00
0.00
0.00
0.00
0.00
0.00
0.00
0.00
0.00
0.00
0.00
0.00
0.00
0.00
0.00
0.00
0.00
0.00
0.00
0.00
0.00
0.00
0.00
0.00
1.00
0.00
0.00
0.00
0.00
0.00
0.00
0.00
0.00
0.00
0.00
0.00
0.00
0.00
0.00
0.00
0.00
0.00
0.00
0.00
0.00
0.00
0.00
0.00
0.00
0.00
0.00
0.00
0.00
0.00
0.00
0.00
0.00
0.00
0.00
0.00
0.00
0.00
0.00
0.00
0.00
0.00
0.00
0.00
0.00
0.00
0.00
0.00
0.00
0.00
0.00
0.00
0.00
0.00
0.00
0.00
6.00
0.00
0.00
0.00
0.00
0.00
0.00
0.00
0.00
0.00
0.00
0.00
0.00
0.00
0.00
0.00
0.00
0.00
0.00
0.00
0.00
0.00
0.00
0.00
0.00
0.00
0.00
0.00
0.00
0.00
0.00
0.00
0.00
0.00
0.00
0.00
0.00
100.00
21.00
2.00
224.00
0.00
220.00
26.00
0.00
0.00
0.00
0.00
0.00
0.00
189.00
0.00
82.00
0.00
0.00
0.00
0.00
61.00
0.00
0.00
0.00
39.00
146.00
6.00
0.00
0.00
603.00
496.00
96.00
0.00
0.00
0.00
0.00
0.00
0.00
0.00
0.00
0.00
39.00
1.00
11.00
1.00
284.00
224.00
100.00
148.00
165.00
77.00
47.00
0.00
0.00
9.00
3.00
52.00
102.00
0.00
0.00
0.00
0.00
5.00
0.00
0.00
77.00
0.00
0.00
0.00
49.00
6.00
325.00
10.00
32.00
0.00
12.00
0.00
156.00
0.00
0.00
0.00
0.00
15.00
89.00
155.00
169.00
425.00
21.00
236.00
59.00
147.00
172.00
0.00
162.00
146.00
963.00
609.00
461.00
101.00
229.00
185.00
0.00
136.00
29.00
32.00
23.00
50.00
0.00
0.00
37.00
117.00
20.00
126.00
231.00
106.00
101.00
55.00
277.00
35.00
2.00
46.00
34.00
142.00
12.00
1.00
2.00
20.00
13.00
38.00
28.00
338.00
212.00
199.00
22.00
49.00
76.00
42.00
17.00
60.00
18.00
108.00
193.00
45.00
47.00
53.00
151.00
116.00
89.00
55.00
4.00
2.00
239.00
67.00
67.00
24.00
0.00
1.00
0.00
41.00
184.00
36.00
5.00
3.00
42.00
26.00
6.00
8.00
29.00
106.00
68.00
99.00
138.00
39.00
83.00
318.00
1.00
99.00
69.00
97.00
153.00
2.00
5.00
15.00
0.00
3.00
18.00
139.00
12.00
0.00
56.00
0.00
0.00
20.00
118.00
56.00
34.00
143.00
120.00
88.00
30.00
15.00
0.00
21.00
8.00
34.00
335.00
70.00
231.00
2.00
1.00
40.00
155.00
67.00
11.00
30.00
47.00
9.00
25.00
1.00
11.00
6.00
10.00
3.00
0.00
0.00
0.00
13.00
296.00
147.00
102.00
547.00
0.00
0.00
0.00
0.00
0.00
0.00
14.00
282.00
126.00
0.00
0.00
0.00
0.00
0.00
0.00
0.00
0.00
0.00
0.00
0.00
0.00
40.00
0.00
3.00
177.00
49.00
14.00
0.00
0.00
0.00
0.00
0.00
0.00
0.00
0.00
0.00
0.00
0.00
0.00
0.00
0.00
0.00
0.00
0.00
0.00
1.00
45.00
466.00
178.00
142.00
0.00
0.00
0.00
0.00
0.00
0.00
0.00
0.00
27.00
0.00
0.00
0.00
0.00
0.00
0.00
0.00
0.00
0.00
0.00
0.00
41.00
209.00
115.00
0.00
0.00
0.00
0.00
0.00
0.00
0.00
0.00
0.00
0.00
0.00
0.00
0.00
0.00
0.00
0.00
0.00
0.00
0.00
0.00
0.00
0.00
0.00
0.00
0.00
0.00
0.00
0.00
0.00
0.00
0.00
0.00
0.00
0.00
0.00
13.00
4.00
174.00
0.00
39.00
0.00
0.00
0.00
0.00
0.00
0.00
0.00
0.00
0.00
0.00
0.00
0.00
0.00
0.00
202.00
0.00
0.00
0.00
0.00
0.00
0.00
3.00
0.00
0.00
0.00
0.00
0.00
0.00
0.00
150.00
0.00
0.00
0.00
197.00
6.00
0.00
0.00
0.00
0.00
0.00
0.00
0.00
0.00
0.00
0.00
0.00
69.00
74.00
0.00
5.00
346.00
0.00
42.00
1.00
5.00
86.00
0.00
0.00
0.00
9.00
0.00
4.00
0.00
0.00
86.00
8.00
5.00
4.00
162.00
3.00
0.00
2.00
20.00
86.00
81.00
126.00
88.00
222.00
2.00
98.00
4.00
34.00
243.00
548.00
612.00
358.00
278.00
351.00
362.00
0.00
14.00
1.00
0.00
1.00
3.00
0.00
0.00
10.00
0.00
0.00
2.00
179.00
0.00
0.00
0.00
20.00
69.00
19.00
12.00
0.00
33.00
465.00
817.00
296.00
17.00
615.00
267.00
143.00
321.00
676.00
359.00
172.00
164.00
107.00
0.00
0.00
6.00
1.00
2.00
24.00
25.00
9.00
3.00
4.00
63.00
49.00
13.00
3.00
0.00
6.00
79.00
7.00
2.00
6.00
3.00
115.00
1.00
17.00
51.00
71.00
38.00
53.00
42.00
51.00
7.00
18.00
4.00
23.00
9.00
61.00
9.00
14.00
16.00
5.00
0.00
39.00
10.00
91.00
95.00
138.00
9.00
1.00
0.00
61.00
98.00
39.00
1.00
226.00
72.00
4.00
93.00
129.00
23.00
104.00
81.00
19.00
105.00
10.00
17.00
43.00
52.00
0.00
56.00
40.00
68.00
86.00
6.00
6.00
4.00
7.00
182.00
15.00
0.00
8.00
10.00
0.00
8.00
0.00
62.00
269.00
20.00
1.00
0.00
0.00
1.00
148.00
0.00
23.00
203.00
36.00
0.00
47.00
0.00
117.00
34.00
1.00
2.00
7.00
1.00
3.00
0.00
0.00
0.00
0.00
0.00
0.00
0.00
3.00
14.00
146.00
131.00
557.00
398.00
51.00
0.00
0.00
0.00
0.00
0.00
0.00
0.00
1.00
0.00
0.00
0.00
0.00
0.00
87.00
80.00
142.00
93.00
27.00
0.00
0.00
10.00
0.00
0.00
0.00
0.00
0.00
0.00
0.00
0.00
2.00
0.00
0.00
0.00
0.00
0.00
0.00
0.00
0.00
0.00
0.00
0.00
0.00
0.00
0.00
0.00
0.00
0.00
0.00
0.00
0.00
0.00
0.00
0.00
0.00
0.00
0.00
0.00
0.00
0.00
0.00
0.00
1.00
0.00
40.00
43.00
91.00
0.00
0.00
0.00
0.00
0.00
0.00
0.00
0.00
0.00
0.00
0.00
0.00
0.00
0.00
0.00
0.00
0.00
0.00
0.00
0.00
0.00
0.00
0.00
0.00
0.00
0.00
0.00
0.00
0.00
0.00
0.00
0.00
0.00
0.00
0.00
0.00
0.00
0.00
0.00
0.00
0.00
4.00
0.00
0.00
0.00
0.00
0.00
0.00
0.00
0.00
0.00
0.00
0.00
0.00
0.00
0.00
0.00
0.00
0.00
1.00
2.00
0.00
0.00
0.00
0.00
0.00
0.00
0.00
160.30
187.20
104.20
51.90
0.00
0.00
0.00
6.90
43.20
0.00
0.00
0.00
0.00
0.00
0.00
0.00
0.00
0.00
0.00
0.20
36.10
1.50
0.10
0.00
0.00
0.00
0.00
0.00
0.00
0.00
0.00
0.00
0.00
0.00
104.10
34.20
76.40
25.80
0.00
2.70
5.90
0.10
30.70
36.20
0.80
0.80
0.00
0.00
0.00
0.00
0.00
0.00
0.00
0.00
0.00
0.00
1.50
0.00
0.00
0.00
0.00
0.00
0.00
0.20
0.00
0.00
0.10
0.10
9.60
0.00
0.00
0.00
0.00
0.00
0.00
0.00
0.00
0.10
2.20
0.30
2.00
8.40
1.90
0.40
0.40
0.00
3.10
3.10
50.30
4.70
0.60
0.00
0.00
0.00
0.00
23.80
2.90
0.00
1.70
5.30
0.60
5.20
9.20
0.60
3.00
0.70
0.40
19.00
8.70
7.10
1.70
0.00
0.00
10.30
24.60
29.00
2.50
0.60
0.30
4.30
3.40
7.30
3.60
0.10
1.80
0.40
3.10
7.90
0.00
10.70
2.60
6.60
7.10
4.50
4.70
4.70
10.80
10.80
9.30
4.20
4.20
0.20
10.10
4.20
4.20
4.20
0.20
1.40
1.00
0.30
25.60
7.70
10.50
5.30
0.60
10.10
1.40
6.80
4.30
31.40
0.40
34.30
11.80
5.70
2.60
0.30
0.60
2.60
2.30
4.90
6.40
4.60
0.60
0.90
0.00
5.10
9.40
0.30
2.10
19.50
37.80
0.90
1.00
0.50
8.50
0.00
0.80
2.50
7.50
0.10
0.10
3.40
13.40
7.20
3.20
0.60
1.00
3.80
9.00
1.60
1.30
0.00
12.30
4.50
3.10
1.50
9.40
5.40
10.10
25.30
25.80
28.10
14.10
3.50
5.20
18.50
17.30
6.60
6.60
0.30
0.00
0.00
0.10
2.30
7.10
7.90
6.50
6.10
0.00
0.00
0.00
1.60
16.10
0.00
0.50
0.10
0.00
0.00
0.90
7.20
3.00
1.10
0.50
2.30
