20160101
0.00
0.00
0.00
0.00
0.00
0.00
0.00
0.00
0.00
0.00
0.00
0.00
0.00
0.00
0.00
0.00
0.00
0.00
0.00
1.00
22.00
0.00
0.00
0.00
0.00
2.00
0.00
0.00
0.00
0.00
0.00
0.00
0.00
0.00
0.00
0.00
0.00
0.00
0.00
0.00
0.00
0.00
0.00
0.00
0.00
0.00
0.00
0.00
0.00
4.00
34.00
2.00
22.00
9.00
91.00
0.00
15.00
6.00
0.00
0.00
0.00
0.00
0.00
0.00
0.00
1.00
0.00
0.00
41.00
11.00
0.00
0.00
0.00
0.00
0.00
9.00
0.00
0.00
0.00
0.00
9.00
0.00
1.00
0.00
0.00
0.00
0.00
135.00
5.00
103.00
117.00
12.00
0.00
7.00
39.00
134.00
14.00
1.00
0.00
0.00
0.00
0.00
0.00
0.00
22.00
26.00
201.00
45.00
0.00
14.00
17.00
40.00
55.00
16.00
0.00
32.00
3.00
2.00
6.00
3.00
0.00
17.00
6.00
0.00
7.00
10.00
0.00
0.00
0.00
0.00
1.00
0.00
262.00
3.00
1.00
40.00
1.00
72.00
288.00
53.00
123.00
470.00
8.00
23.00
25.00
0.00
0.00
2.00
0.00
14.00
2.00
32.00
0.00
6.00
16.00
0.00
103.00
55.00
167.00
81.00
86.00
187.00
48.00
22.00
4.00
20.00
73.00
113.00
14.00
95.00
105.00
258.00
23.00
293.00
2.00
69.00
6.00
7.00
1.00
1.00
11.00
21.00
616.00
206.00
37.00
9.00
3.00
9.00
90.00
118.00
27.00
2.00
5.00
23.00
3.00
46.00
329.00
284.00
9.00
0.00
7.00
132.00
55.00
156.00
185.00
226.00
183.00
0.00
2.00
17.00
41.00
219.00
303.00
2.00
50.00
3.00
35.00
175.00
115.00
118.00
128.00
79.00
84.00
38.00
4.00
156.00
30.00
50.00
106.00
26.00
0.00
11.00
820.00
1.00
0.00
65.00
0.00
141.00
0.00
29.00
1.00
0.00
78.00
42.00
17.00
0.00
5.00
22.00
8.00
0.00
1.00
13.00
597.00
220.00
103.00
5.00
20.00
0.00
0.00
39.00
182.00
0.00
80.00
337.00
52.00
46.00
4.00
0.00
4.00
8.00
69.00
0.00
2.00
0.00
1.00
14.00
0.00
0.00
105.00
8.00
4.00
0.00
0.00
46.00
0.00
23.00
81.00
31.00
0.00
0.00
0.00
21.00
0.00
0.00
0.00
0.00
0.00
0.00
0.00
0.00
509.00
89.00
42.00
112.00
0.00
0.00
38.00
0.00
28.00
160.00
92.00
0.00
0.00
0.00
0.00
0.00
0.00
0.00
0.00
0.00
0.00
0.00
0.00
0.00
0.00
0.00
0.00
0.00
0.00
0.00
0.00
0.00
0.00
0.00
0.00
15.00
1.00
0.00
0.00
0.00
0.00
0.00
0.00
0.00
0.00
0.00
0.00
0.00
0.00
0.00
0.00
0.00
0.00
0.00
0.00
0.00
0.00
0.00
0.00
0.00
0.00
0.00
0.00
0.00
0.00
0.00
0.00
0.00
1.00
0.00
0.00
0.00
0.00
0.00
0.00
0.00
0.00
0.00
0.00
0.00
0.00
0.00
0.00
0.00
0.00
0.00
0.00
0.00
0.00
0.00
0.00
0.00
8.00
0.00
0.00
0.00
0.00
0.00
0.00
0.00
0.00
0.00
0.00
0.00
0.00
0.00
0.00
0.00
0.00
0.00
0.00
0.00
0.00
0.00
0.00
0.00
0.00
0.00
0.00
6.00
0.00
0.00
0.00
0.00
0.00
0.00
0.00
0.00
0.00
1.00
10.00
0.00
113.00
0.00
13.00
18.00
1.00
0.00
0.00
0.00
0.00
0.00
38.00
0.00
15.00
0.00
0.00
0.00
0.00
31.00
0.00
0.00
7.00
28.00
151.00
14.00
22.00
3.00
204.00
92.00
1.00
0.00
0.00
0.00
0.00
0.00
0.00
0.00
0.00
0.00
16.00
7.00
10.00
1.00
44.00
17.00
42.00
31.00
99.00
46.00
10.00
0.00
0.00
1.00
0.00
0.00
30.00
0.00
0.00
0.00
0.00
47.00
0.00
0.00
139.00
0.00
0.00
17.00
51.00
15.00
69.00
6.00
1.00
0.00
4.00
0.00
0.00
7.00
0.00
0.00
11.00
275.00
176.00
24.00
170.00
131.00
2.00
40.00
5.00
29.00
11.00
21.00
0.00
0.00
38.00
59.00
271.00
90.00
42.00
60.00
0.00
11.00
134.00
13.00
0.00
110.00
14.00
40.00
151.00
15.00
0.00
0.00
1.00
10.00
67.00
325.00
141.00
203.00
23.00
181.00
103.00
20.00
0.00
6.00
235.00
352.00
114.00
259.00
4.00
80.00
1.00
54.00
32.00
571.00
268.00
489.00
173.00
2.00
226.00
120.00
27.00
13.00
41.00
9.00
182.00
85.00
70.00
51.00
25.00
9.00
15.00
45.00
202.00
72.00
5.00
11.00
158.00
20.00
57.00
60.00
47.00
46.00
137.00
252.00
12.00
29.00
2.00
13.00
88.00
45.00
1.00
0.00
272.00
940.00
144.00
3.00
11.00
89.00
54.00
67.00
1.00
0.00
5.00
38.00
8.00
19.00
39.00
57.00
392.00
840.00
17.00
221.00
297.00
1.00
262.00
648.00
200.00
56.00
187.00
0.00
23.00
10.00
15.00
7.00
204.00
58.00
71.00
0.00
26.00
32.00
4.00
8.00
0.00
24.00
5.00
0.00
11.00
10.00
0.00
57.00
59.00
0.00
0.00
8.00
0.00
5.00
42.00
12.00
30.00
38.00
17.00
0.00
0.00
0.00
0.00
0.00
0.00
13.00
69.00
2.00
0.00
0.00
0.00
0.00
0.00
0.00
0.00
0.00
0.00
0.00
0.00
24.00
0.00
0.00
59.00
16.00
10.00
0.00
0.00
0.00
0.00
0.00
0.00
0.00
0.00
0.00
0.00
0.00
0.00
0.00
0.00
0.00
0.00
0.00
0.00
0.00
0.00
253.00
112.00
28.00
0.00
0.00
0.00
0.00
0.00
0.00
0.00
0.00
0.00
0.00
0.00
0.00
0.00
0.00
0.00
0.00
0.00
0.00
0.00
0.00
9.00
189.00
303.00
8.00
0.00
0.00
0.00
0.00
0.00
0.00
0.00
0.00
0.00
0.00
0.00
0.00
0.00
0.00
0.00
0.00
0.00
0.00
0.00
0.00
0.00
0.00
0.00
0.00
0.00
0.00
0.00
0.00
0.00
0.00
0.00
0.00
0.00
0.00
2.00
2.00
35.00
0.00
0.00
0.00
8.00
0.00
0.00
0.00
0.00
0.00
0.00
0.00
0.00
0.00
0.00
0.00
0.00
18.00
0.00
0.00
0.00
0.00
0.00
0.00
0.00
0.00
0.00
0.00
0.00
0.00
0.00
0.00
27.00
0.00
0.00
49.00
131.00
0.00
0.00
0.00
0.00
0.00
0.00
0.00
0.00
0.00
0.00
0.00
0.00
5.00
16.00
0.00
35.00
26.00
0.00
241.00
0.00
1.00
18.00
0.00
1.00
0.00
0.00
1.00
2.00
5.00
0.00
87.00
9.00
4.00
0.00
15.00
0.00
0.00
0.00
0.00
0.00
0.00
14.00
73.00
51.00
4.00
16.00
0.00
14.00
21.00
44.00
183.00
63.00
383.00
156.00
189.00
17.00
44.00
0.00
22.00
15.00
1.00
0.00
1.00
13.00
8.00
38.00
87.00
106.00
0.00
5.00
70.00
77.00
133.00
4.00
6.00
11.00
36.00
128.00
366.00
135.00
14.00
0.00
26.00
51.00
126.00
224.00
178.00
18.00
11.00
17.00
0.00
0.00
98.00
3.00
13.00
10.00
28.00
208.00
9.00
19.00
36.00
9.00
8.00
26.00
4.00
28.00
13.00
2.00
0.00
16.00
0.00
3.00
44.00
82.00
30.00
5.00
22.00
178.00
14.00
55.00
0.00
5.00
1.00
105.00
21.00
756.00
157.00
59.00
139.00
11.00
29.00
511.00
52.00
58.00
547.00
173.00
3.00
0.00
6.00
15.00
520.00
110.00
3.00
21.00
56.00
40.00
118.00
72.00
87.00
182.00
26.00
2.00
23.00
31.00
73.00
26.00
4.00
66.00
90.00
29.00
4.00
46.00
39.00
9.00
3.00
19.00
4.00
89.00
25.00
20.00
48.00
0.00
0.00
0.00
80.00
166.00
122.00
1.00
0.00
3.00
40.00
22.00
0.00
0.00
49.00
154.00
0.00
18.00
0.00
88.00
60.00
2.00
1.00
44.00
249.00
0.00
0.00
127.00
2.00
0.00
16.00
0.00
0.00
10.00
0.00
133.00
46.00
387.00
311.00
24.00
0.00
0.00
0.00
0.00
0.00
0.00
0.00
0.00
0.00
0.00
0.00
0.00
0.00
134.00
13.00
36.00
33.00
38.00
0.00
0.00
0.00
0.00
0.00
0.00
0.00
0.00
0.00
0.00
0.00
2.00
0.00
2.00
0.00
0.00
0.00
0.00
0.00
0.00
0.00
0.00
0.00
0.00
0.00
0.00
0.00
0.00
0.00
0.00
0.00
0.00
0.00
0.00
0.00
19.00
0.00
0.00
0.00
0.00
4.00
0.00
0.00
4.00
0.00
10.00
6.00
1.00
0.00
0.00
0.00
0.00
0.00
0.00
0.00
0.00
0.00
0.00
0.00
0.00
0.00
0.00
0.00
0.00
0.00
0.00
0.00
2.00
0.00
0.00
0.00
0.00
0.00
0.00
0.00
0.00
0.00
0.00
0.00
0.00
0.00
0.00
0.00
0.00
0.00
0.00
0.00
0.00
0.00
9.00
0.00
0.00
0.00
0.00
0.00
0.00
0.00
0.00
0.00
0.00
0.00
0.00
0.00
0.00
0.00
0.00
0.00
1.00
0.00
0.00
0.00
0.00
0.00
0.00
0.00
0.00
92.00
132.80
34.60
43.00
1.30
0.00
0.00
0.00
17.60
0.00
0.00
0.00
0.00
0.00
0.00
0.00
0.00
0.00
0.00
0.20
0.00
2.70
0.00
0.00
0.00
0.00
0.00
0.00
0.00
0.00
5.70
0.00
0.00
0.00
26.50
4.20
34.10
3.50
0.00
4.30
6.20
0.20
12.40
15.70
1.20
0.00
0.00
0.00
0.00
0.30
0.00
0.00
0.00
0.00
0.00
0.00
1.40
0.00
0.00
0.00
0.00
0.00
0.50
0.00
0.00
0.00
1.40
10.80
2.30
0.00
0.00
0.00
0.00
0.00
0.00
0.00
0.00
0.10
2.40
0.00
1.40
0.00
0.00
0.00
0.00
0.00
0.00
0.00
3.40
0.10
0.00
0.00
0.00
0.00
0.00
0.00
0.20
0.40
0.60
5.00
8.30
6.50
5.80
1.90
16.40
39.70
9.00
7.90
10.20
20.50
0.30
0.00
0.00
21.00
13.90
0.70
0.00
17.00
0.70
15.60
7.50
5.00
0.30
0.40
1.60
1.00
0.00
1.20
3.60
9.10
0.20
0.00
0.10
4.80
0.60
0.60
6.10
6.10
13.20
5.40
5.40
0.20
0.00
5.40
5.40
5.40
2.10
23.60
7.70
12.10
11.40
12.50
0.10
0.00
5.80
15.70
27.30
19.30
10.90
0.00
0.60
65.60
0.90
0.00
0.70
0.00
5.70
16.40
41.00
34.30
0.30
0.80
6.80
0.80
0.90
2.20
0.40
4.90
10.10
98.40
36.00
0.00
0.60
0.00
148.20
0.00
1.20
15.70
17.00
4.40
1.40
4.40
1.80
0.10
0.20
10.50
2.10
1.50
1.50
0.40
1.00
4.80
12.80
13.00
6.30
0.10
0.20
0.70
14.60
13.50
0.10
23.80
13.50
0.00
0.00
0.10
2.60
0.90
0.90
12.60
2.20
1.30
1.30
6.80
12.50
3.20
1.80
3.70
0.60
0.00
0.00
2.50
20.20
0.00
0.00
0.00
0.00
0.00
0.80
0.80
5.60
4.30
4.20
13.20
