20160101
0.00
0.00
0.00
0.00
0.00
0.00
0.00
0.00
4.00
0.00
0.00
0.00
1.00
0.00
0.00
0.00
0.00
0.00
0.00
1.00
1.00
0.00
0.00
0.00
0.00
0.00
0.00
0.00
0.00
0.00
0.00
0.00
0.00
0.00
0.00
0.00
0.00
0.00
0.00
0.00
0.00
0.00
0.00
0.00
0.00
0.00
0.00
0.00
0.00
0.00
0.00
0.00
0.00
69.00
20.00
0.00
16.00
1.00
0.00
0.00
0.00
0.00
0.00
0.00
0.00
20.00
0.00
1.00
0.00
0.00
0.00
0.00
0.00
0.00
0.00
15.00
0.00
0.00
0.00
0.00
19.00
0.00
36.00
0.00
0.00
0.00
0.00
280.00
0.00
214.00
274.00
78.00
7.00
43.00
316.00
118.00
12.00
0.00
0.00
0.00
0.00
0.00
0.00
0.00
108.00
70.00
402.00
141.00
0.00
42.00
18.00
73.00
176.00
0.00
0.00
113.00
0.00
58.00
22.00
0.00
7.00
71.00
189.00
21.00
174.00
1.00
3.00
1.00
0.00
0.00
0.00
0.00
141.00
10.00
0.00
27.00
1.00
108.00
249.00
52.00
232.00
737.00
0.00
37.00
33.00
19.00
0.00
7.00
13.00
20.00
0.00
57.00
4.00
0.00
7.00
295.00
5.00
96.00
5.00
12.00
37.00
166.00
46.00
21.00
7.00
0.00
98.00
27.00
193.00
45.00
9.00
5.00
31.00
115.00
5.00
46.00
19.00
2.00
13.00
6.00
155.00
7.00
90.00
8.00
60.00
5.00
0.00
3.00
67.00
61.00
47.00
29.00
37.00
12.00
7.00
21.00
132.00
71.00
23.00
0.00
5.00
7.00
5.00
22.00
48.00
50.00
300.00
4.00
1.00
18.00
133.00
4.00
53.00
48.00
4.00
9.00
15.00
49.00
106.00
173.00
75.00
10.00
4.00
59.00
294.00
62.00
62.00
4.00
16.00
4.00
13.00
1.00
395.00
9.00
0.00
34.00
0.00
221.00
0.00
1.00
10.00
4.00
217.00
97.00
2.00
0.00
49.00
37.00
19.00
12.00
7.00
5.00
52.00
11.00
36.00
80.00
61.00
10.00
71.00
224.00
68.00
9.00
37.00
86.00
105.00
92.00
182.00
45.00
75.00
4.00
231.00
1.00
1.00
57.00
11.00
1.00
0.00
117.00
16.00
87.00
408.00
16.00
0.00
10.00
30.00
225.00
13.00
0.00
0.00
0.00
0.00
0.00
0.00
0.00
0.00
0.00
0.00
3.00
0.00
0.00
84.00
41.00
63.00
5.00
0.00
0.00
39.00
1.00
110.00
379.00
134.00
0.00
0.00
0.00
0.00
0.00
0.00
0.00
0.00
0.00
0.00
0.00
0.00
0.00
0.00
0.00
0.00
0.00
0.00
0.00
0.00
0.00
0.00
0.00
0.00
0.00
0.00
0.00
0.00
0.00
0.00
0.00
0.00
0.00
0.00
0.00
0.00
0.00
0.00
0.00
0.00
0.00
0.00
0.00
0.00
0.00
0.00
0.00
0.00
0.00
0.00
0.00
0.00
0.00
0.00
0.00
0.00
0.00
0.00
0.00
0.00
0.00
0.00
0.00
0.00
0.00
0.00
0.00
0.00
0.00
0.00
0.00
0.00
0.00
0.00
0.00
0.00
0.00
0.00
0.00
0.00
0.00
7.00
0.00
0.00
0.00
0.00
0.00
0.00
0.00
0.00
0.00
0.00
0.00
0.00
0.00
0.00
0.00
0.00
0.00
0.00
0.00
0.00
0.00
0.00
0.00
0.00
0.00
0.00
0.00
0.00
0.00
0.00
0.00
0.00
0.00
0.00
0.00
0.00
83.00
83.00
0.00
190.00
0.00
198.00
72.00
0.00
0.00
0.00
0.00
0.00
0.00
124.00
0.00
72.00
0.00
0.00
0.00
0.00
68.00
0.00
0.00
4.00
37.00
179.00
20.00
10.00
0.00
410.00
296.00
86.00
0.00
0.00
0.00
0.00
0.00
0.00
0.00
0.00
0.00
60.00
5.00
99.00
6.00
309.00
240.00
78.00
156.00
55.00
99.00
38.00
0.00
0.00
43.00
1.00
7.00
186.00
0.00
0.00
17.00
0.00
13.00
0.00
0.00
84.00
0.00
0.00
0.00
19.00
1.00
270.00
8.00
40.00
0.00
17.00
0.00
146.00
0.00
0.00
0.00
0.00
7.00
95.00
129.00
152.00
434.00
102.00
213.00
181.00
146.00
165.00
0.00
164.00
61.00
328.00
653.00
641.00
176.00
140.00
101.00
0.00
164.00
8.00
92.00
20.00
22.00
1.00
0.00
0.00
117.00
101.00
105.00
277.00
73.00
112.00
88.00
344.00
29.00
9.00
14.00
49.00
28.00
41.00
46.00
3.00
35.00
5.00
173.00
41.00
174.00
169.00
87.00
2.00
63.00
88.00
31.00
16.00
68.00
6.00
76.00
107.00
27.00
38.00
30.00
86.00
71.00
44.00
113.00
6.00
3.00
112.00
53.00
52.00
30.00
2.00
10.00
2.00
31.00
197.00
52.00
6.00
7.00
73.00
21.00
1.00
36.00
69.00
133.00
29.00
52.00
45.00
30.00
69.00
405.00
2.00
129.00
36.00
35.00
29.00
11.00
9.00
0.00
0.00
1.00
45.00
95.00
46.00
0.00
25.00
16.00
9.00
147.00
177.00
36.00
25.00
201.00
60.00
65.00
46.00
5.00
3.00
1.00
1.00
6.00
337.00
33.00
176.00
0.00
16.00
145.00
304.00
56.00
3.00
26.00
59.00
51.00
19.00
13.00
3.00
17.00
14.00
0.00
0.00
0.00
0.00
0.00
184.00
214.00
108.00
449.00
1.00
0.00
0.00
0.00
0.00
0.00
9.00
363.00
140.00
0.00
0.00
0.00
0.00
0.00
0.00
0.00
0.00
0.00
0.00
0.00
0.00
76.00
0.00
6.00
150.00
41.00
8.00
0.00
0.00
0.00
0.00
0.00
0.00
0.00
0.00
0.00
0.00
0.00
0.00
0.00
0.00
0.00
0.00
0.00
0.00
1.00
31.00
306.00
244.00
145.00
0.00
0.00
0.00
0.00
0.00
0.00
0.00
0.00
5.00
0.00
0.00
0.00
0.00
0.00
0.00
0.00
0.00
0.00
0.00
0.00
61.00
196.00
77.00
0.00
0.00
0.00
0.00
0.00
0.00
0.00
0.00
0.00
0.00
0.00
0.00
0.00
0.00
0.00
0.00
0.00
0.00
0.00
0.00
0.00
0.00
0.00
0.00
0.00
0.00
0.00
0.00
0.00
0.00
0.00
0.00
0.00
0.00
0.00
4.00
7.00
304.00
0.00
34.00
0.00
0.00
0.00
0.00
0.00
0.00
0.00
0.00
0.00
0.00
0.00
0.00
0.00
0.00
110.00
0.00
0.00
0.00
0.00
0.00
0.00
0.00
0.00
0.00
0.00
0.00
0.00
0.00
0.00
44.00
0.00
0.00
4.00
141.00
4.00
0.00
0.00
0.00
0.00
0.00
0.00
0.00
0.00
6.00
0.00
0.00
48.00
13.00
0.00
19.00
203.00
0.00
8.00
0.00
22.00
111.00
0.00
6.00
0.00
8.00
0.00
5.00
0.00
0.00
45.00
20.00
12.00
0.00
132.00
8.00
0.00
0.00
20.00
22.00
74.00
76.00
91.00
166.00
3.00
138.00
0.00
49.00
270.00
538.00
574.00
362.00
383.00
401.00
259.00
0.00
66.00
3.00
1.00
0.00
0.00
0.00
0.00
0.00
0.00
1.00
0.00
159.00
0.00
0.00
0.00
1.00
50.00
3.00
9.00
7.00
90.00
477.00
500.00
184.00
3.00
25.00
100.00
131.00
281.00
606.00
346.00
136.00
123.00
106.00
0.00
0.00
0.00
0.00
0.00
50.00
49.00
0.00
1.00
2.00
62.00
72.00
10.00
0.00
2.00
1.00
39.00
2.00
3.00
5.00
11.00
87.00
5.00
22.00
62.00
93.00
52.00
61.00
32.00
79.00
15.00
42.00
12.00
5.00
4.00
74.00
17.00
16.00
19.00
8.00
2.00
30.00
1.00
101.00
118.00
202.00
24.00
1.00
0.00
53.00
48.00
51.00
7.00
77.00
33.00
5.00
105.00
245.00
27.00
101.00
121.00
17.00
151.00
13.00
12.00
213.00
70.00
0.00
98.00
30.00
41.00
143.00
7.00
61.00
4.00
11.00
7.00
32.00
0.00
17.00
17.00
1.00
4.00
0.00
25.00
251.00
40.00
0.00
0.00
0.00
0.00
110.00
2.00
10.00
86.00
35.00
5.00
101.00
1.00
69.00
45.00
4.00
2.00
7.00
0.00
0.00
0.00
0.00
3.00
4.00
0.00
0.00
0.00
1.00
0.00
154.00
56.00
525.00
369.00
22.00
0.00
0.00
0.00
0.00
0.00
0.00
0.00
0.00
0.00
0.00
0.00
0.00
0.00
203.00
104.00
121.00
97.00
23.00
0.00
0.00
0.00
0.00
0.00
2.00
0.00
0.00
0.00
0.00
0.00
4.00
0.00
0.00
0.00
0.00
0.00
0.00
0.00
0.00
0.00
0.00
0.00
0.00
0.00
0.00
0.00
0.00
0.00
0.00
0.00
0.00
0.00
0.00
0.00
0.00
0.00
0.00
0.00
0.00
0.00
0.00
0.00
1.00
0.00
10.00
39.00
106.00
0.00
0.00
0.00
0.00
0.00
0.00
0.00
0.00
0.00
0.00
0.00
0.00
0.00
0.00
0.00
0.00
0.00
0.00
0.00
0.00
0.00
0.00
0.00
0.00
0.00
0.00
0.00
0.00
0.00
0.00
0.00
0.00
0.00
0.00
0.00
0.00
0.00
0.00
0.00
0.00
0.00
5.00
0.00
0.00
0.00
0.00
0.00
0.00
0.00
0.00
0.00
0.00
0.00
0.00
0.00
0.00
0.00
0.00
0.00
0.00
4.00
0.00
0.00
0.00
0.00
0.00
0.00
0.00
155.90
178.20
121.90
71.30
0.00
0.00
0.00
6.40
42.50
0.00
0.00
0.00
0.00
0.00
0.00
0.00
0.00
0.00
0.10
0.30
33.70
4.50
0.00
0.00
0.00
2.20
0.00
0.00
0.00
0.00
0.00
0.00
0.00
0.00
101.40
24.20
112.80
4.50
3.70
0.30
1.40
0.00
20.40
56.20
0.10
0.60
0.00
0.00
0.00
0.00
0.00
0.00
0.00
0.00
0.00
0.00
1.50
0.00
0.00
0.00
0.00
0.00
1.00
0.30
0.00
0.00
0.00
0.10
9.20
0.00
0.00
0.00
0.00
0.00
0.00
0.50
0.00
0.00
2.90
1.70
1.40
5.30
4.00
0.00
0.00
0.00
4.90
4.90
58.60
2.90
0.00
0.00
0.00
0.00
0.00
21.00
16.80
0.00
0.40
4.20
0.00
7.90
10.40
0.00
4.00
0.00
0.00
9.80
15.40
7.30
2.60
0.00
0.00
0.00
8.00
9.70
5.80
1.80
0.00
1.60
11.80
4.70
1.30
0.00
4.20
1.40
5.70
1.40
0.10
16.30
4.40
6.30
7.80
2.40
3.20
3.20
5.10
5.10
4.70
3.00
3.00
0.00
15.30
3.00
3.00
3.00
3.60
4.20
2.00
1.10
39.70
15.20
6.80
2.20
0.60
20.00
0.80
5.00
11.00
31.30
2.10
21.40
10.10
1.60
5.00
0.20
0.70
0.90
3.30
8.70
5.60
6.70
0.30
4.50
0.30
0.10
8.20
1.50
6.50
9.00
18.40
0.00
0.00
0.10
8.90
0.00
1.10
0.10
4.10
1.00
0.10
4.60
23.20
10.50
7.00
0.40
1.90
6.80
24.10
2.80
1.60
0.10
13.30
5.70
0.80
0.30
6.00
5.50
9.90
20.00
21.10
23.70
20.10
1.00
13.90
7.60
19.30
4.30
4.30
0.80
0.00
0.10
0.00
0.50
21.30
4.30
10.00
6.10
0.00
0.00
0.00
1.60
12.70
1.10
1.50
0.10
0.00
0.00
1.00
9.20
3.90
0.30
1.00
1.30
