20160101
0.00
0.00
0.00
0.00
0.00
0.00
0.00
0.00
0.00
0.00
0.00
0.00
0.00
0.00
0.00
0.00
0.00
0.00
0.00
0.00
35.00
0.00
0.00
0.00
0.00
1.00
0.00
0.00
0.00
0.00
0.00
0.00
0.00
0.00
0.00
0.00
0.00
0.00
0.00
0.00
0.00
0.00
0.00
0.00
0.00
0.00
0.00
0.00
0.00
0.00
0.00
0.00
0.00
20.00
159.00
11.00
18.00
4.00
0.00
0.00
0.00
0.00
0.00
0.00
0.00
0.00
0.00
0.00
0.00
0.00
0.00
0.00
0.00
0.00
0.00
0.00
0.00
0.00
27.00
0.00
1.00
0.00
0.00
0.00
0.00
0.00
0.00
164.00
2.00
29.00
530.00
20.00
32.00
19.00
125.00
28.00
0.00
0.00
0.00
0.00
0.00
0.00
0.00
0.00
5.00
7.00
33.00
37.00
0.00
1.00
4.00
17.00
0.00
0.00
0.00
145.00
1.00
0.00
4.00
0.00
0.00
181.00
43.00
0.00
47.00
0.00
1.00
0.00
0.00
0.00
0.00
0.00
439.00
2.00
0.00
3.00
0.00
84.00
195.00
149.00
155.00
497.00
8.00
0.00
10.00
31.00
0.00
1.00
19.00
2.00
0.00
4.00
0.00
26.00
69.00
83.00
35.00
10.00
28.00
18.00
18.00
354.00
2.00
6.00
38.00
0.00
42.00
34.00
109.00
40.00
12.00
134.00
36.00
69.00
3.00
141.00
72.00
36.00
0.00
5.00
2.00
118.00
70.00
19.00
40.00
4.00
18.00
10.00
192.00
84.00
33.00
9.00
62.00
9.00
2.00
14.00
60.00
167.00
1.00
0.00
2.00
47.00
39.00
73.00
97.00
170.00
173.00
0.00
5.00
61.00
73.00
96.00
73.00
64.00
8.00
1.00
7.00
83.00
57.00
4.00
50.00
1.00
3.00
61.00
47.00
118.00
7.00
6.00
1.00
7.00
0.00
15.00
577.00
9.00
0.00
32.00
2.00
43.00
10.00
11.00
7.00
55.00
58.00
52.00
2.00
2.00
1.00
15.00
1.00
1.00
4.00
21.00
154.00
4.00
23.00
5.00
3.00
16.00
34.00
189.00
2.00
3.00
97.00
156.00
169.00
0.00
8.00
28.00
120.00
26.00
12.00
0.00
0.00
7.00
0.00
46.00
0.00
0.00
1.00
2.00
4.00
137.00
11.00
13.00
1.00
115.00
0.00
0.00
0.00
14.00
0.00
36.00
0.00
0.00
0.00
0.00
0.00
0.00
5.00
0.00
32.00
22.00
29.00
8.00
0.00
0.00
69.00
1.00
39.00
228.00
164.00
0.00
0.00
0.00
0.00
0.00
0.00
0.00
0.00
0.00
0.00
0.00
0.00
0.00
0.00
0.00
0.00
0.00
0.00
0.00
0.00
0.00
0.00
0.00
0.00
0.00
0.00
0.00
0.00
0.00
0.00
0.00
0.00
0.00
0.00
0.00
0.00
0.00
0.00
0.00
0.00
0.00
0.00
0.00
0.00
0.00
0.00
0.00
0.00
0.00
0.00
0.00
0.00
0.00
0.00
0.00
0.00
0.00
0.00
0.00
0.00
0.00
0.00
0.00
0.00
0.00
0.00
0.00
0.00
0.00
0.00
0.00
0.00
0.00
0.00
0.00
0.00
0.00
0.00
0.00
0.00
0.00
23.00
0.00
0.00
0.00
0.00
0.00
0.00
0.00
0.00
0.00
0.00
0.00
0.00
0.00
0.00
0.00
0.00
0.00
0.00
0.00
0.00
0.00
0.00
0.00
0.00
0.00
0.00
0.00
0.00
0.00
0.00
0.00
0.00
0.00
0.00
0.00
0.00
3.00
11.00
0.00
137.00
0.00
96.00
52.00
2.00
0.00
0.00
0.00
0.00
0.00
83.00
2.00
40.00
0.00
0.00
0.00
0.00
30.00
0.00
0.00
0.00
42.00
89.00
7.00
0.00
0.00
220.00
310.00
22.00
0.00
0.00
0.00
0.00
0.00
0.00
0.00
0.00
1.00
28.00
2.00
17.00
0.00
207.00
24.00
319.00
78.00
142.00
84.00
142.00
0.00
0.00
0.00
0.00
0.00
1.00
0.00
0.00
0.00
0.00
18.00
0.00
0.00
80.00
0.00
1.00
0.00
20.00
31.00
130.00
4.00
19.00
0.00
0.00
0.00
24.00
0.00
0.00
0.00
0.00
0.00
269.00
51.00
168.00
275.00
29.00
28.00
37.00
176.00
40.00
0.00
86.00
51.00
150.00
132.00
78.00
118.00
44.00
211.00
0.00
139.00
29.00
9.00
1.00
108.00
1.00
0.00
29.00
22.00
0.00
42.00
137.00
37.00
17.00
179.00
76.00
37.00
2.00
45.00
38.00
82.00
3.00
3.00
16.00
51.00
12.00
185.00
32.00
165.00
28.00
157.00
10.00
161.00
148.00
78.00
79.00
36.00
5.00
97.00
123.00
103.00
20.00
12.00
204.00
126.00
16.00
23.00
19.00
48.00
13.00
91.00
67.00
55.00
2.00
14.00
2.00
33.00
33.00
17.00
7.00
4.00
44.00
80.00
27.00
7.00
10.00
24.00
23.00
41.00
22.00
29.00
37.00
429.00
4.00
1.00
35.00
65.00
75.00
20.00
20.00
0.00
5.00
9.00
88.00
18.00
46.00
12.00
157.00
7.00
20.00
150.00
20.00
0.00
129.00
207.00
46.00
80.00
88.00
0.00
20.00
4.00
1.00
57.00
465.00
24.00
54.00
1.00
1.00
9.00
123.00
0.00
3.00
3.00
0.00
1.00
11.00
19.00
0.00
1.00
15.00
0.00
0.00
0.00
0.00
0.00
2.00
30.00
29.00
76.00
4.00
0.00
0.00
0.00
0.00
0.00
5.00
62.00
234.00
6.00
0.00
0.00
0.00
0.00
0.00
0.00
0.00
0.00
0.00
0.00
0.00
1.00
0.00
1.00
205.00
9.00
7.00
0.00
0.00
0.00
0.00
1.00
0.00
0.00
0.00
0.00
0.00
0.00
0.00
0.00
0.00
0.00
0.00
0.00
0.00
0.00
0.00
563.00
292.00
18.00
0.00
0.00
0.00
0.00
0.00
0.00
0.00
0.00
0.00
0.00
0.00
0.00
0.00
0.00
0.00
0.00
0.00
0.00
0.00
0.00
24.00
312.00
136.00
0.00
0.00
0.00
0.00
0.00
0.00
0.00
0.00
0.00
0.00
0.00
0.00
0.00
0.00
0.00
0.00
0.00
0.00
0.00
0.00
0.00
0.00
0.00
0.00
0.00
0.00
0.00
0.00
0.00
0.00
0.00
0.00
0.00
0.00
0.00
1.00
3.00
73.00
6.00
20.00
0.00
0.00
0.00
0.00
0.00
0.00
0.00
0.00
0.00
0.00
0.00
0.00
0.00
0.00
66.00
0.00
0.00
0.00
0.00
0.00
0.00
0.00
0.00
0.00
0.00
0.00
0.00
0.00
0.00
118.00
0.00
0.00
10.00
198.00
0.00
0.00
0.00
0.00
0.00
0.00
0.00
0.00
0.00
0.00
0.00
0.00
7.00
24.00
0.00
156.00
266.00
0.00
0.00
0.00
73.00
51.00
0.00
6.00
0.00
0.00
0.00
0.00
0.00
0.00
9.00
33.00
22.00
4.00
42.00
6.00
0.00
0.00
0.00
0.00
67.00
0.00
194.00
68.00
0.00
70.00
0.00
3.00
141.00
374.00
509.00
242.00
107.00
186.00
660.00
1.00
58.00
5.00
0.00
8.00
0.00
0.00
0.00
2.00
0.00
18.00
4.00
0.00
0.00
0.00
0.00
0.00
51.00
0.00
0.00
3.00
50.00
214.00
451.00
203.00
22.00
0.00
50.00
55.00
271.00
440.00
290.00
47.00
30.00
3.00
0.00
0.00
23.00
0.00
19.00
1.00
63.00
37.00
2.00
18.00
63.00
24.00
49.00
1.00
1.00
8.00
4.00
1.00
0.00
0.00
0.00
22.00
1.00
23.00
65.00
40.00
42.00
46.00
4.00
41.00
13.00
11.00
13.00
98.00
40.00
277.00
22.00
4.00
34.00
9.00
0.00
53.00
20.00
99.00
339.00
74.00
1.00
2.00
0.00
22.00
79.00
28.00
1.00
9.00
76.00
31.00
93.00
34.00
10.00
61.00
58.00
13.00
5.00
29.00
6.00
38.00
12.00
1.00
44.00
8.00
25.00
34.00
8.00
40.00
0.00
62.00
15.00
36.00
1.00
4.00
0.00
0.00
7.00
0.00
9.00
258.00
7.00
0.00
0.00
0.00
17.00
40.00
0.00
34.00
80.00
149.00
7.00
22.00
5.00
90.00
26.00
4.00
1.00
24.00
0.00
0.00
0.00
0.00
0.00
0.00
0.00
0.00
0.00
13.00
10.00
206.00
223.00
473.00
357.00
66.00
0.00
0.00
0.00
0.00
0.00
0.00
0.00
0.00
0.00
0.00
0.00
0.00
0.00
149.00
8.00
141.00
72.00
52.00
0.00
0.00
0.00
0.00
0.00
0.00
0.00
0.00
0.00
0.00
0.00
0.00
2.00
10.00
0.00
0.00
0.00
0.00
0.00
0.00
0.00
0.00
0.00
0.00
0.00
0.00
0.00
0.00
0.00
0.00
0.00
0.00
0.00
0.00
0.00
0.00
0.00
0.00
0.00
0.00
5.00
0.00
0.00
4.00
0.00
6.00
13.00
38.00
0.00
0.00
0.00
0.00
0.00
0.00
0.00
0.00
0.00
0.00
0.00
0.00
0.00
0.00
0.00
0.00
0.00
0.00
0.00
0.00
0.00
0.00
0.00
0.00
0.00
0.00
0.00
0.00
0.00
0.00
0.00
0.00
0.00
0.00
0.00
0.00
0.00
0.00
0.00
0.00
0.00
0.00
0.00
0.00
0.00
0.00
0.00
0.00
0.00
0.00
0.00
0.00
0.00
0.00
0.00
0.00
0.00
0.00
0.00
0.00
2.00
0.00
0.00
0.00
0.00
0.00
0.00
0.00
106.10
124.30
37.70
53.10
0.00
0.00
0.00
0.20
33.70
0.00
0.00
0.00
0.00
0.00
0.00
0.00
0.00
0.00
0.00
0.00
0.00
0.00
0.00
0.00
0.00
0.00
0.00
0.00
0.00
0.00
0.00
0.00
0.00
0.00
53.30
18.10
20.70
10.20
0.00
6.20
5.80
0.90
48.40
70.10
0.00
0.00
0.00
0.00
0.00
0.00
0.00
0.00
0.00
0.00
0.00
0.00
0.10
0.00
0.00
0.00
0.00
0.00
0.00
0.00
0.00
0.00
0.00
0.20
0.20
0.00
0.00
0.00
0.00
0.00
0.00
0.00
0.00
2.20
10.70
0.10
7.00
7.80
0.00
0.00
0.00
0.00
1.70
1.70
59.70
0.00
0.20
0.00
0.00
0.00
0.00
0.00
1.00
0.00
0.80
8.10
0.40
13.20
0.30
5.00
2.00
38.10
1.30
14.30
0.70
10.70
2.80
0.00
0.00
52.90
1.70
1.70
0.40
0.10
3.50
5.30
0.30
1.70
0.30
0.20
1.60
3.00
7.60
2.80
0.00
1.50
1.30
3.80
5.80
6.20
1.10
1.10
15.90
15.90
6.30
1.30
1.30
0.00
0.10
1.30
1.30
1.30
0.40
13.90
3.10
0.80
9.30
25.40
3.00
0.80
1.40
8.60
2.20
3.00
9.50
2.90
0.40
54.70
3.30
11.60
4.90
0.00
4.40
11.80
1.10
2.40
3.70
0.00
2.10
3.20
0.00
0.50
4.90
5.20
0.80
7.30
34.60
0.30
0.00
0.80
9.10
0.00
1.60
12.30
14.70
0.20
0.50
0.80
1.90
0.40
2.80
5.20
0.10
3.90
6.80
4.80
1.90
0.30
13.40
3.20
0.80
5.20
9.70
8.40
11.20
11.90
10.80
44.50
10.70
3.60
0.60
7.60
11.20
0.50
0.50
1.40
0.00
0.00
0.10
0.30
1.80
0.70
0.10
1.70
0.40
0.00
0.00
1.50
11.50
7.40
0.00
0.00
0.60
0.00
0.90
7.20
3.00
1.10
0.50
2.30
