20160101
0.00
0.00
0.00
0.00
0.00
0.00
0.00
0.00
8.00
0.00
0.00
0.00
3.00
0.00
0.00
0.00
0.00
0.00
0.00
5.00
0.00
0.00
0.00
0.00
0.00
0.00
0.00
0.00
0.00
0.00
0.00
0.00
0.00
0.00
0.00
0.00
0.00
1.00
0.00
0.00
0.00
0.00
0.00
0.00
0.00
0.00
0.00
0.00
0.00
0.00
0.00
0.00
3.00
150.00
61.00
2.00
12.00
0.00
0.00
0.00
0.00
0.00
1.00
0.00
0.00
45.00
0.00
0.00
0.00
1.00
0.00
1.00
0.00
0.00
0.00
7.00
0.00
0.00
1.00
0.00
22.00
0.00
57.00
0.00
0.00
0.00
0.00
438.00
0.00
89.00
269.00
183.00
6.00
129.00
464.00
58.00
0.00
0.00
0.00
0.00
0.00
0.00
0.00
0.00
139.00
41.00
176.00
178.00
2.00
1.00
2.00
35.00
2.00
0.00
0.00
93.00
0.00
56.00
0.00
0.00
14.00
180.00
357.00
108.00
152.00
20.00
37.00
7.00
0.00
0.00
0.00
0.00
303.00
31.00
4.00
50.00
0.00
163.00
150.00
127.00
537.00
964.00
0.00
34.00
153.00
26.00
0.00
0.00
34.00
50.00
42.00
11.00
21.00
90.00
39.00
608.00
10.00
1.00
3.00
7.00
6.00
227.00
31.00
13.00
37.00
2.00
4.00
168.00
202.00
1.00
0.00
7.00
7.00
14.00
5.00
21.00
79.00
40.00
116.00
152.00
183.00
5.00
55.00
34.00
20.00
42.00
28.00
1.00
91.00
22.00
103.00
65.00
16.00
8.00
1.00
19.00
157.00
37.00
3.00
25.00
2.00
1.00
3.00
28.00
72.00
46.00
362.00
10.00
10.00
8.00
243.00
52.00
70.00
55.00
65.00
68.00
30.00
72.00
49.00
118.00
51.00
74.00
31.00
0.00
55.00
72.00
81.00
19.00
15.00
55.00
1.00
1.00
364.00
41.00
0.00
8.00
15.00
618.00
53.00
92.00
19.00
19.00
251.00
145.00
92.00
26.00
30.00
4.00
13.00
6.00
12.00
0.00
0.00
0.00
35.00
156.00
521.00
145.00
50.00
609.00
21.00
45.00
60.00
133.00
71.00
88.00
152.00
0.00
15.00
39.00
876.00
137.00
0.00
733.00
49.00
16.00
0.00
103.00
613.00
252.00
233.00
107.00
19.00
29.00
225.00
196.00
0.00
0.00
0.00
0.00
0.00
0.00
0.00
0.00
0.00
0.00
0.00
4.00
0.00
10.00
8.00
18.00
103.00
0.00
0.00
1.00
88.00
6.00
171.00
647.00
209.00
0.00
0.00
0.00
0.00
0.00
0.00
0.00
0.00
0.00
0.00
0.00
0.00
0.00
0.00
0.00
0.00
0.00
0.00
0.00
0.00
0.00
0.00
0.00
0.00
0.00
0.00
0.00
0.00
0.00
0.00
0.00
0.00
0.00
0.00
0.00
0.00
0.00
0.00
0.00
0.00
0.00
0.00
0.00
0.00
0.00
0.00
0.00
0.00
0.00
0.00
0.00
0.00
0.00
0.00
0.00
0.00
0.00
0.00
0.00
0.00
0.00
0.00
0.00
0.00
0.00
0.00
0.00
0.00
0.00
0.00
0.00
0.00
0.00
0.00
0.00
0.00
0.00
0.00
0.00
0.00
0.00
0.00
0.00
0.00
0.00
0.00
0.00
0.00
0.00
0.00
0.00
0.00
0.00
0.00
0.00
0.00
0.00
0.00
0.00
0.00
0.00
0.00
0.00
0.00
0.00
0.00
0.00
0.00
31.00
0.00
0.00
0.00
0.00
0.00
0.00
0.00
0.00
3.00
173.00
29.00
19.00
208.00
0.00
218.00
127.00
0.00
0.00
0.00
0.00
0.00
0.00
185.00
0.00
60.00
0.00
0.00
0.00
0.00
89.00
0.00
0.00
0.00
75.00
220.00
19.00
0.00
0.00
356.00
534.00
520.00
0.00
0.00
0.00
0.00
0.00
0.00
0.00
0.00
0.00
54.00
30.00
0.00
0.00
538.00
360.00
115.00
271.00
130.00
327.00
122.00
0.00
1.00
8.00
14.00
149.00
28.00
0.00
0.00
87.00
0.00
21.00
0.00
0.00
68.00
0.00
0.00
0.00
52.00
19.00
471.00
2.00
66.00
0.00
10.00
3.00
85.00
1.00
0.00
0.00
0.00
5.00
16.00
194.00
178.00
515.00
187.00
458.00
84.00
189.00
356.00
1.00
65.00
76.00
196.00
813.00
770.00
111.00
323.00
234.00
0.00
27.00
104.00
22.00
19.00
419.00
0.00
14.00
122.00
125.00
359.00
161.00
305.00
159.00
85.00
10.00
167.00
43.00
10.00
147.00
24.00
40.00
18.00
17.00
1.00
25.00
83.00
33.00
154.00
586.00
306.00
326.00
80.00
94.00
63.00
81.00
223.00
13.00
134.00
73.00
295.00
20.00
30.00
56.00
111.00
69.00
63.00
20.00
1.00
17.00
165.00
72.00
76.00
19.00
2.00
9.00
0.00
77.00
438.00
37.00
32.00
8.00
61.00
28.00
23.00
35.00
21.00
216.00
96.00
105.00
407.00
150.00
187.00
369.00
50.00
203.00
43.00
38.00
35.00
28.00
5.00
86.00
35.00
4.00
71.00
92.00
12.00
0.00
162.00
38.00
22.00
52.00
43.00
22.00
146.00
87.00
150.00
22.00
13.00
4.00
0.00
1.00
0.00
128.00
176.00
232.00
153.00
65.00
20.00
143.00
80.00
34.00
77.00
300.00
189.00
28.00
1.00
7.00
0.00
0.00
5.00
38.00
0.00
0.00
0.00
106.00
152.00
234.00
259.00
931.00
0.00
0.00
0.00
0.00
0.00
0.00
17.00
929.00
352.00
1.00
0.00
0.00
0.00
0.00
0.00
0.00
0.00
0.00
0.00
0.00
0.00
123.00
0.00
1.00
121.00
22.00
9.00
0.00
0.00
0.00
0.00
0.00
0.00
0.00
0.00
0.00
0.00
0.00
0.00
0.00
0.00
0.00
0.00
0.00
0.00
2.00
2.00
488.00
280.00
237.00
0.00
0.00
0.00
0.00
0.00
0.00
0.00
0.00
1.00
0.00
0.00
0.00
0.00
0.00
0.00
0.00
0.00
0.00
0.00
0.00
206.00
249.00
39.00
0.00
0.00
0.00
0.00
0.00
0.00
0.00
0.00
0.00
0.00
0.00
0.00
0.00
0.00
0.00
0.00
0.00
0.00
0.00
0.00
0.00
0.00
0.00
0.00
0.00
0.00
0.00
0.00
0.00
0.00
0.00
0.00
0.00
0.00
0.00
34.00
9.00
468.00
10.00
140.00
0.00
7.00
0.00
0.00
0.00
0.00
0.00
0.00
2.00
0.00
0.00
0.00
0.00
0.00
354.00
0.00
0.00
0.00
0.00
0.00
0.00
7.00
0.00
0.00
0.00
0.00
0.00
0.00
0.00
80.00
0.00
0.00
1.00
51.00
89.00
0.00
0.00
0.00
0.00
0.00
0.00
2.00
20.00
2.00
0.00
0.00
174.00
45.00
0.00
23.00
146.00
0.00
95.00
18.00
74.00
217.00
0.00
14.00
5.00
0.00
0.00
15.00
0.00
0.00
25.00
27.00
17.00
4.00
281.00
58.00
0.00
2.00
21.00
43.00
22.00
35.00
117.00
389.00
19.00
32.00
1.00
136.00
405.00
669.00
617.00
603.00
643.00
422.00
194.00
0.00
17.00
8.00
38.00
60.00
0.00
0.00
7.00
309.00
0.00
0.00
26.00
149.00
2.00
0.00
0.00
7.00
22.00
25.00
36.00
16.00
109.00
381.00
329.00
208.00
15.00
95.00
248.00
268.00
822.00
806.00
674.00
151.00
258.00
166.00
0.00
57.00
11.00
12.00
0.00
141.00
21.00
14.00
32.00
1.00
88.00
98.00
16.00
1.00
7.00
3.00
126.00
53.00
16.00
4.00
4.00
65.00
2.00
27.00
90.00
57.00
46.00
58.00
22.00
347.00
13.00
6.00
44.00
8.00
45.00
28.00
36.00
58.00
13.00
0.00
16.00
12.00
2.00
39.00
61.00
93.00
1.00
3.00
0.00
398.00
117.00
35.00
26.00
613.00
38.00
18.00
101.00
343.00
242.00
216.00
386.00
33.00
79.00
1.00
17.00
111.00
96.00
0.00
21.00
48.00
68.00
105.00
107.00
0.00
3.00
1.00
55.00
41.00
1.00
48.00
122.00
6.00
0.00
0.00
5.00
199.00
25.00
5.00
11.00
0.00
0.00
127.00
4.00
18.00
9.00
27.00
275.00
40.00
0.00
48.00
12.00
4.00
0.00
3.00
1.00
0.00
0.00
8.00
0.00
0.00
0.00
0.00
16.00
0.00
0.00
119.00
89.00
547.00
351.00
30.00
0.00
0.00
0.00
0.00
0.00
0.00
0.00
0.00
0.00
0.00
0.00
0.00
0.00
54.00
181.00
241.00
120.00
32.00
0.00
0.00
78.00
0.00
0.00
0.00
0.00
0.00
0.00
0.00
0.00
0.00
0.00
0.00
0.00
0.00
0.00
0.00
0.00
6.00
0.00
0.00
0.00
0.00
0.00
0.00
0.00
0.00
0.00
0.00
0.00
0.00
0.00
0.00
0.00
0.00
0.00
0.00
0.00
0.00
0.00
0.00
0.00
0.00
0.00
23.00
29.00
1.00
0.00
0.00
0.00
0.00
0.00
0.00
0.00
0.00
0.00
0.00
0.00
0.00
0.00
0.00
0.00
0.00
0.00
0.00
0.00
0.00
0.00
0.00
0.00
0.00
0.00
0.00
0.00
0.00
0.00
0.00
0.00
0.00
0.00
0.00
0.00
0.00
0.00
0.00
0.00
0.00
0.00
0.00
0.00
0.00
0.00
0.00
0.00
0.00
0.00
0.00
0.00
0.00
0.00
0.00
0.00
0.00
0.00
0.00
0.00
4.00
7.00
0.00
0.00
0.00
0.00
0.00
0.00
0.00
142.90
158.70
101.80
66.60
0.00
0.00
0.00
1.60
43.50
0.30
0.00
0.00
0.00
0.00
0.00
0.00
0.00
0.00
0.50
0.70
54.50
6.70
0.00
0.00
0.00
3.10
0.00
0.00
0.00
0.00
0.00
0.00
0.00
0.00
95.40
46.00
168.60
13.10
0.20
1.40
9.40
0.00
10.10
11.60
0.00
1.80
0.00
0.00
0.00
0.00
0.00
0.00
0.00
0.00
0.00
0.00
0.20
0.00
0.00
0.00
0.00
0.00
0.00
1.30
0.00
0.00
0.00
6.30
14.30
0.00
0.00
0.00
0.00
0.00
0.00
0.00
0.00
0.60
1.60
2.10
6.30
3.50
5.90
0.50
0.50
0.00
31.60
31.60
49.30
2.10
0.10
0.00
0.00
0.00
0.20
4.90
30.50
0.60
4.90
5.10
0.00
1.70
1.30
0.10
9.30
0.00
0.00
10.40
30.70
34.60
1.80
0.20
1.70
34.10
26.80
57.10
7.60
1.30
0.00
0.80
0.40
1.80
5.10
1.10
0.10
24.60
0.60
0.00
0.10
11.30
8.70
11.50
19.10
33.80
15.60
15.60
28.60
28.60
23.20
0.10
0.10
0.10
27.10
0.10
0.10
0.10
0.30
0.10
1.20
1.40
37.70
7.30
4.20
6.20
1.80
7.10
2.00
1.80
13.70
28.90
22.70
17.80
11.90
8.80
5.40
0.60
0.30
0.60
11.30
14.30
6.00
4.20
1.00
2.10
0.10
0.60
10.20
0.70
14.90
54.90
25.30
11.00
2.00
0.60
8.90
0.00
11.50
0.60
4.90
24.20
8.30
38.80
30.10
8.50
1.20
1.20
4.60
11.00
9.80
6.60
3.50
0.40
5.10
1.00
0.20
0.00
21.70
1.10
11.10
31.20
24.00
13.00
22.20
0.20
23.50
0.10
16.90
0.50
0.50
9.60
0.00
0.00
3.20
12.10
0.90
0.30
14.20
8.70
0.00
0.00
0.00
6.60
3.80
0.00
0.00
0.00
0.00
0.00
0.70
9.20
4.80
0.20
0.90
1.70
