20160101
0.00
0.00
0.00
0.00
0.00
0.00
0.00
0.00
0.00
0.00
0.00
0.00
0.00
0.00
0.00
0.00
0.00
0.00
0.00
1.00
20.00
0.00
0.00
0.00
0.00
0.00
1.00
0.00
0.00
0.00
0.00
0.00
0.00
0.00
0.00
0.00
0.00
0.00
0.00
0.00
0.00
0.00
0.00
0.00
0.00
0.00
0.00
0.00
0.00
3.00
31.00
11.00
40.00
20.00
61.00
0.00
18.00
5.00
0.00
0.00
0.00
0.00
0.00
0.00
0.00
0.00
0.00
0.00
6.00
11.00
0.00
0.00
1.00
0.00
0.00
9.00
0.00
1.00
2.00
0.00
15.00
0.00
0.00
0.00
0.00
0.00
0.00
207.00
0.00
121.00
170.00
12.00
0.00
10.00
62.00
308.00
25.00
0.00
0.00
0.00
0.00
0.00
0.00
0.00
84.00
46.00
420.00
66.00
0.00
17.00
31.00
58.00
97.00
2.00
0.00
42.00
75.00
2.00
11.00
2.00
0.00
45.00
20.00
0.00
26.00
3.00
0.00
0.00
0.00
0.00
3.00
0.00
145.00
5.00
1.00
22.00
0.00
133.00
264.00
29.00
115.00
687.00
7.00
17.00
24.00
0.00
0.00
0.00
0.00
3.00
0.00
13.00
2.00
0.00
1.00
1.00
2.00
19.00
173.00
44.00
70.00
189.00
40.00
47.00
11.00
0.00
29.00
136.00
24.00
162.00
90.00
246.00
14.00
281.00
0.00
67.00
11.00
42.00
0.00
3.00
26.00
284.00
205.00
134.00
56.00
17.00
2.00
17.00
224.00
102.00
55.00
1.00
23.00
34.00
4.00
46.00
187.00
309.00
11.00
0.00
5.00
73.00
76.00
119.00
133.00
69.00
185.00
1.00
6.00
40.00
28.00
293.00
111.00
15.00
15.00
0.00
22.00
159.00
135.00
65.00
93.00
37.00
30.00
49.00
20.00
73.00
30.00
24.00
86.00
47.00
0.00
6.00
560.00
1.00
0.00
40.00
0.00
52.00
6.00
11.00
1.00
1.00
111.00
65.00
19.00
19.00
0.00
4.00
15.00
0.00
3.00
6.00
225.00
101.00
116.00
0.00
74.00
8.00
0.00
30.00
93.00
0.00
134.00
345.00
2.00
48.00
0.00
0.00
6.00
0.00
21.00
0.00
0.00
0.00
0.00
52.00
5.00
0.00
59.00
0.00
0.00
0.00
0.00
40.00
1.00
57.00
3.00
0.00
0.00
0.00
2.00
0.00
0.00
0.00
0.00
0.00
0.00
0.00
0.00
0.00
229.00
93.00
46.00
34.00
0.00
0.00
14.00
1.00
37.00
203.00
93.00
0.00
0.00
0.00
0.00
0.00
0.00
0.00
0.00
0.00
0.00
0.00
0.00
0.00
0.00
0.00
0.00
0.00
0.00
0.00
0.00
0.00
0.00
0.00
0.00
8.00
6.00
0.00
0.00
0.00
0.00
0.00
0.00
0.00
0.00
0.00
0.00
0.00
0.00
0.00
0.00
0.00
0.00
0.00
0.00
0.00
0.00
0.00
0.00
0.00
0.00
0.00
0.00
0.00
0.00
0.00
0.00
0.00
5.00
0.00
0.00
0.00
0.00
0.00
0.00
0.00
0.00
0.00
0.00
0.00
0.00
0.00
0.00
0.00
0.00
0.00
0.00
0.00
0.00
0.00
0.00
0.00
8.00
0.00
0.00
0.00
0.00
0.00
0.00
0.00
0.00
0.00
0.00
0.00
0.00
0.00
0.00
0.00
0.00
0.00
0.00
0.00
0.00
0.00
0.00
0.00
0.00
0.00
0.00
0.00
0.00
0.00
0.00
0.00
0.00
0.00
0.00
0.00
0.00
5.00
8.00
0.00
124.00
0.00
43.00
18.00
0.00
0.00
0.00
0.00
0.00
0.00
36.00
0.00
25.00
0.00
0.00
0.00
0.00
13.00
0.00
0.00
2.00
39.00
195.00
19.00
21.00
0.00
202.00
116.00
3.00
0.00
0.00
0.00
4.00
0.00
0.00
0.00
0.00
0.00
36.00
8.00
14.00
0.00
53.00
12.00
77.00
36.00
86.00
68.00
9.00
0.00
0.00
2.00
0.00
0.00
39.00
0.00
0.00
0.00
0.00
38.00
0.00
0.00
157.00
0.00
0.00
9.00
13.00
9.00
91.00
2.00
3.00
0.00
9.00
0.00
12.00
3.00
0.00
0.00
1.00
5.00
212.00
34.00
183.00
113.00
16.00
48.00
7.00
45.00
9.00
21.00
0.00
6.00
29.00
113.00
86.00
20.00
77.00
111.00
45.00
75.00
11.00
7.00
2.00
12.00
22.00
14.00
190.00
39.00
3.00
0.00
4.00
29.00
32.00
448.00
175.00
221.00
31.00
234.00
156.00
18.00
0.00
8.00
240.00
210.00
108.00
258.00
10.00
55.00
10.00
35.00
50.00
386.00
163.00
410.00
52.00
13.00
201.00
47.00
1.00
20.00
34.00
19.00
188.00
118.00
26.00
34.00
35.00
15.00
48.00
41.00
116.00
51.00
0.00
8.00
102.00
19.00
17.00
17.00
21.00
20.00
115.00
138.00
8.00
50.00
2.00
19.00
50.00
36.00
0.00
0.00
195.00
737.00
81.00
6.00
13.00
97.00
42.00
86.00
3.00
14.00
37.00
15.00
4.00
31.00
55.00
62.00
246.00
121.00
13.00
137.00
249.00
1.00
278.00
472.00
148.00
51.00
256.00
0.00
19.00
7.00
15.00
6.00
337.00
43.00
228.00
0.00
8.00
63.00
14.00
2.00
0.00
16.00
3.00
0.00
16.00
0.00
0.00
1.00
43.00
2.00
0.00
2.00
0.00
0.00
14.00
8.00
130.00
34.00
10.00
0.00
0.00
0.00
0.00
0.00
0.00
40.00
86.00
1.00
0.00
0.00
0.00
0.00
0.00
0.00
0.00
0.00
0.00
4.00
0.00
23.00
0.00
0.00
99.00
2.00
13.00
0.00
0.00
0.00
0.00
0.00
0.00
0.00
0.00
0.00
0.00
0.00
0.00
0.00
0.00
0.00
0.00
0.00
0.00
1.00
11.00
267.00
130.00
53.00
0.00
0.00
0.00
0.00
0.00
0.00
0.00
0.00
0.00
0.00
0.00
0.00
0.00
0.00
0.00
0.00
0.00
0.00
0.00
0.00
1.00
224.00
255.00
1.00
0.00
0.00
0.00
0.00
0.00
0.00
0.00
0.00
0.00
0.00
0.00
0.00
0.00
0.00
0.00
0.00
0.00
0.00
0.00
0.00
0.00
0.00
0.00
0.00
0.00
0.00
0.00
0.00
0.00
0.00
0.00
0.00
0.00
0.00
8.00
4.00
53.00
2.00
4.00
0.00
27.00
2.00
0.00
0.00
0.00
0.00
0.00
0.00
0.00
0.00
0.00
0.00
0.00
27.00
0.00
0.00
0.00
0.00
0.00
0.00
0.00
0.00
0.00
0.00
0.00
0.00
0.00
0.00
14.00
0.00
0.00
61.00
102.00
0.00
0.00
0.00
0.00
0.00
0.00
0.00
0.00
0.00
0.00
0.00
0.00
11.00
17.00
0.00
30.00
9.00
0.00
239.00
0.00
3.00
57.00
0.00
0.00
0.00
2.00
5.00
1.00
0.00
0.00
150.00
38.00
20.00
0.00
27.00
0.00
0.00
0.00
0.00
0.00
0.00
89.00
164.00
56.00
3.00
37.00
0.00
8.00
26.00
178.00
341.00
80.00
359.00
240.00
216.00
8.00
61.00
0.00
4.00
0.00
0.00
0.00
0.00
0.00
0.00
101.00
42.00
58.00
0.00
2.00
32.00
35.00
123.00
5.00
1.00
26.00
6.00
286.00
285.00
67.00
19.00
3.00
36.00
58.00
160.00
250.00
219.00
19.00
6.00
11.00
0.00
0.00
42.00
2.00
33.00
13.00
139.00
166.00
5.00
14.00
46.00
27.00
30.00
22.00
4.00
39.00
2.00
0.00
0.00
11.00
8.00
2.00
27.00
73.00
63.00
16.00
14.00
101.00
9.00
37.00
0.00
7.00
0.00
27.00
65.00
369.00
131.00
22.00
303.00
4.00
4.00
173.00
38.00
74.00
500.00
107.00
1.00
0.00
4.00
39.00
446.00
108.00
0.00
12.00
45.00
60.00
33.00
86.00
154.00
140.00
16.00
0.00
3.00
30.00
36.00
5.00
11.00
56.00
113.00
6.00
28.00
30.00
25.00
6.00
0.00
30.00
5.00
55.00
7.00
20.00
49.00
0.00
0.00
0.00
10.00
189.00
71.00
0.00
0.00
1.00
22.00
4.00
0.00
0.00
25.00
202.00
0.00
8.00
5.00
145.00
6.00
2.00
1.00
0.00
126.00
1.00
0.00
19.00
0.00
0.00
12.00
0.00
0.00
2.00
0.00
123.00
32.00
433.00
268.00
12.00
0.00
0.00
0.00
3.00
1.00
0.00
0.00
0.00
0.00
0.00
0.00
0.00
0.00
228.00
27.00
48.00
20.00
40.00
0.00
0.00
0.00
0.00
0.00
0.00
0.00
0.00
0.00
0.00
0.00
2.00
0.00
0.00
0.00
0.00
0.00
0.00
0.00
2.00
0.00
0.00
0.00
0.00
0.00
0.00
0.00
0.00
0.00
0.00
0.00
0.00
0.00
0.00
0.00
5.00
0.00
0.00
0.00
0.00
8.00
0.00
0.00
7.00
5.00
15.00
11.00
5.00
0.00
0.00
0.00
0.00
0.00
0.00
0.00
0.00
0.00
0.00
0.00
0.00
0.00
0.00
0.00
0.00
0.00
0.00
0.00
0.00
0.00
0.00
0.00
0.00
0.00
0.00
0.00
0.00
0.00
0.00
0.00
0.00
0.00
0.00
0.00
0.00
0.00
0.00
0.00
0.00
0.00
2.00
0.00
0.00
0.00
0.00
0.00
0.00
0.00
0.00
0.00
0.00
0.00
0.00
0.00
0.00
0.00
0.00
0.00
0.00
1.00
0.00
0.00
0.00
0.00
0.00
0.00
0.00
94.80
142.10
60.60
38.60
0.00
0.00
0.00
0.00
23.40
0.00
0.00
0.00
0.00
0.00
0.00
0.00
0.00
0.00
0.00
0.00
0.00
3.60
0.00
0.00
0.00
0.00
0.00
0.00
0.00
0.00
5.90
0.00
0.00
0.00
29.20
6.00
29.10
6.80
0.00
4.50
6.10
3.90
7.40
15.80
0.30
0.00
0.00
0.00
0.00
0.00
0.00
0.00
0.00
0.00
0.00
0.00
0.60
0.00
0.00
0.00
0.00
0.00
0.70
0.00
0.00
0.00
1.90
5.90
4.70
0.00
0.00
0.00
0.00
0.00
0.00
0.00
0.00
0.00
4.00
0.10
1.40
0.20
0.00
0.00
0.00
0.00
0.00
0.00
15.00
0.00
0.00
0.00
0.00
0.00
0.00
0.00
1.10
0.90
0.20
9.00
11.40
4.60
12.20
0.00
14.80
25.00
9.40
0.10
2.10
34.60
1.10
0.00
0.00
6.80
7.50
1.80
0.00
21.60
0.30
6.60
6.20
5.30
0.00
3.20
2.50
1.40
0.30
0.60
0.00
9.90
1.00
1.50
0.60
7.30
2.00
2.00
12.50
12.50
5.20
2.00
2.00
0.00
0.00
2.00
2.00
2.00
1.10
7.10
10.80
12.40
9.30
12.30
0.40
0.00
2.80
12.60
15.90
14.90
19.90
0.10
2.00
60.20
0.60
1.00
2.30
0.00
5.20
18.70
13.20
8.40
0.00
0.40
3.10
3.30
2.90
3.20
4.10
2.10
7.40
72.50
30.10
0.00
0.00
0.00
42.30
0.00
0.30
15.80
19.80
5.80
0.70
4.10
1.90
0.80
0.30
9.10
2.50
2.90
9.10
2.60
1.30
3.90
8.90
4.60
3.30
0.00
0.20
8.10
18.60
13.40
0.80
27.10
13.00
0.00
0.00
0.90
10.10
0.00
0.00
2.30
2.50
0.00
0.30
8.20
11.00
6.70
2.20
5.80
0.00
0.00
0.00
2.90
24.20
3.20
0.00
0.00
0.00
0.00
0.60
6.40
1.10
0.10
0.80
1.00
