20160101
0.00
0.00
0.00
0.00
0.00
0.00
0.00
0.00
43.00
0.00
0.00
0.00
0.00
0.00
0.00
0.00
0.00
0.00
0.00
13.00
0.00
0.00
0.00
0.00
0.00
0.00
0.00
0.00
0.00
0.00
0.00
0.00
0.00
0.00
0.00
0.00
0.00
0.00
0.00
0.00
0.00
0.00
0.00
0.00
0.00
0.00
0.00
0.00
0.00
0.00
1.00
0.00
0.00
119.00
81.00
0.00
22.00
0.00
0.00
0.00
0.00
3.00
0.00
0.00
0.00
225.00
0.00
0.00
0.00
0.00
8.00
1.00
0.00
0.00
0.00
80.00
0.00
0.00
0.00
0.00
108.00
0.00
1.00
0.00
0.00
0.00
0.00
451.00
32.00
66.00
415.00
78.00
0.00
657.00
376.00
84.00
0.00
0.00
0.00
0.00
0.00
0.00
0.00
0.00
14.00
5.00
217.00
399.00
0.00
41.00
0.00
0.00
0.00
0.00
0.00
26.00
4.00
28.00
0.00
0.00
0.00
290.00
405.00
242.00
107.00
205.00
85.00
23.00
0.00
0.00
9.00
0.00
181.00
219.00
42.00
213.00
4.00
136.00
33.00
54.00
348.00
705.00
17.00
0.00
58.00
100.00
7.00
0.00
197.00
151.00
93.00
67.00
8.00
0.00
209.00
759.00
4.00
9.00
44.00
3.00
19.00
204.00
303.00
37.00
24.00
1.00
4.00
285.00
172.00
1.00
14.00
18.00
0.00
41.00
135.00
42.00
54.00
46.00
46.00
168.00
103.00
5.00
233.00
83.00
154.00
102.00
1.00
0.00
170.00
77.00
109.00
32.00
40.00
3.00
1.00
10.00
122.00
27.00
77.00
66.00
26.00
4.00
6.00
24.00
97.00
67.00
157.00
80.00
3.00
79.00
159.00
140.00
33.00
694.00
126.00
134.00
111.00
99.00
9.00
82.00
59.00
27.00
339.00
5.00
34.00
199.00
377.00
174.00
144.00
68.00
2.00
0.00
117.00
40.00
0.00
0.00
1.00
784.00
44.00
161.00
1.00
63.00
218.00
254.00
105.00
5.00
45.00
8.00
125.00
24.00
2.00
1.00
1.00
5.00
32.00
165.00
846.00
437.00
0.00
95.00
96.00
158.00
72.00
203.00
43.00
71.00
39.00
0.00
50.00
83.00
10.00
149.00
30.00
401.00
18.00
42.00
0.00
416.00
112.00
344.00
252.00
66.00
0.00
65.00
131.00
62.00
0.00
0.00
0.00
0.00
0.00
0.00
0.00
0.00
0.00
0.00
0.00
0.00
0.00
0.00
5.00
0.00
121.00
0.00
0.00
0.00
1.00
62.00
280.00
452.00
175.00
0.00
0.00
0.00
0.00
0.00
0.00
0.00
0.00
0.00
0.00
0.00
0.00
0.00
0.00
0.00
0.00
0.00
0.00
0.00
0.00
0.00
0.00
0.00
0.00
0.00
0.00
0.00
0.00
0.00
0.00
0.00
0.00
0.00
0.00
0.00
0.00
0.00
0.00
0.00
0.00
0.00
0.00
0.00
0.00
0.00
0.00
0.00
0.00
0.00
0.00
0.00
0.00
0.00
0.00
0.00
0.00
0.00
0.00
0.00
0.00
0.00
0.00
0.00
0.00
0.00
0.00
0.00
0.00
0.00
0.00
0.00
0.00
0.00
0.00
0.00
0.00
0.00
0.00
0.00
0.00
0.00
2.00
0.00
0.00
0.00
0.00
0.00
0.00
0.00
0.00
0.00
0.00
0.00
0.00
0.00
0.00
0.00
0.00
0.00
0.00
0.00
0.00
0.00
0.00
0.00
0.00
0.00
5.00
12.00
0.00
0.00
0.00
0.00
0.00
0.00
0.00
0.00
0.00
41.00
104.00
0.00
202.00
0.00
72.00
134.00
0.00
0.00
0.00
0.00
0.00
0.00
63.00
0.00
70.00
0.00
0.00
0.00
0.00
134.00
0.00
0.00
0.00
178.00
391.00
19.00
0.00
1.00
351.00
253.00
598.00
0.00
0.00
0.00
0.00
0.00
0.00
0.00
0.00
0.00
14.00
5.00
0.00
0.00
888.00
587.00
69.00
703.00
7.00
409.00
173.00
0.00
0.00
13.00
61.00
2.00
350.00
0.00
0.00
19.00
0.00
51.00
0.00
0.00
44.00
0.00
0.00
0.00
26.00
85.00
406.00
1.00
108.00
0.00
121.00
6.00
104.00
75.00
0.00
0.00
2.00
22.00
0.00
32.00
218.00
566.00
208.00
295.00
93.00
449.00
394.00
28.00
0.00
57.00
93.00
183.00
426.00
53.00
409.00
67.00
3.00
28.00
130.00
287.00
223.00
604.00
0.00
0.00
72.00
122.00
318.00
247.00
152.00
81.00
65.00
28.00
94.00
71.00
14.00
39.00
52.00
70.00
57.00
4.00
2.00
67.00
149.00
180.00
306.00
298.00
42.00
314.00
113.00
40.00
24.00
75.00
124.00
100.00
210.00
34.00
321.00
11.00
36.00
66.00
375.00
77.00
7.00
53.00
3.00
69.00
142.00
140.00
143.00
20.00
16.00
2.00
0.00
98.00
810.00
130.00
4.00
42.00
37.00
17.00
136.00
285.00
166.00
208.00
101.00
49.00
631.00
108.00
277.00
181.00
135.00
192.00
67.00
115.00
127.00
135.00
1.00
106.00
105.00
50.00
11.00
47.00
33.00
0.00
81.00
567.00
3.00
21.00
26.00
0.00
4.00
271.00
209.00
21.00
1.00
24.00
0.00
0.00
1.00
10.00
116.00
359.00
111.00
24.00
92.00
254.00
1.00
56.00
69.00
734.00
300.00
48.00
0.00
0.00
0.00
13.00
6.00
0.00
0.00
0.00
0.00
879.00
654.00
535.00
563.00
1445.00
0.00
0.00
0.00
0.00
0.00
0.00
0.00
165.00
611.00
0.00
0.00
0.00
0.00
0.00
0.00
0.00
0.00
0.00
0.00
0.00
0.00
117.00
0.00
0.00
195.00
25.00
20.00
0.00
0.00
0.00
0.00
0.00
0.00
0.00
0.00
0.00
0.00
0.00
0.00
0.00
0.00
0.00
0.00
0.00
0.00
0.00
59.00
623.00
540.00
557.00
0.00
0.00
0.00
0.00
0.00
0.00
0.00
0.00
0.00
0.00
0.00
0.00
0.00
0.00
0.00
0.00
0.00
0.00
0.00
0.00
1.00
176.00
18.00
0.00
0.00
0.00
0.00
0.00
0.00
0.00
0.00
0.00
0.00
0.00
0.00
0.00
0.00
0.00
0.00
0.00
0.00
0.00
0.00
0.00
0.00
0.00
0.00
0.00
0.00
0.00
0.00
0.00
0.00
0.00
0.00
0.00
6.00
0.00
101.00
78.00
350.00
9.00
117.00
0.00
9.00
6.00
0.00
0.00
0.00
0.00
0.00
0.00
0.00
0.00
0.00
0.00
0.00
427.00
0.00
0.00
0.00
0.00
0.00
0.00
2.00
0.00
0.00
0.00
0.00
0.00
0.00
0.00
217.00
0.00
0.00
16.00
28.00
0.00
0.00
0.00
0.00
0.00
0.00
0.00
45.00
162.00
0.00
0.00
41.00
344.00
7.00
28.00
8.00
0.00
0.00
210.00
0.00
41.00
176.00
0.00
0.00
1.00
12.00
0.00
45.00
0.00
1.00
52.00
84.00
26.00
38.00
245.00
58.00
0.00
18.00
124.00
43.00
6.00
116.00
117.00
255.00
0.00
338.00
72.00
155.00
576.00
824.00
307.00
375.00
584.00
459.00
166.00
0.00
12.00
166.00
97.00
15.00
30.00
188.00
24.00
190.00
29.00
3.00
37.00
113.00
77.00
1.00
0.00
165.00
35.00
7.00
92.00
45.00
6.00
13.00
127.00
104.00
12.00
35.00
324.00
808.00
192.00
433.00
1065.00
65.00
579.00
1132.00
0.00
7.00
11.00
147.00
0.00
0.00
18.00
19.00
60.00
3.00
67.00
82.00
3.00
0.00
0.00
6.00
8.00
133.00
29.00
3.00
1.00
31.00
39.00
16.00
33.00
28.00
71.00
383.00
172.00
347.00
2.00
12.00
43.00
29.00
71.00
139.00
12.00
33.00
116.00
0.00
10.00
2.00
34.00
91.00
93.00
117.00
27.00
9.00
13.00
187.00
257.00
59.00
68.00
107.00
39.00
195.00
101.00
48.00
481.00
364.00
383.00
618.00
12.00
125.00
27.00
72.00
149.00
0.00
49.00
34.00
252.00
132.00
63.00
3.00
3.00
5.00
26.00
50.00
0.00
34.00
185.00
47.00
0.00
1.00
0.00
37.00
8.00
1.00
74.00
14.00
0.00
9.00
11.00
4.00
151.00
190.00
190.00
33.00
2.00
38.00
1.00
86.00
1.00
0.00
0.00
0.00
0.00
0.00
0.00
0.00
0.00
0.00
0.00
0.00
0.00
69.00
113.00
380.00
295.00
10.00
9.00
0.00
0.00
0.00
0.00
0.00
0.00
0.00
0.00
0.00
0.00
0.00
0.00
104.00
152.00
210.00
109.00
9.00
0.00
0.00
10.00
0.00
0.00
7.00
0.00
0.00
0.00
0.00
0.00
0.00
0.00
0.00
0.00
0.00
0.00
0.00
0.00
2.00
0.00
0.00
0.00
0.00
0.00
0.00
0.00
0.00
0.00
0.00
0.00
0.00
0.00
0.00
0.00
0.00
0.00
0.00
0.00
0.00
0.00
0.00
0.00
0.00
0.00
6.00
137.00
3.00
0.00
0.00
0.00
0.00
0.00
0.00
0.00
0.00
0.00
0.00
0.00
0.00
0.00
0.00
0.00
0.00
0.00
0.00
0.00
0.00
0.00
0.00
0.00
0.00
0.00
0.00
0.00
0.00
0.00
0.00
0.00
0.00
0.00
0.00
0.00
0.00
0.00
0.00
0.00
0.00
0.00
0.00
0.00
0.00
0.00
0.00
0.00
0.00
0.00
0.00
0.00
0.00
0.00
0.00
0.00
0.00
0.00
0.00
0.00
1.00
12.00
0.00
0.00
0.00
0.00
0.00
0.00
1.00
65.60
61.20
71.30
30.60
0.00
0.00
0.00
1.30
17.70
0.80
0.00
0.00
0.00
0.00
0.00
0.00
0.00
0.00
0.30
0.20
113.00
1.50
0.00
3.10
0.00
0.80
0.00
0.00
0.00
0.40
9.20
0.00
0.00
0.00
75.30
38.10
130.00
6.10
0.40
0.50
17.70
0.00
13.40
12.00
0.00
0.70
0.70
1.80
0.00
0.00
0.00
0.20
0.00
0.00
0.60
0.00
0.10
0.00
0.00
0.00
0.00
0.00
2.10
0.00
0.00
0.00
1.80
14.60
48.80
0.00
0.00
0.00
0.00
0.00
0.00
0.00
0.00
17.20
22.70
1.60
6.00
2.90
3.60
0.50
0.50
0.00
3.00
3.00
101.20
17.80
0.00
8.30
0.00
0.00
0.00
12.30
34.70
1.80
26.80
49.10
0.20
0.00
0.50
4.60
3.70
0.00
0.00
56.20
53.20
92.70
12.70
0.00
0.20
0.00
23.10
7.40
5.90
0.60
0.00
0.20
5.10
1.90
2.30
21.10
3.10
23.70
2.10
2.90
3.20
26.50
6.70
18.40
7.20
15.20
47.40
47.40
39.50
39.50
45.30
0.40
0.40
3.40
0.40
0.40
0.40
0.40
7.60
9.10
0.40
2.90
59.40
9.60
5.80
0.40
2.10
9.80
1.10
3.20
32.00
22.70
23.80
13.40
9.40
9.10
6.20
0.10
0.90
2.30
40.70
6.00
19.80
16.20
0.90
9.80
3.50
0.20
9.60
5.90
76.80
36.30
34.60
4.30
4.30
0.60
5.10
0.30
20.40
25.00
127.90
33.20
9.60
54.80
14.10
14.30
1.90
0.40
5.80
8.20
6.90
8.40
0.60
0.50
1.90
7.40
0.50
0.00
0.50
0.40
11.80
31.40
16.80
29.20
22.90
0.00
0.00
0.00
25.60
5.60
5.60
14.30
0.00
0.00
1.90
11.00
8.60
2.70
34.20
20.40
1.10
0.00
0.00
0.00
0.60
6.60
0.00
0.00
0.10
0.00
0.30
7.40
0.90
0.10
0.00
1.00
