20160101
0.00
0.00
0.00
0.00
0.00
0.00
0.00
0.00
3.00
0.00
0.00
0.00
0.00
0.00
0.00
0.00
0.00
0.00
0.00
0.00
11.00
0.00
0.00
0.00
0.00
1.00
0.00
0.00
0.00
0.00
0.00
0.00
0.00
0.00
0.00
0.00
0.00
0.00
0.00
0.00
0.00
0.00
0.00
0.00
0.00
0.00
0.00
0.00
0.00
0.00
1.00
0.00
2.00
31.00
35.00
0.00
34.00
0.00
0.00
0.00
1.00
0.00
1.00
0.00
0.00
2.00
0.00
0.00
0.00
1.00
0.00
0.00
0.00
0.00
0.00
4.00
0.00
0.00
13.00
0.00
1.00
0.00
4.00
0.00
0.00
0.00
0.00
358.00
0.00
161.00
376.00
51.00
7.00
22.00
140.00
73.00
0.00
0.00
0.00
0.00
0.00
0.00
0.00
0.00
50.00
76.00
83.00
61.00
0.00
29.00
12.00
88.00
75.00
0.00
0.00
118.00
1.00
5.00
7.00
0.00
32.00
184.00
77.00
6.00
119.00
1.00
1.00
0.00
0.00
0.00
0.00
0.00
65.00
0.00
0.00
10.00
7.00
93.00
257.00
86.00
168.00
619.00
0.00
8.00
51.00
10.00
0.00
0.00
36.00
5.00
0.00
4.00
0.00
13.00
39.00
137.00
18.00
54.00
8.00
13.00
28.00
203.00
17.00
21.00
20.00
0.00
65.00
50.00
50.00
98.00
36.00
106.00
56.00
111.00
4.00
87.00
12.00
58.00
14.00
14.00
47.00
147.00
149.00
47.00
23.00
23.00
10.00
21.00
272.00
62.00
47.00
11.00
17.00
28.00
3.00
33.00
39.00
139.00
7.00
0.00
1.00
24.00
78.00
96.00
95.00
19.00
204.00
9.00
1.00
40.00
73.00
70.00
160.00
34.00
4.00
0.00
5.00
93.00
139.00
34.00
19.00
16.00
5.00
38.00
126.00
66.00
12.00
2.00
14.00
6.00
0.00
11.00
466.00
9.00
0.00
57.00
0.00
63.00
2.00
9.00
0.00
31.00
118.00
122.00
8.00
6.00
2.00
42.00
14.00
7.00
4.00
9.00
106.00
1.00
17.00
15.00
6.00
19.00
89.00
111.00
155.00
27.00
49.00
153.00
5.00
11.00
37.00
0.00
169.00
12.00
65.00
0.00
5.00
13.00
1.00
4.00
1.00
0.00
0.00
8.00
29.00
44.00
8.00
0.00
0.00
111.00
0.00
0.00
0.00
2.00
0.00
0.00
0.00
0.00
0.00
0.00
0.00
0.00
0.00
0.00
40.00
49.00
53.00
9.00
31.00
0.00
12.00
5.00
67.00
222.00
107.00
4.00
0.00
0.00
0.00
0.00
0.00
0.00
0.00
0.00
0.00
0.00
0.00
0.00
0.00
0.00
0.00
0.00
0.00
0.00
0.00
0.00
0.00
0.00
0.00
0.00
1.00
0.00
0.00
0.00
0.00
0.00
0.00
0.00
0.00
0.00
0.00
0.00
0.00
0.00
0.00
0.00
0.00
0.00
0.00
0.00
0.00
0.00
1.00
0.00
0.00
0.00
0.00
0.00
0.00
0.00
0.00
0.00
1.00
0.00
0.00
0.00
0.00
0.00
0.00
0.00
0.00
0.00
0.00
0.00
0.00
0.00
0.00
0.00
0.00
0.00
0.00
0.00
0.00
0.00
0.00
0.00
8.00
0.00
0.00
0.00
0.00
0.00
0.00
0.00
0.00
0.00
0.00
0.00
0.00
0.00
0.00
0.00
0.00
0.00
0.00
0.00
0.00
0.00
0.00
0.00
0.00
0.00
0.00
0.00
0.00
0.00
0.00
0.00
0.00
0.00
0.00
0.00
0.00
42.00
12.00
0.00
185.00
0.00
106.00
30.00
0.00
0.00
0.00
0.00
0.00
0.00
101.00
1.00
57.00
0.00
0.00
0.00
0.00
39.00
0.00
0.00
2.00
17.00
172.00
9.00
1.00
0.00
575.00
164.00
26.00
0.00
0.00
0.00
0.00
0.00
0.00
0.00
0.00
0.00
18.00
0.00
0.00
0.00
157.00
26.00
180.00
69.00
107.00
61.00
49.00
0.00
1.00
16.00
0.00
3.00
39.00
0.00
0.00
0.00
0.00
3.00
0.00
0.00
91.00
0.00
1.00
0.00
45.00
2.00
155.00
4.00
3.00
0.00
19.00
0.00
71.00
0.00
0.00
0.00
0.00
14.00
59.00
27.00
136.00
285.00
7.00
10.00
25.00
122.00
23.00
0.00
54.00
23.00
124.00
252.00
72.00
122.00
72.00
146.00
0.00
165.00
29.00
5.00
1.00
8.00
0.00
0.00
8.00
20.00
5.00
35.00
60.00
7.00
12.00
188.00
186.00
19.00
2.00
54.00
81.00
103.00
3.00
25.00
81.00
91.00
15.00
285.00
37.00
187.00
90.00
27.00
0.00
150.00
138.00
67.00
95.00
87.00
12.00
61.00
63.00
47.00
28.00
7.00
57.00
101.00
32.00
60.00
24.00
60.00
42.00
20.00
70.00
41.00
3.00
7.00
0.00
33.00
41.00
18.00
2.00
1.00
81.00
56.00
1.00
23.00
8.00
39.00
31.00
35.00
0.00
47.00
57.00
432.00
14.00
30.00
48.00
61.00
98.00
9.00
14.00
0.00
0.00
3.00
40.00
31.00
41.00
14.00
111.00
5.00
48.00
101.00
34.00
29.00
50.00
305.00
39.00
94.00
109.00
0.00
21.00
25.00
0.00
55.00
533.00
20.00
50.00
1.00
0.00
22.00
168.00
15.00
0.00
4.00
11.00
5.00
16.00
65.00
7.00
3.00
5.00
0.00
0.00
0.00
0.00
0.00
2.00
80.00
54.00
122.00
0.00
0.00
0.00
0.00
0.00
0.00
3.00
172.00
106.00
4.00
1.00
0.00
0.00
0.00
0.00
0.00
0.00
0.00
0.00
0.00
0.00
6.00
0.00
5.00
214.00
29.00
17.00
0.00
0.00
0.00
0.00
0.00
0.00
0.00
0.00
0.00
0.00
0.00
0.00
0.00
0.00
0.00
0.00
0.00
0.00
0.00
84.00
322.00
143.00
91.00
0.00
0.00
0.00
0.00
0.00
0.00
0.00
0.00
1.00
0.00
0.00
0.00
0.00
0.00
9.00
0.00
0.00
0.00
0.00
0.00
30.00
319.00
55.00
0.00
0.00
0.00
0.00
0.00
0.00
0.00
0.00
0.00
0.00
0.00
0.00
0.00
0.00
0.00
0.00
0.00
0.00
0.00
0.00
0.00
0.00
0.00
0.00
0.00
0.00
0.00
0.00
0.00
0.00
0.00
0.00
0.00
0.00
0.00
7.00
3.00
123.00
6.00
10.00
0.00
0.00
0.00
0.00
0.00
0.00
0.00
0.00
0.00
0.00
0.00
0.00
0.00
0.00
77.00
0.00
0.00
0.00
0.00
0.00
0.00
0.00
0.00
0.00
0.00
0.00
0.00
0.00
0.00
40.00
0.00
0.00
0.00
176.00
0.00
0.00
0.00
0.00
0.00
0.00
0.00
0.00
0.00
0.00
0.00
0.00
84.00
5.00
0.00
113.00
49.00
0.00
0.00
0.00
16.00
68.00
0.00
0.00
0.00
10.00
0.00
2.00
0.00
0.00
56.00
24.00
14.00
4.00
95.00
2.00
0.00
0.00
6.00
4.00
51.00
0.00
55.00
61.00
1.00
30.00
0.00
5.00
159.00
648.00
621.00
241.00
154.00
280.00
589.00
6.00
77.00
3.00
0.00
1.00
0.00
0.00
0.00
0.00
0.00
25.00
3.00
0.00
0.00
0.00
0.00
2.00
62.00
5.00
1.00
6.00
17.00
478.00
506.00
200.00
1.00
7.00
338.00
111.00
218.00
418.00
263.00
38.00
99.00
73.00
0.00
0.00
11.00
0.00
0.00
22.00
27.00
9.00
0.00
21.00
37.00
32.00
39.00
10.00
1.00
1.00
12.00
0.00
0.00
4.00
6.00
54.00
3.00
53.00
65.00
32.00
12.00
36.00
13.00
38.00
2.00
12.00
0.00
31.00
31.00
182.00
43.00
2.00
45.00
7.00
0.00
94.00
17.00
98.00
183.00
57.00
10.00
0.00
0.00
20.00
84.00
60.00
1.00
28.00
43.00
31.00
74.00
15.00
9.00
110.00
27.00
0.00
6.00
17.00
47.00
53.00
23.00
8.00
46.00
11.00
25.00
13.00
37.00
2.00
3.00
33.00
15.00
30.00
4.00
14.00
37.00
0.00
2.00
0.00
31.00
203.00
27.00
0.00
0.00
1.00
4.00
47.00
5.00
54.00
74.00
163.00
2.00
43.00
7.00
121.00
7.00
0.00
0.00
7.00
0.00
0.00
0.00
0.00
0.00
0.00
0.00
0.00
0.00
0.00
3.00
194.00
155.00
562.00
332.00
39.00
0.00
0.00
0.00
0.00
0.00
0.00
0.00
0.00
0.00
0.00
0.00
0.00
0.00
93.00
19.00
111.00
67.00
40.00
0.00
0.00
0.00
0.00
0.00
0.00
0.00
0.00
0.00
0.00
0.00
0.00
0.00
0.00
0.00
0.00
0.00
0.00
0.00
0.00
0.00
0.00
0.00
0.00
0.00
0.00
0.00
0.00
0.00
0.00
0.00
0.00
0.00
0.00
0.00
0.00
0.00
0.00
0.00
0.00
2.00
0.00
0.00
7.00
0.00
34.00
16.00
55.00
0.00
0.00
0.00
0.00
0.00
0.00
0.00
0.00
0.00
0.00
0.00
0.00
0.00
0.00
0.00
0.00
0.00
0.00
0.00
0.00
0.00
0.00
0.00
0.00
0.00
0.00
0.00
0.00
0.00
0.00
0.00
0.00
0.00
0.00
0.00
0.00
0.00
0.00
0.00
0.00
0.00
1.00
0.00
0.00
0.00
0.00
0.00
0.00
0.00
0.00
0.00
0.00
0.00
0.00
0.00
0.00
0.00
0.00
0.00
0.00
0.00
0.00
0.00
0.00
0.00
0.00
0.00
0.10
163.10
180.00
105.00
62.70
0.00
0.00
0.10
5.60
53.60
0.20
0.00
0.00
0.00
0.00
0.00
0.00
0.00
0.00
0.00
0.10
1.90
0.90
0.00
0.00
0.00
0.90
0.00
0.00
0.00
0.00
0.00
0.00
0.00
0.00
66.70
15.50
52.00
10.30
0.00
3.10
2.40
0.90
17.50
66.80
0.00
0.00
0.00
0.00
0.00
0.00
0.00
0.00
0.00
0.00
0.00
0.00
1.70
0.00
0.00
0.00
0.00
0.00
0.00
0.00
0.00
0.00
0.20
1.60
3.10
0.00
0.00
0.00
0.00
0.00
0.00
0.00
0.00
0.20
6.50
0.00
0.50
4.70
0.00
0.00
0.00
0.00
0.30
0.30
41.40
0.20
0.00
0.00
0.00
0.00
0.00
0.50
1.00
0.00
0.70
2.20
0.00
3.60
9.60
0.10
1.80
1.50
0.10
5.60
1.80
6.60
1.60
0.00
0.00
2.30
0.80
6.10
3.60
0.10
0.00
2.00
2.00
6.20
1.30
0.00
6.90
0.50
4.80
0.40
0.00
4.90
2.20
3.90
2.60
1.00
1.00
1.00
13.00
13.00
11.30
1.80
1.80
0.00
5.10
1.80
1.80
1.80
0.00
4.40
6.20
1.40
11.20
12.00
8.80
0.10
1.70
7.50
1.00
0.50
10.10
6.80
0.20
40.50
7.20
3.70
7.30
0.10
4.40
9.70
0.70
2.30
8.60
0.00
0.40
1.60
0.60
3.70
7.30
1.10
2.00
6.80
30.50
0.50
0.00
0.50
14.80
0.00
1.10
1.30
11.60
0.50
0.60
2.20
0.90
0.20
2.20
1.50
0.20
3.50
6.60
4.30
0.70
0.30
29.10
9.40
0.40
3.10
10.30
9.70
6.50
25.40
30.90
36.60
20.10
4.40
7.10
2.40
15.20
2.00
2.00
0.50
0.00
0.00
0.20
1.50
5.00
3.30
4.40
4.10
0.10
0.00
0.00
4.60
28.20
0.80
0.00
0.00
0.10
0.00
0.60
1.80
1.10
2.90
1.80
4.50
