20160101
0.00
0.00
0.00
0.00
0.00
0.00
0.00
0.00
0.00
0.00
0.00
0.00
0.00
0.00
0.00
0.00
0.00
0.00
0.00
24.00
0.00
0.00
0.00
0.00
0.00
0.00
0.00
0.00
0.00
0.00
0.00
0.00
0.00
0.00
0.00
0.00
0.00
0.00
0.00
0.00
0.00
18.00
1.00
0.00
0.00
0.00
0.00
0.00
0.00
0.00
1.00
0.00
0.00
86.00
114.00
0.00
32.00
0.00
0.00
0.00
0.00
0.00
0.00
0.00
0.00
406.00
0.00
0.00
1.00
0.00
0.00
0.00
0.00
0.00
0.00
1.00
0.00
18.00
0.00
18.00
0.00
0.00
0.00
0.00
0.00
0.00
0.00
35.00
362.00
579.00
356.00
6.00
1.00
103.00
173.00
1.00
0.00
0.00
0.00
0.00
0.00
0.00
0.00
0.00
0.00
0.00
143.00
1.00
0.00
0.00
0.00
0.00
0.00
0.00
0.00
0.00
0.00
2.00
0.00
0.00
0.00
25.00
359.00
32.00
0.00
0.00
169.00
107.00
4.00
11.00
5.00
3.00
62.00
1052.00
2.00
54.00
0.00
79.00
21.00
94.00
612.00
1433.00
0.00
0.00
214.00
155.00
43.00
6.00
406.00
20.00
27.00
50.00
0.00
0.00
0.00
0.00
1.00
25.00
247.00
0.00
7.00
0.00
756.00
131.00
66.00
13.00
1.00
7.00
55.00
0.00
6.00
0.00
2.00
36.00
45.00
7.00
11.00
120.00
13.00
177.00
24.00
1.00
118.00
61.00
196.00
40.00
49.00
103.00
164.00
83.00
36.00
32.00
0.00
21.00
3.00
7.00
162.00
267.00
411.00
189.00
188.00
51.00
1.00
8.00
59.00
7.00
51.00
6.00
29.00
24.00
206.00
187.00
633.00
131.00
39.00
58.00
23.00
43.00
2.00
3.00
7.00
87.00
355.00
39.00
4.00
321.00
208.00
164.00
297.00
93.00
2.00
0.00
191.00
167.00
0.00
1.00
0.00
846.00
37.00
237.00
485.00
4.00
31.00
279.00
60.00
223.00
51.00
9.00
42.00
6.00
0.00
3.00
29.00
24.00
96.00
275.00
166.00
10.00
1.00
13.00
72.00
5.00
80.00
73.00
18.00
153.00
5.00
95.00
115.00
95.00
99.00
282.00
0.00
342.00
20.00
20.00
8.00
436.00
127.00
48.00
104.00
45.00
4.00
62.00
73.00
57.00
0.00
0.00
0.00
0.00
0.00
0.00
0.00
0.00
0.00
0.00
0.00
2.00
0.00
0.00
54.00
10.00
53.00
0.00
0.00
0.00
0.00
47.00
298.00
411.00
3.00
0.00
0.00
0.00
0.00
0.00
0.00
0.00
0.00
0.00
0.00
0.00
0.00
0.00
0.00
0.00
0.00
0.00
0.00
0.00
0.00
0.00
0.00
0.00
0.00
0.00
0.00
0.00
0.00
0.00
0.00
28.00
0.00
0.00
0.00
0.00
0.00
0.00
0.00
0.00
0.00
0.00
0.00
0.00
0.00
0.00
0.00
0.00
0.00
0.00
0.00
0.00
0.00
0.00
0.00
0.00
0.00
0.00
0.00
0.00
0.00
0.00
0.00
0.00
0.00
0.00
0.00
0.00
0.00
0.00
0.00
0.00
0.00
0.00
0.00
0.00
0.00
0.00
0.00
0.00
0.00
0.00
6.00
0.00
0.00
0.00
0.00
0.00
0.00
0.00
0.00
0.00
0.00
0.00
0.00
0.00
0.00
0.00
0.00
0.00
0.00
0.00
0.00
0.00
0.00
0.00
0.00
0.00
0.00
0.00
0.00
0.00
0.00
0.00
0.00
0.00
0.00
0.00
0.00
93.00
0.00
0.00
131.00
13.00
145.00
275.00
0.00
0.00
0.00
0.00
0.00
0.00
132.00
5.00
37.00
0.00
0.00
0.00
0.00
78.00
0.00
6.00
29.00
90.00
244.00
0.00
0.00
0.00
138.00
8.00
497.00
0.00
0.00
0.00
0.00
0.00
0.00
0.00
0.00
0.00
5.00
0.00
0.00
55.00
623.00
7.00
89.00
1008.00
31.00
263.00
126.00
0.00
5.00
0.00
58.00
1.00
490.00
0.00
0.00
0.00
0.00
9.00
0.00
0.00
371.00
0.00
0.00
0.00
137.00
128.00
632.00
8.00
91.00
0.00
157.00
0.00
0.00
0.00
0.00
0.00
0.00
33.00
1.00
14.00
175.00
251.00
112.00
585.00
15.00
0.00
384.00
116.00
0.00
0.00
128.00
34.00
272.00
286.00
471.00
51.00
0.00
26.00
515.00
196.00
224.00
402.00
29.00
1.00
98.00
6.00
62.00
21.00
13.00
5.00
45.00
15.00
113.00
272.00
62.00
252.00
527.00
52.00
3.00
5.00
3.00
66.00
225.00
161.00
190.00
79.00
47.00
45.00
231.00
312.00
83.00
391.00
816.00
424.00
25.00
118.00
303.00
79.00
184.00
39.00
54.00
75.00
11.00
2.00
6.00
196.00
70.00
130.00
116.00
3.00
19.00
0.00
55.00
196.00
423.00
436.00
81.00
338.00
105.00
68.00
132.00
161.00
81.00
95.00
339.00
140.00
51.00
89.00
34.00
76.00
197.00
40.00
42.00
112.00
234.00
129.00
17.00
374.00
40.00
2.00
82.00
46.00
42.00
126.00
483.00
812.00
4.00
29.00
5.00
0.00
20.00
194.00
245.00
243.00
40.00
73.00
0.00
10.00
16.00
59.00
57.00
302.00
89.00
76.00
86.00
150.00
0.00
4.00
1.00
4.00
64.00
4.00
21.00
3.00
0.00
0.00
4.00
0.00
11.00
98.00
0.00
1.00
97.00
575.00
993.00
664.00
0.00
0.00
0.00
0.00
0.00
0.00
0.00
51.00
115.00
0.00
0.00
0.00
0.00
0.00
0.00
0.00
0.00
0.00
0.00
0.00
0.00
127.00
0.00
3.00
396.00
51.00
12.00
0.00
0.00
0.00
0.00
0.00
0.00
0.00
0.00
0.00
0.00
0.00
0.00
0.00
0.00
0.00
0.00
0.00
0.00
3.00
11.00
335.00
509.00
2.00
0.00
0.00
0.00
0.00
0.00
0.00
0.00
0.00
0.00
0.00
0.00
0.00
0.00
0.00
0.00
0.00
0.00
0.00
0.00
0.00
35.00
336.00
0.00
0.00
0.00
0.00
0.00
0.00
0.00
0.00
0.00
0.00
0.00
0.00
0.00
0.00
0.00
0.00
0.00
0.00
0.00
0.00
0.00
0.00
0.00
0.00
0.00
0.00
0.00
0.00
0.00
0.00
0.00
0.00
0.00
0.00
0.00
0.00
630.00
481.00
963.00
126.00
47.00
0.00
117.00
138.00
0.00
0.00
0.00
0.00
0.00
9.00
0.00
0.00
0.00
0.00
0.00
195.00
0.00
0.00
0.00
0.00
0.00
0.00
23.00
0.00
0.00
0.00
0.00
0.00
0.00
0.00
6.00
0.00
20.00
52.00
2.00
0.00
0.00
0.00
0.00
0.00
0.00
0.00
7.00
8.00
0.00
38.00
0.00
214.00
173.00
0.00
27.00
0.00
0.00
17.00
269.00
349.00
8.00
0.00
2.00
77.00
70.00
0.00
334.00
0.00
35.00
197.00
55.00
198.00
212.00
328.00
203.00
0.00
0.00
8.00
127.00
0.00
0.00
313.00
97.00
25.00
284.00
2.00
167.00
1001.00
97.00
133.00
8.00
195.00
390.00
442.00
0.00
75.00
30.00
12.00
30.00
1.00
356.00
100.00
174.00
342.00
117.00
60.00
31.00
14.00
0.00
0.00
7.00
1.00
100.00
167.00
288.00
0.00
28.00
272.00
12.00
3.00
20.00
166.00
488.00
809.00
27.00
713.00
10.00
31.00
172.00
79.00
4.00
2.00
281.00
0.00
0.00
5.00
65.00
37.00
88.00
31.00
9.00
10.00
24.00
8.00
9.00
10.00
175.00
114.00
28.00
9.00
16.00
0.00
3.00
6.00
12.00
54.00
347.00
298.00
105.00
0.00
21.00
19.00
24.00
32.00
131.00
39.00
244.00
251.00
64.00
21.00
11.00
161.00
42.00
5.00
50.00
18.00
163.00
6.00
18.00
105.00
28.00
12.00
7.00
3.00
43.00
14.00
33.00
120.00
261.00
55.00
311.00
178.00
333.00
60.00
83.00
131.00
2.00
18.00
56.00
80.00
93.00
56.00
0.00
1.00
2.00
4.00
12.00
43.00
7.00
277.00
32.00
0.00
0.00
0.00
0.00
21.00
21.00
86.00
16.00
6.00
8.00
1.00
0.00
56.00
131.00
189.00
4.00
0.00
9.00
3.00
206.00
27.00
3.00
0.00
0.00
0.00
0.00
0.00
0.00
0.00
0.00
0.00
0.00
0.00
34.00
116.00
216.00
162.00
45.00
0.00
0.00
0.00
0.00
0.00
0.00
0.00
0.00
0.00
0.00
0.00
0.00
0.00
1.00
83.00
159.00
36.00
0.00
0.00
0.00
0.00
0.00
39.00
1.00
0.00
0.00
0.00
0.00
0.00
0.00
0.00
0.00
0.00
0.00
0.00
0.00
0.00
20.00
0.00
0.00
0.00
0.00
0.00
0.00
0.00
0.00
0.00
0.00
0.00
0.00
0.00
0.00
10.00
2.00
0.00
0.00
0.00
0.00
0.00
0.00
0.00
0.00
0.00
15.00
94.00
24.00
0.00
0.00
0.00
0.00
0.00
0.00
0.00
0.00
0.00
0.00
0.00
0.00
0.00
0.00
0.00
0.00
0.00
0.00
0.00
0.00
0.00
0.00
0.00
0.00
0.00
0.00
0.00
0.00
0.00
0.00
0.00
0.00
0.00
0.00
0.00
0.00
0.00
0.00
0.00
0.00
0.00
0.00
0.00
0.00
0.00
0.00
0.00
0.00
0.00
0.00
0.00
0.00
0.00
0.00
0.00
0.00
0.00
0.00
0.00
1.00
3.00
0.00
0.00
0.00
0.00
0.00
0.00
1.80
37.40
25.70
38.00
8.00
0.00
0.00
0.00
0.90
5.00
0.00
0.00
0.00
0.00
0.00
0.00
0.00
0.00
2.70
7.20
0.90
54.40
0.30
0.00
0.00
0.00
2.00
0.00
0.00
0.00
0.70
0.00
0.00
0.00
1.10
36.50
1.60
85.20
22.10
0.00
1.20
89.40
0.60
16.70
23.10
2.20
5.00
2.40
19.00
0.00
0.00
3.70
0.00
0.00
0.00
0.00
4.00
0.00
0.00
0.00
0.00
0.00
0.00
0.00
0.00
0.00
0.00
0.00
81.20
51.40
0.00
0.00
0.00
0.00
0.00
0.00
0.10
0.10
17.70
0.30
0.70
0.00
3.20
0.00
11.10
11.10
0.00
31.20
31.20
68.50
3.90
0.00
2.20
0.00
0.00
2.80
6.60
11.10
26.00
13.30
41.90
9.60
1.50
2.60
1.00
1.40
0.00
0.00
1.60
16.10
37.90
77.00
0.00
11.00
5.70
1.00
1.00
3.90
0.30
0.00
0.00
6.30
3.70
2.90
1.80
0.10
4.10
0.70
0.30
1.60
1.10
1.20
3.60
9.40
19.10
30.60
30.60
38.30
38.30
49.50
0.00
0.00
0.00
3.90
0.00
0.00
0.00
0.50
5.90
2.40
7.00
61.30
7.70
2.90
0.10
2.80
56.70
4.80
2.30
2.00
4.50
34.30
42.80
5.30
5.90
28.10
2.40
1.20
18.30
25.90
31.70
53.00
31.40
0.70
0.20
0.00
0.10
4.30
3.00
9.40
21.50
22.30
0.80
0.30
0.00
3.10
0.00
1.30
7.30
33.70
76.80
8.30
17.30
0.10
0.00
0.80
2.10
2.40
2.70
3.40
29.30
8.50
0.20
0.20
0.50
0.10
0.30
0.10
0.50
12.90
7.20
5.50
30.20
38.80
2.90
1.60
7.50
22.40
12.70
12.70
9.10
0.20
1.40
15.10
4.70
9.40
0.10
11.40
10.50
0.00
0.10
0.00
0.00
0.00
7.30
0.00
0.00
0.00
0.00
0.10
3.20
1.30
0.10
0.00
2.30
