20160101
0.00
0.00
0.00
0.00
0.00
0.00
0.00
0.00
0.00
0.00
0.00
0.00
0.00
0.00
0.00
0.00
0.00
0.00
0.00
2.00
0.00
0.00
0.00
0.00
0.00
0.00
0.00
0.00
0.00
0.00
0.00
0.00
0.00
0.00
0.00
0.00
0.00
0.00
75.00
0.00
0.00
0.00
0.00
0.00
0.00
0.00
0.00
0.00
0.00
0.00
18.00
0.00
1.00
0.00
19.00
0.00
61.00
0.00
0.00
0.00
0.00
3.00
0.00
0.00
1.00
0.00
0.00
0.00
0.00
0.00
0.00
1.00
0.00
2.00
21.00
2.00
0.00
0.00
0.00
1.00
0.00
0.00
0.00
0.00
0.00
0.00
0.00
0.00
0.00
155.00
711.00
0.00
18.00
68.00
0.00
155.00
0.00
0.00
0.00
0.00
0.00
0.00
0.00
0.00
0.00
0.00
0.00
0.00
0.00
0.00
0.00
0.00
0.00
0.00
0.00
0.00
0.00
18.00
0.00
0.00
0.00
86.00
46.00
0.00
4.00
0.00
15.00
307.00
5.00
7.00
1.00
0.00
4.00
335.00
7.00
1.00
0.00
34.00
51.00
98.00
193.00
144.00
0.00
0.00
188.00
45.00
43.00
0.00
47.00
0.00
47.00
7.00
1.00
0.00
0.00
0.00
0.00
8.00
31.00
12.00
2.00
0.00
1490.00
152.00
73.00
8.00
1.00
3.00
88.00
28.00
2.00
15.00
12.00
105.00
4.00
1.00
6.00
8.00
1.00
13.00
17.00
1.00
50.00
122.00
125.00
82.00
392.00
392.00
82.00
70.00
21.00
0.00
5.00
4.00
45.00
9.00
164.00
267.00
259.00
37.00
27.00
10.00
12.00
86.00
121.00
93.00
183.00
13.00
0.00
22.00
96.00
287.00
190.00
116.00
26.00
15.00
13.00
19.00
76.00
13.00
24.00
141.00
202.00
100.00
17.00
18.00
48.00
85.00
252.00
352.00
43.00
3.00
186.00
1270.00
16.00
12.00
7.00
216.00
20.00
18.00
207.00
45.00
22.00
39.00
279.00
167.00
158.00
20.00
23.00
32.00
29.00
27.00
6.00
21.00
63.00
171.00
234.00
6.00
5.00
18.00
403.00
0.00
109.00
605.00
119.00
30.00
5.00
145.00
86.00
34.00
23.00
181.00
0.00
9.00
9.00
16.00
1.00
65.00
11.00
73.00
39.00
153.00
25.00
72.00
4.00
3.00
0.00
0.00
0.00
0.00
0.00
0.00
0.00
0.00
0.00
0.00
0.00
9.00
0.00
30.00
412.00
71.00
39.00
0.00
0.00
0.00
15.00
172.00
797.00
451.00
0.00
0.00
0.00
0.00
0.00
0.00
0.00
0.00
0.00
0.00
0.00
0.00
0.00
0.00
0.00
0.00
0.00
0.00
0.00
0.00
0.00
0.00
0.00
0.00
0.00
0.00
0.00
0.00
0.00
0.00
0.00
0.00
0.00
0.00
0.00
2.00
0.00
0.00
0.00
0.00
0.00
0.00
0.00
0.00
0.00
0.00
0.00
0.00
0.00
0.00
0.00
0.00
0.00
0.00
0.00
0.00
0.00
0.00
0.00
0.00
0.00
0.00
0.00
0.00
0.00
0.00
0.00
0.00
0.00
0.00
0.00
0.00
0.00
0.00
0.00
0.00
0.00
0.00
0.00
0.00
0.00
0.00
34.00
0.00
0.00
0.00
0.00
0.00
0.00
0.00
0.00
0.00
0.00
0.00
0.00
0.00
0.00
0.00
0.00
0.00
0.00
0.00
0.00
0.00
0.00
0.00
0.00
0.00
0.00
0.00
0.00
0.00
0.00
0.00
0.00
0.00
0.00
0.00
0.00
0.00
0.00
0.00
34.00
1.00
313.00
97.00
0.00
0.00
0.00
0.00
0.00
0.00
38.00
4.00
98.00
2.00
0.00
0.00
0.00
2.00
2.00
0.00
16.00
136.00
0.00
0.00
0.00
0.00
43.00
0.00
96.00
0.00
9.00
0.00
0.00
0.00
0.00
0.00
0.00
0.00
0.00
1.00
0.00
35.00
449.00
0.00
560.00
348.00
294.00
105.00
1.00
0.00
34.00
0.00
19.00
21.00
202.00
0.00
0.00
0.00
2.00
3.00
0.00
0.00
156.00
0.00
0.00
0.00
38.00
6.00
748.00
1.00
798.00
12.00
0.00
0.00
0.00
0.00
0.00
0.00
0.00
190.00
0.00
15.00
179.00
272.00
454.00
646.00
33.00
0.00
0.00
627.00
0.00
0.00
156.00
26.00
1.00
997.00
448.00
7.00
15.00
162.00
146.00
127.00
144.00
391.00
0.00
26.00
37.00
0.00
4.00
1.00
3.00
7.00
17.00
0.00
29.00
26.00
58.00
318.00
115.00
234.00
61.00
8.00
11.00
92.00
453.00
327.00
127.00
0.00
11.00
2.00
97.00
179.00
89.00
237.00
494.00
49.00
26.00
45.00
542.00
239.00
452.00
28.00
6.00
64.00
19.00
2.00
65.00
125.00
136.00
96.00
43.00
45.00
56.00
0.00
4.00
132.00
343.00
297.00
55.00
363.00
44.00
36.00
56.00
43.00
31.00
18.00
312.00
479.00
90.00
14.00
7.00
135.00
91.00
25.00
97.00
187.00
40.00
9.00
28.00
109.00
68.00
28.00
1.00
70.00
36.00
20.00
147.00
486.00
4.00
9.00
4.00
2.00
18.00
112.00
165.00
176.00
58.00
14.00
0.00
0.00
1.00
6.00
128.00
68.00
496.00
225.00
26.00
67.00
19.00
0.00
27.00
3.00
34.00
0.00
113.00
451.00
0.00
0.00
1.00
0.00
0.00
0.00
0.00
1.00
0.00
125.00
1278.00
278.00
0.00
0.00
10.00
0.00
0.00
0.00
0.00
10.00
7.00
0.00
0.00
0.00
0.00
0.00
0.00
0.00
0.00
0.00
0.00
0.00
0.00
89.00
0.00
28.00
530.00
42.00
13.00
0.00
0.00
0.00
0.00
0.00
0.00
0.00
0.00
0.00
0.00
0.00
0.00
0.00
0.00
0.00
0.00
0.00
0.00
0.00
17.00
22.00
74.00
5.00
0.00
0.00
0.00
0.00
0.00
0.00
0.00
0.00
0.00
0.00
0.00
0.00
0.00
0.00
0.00
0.00
0.00
0.00
0.00
0.00
0.00
52.00
0.00
0.00
0.00
0.00
0.00
0.00
0.00
0.00
0.00
0.00
0.00
0.00
0.00
0.00
0.00
0.00
0.00
0.00
0.00
0.00
0.00
0.00
0.00
0.00
0.00
0.00
0.00
0.00
0.00
0.00
0.00
0.00
0.00
0.00
0.00
0.00
586.00
405.00
292.00
355.00
210.00
2.00
149.00
148.00
0.00
0.00
0.00
0.00
0.00
0.00
0.00
0.00
0.00
0.00
245.00
249.00
0.00
0.00
0.00
0.00
0.00
0.00
77.00
0.00
0.00
0.00
0.00
0.00
0.00
0.00
0.00
0.00
67.00
85.00
0.00
0.00
0.00
0.00
0.00
0.00
0.00
9.00
62.00
0.00
0.00
15.00
0.00
205.00
361.00
4.00
30.00
0.00
7.00
81.00
214.00
364.00
3.00
7.00
0.00
33.00
174.00
0.00
127.00
0.00
55.00
51.00
21.00
88.00
0.00
0.00
92.00
26.00
0.00
71.00
19.00
0.00
0.00
213.00
174.00
5.00
399.00
1.00
149.00
1034.00
1.00
0.00
0.00
0.00
32.00
193.00
0.00
39.00
6.00
0.00
21.00
0.00
89.00
0.00
53.00
458.00
3.00
262.00
0.00
79.00
0.00
0.00
0.00
0.00
151.00
393.00
196.00
13.00
17.00
5.00
0.00
0.00
0.00
0.00
395.00
172.00
28.00
318.00
0.00
3.00
52.00
67.00
5.00
0.00
294.00
99.00
0.00
0.00
12.00
20.00
39.00
18.00
66.00
7.00
1.00
0.00
39.00
18.00
186.00
150.00
0.00
14.00
1.00
0.00
21.00
8.00
3.00
33.00
98.00
124.00
24.00
7.00
55.00
0.00
132.00
21.00
42.00
28.00
474.00
223.00
405.00
58.00
59.00
70.00
12.00
39.00
20.00
8.00
2.00
44.00
20.00
29.00
211.00
7.00
0.00
5.00
8.00
17.00
50.00
23.00
104.00
12.00
36.00
192.00
57.00
253.00
79.00
15.00
5.00
116.00
19.00
17.00
14.00
10.00
49.00
3.00
1.00
1.00
4.00
102.00
0.00
89.00
0.00
0.00
11.00
0.00
3.00
10.00
122.00
296.00
28.00
108.00
3.00
1.00
0.00
4.00
65.00
98.00
40.00
12.00
0.00
1.00
45.00
4.00
75.00
0.00
0.00
0.00
0.00
0.00
0.00
0.00
1.00
0.00
0.00
0.00
33.00
180.00
79.00
176.00
30.00
0.00
0.00
0.00
0.00
0.00
0.00
0.00
0.00
0.00
0.00
2.00
0.00
0.00
5.00
20.00
23.00
12.00
0.00
0.00
0.00
0.00
0.00
82.00
0.00
0.00
0.00
0.00
0.00
0.00
1.00
0.00
0.00
0.00
0.00
0.00
0.00
0.00
3.00
0.00
0.00
0.00
0.00
0.00
0.00
0.00
0.00
0.00
0.00
0.00
0.00
0.00
0.00
0.00
0.00
0.00
0.00
0.00
0.00
0.00
0.00
0.00
0.00
0.00
46.00
139.00
15.00
0.00
0.00
0.00
0.00
0.00
0.00
0.00
0.00
0.00
0.00
0.00
0.00
0.00
0.00
0.00
0.00
0.00
0.00
0.00
0.00
0.00
0.00
0.00
0.00
0.00
0.00
0.00
0.00
0.00
0.00
0.00
0.00
0.00
0.00
0.00
0.00
0.00
0.00
1.00
1.00
0.00
0.00
0.00
0.00
0.00
0.00
0.00
0.00
0.00
0.00
0.00
2.00
0.00
0.00
0.00
0.00
0.00
0.00
0.00
0.00
11.00
0.00
0.00
0.00
0.00
0.00
0.00
1.50
40.90
29.80
47.40
8.80
0.00
0.00
0.00
0.50
0.90
0.00
0.00
0.00
0.00
0.00
0.10
0.00
0.00
10.10
6.00
0.00
44.30
3.50
0.10
0.00
0.00
1.80
0.00
0.00
0.00
1.90
0.10
0.00
0.00
1.90
36.70
0.00
10.50
1.70
0.00
0.30
70.00
0.40
1.70
24.60
23.00
2.20
0.50
13.50
0.00
0.00
6.70
0.20
0.00
0.00
0.00
7.00
0.00
0.00
0.00
0.00
0.00
4.10
0.00
0.00
0.10
0.10
0.00
77.30
0.10
0.00
0.00
0.00
0.00
0.00
0.00
0.00
0.00
4.00
1.00
0.00
0.00
0.00
0.00
3.30
3.30
0.00
25.50
25.50
63.60
3.60
0.00
0.00
0.00
0.00
0.70
1.30
2.20
8.00
0.40
0.50
38.20
0.20
0.10
8.20
6.70
0.00
0.00
0.00
2.60
1.10
38.10
0.10
0.60
0.70
1.10
0.00
0.30
0.30
0.00
0.00
0.00
3.30
6.90
9.80
0.00
0.90
5.30
6.80
2.70
0.00
0.80
52.60
3.40
4.80
4.70
4.70
25.40
25.40
23.60
0.40
0.40
4.50
0.00
0.40
0.40
0.40
0.10
0.50
1.60
20.60
14.30
13.40
7.00
0.20
4.90
8.50
5.10
1.30
1.90
0.00
4.40
27.70
7.70
3.20
28.40
2.80
0.20
17.20
25.60
36.80
43.90
8.70
4.50
3.00
0.00
0.10
0.80
0.10
18.00
26.00
16.20
1.30
0.00
0.00
2.50
0.00
0.50
2.90
30.40
30.50
0.90
6.10
3.90
0.00
0.60
1.10
22.10
0.50
1.90
8.80
3.20
0.50
0.00
1.50
0.00
0.00
0.00
3.90
5.10
39.50
1.00
14.30
51.70
4.50
5.20
6.20
5.40
3.80
3.80
8.10
0.50
9.30
0.30
21.50
1.00
1.70
21.20
6.00
0.00
0.40
0.10
0.00
0.10
4.40
0.00
0.00
0.10
0.00
2.50
2.10
0.20
0.20
0.30
18.10
