20160101
0.00
0.00
0.00
0.00
0.00
0.00
0.00
0.00
0.00
0.00
0.00
0.00
0.00
0.00
0.00
0.00
0.00
0.00
0.00
0.00
28.00
0.00
0.00
0.00
0.00
0.00
0.00
0.00
0.00
0.00
0.00
0.00
0.00
0.00
0.00
0.00
0.00
0.00
0.00
0.00
0.00
0.00
0.00
0.00
0.00
0.00
0.00
0.00
0.00
0.00
8.00
0.00
1.00
18.00
112.00
8.00
16.00
1.00
0.00
0.00
0.00
0.00
0.00
0.00
0.00
0.00
0.00
0.00
0.00
0.00
0.00
0.00
0.00
0.00
0.00
0.00
0.00
0.00
23.00
0.00
1.00
0.00
0.00
0.00
0.00
0.00
0.00
121.00
2.00
50.00
282.00
3.00
7.00
13.00
103.00
45.00
0.00
0.00
0.00
0.00
0.00
0.00
0.00
0.00
50.00
28.00
37.00
39.00
0.00
20.00
6.00
72.00
27.00
3.00
0.00
63.00
2.00
0.00
23.00
0.00
0.00
140.00
46.00
0.00
30.00
1.00
0.00
0.00
0.00
0.00
0.00
0.00
327.00
0.00
0.00
2.00
0.00
89.00
266.00
113.00
133.00
468.00
1.00
0.00
6.00
12.00
0.00
0.00
0.00
0.00
0.00
8.00
2.00
14.00
3.00
4.00
1.00
47.00
157.00
17.00
30.00
336.00
48.00
29.00
34.00
0.00
109.00
122.00
53.00
42.00
28.00
180.00
56.00
110.00
3.00
97.00
36.00
103.00
0.00
2.00
1.00
60.00
73.00
54.00
40.00
6.00
15.00
16.00
213.00
72.00
9.00
23.00
36.00
8.00
20.00
17.00
68.00
152.00
12.00
0.00
7.00
58.00
75.00
72.00
185.00
148.00
160.00
1.00
9.00
61.00
53.00
325.00
182.00
41.00
7.00
0.00
3.00
100.00
87.00
7.00
7.00
15.00
5.00
31.00
16.00
70.00
2.00
17.00
15.00
21.00
0.00
5.00
634.00
2.00
0.00
46.00
0.00
32.00
104.00
6.00
0.00
19.00
42.00
55.00
3.00
1.00
1.00
19.00
11.00
49.00
1.00
14.00
384.00
30.00
46.00
5.00
18.00
0.00
0.00
101.00
13.00
20.00
133.00
262.00
1.00
0.00
0.00
0.00
29.00
1.00
7.00
0.00
0.00
0.00
0.00
32.00
0.00
1.00
88.00
0.00
2.00
0.00
0.00
79.00
4.00
37.00
17.00
0.00
0.00
0.00
0.00
14.00
0.00
0.00
0.00
0.00
0.00
0.00
0.00
9.00
98.00
35.00
54.00
10.00
13.00
0.00
59.00
1.00
27.00
217.00
146.00
0.00
0.00
0.00
0.00
0.00
0.00
0.00
0.00
0.00
0.00
0.00
0.00
0.00
0.00
0.00
0.00
0.00
0.00
0.00
0.00
0.00
0.00
0.00
0.00
1.00
2.00
0.00
0.00
0.00
0.00
0.00
0.00
0.00
0.00
0.00
0.00
0.00
0.00
0.00
0.00
0.00
0.00
0.00
0.00
0.00
0.00
0.00
0.00
0.00
0.00
0.00
0.00
0.00
0.00
0.00
0.00
0.00
1.00
0.00
0.00
0.00
0.00
0.00
0.00
0.00
0.00
0.00
0.00
0.00
0.00
0.00
0.00
0.00
6.00
0.00
0.00
0.00
0.00
0.00
0.00
0.00
32.00
0.00
0.00
0.00
0.00
0.00
0.00
0.00
0.00
0.00
0.00
0.00
0.00
0.00
0.00
0.00
0.00
0.00
0.00
0.00
0.00
0.00
0.00
0.00
0.00
0.00
0.00
0.00
0.00
0.00
0.00
0.00
0.00
0.00
0.00
0.00
0.00
1.00
3.00
0.00
115.00
0.00
72.00
31.00
9.00
0.00
0.00
0.00
0.00
0.00
65.00
1.00
25.00
0.00
0.00
0.00
0.00
16.00
0.00
0.00
0.00
13.00
90.00
13.00
2.00
0.00
355.00
139.00
11.00
0.00
0.00
0.00
0.00
0.00
0.00
0.00
0.00
8.00
10.00
6.00
43.00
0.00
103.00
13.00
143.00
62.00
95.00
69.00
92.00
0.00
0.00
0.00
0.00
0.00
12.00
0.00
0.00
0.00
0.00
32.00
0.00
0.00
88.00
0.00
0.00
5.00
29.00
4.00
92.00
3.00
5.00
0.00
4.00
0.00
10.00
0.00
0.00
0.00
0.00
0.00
136.00
15.00
112.00
176.00
8.00
12.00
5.00
33.00
15.00
0.00
4.00
6.00
63.00
8.00
38.00
63.00
35.00
165.00
7.00
120.00
5.00
1.00
0.00
24.00
9.00
0.00
48.00
16.00
0.00
7.00
5.00
42.00
29.00
250.00
99.00
87.00
2.00
89.00
33.00
75.00
6.00
3.00
33.00
115.00
45.00
190.00
37.00
79.00
21.00
92.00
2.00
236.00
246.00
145.00
161.00
35.00
61.00
29.00
17.00
61.00
38.00
16.00
328.00
124.00
8.00
19.00
9.00
42.00
42.00
145.00
66.00
110.00
7.00
12.00
19.00
7.00
13.00
95.00
19.00
1.00
74.00
102.00
18.00
6.00
2.00
17.00
13.00
17.00
3.00
6.00
63.00
653.00
40.00
8.00
24.00
62.00
8.00
35.00
22.00
0.00
1.00
7.00
33.00
128.00
83.00
40.00
70.00
73.00
2.00
264.00
96.00
0.00
157.00
295.00
51.00
131.00
135.00
0.00
44.00
9.00
5.00
16.00
485.00
52.00
106.00
0.00
0.00
39.00
33.00
2.00
1.00
32.00
0.00
0.00
21.00
27.00
16.00
0.00
39.00
0.00
0.00
0.00
0.00
0.00
5.00
6.00
97.00
22.00
18.00
0.00
0.00
0.00
0.00
0.00
1.00
17.00
180.00
4.00
0.00
0.00
0.00
0.00
0.00
1.00
0.00
0.00
0.00
0.00
0.00
1.00
0.00
2.00
186.00
20.00
2.00
0.00
0.00
2.00
0.00
0.00
0.00
0.00
0.00
0.00
0.00
0.00
0.00
0.00
0.00
0.00
0.00
0.00
0.00
0.00
10.00
460.00
171.00
59.00
0.00
0.00
0.00
0.00
0.00
0.00
0.00
0.00
0.00
0.00
0.00
0.00
0.00
0.00
0.00
0.00
0.00
0.00
0.00
0.00
21.00
292.00
322.00
0.00
0.00
0.00
0.00
0.00
0.00
0.00
0.00
0.00
0.00
0.00
0.00
0.00
0.00
0.00
0.00
0.00
0.00
0.00
0.00
0.00
0.00
0.00
0.00
0.00
0.00
0.00
0.00
0.00
0.00
0.00
0.00
0.00
0.00
0.00
0.00
2.00
65.00
1.00
1.00
0.00
1.00
0.00
0.00
0.00
0.00
0.00
0.00
0.00
0.00
0.00
0.00
0.00
0.00
28.00
0.00
0.00
0.00
0.00
0.00
0.00
0.00
0.00
0.00
0.00
0.00
0.00
0.00
0.00
40.00
0.00
0.00
0.00
241.00
0.00
0.00
0.00
0.00
0.00
0.00
0.00
0.00
0.00
0.00
0.00
0.00
80.00
29.00
0.00
187.00
46.00
11.00
7.00
0.00
26.00
74.00
0.00
26.00
0.00
0.00
0.00
1.00
0.00
0.00
17.00
0.00
17.00
3.00
34.00
0.00
0.00
0.00
1.00
0.00
1.00
5.00
44.00
43.00
2.00
67.00
0.00
1.00
71.00
441.00
478.00
194.00
199.00
232.00
459.00
1.00
140.00
0.00
0.00
0.00
0.00
0.00
0.00
0.00
0.00
74.00
43.00
3.00
0.00
0.00
22.00
1.00
95.00
4.00
0.00
2.00
52.00
157.00
535.00
113.00
6.00
0.00
27.00
40.00
148.00
180.00
188.00
2.00
51.00
14.00
0.00
0.00
28.00
0.00
5.00
28.00
42.00
125.00
5.00
13.00
55.00
6.00
64.00
7.00
6.00
2.00
3.00
4.00
1.00
3.00
0.00
1.00
1.00
48.00
55.00
42.00
168.00
86.00
19.00
50.00
16.00
2.00
10.00
92.00
49.00
402.00
38.00
20.00
59.00
8.00
0.00
92.00
47.00
65.00
426.00
93.00
0.00
1.00
0.00
29.00
221.00
59.00
1.00
2.00
58.00
41.00
36.00
89.00
29.00
86.00
31.00
5.00
0.00
35.00
31.00
18.00
38.00
12.00
98.00
10.00
17.00
37.00
16.00
4.00
0.00
90.00
9.00
52.00
6.00
1.00
50.00
0.00
0.00
0.00
8.00
229.00
38.00
0.00
0.00
1.00
18.00
28.00
0.00
3.00
35.00
205.00
4.00
0.00
7.00
84.00
33.00
1.00
3.00
0.00
26.00
9.00
0.00
0.00
0.00
0.00
4.00
0.00
0.00
1.00
3.00
169.00
185.00
594.00
383.00
50.00
0.00
0.00
0.00
0.00
0.00
0.00
0.00
0.00
0.00
0.00
0.00
0.00
0.00
164.00
14.00
77.00
76.00
54.00
0.00
0.00
0.00
0.00
0.00
0.00
0.00
0.00
0.00
0.00
0.00
0.00
3.00
22.00
0.00
0.00
0.00
0.00
0.00
0.00
0.00
0.00
0.00
0.00
0.00
0.00
0.00
0.00
0.00
0.00
0.00
0.00
0.00
0.00
0.00
7.00
0.00
0.00
0.00
0.00
0.00
0.00
0.00
2.00
1.00
2.00
6.00
60.00
0.00
0.00
0.00
0.00
0.00
0.00
0.00
0.00
0.00
0.00
0.00
0.00
0.00
0.00
0.00
0.00
0.00
0.00
0.00
5.00
0.00
0.00
0.00
0.00
0.00
0.00
0.00
0.00
0.00
0.00
0.00
0.00
0.00
0.00
0.00
0.00
0.00
0.00
0.00
0.00
0.00
0.00
0.00
0.00
0.00
0.00
0.00
0.00
0.00
0.00
0.00
0.00
0.00
0.00
0.00
0.00
0.00
0.00
0.00
0.00
0.00
0.00
0.00
0.00
0.00
0.00
0.00
0.00
79.60
109.90
28.90
40.10
2.60
0.00
0.00
0.60
19.70
0.00
0.00
0.00
0.00
0.00
0.00
0.00
0.00
0.00
0.00
0.00
0.00
0.10
0.00
0.00
0.00
0.00
0.00
0.00
0.00
0.00
0.00
0.00
0.00
0.00
39.40
10.20
16.40
8.30
0.00
5.80
3.30
2.20
20.60
16.40
0.10
0.00
0.00
0.00
0.00
0.00
0.00
0.00
0.00
0.00
0.00
0.00
0.50
0.00
0.00
0.00
0.00
0.00
0.00
0.00
0.00
0.00
0.80
3.60
0.10
0.00
0.00
0.00
0.00
0.00
0.00
0.00
0.00
0.80
11.80
0.10
1.90
12.70
0.00
0.00
0.00
0.00
0.00
0.00
30.30
0.00
0.00
0.00
0.00
0.00
0.00
0.00
0.40
0.50
0.40
2.40
0.00
2.00
3.70
3.20
3.30
2.90
1.00
2.40
6.10
8.90
0.80
0.00
0.00
12.00
8.40
2.50
0.10
4.40
1.60
3.90
1.00
2.70
2.20
2.70
4.40
0.60
0.20
0.00
0.00
3.50
0.10
4.00
1.70
4.30
0.10
0.10
11.30
11.30
1.90
1.90
1.90
0.00
0.30
1.90
1.90
1.90
1.00
14.80
3.90
8.80
18.00
17.90
3.50
0.00
1.50
4.00
8.70
6.20
17.00
0.60
1.20
52.30
0.90
2.90
8.20
1.70
4.80
14.30
1.50
1.60
2.20
0.00
1.40
1.70
0.10
0.20
1.30
4.90
1.40
20.70
18.80
0.00
0.00
0.30
16.90
0.00
1.30
43.00
13.10
2.20
0.80
0.50
1.20
0.40
0.30
2.10
0.00
0.40
8.10
4.90
2.20
1.70
9.10
0.90
0.60
2.00
3.80
0.70
10.10
6.40
1.70
25.00
8.80
0.90
1.10
1.20
3.80
1.10
1.10
0.00
0.00
0.00
0.00
1.20
0.90
0.40
0.20
3.10
0.30
0.00
0.00
0.80
14.90
7.00
0.00
0.00
0.00
0.00
1.30
6.10
2.00
0.20
0.00
2.50
