20160101
0.00
0.00
0.00
0.00
0.00
0.00
0.00
0.00
6.00
0.00
0.00
0.00
0.00
0.00
0.00
0.00
0.00
0.00
0.00
1.00
8.00
0.00
0.00
0.00
0.00
0.00
0.00
0.00
0.00
0.00
0.00
0.00
0.00
0.00
0.00
0.00
0.00
0.00
0.00
0.00
0.00
0.00
3.00
0.00
0.00
0.00
0.00
0.00
0.00
0.00
0.00
0.00
2.00
10.00
68.00
6.00
18.00
0.00
0.00
0.00
1.00
0.00
0.00
0.00
0.00
1.00
0.00
0.00
0.00
0.00
0.00
1.00
0.00
0.00
0.00
0.00
1.00
0.00
14.00
0.00
28.00
0.00
0.00
0.00
0.00
0.00
0.00
404.00
0.00
1.00
248.00
64.00
5.00
76.00
190.00
45.00
0.00
0.00
0.00
0.00
0.00
0.00
0.00
0.00
9.00
4.00
89.00
44.00
0.00
4.00
0.00
0.00
0.00
0.00
0.00
147.00
1.00
0.00
0.00
0.00
0.00
161.00
81.00
21.00
145.00
0.00
0.00
1.00
0.00
0.00
3.00
2.00
57.00
8.00
3.00
4.00
3.00
156.00
250.00
139.00
527.00
669.00
0.00
0.00
92.00
43.00
0.00
16.00
98.00
33.00
0.00
59.00
5.00
33.00
621.00
361.00
34.00
9.00
80.00
4.00
37.00
241.00
72.00
86.00
101.00
0.00
37.00
52.00
168.00
9.00
12.00
12.00
27.00
48.00
0.00
110.00
53.00
63.00
2.00
113.00
131.00
14.00
43.00
3.00
59.00
28.00
13.00
5.00
103.00
45.00
48.00
32.00
17.00
1.00
11.00
22.00
90.00
64.00
5.00
5.00
1.00
6.00
7.00
29.00
25.00
17.00
327.00
9.00
0.00
76.00
218.00
4.00
133.00
44.00
26.00
80.00
38.00
48.00
26.00
53.00
129.00
23.00
33.00
10.00
22.00
261.00
128.00
20.00
2.00
30.00
0.00
7.00
494.00
75.00
0.00
11.00
0.00
269.00
26.00
33.00
21.00
12.00
186.00
45.00
87.00
5.00
28.00
2.00
0.00
2.00
13.00
36.00
4.00
3.00
62.00
127.00
85.00
94.00
131.00
262.00
1.00
58.00
106.00
119.00
278.00
245.00
102.00
2.00
44.00
65.00
242.00
24.00
165.00
317.00
20.00
152.00
17.00
10.00
43.00
108.00
188.00
72.00
0.00
0.00
167.00
186.00
23.00
0.00
0.00
0.00
0.00
0.00
0.00
0.00
0.00
0.00
0.00
18.00
0.00
0.00
17.00
20.00
27.00
0.00
0.00
0.00
0.00
0.00
164.00
601.00
279.00
0.00
0.00
0.00
0.00
0.00
0.00
0.00
0.00
0.00
0.00
0.00
0.00
0.00
0.00
0.00
0.00
0.00
0.00
0.00
0.00
0.00
0.00
0.00
0.00
4.00
1.00
0.00
0.00
0.00
0.00
0.00
0.00
0.00
0.00
0.00
0.00
0.00
0.00
0.00
0.00
0.00
0.00
0.00
0.00
0.00
0.00
0.00
0.00
0.00
0.00
0.00
0.00
0.00
0.00
0.00
0.00
0.00
0.00
0.00
0.00
0.00
0.00
0.00
0.00
0.00
0.00
0.00
0.00
0.00
0.00
0.00
0.00
0.00
0.00
0.00
0.00
0.00
0.00
0.00
0.00
0.00
2.00
0.00
0.00
0.00
0.00
0.00
0.00
0.00
0.00
0.00
0.00
0.00
0.00
0.00
0.00
0.00
0.00
0.00
0.00
0.00
0.00
0.00
0.00
0.00
0.00
0.00
0.00
7.00
0.00
0.00
0.00
0.00
0.00
0.00
0.00
0.00
0.00
114.00
53.00
0.00
188.00
0.00
109.00
15.00
0.00
0.00
0.00
0.00
0.00
0.00
229.00
0.00
66.00
0.00
0.00
0.00
0.00
76.00
0.00
0.00
0.00
196.00
100.00
1.00
0.00
0.00
232.00
242.00
157.00
0.00
0.00
0.00
0.00
0.00
0.00
0.00
0.00
0.00
33.00
2.00
62.00
0.00
412.00
150.00
111.00
170.00
274.00
159.00
218.00
1.00
0.00
0.00
0.00
10.00
16.00
0.00
0.00
0.00
0.00
15.00
0.00
0.00
46.00
0.00
2.00
0.00
32.00
58.00
468.00
9.00
31.00
0.00
11.00
0.00
91.00
0.00
0.00
0.00
0.00
0.00
128.00
181.00
167.00
424.00
32.00
583.00
18.00
62.00
223.00
0.00
117.00
232.00
923.00
882.00
398.00
83.00
579.00
726.00
0.00
62.00
134.00
10.00
141.00
153.00
0.00
5.00
122.00
167.00
115.00
130.00
140.00
65.00
56.00
61.00
243.00
24.00
5.00
65.00
21.00
74.00
1.00
3.00
0.00
14.00
21.00
11.00
74.00
476.00
227.00
190.00
52.00
22.00
65.00
111.00
200.00
4.00
70.00
60.00
371.00
46.00
30.00
115.00
151.00
91.00
12.00
37.00
0.00
0.00
162.00
9.00
57.00
23.00
15.00
1.00
0.00
55.00
297.00
56.00
27.00
11.00
34.00
21.00
46.00
14.00
32.00
115.00
293.00
43.00
342.00
127.00
42.00
312.00
4.00
50.00
77.00
49.00
172.00
4.00
1.00
52.00
2.00
19.00
41.00
36.00
20.00
0.00
339.00
30.00
0.00
25.00
13.00
44.00
57.00
129.00
86.00
46.00
21.00
3.00
1.00
86.00
3.00
176.00
282.00
214.00
220.00
29.00
169.00
0.00
277.00
52.00
69.00
67.00
73.00
28.00
3.00
4.00
1.00
36.00
45.00
12.00
0.00
0.00
26.00
93.00
203.00
116.00
101.00
834.00
0.00
0.00
0.00
0.00
0.00
0.00
32.00
272.00
77.00
0.00
0.00
0.00
0.00
0.00
0.00
0.00
0.00
0.00
0.00
0.00
0.00
7.00
0.00
1.00
182.00
48.00
12.00
0.00
0.00
0.00
0.00
0.00
0.00
0.00
0.00
0.00
0.00
0.00
0.00
0.00
0.00
0.00
0.00
0.00
0.00
1.00
1.00
840.00
343.00
133.00
0.00
0.00
0.00
0.00
0.00
0.00
0.00
0.00
0.00
0.00
0.00
0.00
0.00
0.00
0.00
0.00
0.00
0.00
0.00
0.00
90.00
256.00
76.00
0.00
0.00
0.00
0.00
0.00
0.00
0.00
0.00
0.00
0.00
0.00
0.00
0.00
0.00
0.00
0.00
0.00
0.00
0.00
0.00
0.00
0.00
0.00
0.00
0.00
0.00
0.00
0.00
0.00
0.00
0.00
0.00
0.00
0.00
0.00
16.00
5.00
200.00
0.00
47.00
0.00
0.00
0.00
0.00
0.00
0.00
0.00
0.00
0.00
0.00
0.00
0.00
0.00
0.00
259.00
0.00
0.00
0.00
0.00
0.00
0.00
0.00
0.00
0.00
0.00
0.00
0.00
0.00
0.00
201.00
0.00
0.00
0.00
250.00
1.00
0.00
0.00
0.00
0.00
0.00
0.00
0.00
0.00
22.00
3.00
0.00
45.00
75.00
0.00
3.00
507.00
0.00
280.00
0.00
0.00
152.00
1.00
0.00
0.00
0.00
0.00
5.00
0.00
0.00
105.00
5.00
10.00
12.00
215.00
43.00
0.00
0.00
9.00
99.00
48.00
0.00
124.00
331.00
1.00
62.00
2.00
31.00
318.00
688.00
542.00
326.00
272.00
386.00
478.00
0.00
8.00
4.00
0.00
72.00
0.00
0.00
16.00
161.00
0.00
0.00
0.00
299.00
0.00
0.00
0.00
18.00
61.00
3.00
34.00
7.00
32.00
275.00
841.00
373.00
12.00
74.00
225.00
662.00
364.00
1064.00
587.00
295.00
38.00
346.00
30.00
99.00
27.00
1.00
0.00
39.00
20.00
7.00
14.00
7.00
34.00
40.00
55.00
13.00
0.00
3.00
211.00
17.00
51.00
0.00
22.00
31.00
1.00
12.00
23.00
69.00
19.00
10.00
44.00
125.00
2.00
5.00
4.00
74.00
17.00
61.00
8.00
33.00
29.00
11.00
0.00
34.00
7.00
78.00
146.00
131.00
38.00
9.00
0.00
221.00
432.00
152.00
19.00
135.00
112.00
29.00
164.00
305.00
33.00
97.00
84.00
54.00
69.00
20.00
8.00
51.00
68.00
0.00
36.00
21.00
76.00
92.00
83.00
6.00
3.00
13.00
46.00
8.00
0.00
5.00
25.00
16.00
11.00
0.00
30.00
209.00
27.00
13.00
0.00
0.00
0.00
393.00
0.00
185.00
66.00
25.00
46.00
19.00
1.00
95.00
9.00
0.00
0.00
88.00
10.00
0.00
0.00
0.00
0.00
0.00
0.00
0.00
0.00
6.00
1.00
222.00
291.00
498.00
568.00
100.00
3.00
0.00
0.00
0.00
0.00
0.00
0.00
0.00
0.00
0.00
0.00
0.00
0.00
61.00
68.00
214.00
131.00
36.00
0.00
0.00
0.00
0.00
0.00
0.00
0.00
0.00
0.00
0.00
0.00
0.00
0.00
0.00
0.00
0.00
0.00
0.00
0.00
0.00
0.00
0.00
0.00
0.00
0.00
0.00
0.00
0.00
0.00
0.00
0.00
0.00
0.00
0.00
0.00
0.00
0.00
0.00
0.00
0.00
0.00
0.00
0.00
1.00
0.00
50.00
41.00
21.00
0.00
0.00
0.00
0.00
0.00
0.00
0.00
0.00
0.00
0.00
0.00
0.00
0.00
0.00
0.00
0.00
0.00
0.00
0.00
0.00
0.00
0.00
0.00
0.00
0.00
0.00
0.00
0.00
0.00
0.00
0.00
0.00
0.00
0.00
0.00
0.00
0.00
0.00
0.00
0.00
0.00
1.00
0.00
0.00
0.00
0.00
0.00
0.00
0.00
0.00
0.00
0.00
0.00
0.00
0.00
0.00
0.00
0.00
0.00
1.00
4.00
0.00
0.00
0.00
0.00
0.00
0.00
0.00
152.30
147.30
54.00
45.80
0.00
0.00
0.00
14.80
31.40
0.00
0.00
0.00
0.00
0.00
0.00
0.00
0.00
0.00
0.00
0.80
27.60
4.00
0.00
0.00
0.00
0.00
0.00
0.00
0.00
0.00
0.10
0.00
0.00
0.00
91.90
26.90
24.50
32.50
0.00
3.10
10.80
0.00
29.80
32.00
0.00
1.60
0.00
0.10
0.00
0.00
0.00
0.00
0.00
0.00
0.00
0.00
1.70
0.00
0.00
0.00
0.00
0.00
0.00
0.00
0.00
0.00
1.20
4.40
13.70
0.00
0.00
0.00
0.00
0.00
0.00
0.00
0.00
0.70
0.60
0.40
3.20
49.70
37.30
0.00
0.00
0.00
12.10
12.10
52.40
2.40
2.30
0.00
0.00
0.00
0.70
0.60
7.90
0.80
1.60
3.10
0.40
6.90
12.50
0.90
1.60
0.10
0.00
33.00
29.80
34.30
2.30
0.20
0.00
28.50
19.20
31.90
2.90
5.20
0.00
4.00
2.00
3.30
8.60
0.00
0.30
5.90
1.60
1.60
0.20
3.50
4.70
8.70
35.90
24.40
15.40
15.40
41.10
41.10
30.20
8.30
8.30
0.10
28.70
8.30
8.30
8.30
0.70
5.10
0.20
1.40
29.30
8.30
3.30
0.30
1.30
10.00
2.90
5.10
4.70
14.80
12.20
26.10
17.70
3.30
2.40
1.10
0.80
0.10
3.00
6.50
18.50
5.50
13.20
1.80
0.00
3.40
11.30
0.10
7.60
27.50
18.40
4.40
2.80
0.60
5.50
0.00
2.60
2.30
1.90
0.50
3.70
4.40
12.40
10.10
0.90
1.80
2.10
1.60
5.10
2.10
0.80
0.00
3.20
4.90
0.40
0.00
9.20
2.50
5.70
16.90
27.60
47.70
16.20
3.00
7.00
0.80
27.10
2.10
2.10
8.50
0.00
0.00
1.10
11.10
0.20
7.70
15.70
10.30
0.00
0.00
0.00
7.00
7.40
1.30
0.00
0.00
0.00
0.10
0.90
7.20
3.00
1.10
0.50
2.30
