20160101
0.00
0.00
0.00
0.00
0.00
0.00
0.00
0.00
0.00
0.00
0.00
0.00
0.00
0.00
0.00
0.00
0.00
0.00
0.00
14.00
0.00
0.00
0.00
0.00
0.00
0.00
0.00
0.00
0.00
0.00
0.00
0.00
0.00
0.00
0.00
0.00
0.00
0.00
0.00
0.00
0.00
0.00
0.00
0.00
0.00
0.00
0.00
0.00
0.00
0.00
5.00
0.00
1.00
0.00
135.00
0.00
66.00
0.00
0.00
0.00
0.00
0.00
0.00
0.00
0.00
419.00
0.00
0.00
2.00
1.00
0.00
1.00
0.00
0.00
3.00
0.00
0.00
289.00
0.00
0.00
0.00
0.00
0.00
0.00
0.00
0.00
0.00
31.00
371.00
173.00
794.00
3.00
2.00
239.00
104.00
8.00
0.00
0.00
0.00
0.00
0.00
0.00
0.00
0.00
0.00
2.00
578.00
12.00
0.00
0.00
0.00
0.00
0.00
0.00
0.00
0.00
0.00
40.00
0.00
0.00
0.00
37.00
14.00
31.00
0.00
31.00
121.00
143.00
0.00
38.00
0.00
5.00
359.00
196.00
67.00
166.00
0.00
6.00
46.00
12.00
163.00
705.00
0.00
0.00
91.00
59.00
16.00
130.00
107.00
25.00
29.00
175.00
5.00
0.00
0.00
0.00
0.00
68.00
788.00
0.00
1.00
0.00
438.00
45.00
0.00
63.00
9.00
64.00
82.00
0.00
3.00
11.00
14.00
114.00
98.00
53.00
16.00
681.00
150.00
60.00
23.00
25.00
81.00
26.00
260.00
98.00
62.00
56.00
211.00
265.00
64.00
7.00
2.00
13.00
1.00
1.00
82.00
306.00
1.00
19.00
102.00
83.00
38.00
45.00
55.00
51.00
167.00
21.00
85.00
53.00
434.00
374.00
179.00
391.00
117.00
57.00
52.00
37.00
5.00
68.00
115.00
7.00
157.00
2.00
2.00
136.00
295.00
352.00
773.00
69.00
4.00
0.00
59.00
25.00
2.00
1.00
3.00
955.00
26.00
44.00
280.00
20.00
10.00
113.00
20.00
38.00
62.00
8.00
22.00
8.00
4.00
10.00
3.00
7.00
60.00
285.00
785.00
140.00
123.00
29.00
206.00
82.00
204.00
169.00
16.00
13.00
1.00
29.00
214.00
11.00
3.00
118.00
0.00
224.00
26.00
32.00
0.00
110.00
181.00
179.00
171.00
49.00
0.00
15.00
25.00
2.00
0.00
0.00
0.00
0.00
0.00
0.00
0.00
0.00
0.00
0.00
0.00
22.00
0.00
1.00
142.00
7.00
6.00
0.00
0.00
0.00
0.00
10.00
378.00
274.00
0.00
0.00
0.00
0.00
0.00
0.00
0.00
0.00
0.00
0.00
0.00
0.00
0.00
0.00
0.00
0.00
0.00
0.00
0.00
0.00
0.00
0.00
142.00
0.00
0.00
0.00
0.00
0.00
0.00
0.00
0.00
0.00
0.00
0.00
0.00
3.00
0.00
0.00
0.00
0.00
0.00
0.00
0.00
0.00
0.00
0.00
0.00
0.00
100.00
0.00
0.00
0.00
0.00
0.00
0.00
0.00
0.00
0.00
39.00
0.00
0.00
0.00
0.00
0.00
0.00
0.00
0.00
0.00
0.00
0.00
0.00
0.00
0.00
0.00
0.00
0.00
0.00
0.00
0.00
0.00
0.00
0.00
2.00
0.00
0.00
0.00
0.00
0.00
0.00
0.00
0.00
0.00
0.00
0.00
0.00
0.00
0.00
0.00
0.00
0.00
0.00
0.00
0.00
0.00
0.00
0.00
0.00
0.00
0.00
0.00
0.00
0.00
0.00
0.00
0.00
0.00
0.00
0.00
0.00
114.00
2.00
0.00
22.00
0.00
352.00
97.00
0.00
0.00
0.00
0.00
0.00
0.00
17.00
5.00
77.00
0.00
0.00
0.00
0.00
133.00
0.00
4.00
81.00
144.00
311.00
5.00
58.00
0.00
114.00
0.00
256.00
0.00
10.00
0.00
0.00
0.00
0.00
0.00
0.00
0.00
13.00
0.00
0.00
26.00
456.00
6.00
25.00
952.00
33.00
317.00
413.00
0.00
1.00
0.00
90.00
72.00
629.00
0.00
0.00
8.00
40.00
37.00
0.00
0.00
15.00
0.00
8.00
0.00
51.00
72.00
636.00
3.00
171.00
5.00
20.00
0.00
0.00
0.00
0.00
0.00
0.00
40.00
0.00
0.00
82.00
236.00
636.00
331.00
399.00
63.00
48.00
172.00
0.00
0.00
62.00
2.00
147.00
229.00
896.00
21.00
172.00
51.00
368.00
874.00
814.00
820.00
1.00
2.00
259.00
8.00
84.00
11.00
51.00
44.00
75.00
63.00
114.00
95.00
88.00
181.00
251.00
108.00
17.00
8.00
36.00
70.00
224.00
209.00
177.00
16.00
36.00
45.00
92.00
265.00
31.00
177.00
421.00
173.00
49.00
48.00
117.00
45.00
162.00
28.00
11.00
132.00
9.00
102.00
59.00
182.00
233.00
410.00
76.00
40.00
11.00
14.00
90.00
414.00
1369.00
391.00
97.00
166.00
215.00
26.00
313.00
189.00
146.00
41.00
103.00
141.00
182.00
176.00
148.00
152.00
404.00
14.00
38.00
76.00
279.00
58.00
256.00
310.00
108.00
82.00
88.00
23.00
43.00
69.00
754.00
479.00
5.00
69.00
10.00
3.00
4.00
60.00
166.00
310.00
76.00
13.00
6.00
3.00
11.00
92.00
32.00
432.00
595.00
341.00
51.00
206.00
5.00
6.00
4.00
4.00
157.00
29.00
3.00
15.00
0.00
0.00
4.00
0.00
14.00
2.00
0.00
13.00
45.00
527.00
1109.00
1126.00
2.00
0.00
0.00
0.00
0.00
0.00
0.00
21.00
63.00
0.00
0.00
0.00
0.00
0.00
0.00
0.00
0.00
0.00
0.00
0.00
0.00
60.00
0.00
3.00
527.00
39.00
2.00
0.00
1.00
0.00
0.00
0.00
0.00
0.00
0.00
0.00
0.00
0.00
0.00
0.00
0.00
0.00
0.00
0.00
0.00
0.00
2.00
88.00
66.00
80.00
0.00
0.00
0.00
0.00
0.00
0.00
0.00
0.00
6.00
0.00
0.00
0.00
0.00
0.00
0.00
0.00
0.00
0.00
0.00
0.00
0.00
183.00
2.00
0.00
0.00
0.00
0.00
0.00
0.00
0.00
0.00
0.00
0.00
0.00
0.00
0.00
0.00
0.00
0.00
0.00
0.00
0.00
0.00
0.00
0.00
0.00
0.00
0.00
0.00
0.00
0.00
0.00
0.00
0.00
0.00
0.00
0.00
0.00
734.00
364.00
320.00
167.00
108.00
0.00
160.00
193.00
0.00
0.00
0.00
0.00
0.00
2.00
0.00
0.00
0.00
0.00
448.00
389.00
0.00
0.00
0.00
0.00
0.00
0.00
100.00
0.00
0.00
0.00
0.00
0.00
0.00
0.00
0.00
0.00
27.00
60.00
0.00
0.00
0.00
0.00
0.00
0.00
0.00
0.00
15.00
117.00
0.00
0.00
0.00
453.00
324.00
1.00
61.00
0.00
0.00
20.00
191.00
253.00
85.00
63.00
0.00
122.00
39.00
0.00
326.00
0.00
92.00
259.00
5.00
160.00
116.00
294.00
112.00
0.00
0.00
179.00
246.00
0.00
21.00
494.00
65.00
0.00
220.00
1.00
102.00
956.00
410.00
59.00
36.00
88.00
82.00
185.00
0.00
60.00
0.00
83.00
27.00
0.00
136.00
5.00
149.00
202.00
20.00
10.00
36.00
72.00
0.00
0.00
52.00
0.00
123.00
352.00
469.00
0.00
149.00
116.00
0.00
0.00
14.00
156.00
504.00
58.00
22.00
705.00
1.00
278.00
48.00
45.00
74.00
49.00
221.00
3.00
0.00
4.00
37.00
0.00
39.00
60.00
4.00
0.00
30.00
2.00
73.00
45.00
35.00
65.00
3.00
9.00
16.00
4.00
7.00
9.00
0.00
103.00
242.00
589.00
110.00
0.00
1.00
0.00
33.00
300.00
65.00
14.00
397.00
339.00
75.00
2.00
67.00
146.00
4.00
33.00
154.00
43.00
54.00
0.00
24.00
172.00
249.00
35.00
3.00
4.00
49.00
42.00
40.00
138.00
481.00
93.00
447.00
145.00
199.00
74.00
64.00
38.00
17.00
73.00
64.00
95.00
28.00
23.00
5.00
5.00
1.00
10.00
6.00
4.00
6.00
193.00
135.00
0.00
0.00
2.00
5.00
29.00
204.00
84.00
51.00
104.00
1.00
1.00
0.00
51.00
183.00
478.00
18.00
0.00
48.00
26.00
48.00
20.00
180.00
0.00
35.00
0.00
0.00
0.00
1.00
68.00
13.00
0.00
0.00
0.00
7.00
38.00
64.00
94.00
19.00
0.00
0.00
0.00
0.00
0.00
0.00
0.00
0.00
0.00
0.00
0.00
0.00
0.00
0.00
90.00
63.00
39.00
0.00
0.00
0.00
0.00
0.00
27.00
0.00
0.00
0.00
0.00
0.00
0.00
0.00
0.00
0.00
0.00
0.00
0.00
0.00
0.00
0.00
0.00
0.00
0.00
0.00
0.00
0.00
0.00
0.00
0.00
0.00
0.00
0.00
0.00
0.00
39.00
0.00
0.00
0.00
0.00
0.00
0.00
0.00
0.00
0.00
0.00
31.00
93.00
17.00
0.00
0.00
0.00
0.00
0.00
0.00
0.00
0.00
0.00
0.00
0.00
0.00
0.00
0.00
0.00
0.00
0.00
0.00
0.00
0.00
0.00
0.00
0.00
0.00
0.00
0.00
0.00
0.00
0.00
0.00
0.00
0.00
0.00
0.00
0.00
0.00
0.00
0.00
0.00
0.00
0.00
0.00
0.00
0.00
0.00
0.00
0.00
0.00
0.00
0.00
0.00
5.00
0.00
0.00
0.00
0.00
0.00
0.00
0.00
1.00
3.00
0.00
0.00
0.00
0.00
0.00
0.00
1.20
21.60
12.80
49.20
11.30
0.00
0.00
0.00
1.10
2.20
0.00
0.00
0.00
0.00
0.00
0.00
0.00
0.00
0.60
4.60
0.00
31.00
0.60
2.70
0.20
0.00
0.20
0.00
0.00
0.00
4.80
21.80
0.00
0.00
10.10
86.50
0.00
52.30
0.90
0.00
0.10
93.40
0.00
6.50
31.90
0.40
6.70
8.90
12.80
0.00
0.00
9.20
0.00
0.00
0.00
0.00
9.20
0.30
0.00
0.00
0.00
0.00
0.20
0.00
0.00
0.00
0.00
1.30
50.70
44.90
0.00
0.00
0.00
0.00
0.00
0.00
1.40
0.00
16.90
2.30
0.90
1.50
6.10
24.20
29.40
29.40
0.00
30.40
30.40
35.10
3.60
0.10
15.50
0.00
0.00
0.30
15.30
15.20
49.30
1.80
9.30
28.90
0.40
3.70
0.40
1.50
0.00
0.00
0.00
3.20
40.00
45.90
0.00
42.80
1.40
31.60
32.40
9.30
19.40
0.00
0.00
6.80
13.70
5.30
13.50
2.20
3.50
0.50
0.40
0.40
2.10
2.40
1.40
4.10
15.00
7.10
7.10
47.70
47.70
76.10
0.00
0.00
33.20
0.90
0.00
0.00
0.00
3.50
5.40
3.70
28.60
70.40
2.70
2.80
0.80
2.90
19.50
7.50
5.90
9.50
3.90
21.00
12.00
1.20
9.80
14.40
0.70
2.30
8.90
43.90
11.60
50.80
25.90
6.70
1.20
0.10
0.60
1.30
8.40
26.30
28.40
6.80
1.10
0.20
0.60
2.70
0.00
1.20
11.50
53.00
101.30
9.90
15.80
1.60
2.50
2.50
0.00
3.80
2.60
2.60
11.00
20.10
1.10
0.40
2.80
0.00
0.30
0.10
0.90
2.00
12.40
1.80
36.30
31.80
1.30
5.40
6.90
18.60
13.70
13.70
21.00
0.10
0.40
31.40
15.00
3.90
6.00
27.70
3.70
0.00
0.10
0.00
0.00
0.10
6.70
0.00
0.00
0.00
0.10
0.20
5.10
1.20
0.00
0.20
2.80
