20160101
0.00
0.00
0.00
0.00
0.00
0.00
0.00
0.00
2.00
0.00
0.00
0.00
1.00
0.00
0.00
0.00
0.00
0.00
0.00
1.00
0.00
0.00
0.00
0.00
0.00
2.00
0.00
0.00
0.00
0.00
0.00
0.00
0.00
0.00
0.00
0.00
0.00
0.00
0.00
0.00
0.00
0.00
19.00
0.00
0.00
0.00
0.00
0.00
0.00
0.00
0.00
0.00
0.00
83.00
14.00
0.00
17.00
0.00
0.00
0.00
0.00
0.00
0.00
12.00
0.00
39.00
0.00
7.00
0.00
0.00
0.00
0.00
0.00
0.00
0.00
94.00
0.00
0.00
0.00
0.00
36.00
0.00
19.00
0.00
0.00
0.00
0.00
416.00
0.00
182.00
441.00
14.00
0.00
72.00
271.00
226.00
78.00
0.00
0.00
0.00
1.00
0.00
0.00
63.00
66.00
39.00
353.00
218.00
0.00
114.00
233.00
227.00
376.00
0.00
8.00
162.00
4.00
11.00
29.00
0.00
14.00
57.00
302.00
10.00
132.00
1.00
8.00
1.00
0.00
0.00
0.00
5.00
91.00
83.00
4.00
72.00
4.00
617.00
299.00
18.00
139.00
862.00
2.00
0.00
4.00
13.00
0.00
55.00
1.00
21.00
18.00
28.00
0.00
0.00
14.00
215.00
14.00
79.00
132.00
8.00
91.00
133.00
46.00
150.00
1.00
0.00
84.00
94.00
89.00
153.00
16.00
5.00
78.00
85.00
4.00
47.00
80.00
15.00
24.00
1.00
127.00
9.00
184.00
114.00
26.00
35.00
1.00
7.00
57.00
106.00
130.00
111.00
88.00
22.00
3.00
35.00
46.00
112.00
33.00
0.00
15.00
3.00
14.00
57.00
70.00
31.00
257.00
1.00
7.00
5.00
105.00
18.00
199.00
68.00
0.00
5.00
4.00
77.00
84.00
101.00
11.00
12.00
5.00
131.00
44.00
26.00
32.00
30.00
53.00
8.00
61.00
4.00
410.00
9.00
6.00
18.00
0.00
207.00
3.00
2.00
19.00
30.00
160.00
282.00
1.00
0.00
17.00
15.00
42.00
21.00
48.00
22.00
114.00
10.00
16.00
1.00
6.00
30.00
3.00
129.00
150.00
20.00
168.00
291.00
288.00
108.00
127.00
28.00
105.00
0.00
100.00
52.00
0.00
31.00
7.00
0.00
0.00
60.00
16.00
136.00
86.00
107.00
24.00
58.00
7.00
178.00
11.00
0.00
0.00
0.00
0.00
0.00
0.00
0.00
0.00
0.00
0.00
0.00
0.00
0.00
68.00
99.00
63.00
2.00
0.00
0.00
5.00
13.00
125.00
344.00
92.00
0.00
0.00
0.00
0.00
0.00
0.00
0.00
0.00
0.00
0.00
0.00
0.00
0.00
0.00
0.00
0.00
0.00
0.00
0.00
0.00
0.00
0.00
0.00
0.00
3.00
0.00
0.00
0.00
0.00
0.00
0.00
0.00
0.00
0.00
0.00
0.00
0.00
0.00
0.00
0.00
0.00
0.00
0.00
0.00
0.00
0.00
0.00
0.00
0.00
0.00
0.00
0.00
0.00
0.00
0.00
0.00
0.00
0.00
0.00
0.00
0.00
0.00
0.00
0.00
0.00
0.00
0.00
0.00
0.00
0.00
0.00
0.00
0.00
0.00
0.00
0.00
0.00
0.00
0.00
0.00
0.00
15.00
0.00
0.00
0.00
0.00
0.00
0.00
0.00
0.00
0.00
0.00
0.00
0.00
0.00
0.00
0.00
0.00
0.00
0.00
0.00
0.00
0.00
0.00
0.00
0.00
0.00
0.00
5.00
0.00
0.00
0.00
0.00
0.00
0.00
0.00
0.00
0.00
17.00
9.00
0.00
137.00
0.00
88.00
89.00
0.00
0.00
0.00
0.00
0.00
0.00
87.00
2.00
83.00
0.00
0.00
0.00
0.00
40.00
0.00
0.00
1.00
86.00
388.00
160.00
165.00
95.00
443.00
300.00
51.00
0.00
0.00
0.00
0.00
0.00
0.00
0.00
0.00
0.00
68.00
4.00
171.00
1.00
203.00
222.00
111.00
200.00
63.00
76.00
52.00
0.00
0.00
41.00
0.00
115.00
401.00
0.00
0.00
13.00
9.00
9.00
0.00
0.00
169.00
0.00
0.00
1.00
23.00
54.00
219.00
3.00
50.00
0.00
67.00
0.00
78.00
45.00
0.00
0.00
0.00
6.00
170.00
171.00
255.00
311.00
13.00
113.00
147.00
104.00
32.00
11.00
1.00
49.00
129.00
376.00
104.00
302.00
98.00
79.00
8.00
34.00
63.00
35.00
27.00
20.00
16.00
28.00
21.00
33.00
0.00
151.00
299.00
20.00
82.00
144.00
352.00
50.00
14.00
35.00
75.00
10.00
57.00
67.00
65.00
62.00
20.00
245.00
48.00
118.00
59.00
9.00
2.00
114.00
113.00
108.00
123.00
63.00
33.00
135.00
17.00
11.00
50.00
7.00
72.00
33.00
49.00
37.00
7.00
34.00
164.00
32.00
120.00
37.00
2.00
6.00
0.00
29.00
144.00
40.00
7.00
45.00
93.00
23.00
0.00
38.00
108.00
43.00
32.00
45.00
6.00
12.00
33.00
391.00
17.00
79.00
58.00
19.00
14.00
25.00
1.00
43.00
2.00
7.00
1.00
22.00
21.00
0.00
36.00
12.00
2.00
58.00
127.00
4.00
34.00
327.00
82.00
63.00
90.00
0.00
0.00
1.00
1.00
0.00
282.00
36.00
42.00
2.00
34.00
29.00
212.00
19.00
0.00
7.00
68.00
9.00
43.00
25.00
50.00
13.00
5.00
26.00
0.00
0.00
0.00
2.00
105.00
109.00
267.00
520.00
0.00
0.00
0.00
0.00
0.00
0.00
11.00
637.00
361.00
0.00
0.00
0.00
0.00
0.00
0.00
0.00
0.00
0.00
0.00
0.00
0.00
74.00
0.00
0.00
89.00
76.00
13.00
0.00
0.00
0.00
0.00
0.00
0.00
0.00
0.00
0.00
0.00
0.00
0.00
0.00
0.00
0.00
0.00
0.00
0.00
0.00
8.00
203.00
270.00
157.00
0.00
0.00
0.00
0.00
0.00
0.00
0.00
0.00
1.00
0.00
0.00
0.00
0.00
0.00
1.00
0.00
0.00
0.00
0.00
0.00
104.00
146.00
23.00
0.00
0.00
0.00
0.00
0.00
0.00
0.00
0.00
0.00
0.00
0.00
0.00
0.00
0.00
0.00
0.00
0.00
0.00
0.00
0.00
0.00
0.00
0.00
0.00
0.00
0.00
0.00
0.00
0.00
0.00
0.00
0.00
0.00
0.00
0.00
0.00
8.00
281.00
0.00
34.00
0.00
0.00
0.00
0.00
0.00
0.00
0.00
0.00
0.00
0.00
0.00
0.00
3.00
0.00
121.00
0.00
0.00
0.00
0.00
0.00
0.00
1.00
0.00
0.00
0.00
0.00
0.00
0.00
0.00
16.00
0.00
0.00
0.00
64.00
20.00
0.00
0.00
0.00
0.00
0.00
0.00
0.00
70.00
0.00
0.00
16.00
52.00
1.00
0.00
19.00
83.00
2.00
12.00
0.00
4.00
447.00
0.00
19.00
0.00
1.00
0.00
71.00
0.00
0.00
46.00
36.00
18.00
0.00
99.00
6.00
0.00
0.00
3.00
7.00
15.00
18.00
54.00
104.00
9.00
148.00
0.00
63.00
148.00
380.00
376.00
353.00
382.00
432.00
249.00
1.00
97.00
0.00
29.00
0.00
8.00
0.00
0.00
0.00
0.00
38.00
0.00
79.00
0.00
0.00
0.00
0.00
44.00
12.00
41.00
0.00
79.00
351.00
177.00
142.00
0.00
21.00
45.00
75.00
201.00
506.00
361.00
3.00
49.00
80.00
0.00
0.00
0.00
0.00
0.00
125.00
28.00
11.00
0.00
1.00
78.00
21.00
29.00
4.00
2.00
0.00
46.00
4.00
0.00
5.00
9.00
51.00
15.00
35.00
65.00
91.00
11.00
15.00
10.00
95.00
10.00
22.00
2.00
10.00
12.00
121.00
50.00
26.00
103.00
70.00
9.00
16.00
16.00
149.00
162.00
138.00
129.00
0.00
1.00
5.00
39.00
82.00
61.00
7.00
11.00
9.00
71.00
183.00
5.00
39.00
7.00
4.00
56.00
14.00
7.00
490.00
135.00
0.00
134.00
32.00
32.00
162.00
25.00
115.00
20.00
102.00
29.00
176.00
2.00
5.00
14.00
2.00
0.00
0.00
14.00
117.00
12.00
0.00
1.00
0.00
4.00
80.00
0.00
0.00
68.00
15.00
4.00
57.00
5.00
14.00
15.00
0.00
0.00
15.00
0.00
0.00
0.00
0.00
0.00
0.00
0.00
0.00
0.00
0.00
2.00
127.00
69.00
380.00
260.00
19.00
0.00
0.00
0.00
0.00
0.00
0.00
0.00
1.00
0.00
0.00
0.00
0.00
0.00
281.00
66.00
143.00
109.00
37.00
0.00
0.00
0.00
0.00
0.00
0.00
0.00
0.00
0.00
0.00
0.00
3.00
0.00
0.00
0.00
0.00
0.00
0.00
0.00
0.00
0.00
0.00
0.00
0.00
0.00
0.00
0.00
0.00
0.00
0.00
0.00
0.00
0.00
0.00
0.00
3.00
0.00
0.00
0.00
0.00
0.00
0.00
0.00
2.00
0.00
4.00
29.00
4.00
0.00
0.00
0.00
0.00
0.00
0.00
0.00
0.00
0.00
0.00
0.00
0.00
0.00
0.00
0.00
0.00
0.00
0.00
0.00
0.00
0.00
0.00
0.00
0.00
0.00
0.00
0.00
0.00
0.00
0.00
0.00
0.00
0.00
0.00
0.00
0.00
0.00
0.00
0.00
0.00
0.00
2.00
0.00
0.00
0.00
0.00
0.00
0.00
0.00
0.00
0.00
0.00
0.00
0.00
0.00
0.00
0.00
0.00
0.00
0.00
7.00
0.00
0.00
0.00
0.00
0.00
0.00
0.00
115.90
96.90
120.20
92.20
0.00
0.00
0.00
9.90
38.10
0.00
0.00
0.00
0.00
0.00
0.00
0.00
0.00
0.00
0.00
0.00
26.30
3.40
0.30
0.00
0.00
9.60
0.00
0.00
0.00
0.00
15.30
0.00
0.00
0.00
90.50
9.90
89.80
1.60
5.90
0.00
2.00
0.60
18.50
23.40
0.10
0.00
0.20
0.10
0.00
0.60
0.00
3.00
0.00
0.00
0.00
0.00
0.70
0.00
0.00
0.00
0.00
0.00
7.80
0.70
0.00
0.00
0.00
4.50
14.30
0.00
0.00
0.00
0.00
0.00
0.00
0.20
0.00
0.80
7.10
1.40
0.20
3.70
2.90
0.80
0.80
0.00
0.80
0.80
57.80
0.40
0.20
0.00
0.00
0.00
0.00
14.40
12.00
0.00
0.20
6.20
3.20
10.60
19.10
0.60
13.90
2.60
0.70
7.50
4.90
20.70
1.80
0.00
0.00
13.50
21.50
15.40
36.80
3.50
1.10
0.10
18.70
11.00
1.20
0.10
4.20
0.60
3.30
0.40
0.00
3.90
0.30
2.60
2.20
2.60
4.40
4.40
7.80
7.80
5.30
0.50
0.50
0.10
1.80
0.50
0.50
0.50
1.00
7.00
4.80
2.70
14.20
26.60
3.90
3.30
1.20
8.90
0.90
10.90
12.10
39.50
3.70
22.20
8.90
3.80
23.90
7.70
2.00
2.20
2.60
12.50
4.50
6.50
0.60
3.50
0.20
0.60
5.80
3.80
12.80
11.20
11.50
0.60
0.10
0.40
14.80
0.00
2.90
0.30
4.80
3.80
0.30
1.60
24.70
0.20
4.40
1.70
3.50
16.90
20.40
12.40
1.70
1.30
35.30
10.60
2.70
0.60
9.50
11.20
13.90
37.90
26.50
31.60
17.60
1.50
8.60
5.20
34.00
6.10
6.10
1.00
0.00
0.10
0.40
4.10
19.70
0.50
5.00
1.70
0.00
0.00
0.00
0.00
12.00
1.00
0.00
0.10
0.10
0.00
0.60
6.40
1.10
0.10
0.80
1.00
