20160101
0.00
0.00
0.00
0.00
0.00
0.00
0.00
0.00
1.00
0.00
0.00
0.00
0.00
0.00
0.00
0.00
0.00
0.00
0.00
9.00
0.00
0.00
0.00
0.00
0.00
0.00
0.00
0.00
0.00
0.00
0.00
0.00
0.00
0.00
0.00
0.00
0.00
1.00
0.00
0.00
0.00
0.00
26.00
0.00
0.00
0.00
0.00
0.00
0.00
0.00
1.00
0.00
0.00
262.00
35.00
0.00
12.00
0.00
0.00
0.00
0.00
4.00
1.00
3.00
0.00
180.00
0.00
0.00
0.00
0.00
2.00
0.00
0.00
0.00
0.00
54.00
0.00
0.00
1.00
0.00
59.00
0.00
28.00
0.00
0.00
0.00
0.00
656.00
6.00
85.00
348.00
136.00
0.00
235.00
561.00
304.00
23.00
0.00
0.00
0.00
0.00
0.00
0.00
0.00
184.00
22.00
321.00
258.00
0.00
11.00
31.00
54.00
146.00
0.00
0.00
65.00
2.00
17.00
0.00
0.00
7.00
81.00
391.00
127.00
172.00
60.00
27.00
13.00
0.00
0.00
1.00
1.00
198.00
69.00
19.00
144.00
0.00
226.00
334.00
36.00
347.00
989.00
8.00
11.00
14.00
32.00
3.00
0.00
19.00
124.00
47.00
11.00
4.00
16.00
15.00
911.00
0.00
27.00
12.00
2.00
4.00
252.00
69.00
83.00
17.00
0.00
40.00
172.00
360.00
10.00
0.00
14.00
18.00
36.00
28.00
15.00
6.00
22.00
123.00
66.00
138.00
8.00
76.00
64.00
18.00
43.00
4.00
1.00
56.00
78.00
207.00
165.00
66.00
0.00
5.00
29.00
189.00
68.00
10.00
12.00
2.00
2.00
8.00
74.00
122.00
53.00
253.00
102.00
6.00
26.00
115.00
41.00
28.00
56.00
12.00
102.00
74.00
155.00
47.00
223.00
128.00
43.00
20.00
7.00
116.00
62.00
414.00
75.00
44.00
62.00
8.00
1.00
233.00
27.00
0.00
5.00
0.00
801.00
59.00
38.00
0.00
7.00
228.00
249.00
63.00
30.00
46.00
27.00
107.00
27.00
60.00
16.00
1.00
9.00
24.00
254.00
627.00
269.00
0.00
164.00
93.00
32.00
109.00
203.00
166.00
77.00
103.00
2.00
110.00
7.00
288.00
184.00
0.00
436.00
5.00
9.00
0.00
149.00
167.00
231.00
133.00
103.00
13.00
10.00
312.00
175.00
0.00
0.00
0.00
0.00
0.00
0.00
0.00
0.00
0.00
0.00
0.00
0.00
3.00
1.00
38.00
4.00
63.00
16.00
0.00
0.00
56.00
35.00
210.00
555.00
142.00
0.00
0.00
0.00
0.00
0.00
0.00
0.00
0.00
0.00
1.00
0.00
0.00
0.00
0.00
0.00
0.00
0.00
0.00
0.00
0.00
0.00
0.00
0.00
0.00
0.00
0.00
0.00
0.00
0.00
0.00
0.00
2.00
0.00
0.00
0.00
0.00
0.00
0.00
0.00
0.00
0.00
0.00
0.00
0.00
0.00
0.00
0.00
0.00
0.00
0.00
0.00
0.00
0.00
0.00
0.00
0.00
0.00
0.00
0.00
0.00
0.00
0.00
0.00
0.00
0.00
0.00
0.00
0.00
0.00
0.00
0.00
0.00
0.00
0.00
0.00
0.00
0.00
0.00
0.00
0.00
0.00
5.00
0.00
0.00
0.00
0.00
0.00
0.00
0.00
0.00
0.00
0.00
0.00
0.00
0.00
0.00
0.00
0.00
0.00
0.00
0.00
0.00
0.00
0.00
0.00
0.00
0.00
0.00
20.00
0.00
0.00
0.00
0.00
0.00
0.00
0.00
0.00
0.00
74.00
24.00
0.00
208.00
0.00
184.00
219.00
0.00
0.00
0.00
0.00
0.00
0.00
83.00
1.00
92.00
0.00
0.00
0.00
0.00
97.00
0.00
0.00
3.00
64.00
298.00
23.00
33.00
1.00
530.00
166.00
401.00
0.00
0.00
0.00
0.00
0.00
0.00
0.00
0.00
0.00
49.00
40.00
0.00
0.00
800.00
438.00
207.00
512.00
101.00
265.00
103.00
0.00
0.00
94.00
14.00
28.00
255.00
0.00
0.00
48.00
2.00
57.00
0.00
0.00
101.00
0.00
0.00
0.00
40.00
36.00
538.00
1.00
61.00
0.00
81.00
22.00
131.00
11.00
0.00
0.00
7.00
22.00
66.00
39.00
142.00
572.00
282.00
382.00
140.00
254.00
246.00
9.00
4.00
12.00
77.00
409.00
810.00
128.00
168.00
19.00
15.00
164.00
81.00
52.00
54.00
435.00
16.00
5.00
96.00
104.00
152.00
367.00
319.00
92.00
96.00
68.00
147.00
91.00
2.00
53.00
17.00
56.00
65.00
20.00
8.00
23.00
45.00
56.00
267.00
343.00
156.00
266.00
140.00
25.00
17.00
55.00
77.00
23.00
279.00
37.00
196.00
48.00
52.00
50.00
129.00
70.00
21.00
14.00
1.00
67.00
231.00
51.00
87.00
51.00
21.00
1.00
0.00
63.00
741.00
110.00
4.00
6.00
114.00
37.00
34.00
22.00
118.00
259.00
139.00
84.00
260.00
274.00
273.00
336.00
20.00
67.00
40.00
40.00
66.00
0.00
17.00
31.00
11.00
3.00
79.00
88.00
34.00
0.00
6.00
73.00
2.00
25.00
47.00
1.00
52.00
206.00
226.00
57.00
25.00
2.00
0.00
0.00
0.00
21.00
113.00
435.00
217.00
81.00
18.00
245.00
57.00
8.00
58.00
204.00
295.00
128.00
29.00
1.00
2.00
2.00
10.00
0.00
0.00
0.00
0.00
392.00
600.00
416.00
332.00
1316.00
0.00
0.00
0.00
0.00
0.00
0.00
0.00
1121.00
537.00
0.00
0.00
0.00
0.00
0.00
0.00
0.00
0.00
0.00
0.00
0.00
0.00
135.00
0.00
6.00
119.00
31.00
11.00
0.00
0.00
0.00
0.00
0.00
0.00
0.00
0.00
0.00
0.00
0.00
0.00
0.00
0.00
0.00
0.00
0.00
0.00
5.00
21.00
211.00
384.00
290.00
0.00
0.00
0.00
0.00
0.00
0.00
0.00
0.00
34.00
0.00
0.00
0.00
0.00
0.00
0.00
0.00
0.00
0.00
0.00
0.00
78.00
214.00
19.00
0.00
0.00
0.00
0.00
0.00
0.00
0.00
0.00
0.00
0.00
0.00
0.00
0.00
0.00
0.00
0.00
0.00
0.00
0.00
0.00
0.00
0.00
0.00
0.00
0.00
0.00
0.00
0.00
0.00
0.00
0.00
0.00
0.00
0.00
0.00
60.00
23.00
485.00
1.00
119.00
0.00
5.00
0.00
0.00
0.00
0.00
0.00
0.00
0.00
0.00
0.00
0.00
0.00
0.00
272.00
0.00
0.00
0.00
0.00
0.00
0.00
0.00
0.00
0.00
0.00
0.00
0.00
0.00
0.00
34.00
0.00
0.00
12.00
16.00
27.00
0.00
0.00
0.00
0.00
0.00
0.00
2.00
165.00
33.00
0.00
44.00
418.00
52.00
0.00
11.00
147.00
0.00
213.00
0.00
4.00
245.00
0.00
14.00
1.00
8.00
0.00
16.00
0.00
0.00
40.00
82.00
28.00
11.00
213.00
11.00
0.00
4.00
29.00
14.00
18.00
153.00
153.00
389.00
2.00
83.00
0.00
193.00
517.00
702.00
499.00
659.00
696.00
304.00
137.00
0.00
48.00
22.00
129.00
62.00
0.00
13.00
0.00
254.00
1.00
0.00
48.00
68.00
0.00
0.00
0.00
59.00
160.00
4.00
61.00
7.00
141.00
116.00
187.00
172.00
24.00
5.00
639.00
209.00
681.00
520.00
555.00
33.00
731.00
510.00
8.00
0.00
2.00
15.00
0.00
3.00
20.00
6.00
20.00
0.00
206.00
124.00
10.00
0.00
0.00
7.00
31.00
75.00
28.00
4.00
4.00
15.00
28.00
41.00
139.00
67.00
86.00
395.00
75.00
129.00
27.00
25.00
12.00
17.00
33.00
83.00
19.00
79.00
38.00
2.00
2.00
2.00
19.00
127.00
175.00
101.00
20.00
5.00
7.00
518.00
131.00
48.00
95.00
92.00
49.00
13.00
124.00
220.00
359.00
137.00
515.00
169.00
56.00
2.00
2.00
242.00
104.00
0.00
78.00
60.00
252.00
95.00
100.00
8.00
4.00
7.00
54.00
78.00
0.00
18.00
31.00
395.00
0.00
0.00
0.00
95.00
2.00
13.00
36.00
0.00
2.00
121.00
5.00
12.00
15.00
368.00
161.00
150.00
0.00
41.00
25.00
22.00
17.00
74.00
0.00
0.00
0.00
1.00
0.00
0.00
0.00
0.00
2.00
0.00
0.00
76.00
167.00
382.00
345.00
7.00
0.00
0.00
0.00
0.00
0.00
0.00
0.00
0.00
0.00
0.00
0.00
0.00
0.00
188.00
325.00
264.00
153.00
42.00
0.00
0.00
2.00
0.00
0.00
9.00
0.00
0.00
0.00
0.00
0.00
0.00
0.00
0.00
0.00
0.00
0.00
0.00
0.00
8.00
0.00
0.00
0.00
0.00
0.00
0.00
0.00
0.00
0.00
0.00
0.00
0.00
0.00
0.00
0.00
2.00
0.00
0.00
0.00
0.00
0.00
0.00
0.00
2.00
0.00
8.00
50.00
0.00
0.00
0.00
0.00
0.00
0.00
0.00
0.00
0.00
0.00
0.00
0.00
0.00
0.00
0.00
0.00
0.00
0.00
0.00
0.00
0.00
0.00
0.00
0.00
0.00
0.00
0.00
0.00
0.00
0.00
0.00
0.00
0.00
0.00
0.00
0.00
0.00
0.00
0.00
0.00
0.00
0.00
0.00
0.00
0.00
0.00
0.00
0.00
0.00
0.00
0.00
0.00
0.00
0.00
0.00
0.00
0.00
0.00
0.00
0.00
2.00
11.00
0.00
0.00
0.00
0.00
0.00
0.00
0.00
111.60
118.20
119.50
44.90
0.00
0.00
0.00
4.00
30.90
0.00
0.00
0.00
0.00
0.00
0.00
0.00
0.00
0.00
1.20
0.10
124.60
8.10
0.00
0.00
0.00
28.10
0.00
0.00
0.00
0.00
3.20
0.00
0.00
0.00
95.20
23.50
188.10
7.00
2.40
0.10
10.50
0.10
10.30
15.70
0.00
0.70
0.00
0.00
0.00
0.00
0.00
0.00
0.00
0.00
0.20
0.00
1.00
0.00
0.00
0.00
0.00
0.00
8.80
0.60
0.00
0.00
0.50
6.20
34.90
0.00
0.00
0.00
0.00
0.00
0.00
4.50
0.00
23.20
10.60
2.70
4.70
4.30
3.10
0.30
0.30
0.00
19.10
19.10
79.50
1.90
0.80
0.00
0.00
0.00
0.00
11.60
44.00
2.90
10.40
7.00
0.00
0.90
0.10
0.80
8.30
0.00
0.00
1.60
37.40
33.60
6.30
0.40
0.00
30.50
47.50
10.70
10.70
0.90
0.00
0.10
0.20
1.60
0.60
0.80
5.30
21.10
11.00
1.50
2.80
34.10
22.90
12.80
7.30
19.20
23.10
23.10
22.50
22.50
20.80
0.70
0.70
0.10
1.70
0.70
0.70
0.70
2.90
0.60
1.40
2.30
56.30
17.40
6.70
6.60
1.90
8.70
1.90
6.80
15.10
42.40
13.70
8.30
1.80
24.20
6.60
0.50
0.90
4.90
15.80
11.50
6.10
5.60
0.40
3.40
0.00
0.20
4.50
0.30
42.50
37.90
18.80
12.20
10.20
5.80
9.50
0.30
10.50
0.70
0.90
6.70
16.60
36.30
19.60
18.00
7.40
1.00
1.20
20.10
10.80
5.70
0.50
0.00
4.10
5.90
0.40
0.00
7.10
2.10
18.30
48.40
17.80
23.20
21.40
0.30
17.90
1.30
18.80
1.50
1.50
5.90
0.10
0.40
4.20
18.00
4.60
1.10
35.80
14.10
0.00
0.00
0.00
0.00
15.00
4.60
0.00
0.00
0.10
0.00
0.30
13.20
1.40
0.30
0.30
1.60
