20160101
0.00
0.00
0.00
0.00
0.00
0.00
0.00
0.00
0.00
0.00
0.00
0.00
2.00
0.00
0.00
0.00
0.00
0.00
0.00
5.00
7.00
0.00
0.00
0.00
0.00
0.00
0.00
0.00
0.00
0.00
0.00
0.00
0.00
0.00
0.00
0.00
0.00
0.00
0.00
0.00
0.00
0.00
28.00
0.00
0.00
0.00
0.00
0.00
0.00
0.00
0.00
0.00
2.00
29.00
91.00
7.00
22.00
0.00
0.00
0.00
2.00
0.00
0.00
0.00
0.00
0.00
0.00
0.00
0.00
3.00
0.00
1.00
0.00
0.00
0.00
0.00
12.00
0.00
4.00
0.00
41.00
0.00
0.00
0.00
0.00
0.00
0.00
479.00
0.00
0.00
190.00
176.00
0.00
97.00
269.00
36.00
0.00
0.00
0.00
0.00
0.00
0.00
0.00
0.00
1.00
0.00
75.00
33.00
0.00
6.00
0.00
0.00
0.00
0.00
0.00
145.00
0.00
0.00
0.00
0.00
0.00
276.00
85.00
46.00
211.00
0.00
0.00
5.00
0.00
0.00
4.00
0.00
85.00
48.00
0.00
0.00
3.00
107.00
238.00
217.00
812.00
841.00
5.00
0.00
160.00
16.00
0.00
6.00
16.00
174.00
0.00
58.00
1.00
0.00
1306.00
436.00
0.00
32.00
128.00
54.00
20.00
478.00
658.00
115.00
78.00
0.00
23.00
9.00
62.00
4.00
0.00
7.00
11.00
7.00
6.00
100.00
133.00
75.00
3.00
170.00
354.00
15.00
19.00
59.00
30.00
208.00
125.00
15.00
173.00
89.00
26.00
52.00
1.00
13.00
1.00
29.00
82.00
40.00
13.00
41.00
0.00
9.00
21.00
19.00
20.00
70.00
351.00
3.00
0.00
36.00
267.00
107.00
352.00
232.00
66.00
118.00
81.00
40.00
6.00
10.00
53.00
56.00
218.00
120.00
6.00
163.00
236.00
30.00
41.00
1.00
0.00
14.00
403.00
104.00
0.00
2.00
0.00
522.00
34.00
106.00
146.00
78.00
33.00
28.00
107.00
28.00
17.00
0.00
0.00
0.00
0.00
120.00
3.00
0.00
194.00
353.00
291.00
108.00
301.00
721.00
102.00
103.00
31.00
64.00
78.00
120.00
850.00
13.00
1.00
87.00
320.00
268.00
39.00
360.00
301.00
105.00
86.00
366.00
68.00
142.00
925.00
111.00
0.00
1.00
419.00
184.00
19.00
0.00
0.00
0.00
0.00
0.00
0.00
0.00
0.00
0.00
0.00
10.00
0.00
0.00
21.00
12.00
11.00
0.00
0.00
0.00
8.00
19.00
192.00
895.00
301.00
0.00
0.00
0.00
0.00
0.00
0.00
0.00
0.00
0.00
0.00
0.00
0.00
0.00
0.00
0.00
0.00
0.00
0.00
0.00
0.00
0.00
0.00
0.00
0.00
13.00
0.00
0.00
0.00
0.00
0.00
0.00
0.00
0.00
0.00
0.00
0.00
0.00
0.00
0.00
0.00
0.00
0.00
0.00
0.00
0.00
0.00
0.00
0.00
0.00
0.00
0.00
0.00
0.00
0.00
0.00
0.00
0.00
0.00
0.00
0.00
0.00
0.00
0.00
0.00
0.00
0.00
0.00
0.00
0.00
0.00
0.00
0.00
0.00
0.00
0.00
0.00
0.00
0.00
0.00
0.00
0.00
0.00
0.00
0.00
0.00
0.00
0.00
0.00
0.00
0.00
0.00
0.00
0.00
0.00
0.00
0.00
0.00
0.00
0.00
0.00
0.00
0.00
0.00
0.00
0.00
0.00
0.00
0.00
9.00
0.00
0.00
0.00
0.00
0.00
0.00
0.00
0.00
0.00
188.00
80.00
12.00
155.00
2.00
81.00
51.00
0.00
0.00
0.00
0.00
0.00
0.00
221.00
0.00
73.00
0.00
0.00
0.00
0.00
73.00
0.00
0.00
0.00
260.00
113.00
0.00
0.00
0.00
376.00
209.00
175.00
0.00
0.00
0.00
0.00
0.00
0.00
0.00
0.00
0.00
25.00
20.00
0.00
8.00
532.00
262.00
145.00
284.00
189.00
367.00
404.00
0.00
0.00
0.00
0.00
0.00
0.00
0.00
0.00
0.00
0.00
16.00
0.00
0.00
131.00
0.00
2.00
0.00
14.00
52.00
291.00
12.00
86.00
0.00
82.00
0.00
75.00
0.00
0.00
0.00
0.00
0.00
247.00
439.00
206.00
599.00
86.00
1687.00
59.00
73.00
577.00
0.00
0.00
448.00
781.00
930.00
164.00
164.00
799.00
921.00
0.00
170.00
254.00
22.00
121.00
401.00
2.00
27.00
71.00
228.00
51.00
30.00
58.00
50.00
81.00
45.00
166.00
53.00
11.00
239.00
132.00
48.00
1.00
2.00
0.00
13.00
136.00
30.00
199.00
476.00
449.00
173.00
62.00
66.00
182.00
188.00
243.00
6.00
54.00
294.00
954.00
59.00
16.00
92.00
234.00
99.00
10.00
4.00
1.00
1.00
153.00
98.00
97.00
40.00
9.00
0.00
0.00
177.00
646.00
177.00
42.00
16.00
54.00
20.00
86.00
49.00
123.00
478.00
424.00
76.00
553.00
408.00
129.00
232.00
13.00
67.00
91.00
61.00
109.00
20.00
8.00
95.00
27.00
9.00
117.00
112.00
32.00
0.00
90.00
106.00
0.00
75.00
64.00
27.00
104.00
117.00
323.00
11.00
2.00
2.00
5.00
35.00
333.00
319.00
195.00
313.00
52.00
44.00
177.00
0.00
130.00
6.00
142.00
62.00
610.00
0.00
17.00
20.00
0.00
45.00
54.00
0.00
0.00
0.00
0.00
645.00
499.00
214.00
312.00
1134.00
0.00
0.00
0.00
0.00
0.00
0.00
24.00
229.00
87.00
0.00
0.00
0.00
0.00
0.00
0.00
0.00
0.00
0.00
0.00
0.00
0.00
7.00
0.00
11.00
150.00
61.00
5.00
0.00
0.00
0.00
0.00
0.00
0.00
0.00
0.00
0.00
0.00
0.00
0.00
0.00
0.00
0.00
0.00
0.00
0.00
1.00
0.00
1136.00
519.00
320.00
0.00
0.00
0.00
0.00
0.00
0.00
0.00
0.00
0.00
0.00
0.00
0.00
0.00
0.00
0.00
0.00
0.00
0.00
0.00
0.00
139.00
210.00
20.00
0.00
0.00
0.00
0.00
0.00
0.00
0.00
0.00
0.00
0.00
0.00
0.00
0.00
0.00
0.00
0.00
0.00
0.00
0.00
0.00
0.00
0.00
0.00
0.00
0.00
0.00
0.00
0.00
0.00
0.00
0.00
0.00
0.00
0.00
0.00
38.00
23.00
413.00
0.00
123.00
0.00
3.00
0.00
0.00
0.00
0.00
0.00
0.00
0.00
0.00
0.00
0.00
0.00
0.00
384.00
0.00
0.00
0.00
0.00
0.00
0.00
0.00
0.00
0.00
0.00
0.00
0.00
0.00
0.00
230.00
0.00
0.00
4.00
42.00
0.00
0.00
0.00
0.00
0.00
0.00
0.00
2.00
0.00
16.00
11.00
0.00
24.00
74.00
0.00
8.00
111.00
0.00
95.00
22.00
7.00
119.00
0.00
4.00
9.00
0.00
0.00
9.00
0.00
0.00
196.00
41.00
36.00
88.00
133.00
33.00
0.00
0.00
0.00
40.00
20.00
0.00
327.00
471.00
11.00
16.00
2.00
38.00
378.00
339.00
667.00
260.00
339.00
431.00
367.00
0.00
78.00
1.00
0.00
58.00
0.00
3.00
119.00
146.00
28.00
12.00
0.00
181.00
0.00
0.00
0.00
2.00
14.00
86.00
124.00
3.00
35.00
83.00
786.00
163.00
0.00
16.00
177.00
1113.00
583.00
1112.00
606.00
254.00
119.00
486.00
14.00
143.00
16.00
21.00
4.00
109.00
8.00
10.00
87.00
10.00
26.00
24.00
17.00
6.00
4.00
9.00
260.00
149.00
48.00
17.00
81.00
25.00
2.00
6.00
12.00
131.00
36.00
28.00
179.00
90.00
4.00
2.00
2.00
50.00
9.00
53.00
8.00
191.00
39.00
29.00
37.00
48.00
4.00
21.00
50.00
100.00
106.00
43.00
5.00
360.00
662.00
466.00
10.00
264.00
82.00
51.00
264.00
409.00
129.00
197.00
105.00
34.00
84.00
10.00
66.00
13.00
63.00
0.00
51.00
11.00
60.00
82.00
11.00
20.00
3.00
11.00
13.00
1.00
0.00
17.00
83.00
25.00
0.00
0.00
11.00
163.00
16.00
8.00
10.00
0.00
0.00
462.00
0.00
158.00
89.00
44.00
209.00
14.00
0.00
46.00
17.00
58.00
2.00
154.00
0.00
0.00
0.00
0.00
0.00
0.00
0.00
0.00
0.00
0.00
1.00
203.00
316.00
471.00
614.00
107.00
1.00
0.00
0.00
0.00
0.00
0.00
0.00
0.00
0.00
0.00
0.00
0.00
0.00
254.00
110.00
302.00
153.00
35.00
0.00
0.00
0.00
0.00
0.00
5.00
0.00
0.00
0.00
0.00
0.00
0.00
0.00
0.00
0.00
0.00
0.00
0.00
0.00
0.00
0.00
0.00
0.00
0.00
0.00
0.00
0.00
0.00
0.00
0.00
0.00
0.00
0.00
0.00
0.00
0.00
0.00
0.00
0.00
0.00
0.00
0.00
0.00
0.00
0.00
48.00
58.00
6.00
0.00
0.00
0.00
0.00
0.00
0.00
0.00
0.00
0.00
0.00
0.00
0.00
0.00
0.00
0.00
0.00
0.00
0.00
0.00
0.00
0.00
0.00
0.00
0.00
0.00
0.00
0.00
0.00
0.00
0.00
0.00
0.00
0.00
0.00
0.00
0.00
0.00
0.00
0.00
0.00
0.00
0.00
0.00
0.00
0.00
0.00
0.00
0.00
0.00
0.00
0.00
0.00
0.00
0.00
0.00
0.00
0.00
0.00
0.00
1.00
2.00
0.00
0.00
0.00
0.00
0.00
0.00
0.00
113.30
108.50
39.20
37.50
0.00
0.00
0.00
1.70
20.90
0.00
0.00
0.00
0.00
0.00
0.00
0.00
0.00
0.00
0.00
1.40
9.10
2.20
0.00
0.00
0.00
4.70
0.00
0.00
0.00
0.00
0.00
0.00
0.00
0.00
39.80
37.00
96.80
14.30
0.00
0.20
8.90
0.10
47.90
55.40
0.00
3.80
0.00
0.70
0.00
0.00
0.00
0.00
0.00
0.00
0.00
0.00
0.60
0.00
0.00
0.00
0.00
0.00
0.00
0.00
0.00
0.00
0.10
14.60
26.60
0.00
0.00
0.00
0.00
0.00
0.00
0.00
0.00
1.60
0.00
7.90
13.20
50.90
1.60
3.30
3.30
0.00
20.30
20.30
38.90
31.30
0.10
0.10
0.00
0.00
0.00
0.00
21.20
22.50
2.60
2.60
0.40
13.80
2.40
0.10
67.60
0.10
0.00
51.00
105.40
58.80
5.10
0.30
0.00
13.10
40.10
27.00
40.10
2.90
0.00
2.40
4.10
7.20
6.40
0.40
1.00
2.30
0.00
1.50
0.10
0.30
1.60
16.90
101.10
100.50
21.50
21.50
71.00
71.00
25.90
1.90
1.90
0.00
27.90
1.90
1.90
1.90
2.10
1.60
0.90
2.40
46.00
3.70
1.60
0.00
3.10
23.00
1.90
1.70
5.00
7.90
11.00
146.20
19.50
0.70
10.60
3.60
1.30
7.60
19.10
3.50
19.00
13.70
6.50
2.30
0.00
1.00
11.60
1.10
52.30
38.20
25.80
7.70
2.80
0.80
6.30
0.20
41.80
10.00
6.10
3.90
19.10
13.50
16.70
3.80
0.10
0.10
13.20
1.80
6.60
13.90
2.20
0.00
3.20
0.60
0.50
0.30
27.20
0.10
5.20
13.40
33.70
14.90
15.30
0.00
11.20
0.00
17.60
3.40
3.40
28.70
0.00
0.00
2.30
15.70
0.70
0.30
17.70
11.50
0.30
0.00
0.00
3.10
1.60
1.10
0.00
0.00
0.00
0.00
0.30
7.40
4.80
0.10
0.00
2.30
