20160101
0.00
10.00
0.00
0.00
0.00
0.00
0.00
0.00
0.00
0.00
0.00
0.00
0.00
0.00
0.00
0.00
0.00
0.00
0.00
16.00
1.00
0.00
0.00
0.00
0.00
0.00
0.00
0.00
0.00
0.00
0.00
0.00
0.00
0.00
0.00
0.00
0.00
0.00
1.00
0.00
0.00
0.00
76.00
0.00
0.00
0.00
0.00
0.00
0.00
0.00
0.00
0.00
0.00
372.00
202.00
5.00
4.00
0.00
0.00
0.00
1.00
0.00
0.00
0.00
0.00
6.00
0.00
0.00
0.00
3.00
0.00
9.00
0.00
0.00
0.00
1.00
0.00
0.00
7.00
0.00
48.00
0.00
0.00
0.00
0.00
0.00
0.00
393.00
1.00
34.00
337.00
150.00
22.00
84.00
789.00
0.00
0.00
0.00
0.00
0.00
0.00
0.00
0.00
0.00
0.00
0.00
80.00
27.00
0.00
0.00
0.00
0.00
0.00
0.00
0.00
137.00
1.00
0.00
0.00
0.00
0.00
66.00
162.00
45.00
26.00
10.00
1.00
43.00
0.00
0.00
0.00
0.00
43.00
257.00
2.00
6.00
0.00
86.00
340.00
177.00
953.00
528.00
1.00
0.00
627.00
127.00
0.00
16.00
247.00
32.00
3.00
77.00
0.00
0.00
8.00
68.00
0.00
118.00
167.00
106.00
126.00
235.00
614.00
114.00
121.00
0.00
0.00
72.00
64.00
2.00
0.00
14.00
2.00
5.00
30.00
39.00
92.00
87.00
32.00
557.00
186.00
1.00
9.00
12.00
131.00
344.00
80.00
20.00
355.00
46.00
34.00
42.00
0.00
13.00
31.00
21.00
142.00
82.00
56.00
181.00
24.00
9.00
5.00
5.00
52.00
108.00
231.00
0.00
3.00
41.00
227.00
107.00
552.00
97.00
22.00
127.00
62.00
50.00
0.00
17.00
83.00
42.00
486.00
33.00
2.00
257.00
327.00
120.00
233.00
9.00
0.00
0.00
478.00
415.00
0.00
0.00
0.00
464.00
22.00
199.00
241.00
5.00
84.00
305.00
160.00
70.00
34.00
10.00
1.00
1.00
7.00
0.00
7.00
24.00
72.00
250.00
219.00
71.00
36.00
158.00
67.00
26.00
10.00
39.00
10.00
46.00
26.00
5.00
1.00
34.00
378.00
238.00
0.00
327.00
605.00
170.00
56.00
126.00
64.00
54.00
337.00
8.00
189.00
40.00
1011.00
128.00
0.00
0.00
0.00
0.00
0.00
0.00
0.00
0.00
0.00
0.00
0.00
0.00
0.00
0.00
83.00
94.00
24.00
0.00
0.00
0.00
5.00
10.00
199.00
800.00
621.00
0.00
0.00
0.00
0.00
0.00
0.00
0.00
0.00
0.00
0.00
0.00
0.00
0.00
0.00
0.00
0.00
0.00
0.00
0.00
0.00
0.00
0.00
0.00
0.00
49.00
0.00
0.00
0.00
0.00
0.00
0.00
15.00
0.00
0.00
0.00
0.00
0.00
0.00
0.00
0.00
0.00
0.00
0.00
0.00
0.00
0.00
0.00
0.00
0.00
0.00
0.00
0.00
0.00
0.00
0.00
0.00
0.00
0.00
0.00
0.00
0.00
0.00
0.00
0.00
0.00
0.00
0.00
0.00
0.00
0.00
0.00
0.00
0.00
0.00
8.00
0.00
0.00
0.00
0.00
0.00
0.00
3.00
0.00
0.00
0.00
0.00
0.00
0.00
0.00
0.00
0.00
0.00
0.00
0.00
0.00
0.00
0.00
0.00
0.00
0.00
0.00
0.00
0.00
0.00
0.00
0.00
0.00
0.00
54.00
0.00
0.00
0.00
0.00
0.00
0.00
0.00
0.00
0.00
36.00
98.00
1.00
225.00
4.00
57.00
91.00
0.00
0.00
0.00
0.00
0.00
0.00
204.00
5.00
28.00
0.00
0.00
0.00
0.00
44.00
0.00
0.00
3.00
57.00
90.00
0.00
0.00
0.00
632.00
56.00
174.00
0.00
0.00
0.00
0.00
0.00
0.00
0.00
0.00
0.00
39.00
16.00
0.00
26.00
528.00
141.00
150.00
302.00
70.00
256.00
230.00
0.00
1.00
0.00
23.00
13.00
2.00
0.00
0.00
0.00
0.00
8.00
0.00
0.00
116.00
0.00
0.00
0.00
58.00
51.00
439.00
36.00
93.00
0.00
0.00
0.00
0.00
0.00
0.00
0.00
0.00
28.00
2.00
475.00
363.00
630.00
38.00
1432.00
56.00
1.00
477.00
8.00
0.00
607.00
719.00
71.00
381.00
294.00
396.00
403.00
0.00
122.00
208.00
144.00
125.00
784.00
1.00
154.00
52.00
23.00
161.00
31.00
34.00
27.00
38.00
7.00
138.00
76.00
193.00
334.00
147.00
43.00
4.00
1.00
4.00
32.00
122.00
35.00
284.00
228.00
120.00
101.00
54.00
129.00
177.00
390.00
1430.00
160.00
22.00
240.00
837.00
56.00
173.00
73.00
145.00
208.00
49.00
1.00
0.00
8.00
87.00
159.00
106.00
81.00
8.00
12.00
3.00
155.00
347.00
332.00
135.00
9.00
43.00
11.00
74.00
62.00
130.00
241.00
290.00
184.00
187.00
267.00
133.00
261.00
290.00
149.00
53.00
432.00
89.00
199.00
83.00
82.00
52.00
2.00
13.00
37.00
66.00
2.00
65.00
228.00
28.00
0.00
51.00
13.00
89.00
247.00
523.00
24.00
34.00
6.00
0.00
69.00
163.00
222.00
410.00
238.00
13.00
209.00
68.00
35.00
36.00
117.00
281.00
26.00
52.00
7.00
1.00
44.00
0.00
0.00
2.00
0.00
0.00
0.00
0.00
434.00
142.00
278.00
666.00
1923.00
0.00
0.00
0.00
0.00
0.00
0.00
2.00
504.00
168.00
0.00
0.00
0.00
0.00
0.00
0.00
0.00
0.00
0.00
0.00
0.00
0.00
32.00
0.00
0.00
230.00
9.00
6.00
0.00
0.00
0.00
0.00
0.00
0.00
0.00
0.00
0.00
0.00
0.00
0.00
0.00
0.00
0.00
0.00
0.00
0.00
2.00
72.00
1240.00
952.00
1068.00
0.00
0.00
0.00
0.00
0.00
0.00
0.00
0.00
25.00
0.00
0.00
0.00
0.00
0.00
0.00
0.00
0.00
0.00
0.00
0.00
226.00
131.00
1.00
0.00
0.00
0.00
0.00
0.00
0.00
0.00
0.00
0.00
0.00
0.00
0.00
0.00
0.00
0.00
0.00
0.00
0.00
0.00
0.00
0.00
0.00
0.00
0.00
0.00
0.00
0.00
0.00
0.00
0.00
0.00
0.00
0.00
0.00
0.00
95.00
40.00
576.00
20.00
122.00
0.00
0.00
0.00
0.00
0.00
0.00
0.00
0.00
0.00
0.00
0.00
0.00
0.00
0.00
395.00
0.00
0.00
0.00
0.00
0.00
0.00
17.00
0.00
0.00
0.00
0.00
0.00
0.00
0.00
0.00
0.00
0.00
42.00
11.00
0.00
0.00
0.00
0.00
0.00
0.00
0.00
0.00
0.00
0.00
0.00
0.00
199.00
58.00
14.00
23.00
0.00
0.00
6.00
40.00
59.00
209.00
0.00
0.00
45.00
3.00
0.00
67.00
0.00
0.00
181.00
40.00
22.00
33.00
44.00
62.00
0.00
0.00
0.00
5.00
0.00
1.00
347.00
289.00
4.00
58.00
16.00
83.00
568.00
295.00
399.00
368.00
331.00
225.00
298.00
0.00
123.00
0.00
0.00
60.00
10.00
136.00
253.00
282.00
38.00
10.00
88.00
21.00
0.00
0.00
0.00
66.00
113.00
226.00
172.00
34.00
44.00
0.00
266.00
0.00
1.00
3.00
75.00
614.00
467.00
436.00
1855.00
29.00
54.00
105.00
27.00
28.00
27.00
189.00
10.00
2.00
0.00
72.00
159.00
6.00
23.00
12.00
1.00
0.00
0.00
1.00
243.00
490.00
40.00
4.00
33.00
40.00
7.00
12.00
25.00
59.00
26.00
153.00
216.00
35.00
0.00
2.00
9.00
10.00
59.00
89.00
28.00
351.00
147.00
4.00
14.00
87.00
31.00
12.00
45.00
37.00
35.00
48.00
9.00
223.00
294.00
172.00
19.00
124.00
35.00
59.00
105.00
211.00
194.00
396.00
113.00
86.00
92.00
68.00
8.00
15.00
88.00
13.00
12.00
6.00
85.00
51.00
20.00
0.00
0.00
21.00
9.00
15.00
0.00
8.00
147.00
17.00
0.00
0.00
0.00
118.00
2.00
65.00
299.00
5.00
0.00
74.00
0.00
0.00
186.00
183.00
64.00
0.00
0.00
4.00
19.00
54.00
28.00
5.00
0.00
1.00
0.00
0.00
0.00
0.00
0.00
0.00
0.00
0.00
0.00
133.00
142.00
507.00
447.00
159.00
0.00
0.00
0.00
0.00
0.00
0.00
0.00
0.00
0.00
0.00
0.00
0.00
0.00
5.00
47.00
245.00
93.00
18.00
0.00
0.00
0.00
0.00
0.00
1.00
0.00
0.00
0.00
0.00
0.00
0.00
0.00
0.00
0.00
0.00
0.00
0.00
0.00
0.00
0.00
0.00
0.00
0.00
0.00
0.00
0.00
0.00
0.00
0.00
0.00
0.00
0.00
0.00
0.00
0.00
0.00
0.00
0.00
0.00
0.00
0.00
0.00
0.00
0.00
55.00
48.00
0.00
0.00
0.00
0.00
0.00
0.00
0.00
0.00
0.00
0.00
0.00
0.00
0.00
0.00
0.00
0.00
0.00
0.00
0.00
0.00
0.00
0.00
0.00
0.00
0.00
0.00
0.00
0.00
0.00
0.00
0.00
0.00
0.00
0.00
0.00
0.00
0.00
0.00
0.00
0.00
0.00
0.00
0.00
0.00
0.00
0.00
0.00
0.00
0.00
0.00
0.00
0.00
0.00
0.00
0.00
0.00
0.00
0.00
0.00
0.00
3.00
7.00
0.00
0.00
0.00
0.00
0.00
0.00
0.00
94.80
69.10
50.00
27.70
0.00
0.00
0.00
1.10
23.20
0.00
0.00
0.00
0.00
0.00
0.00
0.00
0.00
0.00
0.30
3.70
25.70
0.20
1.10
6.00
0.00
0.20
0.00
0.00
0.00
0.00
0.30
0.00
0.00
0.00
31.10
37.30
85.40
16.30
0.00
0.10
8.20
0.00
20.80
23.10
1.70
4.60
0.00
9.00
0.00
0.00
0.00
0.20
0.00
0.00
0.00
0.00
0.30
0.00
0.00
0.00
0.00
0.00
0.00
0.00
0.00
0.00
0.00
14.40
95.70
0.00
0.00
0.00
0.00
0.00
0.00
0.00
0.00
15.40
0.50
0.50
6.40
27.90
0.10
0.60
0.60
0.00
13.80
13.80
97.60
29.60
0.60
0.00
0.00
0.00
0.00
0.00
26.10
32.60
0.90
6.80
0.20
0.00
2.60
2.00
10.70
0.00
0.00
12.70
30.90
23.70
29.50
0.10
0.00
5.00
18.20
11.80
4.30
0.10
0.00
0.80
6.80
5.70
9.00
1.00
0.30
3.80
0.40
1.00
0.10
0.60
0.00
9.50
41.20
44.80
95.50
95.50
70.50
70.50
15.30
0.00
0.00
5.60
11.50
0.00
0.00
0.00
0.00
0.00
3.40
1.20
37.40
4.90
6.60
0.20
0.10
29.90
0.60
1.40
2.70
8.20
37.70
26.40
7.70
0.80
25.30
2.60
0.10
75.30
23.30
15.40
52.20
29.60
0.30
0.20
0.00
5.70
17.10
6.80
24.50
19.30
25.00
2.10
1.10
0.40
0.80
0.10
34.40
20.90
37.40
30.80
2.80
18.70
4.90
2.10
0.10
11.30
15.80
2.70
2.00
20.50
2.80
0.80
1.10
1.80
2.00
0.80
0.20
0.20
5.80
17.40
8.50
11.90
14.10
0.20
0.80
1.20
15.90
12.80
12.80
37.30
0.00
0.00
2.00
10.20
4.20
8.00
13.70
13.20
0.00
0.00
0.00
0.00
0.00
0.90
0.00
0.00
0.00
0.00
0.30
4.30
3.70
0.00
0.00
1.20
