20160101
0.00
0.00
0.00
0.00
0.00
0.00
0.00
0.00
24.00
0.00
0.00
0.00
2.00
0.00
0.00
0.00
0.00
0.00
0.00
8.00
0.00
0.00
0.00
0.00
0.00
0.00
0.00
0.00
0.00
0.00
0.00
0.00
0.00
0.00
0.00
0.00
0.00
0.00
1.00
0.00
0.00
2.00
43.00
0.00
0.00
0.00
0.00
0.00
0.00
0.00
6.00
0.00
0.00
408.00
68.00
0.00
15.00
0.00
0.00
0.00
1.00
5.00
0.00
1.00
0.00
237.00
0.00
0.00
0.00
0.00
0.00
0.00
0.00
2.00
0.00
20.00
1.00
0.00
4.00
0.00
77.00
0.00
28.00
0.00
0.00
0.00
0.00
620.00
8.00
51.00
236.00
80.00
0.00
301.00
614.00
381.00
48.00
0.00
0.00
0.00
0.00
0.00
0.00
0.00
57.00
39.00
329.00
346.00
0.00
24.00
42.00
25.00
118.00
0.00
1.00
69.00
4.00
28.00
2.00
0.00
2.00
117.00
320.00
133.00
201.00
103.00
26.00
31.00
0.00
0.00
5.00
6.00
214.00
83.00
40.00
177.00
0.00
164.00
148.00
39.00
317.00
793.00
0.00
38.00
8.00
39.00
0.00
0.00
31.00
147.00
31.00
55.00
2.00
3.00
37.00
899.00
6.00
72.00
36.00
5.00
3.00
326.00
99.00
69.00
35.00
0.00
13.00
187.00
369.00
15.00
0.00
7.00
4.00
19.00
70.00
18.00
19.00
40.00
89.00
12.00
186.00
14.00
75.00
63.00
111.00
58.00
4.00
0.00
84.00
68.00
159.00
36.00
60.00
2.00
1.00
15.00
206.00
43.00
4.00
20.00
11.00
4.00
27.00
55.00
147.00
96.00
245.00
58.00
3.00
31.00
199.00
88.00
14.00
133.00
18.00
111.00
116.00
189.00
27.00
242.00
122.00
35.00
22.00
4.00
74.00
60.00
643.00
141.00
51.00
85.00
22.00
0.00
133.00
32.00
0.00
2.00
0.00
746.00
19.00
12.00
12.00
9.00
198.00
240.00
41.00
9.00
90.00
39.00
240.00
38.00
34.00
37.00
1.00
1.00
15.00
237.00
707.00
369.00
0.00
111.00
112.00
88.00
111.00
293.00
125.00
32.00
109.00
0.00
67.00
4.00
65.00
157.00
20.00
541.00
1.00
0.00
0.00
152.00
181.00
127.00
18.00
82.00
24.00
34.00
316.00
139.00
0.00
0.00
0.00
0.00
0.00
0.00
0.00
0.00
0.00
0.00
0.00
0.00
0.00
0.00
36.00
0.00
76.00
23.00
0.00
0.00
10.00
106.00
209.00
523.00
237.00
0.00
0.00
0.00
0.00
0.00
0.00
0.00
0.00
0.00
0.00
0.00
0.00
0.00
0.00
0.00
0.00
0.00
0.00
0.00
0.00
0.00
0.00
0.00
0.00
0.00
0.00
0.00
0.00
0.00
0.00
0.00
0.00
0.00
0.00
0.00
0.00
0.00
0.00
0.00
0.00
0.00
0.00
0.00
0.00
0.00
0.00
0.00
0.00
0.00
0.00
0.00
0.00
0.00
0.00
0.00
0.00
0.00
0.00
0.00
0.00
0.00
0.00
0.00
0.00
0.00
0.00
0.00
0.00
0.00
0.00
0.00
0.00
0.00
0.00
0.00
0.00
0.00
0.00
0.00
0.00
0.00
1.00
0.00
0.00
0.00
0.00
0.00
0.00
0.00
0.00
0.00
0.00
0.00
0.00
0.00
0.00
0.00
0.00
0.00
0.00
0.00
0.00
0.00
0.00
0.00
0.00
0.00
9.00
13.00
0.00
0.00
0.00
0.00
0.00
0.00
0.00
0.00
0.00
33.00
2.00
0.00
208.00
0.00
82.00
157.00
0.00
0.00
0.00
0.00
0.00
0.00
95.00
0.00
100.00
0.00
0.00
0.00
0.00
107.00
1.00
0.00
10.00
64.00
438.00
27.00
44.00
3.00
496.00
239.00
564.00
0.00
0.00
0.00
0.00
0.00
0.00
0.00
0.00
0.00
26.00
58.00
0.00
5.00
872.00
621.00
310.00
525.00
36.00
418.00
103.00
0.00
0.00
31.00
9.00
56.00
220.00
0.00
0.00
58.00
17.00
86.00
0.00
0.00
113.00
0.00
5.00
0.00
21.00
61.00
421.00
2.00
81.00
0.00
146.00
48.00
304.00
43.00
0.00
0.00
1.00
34.00
42.00
18.00
116.00
566.00
290.00
246.00
95.00
379.00
313.00
14.00
0.00
3.00
91.00
597.00
733.00
107.00
203.00
12.00
22.00
16.00
109.00
112.00
151.00
493.00
32.00
16.00
130.00
241.00
147.00
415.00
305.00
90.00
161.00
31.00
117.00
65.00
3.00
42.00
14.00
81.00
76.00
9.00
35.00
34.00
53.00
74.00
331.00
203.00
102.00
331.00
74.00
32.00
33.00
35.00
105.00
76.00
294.00
30.00
293.00
56.00
44.00
53.00
366.00
73.00
29.00
47.00
16.00
81.00
129.00
113.00
80.00
48.00
5.00
5.00
0.00
77.00
725.00
156.00
5.00
6.00
62.00
49.00
81.00
125.00
239.00
185.00
113.00
68.00
411.00
164.00
275.00
275.00
275.00
120.00
95.00
37.00
119.00
16.00
25.00
6.00
34.00
39.00
60.00
131.00
21.00
0.00
79.00
95.00
0.00
55.00
17.00
2.00
49.00
327.00
210.00
49.00
12.00
13.00
0.00
0.00
0.00
12.00
276.00
346.00
161.00
138.00
31.00
284.00
6.00
1.00
79.00
295.00
197.00
103.00
26.00
0.00
0.00
4.00
113.00
0.00
0.00
0.00
0.00
430.00
496.00
294.00
405.00
1173.00
0.00
0.00
0.00
0.00
0.00
0.00
1.00
723.00
699.00
0.00
0.00
0.00
0.00
0.00
0.00
0.00
0.00
0.00
0.00
0.00
0.00
114.00
0.00
4.00
137.00
35.00
8.00
0.00
0.00
0.00
0.00
0.00
0.00
0.00
0.00
0.00
0.00
0.00
0.00
0.00
0.00
0.00
0.00
0.00
0.00
0.00
121.00
419.00
585.00
379.00
0.00
0.00
0.00
0.00
0.00
0.00
0.00
0.00
6.00
0.00
0.00
0.00
0.00
0.00
0.00
0.00
0.00
0.00
0.00
0.00
44.00
232.00
3.00
0.00
0.00
0.00
0.00
0.00
0.00
0.00
0.00
0.00
0.00
0.00
0.00
0.00
0.00
0.00
0.00
0.00
0.00
0.00
0.00
0.00
0.00
0.00
0.00
0.00
0.00
0.00
0.00
0.00
0.00
0.00
0.00
0.00
0.00
0.00
125.00
56.00
489.00
2.00
138.00
0.00
3.00
2.00
0.00
0.00
0.00
0.00
0.00
0.00
0.00
0.00
0.00
0.00
1.00
453.00
0.00
0.00
0.00
0.00
0.00
0.00
0.00
0.00
0.00
0.00
0.00
0.00
0.00
0.00
29.00
0.00
0.00
30.00
25.00
5.00
0.00
0.00
0.00
0.00
0.00
0.00
7.00
483.00
82.00
0.00
62.00
499.00
24.00
0.00
24.00
101.00
0.00
277.00
0.00
14.00
138.00
0.00
10.00
14.00
7.00
0.00
20.00
0.00
0.00
41.00
58.00
55.00
38.00
197.00
19.00
0.00
2.00
31.00
3.00
2.00
158.00
175.00
446.00
3.00
212.00
19.00
243.00
564.00
741.00
618.00
786.00
569.00
280.00
343.00
0.00
53.00
109.00
149.00
90.00
0.00
40.00
1.00
162.00
6.00
1.00
27.00
88.00
0.00
0.00
1.00
135.00
88.00
2.00
64.00
11.00
33.00
112.00
114.00
217.00
15.00
125.00
580.00
232.00
291.00
479.00
463.00
20.00
888.00
301.00
6.00
0.00
0.00
28.00
0.00
3.00
36.00
4.00
51.00
2.00
188.00
109.00
9.00
0.00
0.00
1.00
7.00
152.00
29.00
0.00
4.00
28.00
37.00
35.00
117.00
60.00
133.00
388.00
127.00
243.00
9.00
37.00
61.00
27.00
80.00
127.00
14.00
69.00
63.00
7.00
4.00
2.00
41.00
205.00
235.00
137.00
36.00
6.00
17.00
428.00
170.00
83.00
106.00
142.00
272.00
18.00
81.00
148.00
594.00
191.00
368.00
363.00
43.00
3.00
22.00
112.00
140.00
0.00
72.00
41.00
220.00
115.00
89.00
19.00
5.00
14.00
44.00
56.00
0.00
17.00
34.00
212.00
5.00
0.00
0.00
61.00
1.00
0.00
23.00
0.00
0.00
36.00
32.00
37.00
18.00
246.00
84.00
174.00
0.00
18.00
19.00
60.00
10.00
251.00
0.00
0.00
0.00
0.00
0.00
0.00
0.00
0.00
0.00
0.00
0.00
48.00
118.00
352.00
314.00
5.00
0.00
0.00
0.00
0.00
0.00
0.00
0.00
0.00
0.00
0.00
0.00
0.00
0.00
230.00
282.00
267.00
128.00
39.00
0.00
0.00
1.00
0.00
0.00
2.00
0.00
0.00
0.00
0.00
0.00
0.00
0.00
0.00
0.00
0.00
0.00
0.00
0.00
1.00
0.00
0.00
0.00
0.00
0.00
0.00
0.00
0.00
0.00
0.00
0.00
0.00
0.00
0.00
0.00
0.00
0.00
0.00
0.00
0.00
0.00
0.00
0.00
0.00
0.00
3.00
68.00
2.00
0.00
0.00
0.00
0.00
0.00
0.00
0.00
0.00
0.00
0.00
0.00
0.00
0.00
0.00
0.00
0.00
0.00
0.00
0.00
0.00
0.00
0.00
0.00
0.00
0.00
0.00
0.00
0.00
0.00
0.00
0.00
0.00
0.00
0.00
0.00
0.00
0.00
0.00
0.00
0.00
0.00
0.00
0.00
0.00
0.00
0.00
0.00
0.00
0.00
0.00
0.00
0.00
0.00
0.00
0.00
0.00
0.00
0.00
0.00
1.00
12.00
0.00
0.00
0.00
0.00
0.00
0.00
0.10
101.10
80.90
78.70
48.60
0.00
0.00
0.00
4.80
22.20
0.00
0.00
0.00
0.00
0.00
0.00
0.00
0.00
0.00
0.40
0.00
100.40
4.60
0.00
0.90
0.00
37.40
0.00
0.00
0.00
0.30
6.60
0.00
0.00
0.00
116.60
19.30
189.30
25.50
2.20
0.30
13.70
0.10
11.80
16.00
0.00
0.80
0.10
0.30
0.00
0.00
0.00
0.00
0.00
0.00
1.00
0.00
0.70
0.00
0.00
0.00
0.00
0.00
9.60
0.10
0.00
0.00
0.80
12.80
45.20
0.00
0.00
0.00
0.00
0.00
0.00
5.20
0.00
20.50
9.80
4.60
6.60
6.50
3.50
0.40
0.40
0.00
3.00
3.00
120.30
3.10
1.50
1.00
0.00
0.00
0.00
28.80
54.50
1.90
15.90
46.60
0.10
3.00
0.60
5.50
3.90
0.00
0.00
1.20
49.60
46.30
11.20
0.50
0.20
1.40
56.10
7.30
11.00
0.10
0.50
0.30
0.80
1.80
0.10
2.20
30.90
38.90
10.50
1.80
6.70
39.60
28.30
11.40
3.40
23.20
31.80
31.80
14.90
14.90
24.40
0.80
0.80
0.60
0.40
0.80
0.80
0.80
1.80
4.70
1.60
1.60
51.40
18.10
6.40
7.10
2.00
7.70
1.60
7.60
19.30
45.90
30.30
6.50
0.60
23.50
3.70
0.50
0.20
1.00
28.20
10.40
7.40
7.00
1.90
2.30
0.00
0.40
5.30
0.70
59.50
39.40
20.40
8.70
4.90
2.80
6.20
0.20
11.20
1.90
3.60
10.30
9.60
38.50
23.90
17.50
9.80
1.20
2.00
19.80
11.90
6.40
0.80
0.10
3.90
6.30
0.00
0.00
1.50
1.40
22.90
30.70
21.50
27.20
20.50
0.10
12.60
0.60
18.70
2.00
2.00
3.20
0.00
0.30
0.10
20.60
5.50
5.80
40.50
14.90
0.00
0.00
0.00
0.00
10.00
9.60
0.00
0.00
0.10
0.00
0.30
7.40
0.90
0.10
0.00
1.00
