20160101
0.00
0.00
0.00
0.00
0.00
0.00
0.00
0.00
0.00
0.00
0.00
0.00
0.00
0.00
0.00
0.00
0.00
0.00
0.00
28.00
0.00
0.00
0.00
0.00
0.00
0.00
0.00
0.00
0.00
0.00
0.00
0.00
0.00
0.00
0.00
0.00
0.00
0.00
0.00
0.00
0.00
0.00
0.00
0.00
0.00
0.00
0.00
0.00
0.00
0.00
11.00
0.00
2.00
23.00
97.00
0.00
67.00
0.00
0.00
0.00
0.00
5.00
0.00
0.00
0.00
195.00
0.00
0.00
5.00
2.00
0.00
0.00
0.00
0.00
4.00
6.00
0.00
0.00
0.00
0.00
11.00
0.00
0.00
0.00
0.00
0.00
0.00
98.00
277.00
84.00
746.00
86.00
4.00
597.00
481.00
9.00
0.00
0.00
0.00
0.00
0.00
0.00
0.00
0.00
103.00
7.00
285.00
356.00
0.00
1.00
0.00
0.00
0.00
0.00
0.00
0.00
0.00
64.00
0.00
0.00
0.00
170.00
94.00
83.00
20.00
23.00
153.00
79.00
0.00
0.00
2.00
31.00
377.00
132.00
448.00
170.00
0.00
20.00
37.00
19.00
257.00
561.00
0.00
0.00
48.00
58.00
22.00
0.00
242.00
1.00
20.00
175.00
81.00
0.00
0.00
13.00
4.00
31.00
91.00
1.00
14.00
1.00
482.00
32.00
3.00
60.00
49.00
41.00
92.00
2.00
2.00
5.00
9.00
134.00
131.00
6.00
25.00
142.00
65.00
97.00
28.00
3.00
72.00
157.00
221.00
157.00
43.00
11.00
196.00
199.00
121.00
26.00
4.00
4.00
0.00
11.00
86.00
210.00
16.00
67.00
66.00
59.00
0.00
16.00
44.00
23.00
90.00
19.00
97.00
44.00
120.00
68.00
69.00
288.00
93.00
79.00
58.00
58.00
6.00
25.00
43.00
20.00
235.00
1.00
1.00
281.00
390.00
261.00
280.00
22.00
6.00
0.00
40.00
6.00
0.00
1.00
0.00
639.00
9.00
62.00
33.00
167.00
92.00
112.00
58.00
102.00
42.00
9.00
45.00
6.00
2.00
7.00
6.00
2.00
105.00
327.00
374.00
333.00
42.00
31.00
136.00
14.00
151.00
46.00
40.00
15.00
103.00
8.00
142.00
5.00
11.00
150.00
0.00
471.00
9.00
3.00
0.00
78.00
155.00
476.00
199.00
26.00
1.00
0.00
27.00
71.00
0.00
0.00
0.00
0.00
0.00
0.00
0.00
0.00
0.00
0.00
0.00
15.00
0.00
0.00
81.00
4.00
18.00
0.00
0.00
0.00
0.00
38.00
247.00
369.00
25.00
0.00
0.00
0.00
0.00
0.00
0.00
0.00
0.00
0.00
0.00
0.00
0.00
0.00
0.00
0.00
0.00
0.00
0.00
0.00
0.00
0.00
0.00
0.00
0.00
0.00
0.00
0.00
0.00
0.00
0.00
0.00
0.00
0.00
0.00
0.00
0.00
0.00
0.00
0.00
0.00
0.00
0.00
0.00
0.00
0.00
0.00
0.00
0.00
0.00
0.00
0.00
0.00
0.00
0.00
0.00
0.00
0.00
0.00
0.00
0.00
0.00
0.00
0.00
0.00
0.00
0.00
0.00
0.00
0.00
0.00
0.00
0.00
0.00
0.00
1.00
0.00
0.00
0.00
0.00
0.00
0.00
8.00
0.00
0.00
0.00
0.00
0.00
0.00
0.00
0.00
0.00
0.00
0.00
0.00
0.00
0.00
0.00
0.00
0.00
0.00
0.00
0.00
0.00
0.00
0.00
0.00
0.00
4.00
0.00
0.00
0.00
0.00
0.00
0.00
0.00
0.00
0.00
0.00
43.00
0.00
0.00
33.00
0.00
227.00
143.00
0.00
0.00
0.00
0.00
0.00
0.00
18.00
0.00
48.00
0.00
0.00
0.00
0.00
270.00
0.00
0.00
34.00
487.00
427.00
37.00
0.00
0.00
70.00
155.00
217.00
0.00
0.00
0.00
0.00
0.00
0.00
0.00
0.00
0.00
7.00
2.00
0.00
8.00
1196.00
148.00
29.00
961.00
13.00
436.00
315.00
0.00
0.00
0.00
158.00
3.00
625.00
0.00
0.00
17.00
1.00
230.00
0.00
0.00
122.00
0.00
3.00
4.00
20.00
85.00
428.00
3.00
80.00
0.00
94.00
8.00
0.00
0.00
0.00
0.00
0.00
68.00
17.00
5.00
179.00
188.00
856.00
363.00
110.00
90.00
170.00
80.00
3.00
1.00
71.00
165.00
223.00
214.00
359.00
45.00
130.00
292.00
466.00
307.00
1132.00
659.00
119.00
5.00
20.00
37.00
183.00
56.00
50.00
59.00
185.00
66.00
158.00
92.00
81.00
26.00
234.00
71.00
8.00
3.00
11.00
51.00
271.00
226.00
63.00
179.00
7.00
167.00
96.00
90.00
9.00
100.00
315.00
156.00
73.00
62.00
129.00
71.00
104.00
63.00
66.00
59.00
36.00
104.00
31.00
73.00
198.00
388.00
44.00
31.00
20.00
15.00
79.00
202.00
1350.00
533.00
142.00
92.00
35.00
23.00
479.00
271.00
256.00
60.00
129.00
363.00
166.00
151.00
267.00
47.00
261.00
34.00
75.00
119.00
216.00
143.00
521.00
716.00
93.00
90.00
62.00
69.00
81.00
16.00
718.00
389.00
12.00
156.00
20.00
6.00
54.00
119.00
218.00
216.00
16.00
53.00
0.00
3.00
17.00
109.00
94.00
331.00
763.00
188.00
179.00
193.00
6.00
31.00
15.00
10.00
190.00
9.00
8.00
9.00
4.00
0.00
1.00
0.00
0.00
13.00
1.00
117.00
74.00
819.00
844.00
1267.00
31.00
0.00
0.00
0.00
0.00
0.00
0.00
41.00
192.00
0.00
0.00
0.00
0.00
0.00
0.00
0.00
0.00
0.00
0.00
0.00
0.00
98.00
0.00
0.00
345.00
32.00
0.00
0.00
0.00
0.00
0.00
0.00
0.00
0.00
0.00
0.00
0.00
0.00
0.00
0.00
0.00
0.00
0.00
0.00
0.00
0.00
1.00
337.00
156.00
462.00
0.00
0.00
0.00
0.00
0.00
0.00
0.00
0.00
1.00
0.00
0.00
0.00
0.00
0.00
0.00
0.00
0.00
0.00
0.00
0.00
7.00
170.00
0.00
0.00
0.00
0.00
0.00
0.00
0.00
0.00
0.00
0.00
0.00
0.00
0.00
0.00
0.00
0.00
0.00
0.00
0.00
0.00
0.00
0.00
0.00
0.00
0.00
0.00
0.00
0.00
0.00
0.00
0.00
0.00
0.00
6.00
0.00
0.00
620.00
343.00
384.00
172.00
113.00
0.00
67.00
89.00
0.00
0.00
0.00
0.00
0.00
5.00
0.00
0.00
0.00
0.00
130.00
292.00
0.00
0.00
0.00
0.00
0.00
0.00
10.00
0.00
0.00
0.00
0.00
0.00
0.00
0.00
0.00
0.00
4.00
45.00
14.00
0.00
0.00
0.00
0.00
0.00
0.00
1.00
20.00
135.00
0.00
1.00
82.00
470.00
74.00
0.00
76.00
0.00
0.00
168.00
113.00
114.00
8.00
2.00
1.00
23.00
10.00
0.00
350.00
0.00
23.00
145.00
138.00
65.00
188.00
515.00
35.00
0.00
0.00
461.00
248.00
5.00
107.00
359.00
80.00
1.00
262.00
36.00
52.00
779.00
1033.00
139.00
156.00
542.00
231.00
112.00
0.00
7.00
14.00
58.00
11.00
335.00
263.00
34.00
6.00
99.00
11.00
29.00
20.00
426.00
2.00
0.00
55.00
0.00
84.00
196.00
839.00
15.00
77.00
207.00
16.00
1.00
2.00
118.00
760.00
125.00
24.00
476.00
0.00
634.00
295.00
0.00
44.00
1.00
161.00
0.00
0.00
25.00
4.00
16.00
2.00
57.00
8.00
1.00
7.00
1.00
12.00
164.00
63.00
35.00
5.00
3.00
76.00
13.00
4.00
12.00
18.00
123.00
327.00
387.00
262.00
22.00
0.00
15.00
42.00
171.00
149.00
14.00
163.00
156.00
31.00
2.00
12.00
80.00
19.00
9.00
149.00
23.00
19.00
1.00
10.00
136.00
129.00
67.00
6.00
4.00
88.00
93.00
29.00
504.00
212.00
153.00
658.00
307.00
297.00
215.00
93.00
149.00
8.00
75.00
61.00
178.00
142.00
58.00
24.00
2.00
1.00
20.00
17.00
9.00
5.00
246.00
166.00
0.00
1.00
0.00
15.00
59.00
77.00
40.00
0.00
75.00
3.00
7.00
0.00
45.00
176.00
120.00
41.00
3.00
35.00
0.00
126.00
10.00
127.00
0.00
0.00
0.00
0.00
0.00
0.00
141.00
59.00
0.00
0.00
0.00
45.00
91.00
134.00
72.00
5.00
0.00
0.00
0.00
0.00
0.00
0.00
0.00
0.00
0.00
0.00
0.00
0.00
0.00
4.00
83.00
76.00
37.00
2.00
0.00
0.00
0.00
46.00
63.00
5.00
0.00
0.00
0.00
0.00
0.00
3.00
0.00
0.00
0.00
0.00
0.00
0.00
0.00
0.00
0.00
0.00
0.00
0.00
0.00
0.00
0.00
0.00
0.00
0.00
0.00
0.00
0.00
0.00
3.00
9.00
0.00
0.00
0.00
0.00
0.00
0.00
0.00
0.00
0.00
30.00
78.00
41.00
0.00
0.00
0.00
0.00
0.00
0.00
0.00
0.00
0.00
0.00
0.00
0.00
0.00
0.00
0.00
0.00
0.00
0.00
0.00
0.00
0.00
0.00
0.00
0.00
0.00
0.00
0.00
0.00
0.00
0.00
0.00
0.00
0.00
0.00
0.00
0.00
0.00
0.00
2.00
2.00
0.00
0.00
0.00
0.00
0.00
0.00
0.00
0.00
0.00
0.00
0.00
0.00
0.00
0.00
0.00
0.00
0.00
0.00
0.00
1.00
10.00
0.00
0.00
0.00
0.00
0.00
0.00
5.10
18.70
23.10
43.40
20.50
0.00
0.00
0.00
0.20
4.80
0.00
0.00
0.00
0.00
0.00
0.00
0.00
0.00
0.20
2.60
0.00
35.40
0.50
0.00
1.20
0.00
3.30
0.00
0.00
0.00
5.90
2.30
0.00
0.20
7.60
59.30
3.60
69.10
9.60
0.00
1.00
51.40
0.00
12.30
31.20
0.50
0.70
8.00
5.30
0.00
0.00
2.80
0.00
0.00
0.00
0.10
4.20
0.60
0.00
0.00
0.00
0.00
0.00
0.00
0.80
0.00
0.00
3.90
52.90
56.90
0.00
0.00
0.00
0.00
0.00
0.00
0.20
1.80
17.20
11.00
0.70
2.90
11.20
22.60
7.30
7.30
0.00
22.70
22.70
24.90
2.60
0.70
20.70
0.00
0.00
0.00
63.30
22.80
34.70
38.50
38.30
10.30
1.00
4.60
17.90
0.40
0.00
0.00
2.70
13.90
61.80
22.00
0.00
0.20
0.20
9.50
9.90
11.00
0.10
1.20
0.20
13.00
12.80
7.40
21.50
0.10
8.30
0.90
0.80
1.80
6.10
5.30
3.00
12.20
44.20
26.00
26.00
52.20
52.20
51.30
0.90
0.90
0.40
1.90
0.90
0.90
0.90
7.10
19.30
5.30
13.60
29.80
4.50
3.10
0.00
1.50
15.90
7.00
0.40
16.90
15.20
40.30
27.30
5.60
6.80
7.10
0.60
1.20
6.50
76.50
8.60
42.90
22.60
2.80
1.90
0.20
0.60
6.10
13.20
22.10
64.50
22.50
4.80
1.80
1.70
14.60
10.60
0.80
6.50
32.30
65.90
14.60
25.90
2.50
1.20
11.70
2.30
1.80
3.60
4.70
16.20
4.30
0.50
1.70
5.20
0.00
0.00
0.00
0.20
8.80
26.90
8.90
62.90
30.20
0.30
1.70
2.00
28.30
6.30
6.30
7.90
0.60
3.10
1.90
2.20
7.70
0.00
12.80
19.40
0.00
0.80
0.00
0.00
0.00
3.90
0.00
0.00
0.10
0.00
0.20
5.10
1.20
0.00
0.20
2.80
