20160101
0.00
0.00
0.00
0.00
0.00
0.00
0.00
0.00
24.00
0.00
0.00
0.00
2.00
0.00
0.00
0.00
0.00
0.00
0.00
9.00
0.00
0.00
0.00
0.00
0.00
0.00
0.00
0.00
0.00
0.00
0.00
0.00
0.00
0.00
0.00
0.00
0.00
0.00
3.00
0.00
0.00
0.00
0.00
0.00
0.00
0.00
0.00
0.00
0.00
0.00
4.00
0.00
0.00
18.00
91.00
0.00
22.00
0.00
0.00
0.00
0.00
0.00
0.00
0.00
0.00
42.00
0.00
0.00
0.00
0.00
0.00
0.00
0.00
0.00
0.00
66.00
0.00
3.00
0.00
13.00
226.00
0.00
0.00
0.00
0.00
0.00
0.00
182.00
722.00
134.00
351.00
133.00
25.00
554.00
516.00
13.00
0.00
0.00
0.00
0.00
0.00
0.00
0.00
0.00
38.00
16.00
222.00
375.00
0.00
38.00
0.00
0.00
0.00
0.00
0.00
17.00
0.00
13.00
0.00
0.00
0.00
116.00
373.00
133.00
48.00
5.00
88.00
61.00
0.00
3.00
23.00
0.00
121.00
535.00
39.00
220.00
0.00
153.00
41.00
63.00
424.00
485.00
6.00
0.00
130.00
108.00
32.00
26.00
291.00
54.00
15.00
34.00
25.00
0.00
180.00
155.00
1.00
21.00
46.00
9.00
18.00
209.00
404.00
62.00
7.00
0.00
16.00
251.00
112.00
3.00
39.00
12.00
1.00
99.00
103.00
19.00
16.00
67.00
52.00
241.00
76.00
5.00
168.00
71.00
342.00
185.00
33.00
2.00
224.00
59.00
74.00
53.00
6.00
13.00
0.00
6.00
164.00
53.00
147.00
71.00
62.00
10.00
9.00
22.00
60.00
31.00
121.00
17.00
7.00
71.00
403.00
151.00
145.00
136.00
121.00
154.00
58.00
76.00
5.00
33.00
21.00
7.00
374.00
0.00
9.00
422.00
421.00
165.00
225.00
21.00
1.00
0.00
105.00
28.00
0.00
0.00
0.00
901.00
13.00
182.00
13.00
4.00
283.00
338.00
84.00
17.00
30.00
1.00
121.00
17.00
1.00
1.00
3.00
15.00
81.00
68.00
457.00
516.00
0.00
44.00
43.00
16.00
195.00
277.00
28.00
114.00
24.00
0.00
15.00
4.00
8.00
137.00
0.00
440.00
32.00
28.00
0.00
116.00
68.00
439.00
333.00
3.00
36.00
68.00
122.00
85.00
0.00
0.00
0.00
0.00
0.00
0.00
0.00
0.00
0.00
0.00
0.00
0.00
0.00
0.00
20.00
0.00
149.00
0.00
0.00
0.00
1.00
72.00
311.00
508.00
783.00
0.00
0.00
0.00
0.00
0.00
0.00
0.00
0.00
0.00
0.00
0.00
0.00
0.00
0.00
0.00
0.00
0.00
0.00
0.00
0.00
0.00
0.00
0.00
0.00
0.00
0.00
0.00
0.00
0.00
0.00
0.00
0.00
0.00
0.00
0.00
0.00
0.00
0.00
0.00
0.00
0.00
0.00
0.00
0.00
0.00
0.00
0.00
0.00
0.00
0.00
0.00
0.00
0.00
0.00
0.00
0.00
0.00
0.00
0.00
0.00
0.00
0.00
0.00
0.00
0.00
0.00
0.00
0.00
0.00
0.00
0.00
0.00
0.00
0.00
0.00
0.00
0.00
0.00
0.00
0.00
0.00
3.00
0.00
0.00
0.00
0.00
0.00
0.00
0.00
0.00
0.00
0.00
0.00
0.00
0.00
0.00
0.00
0.00
0.00
0.00
0.00
0.00
0.00
0.00
0.00
0.00
0.00
0.00
10.00
0.00
0.00
0.00
0.00
0.00
0.00
0.00
0.00
0.00
89.00
2.00
0.00
183.00
0.00
78.00
136.00
0.00
0.00
0.00
0.00
0.00
0.00
48.00
1.00
51.00
0.00
0.00
0.00
0.00
163.00
0.00
0.00
5.00
424.00
93.00
6.00
0.00
0.00
149.00
297.00
236.00
0.00
0.00
0.00
0.00
0.00
0.00
0.00
0.00
0.00
4.00
2.00
0.00
4.00
1070.00
155.00
98.00
425.00
89.00
501.00
300.00
0.00
0.00
0.00
258.00
0.00
459.00
0.00
0.00
12.00
0.00
48.00
0.00
0.00
144.00
0.00
0.00
0.00
64.00
37.00
480.00
0.00
146.00
0.00
41.00
5.00
12.00
1.00
0.00
0.00
0.00
68.00
0.00
32.00
221.00
385.00
197.00
696.00
73.00
119.00
248.00
25.00
0.00
138.00
183.00
110.00
230.00
178.00
322.00
72.00
0.00
28.00
213.00
474.00
357.00
511.00
0.00
0.00
21.00
58.00
332.00
91.00
97.00
29.00
23.00
28.00
75.00
59.00
37.00
178.00
62.00
54.00
1.00
3.00
0.00
69.00
114.00
205.00
422.00
300.00
16.00
235.00
79.00
79.00
0.00
138.00
448.00
166.00
83.00
83.00
311.00
73.00
26.00
68.00
254.00
141.00
1.00
9.00
0.00
131.00
183.00
216.00
77.00
18.00
19.00
0.00
0.00
114.00
687.00
260.00
19.00
76.00
67.00
13.00
76.00
239.00
130.00
208.00
152.00
124.00
589.00
41.00
121.00
195.00
185.00
137.00
38.00
164.00
153.00
116.00
4.00
399.00
122.00
3.00
7.00
70.00
53.00
0.00
82.00
673.00
51.00
143.00
6.00
0.00
80.00
145.00
275.00
64.00
8.00
39.00
0.00
0.00
234.00
42.00
104.00
329.00
79.00
41.00
131.00
223.00
4.00
64.00
191.00
55.00
110.00
1.00
3.00
0.00
0.00
0.00
2.00
0.00
0.00
0.00
0.00
411.00
729.00
596.00
629.00
1288.00
0.00
0.00
0.00
0.00
0.00
0.00
0.00
97.00
360.00
0.00
0.00
0.00
0.00
0.00
0.00
0.00
0.00
0.00
0.00
0.00
0.00
106.00
0.00
9.00
217.00
26.00
9.00
0.00
0.00
0.00
0.00
0.00
0.00
0.00
0.00
0.00
0.00
0.00
0.00
0.00
0.00
0.00
0.00
0.00
0.00
2.00
9.00
599.00
589.00
649.00
0.00
0.00
0.00
0.00
0.00
0.00
0.00
0.00
55.00
0.00
0.00
0.00
0.00
0.00
0.00
0.00
0.00
0.00
0.00
0.00
111.00
192.00
11.00
0.00
0.00
0.00
0.00
0.00
0.00
0.00
0.00
0.00
0.00
0.00
0.00
0.00
0.00
0.00
0.00
0.00
0.00
0.00
0.00
0.00
0.00
0.00
0.00
0.00
0.00
0.00
0.00
0.00
0.00
0.00
0.00
0.00
0.00
0.00
113.00
113.00
468.00
34.00
159.00
0.00
7.00
18.00
0.00
0.00
0.00
0.00
0.00
0.00
0.00
0.00
0.00
0.00
0.00
269.00
0.00
0.00
0.00
0.00
0.00
0.00
77.00
0.00
0.00
0.00
0.00
0.00
0.00
0.00
10.00
0.00
1.00
16.00
1.00
0.00
0.00
0.00
0.00
0.00
0.00
0.00
42.00
10.00
1.00
0.00
0.00
422.00
31.00
6.00
5.00
0.00
0.00
117.00
44.00
83.00
120.00
0.00
0.00
27.00
6.00
0.00
146.00
0.00
1.00
234.00
68.00
51.00
54.00
579.00
60.00
0.00
0.00
364.00
100.00
3.00
115.00
195.00
149.00
3.00
375.00
113.00
149.00
614.00
1104.00
254.00
378.00
550.00
188.00
86.00
0.00
99.00
29.00
152.00
34.00
98.00
255.00
63.00
352.00
68.00
18.00
135.00
69.00
147.00
0.00
0.00
143.00
8.00
54.00
173.00
192.00
101.00
26.00
91.00
2.00
1.00
10.00
189.00
1263.00
408.00
93.00
1346.00
15.00
629.00
776.00
0.00
34.00
16.00
265.00
1.00
1.00
51.00
60.00
72.00
8.00
56.00
45.00
7.00
2.00
3.00
6.00
22.00
136.00
36.00
10.00
1.00
39.00
10.00
13.00
20.00
18.00
48.00
710.00
240.00
222.00
2.00
8.00
25.00
13.00
74.00
166.00
15.00
45.00
235.00
5.00
0.00
6.00
46.00
75.00
38.00
79.00
11.00
30.00
9.00
115.00
167.00
69.00
34.00
51.00
22.00
75.00
52.00
19.00
515.00
334.00
275.00
464.00
20.00
623.00
11.00
68.00
174.00
0.00
107.00
44.00
244.00
87.00
55.00
0.00
5.00
0.00
7.00
28.00
1.00
10.00
356.00
59.00
0.00
0.00
3.00
10.00
11.00
12.00
159.00
10.00
16.00
7.00
2.00
0.00
185.00
57.00
75.00
9.00
2.00
27.00
2.00
214.00
0.00
0.00
0.00
4.00
0.00
0.00
0.00
0.00
0.00
0.00
0.00
0.00
0.00
45.00
105.00
422.00
265.00
1.00
0.00
0.00
0.00
0.00
0.00
0.00
0.00
0.00
0.00
0.00
0.00
0.00
0.00
31.00
106.00
224.00
77.00
9.00
0.00
0.00
3.00
0.00
6.00
1.00
0.00
0.00
0.00
0.00
0.00
0.00
0.00
0.00
0.00
0.00
0.00
0.00
0.00
8.00
0.00
0.00
0.00
0.00
0.00
0.00
0.00
0.00
0.00
0.00
0.00
0.00
0.00
0.00
0.00
0.00
0.00
0.00
0.00
0.00
0.00
0.00
0.00
0.00
0.00
6.00
84.00
6.00
0.00
0.00
0.00
0.00
0.00
0.00
0.00
0.00
0.00
0.00
0.00
0.00
0.00
0.00
0.00
0.00
0.00
0.00
0.00
0.00
0.00
0.00
0.00
0.00
0.00
0.00
0.00
0.00
0.00
0.00
0.00
0.00
0.00
0.00
0.00
0.00
0.00
0.00
0.00
0.00
0.00
0.00
0.00
0.00
0.00
0.00
0.00
0.00
0.00
0.00
0.00
0.00
0.00
0.00
0.00
0.00
0.00
0.00
0.00
1.00
8.00
0.00
0.00
0.00
0.00
0.00
0.00
1.60
58.20
53.70
54.20
21.20
0.00
0.00
0.00
0.50
16.70
6.40
0.00
0.00
0.00
0.00
0.00
0.00
0.00
0.00
0.40
0.50
61.90
0.80
0.00
0.70
0.00
0.90
0.00
0.00
0.00
0.10
0.80
0.00
0.00
0.00
61.60
13.00
101.50
26.90
0.00
1.90
25.50
0.00
33.90
13.80
0.20
2.30
0.70
4.30
0.00
0.00
0.90
0.00
0.00
0.00
0.00
0.90
0.10
0.00
0.00
0.00
0.00
0.00
0.10
0.00
0.00
0.00
0.00
24.70
131.30
0.00
0.00
0.00
0.00
0.00
0.00
0.00
0.00
14.40
7.00
3.10
14.30
3.90
5.30
0.20
0.20
0.00
11.00
11.00
103.40
9.10
0.00
0.00
0.00
0.00
0.00
3.60
26.80
3.30
29.90
60.10
1.30
0.00
1.50
1.70
8.00
0.00
0.00
56.70
27.90
73.90
4.10
0.00
0.00
0.00
10.30
6.00
7.80
0.30
0.00
0.00
8.00
4.80
0.40
10.80
0.30
6.20
0.20
0.90
2.30
12.40
2.70
8.00
14.20
36.30
68.90
68.90
33.70
33.70
53.10
2.00
2.00
1.40
0.10
2.00
2.00
2.00
3.10
9.50
0.10
4.50
38.50
4.40
4.60
0.20
1.40
12.80
1.30
1.60
8.80
12.00
29.30
29.40
8.70
7.60
12.10
4.60
0.00
1.00
71.50
10.50
34.00
40.30
0.40
0.00
0.00
0.00
6.20
17.00
8.30
32.20
27.70
1.40
0.60
0.30
3.30
0.10
14.70
3.50
16.80
35.90
9.50
47.30
7.70
2.90
1.60
0.70
7.40
8.50
6.60
6.10
1.00
0.40
1.40
4.40
0.70
0.20
0.20
0.00
15.00
42.20
8.60
54.10
22.10
0.00
0.50
0.50
24.10
10.00
10.00
25.30
0.00
0.00
3.30
13.70
15.50
7.40
25.00
16.40
0.00
0.00
0.00
0.00
0.00
11.70
0.00
0.00
0.00
0.00
0.30
7.40
0.90
0.10
0.00
1.00
