20160101
0.00
0.00
0.00
0.00
0.00
0.00
0.00
0.00
0.00
0.00
0.00
0.00
2.00
0.00
0.00
0.00
0.00
0.00
0.00
13.00
0.00
0.00
0.00
0.00
0.00
0.00
0.00
0.00
0.00
0.00
0.00
0.00
0.00
0.00
0.00
0.00
0.00
0.00
3.00
0.00
0.00
0.00
33.00
0.00
0.00
0.00
0.00
0.00
0.00
0.00
0.00
0.00
1.00
433.00
98.00
7.00
15.00
0.00
0.00
0.00
1.00
0.00
0.00
0.00
0.00
98.00
0.00
0.00
0.00
2.00
0.00
1.00
2.00
0.00
3.00
4.00
0.00
4.00
2.00
1.00
46.00
0.00
0.00
0.00
0.00
0.00
0.00
163.00
0.00
42.00
402.00
136.00
2.00
81.00
515.00
0.00
0.00
0.00
1.00
0.00
0.00
0.00
0.00
0.00
0.00
0.00
126.00
20.00
0.00
0.00
0.00
0.00
0.00
0.00
0.00
80.00
1.00
0.00
0.00
0.00
0.00
50.00
292.00
50.00
19.00
16.00
32.00
19.00
1.00
0.00
2.00
0.00
75.00
321.00
1.00
20.00
0.00
55.00
497.00
143.00
865.00
1148.00
0.00
0.00
516.00
174.00
5.00
37.00
434.00
71.00
10.00
104.00
0.00
0.00
0.00
1.00
0.00
35.00
162.00
82.00
35.00
56.00
545.00
135.00
96.00
0.00
0.00
122.00
91.00
0.00
0.00
9.00
0.00
21.00
59.00
15.00
52.00
50.00
53.00
312.00
67.00
20.00
38.00
13.00
338.00
346.00
26.00
39.00
308.00
52.00
37.00
70.00
0.00
14.00
45.00
29.00
244.00
62.00
137.00
158.00
107.00
13.00
3.00
5.00
39.00
24.00
143.00
1.00
4.00
79.00
323.00
88.00
663.00
80.00
57.00
106.00
39.00
83.00
4.00
37.00
81.00
57.00
448.00
21.00
0.00
461.00
251.00
131.00
224.00
13.00
1.00
0.00
373.00
493.00
0.00
0.00
0.00
794.00
29.00
395.00
215.00
0.00
93.00
343.00
78.00
17.00
28.00
10.00
39.00
0.00
0.00
1.00
5.00
14.00
77.00
230.00
224.00
66.00
2.00
61.00
60.00
2.00
63.00
38.00
27.00
85.00
6.00
6.00
0.00
44.00
329.00
209.00
0.00
336.00
614.00
265.00
45.00
76.00
70.00
44.00
366.00
15.00
392.00
33.00
411.00
112.00
0.00
0.00
0.00
0.00
0.00
0.00
0.00
0.00
0.00
0.00
0.00
0.00
0.00
0.00
172.00
26.00
28.00
0.00
0.00
0.00
1.00
25.00
249.00
526.00
130.00
0.00
0.00
0.00
0.00
0.00
0.00
0.00
0.00
0.00
0.00
0.00
0.00
0.00
0.00
0.00
0.00
0.00
0.00
0.00
0.00
0.00
0.00
0.00
0.00
1.00
0.00
0.00
0.00
0.00
0.00
0.00
0.00
0.00
0.00
0.00
0.00
0.00
0.00
0.00
0.00
0.00
0.00
0.00
0.00
0.00
0.00
0.00
0.00
0.00
0.00
0.00
0.00
0.00
0.00
0.00
0.00
0.00
0.00
0.00
0.00
0.00
0.00
0.00
0.00
0.00
0.00
0.00
0.00
0.00
0.00
0.00
0.00
0.00
0.00
1.00
0.00
0.00
0.00
0.00
0.00
0.00
5.00
0.00
0.00
0.00
0.00
0.00
0.00
0.00
0.00
0.00
0.00
0.00
0.00
0.00
0.00
0.00
0.00
0.00
0.00
0.00
0.00
0.00
0.00
0.00
0.00
0.00
0.00
0.00
0.00
0.00
0.00
0.00
0.00
0.00
0.00
0.00
1.00
163.00
220.00
0.00
201.00
5.00
69.00
153.00
0.00
0.00
0.00
0.00
0.00
0.00
166.00
6.00
26.00
0.00
0.00
0.00
0.00
61.00
0.00
0.00
7.00
85.00
217.00
0.00
0.00
0.00
382.00
24.00
407.00
0.00
0.00
0.00
0.00
0.00
0.00
0.00
0.00
0.00
15.00
35.00
0.00
14.00
811.00
55.00
216.00
449.00
103.00
322.00
277.00
0.00
3.00
0.00
41.00
0.00
18.00
0.00
0.00
0.00
0.00
10.00
0.00
0.00
252.00
0.00
0.00
0.00
55.00
47.00
366.00
50.00
110.00
0.00
18.00
0.00
0.00
0.00
7.00
0.00
0.00
51.00
0.00
225.00
210.00
467.00
44.00
1303.00
12.00
0.00
433.00
17.00
0.00
100.00
782.00
53.00
428.00
295.00
319.00
115.00
0.00
154.00
203.00
200.00
101.00
592.00
98.00
119.00
58.00
2.00
93.00
34.00
46.00
7.00
19.00
12.00
88.00
161.00
168.00
479.00
153.00
37.00
5.00
0.00
9.00
19.00
123.00
69.00
282.00
123.00
28.00
62.00
65.00
263.00
99.00
299.00
1152.00
309.00
19.00
191.00
447.00
42.00
250.00
75.00
130.00
209.00
45.00
0.00
5.00
75.00
82.00
103.00
97.00
32.00
2.00
4.00
6.00
141.00
294.00
407.00
15.00
38.00
82.00
21.00
67.00
106.00
58.00
137.00
170.00
130.00
141.00
153.00
89.00
192.00
132.00
85.00
38.00
146.00
139.00
259.00
17.00
116.00
50.00
12.00
42.00
101.00
100.00
2.00
76.00
616.00
21.00
6.00
52.00
0.00
58.00
179.00
365.00
39.00
22.00
5.00
0.00
22.00
71.00
172.00
335.00
319.00
88.00
77.00
158.00
88.00
14.00
45.00
127.00
20.00
39.00
0.00
0.00
115.00
0.00
0.00
0.00
0.00
0.00
0.00
0.00
426.00
113.00
267.00
927.00
1608.00
0.00
0.00
0.00
0.00
0.00
0.00
0.00
167.00
201.00
0.00
0.00
0.00
0.00
0.00
0.00
0.00
0.00
0.00
0.00
0.00
0.00
64.00
0.00
0.00
200.00
16.00
34.00
0.00
0.00
0.00
0.00
0.00
0.00
0.00
0.00
0.00
0.00
0.00
0.00
0.00
0.00
0.00
0.00
0.00
0.00
2.00
117.00
1042.00
1105.00
818.00
0.00
0.00
0.00
0.00
0.00
0.00
0.00
0.00
56.00
0.00
0.00
0.00
0.00
0.00
0.00
0.00
0.00
0.00
0.00
0.00
6.00
75.00
3.00
0.00
0.00
0.00
0.00
0.00
0.00
0.00
0.00
0.00
0.00
0.00
0.00
0.00
0.00
0.00
0.00
0.00
0.00
0.00
0.00
0.00
0.00
0.00
0.00
0.00
0.00
0.00
0.00
0.00
0.00
0.00
0.00
5.00
0.00
18.00
218.00
141.00
791.00
52.00
128.00
0.00
63.00
18.00
0.00
0.00
0.00
0.00
0.00
0.00
0.00
0.00
0.00
0.00
0.00
246.00
0.00
0.00
0.00
0.00
0.00
0.00
2.00
0.00
0.00
0.00
0.00
0.00
0.00
0.00
0.00
0.00
0.00
40.00
5.00
0.00
0.00
0.00
0.00
0.00
0.00
0.00
9.00
0.00
2.00
0.00
0.00
171.00
55.00
12.00
14.00
0.00
0.00
56.00
36.00
171.00
10.00
0.00
0.00
81.00
11.00
0.00
318.00
0.00
5.00
306.00
57.00
82.00
36.00
107.00
55.00
0.00
0.00
3.00
15.00
0.00
1.00
410.00
153.00
48.00
72.00
7.00
55.00
838.00
162.00
193.00
104.00
338.00
273.00
140.00
0.00
151.00
1.00
0.00
128.00
0.00
155.00
258.00
233.00
66.00
4.00
161.00
37.00
5.00
0.00
0.00
123.00
93.00
131.00
169.00
74.00
31.00
5.00
75.00
0.00
1.00
63.00
74.00
733.00
331.00
1198.00
1826.00
13.00
27.00
67.00
79.00
41.00
27.00
289.00
20.00
1.00
0.00
98.00
103.00
15.00
40.00
22.00
6.00
0.00
2.00
1.00
127.00
377.00
62.00
11.00
3.00
15.00
2.00
24.00
15.00
12.00
9.00
336.00
106.00
73.00
6.00
5.00
8.00
24.00
65.00
128.00
14.00
286.00
230.00
8.00
24.00
55.00
68.00
42.00
32.00
18.00
31.00
60.00
23.00
153.00
252.00
182.00
11.00
85.00
39.00
3.00
13.00
68.00
190.00
534.00
184.00
196.00
186.00
108.00
2.00
23.00
151.00
12.00
6.00
27.00
132.00
29.00
49.00
0.00
1.00
0.00
8.00
18.00
18.00
6.00
218.00
32.00
0.00
0.00
0.00
38.00
6.00
9.00
281.00
7.00
0.00
34.00
0.00
0.00
255.00
190.00
99.00
0.00
0.00
3.00
7.00
77.00
19.00
3.00
0.00
7.00
0.00
0.00
0.00
0.00
0.00
0.00
0.00
0.00
0.00
88.00
134.00
524.00
324.00
98.00
0.00
0.00
0.00
0.00
0.00
0.00
0.00
0.00
0.00
0.00
0.00
0.00
0.00
12.00
107.00
175.00
51.00
23.00
0.00
0.00
0.00
0.00
0.00
3.00
0.00
0.00
0.00
0.00
0.00
0.00
0.00
0.00
0.00
0.00
0.00
0.00
0.00
0.00
0.00
0.00
0.00
0.00
0.00
0.00
0.00
0.00
0.00
0.00
0.00
0.00
0.00
0.00
0.00
1.00
0.00
0.00
0.00
0.00
0.00
0.00
0.00
0.00
0.00
30.00
47.00
6.00
0.00
0.00
0.00
0.00
0.00
0.00
0.00
0.00
0.00
0.00
0.00
0.00
0.00
0.00
0.00
0.00
0.00
0.00
0.00
0.00
0.00
0.00
0.00
0.00
0.00
0.00
0.00
0.00
0.00
0.00
0.00
0.00
0.00
0.00
0.00
0.00
0.00
0.00
0.00
0.00
0.00
0.00
0.00
0.00
0.00
0.00
0.00
0.00
0.00
0.00
0.00
1.00
0.00
0.00
0.00
0.00
0.00
0.00
0.00
4.00
9.00
0.00
0.00
0.00
0.00
0.00
0.30
0.10
74.30
50.80
46.60
18.30
0.00
0.00
0.00
1.10
15.60
0.00
0.00
0.00
0.00
0.00
0.20
0.00
0.00
0.00
1.80
2.60
33.90
1.30
3.50
12.00
0.00
0.30
0.00
0.00
0.00
0.00
0.00
0.00
0.00
0.00
32.90
16.90
108.40
19.70
2.50
2.50
14.90
0.00
13.90
39.00
1.10
5.10
0.20
17.90
0.00
0.00
0.00
0.30
0.00
0.00
0.00
0.00
0.40
0.00
0.00
0.00
0.00
0.00
0.00
0.00
0.00
0.00
0.10
50.00
74.60
0.00
0.00
0.00
0.00
0.00
0.00
0.00
0.00
16.60
2.70
0.40
27.20
15.30
0.00
1.20
1.20
0.00
30.80
30.80
48.90
4.40
0.00
0.00
0.00
0.00
0.00
0.00
29.80
2.00
2.60
50.00
0.00
0.00
0.50
3.70
14.50
0.00
0.00
8.90
30.70
27.60
30.80
0.00
6.80
0.70
7.40
3.50
0.60
0.00
0.00
0.00
7.20
5.50
0.70
2.40
0.20
2.10
0.00
0.60
0.00
2.20
4.10
7.80
20.60
26.10
65.70
65.70
32.10
32.10
30.70
0.00
0.00
1.90
18.70
0.00
0.00
0.00
0.00
0.80
0.80
0.90
33.20
2.00
4.20
0.40
0.00
21.50
0.10
0.30
0.70
10.10
30.40
32.40
9.80
2.60
29.80
1.70
0.50
73.40
35.70
11.70
60.80
23.70
2.00
0.20
0.00
1.20
9.70
5.00
14.80
35.70
33.30
7.60
1.30
0.00
1.40
0.10
26.60
27.00
15.50
56.80
3.50
17.20
3.80
0.40
2.80
10.80
18.00
2.10
4.20
14.50
3.50
0.10
0.60
2.40
0.90
1.10
0.10
0.10
6.60
28.50
6.70
16.30
25.70
1.00
3.60
1.20
24.70
14.60
14.60
21.60
1.30
0.00
1.20
11.60
8.40
0.20
25.30
8.80
0.00
0.00
0.00
0.00
0.00
0.10
0.00
0.00
0.00
0.00
0.10
5.90
0.70
0.20
0.20
0.70
