20160101
0.00
0.00
0.00
0.00
0.00
0.00
0.00
0.00
55.00
0.00
0.00
0.00
1.00
0.00
0.00
0.00
0.00
0.00
0.00
9.00
0.00
0.00
0.00
0.00
0.00
0.00
0.00
0.00
0.00
0.00
0.00
0.00
0.00
0.00
0.00
0.00
0.00
0.00
0.00
0.00
0.00
0.00
23.00
0.00
0.00
0.00
0.00
0.00
0.00
0.00
3.00
0.00
0.00
466.00
140.00
0.00
18.00
0.00
0.00
0.00
1.00
5.00
0.00
0.00
0.00
247.00
0.00
0.00
1.00
0.00
0.00
0.00
0.00
3.00
0.00
9.00
1.00
0.00
4.00
0.00
61.00
0.00
21.00
0.00
0.00
0.00
0.00
753.00
10.00
62.00
319.00
82.00
0.00
424.00
734.00
351.00
81.00
0.00
0.00
0.00
0.00
0.00
0.00
0.00
67.00
42.00
220.00
308.00
0.00
21.00
27.00
55.00
53.00
0.00
1.00
46.00
5.00
33.00
2.00
0.00
2.00
118.00
192.00
156.00
163.00
214.00
34.00
41.00
0.00
0.00
5.00
6.00
175.00
84.00
93.00
212.00
0.00
134.00
117.00
48.00
286.00
715.00
0.00
38.00
11.00
68.00
1.00
0.00
39.00
148.00
24.00
76.00
4.00
5.00
55.00
846.00
5.00
14.00
26.00
8.00
3.00
152.00
111.00
47.00
29.00
0.00
8.00
234.00
406.00
11.00
2.00
6.00
2.00
27.00
98.00
22.00
17.00
44.00
93.00
71.00
234.00
8.00
94.00
69.00
113.00
71.00
5.00
0.00
155.00
73.00
155.00
28.00
64.00
4.00
0.00
11.00
189.00
41.00
15.00
21.00
18.00
7.00
22.00
66.00
145.00
96.00
224.00
71.00
4.00
55.00
178.00
98.00
9.00
131.00
29.00
96.00
135.00
163.00
19.00
213.00
121.00
29.00
56.00
1.00
71.00
61.00
680.00
152.00
61.00
102.00
14.00
0.00
169.00
36.00
0.00
3.00
0.00
856.00
9.00
43.00
10.00
102.00
182.00
176.00
58.00
8.00
86.00
41.00
222.00
30.00
24.00
57.00
1.00
2.00
12.00
130.00
827.00
392.00
0.00
64.00
105.00
153.00
122.00
365.00
61.00
20.00
70.00
0.00
60.00
78.00
38.00
142.00
46.00
511.00
1.00
5.00
0.00
508.00
78.00
101.00
52.00
130.00
5.00
67.00
270.00
133.00
0.00
0.00
0.00
0.00
0.00
0.00
0.00
0.00
0.00
0.00
0.00
0.00
0.00
0.00
31.00
0.00
124.00
7.00
0.00
0.00
6.00
126.00
211.00
483.00
270.00
0.00
0.00
0.00
0.00
0.00
0.00
0.00
0.00
0.00
0.00
0.00
0.00
0.00
0.00
0.00
0.00
0.00
0.00
0.00
0.00
0.00
0.00
0.00
0.00
0.00
0.00
0.00
0.00
0.00
0.00
0.00
0.00
0.00
0.00
0.00
0.00
0.00
0.00
0.00
0.00
0.00
0.00
0.00
0.00
0.00
0.00
0.00
0.00
0.00
0.00
0.00
0.00
0.00
0.00
0.00
0.00
0.00
0.00
0.00
0.00
0.00
0.00
0.00
0.00
0.00
0.00
0.00
0.00
0.00
0.00
0.00
0.00
0.00
0.00
0.00
0.00
0.00
0.00
0.00
0.00
0.00
1.00
0.00
0.00
0.00
0.00
0.00
0.00
0.00
0.00
0.00
0.00
0.00
0.00
0.00
0.00
0.00
0.00
0.00
0.00
0.00
0.00
0.00
0.00
0.00
0.00
0.00
28.00
10.00
0.00
0.00
0.00
0.00
0.00
0.00
0.00
0.00
1.00
50.00
16.00
0.00
232.00
0.00
78.00
138.00
0.00
0.00
0.00
0.00
0.00
0.00
96.00
0.00
88.00
0.00
0.00
0.00
0.00
131.00
1.00
0.00
6.00
87.00
490.00
24.00
22.00
1.00
435.00
263.00
621.00
0.00
0.00
0.00
0.00
0.00
0.00
0.00
0.00
0.00
24.00
29.00
0.00
2.00
878.00
718.00
243.00
537.00
64.00
581.00
104.00
0.00
0.00
31.00
9.00
21.00
242.00
0.00
0.00
39.00
17.00
105.00
0.00
0.00
51.00
0.00
5.00
0.00
19.00
65.00
414.00
3.00
82.00
0.00
199.00
49.00
174.00
60.00
0.00
0.00
1.00
37.00
14.00
30.00
127.00
610.00
254.00
266.00
91.00
429.00
334.00
25.00
0.00
1.00
134.00
578.00
369.00
34.00
267.00
40.00
30.00
8.00
96.00
124.00
163.00
614.00
10.00
25.00
149.00
220.00
170.00
407.00
297.00
98.00
147.00
22.00
109.00
77.00
6.00
41.00
17.00
93.00
77.00
9.00
36.00
43.00
58.00
53.00
327.00
180.00
89.00
329.00
78.00
45.00
41.00
32.00
158.00
105.00
292.00
30.00
375.00
42.00
41.00
73.00
347.00
43.00
16.00
50.00
22.00
76.00
114.00
133.00
74.00
37.00
4.00
5.00
0.00
71.00
584.00
172.00
5.00
6.00
52.00
44.00
89.00
89.00
136.00
168.00
108.00
62.00
313.00
140.00
266.00
254.00
34.00
124.00
103.00
47.00
107.00
42.00
21.00
18.00
22.00
65.00
59.00
114.00
23.00
0.00
102.00
117.00
3.00
50.00
12.00
1.00
28.00
361.00
195.00
40.00
6.00
11.00
0.00
0.00
1.00
14.00
154.00
461.00
158.00
157.00
31.00
303.00
2.00
0.00
24.00
133.00
171.00
80.00
7.00
0.00
1.00
0.00
83.00
0.00
0.00
0.00
0.00
553.00
266.00
356.00
438.00
1263.00
0.00
0.00
0.00
0.00
0.00
0.00
0.00
588.00
650.00
0.00
0.00
0.00
0.00
0.00
0.00
0.00
0.00
0.00
0.00
0.00
0.00
99.00
0.00
4.00
163.00
31.00
7.00
1.00
0.00
0.00
0.00
0.00
0.00
0.00
0.00
0.00
0.00
0.00
0.00
0.00
0.00
0.00
0.00
0.00
0.00
0.00
118.00
460.00
475.00
400.00
0.00
0.00
0.00
0.00
0.00
0.00
0.00
0.00
2.00
0.00
0.00
0.00
0.00
0.00
0.00
0.00
0.00
0.00
0.00
0.00
18.00
218.00
2.00
0.00
0.00
0.00
0.00
0.00
0.00
0.00
0.00
0.00
0.00
0.00
0.00
0.00
0.00
0.00
0.00
0.00
0.00
0.00
0.00
0.00
0.00
0.00
0.00
0.00
0.00
0.00
0.00
0.00
0.00
0.00
0.00
0.00
0.00
0.00
104.00
59.00
489.00
4.00
119.00
0.00
3.00
3.00
0.00
0.00
0.00
0.00
0.00
0.00
0.00
0.00
0.00
0.00
1.00
354.00
0.00
0.00
0.00
0.00
0.00
0.00
0.00
0.00
0.00
0.00
0.00
0.00
0.00
0.00
34.00
0.00
0.00
37.00
33.00
0.00
0.00
0.00
0.00
0.00
0.00
0.00
14.00
326.00
26.00
0.00
55.00
543.00
6.00
1.00
21.00
57.00
0.00
171.00
0.00
16.00
112.00
0.00
4.00
4.00
4.00
0.00
23.00
0.00
0.00
26.00
64.00
52.00
32.00
211.00
29.00
0.00
9.00
39.00
14.00
6.00
219.00
169.00
417.00
2.00
217.00
28.00
262.00
577.00
808.00
525.00
546.00
536.00
312.00
482.00
0.00
30.00
109.00
155.00
89.00
0.00
65.00
2.00
133.00
7.00
1.00
28.00
80.00
3.00
0.00
2.00
164.00
59.00
1.00
88.00
14.00
37.00
79.00
81.00
211.00
32.00
130.00
465.00
245.00
221.00
348.00
434.00
22.00
510.00
444.00
2.00
6.00
0.00
37.00
0.00
2.00
39.00
6.00
56.00
3.00
212.00
103.00
5.00
1.00
0.00
1.00
5.00
150.00
40.00
1.00
4.00
26.00
27.00
21.00
95.00
24.00
129.00
381.00
144.00
260.00
11.00
39.00
30.00
22.00
94.00
130.00
12.00
55.00
70.00
6.00
5.00
1.00
46.00
185.00
198.00
143.00
35.00
5.00
17.00
431.00
152.00
89.00
93.00
149.00
175.00
14.00
92.00
98.00
537.00
227.00
296.00
575.00
35.00
3.00
10.00
120.00
171.00
0.00
73.00
35.00
150.00
145.00
68.00
12.00
4.00
17.00
37.00
65.00
0.00
13.00
51.00
192.00
2.00
0.00
0.00
52.00
1.00
0.00
36.00
0.00
0.00
23.00
45.00
15.00
18.00
246.00
140.00
116.00
0.00
21.00
9.00
89.00
1.00
41.00
0.00
0.00
0.00
0.00
0.00
0.00
0.00
0.00
0.00
0.00
0.00
50.00
116.00
344.00
337.00
5.00
6.00
0.00
0.00
0.00
0.00
0.00
0.00
0.00
0.00
0.00
0.00
0.00
0.00
159.00
230.00
256.00
122.00
37.00
0.00
57.00
8.00
0.00
0.00
4.00
0.00
0.00
0.00
0.00
0.00
0.00
0.00
0.00
0.00
0.00
0.00
0.00
0.00
0.00
0.00
0.00
0.00
0.00
0.00
0.00
0.00
0.00
0.00
0.00
0.00
0.00
0.00
0.00
0.00
0.00
0.00
0.00
0.00
0.00
0.00
0.00
0.00
0.00
0.00
3.00
71.00
2.00
0.00
0.00
0.00
0.00
0.00
0.00
0.00
0.00
0.00
0.00
0.00
0.00
0.00
0.00
0.00
0.00
0.00
0.00
0.00
0.00
0.00
0.00
0.00
0.00
0.00
0.00
0.00
0.00
0.00
0.00
0.00
0.00
0.00
0.00
0.00
0.00
0.00
0.00
0.00
0.00
0.00
0.00
0.00
0.00
0.00
0.00
0.00
0.00
0.00
0.00
0.00
0.00
0.00
0.00
0.00
0.00
0.00
0.00
0.00
1.00
14.00
0.00
0.00
0.00
0.00
0.00
0.00
0.30
92.90
81.30
79.50
50.70
0.00
0.00
0.00
1.40
19.20
0.30
0.00
0.00
0.00
0.00
0.00
0.00
0.00
0.00
0.30
0.10
117.10
3.40
0.00
0.50
0.00
23.40
0.00
0.00
0.00
0.30
4.40
0.00
0.00
0.00
110.50
30.00
186.90
17.20
1.70
0.20
13.00
0.10
12.40
15.30
0.00
0.50
0.20
0.40
0.00
0.00
0.00
0.00
0.00
0.00
2.20
0.00
0.10
0.00
0.00
0.00
0.00
0.00
7.40
0.00
0.00
0.00
0.40
15.40
46.50
0.00
0.00
0.00
0.00
0.00
0.00
1.50
0.00
14.70
13.80
3.30
7.80
14.90
3.70
0.40
0.40
0.00
2.90
2.90
86.00
5.60
0.40
3.90
0.00
0.00
0.00
34.80
50.00
1.70
19.10
55.70
0.40
2.60
0.20
6.60
4.00
0.20
0.10
4.20
56.80
48.80
5.20
0.40
0.20
1.60
55.00
4.60
7.70
0.30
1.10
0.20
1.10
3.80
1.00
5.70
5.50
38.00
2.70
3.70
4.80
38.20
17.20
13.40
6.00
17.80
33.60
33.60
26.10
26.10
24.20
0.30
0.30
0.00
0.20
0.30
0.30
0.30
2.80
7.90
1.40
3.10
60.80
16.80
5.60
4.60
2.60
6.50
1.10
6.10
15.00
49.70
34.50
8.00
2.30
20.60
3.80
0.50
0.20
0.70
28.80
9.50
9.20
9.40
0.50
2.50
0.00
0.10
4.90
0.80
26.50
43.00
26.80
5.10
8.50
1.10
6.20
0.20
12.10
2.30
5.30
9.00
10.70
38.80
21.40
15.80
4.70
0.90
1.50
13.70
12.40
6.00
1.00
0.00
1.50
5.70
0.00
0.00
0.90
1.10
24.50
29.40
18.10
23.70
22.40
0.00
8.50
0.40
22.50
2.80
2.80
6.60
0.00
0.30
0.20
15.60
6.70
2.40
39.70
16.50
0.00
0.00
0.00
0.00
2.60
7.10
0.00
0.00
0.20
0.00
0.30
7.40
0.90
0.10
0.00
1.00
