20160101
0.00
0.00
0.00
0.00
0.00
0.00
0.00
0.00
0.00
0.00
0.00
0.00
0.00
0.00
0.00
0.00
0.00
0.00
0.00
1.00
23.00
0.00
0.00
0.00
0.00
0.00
0.00
0.00
0.00
0.00
0.00
0.00
0.00
0.00
0.00
0.00
0.00
0.00
0.00
0.00
0.00
0.00
0.00
0.00
0.00
0.00
0.00
0.00
0.00
0.00
19.00
2.00
32.00
5.00
138.00
35.00
3.00
6.00
0.00
0.00
0.00
0.00
0.00
0.00
0.00
0.00
0.00
0.00
11.00
2.00
0.00
0.00
0.00
0.00
5.00
2.00
0.00
0.00
11.00
0.00
0.00
0.00
0.00
0.00
0.00
0.00
0.00
16.00
4.00
14.00
357.00
0.00
0.00
0.00
38.00
152.00
0.00
0.00
0.00
0.00
0.00
0.00
0.00
0.00
14.00
4.00
21.00
46.00
0.00
4.00
4.00
116.00
47.00
8.00
2.00
33.00
0.00
0.00
1.00
1.00
0.00
6.00
9.00
0.00
0.00
4.00
0.00
0.00
0.00
0.00
0.00
0.00
148.00
0.00
0.00
14.00
0.00
52.00
244.00
43.00
124.00
385.00
16.00
47.00
4.00
0.00
0.00
3.00
0.00
7.00
0.00
107.00
1.00
0.00
1.00
0.00
4.00
3.00
223.00
45.00
68.00
304.00
54.00
2.00
1.00
0.00
44.00
148.00
2.00
25.00
21.00
190.00
33.00
245.00
35.00
127.00
30.00
51.00
0.00
0.00
1.00
7.00
165.00
66.00
19.00
20.00
19.00
20.00
35.00
99.00
1.00
8.00
7.00
3.00
0.00
27.00
79.00
336.00
0.00
0.00
44.00
43.00
41.00
54.00
237.00
142.00
233.00
1.00
15.00
68.00
48.00
348.00
85.00
27.00
6.00
0.00
34.00
77.00
45.00
28.00
230.00
10.00
31.00
2.00
23.00
78.00
9.00
4.00
1.00
56.00
0.00
23.00
1209.00
2.00
0.00
73.00
0.00
98.00
69.00
9.00
0.00
19.00
15.00
46.00
2.00
0.00
0.00
0.00
0.00
0.00
0.00
0.00
398.00
148.00
88.00
16.00
4.00
1.00
1.00
87.00
171.00
24.00
111.00
96.00
18.00
63.00
1.00
0.00
2.00
90.00
74.00
0.00
5.00
0.00
1.00
37.00
12.00
0.00
205.00
0.00
12.00
0.00
0.00
0.00
2.00
3.00
3.00
0.00
0.00
0.00
0.00
0.00
0.00
1.00
0.00
0.00
0.00
0.00
17.00
62.00
162.00
19.00
111.00
38.00
0.00
0.00
11.00
6.00
44.00
122.00
36.00
0.00
0.00
0.00
0.00
0.00
5.00
0.00
0.00
0.00
0.00
0.00
0.00
0.00
0.00
1.00
0.00
0.00
0.00
0.00
0.00
0.00
0.00
0.00
0.00
8.00
6.00
0.00
0.00
0.00
0.00
0.00
0.00
0.00
0.00
0.00
0.00
0.00
0.00
0.00
0.00
0.00
0.00
0.00
0.00
0.00
0.00
0.00
0.00
0.00
0.00
0.00
0.00
0.00
0.00
0.00
0.00
0.00
0.00
0.00
0.00
0.00
0.00
0.00
0.00
0.00
0.00
0.00
0.00
0.00
0.00
0.00
0.00
0.00
0.00
0.00
0.00
0.00
0.00
0.00
0.00
0.00
10.00
0.00
0.00
0.00
0.00
0.00
0.00
0.00
0.00
0.00
0.00
0.00
0.00
0.00
0.00
0.00
0.00
0.00
0.00
0.00
0.00
0.00
0.00
0.00
0.00
0.00
0.00
0.00
0.00
0.00
0.00
0.00
0.00
0.00
0.00
0.00
0.00
0.00
6.00
0.00
77.00
0.00
34.00
13.00
2.00
0.00
0.00
0.00
0.00
0.00
9.00
0.00
17.00
0.00
0.00
0.00
0.00
30.00
0.00
0.00
0.00
8.00
80.00
6.00
0.00
0.00
164.00
92.00
0.00
0.00
0.00
0.00
0.00
0.00
0.00
0.00
0.00
7.00
23.00
1.00
2.00
0.00
62.00
5.00
65.00
35.00
64.00
72.00
36.00
0.00
0.00
0.00
0.00
0.00
1.00
0.00
0.00
0.00
0.00
1.00
0.00
0.00
114.00
0.00
2.00
1.00
4.00
2.00
49.00
1.00
9.00
0.00
0.00
0.00
0.00
0.00
0.00
19.00
37.00
1.00
141.00
8.00
158.00
87.00
12.00
72.00
3.00
3.00
9.00
2.00
0.00
1.00
44.00
96.00
149.00
36.00
45.00
125.00
0.00
36.00
41.00
6.00
0.00
129.00
23.00
13.00
53.00
12.00
8.00
0.00
2.00
1.00
24.00
146.00
80.00
80.00
2.00
60.00
89.00
91.00
0.00
0.00
70.00
359.00
285.00
196.00
57.00
130.00
17.00
168.00
5.00
399.00
408.00
214.00
450.00
2.00
46.00
241.00
2.00
16.00
16.00
29.00
412.00
101.00
16.00
4.00
21.00
13.00
10.00
114.00
108.00
257.00
1.00
20.00
21.00
6.00
15.00
53.00
131.00
0.00
107.00
169.00
8.00
21.00
0.00
5.00
35.00
31.00
17.00
0.00
117.00
1297.00
59.00
42.00
33.00
116.00
2.00
38.00
28.00
1.00
18.00
19.00
16.00
12.00
96.00
83.00
178.00
316.00
30.00
307.00
298.00
0.00
326.00
430.00
129.00
59.00
140.00
0.00
47.00
9.00
4.00
13.00
376.00
72.00
84.00
0.00
0.00
16.00
11.00
26.00
1.00
4.00
9.00
0.00
21.00
6.00
1.00
103.00
139.00
0.00
0.00
11.00
0.00
0.00
118.00
4.00
73.00
8.00
17.00
0.00
0.00
0.00
0.00
0.00
0.00
0.00
55.00
8.00
0.00
0.00
0.00
0.00
0.00
0.00
0.00
0.00
0.00
0.00
0.00
8.00
0.00
0.00
60.00
37.00
1.00
0.00
0.00
0.00
0.00
0.00
0.00
1.00
1.00
40.00
0.00
0.00
0.00
0.00
0.00
0.00
0.00
0.00
0.00
0.00
0.00
415.00
256.00
7.00
0.00
0.00
0.00
0.00
0.00
0.00
0.00
0.00
0.00
1.00
0.00
1.00
0.00
0.00
0.00
0.00
0.00
0.00
0.00
0.00
2.00
323.00
683.00
2.00
0.00
0.00
0.00
0.00
0.00
0.00
0.00
0.00
0.00
0.00
0.00
0.00
0.00
0.00
0.00
0.00
0.00
0.00
0.00
0.00
0.00
0.00
0.00
0.00
0.00
0.00
0.00
0.00
0.00
0.00
0.00
0.00
0.00
0.00
0.00
5.00
91.00
1.00
3.00
0.00
0.00
0.00
0.00
0.00
0.00
0.00
0.00
0.00
0.00
0.00
0.00
0.00
0.00
6.00
0.00
0.00
0.00
0.00
0.00
0.00
0.00
0.00
0.00
0.00
0.00
0.00
0.00
0.00
49.00
0.00
0.00
18.00
75.00
0.00
0.00
0.00
0.00
0.00
0.00
0.00
0.00
0.00
0.00
0.00
0.00
29.00
28.00
0.00
75.00
6.00
0.00
0.00
0.00
18.00
1.00
0.00
1.00
0.00
0.00
0.00
1.00
0.00
0.00
7.00
5.00
3.00
0.00
20.00
0.00
0.00
0.00
0.00
0.00
0.00
0.00
28.00
33.00
14.00
11.00
0.00
10.00
14.00
143.00
170.00
101.00
140.00
205.00
333.00
6.00
71.00
2.00
1.00
6.00
0.00
0.00
0.00
0.00
0.00
27.00
166.00
99.00
0.00
2.00
260.00
65.00
117.00
2.00
0.00
0.00
44.00
152.00
330.00
89.00
16.00
27.00
14.00
21.00
135.00
130.00
66.00
69.00
70.00
64.00
0.00
0.00
69.00
4.00
11.00
0.00
69.00
275.00
13.00
1.00
49.00
0.00
39.00
0.00
67.00
7.00
9.00
7.00
22.00
0.00
2.00
3.00
0.00
8.00
3.00
9.00
42.00
52.00
16.00
27.00
0.00
8.00
4.00
92.00
36.00
583.00
82.00
117.00
224.00
10.00
1.00
82.00
71.00
112.00
136.00
121.00
0.00
0.00
0.00
36.00
576.00
223.00
5.00
2.00
20.00
63.00
33.00
66.00
36.00
182.00
33.00
0.00
1.00
46.00
37.00
37.00
15.00
40.00
155.00
67.00
6.00
55.00
36.00
3.00
0.00
15.00
81.00
76.00
12.00
3.00
73.00
0.00
0.00
0.00
12.00
234.00
215.00
1.00
11.00
50.00
31.00
43.00
0.00
0.00
30.00
147.00
56.00
1.00
2.00
28.00
117.00
0.00
1.00
41.00
168.00
0.00
0.00
58.00
5.00
7.00
6.00
0.00
6.00
2.00
7.00
204.00
265.00
360.00
339.00
37.00
0.00
0.00
10.00
10.00
0.00
0.00
0.00
0.00
0.00
0.00
0.00
0.00
0.00
94.00
5.00
101.00
56.00
67.00
0.00
0.00
0.00
0.00
0.00
0.00
0.00
0.00
0.00
0.00
0.00
0.00
0.00
24.00
0.00
0.00
0.00
0.00
0.00
0.00
0.00
0.00
0.00
0.00
0.00
0.00
0.00
0.00
0.00
0.00
0.00
0.00
0.00
0.00
1.00
24.00
0.00
0.00
0.00
0.00
2.00
0.00
0.00
1.00
0.00
5.00
1.00
7.00
0.00
0.00
0.00
0.00
0.00
0.00
0.00
0.00
0.00
0.00
0.00
0.00
0.00
0.00
0.00
0.00
0.00
0.00
0.00
28.00
4.00
0.00
0.00
0.00
0.00
0.00
0.00
0.00
0.00
0.00
0.00
0.00
0.00
0.00
0.00
0.00
0.00
0.00
0.00
0.00
0.00
1.00
0.00
0.00
0.00
0.00
0.00
0.00
0.00
0.00
0.00
0.00
0.00
0.00
0.00
0.00
0.00
0.00
0.00
0.00
0.00
0.00
0.00
0.00
0.00
0.00
0.00
0.00
75.40
74.10
14.90
15.10
0.00
0.00
0.00
0.20
15.60
5.20
0.00
0.00
0.00
0.00
0.00
0.00
0.00
0.00
0.00
0.30
0.00
3.40
0.00
0.00
0.00
0.00
0.00
0.00
0.00
0.00
0.20
0.00
0.00
0.00
13.30
4.70
26.60
13.00
0.00
6.00
3.00
0.00
5.40
5.40
1.90
0.00
0.00
0.00
0.00
0.00
0.00
0.00
0.00
0.00
0.00
0.00
0.90
0.00
0.00
0.00
0.00
0.00
0.30
0.00
0.00
0.00
2.90
1.60
0.30
0.00
0.00
0.00
0.00
0.00
0.10
0.00
0.00
0.00
0.30
0.00
0.10
0.20
0.00
0.00
0.00
0.00
0.00
0.00
2.30
0.00
0.00
0.00
0.00
0.00
0.00
0.00
0.20
2.70
0.10
4.50
0.00
6.70
6.80
0.00
1.40
10.00
13.20
2.80
26.70
6.80
0.40
0.00
0.00
8.70
1.00
13.70
0.60
5.40
1.20
3.60
1.00
5.20
0.60
9.50
11.60
4.60
3.10
0.00
0.10
7.20
0.10
0.00
2.50
2.10
0.10
0.10
5.30
5.30
6.60
7.70
7.70
0.00
3.70
7.70
7.70
7.70
1.40
21.20
7.60
9.50
4.10
6.90
1.10
0.00
6.20
3.20
39.10
22.30
13.30
0.20
0.20
79.20
1.70
2.90
3.30
0.00
2.50
25.90
9.20
9.50
0.20
0.00
4.70
0.00
5.70
1.50
3.20
3.40
3.00
113.30
34.70
0.00
0.00
0.00
10.60
0.00
2.20
9.70
20.00
4.80
2.40
0.50
0.00
0.10
0.00
2.60
0.50
0.50
1.70
0.10
0.30
3.80
6.50
2.10
0.00
0.00
0.70
0.00
1.30
20.40
0.10
24.20
7.40
0.30
0.20
0.30
1.00
0.20
0.20
1.60
0.30
0.00
3.00
1.20
2.10
1.10
8.40
1.20
0.10
0.00
0.00
2.90
16.40
2.20
0.00
0.00
0.00
0.00
1.30
2.10
1.20
1.30
1.40
4.80
