20160101
0.00
0.00
0.00
0.00
0.00
0.00
0.00
0.00
0.00
0.00
0.00
0.00
0.00
0.00
0.00
0.00
0.00
0.00
0.00
0.00
28.00
0.00
0.00
0.00
0.00
5.00
0.00
0.00
0.00
0.00
0.00
0.00
0.00
0.00
0.00
0.00
0.00
0.00
0.00
0.00
0.00
0.00
1.00
0.00
0.00
0.00
0.00
0.00
0.00
0.00
0.00
0.00
0.00
18.00
129.00
32.00
17.00
0.00
0.00
0.00
1.00
0.00
0.00
0.00
0.00
6.00
0.00
0.00
0.00
0.00
0.00
3.00
0.00
0.00
0.00
0.00
0.00
0.00
33.00
0.00
23.00
0.00
0.00
0.00
0.00
0.00
0.00
422.00
0.00
46.00
247.00
49.00
13.00
44.00
144.00
55.00
0.00
0.00
0.00
0.00
0.00
0.00
0.00
0.00
0.00
0.00
49.00
38.00
0.00
2.00
0.00
0.00
0.00
0.00
1.00
179.00
2.00
0.00
0.00
0.00
0.00
135.00
56.00
9.00
129.00
0.00
0.00
0.00
0.00
0.00
0.00
1.00
152.00
5.00
1.00
1.00
0.00
63.00
205.00
246.00
442.00
573.00
1.00
0.00
89.00
87.00
0.00
0.00
171.00
16.00
0.00
67.00
1.00
50.00
414.00
274.00
82.00
6.00
50.00
19.00
17.00
318.00
74.00
126.00
120.00
0.00
39.00
72.00
122.00
34.00
9.00
14.00
42.00
64.00
0.00
102.00
149.00
20.00
0.00
27.00
55.00
26.00
43.00
0.00
71.00
28.00
14.00
12.00
117.00
87.00
75.00
14.00
4.00
4.00
0.00
50.00
34.00
85.00
1.00
10.00
0.00
14.00
16.00
8.00
42.00
24.00
292.00
2.00
4.00
101.00
148.00
44.00
94.00
109.00
12.00
19.00
43.00
35.00
32.00
44.00
193.00
11.00
10.00
26.00
51.00
223.00
114.00
18.00
1.00
14.00
0.00
8.00
641.00
78.00
0.00
10.00
0.00
174.00
8.00
125.00
13.00
45.00
82.00
24.00
69.00
1.00
5.00
11.00
0.00
4.00
20.00
42.00
32.00
1.00
77.00
144.00
29.00
180.00
727.00
216.00
2.00
60.00
55.00
208.00
85.00
153.00
82.00
40.00
141.00
71.00
207.00
19.00
144.00
133.00
0.00
271.00
95.00
2.00
16.00
87.00
149.00
67.00
0.00
0.00
51.00
271.00
0.00
0.00
0.00
0.00
45.00
30.00
0.00
0.00
0.00
0.00
0.00
2.00
0.00
0.00
84.00
10.00
20.00
0.00
3.00
4.00
0.00
1.00
115.00
526.00
248.00
0.00
0.00
0.00
0.00
0.00
0.00
0.00
0.00
0.00
0.00
0.00
0.00
0.00
0.00
0.00
0.00
0.00
0.00
0.00
0.00
0.00
0.00
0.00
0.00
0.00
0.00
0.00
0.00
0.00
0.00
0.00
0.00
0.00
0.00
0.00
0.00
0.00
0.00
0.00
0.00
0.00
0.00
0.00
0.00
0.00
0.00
0.00
0.00
0.00
0.00
0.00
0.00
0.00
0.00
0.00
0.00
0.00
0.00
0.00
0.00
0.00
0.00
0.00
0.00
0.00
0.00
0.00
0.00
0.00
0.00
0.00
0.00
0.00
0.00
0.00
0.00
0.00
3.00
0.00
0.00
0.00
5.00
0.00
0.00
0.00
0.00
0.00
0.00
0.00
0.00
0.00
0.00
0.00
0.00
0.00
0.00
0.00
0.00
0.00
0.00
0.00
0.00
0.00
0.00
0.00
0.00
0.00
0.00
0.00
0.00
0.00
0.00
0.00
0.00
0.00
0.00
0.00
2.00
70.00
28.00
0.00
129.00
0.00
169.00
23.00
0.00
0.00
0.00
0.00
0.00
0.00
178.00
3.00
59.00
0.00
0.00
0.00
0.00
48.00
0.00
0.00
0.00
182.00
73.00
0.00
0.00
0.00
115.00
264.00
83.00
0.00
0.00
0.00
0.00
0.00
0.00
0.00
0.00
0.00
10.00
0.00
113.00
0.00
367.00
120.00
269.00
159.00
217.00
211.00
311.00
1.00
0.00
0.00
0.00
13.00
5.00
0.00
0.00
0.00
0.00
10.00
0.00
0.00
43.00
0.00
6.00
0.00
8.00
24.00
309.00
7.00
89.00
0.00
15.00
0.00
13.00
0.00
0.00
0.00
0.00
0.00
84.00
107.00
153.00
433.00
150.00
428.00
112.00
24.00
247.00
0.00
61.00
299.00
867.00
822.00
390.00
32.00
574.00
835.00
0.00
60.00
40.00
16.00
99.00
122.00
7.00
0.00
4.00
201.00
33.00
230.00
141.00
59.00
88.00
65.00
192.00
10.00
4.00
45.00
36.00
63.00
0.00
25.00
1.00
27.00
14.00
25.00
133.00
381.00
149.00
153.00
37.00
66.00
95.00
60.00
172.00
91.00
25.00
38.00
269.00
96.00
45.00
46.00
145.00
110.00
2.00
86.00
20.00
0.00
81.00
10.00
129.00
18.00
4.00
4.00
0.00
29.00
309.00
51.00
57.00
3.00
52.00
19.00
16.00
15.00
131.00
29.00
259.00
107.00
226.00
144.00
26.00
268.00
31.00
39.00
79.00
58.00
230.00
13.00
4.00
0.00
22.00
32.00
124.00
40.00
39.00
3.00
147.00
37.00
13.00
59.00
28.00
18.00
43.00
155.00
225.00
45.00
28.00
9.00
4.00
34.00
114.00
224.00
229.00
135.00
270.00
42.00
20.00
3.00
267.00
5.00
40.00
49.00
181.00
38.00
3.00
18.00
0.00
30.00
73.00
0.00
0.00
0.00
8.00
23.00
80.00
184.00
24.00
491.00
0.00
0.00
0.00
0.00
0.00
0.00
34.00
196.00
55.00
3.00
2.00
0.00
0.00
0.00
0.00
0.00
0.00
0.00
0.00
0.00
0.00
3.00
0.00
0.00
264.00
49.00
26.00
0.00
0.00
0.00
0.00
0.00
0.00
0.00
0.00
0.00
0.00
0.00
0.00
0.00
0.00
0.00
0.00
0.00
0.00
1.00
2.00
900.00
599.00
78.00
0.00
0.00
0.00
0.00
0.00
0.00
0.00
0.00
0.00
0.00
0.00
0.00
0.00
0.00
0.00
0.00
0.00
0.00
0.00
0.00
1.00
411.00
49.00
0.00
0.00
0.00
0.00
0.00
0.00
0.00
0.00
0.00
0.00
0.00
0.00
0.00
0.00
0.00
0.00
0.00
0.00
0.00
0.00
0.00
0.00
0.00
0.00
0.00
0.00
0.00
0.00
0.00
0.00
0.00
0.00
0.00
0.00
0.00
16.00
3.00
23.00
0.00
29.00
0.00
2.00
0.00
0.00
0.00
0.00
0.00
0.00
0.00
0.00
0.00
0.00
0.00
0.00
198.00
0.00
0.00
0.00
0.00
0.00
0.00
0.00
0.00
0.00
0.00
0.00
0.00
0.00
0.00
186.00
0.00
0.00
5.00
83.00
0.00
0.00
0.00
0.00
0.00
0.00
0.00
0.00
0.00
15.00
0.00
0.00
8.00
60.00
0.00
0.00
319.00
0.00
0.00
2.00
3.00
238.00
8.00
51.00
0.00
0.00
0.00
1.00
0.00
0.00
114.00
22.00
40.00
21.00
142.00
16.00
0.00
0.00
0.00
67.00
64.00
0.00
109.00
349.00
11.00
72.00
6.00
17.00
180.00
681.00
597.00
240.00
161.00
350.00
497.00
0.00
15.00
1.00
0.00
58.00
0.00
0.00
13.00
93.00
0.00
0.00
0.00
132.00
0.00
0.00
0.00
0.00
81.00
0.00
38.00
0.00
48.00
137.00
716.00
258.00
5.00
100.00
144.00
184.00
376.00
1120.00
731.00
239.00
107.00
362.00
33.00
0.00
4.00
0.00
2.00
48.00
7.00
21.00
5.00
10.00
50.00
42.00
85.00
7.00
8.00
0.00
231.00
42.00
13.00
10.00
0.00
19.00
1.00
8.00
22.00
110.00
15.00
21.00
13.00
155.00
6.00
12.00
2.00
105.00
54.00
91.00
15.00
9.00
43.00
14.00
0.00
19.00
5.00
27.00
156.00
92.00
30.00
11.00
0.00
92.00
155.00
137.00
21.00
68.00
108.00
42.00
175.00
205.00
58.00
55.00
33.00
28.00
48.00
32.00
4.00
15.00
38.00
0.00
31.00
17.00
41.00
119.00
18.00
19.00
0.00
67.00
6.00
17.00
6.00
58.00
26.00
5.00
0.00
0.00
11.00
203.00
11.00
7.00
0.00
0.00
2.00
191.00
0.00
239.00
249.00
96.00
104.00
24.00
2.00
87.00
4.00
0.00
1.00
25.00
1.00
0.00
0.00
0.00
0.00
0.00
0.00
0.00
0.00
96.00
107.00
254.00
372.00
458.00
536.00
108.00
0.00
0.00
0.00
0.00
0.00
0.00
0.00
0.00
0.00
0.00
0.00
0.00
0.00
144.00
20.00
198.00
116.00
57.00
0.00
0.00
0.00
0.00
0.00
0.00
0.00
0.00
0.00
0.00
0.00
0.00
0.00
1.00
0.00
0.00
0.00
0.00
0.00
0.00
0.00
0.00
0.00
0.00
0.00
0.00
0.00
0.00
0.00
0.00
0.00
0.00
0.00
0.00
0.00
0.00
0.00
0.00
0.00
0.00
1.00
0.00
0.00
0.00
0.00
15.00
41.00
53.00
0.00
0.00
0.00
0.00
0.00
0.00
0.00
0.00
0.00
0.00
0.00
0.00
0.00
0.00
0.00
0.00
0.00
0.00
0.00
0.00
0.00
0.00
0.00
0.00
0.00
0.00
0.00
0.00
0.00
0.00
0.00
0.00
0.00
0.00
0.00
0.00
0.00
0.00
0.00
0.00
0.00
0.00
0.00
0.00
0.00
0.00
0.00
0.00
0.00
0.00
0.00
0.00
0.00
0.00
0.00
0.00
0.00
0.00
0.00
1.00
2.00
0.00
0.00
0.00
0.00
0.00
0.00
0.00
129.00
135.20
54.20
44.50
0.00
0.00
0.00
4.10
33.50
0.00
0.00
0.00
0.00
0.00
0.00
0.00
0.00
0.00
0.00
0.30
5.80
0.30
0.00
0.00
0.00
0.00
0.00
0.00
0.00
0.00
0.00
0.00
0.00
0.00
85.60
17.10
35.60
17.90
0.00
3.80
11.30
0.00
35.80
27.80
0.00
0.00
0.00
0.10
0.00
0.00
0.00
0.00
0.00
0.00
0.00
0.00
0.00
0.00
0.00
0.00
0.00
0.00
0.00
0.00
0.00
0.00
1.20
4.50
4.00
0.00
0.00
0.00
0.00
0.00
0.00
0.00
0.00
2.20
0.90
0.00
1.30
3.00
0.70
0.00
0.00
0.00
3.80
3.80
109.30
1.60
3.60
0.00
0.00
0.00
0.00
0.00
1.10
1.40
0.20
4.70
0.10
20.40
6.70
1.00
0.10
0.10
0.20
123.90
28.30
37.30
6.10
0.30
0.00
22.20
38.60
13.90
6.30
3.00
0.00
5.00
1.80
16.70
3.20
0.50
3.70
6.50
0.30
0.70
0.00
1.10
4.40
9.50
48.10
32.90
6.30
6.30
76.60
76.60
27.40
7.30
7.30
0.10
20.20
7.30
7.30
7.30
0.10
7.00
1.90
1.20
21.50
5.30
4.70
1.70
1.20
11.40
3.20
6.60
10.20
12.10
6.10
22.30
18.20
7.20
1.60
2.60
1.00
0.00
1.50
6.40
14.10
5.40
14.50
4.10
0.30
0.40
8.00
5.40
4.10
42.30
18.60
1.40
3.00
0.60
5.80
1.20
16.30
27.90
3.70
1.60
4.20
11.30
10.20
35.00
1.10
0.60
2.30
4.20
7.10
3.60
1.70
0.60
10.30
6.60
1.00
0.60
6.90
4.00
9.40
21.00
21.20
43.70
16.00
1.60
10.20
19.10
18.00
2.60
2.60
5.70
0.00
0.00
4.90
18.90
4.00
1.70
13.00
10.90
0.40
0.00
0.00
8.10
11.10
0.60
0.00
0.10
0.00
0.00
1.30
6.10
2.00
0.20
0.00
2.50
