20160101
0.00
0.00
0.00
0.00
0.00
0.00
0.00
0.00
0.00
0.00
0.00
0.00
0.00
0.00
0.00
0.00
0.00
0.00
0.00
18.00
0.00
0.00
0.00
0.00
0.00
0.00
0.00
0.00
0.00
0.00
0.00
0.00
0.00
0.00
0.00
0.00
0.00
0.00
18.00
0.00
0.00
3.00
2.00
0.00
0.00
0.00
0.00
0.00
0.00
0.00
0.00
0.00
0.00
6.00
71.00
0.00
37.00
0.00
0.00
0.00
0.00
0.00
0.00
0.00
0.00
222.00
0.00
0.00
0.00
0.00
0.00
1.00
0.00
0.00
0.00
0.00
0.00
245.00
3.00
0.00
6.00
0.00
0.00
0.00
0.00
0.00
0.00
20.00
136.00
518.00
418.00
1.00
12.00
85.00
5.00
3.00
0.00
0.00
0.00
0.00
0.00
0.00
0.00
0.00
0.00
0.00
186.00
0.00
0.00
0.00
0.00
0.00
0.00
0.00
0.00
0.00
0.00
5.00
0.00
0.00
0.00
15.00
215.00
3.00
2.00
3.00
287.00
111.00
3.00
2.00
16.00
2.00
34.00
777.00
6.00
51.00
0.00
30.00
44.00
105.00
418.00
1061.00
0.00
0.00
128.00
99.00
101.00
0.00
109.00
2.00
40.00
51.00
2.00
0.00
0.00
0.00
55.00
4.00
116.00
0.00
60.00
1.00
1231.00
156.00
75.00
2.00
3.00
2.00
37.00
8.00
38.00
12.00
1.00
42.00
23.00
6.00
4.00
93.00
1.00
121.00
26.00
13.00
246.00
56.00
104.00
56.00
66.00
210.00
209.00
125.00
27.00
11.00
0.00
21.00
3.00
2.00
324.00
294.00
484.00
173.00
106.00
29.00
16.00
22.00
27.00
27.00
74.00
5.00
10.00
18.00
201.00
287.00
346.00
171.00
18.00
49.00
11.00
19.00
4.00
21.00
22.00
62.00
177.00
102.00
24.00
140.00
140.00
173.00
439.00
106.00
22.00
0.00
195.00
336.00
2.00
1.00
0.00
578.00
67.00
180.00
434.00
15.00
22.00
178.00
163.00
243.00
90.00
15.00
56.00
19.00
2.00
13.00
32.00
8.00
118.00
194.00
506.00
5.00
9.00
13.00
123.00
84.00
91.00
118.00
7.00
176.00
8.00
47.00
39.00
116.00
82.00
262.00
0.00
193.00
31.00
7.00
12.00
680.00
89.00
49.00
177.00
26.00
0.00
51.00
10.00
24.00
0.00
0.00
0.00
0.00
0.00
0.00
0.00
0.00
0.00
0.00
0.00
1.00
0.00
0.00
157.00
14.00
125.00
0.00
3.00
0.00
0.00
71.00
308.00
244.00
0.00
0.00
0.00
0.00
0.00
0.00
0.00
0.00
0.00
0.00
0.00
0.00
0.00
0.00
0.00
0.00
0.00
0.00
0.00
0.00
0.00
0.00
16.00
15.00
0.00
0.00
0.00
0.00
0.00
0.00
0.00
0.00
0.00
0.00
0.00
0.00
0.00
0.00
0.00
0.00
0.00
0.00
0.00
0.00
0.00
0.00
0.00
0.00
0.00
0.00
0.00
0.00
0.00
0.00
0.00
0.00
0.00
0.00
0.00
0.00
0.00
0.00
0.00
0.00
0.00
0.00
0.00
0.00
0.00
0.00
0.00
0.00
0.00
0.00
0.00
0.00
0.00
0.00
0.00
0.00
0.00
0.00
2.00
0.00
0.00
0.00
0.00
0.00
0.00
0.00
0.00
0.00
0.00
0.00
0.00
0.00
0.00
0.00
0.00
0.00
0.00
0.00
0.00
0.00
0.00
0.00
0.00
0.00
0.00
0.00
0.00
0.00
0.00
0.00
0.00
0.00
0.00
0.00
0.00
56.00
2.00
0.00
95.00
7.00
161.00
275.00
0.00
0.00
0.00
0.00
0.00
0.00
148.00
8.00
45.00
0.00
0.00
0.00
0.00
45.00
0.00
4.00
26.00
38.00
40.00
44.00
0.00
0.00
162.00
5.00
269.00
0.00
0.00
0.00
0.00
0.00
0.00
0.00
0.00
0.00
4.00
0.00
0.00
53.00
564.00
0.00
187.00
1005.00
85.00
170.00
77.00
0.00
6.00
0.00
148.00
15.00
482.00
0.00
0.00
0.00
2.00
14.00
0.00
0.00
146.00
0.00
0.00
0.00
13.00
236.00
959.00
17.00
125.00
0.00
30.00
0.00
0.00
0.00
0.00
0.00
0.00
46.00
1.00
3.00
149.00
296.00
169.00
539.00
10.00
0.00
17.00
633.00
0.00
0.00
47.00
30.00
73.00
223.00
344.00
46.00
3.00
93.00
654.00
288.00
234.00
605.00
17.00
118.00
115.00
4.00
58.00
16.00
10.00
15.00
28.00
53.00
80.00
136.00
71.00
196.00
295.00
78.00
3.00
26.00
9.00
43.00
121.00
250.00
375.00
21.00
36.00
33.00
127.00
265.00
146.00
333.00
450.00
175.00
137.00
57.00
341.00
270.00
89.00
52.00
16.00
48.00
29.00
1.00
2.00
102.00
117.00
156.00
90.00
4.00
15.00
0.00
40.00
299.00
352.00
329.00
172.00
394.00
74.00
61.00
146.00
151.00
75.00
67.00
301.00
114.00
114.00
105.00
15.00
102.00
224.00
1.00
57.00
63.00
237.00
55.00
33.00
257.00
93.00
8.00
4.00
218.00
42.00
150.00
381.00
918.00
3.00
15.00
4.00
2.00
7.00
194.00
313.00
208.00
59.00
152.00
1.00
2.00
9.00
24.00
50.00
261.00
206.00
190.00
108.00
166.00
6.00
2.00
0.00
7.00
52.00
16.00
20.00
59.00
0.00
0.00
6.00
0.00
6.00
7.00
0.00
0.00
41.00
264.00
1058.00
391.00
0.00
0.00
0.00
0.00
0.00
0.00
0.00
17.00
64.00
0.00
0.00
0.00
0.00
0.00
0.00
0.00
0.00
0.00
0.00
0.00
0.00
101.00
0.00
11.00
439.00
59.00
15.00
0.00
0.00
0.00
0.00
0.00
0.00
0.00
0.00
0.00
0.00
0.00
0.00
0.00
0.00
0.00
0.00
0.00
0.00
3.00
2.00
266.00
289.00
18.00
0.00
0.00
0.00
0.00
0.00
0.00
0.00
0.00
0.00
0.00
0.00
0.00
0.00
0.00
0.00
0.00
0.00
0.00
0.00
0.00
42.00
268.00
0.00
0.00
0.00
0.00
0.00
0.00
0.00
0.00
0.00
0.00
0.00
0.00
0.00
0.00
0.00
0.00
0.00
0.00
0.00
0.00
0.00
0.00
0.00
0.00
0.00
0.00
0.00
0.00
0.00
0.00
0.00
0.00
0.00
0.00
62.00
0.00
706.00
348.00
608.00
292.00
86.00
0.00
346.00
168.00
0.00
0.00
0.00
0.00
0.00
9.00
0.00
0.00
0.00
0.00
106.00
501.00
0.00
0.00
0.00
0.00
0.00
0.00
29.00
0.00
0.00
0.00
0.00
0.00
0.00
0.00
0.00
0.00
54.00
74.00
0.00
0.00
0.00
0.00
0.00
0.00
0.00
0.00
35.00
0.00
0.00
10.00
0.00
356.00
225.00
0.00
55.00
0.00
0.00
48.00
133.00
348.00
12.00
0.00
1.00
87.00
108.00
0.00
267.00
0.00
43.00
447.00
30.00
190.00
44.00
111.00
101.00
1.00
0.00
10.00
102.00
0.00
0.00
483.00
86.00
27.00
201.00
0.00
106.00
1909.00
93.00
67.00
10.00
140.00
223.00
403.00
0.00
92.00
7.00
119.00
108.00
0.00
192.00
59.00
491.00
697.00
26.00
26.00
20.00
18.00
0.00
0.00
8.00
0.00
79.00
337.00
114.00
91.00
87.00
154.00
1.00
0.00
2.00
165.00
187.00
639.00
34.00
861.00
2.00
24.00
114.00
81.00
11.00
0.00
226.00
1.00
0.00
2.00
29.00
18.00
46.00
21.00
4.00
20.00
3.00
1.00
11.00
22.00
272.00
94.00
30.00
13.00
9.00
0.00
10.00
8.00
27.00
75.00
229.00
315.00
78.00
1.00
18.00
1.00
23.00
35.00
90.00
29.00
717.00
245.00
203.00
12.00
22.00
157.00
10.00
7.00
68.00
12.00
43.00
7.00
4.00
85.00
112.00
10.00
2.00
3.00
38.00
19.00
50.00
86.00
209.00
32.00
250.00
235.00
179.00
68.00
63.00
64.00
2.00
31.00
67.00
57.00
54.00
26.00
1.00
0.00
2.00
3.00
9.00
32.00
2.00
227.00
11.00
0.00
0.00
0.00
1.00
24.00
122.00
56.00
9.00
23.00
9.00
1.00
0.00
11.00
98.00
223.00
17.00
0.00
7.00
1.00
114.00
29.00
56.00
0.00
1.00
0.00
0.00
0.00
0.00
0.00
0.00
0.00
0.00
0.00
51.00
102.00
129.00
150.00
9.00
0.00
0.00
0.00
0.00
0.00
0.00
0.00
0.00
0.00
0.00
0.00
0.00
0.00
12.00
56.00
19.00
37.00
0.00
0.00
0.00
0.00
0.00
32.00
1.00
0.00
0.00
0.00
0.00
0.00
17.00
0.00
0.00
0.00
0.00
0.00
0.00
0.00
1.00
0.00
0.00
0.00
0.00
0.00
0.00
0.00
0.00
0.00
0.00
0.00
0.00
0.00
0.00
4.00
3.00
0.00
0.00
0.00
0.00
0.00
0.00
0.00
0.00
0.00
62.00
100.00
34.00
0.00
0.00
0.00
0.00
0.00
0.00
0.00
0.00
0.00
0.00
0.00
0.00
0.00
0.00
0.00
0.00
0.00
0.00
0.00
0.00
0.00
0.00
0.00
0.00
0.00
0.00
0.00
0.00
0.00
0.00
0.00
0.00
0.00
0.00
0.00
0.00
0.00
0.00
0.00
0.00
0.00
0.00
0.00
0.00
0.00
0.00
0.00
0.00
0.00
0.00
0.00
0.00
1.00
0.00
0.00
0.00
0.00
0.00
0.00
1.00
1.00
0.00
0.00
0.00
0.00
0.00
0.00
4.20
32.80
17.70
34.90
5.00
0.00
0.00
0.00
0.40
2.40
0.00
0.00
0.00
0.00
0.00
0.00
0.00
0.00
0.30
6.20
0.00
47.20
0.30
0.10
1.10
0.00
0.90
0.00
0.00
0.00
0.20
0.00
0.00
0.00
3.50
45.80
0.90
70.10
8.40
0.00
1.40
76.90
0.00
11.40
25.50
1.10
5.50
2.00
37.70
0.00
0.00
11.60
0.00
0.00
0.00
0.00
7.40
0.00
0.00
0.00
0.00
0.00
0.00
0.00
0.00
0.00
0.00
0.10
88.10
38.80
0.00
0.00
0.00
0.00
0.00
0.00
2.40
0.00
22.00
0.40
0.00
0.00
0.30
0.00
1.90
1.90
0.00
31.50
31.50
72.70
3.30
0.00
0.10
0.00
0.00
7.50
7.50
13.50
38.60
2.90
27.20
32.60
1.80
1.40
1.80
1.10
0.00
0.00
0.00
13.00
23.40
66.10
0.00
51.70
2.00
1.90
0.40
3.40
2.60
0.00
0.00
2.90
2.10
2.80
11.30
0.10
0.50
0.00
1.30
1.40
0.90
10.20
4.50
15.80
13.90
17.90
17.90
35.40
35.40
47.80
1.20
1.20
2.20
3.50
1.20
1.20
1.20
1.70
12.40
3.00
11.20
73.70
3.00
3.60
1.70
4.50
32.40
10.70
1.40
3.60
2.80
33.60
25.50
5.30
5.70
28.80
2.20
3.40
12.10
25.60
54.90
59.20
24.60
4.00
1.30
0.30
1.70
3.70
3.00
14.90
32.50
9.90
0.30
0.90
0.10
3.50
1.30
0.90
8.70
44.40
35.80
6.40
15.20
1.70
0.00
1.40
3.50
5.00
11.70
1.50
30.10
8.00
0.20
0.20
0.00
0.10
0.30
0.30
1.70
12.40
7.20
5.50
29.20
48.10
4.70
4.00
13.40
13.80
15.70
15.70
17.60
0.80
0.80
7.40
22.00
5.50
1.60
15.60
11.10
0.00
0.80
0.00
0.00
0.20
12.80
0.00
0.10
0.00
0.00
0.10
3.20
1.30
0.10
0.00
2.30
