20160101
0.00
0.00
0.00
0.00
0.00
0.00
0.00
0.00
5.00
0.00
0.00
0.00
2.00
0.00
0.00
0.00
0.00
0.00
0.00
0.00
0.00
0.00
0.00
0.00
0.00
0.00
0.00
0.00
0.00
0.00
0.00
0.00
0.00
0.00
0.00
0.00
0.00
0.00
0.00
0.00
0.00
0.00
7.00
0.00
0.00
0.00
0.00
0.00
0.00
0.00
0.00
1.00
2.00
146.00
30.00
0.00
21.00
0.00
0.00
0.00
0.00
0.00
1.00
0.00
0.00
75.00
0.00
1.00
0.00
1.00
0.00
0.00
0.00
0.00
0.00
79.00
0.00
0.00
0.00
0.00
116.00
0.00
36.00
0.00
0.00
0.00
0.00
504.00
0.00
188.00
242.00
131.00
0.00
110.00
373.00
198.00
13.00
0.00
0.00
0.00
0.00
0.00
0.00
0.00
106.00
76.00
344.00
232.00
0.00
23.00
15.00
194.00
136.00
0.00
0.00
40.00
0.00
45.00
26.00
0.00
10.00
79.00
648.00
71.00
143.00
24.00
17.00
5.00
0.00
0.00
0.00
0.00
161.00
25.00
0.00
59.00
0.00
118.00
219.00
39.00
326.00
1266.00
19.00
10.00
24.00
20.00
0.00
1.00
11.00
41.00
0.00
26.00
1.00
22.00
1.00
452.00
14.00
56.00
40.00
2.00
9.00
623.00
22.00
55.00
13.00
0.00
53.00
234.00
493.00
23.00
1.00
1.00
33.00
26.00
0.00
9.00
20.00
1.00
86.00
61.00
144.00
13.00
37.00
7.00
24.00
6.00
1.00
4.00
15.00
40.00
130.00
106.00
55.00
2.00
3.00
12.00
212.00
64.00
5.00
3.00
5.00
2.00
3.00
39.00
75.00
55.00
392.00
56.00
26.00
4.00
125.00
2.00
33.00
10.00
2.00
28.00
35.00
75.00
65.00
216.00
140.00
24.00
8.00
23.00
136.00
50.00
61.00
3.00
6.00
16.00
1.00
3.00
420.00
13.00
2.00
13.00
7.00
428.00
6.00
1.00
1.00
1.00
250.00
179.00
39.00
10.00
47.00
21.00
9.00
26.00
68.00
0.00
6.00
0.00
62.00
266.00
305.00
54.00
0.00
617.00
61.00
23.00
28.00
22.00
156.00
63.00
222.00
3.00
133.00
0.00
524.00
122.00
3.00
421.00
33.00
56.00
0.00
110.00
74.00
179.00
200.00
54.00
0.00
5.00
157.00
239.00
7.00
0.00
0.00
0.00
0.00
1.00
0.00
0.00
0.00
0.00
0.00
1.00
22.00
0.00
52.00
27.00
132.00
14.00
0.00
0.00
50.00
9.00
164.00
571.00
144.00
0.00
0.00
0.00
0.00
0.00
0.00
0.00
0.00
1.00
0.00
0.00
0.00
6.00
0.00
0.00
0.00
0.00
0.00
0.00
0.00
0.00
0.00
0.00
0.00
0.00
0.00
0.00
0.00
0.00
0.00
0.00
0.00
0.00
0.00
0.00
0.00
0.00
0.00
0.00
0.00
0.00
0.00
0.00
0.00
0.00
0.00
0.00
0.00
0.00
0.00
0.00
0.00
0.00
0.00
0.00
0.00
0.00
0.00
0.00
0.00
0.00
0.00
0.00
0.00
0.00
0.00
0.00
0.00
0.00
0.00
0.00
0.00
0.00
0.00
0.00
0.00
0.00
0.00
0.00
0.00
0.00
4.00
0.00
0.00
0.00
0.00
0.00
0.00
0.00
0.00
0.00
0.00
0.00
0.00
0.00
0.00
0.00
0.00
0.00
0.00
0.00
0.00
0.00
0.00
0.00
0.00
0.00
0.00
62.00
0.00
0.00
0.00
0.00
0.00
0.00
0.00
0.00
16.00
78.00
146.00
0.00
185.00
0.00
275.00
142.00
0.00
0.00
0.00
0.00
0.00
0.00
101.00
0.00
73.00
0.00
0.00
0.00
0.00
82.00
0.00
0.00
0.00
65.00
217.00
16.00
20.00
0.00
484.00
132.00
162.00
0.00
0.00
0.00
0.00
0.00
0.00
0.00
0.00
0.00
63.00
17.00
101.00
7.00
564.00
173.00
89.00
440.00
39.00
183.00
38.00
0.00
0.00
72.00
11.00
36.00
85.00
0.00
0.00
72.00
0.00
20.00
0.00
0.00
97.00
0.00
0.00
0.00
38.00
7.00
453.00
6.00
40.00
0.00
15.00
4.00
91.00
0.00
0.00
0.00
6.00
14.00
99.00
181.00
176.00
551.00
113.00
270.00
169.00
181.00
172.00
4.00
110.00
105.00
517.00
701.00
439.00
93.00
248.00
92.00
0.00
52.00
30.00
43.00
25.00
102.00
0.00
15.00
52.00
65.00
174.00
190.00
620.00
83.00
173.00
37.00
217.00
33.00
1.00
30.00
23.00
47.00
49.00
51.00
5.00
17.00
78.00
28.00
108.00
380.00
281.00
131.00
20.00
28.00
38.00
95.00
83.00
50.00
67.00
102.00
161.00
39.00
16.00
28.00
73.00
80.00
29.00
40.00
0.00
45.00
246.00
30.00
82.00
56.00
4.00
21.00
0.00
40.00
258.00
104.00
10.00
8.00
60.00
35.00
0.00
21.00
107.00
410.00
72.00
180.00
313.00
273.00
157.00
371.00
2.00
203.00
40.00
21.00
17.00
8.00
19.00
1.00
0.00
0.00
43.00
151.00
59.00
0.00
25.00
7.00
26.00
45.00
45.00
13.00
20.00
116.00
58.00
62.00
37.00
24.00
1.00
0.00
0.00
19.00
141.00
154.00
226.00
15.00
1.00
111.00
216.00
33.00
7.00
98.00
657.00
135.00
47.00
4.00
10.00
2.00
14.00
0.00
0.00
0.00
5.00
12.00
574.00
254.00
185.00
915.00
0.00
0.00
0.00
0.00
0.00
0.00
10.00
878.00
401.00
1.00
0.00
0.00
0.00
0.00
0.00
0.00
0.00
0.00
0.00
0.00
0.00
120.00
0.00
0.00
144.00
27.00
8.00
0.00
0.00
0.00
0.00
1.00
0.00
0.00
0.00
0.00
0.00
0.00
0.00
0.00
0.00
0.00
0.00
0.00
0.00
0.00
20.00
309.00
322.00
177.00
0.00
0.00
0.00
0.00
0.00
0.00
0.00
0.00
2.00
0.00
0.00
0.00
0.00
0.00
0.00
0.00
0.00
0.00
0.00
0.00
202.00
202.00
41.00
0.00
0.00
0.00
0.00
0.00
0.00
0.00
0.00
0.00
0.00
0.00
0.00
0.00
0.00
0.00
0.00
0.00
0.00
0.00
0.00
0.00
0.00
0.00
0.00
0.00
0.00
0.00
0.00
0.00
0.00
0.00
0.00
0.00
0.00
0.00
4.00
18.00
444.00
0.00
97.00
0.00
0.00
0.00
0.00
0.00
0.00
0.00
0.00
1.00
0.00
0.00
0.00
0.00
0.00
279.00
0.00
0.00
0.00
0.00
0.00
0.00
0.00
0.00
0.00
0.00
0.00
0.00
0.00
0.00
59.00
0.00
0.00
2.00
75.00
20.00
0.00
0.00
0.00
0.00
0.00
0.00
0.00
0.00
28.00
0.00
0.00
192.00
47.00
0.00
10.00
155.00
0.00
10.00
0.00
44.00
299.00
0.00
37.00
0.00
9.00
0.00
8.00
0.00
0.00
32.00
17.00
3.00
5.00
213.00
5.00
0.00
0.00
13.00
43.00
63.00
20.00
138.00
440.00
11.00
24.00
0.00
59.00
374.00
555.00
536.00
644.00
636.00
418.00
186.00
0.00
96.00
2.00
82.00
3.00
0.00
0.00
0.00
49.00
0.00
0.00
0.00
106.00
0.00
0.00
0.00
1.00
35.00
5.00
41.00
12.00
109.00
234.00
369.00
150.00
1.00
3.00
233.00
118.00
271.00
860.00
533.00
50.00
156.00
251.00
0.00
0.00
1.00
5.00
0.00
9.00
32.00
9.00
2.00
0.00
106.00
98.00
11.00
0.00
0.00
0.00
64.00
8.00
1.00
2.00
14.00
65.00
12.00
33.00
90.00
108.00
13.00
60.00
29.00
113.00
28.00
10.00
35.00
7.00
26.00
22.00
41.00
28.00
12.00
4.00
0.00
14.00
2.00
97.00
146.00
117.00
8.00
0.00
0.00
184.00
52.00
25.00
113.00
172.00
16.00
4.00
49.00
149.00
51.00
63.00
249.00
50.00
116.00
9.00
2.00
189.00
129.00
0.00
61.00
44.00
258.00
246.00
52.00
3.00
7.00
7.00
135.00
99.00
0.00
9.00
9.00
5.00
5.00
0.00
2.00
176.00
8.00
1.00
6.00
0.00
1.00
106.00
0.00
7.00
23.00
40.00
15.00
153.00
0.00
53.00
75.00
8.00
1.00
75.00
0.00
1.00
0.00
9.00
0.00
0.00
11.00
0.00
0.00
0.00
0.00
140.00
75.00
546.00
397.00
18.00
0.00
0.00
0.00
0.00
0.00
0.00
0.00
0.00
0.00
0.00
0.00
0.00
0.00
178.00
137.00
220.00
124.00
50.00
0.00
1.00
30.00
0.00
0.00
0.00
0.00
0.00
0.00
0.00
0.00
0.00
0.00
0.00
0.00
0.00
0.00
0.00
0.00
10.00
0.00
0.00
0.00
0.00
0.00
0.00
0.00
0.00
0.00
0.00
0.00
0.00
0.00
0.00
0.00
2.00
0.00
0.00
0.00
0.00
0.00
0.00
0.00
0.00
3.00
8.00
29.00
0.00
0.00
0.00
0.00
0.00
0.00
0.00
0.00
0.00
0.00
0.00
0.00
0.00
0.00
0.00
0.00
0.00
0.00
0.00
0.00
0.00
0.00
0.00
0.00
0.00
0.00
0.00
0.00
0.00
0.00
0.00
0.00
0.00
0.00
0.00
0.00
0.00
0.00
0.00
0.00
0.00
0.00
0.00
0.00
0.00
0.00
0.00
0.00
0.00
0.00
0.00
0.00
0.00
0.00
0.00
0.00
0.00
0.00
0.00
0.00
3.00
6.00
0.00
0.00
0.00
0.00
0.00
0.00
0.00
139.80
142.40
148.70
73.60
0.00
0.00
0.00
7.60
42.10
11.40
0.00
0.00
0.00
0.00
0.00
0.00
0.00
0.00
0.70
0.20
109.60
8.70
0.00
0.00
0.00
13.90
0.00
0.00
0.00
0.00
0.00
0.00
0.00
0.00
96.20
21.40
162.10
7.50
3.30
0.10
3.10
0.00
13.10
35.40
0.00
1.00
0.00
0.00
0.00
0.00
0.00
0.00
0.00
0.00
0.00
0.00
0.30
0.00
0.00
0.00
0.00
0.00
0.90
0.60
0.00
0.00
0.00
0.20
3.70
0.00
0.00
0.00
0.00
0.00
0.00
0.30
0.00
42.80
0.20
1.10
1.90
11.70
7.10
0.50
0.50
0.00
13.20
13.20
73.70
7.90
0.00
0.20
0.00
0.00
0.00
4.70
51.00
0.20
21.40
5.10
0.00
8.40
1.20
0.70
3.70
0.00
0.10
4.70
35.30
9.50
1.60
0.00
0.00
9.70
13.90
7.60
6.00
0.60
0.00
0.50
5.10
1.10
0.90
0.20
2.20
33.20
4.40
3.50
1.60
20.60
13.60
6.30
5.70
9.80
4.70
4.70
11.70
11.70
20.30
1.50
1.50
0.00
2.50
1.50
1.50
1.50
5.50
1.10
0.50
1.70
49.10
11.10
9.30
6.20
1.00
13.90
0.60
5.40
9.00
107.20
11.10
13.50
5.70
13.10
5.80
1.20
0.60
3.20
3.00
7.60
8.60
8.10
0.40
6.00
0.00
0.30
7.80
1.50
31.10
43.80
24.80
4.60
2.30
1.90
7.10
0.00
3.00
2.10
11.00
2.20
1.90
30.10
16.00
13.30
10.70
0.70
0.60
13.80
25.70
6.60
0.20
1.40
13.80
16.10
0.60
0.30
10.40
6.10
8.60
35.10
25.70
24.30
23.30
1.90
9.00
13.90
16.70
35.80
35.80
4.00
0.00
0.00
0.00
8.60
7.00
9.70
18.30
8.90
0.00
0.30
0.00
2.90
16.40
2.70
0.00
0.10
0.00
0.00
0.30
13.20
1.40
0.30
0.30
1.60
