20160101
0.00
0.00
0.00
0.00
0.00
0.00
0.00
0.00
0.00
0.00
0.00
0.00
1.00
0.00
0.00
0.00
0.00
0.00
0.00
16.00
1.00
0.00
0.00
0.00
0.00
0.00
0.00
0.00
0.00
0.00
0.00
0.00
0.00
0.00
0.00
0.00
0.00
0.00
1.00
0.00
0.00
0.00
17.00
0.00
0.00
0.00
0.00
0.00
0.00
0.00
0.00
0.00
0.00
180.00
171.00
0.00
17.00
0.00
0.00
0.00
2.00
0.00
0.00
0.00
0.00
72.00
0.00
0.00
0.00
1.00
0.00
1.00
0.00
0.00
2.00
4.00
0.00
106.00
4.00
1.00
2.00
0.00
0.00
0.00
0.00
0.00
0.00
67.00
0.00
71.00
418.00
191.00
23.00
88.00
67.00
0.00
0.00
0.00
1.00
0.00
0.00
0.00
0.00
0.00
0.00
0.00
41.00
0.00
0.00
0.00
0.00
0.00
0.00
0.00
0.00
2.00
1.00
0.00
0.00
0.00
0.00
12.00
327.00
8.00
3.00
4.00
32.00
25.00
3.00
0.00
1.00
0.00
23.00
366.00
0.00
5.00
0.00
30.00
510.00
213.00
860.00
1425.00
0.00
0.00
526.00
114.00
5.00
26.00
582.00
62.00
46.00
18.00
0.00
0.00
0.00
0.00
2.00
10.00
160.00
42.00
45.00
68.00
895.00
209.00
88.00
2.00
1.00
44.00
32.00
0.00
1.00
9.00
0.00
40.00
48.00
1.00
69.00
37.00
27.00
259.00
53.00
10.00
39.00
52.00
242.00
175.00
37.00
107.00
190.00
23.00
17.00
40.00
0.00
13.00
49.00
12.00
340.00
176.00
70.00
219.00
236.00
12.00
8.00
7.00
29.00
35.00
115.00
0.00
2.00
111.00
141.00
220.00
436.00
75.00
36.00
39.00
21.00
48.00
52.00
21.00
12.00
113.00
222.00
22.00
0.00
373.00
217.00
156.00
259.00
64.00
7.00
0.00
422.00
611.00
1.00
1.00
6.00
548.00
125.00
219.00
332.00
4.00
102.00
366.00
98.00
130.00
42.00
15.00
15.00
4.00
0.00
5.00
7.00
17.00
106.00
205.00
95.00
26.00
1.00
46.00
21.00
5.00
10.00
86.00
12.00
455.00
10.00
35.00
50.00
174.00
847.00
249.00
0.00
198.00
50.00
151.00
60.00
78.00
68.00
7.00
113.00
3.00
104.00
148.00
482.00
16.00
0.00
0.00
0.00
0.00
0.00
0.00
0.00
0.00
0.00
0.00
0.00
0.00
0.00
1.00
328.00
31.00
13.00
0.00
0.00
0.00
0.00
18.00
253.00
569.00
36.00
0.00
0.00
0.00
0.00
0.00
0.00
0.00
0.00
0.00
0.00
0.00
0.00
0.00
0.00
0.00
0.00
0.00
0.00
0.00
0.00
0.00
0.00
0.00
0.00
20.00
0.00
0.00
0.00
0.00
0.00
0.00
23.00
12.00
0.00
0.00
0.00
0.00
0.00
0.00
0.00
0.00
0.00
0.00
0.00
0.00
0.00
0.00
0.00
0.00
0.00
0.00
0.00
0.00
0.00
0.00
0.00
0.00
0.00
0.00
0.00
0.00
0.00
0.00
0.00
0.00
0.00
0.00
0.00
0.00
0.00
0.00
0.00
0.00
0.00
0.00
0.00
0.00
0.00
0.00
0.00
0.00
3.00
0.00
0.00
0.00
0.00
0.00
0.00
0.00
0.00
0.00
0.00
0.00
0.00
0.00
0.00
0.00
0.00
0.00
0.00
0.00
0.00
0.00
0.00
0.00
1.00
0.00
0.00
0.00
0.00
0.00
0.00
0.00
0.00
0.00
0.00
0.00
0.00
52.00
121.00
0.00
180.00
6.00
71.00
144.00
0.00
0.00
0.00
0.00
0.00
0.00
286.00
11.00
29.00
0.00
0.00
0.00
0.00
51.00
0.00
0.00
7.00
55.00
57.00
3.00
0.00
0.00
531.00
75.00
535.00
0.00
0.00
0.00
0.00
0.00
0.00
0.00
0.00
0.00
18.00
20.00
0.00
0.00
395.00
48.00
104.00
727.00
53.00
191.00
217.00
0.00
1.00
0.00
22.00
0.00
29.00
0.00
0.00
0.00
0.00
3.00
0.00
0.00
264.00
0.00
4.00
0.00
53.00
78.00
621.00
121.00
58.00
0.00
18.00
0.00
0.00
0.00
0.00
0.00
0.00
64.00
2.00
82.00
225.00
664.00
31.00
1555.00
30.00
1.00
243.00
121.00
0.00
72.00
275.00
58.00
392.00
359.00
335.00
103.00
0.00
173.00
37.00
29.00
118.00
656.00
66.00
193.00
163.00
6.00
49.00
2.00
8.00
10.00
46.00
8.00
91.00
356.00
304.00
539.00
129.00
63.00
8.00
0.00
9.00
47.00
229.00
45.00
125.00
99.00
114.00
17.00
96.00
601.00
225.00
652.00
1276.00
522.00
5.00
106.00
525.00
139.00
366.00
86.00
79.00
178.00
21.00
0.00
76.00
211.00
87.00
60.00
61.00
42.00
19.00
3.00
47.00
151.00
294.00
359.00
15.00
75.00
108.00
69.00
62.00
137.00
68.00
94.00
492.00
292.00
84.00
132.00
28.00
108.00
123.00
50.00
31.00
168.00
162.00
285.00
35.00
93.00
94.00
23.00
4.00
83.00
15.00
21.00
181.00
537.00
9.00
11.00
25.00
2.00
93.00
363.00
517.00
107.00
20.00
46.00
0.00
97.00
89.00
207.00
182.00
282.00
95.00
30.00
163.00
80.00
1.00
29.00
87.00
11.00
16.00
1.00
1.00
69.00
0.00
0.00
0.00
0.00
0.00
0.00
0.00
27.00
135.00
280.00
1369.00
1307.00
0.00
0.00
0.00
0.00
0.00
0.00
0.00
82.00
110.00
0.00
0.00
0.00
0.00
0.00
0.00
0.00
0.00
0.00
0.00
0.00
0.00
45.00
0.00
0.00
213.00
44.00
30.00
0.00
0.00
1.00
0.00
0.00
0.00
0.00
0.00
0.00
0.00
0.00
0.00
0.00
0.00
0.00
0.00
0.00
0.00
1.00
195.00
1008.00
975.00
722.00
0.00
0.00
0.00
0.00
0.00
0.00
0.00
0.00
79.00
0.00
0.00
0.00
0.00
0.00
0.00
0.00
0.00
0.00
0.00
0.00
118.00
276.00
31.00
0.00
0.00
0.00
0.00
0.00
0.00
0.00
0.00
0.00
0.00
0.00
0.00
0.00
0.00
0.00
0.00
0.00
0.00
0.00
0.00
0.00
0.00
0.00
0.00
0.00
0.00
0.00
0.00
0.00
0.00
0.00
0.00
0.00
0.00
18.00
494.00
367.00
825.00
134.00
83.00
0.00
77.00
36.00
0.00
0.00
0.00
0.00
0.00
0.00
0.00
0.00
0.00
0.00
0.00
241.00
0.00
0.00
0.00
0.00
0.00
0.00
20.00
0.00
0.00
0.00
0.00
0.00
0.00
0.00
0.00
0.00
0.00
88.00
8.00
0.00
0.00
0.00
0.00
0.00
0.00
0.00
44.00
0.00
2.00
0.00
0.00
83.00
101.00
22.00
26.00
0.00
0.00
2.00
156.00
466.00
16.00
0.00
0.00
170.00
18.00
0.00
241.00
0.00
44.00
395.00
194.00
113.00
10.00
166.00
134.00
0.00
0.00
2.00
6.00
0.00
0.00
519.00
138.00
11.00
184.00
37.00
63.00
832.00
61.00
80.00
29.00
94.00
511.00
468.00
0.00
83.00
3.00
1.00
16.00
21.00
319.00
638.00
43.00
162.00
6.00
292.00
98.00
0.00
0.00
0.00
109.00
40.00
125.00
241.00
68.00
3.00
3.00
149.00
15.00
0.00
31.00
304.00
527.00
248.00
264.00
1349.00
45.00
17.00
141.00
169.00
55.00
2.00
219.00
31.00
0.00
1.00
73.00
262.00
25.00
25.00
6.00
10.00
37.00
6.00
4.00
116.00
408.00
69.00
26.00
39.00
11.00
1.00
12.00
11.00
11.00
10.00
342.00
121.00
33.00
10.00
15.00
10.00
5.00
51.00
135.00
56.00
247.00
387.00
116.00
32.00
115.00
174.00
15.00
44.00
65.00
28.00
62.00
28.00
116.00
325.00
110.00
2.00
35.00
18.00
13.00
18.00
27.00
127.00
737.00
38.00
279.00
184.00
173.00
34.00
40.00
211.00
7.00
1.00
61.00
141.00
26.00
28.00
6.00
1.00
0.00
1.00
14.00
44.00
17.00
143.00
11.00
0.00
0.00
0.00
21.00
18.00
5.00
351.00
2.00
0.00
59.00
0.00
0.00
85.00
196.00
101.00
1.00
0.00
7.00
5.00
147.00
5.00
9.00
4.00
0.00
0.00
0.00
0.00
0.00
0.00
0.00
0.00
0.00
0.00
153.00
206.00
522.00
457.00
145.00
0.00
0.00
0.00
0.00
0.00
0.00
0.00
0.00
0.00
0.00
0.00
0.00
0.00
12.00
77.00
212.00
76.00
34.00
0.00
0.00
0.00
0.00
0.00
15.00
0.00
0.00
0.00
0.00
0.00
2.00
0.00
0.00
0.00
0.00
0.00
0.00
0.00
0.00
0.00
0.00
0.00
0.00
0.00
0.00
0.00
0.00
0.00
0.00
0.00
0.00
0.00
0.00
1.00
3.00
0.00
0.00
0.00
0.00
0.00
0.00
0.00
0.00
0.00
39.00
52.00
9.00
0.00
0.00
0.00
0.00
0.00
0.00
0.00
0.00
0.00
0.00
0.00
0.00
0.00
0.00
0.00
0.00
0.00
0.00
0.00
0.00
0.00
0.00
0.00
0.00
0.00
0.00
0.00
0.00
0.00
0.00
0.00
0.00
0.00
0.00
0.00
0.00
0.00
0.00
0.00
0.00
0.00
0.00
0.00
0.00
0.00
0.00
0.00
0.00
0.00
0.00
0.00
1.00
1.00
0.00
0.00
0.00
0.00
0.00
0.00
5.00
12.00
0.00
0.00
0.00
0.00
0.00
0.00
0.00
81.80
65.40
49.20
14.90
0.00
0.00
0.00
0.60
13.90
0.00
0.00
0.00
0.00
0.00
0.00
0.00
0.00
0.00
3.50
0.60
30.30
0.40
0.00
6.80
0.00
0.40
0.00
0.00
0.00
0.00
0.00
0.00
0.00
0.00
19.90
35.70
74.40
30.80
0.60
1.00
10.40
0.10
6.70
28.20
4.10
9.80
0.50
31.80
0.00
0.00
0.00
0.00
0.00
0.00
0.00
0.50
0.20
0.00
0.00
0.00
0.00
0.00
0.00
0.00
0.00
0.00
0.10
109.80
63.80
0.00
0.00
0.00
0.00
0.00
0.00
1.30
0.00
24.60
0.00
0.40
1.10
11.00
0.00
0.00
0.00
0.00
55.10
55.10
40.50
3.00
0.00
0.20
0.00
0.00
0.00
0.20
12.20
7.10
2.90
56.50
0.00
1.00
1.40
17.60
9.90
0.20
0.00
3.50
56.50
15.30
77.60
0.00
12.90
3.20
4.00
1.10
0.70
0.00
0.00
0.40
8.60
11.10
2.50
2.30
0.50
1.00
0.10
0.20
1.30
2.70
0.70
9.10
19.40
32.60
52.60
52.60
52.90
52.90
41.30
0.00
0.00
0.00
24.30
0.00
0.00
0.00
0.00
1.60
0.50
1.10
37.30
2.40
2.70
0.10
0.80
41.30
0.00
0.40
0.20
4.70
33.40
65.10
7.40
0.00
26.20
3.70
0.10
115.60
33.70
40.80
60.20
74.60
4.70
0.40
4.70
2.10
5.90
3.20
11.00
32.10
26.20
2.80
0.50
0.00
2.30
0.90
8.00
31.40
17.30
43.60
4.40
13.10
1.90
0.30
11.40
21.90
8.70
2.70
5.10
32.80
13.90
1.50
2.10
0.90
0.20
0.20
0.90
0.70
1.80
13.40
1.10
31.00
20.40
4.30
1.60
6.10
21.20
13.60
13.60
16.80
0.00
0.00
2.70
6.00
5.80
0.00
10.30
19.30
0.00
0.00
0.00
0.00
0.00
4.00
0.00
0.00
0.00
0.00
0.30
4.30
3.70
0.00
0.00
1.20
