20160101
0.00
0.00
0.00
0.00
0.00
0.00
0.00
0.00
12.00
0.00
0.00
0.00
3.00
0.00
0.00
0.00
0.00
0.00
0.00
14.00
0.00
0.00
0.00
0.00
0.00
0.00
0.00
0.00
0.00
0.00
0.00
0.00
0.00
0.00
0.00
0.00
0.00
0.00
5.00
0.00
0.00
0.00
9.00
0.00
0.00
0.00
0.00
0.00
0.00
0.00
2.00
0.00
0.00
410.00
119.00
2.00
4.00
0.00
0.00
0.00
0.00
0.00
0.00
0.00
0.00
193.00
0.00
0.00
0.00
1.00
0.00
4.00
0.00
0.00
3.00
5.00
0.00
7.00
0.00
2.00
54.00
0.00
0.00
0.00
0.00
0.00
0.00
104.00
30.00
107.00
430.00
97.00
0.00
93.00
554.00
3.00
0.00
0.00
0.00
0.00
0.00
0.00
0.00
0.00
0.00
0.00
156.00
24.00
0.00
0.00
0.00
0.00
0.00
0.00
0.00
7.00
1.00
0.00
0.00
0.00
0.00
25.00
419.00
50.00
10.00
9.00
84.00
26.00
1.00
0.00
7.00
0.00
62.00
295.00
2.00
28.00
0.00
81.00
116.00
117.00
757.00
1092.00
0.00
0.00
271.00
174.00
16.00
14.00
793.00
33.00
19.00
199.00
0.00
0.00
0.00
0.00
0.00
1.00
165.00
61.00
2.00
22.00
563.00
121.00
90.00
0.00
6.00
111.00
90.00
0.00
14.00
1.00
0.00
37.00
95.00
3.00
29.00
41.00
41.00
306.00
26.00
11.00
22.00
20.00
289.00
236.00
32.00
49.00
231.00
51.00
38.00
109.00
0.00
12.00
45.00
23.00
182.00
72.00
214.00
217.00
194.00
22.00
3.00
6.00
23.00
25.00
118.00
2.00
4.00
39.00
148.00
124.00
435.00
95.00
87.00
59.00
40.00
64.00
1.00
11.00
21.00
38.00
370.00
6.00
2.00
453.00
228.00
166.00
285.00
23.00
1.00
0.00
316.00
542.00
0.00
1.00
1.00
891.00
28.00
414.00
188.00
0.00
98.00
317.00
54.00
24.00
19.00
27.00
40.00
2.00
0.00
1.00
4.00
11.00
116.00
386.00
227.00
43.00
0.00
44.00
6.00
4.00
85.00
114.00
11.00
105.00
19.00
7.00
8.00
71.00
299.00
216.00
0.00
323.00
84.00
211.00
43.00
34.00
94.00
54.00
307.00
1.00
134.00
42.00
225.00
71.00
5.00
0.00
0.00
0.00
0.00
0.00
0.00
0.00
0.00
0.00
0.00
0.00
0.00
0.00
93.00
8.00
61.00
0.00
0.00
0.00
0.00
40.00
361.00
494.00
37.00
0.00
0.00
0.00
0.00
0.00
0.00
0.00
0.00
0.00
0.00
0.00
0.00
0.00
0.00
0.00
0.00
0.00
0.00
0.00
0.00
0.00
0.00
0.00
0.00
0.00
0.00
0.00
0.00
0.00
0.00
0.00
0.00
0.00
0.00
0.00
0.00
0.00
0.00
0.00
0.00
0.00
0.00
0.00
0.00
0.00
0.00
0.00
0.00
0.00
0.00
0.00
0.00
0.00
0.00
0.00
0.00
0.00
0.00
0.00
0.00
0.00
0.00
0.00
0.00
0.00
0.00
0.00
0.00
0.00
0.00
0.00
0.00
0.00
0.00
0.00
0.00
0.00
0.00
0.00
0.00
0.00
7.00
0.00
0.00
0.00
0.00
0.00
0.00
0.00
0.00
0.00
0.00
0.00
0.00
0.00
0.00
0.00
0.00
0.00
0.00
0.00
0.00
0.00
0.00
0.00
0.00
0.00
0.00
0.00
0.00
0.00
0.00
0.00
0.00
0.00
0.00
0.00
1.00
173.00
100.00
0.00
195.00
6.00
91.00
153.00
0.00
0.00
0.00
0.00
0.00
0.00
214.00
8.00
34.00
0.00
0.00
0.00
0.00
60.00
0.00
1.00
10.00
123.00
332.00
2.00
0.00
0.00
207.00
6.00
468.00
0.00
0.00
0.00
0.00
0.00
0.00
0.00
0.00
0.00
11.00
4.00
0.00
21.00
950.00
36.00
256.00
681.00
69.00
305.00
370.00
0.00
3.00
0.00
29.00
0.00
77.00
0.00
0.00
0.00
0.00
11.00
0.00
0.00
280.00
0.00
0.00
0.00
49.00
77.00
345.00
53.00
83.00
0.00
30.00
0.00
0.00
0.00
8.00
0.00
0.00
60.00
0.00
56.00
190.00
410.00
47.00
1013.00
12.00
0.00
400.00
30.00
0.00
49.00
1043.00
26.00
230.00
348.00
369.00
83.00
0.00
161.00
214.00
151.00
195.00
506.00
138.00
92.00
60.00
5.00
103.00
26.00
29.00
1.00
31.00
28.00
118.00
250.00
189.00
414.00
210.00
44.00
8.00
0.00
8.00
27.00
181.00
53.00
223.00
138.00
20.00
68.00
197.00
226.00
55.00
278.00
1150.00
385.00
5.00
143.00
415.00
56.00
335.00
178.00
124.00
189.00
4.00
0.00
3.00
156.00
109.00
94.00
88.00
13.00
2.00
2.00
15.00
141.00
346.00
246.00
5.00
140.00
113.00
31.00
76.00
207.00
77.00
112.00
203.00
166.00
127.00
119.00
65.00
157.00
175.00
98.00
38.00
88.00
211.00
311.00
13.00
220.00
35.00
9.00
91.00
66.00
50.00
0.00
129.00
628.00
5.00
19.00
50.00
0.00
78.00
145.00
476.00
80.00
16.00
7.00
0.00
39.00
72.00
137.00
156.00
434.00
160.00
76.00
164.00
151.00
10.00
34.00
56.00
8.00
33.00
0.00
7.00
167.00
0.00
0.00
7.00
0.00
0.00
0.00
0.00
109.00
633.00
337.00
1060.00
1057.00
0.00
0.00
0.00
0.00
0.00
0.00
0.00
74.00
144.00
0.00
0.00
0.00
0.00
0.00
0.00
0.00
0.00
0.00
0.00
0.00
0.00
84.00
0.00
0.00
211.00
40.00
35.00
0.00
0.00
1.00
0.00
0.00
0.00
0.00
0.00
0.00
0.00
0.00
0.00
0.00
0.00
0.00
0.00
0.00
0.00
3.00
20.00
760.00
1099.00
625.00
0.00
0.00
0.00
0.00
0.00
0.00
0.00
0.00
26.00
0.00
0.00
0.00
0.00
0.00
0.00
0.00
0.00
0.00
0.00
0.00
70.00
301.00
20.00
0.00
0.00
0.00
0.00
0.00
0.00
0.00
0.00
0.00
0.00
0.00
0.00
0.00
0.00
0.00
0.00
0.00
0.00
0.00
0.00
0.00
0.00
0.00
0.00
0.00
0.00
0.00
0.00
0.00
0.00
0.00
0.00
0.00
0.00
0.00
345.00
252.00
930.00
60.00
104.00
0.00
119.00
37.00
0.00
0.00
0.00
0.00
0.00
24.00
0.00
0.00
0.00
0.00
0.00
250.00
0.00
0.00
0.00
0.00
0.00
0.00
2.00
0.00
0.00
0.00
0.00
0.00
0.00
0.00
1.00
0.00
0.00
40.00
5.00
0.00
0.00
0.00
0.00
0.00
0.00
0.00
49.00
3.00
1.00
28.00
0.00
264.00
90.00
2.00
27.00
0.00
0.00
49.00
87.00
423.00
4.00
0.00
0.00
111.00
31.00
0.00
285.00
0.00
16.00
343.00
201.00
140.00
47.00
226.00
303.00
0.00
0.00
23.00
52.00
0.00
0.00
254.00
132.00
18.00
382.00
30.00
108.00
1003.00
204.00
144.00
98.00
327.00
311.00
219.00
0.00
181.00
17.00
0.00
85.00
97.00
205.00
215.00
255.00
77.00
6.00
114.00
11.00
0.00
0.00
0.00
68.00
54.00
87.00
205.00
113.00
13.00
9.00
132.00
0.00
2.00
97.00
115.00
790.00
544.00
75.00
1136.00
26.00
35.00
156.00
23.00
24.00
19.00
331.00
8.00
2.00
0.00
93.00
79.00
30.00
48.00
20.00
18.00
0.00
1.00
5.00
77.00
248.00
77.00
5.00
8.00
18.00
1.00
23.00
9.00
41.00
30.00
391.00
164.00
85.00
6.00
25.00
10.00
22.00
65.00
122.00
45.00
130.00
263.00
9.00
16.00
48.00
37.00
41.00
34.00
50.00
11.00
60.00
17.00
219.00
239.00
90.00
15.00
69.00
16.00
19.00
10.00
62.00
181.00
312.00
165.00
254.00
165.00
301.00
5.00
58.00
197.00
11.00
19.00
41.00
106.00
40.00
70.00
5.00
1.00
0.00
21.00
29.00
12.00
5.00
188.00
27.00
0.00
0.00
0.00
26.00
12.00
12.00
240.00
101.00
0.00
42.00
0.00
0.00
159.00
236.00
179.00
1.00
0.00
10.00
33.00
121.00
14.00
33.00
0.00
12.00
0.00
0.00
0.00
0.00
0.00
0.00
0.00
0.00
0.00
73.00
143.00
483.00
339.00
47.00
0.00
0.00
0.00
0.00
0.00
0.00
0.00
0.00
0.00
0.00
0.00
0.00
0.00
20.00
107.00
206.00
55.00
25.00
0.00
0.00
8.00
0.00
1.00
1.00
0.00
0.00
0.00
0.00
0.00
0.00
0.00
0.00
0.00
0.00
0.00
0.00
0.00
1.00
0.00
0.00
0.00
0.00
0.00
0.00
0.00
0.00
0.00
0.00
0.00
0.00
0.00
0.00
8.00
6.00
0.00
0.00
0.00
0.00
0.00
0.00
0.00
0.00
0.00
19.00
68.00
4.00
0.00
0.00
0.00
0.00
0.00
0.00
0.00
0.00
0.00
0.00
0.00
0.00
0.00
0.00
0.00
0.00
0.00
0.00
0.00
0.00
0.00
0.00
0.00
0.00
0.00
0.00
0.00
0.00
0.00
0.00
0.00
0.00
0.00
0.00
0.00
0.00
0.00
0.00
0.00
0.00
0.00
0.00
0.00
0.00
0.00
0.00
0.00
0.00
0.00
0.00
0.00
1.00
0.00
0.00
0.00
0.00
0.00
0.00
0.00
3.00
5.00
0.00
0.00
0.00
0.00
0.00
0.00
0.00
64.90
44.90
52.50
14.70
0.00
0.00
0.00
0.60
10.40
0.00
0.00
0.00
0.00
0.00
0.00
0.00
0.00
0.00
4.50
1.00
35.50
0.60
1.80
6.40
0.00
1.20
0.00
0.00
0.00
0.00
0.00
0.00
0.00
0.00
30.30
36.10
111.60
17.80
0.50
5.50
31.00
0.00
20.90
28.50
2.90
7.90
1.70
30.70
0.00
0.00
0.80
0.00
0.00
0.00
0.00
0.80
0.20
0.00
0.00
0.00
0.00
0.00
0.00
0.00
0.00
0.00
0.00
60.10
60.50
0.00
0.00
0.00
0.00
0.00
0.00
0.10
0.00
10.50
6.70
0.50
9.20
10.60
0.00
11.60
11.60
0.00
19.90
19.90
39.10
2.30
0.00
0.30
0.00
0.00
0.10
0.20
18.50
4.80
6.70
70.30
0.60
0.00
1.00
11.30
20.50
0.00
0.00
14.90
12.90
29.90
42.60
0.00
13.40
0.10
6.10
1.10
1.20
0.00
0.00
0.00
5.50
5.60
0.90
5.00
0.20
2.30
0.10
0.20
0.20
5.00
3.00
2.20
27.40
17.20
51.70
51.70
33.30
33.30
44.00
0.00
0.00
0.00
4.60
0.00
0.00
0.00
0.10
1.60
0.00
0.80
46.80
2.80
2.10
0.40
0.00
24.20
0.20
0.00
0.90
7.90
32.80
36.00
8.20
1.90
22.20
1.30
0.30
43.20
45.60
9.30
51.30
24.70
2.20
0.00
0.00
1.10
5.20
10.60
18.20
35.10
24.80
28.20
0.50
0.00
3.20
0.10
11.60
36.90
20.90
154.70
5.50
21.00
3.20
0.30
0.70
3.80
12.30
6.10
3.40
13.50
2.00
0.20
0.40
5.00
0.00
0.00
0.50
0.00
4.60
29.30
6.30
24.20
34.80
0.90
1.20
0.60
19.90
14.40
14.40
13.00
0.00
0.00
1.20
8.30
11.80
0.20
20.10
6.10
0.00
0.00
0.00
0.00
0.00
0.60
0.00
0.00
0.00
0.00
0.10
5.90
0.70
0.20
0.20
0.70
