20160101
0.00
0.00
0.00
0.00
0.00
0.00
0.00
0.00
0.00
0.00
0.00
0.00
0.00
0.00
0.00
0.00
0.00
0.00
0.00
25.00
0.00
0.00
0.00
0.00
0.00
0.00
0.00
0.00
0.00
0.00
0.00
0.00
0.00
0.00
0.00
0.00
0.00
0.00
0.00
0.00
0.00
0.00
1.00
0.00
0.00
0.00
0.00
0.00
0.00
0.00
0.00
0.00
0.00
1.00
123.00
0.00
72.00
0.00
0.00
0.00
0.00
7.00
0.00
0.00
0.00
423.00
0.00
0.00
5.00
0.00
0.00
0.00
0.00
2.00
3.00
1.00
0.00
1.00
0.00
0.00
3.00
0.00
0.00
0.00
0.00
0.00
0.00
63.00
607.00
168.00
579.00
7.00
0.00
454.00
324.00
13.00
0.00
0.00
0.00
0.00
0.00
0.00
0.00
0.00
69.00
4.00
241.00
111.00
0.00
0.00
0.00
0.00
0.00
0.00
0.00
0.00
0.00
53.00
0.00
0.00
0.00
192.00
36.00
52.00
4.00
29.00
170.00
107.00
0.00
11.00
0.00
28.00
330.00
152.00
225.00
273.00
0.00
9.00
12.00
22.00
204.00
555.00
0.00
0.00
104.00
65.00
25.00
0.00
181.00
11.00
24.00
329.00
59.00
0.00
0.00
2.00
2.00
34.00
184.00
2.00
8.00
2.00
453.00
33.00
7.00
70.00
32.00
67.00
82.00
0.00
2.00
21.00
8.00
119.00
91.00
24.00
28.00
261.00
80.00
91.00
29.00
7.00
88.00
95.00
132.00
101.00
13.00
21.00
231.00
285.00
108.00
18.00
3.00
5.00
1.00
3.00
52.00
290.00
14.00
47.00
77.00
71.00
6.00
36.00
51.00
27.00
105.00
21.00
116.00
70.00
257.00
160.00
279.00
310.00
84.00
80.00
61.00
45.00
8.00
60.00
61.00
28.00
251.00
9.00
4.00
191.00
351.00
303.00
446.00
57.00
14.00
0.00
36.00
19.00
3.00
1.00
0.00
982.00
23.00
60.00
167.00
91.00
37.00
136.00
185.00
49.00
36.00
19.00
45.00
16.00
11.00
25.00
11.00
8.00
64.00
325.00
346.00
396.00
58.00
36.00
140.00
67.00
210.00
105.00
76.00
20.00
117.00
43.00
68.00
106.00
12.00
154.00
0.00
359.00
6.00
26.00
1.00
188.00
217.00
526.00
201.00
98.00
1.00
7.00
37.00
66.00
0.00
0.00
0.00
0.00
0.00
0.00
0.00
0.00
0.00
0.00
0.00
11.00
0.00
0.00
125.00
8.00
13.00
0.00
0.00
0.00
0.00
28.00
301.00
396.00
10.00
0.00
0.00
0.00
0.00
0.00
0.00
0.00
0.00
0.00
0.00
0.00
0.00
0.00
0.00
0.00
0.00
0.00
0.00
0.00
0.00
0.00
0.00
0.00
0.00
0.00
0.00
0.00
0.00
0.00
0.00
0.00
0.00
0.00
0.00
0.00
0.00
0.00
0.00
0.00
0.00
0.00
0.00
4.00
0.00
0.00
0.00
0.00
90.00
0.00
0.00
0.00
0.00
0.00
0.00
0.00
0.00
0.00
0.00
0.00
0.00
0.00
0.00
0.00
0.00
0.00
0.00
0.00
0.00
0.00
0.00
0.00
0.00
0.00
0.00
1.00
0.00
0.00
0.00
0.00
0.00
0.00
3.00
0.00
0.00
0.00
0.00
0.00
0.00
0.00
0.00
0.00
0.00
0.00
0.00
0.00
0.00
0.00
0.00
0.00
0.00
0.00
0.00
0.00
0.00
0.00
0.00
0.00
0.00
0.00
0.00
0.00
0.00
0.00
0.00
0.00
0.00
0.00
0.00
78.00
0.00
0.00
25.00
0.00
300.00
134.00
0.00
0.00
0.00
0.00
0.00
0.00
11.00
9.00
69.00
0.00
0.00
0.00
0.00
144.00
0.00
0.00
58.00
249.00
423.00
0.00
12.00
0.00
72.00
1.00
414.00
0.00
1.00
0.00
0.00
0.00
0.00
0.00
0.00
0.00
2.00
0.00
0.00
15.00
526.00
125.00
18.00
1037.00
21.00
393.00
433.00
0.00
3.00
0.00
130.00
16.00
563.00
0.00
0.00
17.00
17.00
31.00
0.00
0.00
82.00
3.00
3.00
0.00
52.00
80.00
524.00
9.00
96.00
1.00
100.00
5.00
0.00
0.00
0.00
0.00
0.00
138.00
4.00
0.00
158.00
209.00
498.00
356.00
219.00
91.00
226.00
48.00
5.00
0.00
53.00
34.00
227.00
237.00
753.00
71.00
120.00
210.00
500.00
475.00
1000.00
700.00
50.00
46.00
108.00
22.00
85.00
32.00
41.00
85.00
119.00
70.00
235.00
111.00
89.00
50.00
217.00
61.00
9.00
16.00
16.00
67.00
320.00
276.00
116.00
53.00
75.00
161.00
109.00
135.00
26.00
160.00
383.00
243.00
86.00
72.00
251.00
115.00
144.00
41.00
52.00
53.00
66.00
59.00
37.00
128.00
262.00
381.00
28.00
47.00
45.00
22.00
98.00
383.00
1099.00
432.00
251.00
135.00
117.00
27.00
419.00
259.00
269.00
51.00
142.00
167.00
123.00
110.00
237.00
65.00
326.00
28.00
64.00
115.00
218.00
110.00
311.00
386.00
89.00
132.00
65.00
53.00
60.00
34.00
1081.00
504.00
41.00
93.00
23.00
11.00
76.00
99.00
154.00
302.00
40.00
35.00
6.00
8.00
32.00
133.00
71.00
404.00
742.00
421.00
119.00
393.00
36.00
10.00
13.00
11.00
663.00
63.00
51.00
154.00
11.00
0.00
5.00
0.00
1.00
3.00
1.00
134.00
276.00
752.00
1100.00
1077.00
0.00
0.00
0.00
0.00
0.00
0.00
0.00
36.00
148.00
0.00
0.00
0.00
0.00
0.00
0.00
0.00
0.00
0.00
0.00
0.00
0.00
114.00
0.00
0.00
417.00
33.00
0.00
0.00
0.00
0.00
0.00
0.00
0.00
0.00
0.00
0.00
0.00
0.00
0.00
0.00
0.00
0.00
0.00
0.00
0.00
0.00
3.00
295.00
111.00
295.00
0.00
0.00
0.00
0.00
0.00
0.00
0.00
0.00
0.00
0.00
0.00
0.00
0.00
0.00
0.00
0.00
0.00
0.00
0.00
0.00
0.00
197.00
0.00
0.00
0.00
0.00
0.00
0.00
0.00
0.00
0.00
0.00
0.00
0.00
0.00
0.00
0.00
0.00
0.00
0.00
0.00
0.00
0.00
0.00
0.00
0.00
0.00
0.00
0.00
0.00
0.00
0.00
0.00
0.00
0.00
12.00
0.00
0.00
714.00
390.00
399.00
229.00
57.00
0.00
133.00
177.00
0.00
0.00
0.00
0.00
0.00
10.00
0.00
79.00
0.00
0.00
239.00
235.00
0.00
0.00
0.00
0.00
0.00
0.00
60.00
0.00
0.00
0.00
0.00
0.00
0.00
0.00
13.00
0.00
5.00
84.00
0.00
0.00
0.00
0.00
0.00
0.00
0.00
3.00
15.00
152.00
2.00
6.00
56.00
420.00
230.00
13.00
51.00
0.00
0.00
127.00
141.00
171.00
28.00
59.00
0.00
53.00
17.00
0.00
480.00
0.00
58.00
148.00
43.00
128.00
169.00
375.00
34.00
0.00
0.00
422.00
276.00
4.00
47.00
364.00
78.00
1.00
215.00
7.00
97.00
901.00
1079.00
123.00
52.00
467.00
176.00
153.00
0.00
29.00
12.00
51.00
18.00
6.00
360.00
98.00
82.00
178.00
12.00
5.00
14.00
310.00
11.00
0.00
69.00
4.00
154.00
226.00
1071.00
11.00
24.00
242.00
67.00
0.00
10.00
164.00
927.00
189.00
19.00
825.00
5.00
670.00
174.00
27.00
31.00
10.00
221.00
2.00
1.00
10.00
21.00
1.00
10.00
57.00
4.00
0.00
15.00
0.00
82.00
65.00
33.00
41.00
5.00
4.00
44.00
5.00
6.00
10.00
3.00
126.00
287.00
592.00
226.00
2.00
2.00
20.00
33.00
293.00
103.00
34.00
246.00
195.00
77.00
9.00
29.00
113.00
5.00
13.00
180.00
141.00
32.00
3.00
12.00
157.00
153.00
55.00
7.00
4.00
106.00
80.00
59.00
365.00
584.00
117.00
586.00
222.00
195.00
193.00
80.00
74.00
11.00
75.00
89.00
137.00
83.00
31.00
19.00
5.00
1.00
14.00
10.00
1.00
6.00
242.00
387.00
0.00
6.00
2.00
8.00
22.00
135.00
105.00
13.00
100.00
5.00
8.00
0.00
20.00
176.00
173.00
31.00
0.00
41.00
3.00
66.00
3.00
137.00
0.00
7.00
0.00
0.00
0.00
0.00
0.00
144.00
0.00
0.00
0.00
23.00
50.00
89.00
71.00
14.00
0.00
0.00
0.00
0.00
0.00
0.00
0.00
0.00
0.00
0.00
0.00
0.00
0.00
0.00
46.00
90.00
30.00
0.00
0.00
0.00
0.00
3.00
51.00
2.00
0.00
0.00
0.00
0.00
0.00
0.00
0.00
0.00
0.00
0.00
0.00
0.00
0.00
0.00
0.00
0.00
0.00
0.00
0.00
0.00
0.00
0.00
0.00
0.00
0.00
0.00
0.00
0.00
2.00
4.00
0.00
0.00
0.00
0.00
0.00
0.00
0.00
0.00
0.00
42.00
105.00
24.00
0.00
0.00
0.00
0.00
0.00
0.00
0.00
0.00
0.00
0.00
0.00
0.00
0.00
0.00
0.00
0.00
0.00
0.00
0.00
0.00
0.00
0.00
0.00
0.00
0.00
0.00
0.00
0.00
0.00
0.00
0.00
0.00
0.00
0.00
0.00
0.00
0.00
0.00
2.00
2.00
0.00
0.00
0.00
0.00
0.00
0.00
0.00
0.00
0.00
0.00
0.00
1.00
0.00
0.00
0.00
0.00
0.00
0.00
0.00
1.00
7.00
0.00
0.00
0.00
0.00
0.00
0.00
3.90
18.40
23.80
48.20
18.70
0.00
0.00
0.00
0.10
3.70
0.00
0.00
0.00
0.00
0.00
0.00
0.00
0.00
0.50
2.60
0.00
32.70
1.50
0.70
5.30
0.00
0.80
0.00
0.00
0.00
5.40
3.10
0.00
0.40
9.40
80.20
1.40
72.10
5.50
0.00
0.10
104.20
0.10
13.60
36.90
0.50
3.70
8.30
5.60
0.00
0.00
3.20
0.00
0.00
0.00
0.00
7.00
0.30
0.00
0.00
0.00
0.00
0.00
0.00
0.10
0.00
0.00
1.50
61.80
56.30
0.00
0.00
0.00
0.00
0.00
0.00
0.10
0.20
16.70
2.90
0.20
0.00
9.70
37.30
24.40
24.40
0.00
31.10
31.10
30.30
3.90
1.40
37.00
0.00
0.00
0.60
48.20
24.20
30.80
18.70
15.80
40.30
2.30
10.10
6.10
1.10
0.00
0.00
1.10
12.80
62.20
39.00
0.00
7.10
0.80
32.60
4.50
11.80
1.20
0.10
0.30
8.90
12.60
17.80
27.60
0.90
17.60
1.10
1.40
2.10
3.40
6.60
1.90
9.50
19.50
25.80
25.80
49.90
49.90
87.40
1.60
1.60
3.10
3.50
1.60
1.60
1.60
9.50
20.70
5.20
21.10
36.90
5.60
3.80
3.70
4.90
10.50
9.30
2.50
18.30
7.50
45.00
27.80
5.40
11.90
7.70
1.10
4.20
8.60
47.10
14.80
46.30
14.60
3.10
1.80
1.20
0.20
5.90
16.70
18.70
52.30
14.20
2.40
2.50
2.40
9.30
1.60
1.80
7.20
53.00
83.10
15.80
23.30
5.00
5.20
22.00
4.40
0.00
4.50
4.20
18.60
8.90
2.50
3.60
4.60
1.20
2.40
3.20
2.70
7.60
17.90
2.90
60.20
33.50
2.80
8.50
4.00
25.70
11.80
11.80
6.50
2.30
2.00
4.50
5.30
7.40
0.80
7.40
20.90
0.30
2.50
0.00
0.80
0.80
8.20
0.00
0.00
0.60
0.30
0.10
5.90
0.70
0.20
0.20
0.70
