20160101
0.00
0.00
0.00
0.00
0.00
0.00
0.00
0.00
0.00
0.00
0.00
0.00
0.00
0.00
0.00
0.00
0.00
0.00
0.00
0.00
3.00
0.00
0.00
0.00
0.00
0.00
0.00
0.00
0.00
0.00
0.00
0.00
0.00
0.00
0.00
0.00
0.00
0.00
0.00
0.00
0.00
0.00
0.00
0.00
0.00
0.00
0.00
0.00
0.00
0.00
0.00
0.00
0.00
60.00
20.00
0.00
33.00
0.00
0.00
0.00
0.00
0.00
0.00
12.00
0.00
1.00
0.00
0.00
0.00
0.00
0.00
0.00
0.00
0.00
0.00
1.00
0.00
0.00
0.00
0.00
27.00
0.00
15.00
0.00
0.00
0.00
0.00
371.00
0.00
164.00
275.00
8.00
1.00
48.00
81.00
457.00
52.00
0.00
0.00
0.00
0.00
0.00
0.00
11.00
67.00
18.00
170.00
90.00
0.00
97.00
163.00
134.00
169.00
50.00
7.00
67.00
1.00
6.00
163.00
0.00
26.00
60.00
72.00
1.00
77.00
0.00
1.00
0.00
0.00
0.00
0.00
1.00
51.00
30.00
0.00
56.00
3.00
209.00
321.00
16.00
108.00
759.00
0.00
4.00
6.00
0.00
0.00
11.00
0.00
19.00
0.00
11.00
0.00
6.00
0.00
36.00
1.00
110.00
117.00
35.00
162.00
71.00
38.00
89.00
20.00
0.00
119.00
145.00
56.00
205.00
60.00
30.00
13.00
186.00
8.00
100.00
27.00
25.00
6.00
5.00
116.00
70.00
290.00
108.00
36.00
43.00
2.00
6.00
203.00
120.00
78.00
58.00
61.00
29.00
15.00
35.00
90.00
181.00
11.00
1.00
39.00
8.00
66.00
138.00
106.00
18.00
199.00
1.00
18.00
17.00
45.00
72.00
177.00
9.00
11.00
0.00
40.00
113.00
101.00
6.00
14.00
35.00
6.00
75.00
15.00
62.00
1.00
45.00
91.00
0.00
0.00
0.00
415.00
7.00
2.00
17.00
0.00
57.00
0.00
8.00
14.00
30.00
72.00
231.00
27.00
4.00
8.00
38.00
34.00
1.00
37.00
24.00
208.00
25.00
55.00
0.00
1.00
21.00
1.00
23.00
37.00
4.00
49.00
89.00
7.00
4.00
25.00
63.00
140.00
6.00
6.00
13.00
0.00
0.00
6.00
2.00
0.00
0.00
16.00
0.00
8.00
0.00
47.00
55.00
0.00
120.00
0.00
0.00
0.00
0.00
0.00
0.00
0.00
0.00
0.00
0.00
0.00
0.00
0.00
0.00
196.00
163.00
32.00
8.00
0.00
0.00
16.00
5.00
71.00
228.00
43.00
0.00
0.00
0.00
0.00
0.00
0.00
0.00
0.00
0.00
0.00
0.00
0.00
0.00
0.00
0.00
0.00
0.00
0.00
0.00
0.00
0.00
0.00
0.00
0.00
2.00
0.00
0.00
0.00
0.00
0.00
0.00
0.00
0.00
0.00
0.00
0.00
0.00
0.00
0.00
0.00
0.00
0.00
0.00
0.00
0.00
0.00
0.00
0.00
0.00
0.00
0.00
0.00
0.00
0.00
0.00
0.00
0.00
8.00
0.00
0.00
0.00
0.00
0.00
0.00
0.00
0.00
0.00
0.00
0.00
0.00
0.00
0.00
0.00
0.00
0.00
0.00
0.00
0.00
0.00
0.00
0.00
13.00
0.00
0.00
0.00
0.00
0.00
0.00
0.00
0.00
0.00
0.00
0.00
0.00
0.00
0.00
0.00
0.00
0.00
0.00
0.00
0.00
0.00
0.00
0.00
0.00
0.00
0.00
0.00
0.00
0.00
0.00
0.00
0.00
0.00
0.00
0.00
0.00
2.00
14.00
0.00
117.00
0.00
61.00
60.00
2.00
0.00
0.00
0.00
0.00
0.00
60.00
0.00
69.00
0.00
0.00
0.00
0.00
32.00
0.00
0.00
1.00
64.00
340.00
84.00
129.00
24.00
457.00
235.00
7.00
0.00
0.00
0.00
0.00
0.00
0.00
0.00
0.00
0.00
66.00
0.00
20.00
4.00
118.00
83.00
83.00
136.00
61.00
47.00
15.00
0.00
0.00
28.00
0.00
34.00
89.00
0.00
0.00
1.00
3.00
20.00
0.00
0.00
143.00
0.00
5.00
0.00
21.00
29.00
122.00
16.00
4.00
0.00
2.00
0.00
11.00
20.00
0.00
0.00
0.00
4.00
63.00
73.00
206.00
147.00
23.00
93.00
73.00
39.00
0.00
0.00
0.00
46.00
17.00
49.00
28.00
164.00
50.00
48.00
0.00
17.00
17.00
22.00
23.00
5.00
17.00
43.00
86.00
31.00
0.00
18.00
19.00
44.00
7.00
369.00
117.00
50.00
19.00
131.00
178.00
34.00
3.00
30.00
185.00
111.00
72.00
251.00
22.00
6.00
18.00
20.00
24.00
206.00
143.00
157.00
165.00
4.00
177.00
113.00
3.00
23.00
109.00
9.00
50.00
27.00
5.00
38.00
0.00
11.00
82.00
36.00
126.00
54.00
2.00
7.00
0.00
22.00
5.00
1.00
6.00
19.00
100.00
38.00
0.00
71.00
21.00
27.00
14.00
18.00
0.00
6.00
117.00
595.00
51.00
55.00
73.00
24.00
4.00
14.00
5.00
0.00
8.00
6.00
2.00
71.00
53.00
16.00
45.00
55.00
3.00
132.00
108.00
3.00
278.00
427.00
157.00
155.00
77.00
0.00
1.00
0.00
0.00
0.00
295.00
5.00
132.00
9.00
2.00
240.00
39.00
7.00
4.00
0.00
31.00
0.00
5.00
143.00
9.00
0.00
1.00
9.00
0.00
0.00
0.00
0.00
2.00
18.00
137.00
162.00
1.00
0.00
0.00
0.00
0.00
0.00
0.00
189.00
176.00
0.00
0.00
0.00
0.00
0.00
0.00
0.00
0.00
0.00
0.00
0.00
0.00
60.00
0.00
0.00
176.00
26.00
13.00
0.00
0.00
0.00
0.00
0.00
0.00
0.00
0.00
0.00
0.00
0.00
0.00
0.00
0.00
0.00
0.00
0.00
0.00
0.00
25.00
269.00
194.00
90.00
0.00
0.00
0.00
0.00
0.00
0.00
0.00
0.00
0.00
0.00
0.00
3.00
0.00
0.00
0.00
0.00
0.00
0.00
0.00
0.00
34.00
198.00
87.00
0.00
0.00
0.00
0.00
0.00
0.00
0.00
0.00
0.00
0.00
0.00
0.00
0.00
0.00
0.00
0.00
0.00
0.00
0.00
0.00
0.00
0.00
0.00
0.00
0.00
0.00
0.00
0.00
0.00
0.00
0.00
0.00
0.00
0.00
0.00
0.00
15.00
192.00
0.00
11.00
0.00
0.00
0.00
0.00
0.00
0.00
0.00
0.00
0.00
0.00
0.00
0.00
0.00
0.00
24.00
0.00
0.00
0.00
0.00
0.00
0.00
0.00
0.00
0.00
0.00
0.00
0.00
0.00
0.00
4.00
0.00
0.00
2.00
121.00
1.00
0.00
0.00
0.00
0.00
0.00
0.00
0.00
10.00
0.00
0.00
0.00
18.00
7.00
0.00
60.00
115.00
0.00
16.00
1.00
3.00
94.00
0.00
28.00
0.00
1.00
1.00
4.00
0.00
0.00
79.00
39.00
14.00
0.00
67.00
3.00
0.00
0.00
4.00
2.00
0.00
22.00
111.00
48.00
12.00
84.00
2.00
20.00
29.00
198.00
329.00
167.00
531.00
225.00
288.00
11.00
165.00
0.00
0.00
0.00
0.00
0.00
0.00
0.00
1.00
199.00
0.00
0.00
0.00
46.00
19.00
1.00
60.00
4.00
28.00
19.00
57.00
430.00
147.00
7.00
22.00
2.00
21.00
45.00
159.00
331.00
426.00
0.00
17.00
18.00
0.00
0.00
1.00
0.00
3.00
118.00
23.00
30.00
9.00
0.00
67.00
19.00
51.00
2.00
3.00
38.00
2.00
1.00
0.00
3.00
11.00
24.00
9.00
21.00
28.00
23.00
24.00
64.00
8.00
49.00
9.00
4.00
0.00
6.00
8.00
264.00
73.00
37.00
129.00
12.00
0.00
109.00
42.00
98.00
153.00
127.00
123.00
0.00
1.00
9.00
110.00
94.00
11.00
4.00
7.00
33.00
86.00
46.00
86.00
134.00
24.00
1.00
0.00
40.00
40.00
120.00
50.00
3.00
68.00
88.00
24.00
28.00
72.00
31.00
4.00
51.00
25.00
63.00
1.00
13.00
17.00
0.00
0.00
0.00
21.00
296.00
38.00
0.00
0.00
1.00
23.00
20.00
0.00
16.00
46.00
34.00
0.00
4.00
2.00
63.00
5.00
1.00
0.00
64.00
35.00
0.00
0.00
0.00
0.00
0.00
0.00
0.00
0.00
0.00
0.00
136.00
43.00
284.00
290.00
7.00
0.00
0.00
0.00
0.00
0.00
0.00
0.00
1.00
0.00
0.00
0.00
0.00
0.00
338.00
11.00
101.00
56.00
39.00
0.00
0.00
0.00
0.00
1.00
0.00
0.00
0.00
0.00
0.00
0.00
0.00
0.00
0.00
0.00
0.00
0.00
0.00
0.00
0.00
0.00
0.00
0.00
0.00
0.00
0.00
0.00
0.00
0.00
0.00
0.00
0.00
0.00
0.00
5.00
1.00
0.00
0.00
0.00
0.00
0.00
0.00
0.00
1.00
0.00
6.00
30.00
66.00
0.00
0.00
0.00
0.00
0.00
0.00
0.00
0.00
0.00
0.00
0.00
0.00
0.00
0.00
0.00
0.00
0.00
0.00
0.00
0.00
0.00
0.00
0.00
0.00
0.00
0.00
0.00
0.00
0.00
0.00
0.00
0.00
0.00
0.00
0.00
0.00
0.00
0.00
0.00
0.00
0.00
1.00
0.00
0.00
0.00
0.00
0.00
0.00
0.00
0.00
0.00
0.00
0.00
0.00
0.00
0.00
0.00
0.00
0.00
0.00
1.00
0.00
0.00
0.00
0.00
0.00
0.00
0.10
98.30
107.50
104.80
54.60
0.00
0.00
0.10
0.00
35.30
0.00
0.00
0.00
0.00
0.00
0.00
0.00
0.00
0.00
0.00
0.00
0.00
2.60
0.10
0.00
0.00
4.60
0.00
0.00
0.00
0.00
11.00
0.00
0.00
0.00
22.20
7.30
61.40
0.00
6.50
1.40
1.90
0.60
8.20
33.60
0.00
0.00
0.30
0.00
0.00
1.60
0.00
2.10
0.00
0.00
0.00
0.00
0.20
0.00
0.00
0.00
0.00
0.00
2.90
0.30
0.00
0.00
0.80
5.40
3.00
0.00
0.00
0.00
0.00
0.00
0.00
0.10
0.00
0.30
4.90
1.00
0.00
13.70
0.00
0.00
0.00
0.00
0.00
0.00
29.50
0.00
0.00
0.00
0.00
0.00
0.00
0.40
6.60
2.00
0.10
6.80
1.40
1.30
8.00
5.10
3.00
6.00
1.80
0.00
4.40
13.90
0.00
0.00
0.00
4.10
6.60
5.90
8.40
5.10
0.90
0.00
18.90
4.60
0.00
0.50
1.40
1.40
0.00
0.00
0.00
1.30
3.30
7.50
8.20
1.30
1.10
1.10
6.60
6.60
3.00
1.60
1.60
0.00
0.10
1.60
1.60
1.60
0.80
15.00
6.30
20.60
17.70
32.70
3.50
0.00
4.40
17.20
0.70
1.80
13.10
0.80
2.40
55.80
3.80
3.60
16.70
4.60
3.70
11.30
13.20
9.60
0.90
0.10
0.70
2.60
1.40
0.40
5.10
0.90
19.10
22.60
20.40
0.00
1.10
1.20
21.00
0.00
3.20
3.50
16.90
3.10
2.10
2.00
2.90
1.00
6.40
4.70
2.90
6.30
20.50
18.90
1.20
0.50
18.50
7.80
1.10
0.90
4.80
8.40
10.40
20.00
14.60
16.60
19.50
0.70
0.40
1.00
22.80
2.90
2.90
0.60
0.00
0.20
0.20
6.40
10.00
9.20
9.00
4.60
0.00
0.00
0.00
0.00
18.30
4.00
0.10
0.00
0.10
0.00
1.30
2.10
1.20
1.30
1.40
4.80
