20160101
0.00
0.00
0.00
0.00
0.00
0.00
0.00
0.00
0.00
0.00
0.00
0.00
0.00
0.00
0.00
0.00
0.00
0.00
0.00
0.00
17.00
0.00
0.00
0.00
0.00
0.00
0.00
0.00
0.00
0.00
0.00
1.00
0.00
0.00
0.00
0.00
0.00
2.00
0.00
0.00
0.00
0.00
0.00
0.00
0.00
0.00
1.00
0.00
0.00
3.00
12.00
1.00
8.00
15.00
32.00
0.00
34.00
2.00
0.00
0.00
0.00
0.00
0.00
0.00
0.00
0.00
0.00
0.00
0.00
0.00
0.00
0.00
1.00
0.00
0.00
41.00
0.00
0.00
1.00
0.00
20.00
0.00
3.00
0.00
0.00
0.00
0.00
315.00
0.00
180.00
212.00
4.00
0.00
19.00
61.00
515.00
44.00
0.00
0.00
0.00
0.00
0.00
0.00
0.00
176.00
52.00
276.00
72.00
0.00
46.00
51.00
88.00
125.00
3.00
2.00
55.00
157.00
4.00
6.00
1.00
13.00
55.00
27.00
0.00
52.00
0.00
2.00
0.00
0.00
0.00
1.00
0.00
35.00
1.00
0.00
25.00
0.00
149.00
298.00
19.00
100.00
770.00
1.00
1.00
12.00
5.00
0.00
0.00
0.00
0.00
0.00
7.00
0.00
13.00
0.00
27.00
1.00
34.00
226.00
17.00
154.00
125.00
30.00
33.00
23.00
0.00
93.00
144.00
61.00
156.00
72.00
131.00
8.00
244.00
0.00
81.00
25.00
11.00
9.00
9.00
36.00
180.00
326.00
121.00
22.00
31.00
1.00
9.00
163.00
96.00
88.00
14.00
9.00
73.00
28.00
40.00
174.00
256.00
0.00
2.00
26.00
28.00
115.00
184.00
105.00
24.00
165.00
1.00
18.00
19.00
11.00
154.00
150.00
37.00
10.00
2.00
28.00
127.00
135.00
17.00
80.00
71.00
15.00
88.00
25.00
109.00
2.00
43.00
102.00
4.00
0.00
2.00
428.00
1.00
2.00
25.00
0.00
46.00
0.00
13.00
3.00
11.00
93.00
183.00
39.00
2.00
4.00
8.00
29.00
1.00
12.00
12.00
185.00
57.00
72.00
0.00
28.00
22.00
39.00
11.00
66.00
1.00
119.00
189.00
11.00
1.00
2.00
0.00
80.00
0.00
11.00
2.00
0.00
0.00
1.00
35.00
0.00
0.00
100.00
0.00
5.00
0.00
2.00
84.00
0.00
77.00
24.00
0.00
0.00
0.00
0.00
13.00
0.00
0.00
0.00
0.00
1.00
0.00
0.00
0.00
107.00
81.00
28.00
5.00
0.00
0.00
5.00
21.00
41.00
215.00
44.00
0.00
6.00
0.00
0.00
0.00
0.00
0.00
1.00
0.00
0.00
0.00
0.00
0.00
0.00
0.00
9.00
0.00
0.00
0.00
0.00
0.00
0.00
0.00
0.00
2.00
21.00
0.00
0.00
0.00
0.00
0.00
0.00
0.00
0.00
0.00
0.00
0.00
3.00
0.00
0.00
0.00
0.00
0.00
0.00
0.00
0.00
0.00
6.00
0.00
8.00
0.00
0.00
0.00
8.00
0.00
0.00
0.00
3.00
0.00
0.00
0.00
0.00
0.00
0.00
0.00
0.00
0.00
0.00
0.00
0.00
0.00
0.00
0.00
0.00
0.00
0.00
0.00
0.00
0.00
0.00
0.00
6.00
0.00
0.00
0.00
0.00
0.00
0.00
0.00
0.00
0.00
0.00
0.00
0.00
0.00
0.00
0.00
0.00
0.00
0.00
0.00
0.00
0.00
0.00
0.00
0.00
0.00
0.00
0.00
0.00
0.00
0.00
0.00
0.00
0.00
0.00
0.00
0.00
1.00
9.00
0.00
139.00
0.00
67.00
52.00
2.00
0.00
0.00
0.00
0.00
0.00
56.00
3.00
52.00
0.00
0.00
0.00
0.00
35.00
0.00
0.00
3.00
56.00
231.00
27.00
51.00
4.00
343.00
166.00
5.00
0.00
0.00
0.00
13.00
0.00
0.00
0.00
0.00
0.00
10.00
12.00
0.00
0.00
85.00
39.00
85.00
88.00
68.00
50.00
12.00
0.00
0.00
20.00
0.00
8.00
56.00
0.00
0.00
1.00
0.00
51.00
0.00
0.00
151.00
0.00
2.00
24.00
20.00
15.00
88.00
8.00
0.00
0.00
15.00
0.00
6.00
4.00
0.00
0.00
0.00
0.00
81.00
67.00
182.00
106.00
48.00
47.00
29.00
43.00
3.00
15.00
0.00
24.00
22.00
115.00
178.00
64.00
75.00
67.00
0.00
80.00
43.00
23.00
3.00
8.00
0.00
27.00
148.00
28.00
8.00
2.00
6.00
29.00
31.00
386.00
137.00
132.00
30.00
170.00
220.00
16.00
1.00
9.00
364.00
198.00
101.00
338.00
7.00
36.00
14.00
28.00
46.00
267.00
132.00
352.00
123.00
18.00
244.00
80.00
2.00
12.00
101.00
7.00
153.00
60.00
26.00
76.00
61.00
8.00
55.00
14.00
113.00
76.00
8.00
1.00
20.00
15.00
15.00
6.00
11.00
14.00
75.00
86.00
4.00
56.00
5.00
22.00
21.00
71.00
0.00
4.00
130.00
663.00
97.00
24.00
69.00
43.00
6.00
51.00
1.00
0.00
34.00
14.00
1.00
131.00
33.00
49.00
119.00
103.00
5.00
223.00
36.00
2.00
358.00
563.00
255.00
107.00
117.00
0.00
6.00
5.00
2.00
3.00
320.00
8.00
438.00
0.00
9.00
80.00
34.00
3.00
2.00
0.00
14.00
0.00
9.00
0.00
0.00
0.00
0.00
12.00
0.00
0.00
0.00
0.00
0.00
7.00
123.00
68.00
10.00
0.00
0.00
0.00
0.00
0.00
2.00
112.00
85.00
1.00
0.00
0.00
0.00
0.00
0.00
0.00
0.00
44.00
0.00
7.00
0.00
55.00
0.00
0.00
161.00
12.00
31.00
12.00
0.00
0.00
0.00
0.00
0.00
0.00
0.00
0.00
0.00
2.00
0.00
0.00
0.00
0.00
0.00
0.00
0.00
5.00
24.00
274.00
184.00
93.00
0.00
0.00
0.00
0.00
0.00
0.00
0.00
0.00
1.00
0.00
0.00
0.00
0.00
0.00
7.00
0.00
0.00
0.00
0.00
0.00
7.00
209.00
200.00
0.00
0.00
0.00
0.00
0.00
0.00
0.00
0.00
0.00
12.00
0.00
0.00
0.00
0.00
0.00
0.00
0.00
0.00
0.00
0.00
0.00
0.00
0.00
0.00
0.00
0.00
0.00
0.00
0.00
0.00
0.00
0.00
0.00
0.00
0.00
13.00
13.00
150.00
0.00
3.00
0.00
1.00
2.00
0.00
0.00
0.00
0.00
0.00
0.00
0.00
0.00
0.00
0.00
0.00
79.00
0.00
0.00
0.00
0.00
0.00
0.00
0.00
0.00
0.00
0.00
0.00
0.00
0.00
0.00
8.00
0.00
0.00
54.00
85.00
1.00
0.00
0.00
0.00
0.00
0.00
0.00
0.00
0.00
0.00
0.00
0.00
1.00
15.00
0.00
54.00
54.00
0.00
43.00
0.00
5.00
36.00
0.00
0.00
5.00
1.00
27.00
1.00
0.00
0.00
88.00
45.00
43.00
0.00
32.00
5.00
0.00
0.00
5.00
4.00
0.00
130.00
84.00
59.00
17.00
42.00
0.00
8.00
20.00
144.00
309.00
131.00
356.00
243.00
251.00
18.00
156.00
0.00
8.00
0.00
0.00
0.00
0.00
0.00
0.00
195.00
3.00
5.00
0.00
24.00
31.00
0.00
103.00
5.00
18.00
36.00
3.00
212.00
233.00
22.00
50.00
11.00
66.00
50.00
134.00
372.00
296.00
0.00
5.00
13.00
0.00
0.00
2.00
0.00
43.00
29.00
59.00
86.00
13.00
11.00
60.00
22.00
28.00
18.00
4.00
78.00
1.00
0.00
0.00
5.00
12.00
16.00
8.00
73.00
40.00
30.00
12.00
103.00
12.00
43.00
0.00
11.00
0.00
11.00
76.00
331.00
200.00
14.00
171.00
13.00
0.00
187.00
39.00
73.00
310.00
74.00
70.00
0.00
0.00
27.00
168.00
98.00
0.00
25.00
4.00
27.00
67.00
92.00
191.00
157.00
10.00
2.00
1.00
50.00
33.00
40.00
18.00
43.00
108.00
33.00
16.00
29.00
63.00
26.00
2.00
123.00
16.00
55.00
2.00
8.00
23.00
1.00
0.00
0.00
18.00
296.00
41.00
0.00
0.00
0.00
36.00
13.00
0.00
0.00
40.00
81.00
3.00
2.00
4.00
106.00
3.00
4.00
0.00
102.00
50.00
10.00
0.00
0.00
0.00
0.00
0.00
0.00
2.00
0.00
3.00
146.00
43.00
398.00
322.00
24.00
0.00
0.00
0.00
0.00
0.00
0.00
4.00
0.00
0.00
0.00
0.00
0.00
0.00
234.00
16.00
91.00
29.00
38.00
0.00
0.00
1.00
0.00
0.00
0.00
0.00
0.00
0.00
0.00
0.00
0.00
0.00
0.00
0.00
0.00
0.00
0.00
0.00
1.00
0.00
0.00
0.00
0.00
0.00
0.00
0.00
0.00
0.00
4.00
0.00
0.00
0.00
0.00
9.00
1.00
0.00
0.00
0.00
0.00
4.00
0.00
0.00
6.00
0.00
7.00
40.00
26.00
0.00
0.00
0.00
0.00
0.00
0.00
0.00
0.00
0.00
0.00
0.00
0.00
0.00
0.00
0.00
0.00
0.00
0.00
0.00
0.00
0.00
0.00
0.00
0.00
0.00
0.00
0.00
0.00
0.00
0.00
0.00
0.00
0.00
0.00
0.00
0.00
0.00
0.00
0.00
0.00
0.00
0.00
0.00
0.00
0.00
0.00
0.00
0.00
0.00
0.00
0.00
0.00
0.00
0.00
0.00
0.00
0.00
0.00
0.00
0.00
0.00
0.00
0.00
0.00
0.00
0.00
0.00
0.10
100.20
132.00
88.80
66.60
0.00
0.00
0.00
0.00
30.90
0.00
0.00
0.00
0.00
0.00
0.00
0.00
0.00
0.00
0.00
0.00
0.00
8.20
0.00
0.00
0.00
1.00
0.00
0.00
0.00
0.00
12.70
0.00
0.00
0.00
14.30
7.10
39.70
1.30
2.00
2.20
4.00
2.50
8.20
19.60
0.10
0.00
0.50
0.00
0.00
0.10
0.10
0.60
0.00
0.00
0.00
0.00
0.60
0.00
0.00
0.00
0.00
0.00
1.70
0.00
0.00
0.00
6.70
7.20
2.30
0.00
0.00
0.00
0.00
0.00
0.00
0.00
0.00
0.00
4.00
1.60
0.60
13.10
0.00
0.00
0.00
0.00
0.00
0.00
30.60
0.00
0.00
0.00
0.00
0.00
0.00
0.20
4.50
2.90
0.10
1.80
1.70
1.60
10.60
0.60
7.50
13.70
3.30
0.00
1.60
19.60
0.10
0.30
0.00
18.10
3.70
6.00
0.30
13.20
3.60
0.60
11.20
3.50
1.20
2.00
0.80
0.30
2.70
2.10
0.00
2.70
3.60
10.10
2.40
4.60
1.10
1.10
12.30
12.30
3.90
0.60
0.60
0.30
0.10
0.60
0.60
0.60
1.90
12.70
7.30
21.50
25.80
34.80
3.70
0.00
3.30
17.30
2.10
4.30
14.60
0.90
2.40
62.00
2.00
2.90
12.70
1.20
5.40
18.30
13.50
8.80
0.00
0.70
0.90
2.10
3.00
2.40
6.10
1.00
15.30
30.10
30.10
0.50
1.30
0.60
24.10
2.10
2.30
68.70
43.30
5.90
2.00
6.60
4.30
2.70
1.90
7.00
4.10
4.60
8.00
9.60
1.00
2.50
21.00
4.80
1.90
1.40
3.40
14.40
16.20
15.30
11.00
26.70
16.30
2.10
0.50
3.60
20.90
1.60
1.60
3.00
1.00
0.30
1.80
6.80
12.90
15.60
11.60
6.30
0.30
0.10
0.00
1.70
22.80
7.10
0.50
1.50
0.30
0.40
0.60
6.40
1.10
0.10
0.80
1.00
