20160101
0.00
0.00
0.00
0.00
0.00
0.00
0.00
0.00
0.00
0.00
0.00
0.00
0.00
0.00
0.00
0.00
0.00
0.00
1.00
25.00
1.00
0.00
0.00
0.00
0.00
0.00
0.00
0.00
0.00
0.00
0.00
0.00
0.00
0.00
0.00
0.00
0.00
0.00
0.00
0.00
0.00
0.00
49.00
0.00
0.00
0.00
0.00
0.00
0.00
0.00
0.00
0.00
0.00
131.00
158.00
7.00
18.00
0.00
0.00
0.00
0.00
0.00
0.00
0.00
0.00
19.00
0.00
0.00
0.00
1.00
0.00
1.00
0.00
0.00
0.00
0.00
0.00
5.00
5.00
1.00
1.00
0.00
0.00
0.00
0.00
0.00
0.00
403.00
1.00
28.00
327.00
65.00
5.00
52.00
344.00
2.00
0.00
0.00
0.00
0.00
0.00
0.00
0.00
0.00
0.00
0.00
18.00
2.00
0.00
0.00
0.00
0.00
0.00
0.00
0.00
5.00
3.00
0.00
0.00
0.00
0.00
41.00
223.00
11.00
27.00
0.00
5.00
44.00
0.00
0.00
0.00
0.00
20.00
416.00
3.00
0.00
0.00
45.00
398.00
264.00
1142.00
712.00
3.00
0.00
326.00
70.00
0.00
12.00
240.00
265.00
3.00
69.00
0.00
0.00
0.00
13.00
0.00
243.00
369.00
233.00
193.00
201.00
695.00
232.00
222.00
0.00
0.00
16.00
41.00
6.00
2.00
4.00
1.00
3.00
48.00
33.00
148.00
15.00
8.00
287.00
136.00
0.00
17.00
53.00
281.00
522.00
50.00
57.00
295.00
66.00
17.00
25.00
0.00
90.00
99.00
34.00
190.00
84.00
92.00
274.00
34.00
6.00
2.00
4.00
25.00
101.00
279.00
0.00
7.00
74.00
226.00
309.00
357.00
67.00
16.00
122.00
32.00
14.00
11.00
1.00
47.00
54.00
513.00
114.00
0.00
172.00
259.00
79.00
234.00
19.00
1.00
0.00
422.00
970.00
0.00
2.00
1.00
468.00
72.00
112.00
274.00
0.00
79.00
386.00
252.00
100.00
36.00
24.00
1.00
1.00
2.00
0.00
7.00
35.00
219.00
256.00
266.00
52.00
24.00
220.00
74.00
12.00
4.00
95.00
212.00
48.00
30.00
0.00
7.00
25.00
573.00
100.00
0.00
209.00
438.00
160.00
76.00
202.00
24.00
69.00
316.00
46.00
88.00
203.00
1398.00
215.00
0.00
4.00
0.00
0.00
0.00
0.00
0.00
0.00
0.00
0.00
0.00
0.00
0.00
0.00
30.00
59.00
9.00
0.00
0.00
0.00
3.00
10.00
218.00
769.00
231.00
0.00
0.00
0.00
0.00
0.00
0.00
0.00
0.00
0.00
0.00
0.00
0.00
0.00
0.00
0.00
0.00
0.00
0.00
0.00
0.00
0.00
0.00
0.00
0.00
24.00
0.00
0.00
0.00
0.00
0.00
0.00
0.00
0.00
0.00
0.00
0.00
0.00
0.00
0.00
0.00
0.00
0.00
0.00
0.00
0.00
0.00
0.00
0.00
0.00
0.00
0.00
0.00
0.00
0.00
0.00
0.00
0.00
0.00
0.00
0.00
0.00
0.00
0.00
0.00
0.00
0.00
0.00
0.00
0.00
0.00
0.00
0.00
0.00
0.00
0.00
0.00
0.00
0.00
0.00
0.00
0.00
4.00
0.00
0.00
0.00
0.00
0.00
0.00
0.00
0.00
0.00
0.00
0.00
0.00
0.00
0.00
0.00
0.00
0.00
0.00
0.00
0.00
0.00
0.00
0.00
0.00
0.00
0.00
0.00
0.00
0.00
0.00
0.00
0.00
0.00
0.00
0.00
0.00
11.00
136.00
17.00
153.00
4.00
65.00
52.00
0.00
0.00
0.00
0.00
0.00
0.00
299.00
10.00
29.00
0.00
0.00
0.00
0.00
25.00
0.00
0.00
0.00
42.00
64.00
0.00
0.00
0.00
581.00
124.00
575.00
0.00
0.00
0.00
0.00
0.00
0.00
0.00
0.00
0.00
7.00
8.00
0.00
0.00
777.00
103.00
142.00
398.00
25.00
292.00
197.00
0.00
0.00
0.00
0.00
0.00
0.00
0.00
0.00
0.00
3.00
0.00
0.00
0.00
203.00
0.00
2.00
0.00
118.00
35.00
253.00
36.00
117.00
0.00
0.00
0.00
0.00
0.00
0.00
0.00
0.00
1.00
3.00
367.00
488.00
633.00
38.00
1447.00
28.00
25.00
286.00
12.00
0.00
337.00
1039.00
11.00
247.00
468.00
320.00
1211.00
0.00
195.00
165.00
69.00
218.00
511.00
51.00
175.00
54.00
7.00
27.00
7.00
19.00
6.00
39.00
12.00
70.00
200.00
351.00
472.00
143.00
166.00
5.00
0.00
2.00
30.00
147.00
22.00
106.00
89.00
60.00
46.00
84.00
103.00
264.00
641.00
1701.00
394.00
5.00
179.00
869.00
130.00
151.00
69.00
123.00
204.00
56.00
1.00
4.00
4.00
102.00
172.00
93.00
115.00
30.00
3.00
68.00
170.00
405.00
304.00
169.00
2.00
144.00
36.00
39.00
69.00
129.00
208.00
468.00
283.00
116.00
280.00
88.00
191.00
183.00
121.00
8.00
381.00
138.00
287.00
27.00
79.00
43.00
130.00
4.00
27.00
21.00
1.00
420.00
217.00
120.00
0.00
27.00
49.00
258.00
557.00
349.00
43.00
80.00
17.00
0.00
149.00
383.00
242.00
329.00
255.00
100.00
480.00
56.00
8.00
0.00
49.00
217.00
9.00
20.00
0.00
0.00
54.00
0.00
0.00
0.00
0.00
0.00
0.00
0.00
105.00
75.00
180.00
736.00
1572.00
0.00
0.00
0.00
0.00
0.00
0.00
2.00
398.00
111.00
0.00
0.00
0.00
0.00
0.00
0.00
0.00
0.00
0.00
0.00
0.00
0.00
12.00
0.00
0.00
266.00
10.00
15.00
0.00
0.00
0.00
0.00
0.00
0.00
0.00
0.00
0.00
0.00
0.00
0.00
0.00
0.00
0.00
0.00
0.00
0.00
4.00
45.00
1280.00
1009.00
1124.00
0.00
0.00
0.00
0.00
0.00
0.00
0.00
0.00
0.00
0.00
0.00
0.00
0.00
0.00
0.00
0.00
0.00
0.00
0.00
0.00
230.00
252.00
0.00
0.00
0.00
0.00
0.00
0.00
0.00
0.00
0.00
0.00
0.00
0.00
0.00
0.00
0.00
0.00
0.00
0.00
0.00
0.00
0.00
0.00
0.00
0.00
0.00
0.00
0.00
0.00
0.00
0.00
0.00
0.00
0.00
9.00
0.00
16.00
143.00
52.00
507.00
33.00
145.00
0.00
0.00
0.00
0.00
0.00
0.00
0.00
0.00
0.00
0.00
0.00
0.00
0.00
0.00
285.00
0.00
0.00
0.00
0.00
0.00
0.00
42.00
0.00
0.00
0.00
0.00
0.00
0.00
0.00
0.00
0.00
0.00
37.00
4.00
0.00
0.00
0.00
0.00
0.00
0.00
0.00
0.00
0.00
0.00
0.00
0.00
194.00
128.00
5.00
29.00
2.00
0.00
0.00
153.00
36.00
259.00
122.00
28.00
63.00
4.00
0.00
103.00
0.00
0.00
295.00
58.00
38.00
67.00
22.00
67.00
0.00
0.00
2.00
2.00
0.00
0.00
509.00
315.00
0.00
53.00
18.00
86.00
665.00
71.00
382.00
25.00
163.00
141.00
511.00
0.00
109.00
19.00
0.00
118.00
0.00
256.00
278.00
93.00
16.00
3.00
61.00
172.00
0.00
0.00
0.00
6.00
40.00
318.00
163.00
15.00
36.00
3.00
217.00
7.00
0.00
20.00
107.00
493.00
501.00
438.00
1565.00
58.00
100.00
61.00
114.00
6.00
2.00
202.00
21.00
0.00
13.00
95.00
208.00
8.00
21.00
19.00
5.00
0.00
0.00
7.00
388.00
549.00
60.00
3.00
13.00
8.00
5.00
2.00
17.00
80.00
17.00
129.00
140.00
22.00
9.00
6.00
4.00
2.00
75.00
115.00
65.00
583.00
198.00
22.00
45.00
126.00
64.00
20.00
22.00
46.00
86.00
52.00
30.00
275.00
343.00
241.00
25.00
52.00
14.00
79.00
34.00
125.00
135.00
487.00
17.00
24.00
239.00
87.00
75.00
8.00
70.00
1.00
16.00
28.00
97.00
42.00
0.00
1.00
0.00
13.00
2.00
10.00
22.00
13.00
185.00
21.00
8.00
0.00
0.00
92.00
1.00
38.00
350.00
11.00
7.00
112.00
0.00
0.00
212.00
264.00
44.00
1.00
0.00
15.00
40.00
41.00
11.00
0.00
0.00
1.00
0.00
0.00
0.00
0.00
0.00
0.00
0.00
0.00
22.00
210.00
255.00
481.00
495.00
205.00
1.00
0.00
0.00
0.00
0.00
0.00
0.00
0.00
0.00
0.00
0.00
0.00
0.00
5.00
31.00
221.00
79.00
11.00
0.00
0.00
0.00
0.00
0.00
0.00
0.00
0.00
0.00
0.00
0.00
0.00
0.00
0.00
0.00
0.00
0.00
0.00
0.00
0.00
0.00
0.00
0.00
0.00
0.00
0.00
0.00
0.00
0.00
0.00
0.00
0.00
0.00
0.00
0.00
0.00
0.00
0.00
0.00
0.00
0.00
0.00
0.00
0.00
0.00
49.00
38.00
0.00
0.00
0.00
0.00
0.00
0.00
0.00
0.00
0.00
0.00
0.00
0.00
0.00
0.00
0.00
0.00
0.00
0.00
0.00
0.00
0.00
0.00
0.00
0.00
0.00
0.00
0.00
0.00
0.00
0.00
0.00
0.00
0.00
0.00
0.00
0.00
0.00
0.00
0.00
0.00
0.00
0.00
0.00
0.00
0.00
0.00
0.00
0.00
0.00
0.00
0.00
0.00
0.00
0.00
0.00
0.00
0.00
0.00
0.00
0.00
4.00
2.00
0.00
0.00
0.00
0.00
0.00
0.00
0.20
84.00
71.10
37.40
25.90
0.00
0.00
0.00
2.60
20.10
0.00
0.00
0.00
0.00
0.00
0.00
0.00
0.00
0.00
0.50
2.70
3.80
0.50
0.80
0.30
0.00
0.10
0.00
0.00
0.00
0.00
0.40
0.00
0.00
0.00
20.00
20.30
58.30
36.70
0.00
2.10
13.50
0.00
18.60
27.90
1.20
6.70
0.20
10.00
0.00
0.00
0.00
0.00
0.00
0.00
0.00
0.00
0.20
0.00
0.00
0.00
0.00
0.00
0.00
0.00
0.00
0.00
0.30
61.40
124.30
0.00
0.00
0.00
0.00
0.00
0.00
0.00
0.00
21.20
2.50
0.60
2.90
14.30
0.00
0.20
0.20
0.00
16.20
16.20
146.70
6.60
1.00
0.00
0.00
0.00
0.00
0.00
30.20
2.00
1.70
3.30
0.30
0.30
1.30
2.10
22.10
0.40
0.00
10.00
115.00
27.10
53.20
0.00
0.10
9.70
17.70
26.30
3.50
0.00
0.00
0.30
2.00
3.10
20.50
1.00
2.10
2.40
0.50
1.40
0.60
0.90
0.00
14.40
48.00
59.30
101.10
101.10
110.10
110.10
31.50
0.00
0.00
0.30
62.30
0.00
0.00
0.00
1.50
0.20
9.50
3.20
37.20
2.90
14.10
0.30
1.40
14.70
7.50
5.30
6.20
6.50
48.00
31.80
6.60
0.60
26.50
6.50
0.10
28.00
22.40
18.50
57.00
22.60
5.20
0.50
0.00
0.30
11.50
2.50
24.70
27.20
25.00
10.30
0.60
2.00
2.20
0.00
21.10
31.10
31.40
13.70
2.20
16.30
4.70
2.00
6.40
22.80
26.30
7.30
4.90
51.40
9.90
0.50
2.40
0.10
3.00
4.00
0.80
0.40
5.00
26.80
11.50
9.50
12.20
0.40
16.30
0.10
20.30
13.00
13.00
35.30
0.00
0.10
2.30
9.40
1.30
10.60
14.20
19.00
0.30
0.00
0.00
0.00
0.00
4.40
0.00
0.00
0.00
0.00
0.30
4.30
3.30
0.10
0.00
1.40
