20160101
0.00
0.00
0.00
0.00
0.00
0.00
0.00
0.00
0.00
0.00
0.00
0.00
0.00
0.00
0.00
0.00
0.00
0.00
0.00
8.00
0.00
0.00
0.00
0.00
0.00
0.00
0.00
0.00
0.00
0.00
0.00
0.00
0.00
0.00
0.00
0.00
0.00
0.00
50.00
0.00
0.00
0.00
0.00
0.00
0.00
0.00
0.00
0.00
0.00
0.00
2.00
1.00
0.00
0.00
48.00
0.00
37.00
0.00
0.00
0.00
0.00
0.00
0.00
0.00
0.00
0.00
0.00
0.00
0.00
1.00
0.00
1.00
0.00
0.00
45.00
0.00
0.00
0.00
1.00
3.00
0.00
0.00
0.00
0.00
0.00
0.00
0.00
3.00
0.00
115.00
969.00
0.00
193.00
65.00
4.00
125.00
0.00
0.00
0.00
0.00
0.00
0.00
0.00
0.00
0.00
0.00
0.00
0.00
0.00
0.00
0.00
0.00
0.00
0.00
0.00
0.00
0.00
7.00
0.00
0.00
0.00
36.00
171.00
0.00
6.00
0.00
25.00
153.00
8.00
3.00
0.00
0.00
1.00
565.00
9.00
0.00
1.00
23.00
60.00
162.00
265.00
590.00
0.00
0.00
142.00
92.00
197.00
0.00
73.00
0.00
51.00
2.00
0.00
0.00
0.00
0.00
8.00
1.00
52.00
11.00
12.00
0.00
1639.00
419.00
74.00
4.00
0.00
1.00
8.00
24.00
2.00
1.00
3.00
49.00
2.00
1.00
6.00
1.00
0.00
30.00
15.00
10.00
133.00
143.00
115.00
74.00
179.00
435.00
117.00
52.00
39.00
4.00
6.00
43.00
61.00
3.00
341.00
280.00
701.00
55.00
46.00
38.00
19.00
26.00
104.00
70.00
99.00
8.00
1.00
3.00
118.00
323.00
524.00
98.00
22.00
33.00
6.00
26.00
18.00
9.00
18.00
154.00
144.00
132.00
10.00
46.00
70.00
87.00
198.00
286.00
61.00
4.00
360.00
1877.00
16.00
11.00
13.00
164.00
40.00
37.00
324.00
36.00
15.00
53.00
226.00
198.00
109.00
32.00
23.00
6.00
21.00
25.00
17.00
29.00
198.00
88.00
186.00
9.00
11.00
24.00
148.00
1.00
15.00
151.00
92.00
31.00
2.00
224.00
66.00
54.00
39.00
264.00
2.00
26.00
11.00
13.00
3.00
159.00
21.00
85.00
108.00
63.00
38.00
10.00
42.00
2.00
0.00
0.00
0.00
0.00
0.00
0.00
0.00
0.00
0.00
0.00
0.00
6.00
0.00
29.00
297.00
51.00
8.00
0.00
0.00
0.00
0.00
93.00
526.00
332.00
0.00
0.00
0.00
0.00
0.00
0.00
0.00
0.00
0.00
0.00
0.00
0.00
0.00
0.00
0.00
0.00
0.00
0.00
0.00
0.00
0.00
0.00
0.00
0.00
0.00
0.00
0.00
0.00
0.00
0.00
0.00
0.00
0.00
0.00
0.00
0.00
0.00
0.00
0.00
0.00
0.00
0.00
0.00
0.00
0.00
0.00
0.00
0.00
0.00
0.00
0.00
0.00
0.00
0.00
0.00
0.00
13.00
0.00
0.00
0.00
0.00
0.00
0.00
0.00
0.00
0.00
0.00
0.00
0.00
0.00
0.00
0.00
0.00
0.00
0.00
0.00
0.00
0.00
0.00
0.00
0.00
0.00
15.00
0.00
0.00
0.00
0.00
0.00
0.00
0.00
0.00
0.00
0.00
0.00
0.00
0.00
0.00
0.00
0.00
0.00
0.00
0.00
0.00
0.00
0.00
0.00
0.00
0.00
0.00
0.00
0.00
0.00
0.00
0.00
0.00
0.00
0.00
0.00
0.00
1.00
10.00
0.00
71.00
1.00
217.00
124.00
0.00
0.00
0.00
0.00
0.00
0.00
105.00
10.00
104.00
5.00
0.00
0.00
0.00
0.00
8.00
0.00
18.00
281.00
2.00
0.00
0.00
0.00
16.00
2.00
193.00
0.00
0.00
0.00
0.00
0.00
0.00
0.00
0.00
0.00
0.00
0.00
0.00
19.00
453.00
0.00
323.00
351.00
198.00
115.00
3.00
0.00
23.00
0.00
10.00
12.00
167.00
0.00
0.00
0.00
1.00
2.00
0.00
0.00
157.00
0.00
8.00
0.00
10.00
15.00
636.00
1.00
367.00
1.00
0.00
0.00
0.00
0.00
0.00
0.00
0.00
285.00
0.00
14.00
265.00
233.00
631.00
759.00
115.00
0.00
0.00
777.00
0.00
0.00
82.00
5.00
75.00
794.00
424.00
8.00
42.00
102.00
362.00
130.00
81.00
808.00
0.00
24.00
5.00
0.00
1.00
1.00
0.00
9.00
7.00
2.00
59.00
96.00
48.00
243.00
131.00
496.00
21.00
2.00
1.00
15.00
367.00
617.00
127.00
11.00
11.00
5.00
211.00
165.00
217.00
350.00
904.00
7.00
41.00
46.00
442.00
241.00
162.00
30.00
8.00
24.00
31.00
0.00
23.00
204.00
87.00
110.00
67.00
51.00
55.00
3.00
21.00
169.00
299.00
508.00
95.00
518.00
62.00
60.00
50.00
66.00
24.00
20.00
391.00
230.00
149.00
17.00
11.00
105.00
93.00
5.00
199.00
49.00
123.00
2.00
30.00
110.00
123.00
24.00
0.00
21.00
17.00
53.00
161.00
299.00
7.00
10.00
1.00
0.00
16.00
144.00
280.00
190.00
74.00
3.00
1.00
2.00
7.00
9.00
98.00
56.00
480.00
219.00
36.00
333.00
25.00
0.00
27.00
9.00
31.00
0.00
146.00
340.00
0.00
3.00
1.00
0.00
0.00
0.00
0.00
0.00
1.00
147.00
1441.00
369.00
0.00
0.00
5.00
0.00
0.00
0.00
0.00
5.00
16.00
0.00
0.00
0.00
0.00
0.00
0.00
0.00
0.00
0.00
0.00
0.00
0.00
80.00
0.00
14.00
434.00
71.00
49.00
0.00
0.00
0.00
0.00
0.00
0.00
0.00
0.00
0.00
0.00
0.00
0.00
0.00
0.00
0.00
0.00
0.00
0.00
1.00
12.00
80.00
131.00
0.00
0.00
0.00
0.00
0.00
0.00
0.00
0.00
0.00
1.00
0.00
0.00
0.00
0.00
0.00
0.00
0.00
0.00
0.00
0.00
0.00
18.00
208.00
0.00
0.00
0.00
0.00
0.00
0.00
0.00
0.00
0.00
0.00
0.00
0.00
0.00
0.00
0.00
0.00
0.00
0.00
0.00
0.00
0.00
0.00
0.00
0.00
0.00
0.00
0.00
0.00
0.00
0.00
0.00
0.00
0.00
4.00
0.00
0.00
685.00
404.00
451.00
269.00
103.00
4.00
233.00
176.00
0.00
0.00
0.00
0.00
0.00
0.00
0.00
0.00
0.00
0.00
194.00
387.00
0.00
0.00
0.00
0.00
0.00
0.00
98.00
0.00
0.00
0.00
0.00
0.00
0.00
0.00
0.00
0.00
168.00
71.00
5.00
0.00
0.00
0.00
0.00
0.00
0.00
18.00
57.00
5.00
25.00
6.00
0.00
91.00
239.00
0.00
73.00
0.00
74.00
157.00
165.00
386.00
0.00
0.00
0.00
99.00
156.00
0.00
244.00
0.00
104.00
155.00
9.00
99.00
0.00
3.00
268.00
34.00
0.00
129.00
1.00
0.00
0.00
207.00
139.00
5.00
436.00
0.00
160.00
1259.00
30.00
0.00
10.00
0.00
30.00
339.00
0.00
31.00
2.00
0.00
62.00
0.00
94.00
0.00
37.00
748.00
8.00
305.00
1.00
162.00
0.00
0.00
4.00
0.00
92.00
283.00
99.00
115.00
10.00
273.00
1.00
0.00
0.00
1.00
335.00
406.00
13.00
251.00
0.00
4.00
104.00
41.00
11.00
0.00
419.00
13.00
6.00
4.00
29.00
34.00
98.00
14.00
12.00
5.00
5.00
0.00
35.00
31.00
241.00
126.00
1.00
14.00
1.00
0.00
13.00
4.00
1.00
26.00
142.00
125.00
24.00
1.00
56.00
4.00
50.00
19.00
68.00
42.00
569.00
230.00
458.00
162.00
21.00
132.00
17.00
20.00
41.00
24.00
20.00
14.00
6.00
57.00
98.00
3.00
1.00
5.00
8.00
9.00
26.00
38.00
101.00
13.00
62.00
178.00
78.00
291.00
78.00
28.00
1.00
65.00
31.00
26.00
15.00
14.00
39.00
7.00
4.00
2.00
4.00
123.00
4.00
82.00
0.00
0.00
23.00
0.00
2.00
51.00
96.00
67.00
26.00
9.00
0.00
4.00
0.00
9.00
41.00
136.00
60.00
15.00
0.00
1.00
50.00
2.00
106.00
0.00
0.00
0.00
0.00
0.00
0.00
0.00
0.00
0.00
0.00
0.00
14.00
195.00
90.00
293.00
14.00
0.00
0.00
0.00
0.00
0.00
0.00
0.00
0.00
0.00
0.00
0.00
0.00
0.00
0.00
20.00
19.00
17.00
0.00
0.00
0.00
0.00
0.00
40.00
5.00
0.00
0.00
0.00
0.00
0.00
24.00
0.00
0.00
0.00
0.00
0.00
0.00
0.00
18.00
0.00
0.00
0.00
0.00
0.00
0.00
0.00
0.00
0.00
0.00
0.00
0.00
0.00
0.00
0.00
0.00
0.00
0.00
0.00
0.00
0.00
0.00
0.00
0.00
0.00
26.00
95.00
26.00
0.00
0.00
0.00
0.00
0.00
0.00
0.00
0.00
0.00
0.00
0.00
0.00
0.00
0.00
0.00
0.00
0.00
0.00
0.00
0.00
0.00
0.00
0.00
0.00
0.00
0.00
0.00
0.00
0.00
0.00
0.00
0.00
0.00
0.00
0.00
0.00
0.00
0.00
0.00
0.00
1.00
0.00
0.00
0.00
0.00
0.00
0.00
0.00
0.00
0.00
0.00
0.00
0.00
0.00
0.00
0.00
0.00
0.00
0.00
2.00
5.00
0.00
0.00
0.00
0.00
0.00
0.00
1.80
40.10
31.30
42.10
12.80
0.00
0.00
0.00
0.40
2.40
0.00
0.00
0.00
0.00
0.00
0.00
0.00
0.00
1.00
5.50
0.00
47.90
2.30
0.00
0.00
0.00
0.80
0.00
0.00
0.00
1.00
0.10
0.00
0.00
0.10
45.80
0.00
17.90
15.40
0.00
0.20
48.30
0.50
1.00
28.10
5.90
2.80
0.60
15.00
0.00
0.00
16.10
0.20
0.00
0.00
0.00
4.70
0.00
0.00
0.00
0.00
0.00
1.00
0.00
0.00
0.00
0.00
0.00
98.50
2.80
0.00
0.00
0.00
0.00
0.00
0.00
0.00
0.00
6.90
0.50
0.10
0.00
0.00
0.00
2.10
2.10
0.00
32.60
32.60
38.80
2.90
0.00
0.00
0.00
0.00
0.40
0.60
0.10
21.40
0.60
13.60
52.90
3.50
4.40
1.40
4.50
0.00
0.00
0.00
5.40
2.20
166.70
0.00
4.80
0.90
1.00
0.00
1.40
2.40
0.00
0.00
0.70
1.60
2.20
4.10
0.00
3.50
4.40
13.80
0.80
0.10
5.20
17.00
7.40
2.80
7.40
7.40
31.30
31.30
26.10
0.00
0.00
5.90
0.10
0.00
0.00
0.00
0.40
2.30
1.90
11.50
21.10
12.50
2.80
0.30
3.10
9.90
5.70
2.20
5.10
0.20
8.50
26.30
9.70
6.10
24.90
4.20
0.80
15.80
18.30
35.30
62.60
25.00
19.00
2.90
0.00
2.00
1.70
0.00
36.80
39.50
12.70
0.80
0.10
0.00
3.00
0.00
0.50
4.40
25.30
31.00
2.00
6.80
0.30
0.00
2.30
3.20
12.90
1.40
0.80
13.70
8.60
0.60
0.10
0.10
0.10
0.00
0.00
1.70
5.30
15.50
0.30
16.30
41.10
7.90
2.80
10.40
19.60
4.70
4.70
11.90
0.80
4.90
2.70
20.50
2.60
0.10
24.80
18.10
0.00
1.40
0.00
0.00
0.30
18.70
0.00
0.00
0.00
0.00
0.10
3.20
1.30
0.10
0.00
2.30
