20160101
0.00
0.00
0.00
0.00
0.00
0.00
0.00
0.00
0.00
0.00
0.00
0.00
1.00
0.00
0.00
0.00
0.00
0.00
0.00
2.00
0.00
0.00
0.00
0.00
0.00
0.00
0.00
0.00
0.00
0.00
0.00
0.00
0.00
0.00
0.00
0.00
0.00
0.00
72.00
0.00
0.00
0.00
0.00
0.00
0.00
0.00
0.00
0.00
0.00
0.00
7.00
0.00
0.00
0.00
20.00
0.00
66.00
0.00
0.00
17.00
0.00
3.00
0.00
0.00
1.00
0.00
0.00
0.00
0.00
1.00
0.00
1.00
0.00
2.00
18.00
3.00
0.00
0.00
0.00
0.00
0.00
0.00
0.00
0.00
0.00
0.00
0.00
0.00
0.00
198.00
568.00
0.00
26.00
66.00
0.00
229.00
0.00
0.00
0.00
0.00
0.00
0.00
0.00
0.00
0.00
0.00
0.00
0.00
0.00
0.00
0.00
0.00
0.00
0.00
0.00
0.00
0.00
20.00
0.00
0.00
0.00
73.00
34.00
0.00
4.00
0.00
11.00
228.00
5.00
3.00
2.00
0.00
0.00
164.00
7.00
1.00
0.00
61.00
32.00
98.00
287.00
176.00
0.00
0.00
131.00
37.00
38.00
0.00
41.00
0.00
50.00
17.00
2.00
0.00
0.00
0.00
0.00
10.00
56.00
10.00
0.00
0.00
1047.00
223.00
90.00
29.00
0.00
4.00
104.00
28.00
6.00
19.00
19.00
103.00
2.00
0.00
8.00
8.00
0.00
8.00
16.00
0.00
32.00
71.00
151.00
104.00
434.00
372.00
70.00
68.00
63.00
0.00
7.00
8.00
37.00
3.00
167.00
266.00
353.00
32.00
19.00
11.00
12.00
154.00
113.00
85.00
194.00
23.00
1.00
21.00
94.00
200.00
185.00
128.00
28.00
14.00
17.00
22.00
30.00
10.00
8.00
147.00
218.00
119.00
28.00
8.00
33.00
68.00
250.00
325.00
52.00
3.00
161.00
1432.00
15.00
12.00
5.00
190.00
20.00
19.00
166.00
33.00
21.00
45.00
216.00
161.00
124.00
20.00
29.00
34.00
30.00
24.00
5.00
24.00
50.00
195.00
208.00
3.00
2.00
11.00
238.00
1.00
115.00
473.00
209.00
29.00
3.00
114.00
87.00
42.00
21.00
174.00
0.00
6.00
8.00
12.00
0.00
25.00
8.00
56.00
16.00
144.00
19.00
63.00
1.00
3.00
0.00
0.00
0.00
0.00
0.00
0.00
0.00
0.00
0.00
0.00
0.00
9.00
0.00
26.00
389.00
47.00
18.00
0.00
0.00
0.00
17.00
199.00
880.00
530.00
0.00
0.00
0.00
0.00
0.00
0.00
0.00
0.00
0.00
0.00
0.00
0.00
0.00
0.00
0.00
0.00
0.00
0.00
0.00
0.00
0.00
0.00
0.00
0.00
0.00
0.00
0.00
0.00
0.00
0.00
0.00
0.00
0.00
0.00
0.00
3.00
0.00
0.00
0.00
0.00
0.00
0.00
0.00
0.00
0.00
0.00
0.00
0.00
0.00
0.00
0.00
0.00
0.00
0.00
0.00
0.00
0.00
0.00
0.00
0.00
0.00
0.00
0.00
0.00
0.00
0.00
0.00
0.00
0.00
0.00
0.00
0.00
0.00
0.00
0.00
0.00
0.00
0.00
0.00
0.00
0.00
0.00
38.00
0.00
0.00
0.00
0.00
0.00
0.00
0.00
0.00
0.00
0.00
0.00
0.00
0.00
0.00
0.00
0.00
0.00
0.00
0.00
0.00
0.00
0.00
0.00
0.00
0.00
0.00
0.00
0.00
0.00
0.00
0.00
0.00
0.00
0.00
0.00
0.00
0.00
0.00
0.00
27.00
1.00
447.00
113.00
0.00
0.00
0.00
0.00
0.00
0.00
19.00
3.00
100.00
0.00
0.00
0.00
0.00
5.00
8.00
0.00
19.00
81.00
0.00
0.00
0.00
0.00
17.00
0.00
55.00
0.00
11.00
0.00
0.00
0.00
0.00
0.00
0.00
0.00
0.00
2.00
0.00
39.00
411.00
0.00
546.00
395.00
354.00
90.00
0.00
0.00
78.00
0.00
22.00
31.00
158.00
0.00
0.00
0.00
2.00
3.00
0.00
0.00
229.00
0.00
1.00
0.00
57.00
11.00
667.00
0.00
695.00
17.00
0.00
0.00
0.00
0.00
0.00
0.00
0.00
441.00
0.00
31.00
142.00
217.00
348.00
548.00
32.00
1.00
0.00
771.00
0.00
0.00
228.00
31.00
0.00
995.00
387.00
7.00
12.00
250.00
112.00
127.00
148.00
319.00
0.00
5.00
65.00
0.00
3.00
1.00
2.00
8.00
46.00
0.00
20.00
9.00
50.00
314.00
121.00
246.00
56.00
8.00
17.00
56.00
391.00
236.00
135.00
0.00
8.00
3.00
86.00
172.00
50.00
254.00
542.00
37.00
26.00
44.00
471.00
243.00
452.00
61.00
1.00
77.00
19.00
0.00
88.00
94.00
144.00
85.00
38.00
47.00
48.00
0.00
3.00
172.00
340.00
336.00
38.00
315.00
47.00
39.00
53.00
35.00
29.00
13.00
283.00
514.00
62.00
11.00
7.00
142.00
84.00
25.00
44.00
120.00
43.00
22.00
37.00
110.00
68.00
23.00
1.00
52.00
26.00
15.00
158.00
576.00
2.00
12.00
5.00
0.00
20.00
78.00
141.00
156.00
58.00
8.00
0.00
0.00
1.00
9.00
126.00
65.00
442.00
206.00
31.00
40.00
15.00
0.00
22.00
1.00
91.00
0.00
90.00
476.00
0.00
0.00
2.00
0.00
0.00
0.00
0.00
1.00
0.00
146.00
1210.00
260.00
0.00
0.00
11.00
0.00
0.00
0.00
0.00
1.00
4.00
0.00
0.00
0.00
0.00
0.00
0.00
0.00
0.00
0.00
0.00
0.00
1.00
87.00
0.00
28.00
545.00
39.00
11.00
0.00
0.00
0.00
0.00
0.00
0.00
0.00
0.00
0.00
0.00
0.00
0.00
0.00
0.00
0.00
0.00
0.00
0.00
0.00
15.00
16.00
65.00
3.00
0.00
0.00
0.00
0.00
0.00
0.00
0.00
0.00
0.00
0.00
0.00
0.00
0.00
0.00
0.00
0.00
0.00
0.00
0.00
0.00
0.00
47.00
0.00
0.00
0.00
0.00
0.00
0.00
0.00
0.00
0.00
0.00
0.00
0.00
0.00
0.00
0.00
0.00
0.00
0.00
0.00
0.00
0.00
0.00
0.00
0.00
0.00
0.00
0.00
0.00
0.00
0.00
0.00
0.00
0.00
0.00
0.00
0.00
574.00
353.00
225.00
305.00
191.00
0.00
154.00
149.00
0.00
0.00
0.00
0.00
0.00
0.00
0.00
0.00
0.00
0.00
286.00
227.00
0.00
0.00
0.00
0.00
0.00
0.00
94.00
0.00
0.00
0.00
0.00
0.00
0.00
0.00
0.00
0.00
81.00
93.00
0.00
0.00
0.00
0.00
0.00
0.00
0.00
9.00
150.00
0.00
0.00
14.00
0.00
285.00
353.00
4.00
31.00
0.00
74.00
83.00
193.00
485.00
4.00
9.00
0.00
22.00
221.00
0.00
107.00
0.00
74.00
46.00
19.00
91.00
0.00
1.00
85.00
25.00
0.00
69.00
21.00
0.00
0.00
187.00
204.00
0.00
516.00
2.00
141.00
1125.00
1.00
0.00
0.00
0.00
25.00
198.00
0.00
37.00
6.00
0.00
18.00
0.00
82.00
0.00
56.00
232.00
3.00
190.00
0.00
86.00
0.00
0.00
0.00
0.00
131.00
168.00
223.00
5.00
4.00
5.00
0.00
0.00
0.00
0.00
273.00
321.00
85.00
223.00
0.00
3.00
15.00
71.00
5.00
0.00
187.00
49.00
0.00
0.00
7.00
19.00
37.00
25.00
25.00
5.00
1.00
0.00
32.00
18.00
231.00
143.00
0.00
10.00
0.00
0.00
17.00
6.00
5.00
22.00
99.00
119.00
17.00
1.00
32.00
0.00
149.00
17.00
38.00
42.00
399.00
265.00
400.00
92.00
76.00
64.00
26.00
49.00
24.00
7.00
9.00
25.00
37.00
29.00
229.00
6.00
0.00
4.00
5.00
12.00
48.00
16.00
101.00
10.00
26.00
204.00
52.00
203.00
89.00
14.00
3.00
126.00
28.00
14.00
11.00
8.00
50.00
2.00
1.00
2.00
2.00
110.00
0.00
84.00
0.00
0.00
11.00
1.00
3.00
11.00
150.00
441.00
25.00
134.00
4.00
0.00
0.00
3.00
117.00
78.00
41.00
8.00
1.00
1.00
48.00
0.00
28.00
0.00
0.00
0.00
0.00
0.00
0.00
0.00
0.00
0.00
0.00
0.00
34.00
136.00
104.00
158.00
29.00
0.00
0.00
0.00
0.00
0.00
0.00
0.00
0.00
0.00
0.00
1.00
0.00
0.00
1.00
16.00
22.00
11.00
0.00
0.00
0.00
0.00
0.00
148.00
0.00
0.00
0.00
0.00
0.00
0.00
6.00
0.00
0.00
0.00
0.00
0.00
0.00
0.00
0.00
0.00
0.00
0.00
0.00
0.00
0.00
0.00
0.00
0.00
0.00
0.00
0.00
0.00
0.00
0.00
0.00
0.00
0.00
0.00
0.00
0.00
0.00
0.00
0.00
0.00
42.00
140.00
15.00
0.00
0.00
0.00
0.00
0.00
0.00
0.00
0.00
0.00
0.00
0.00
0.00
0.00
0.00
0.00
0.00
0.00
0.00
0.00
0.00
0.00
0.00
0.00
0.00
0.00
0.00
0.00
0.00
0.00
0.00
0.00
0.00
0.00
0.00
0.00
0.00
0.00
0.00
1.00
1.00
0.00
0.00
0.00
0.00
0.00
0.00
0.00
0.00
0.00
0.00
0.00
3.00
0.00
0.00
0.00
0.00
0.00
0.00
0.00
0.00
9.00
0.00
0.00
0.00
0.00
0.00
0.00
2.60
40.70
32.80
41.80
5.60
0.00
0.00
0.00
1.00
0.90
0.00
0.00
0.00
0.00
0.00
0.00
0.00
0.00
12.00
5.50
0.00
45.30
3.90
0.10
0.00
0.00
1.40
0.00
0.00
0.00
3.50
0.20
0.00
0.00
1.30
34.50
0.00
11.00
1.80
0.00
0.00
67.10
1.50
2.00
27.30
3.70
1.90
0.80
12.10
0.00
0.00
6.50
0.20
0.00
0.00
0.00
12.20
0.00
0.00
0.00
0.10
0.00
9.40
0.00
0.00
0.60
0.60
0.00
78.60
0.50
0.00
0.00
0.00
0.00
0.00
0.00
0.00
0.00
4.50
0.70
0.00
0.00
0.00
0.00
3.30
3.30
0.00
20.90
20.90
63.50
3.60
0.00
0.00
0.00
0.00
1.40
2.30
1.10
9.30
0.00
0.20
47.60
0.20
1.70
9.20
2.30
0.00
0.00
0.00
1.70
1.10
31.00
0.00
0.00
0.00
1.10
0.00
1.90
0.20
0.00
0.00
0.00
2.80
8.40
8.10
0.00
1.00
2.20
6.10
0.60
0.00
0.70
45.70
2.90
7.70
11.90
11.90
28.10
28.10
21.00
0.00
0.00
6.70
0.00
0.00
0.00
0.00
0.10
0.10
1.50
5.90
14.40
14.80
2.00
0.00
1.20
8.50
5.60
0.00
2.60
0.00
5.70
23.60
8.10
3.50
27.00
3.10
0.50
17.10
24.50
44.10
44.30
8.30
8.70
5.00
0.00
0.00
1.20
0.00
62.30
19.20
11.80
1.00
0.40
0.00
0.70
0.00
0.30
2.80
28.70
35.70
0.80
4.70
4.00
0.00
0.50
1.80
14.30
0.20
1.40
8.20
3.20
0.30
0.00
2.60
0.00
0.00
0.00
2.30
2.60
22.40
1.10
14.00
53.20
3.40
2.20
6.80
4.80
3.40
3.40
11.50
0.10
11.50
0.10
19.20
0.20
0.30
20.50
5.40
0.00
0.10
0.20
0.00
0.00
2.20
0.00
0.00
0.00
0.00
0.20
3.40
1.20
0.10
0.00
3.40
