20160101
0.00
0.00
0.00
0.00
0.00
0.00
0.00
0.00
20.00
0.00
0.00
0.00
3.00
0.00
0.00
0.00
0.00
0.00
0.00
4.00
0.00
0.00
0.00
0.00
0.00
0.00
0.00
0.00
0.00
0.00
0.00
0.00
0.00
0.00
0.00
0.00
0.00
0.00
0.00
1.00
0.00
0.00
0.00
0.00
0.00
0.00
0.00
0.00
0.00
0.00
0.00
0.00
2.00
268.00
77.00
2.00
14.00
0.00
0.00
0.00
0.00
0.00
1.00
0.00
0.00
39.00
0.00
0.00
0.00
0.00
0.00
2.00
0.00
0.00
0.00
15.00
0.00
0.00
1.00
0.00
29.00
0.00
20.00
0.00
0.00
0.00
0.00
468.00
0.00
83.00
208.00
163.00
0.00
206.00
532.00
35.00
0.00
0.00
0.00
0.00
0.00
0.00
0.00
0.00
138.00
16.00
271.00
185.00
3.00
2.00
3.00
4.00
0.00
0.00
0.00
52.00
0.00
10.00
0.00
0.00
9.00
169.00
492.00
124.00
131.00
27.00
38.00
13.00
0.00
0.00
0.00
0.00
721.00
88.00
16.00
70.00
3.00
173.00
120.00
117.00
470.00
1251.00
6.00
1.00
155.00
47.00
0.00
0.00
35.00
68.00
24.00
32.00
15.00
49.00
62.00
925.00
11.00
2.00
0.00
9.00
8.00
577.00
77.00
24.00
13.00
4.00
3.00
250.00
263.00
3.00
0.00
20.00
9.00
17.00
50.00
19.00
8.00
42.00
94.00
133.00
131.00
2.00
68.00
67.00
14.00
57.00
2.00
0.00
84.00
38.00
125.00
290.00
17.00
3.00
2.00
32.00
157.00
38.00
0.00
36.00
0.00
5.00
8.00
26.00
85.00
48.00
267.00
68.00
1.00
10.00
150.00
85.00
47.00
103.00
31.00
70.00
92.00
114.00
44.00
134.00
73.00
59.00
32.00
0.00
74.00
111.00
54.00
49.00
29.00
68.00
1.00
0.00
268.00
38.00
0.00
4.00
11.00
1100.00
103.00
251.00
6.00
57.00
183.00
185.00
158.00
16.00
22.00
6.00
21.00
1.00
14.00
4.00
0.00
9.00
15.00
116.00
515.00
243.00
16.00
461.00
61.00
30.00
98.00
132.00
131.00
133.00
104.00
0.00
12.00
49.00
417.00
160.00
6.00
481.00
67.00
1.00
0.00
90.00
94.00
342.00
200.00
187.00
33.00
4.00
312.00
162.00
0.00
0.00
0.00
0.00
0.00
0.00
0.00
0.00
0.00
0.00
0.00
0.00
0.00
14.00
9.00
31.00
106.00
0.00
0.00
0.00
98.00
13.00
195.00
633.00
142.00
0.00
0.00
0.00
0.00
0.00
0.00
0.00
0.00
0.00
0.00
0.00
0.00
0.00
0.00
0.00
0.00
0.00
0.00
0.00
0.00
0.00
0.00
0.00
0.00
0.00
0.00
0.00
0.00
0.00
0.00
0.00
0.00
0.00
0.00
0.00
0.00
0.00
0.00
0.00
0.00
0.00
0.00
0.00
0.00
0.00
0.00
0.00
0.00
0.00
0.00
0.00
0.00
0.00
0.00
0.00
0.00
0.00
0.00
0.00
0.00
0.00
0.00
0.00
0.00
0.00
0.00
0.00
0.00
0.00
0.00
0.00
0.00
0.00
0.00
0.00
0.00
0.00
0.00
0.00
0.00
0.00
1.00
0.00
0.00
0.00
0.00
0.00
0.00
0.00
0.00
0.00
0.00
0.00
0.00
0.00
0.00
0.00
0.00
0.00
0.00
0.00
0.00
0.00
0.00
0.00
0.00
0.00
0.00
88.00
0.00
0.00
0.00
0.00
0.00
0.00
0.00
0.00
5.00
209.00
2.00
9.00
232.00
0.00
125.00
208.00
0.00
0.00
0.00
0.00
0.00
0.00
120.00
0.00
60.00
0.00
0.00
0.00
0.00
92.00
0.00
0.00
0.00
87.00
481.00
20.00
0.00
0.00
381.00
364.00
650.00
0.00
0.00
0.00
0.00
0.00
0.00
0.00
0.00
0.00
82.00
23.00
0.00
0.00
580.00
642.00
124.00
305.00
130.00
419.00
141.00
0.00
1.00
15.00
44.00
251.00
56.00
0.00
0.00
113.00
0.00
44.00
0.00
0.00
79.00
0.00
0.00
0.00
50.00
24.00
483.00
2.00
73.00
0.00
41.00
10.00
127.00
15.00
0.00
0.00
16.00
7.00
21.00
101.00
164.00
554.00
141.00
466.00
123.00
160.00
329.00
1.00
9.00
17.00
161.00
569.00
823.00
95.00
259.00
335.00
57.00
17.00
151.00
67.00
47.00
470.00
0.00
0.00
150.00
132.00
204.00
211.00
276.00
117.00
82.00
11.00
150.00
93.00
0.00
63.00
34.00
29.00
20.00
9.00
1.00
23.00
46.00
33.00
194.00
419.00
204.00
321.00
101.00
105.00
23.00
28.00
113.00
20.00
295.00
41.00
377.00
26.00
29.00
46.00
154.00
95.00
25.00
1.00
0.00
44.00
124.00
103.00
63.00
40.00
8.00
6.00
0.00
111.00
496.00
47.00
8.00
18.00
104.00
30.00
71.00
25.00
26.00
203.00
74.00
174.00
354.00
142.00
113.00
303.00
36.00
147.00
73.00
39.00
36.00
42.00
10.00
201.00
84.00
0.00
49.00
31.00
42.00
0.00
39.00
111.00
0.00
11.00
26.00
4.00
60.00
87.00
214.00
17.00
15.00
17.00
0.00
0.00
1.00
38.00
191.00
209.00
100.00
84.00
33.00
124.00
28.00
31.00
69.00
115.00
255.00
30.00
3.00
1.00
1.00
0.00
5.00
4.00
0.00
0.00
0.00
172.00
287.00
335.00
291.00
1027.00
0.00
0.00
0.00
0.00
0.00
0.00
4.00
997.00
259.00
0.00
0.00
0.00
0.00
0.00
0.00
0.00
0.00
0.00
0.00
0.00
0.00
138.00
0.00
4.00
105.00
27.00
5.00
0.00
0.00
0.00
0.00
0.00
0.00
0.00
0.00
0.00
0.00
0.00
0.00
0.00
0.00
0.00
0.00
0.00
0.00
8.00
10.00
419.00
359.00
283.00
0.00
0.00
0.00
0.00
0.00
0.00
0.00
0.00
0.00
0.00
0.00
0.00
0.00
0.00
0.00
0.00
0.00
0.00
0.00
0.00
76.00
163.00
23.00
0.00
0.00
0.00
0.00
0.00
0.00
0.00
0.00
0.00
0.00
0.00
0.00
0.00
0.00
0.00
0.00
0.00
0.00
0.00
0.00
0.00
0.00
0.00
0.00
0.00
0.00
0.00
0.00
0.00
0.00
0.00
0.00
0.00
0.00
0.00
81.00
60.00
577.00
8.00
191.00
0.00
16.00
0.00
0.00
0.00
0.00
0.00
0.00
8.00
0.00
0.00
0.00
0.00
0.00
299.00
0.00
0.00
0.00
0.00
0.00
0.00
8.00
0.00
0.00
0.00
0.00
0.00
0.00
0.00
55.00
0.00
0.00
1.00
94.00
118.00
0.00
0.00
0.00
0.00
0.00
0.00
11.00
36.00
1.00
0.00
0.00
143.00
63.00
0.00
16.00
239.00
0.00
35.00
37.00
62.00
194.00
0.00
9.00
5.00
0.00
0.00
29.00
0.00
0.00
46.00
41.00
27.00
3.00
293.00
36.00
0.00
3.00
32.00
7.00
7.00
58.00
107.00
339.00
4.00
34.00
3.00
113.00
494.00
624.00
523.00
477.00
668.00
356.00
117.00
0.00
13.00
54.00
43.00
127.00
0.00
17.00
27.00
236.00
2.00
6.00
111.00
182.00
10.00
0.00
0.00
46.00
135.00
32.00
34.00
16.00
97.00
303.00
184.00
134.00
7.00
37.00
334.00
234.00
509.00
617.00
630.00
57.00
271.00
308.00
0.00
11.00
3.00
31.00
0.00
23.00
3.00
21.00
52.00
2.00
98.00
79.00
11.00
1.00
5.00
5.00
108.00
140.00
59.00
2.00
1.00
24.00
10.00
29.00
97.00
36.00
47.00
131.00
60.00
166.00
6.00
8.00
41.00
4.00
14.00
40.00
33.00
95.00
40.00
2.00
16.00
16.00
15.00
53.00
116.00
103.00
9.00
3.00
4.00
356.00
134.00
41.00
49.00
272.00
14.00
69.00
151.00
393.00
302.00
139.00
414.00
67.00
75.00
1.00
36.00
119.00
84.00
0.00
48.00
40.00
73.00
89.00
106.00
5.00
2.00
3.00
46.00
52.00
4.00
60.00
316.00
14.00
1.00
0.00
1.00
134.00
9.00
9.00
32.00
0.00
0.00
113.00
4.00
10.00
6.00
92.00
134.00
49.00
0.00
32.00
8.00
9.00
0.00
4.00
2.00
0.00
0.00
33.00
0.00
0.00
0.00
0.00
0.00
0.00
0.00
148.00
118.00
483.00
359.00
14.00
2.00
0.00
0.00
0.00
0.00
0.00
0.00
0.00
0.00
0.00
0.00
0.00
0.00
22.00
286.00
259.00
146.00
41.00
0.00
0.00
54.00
0.00
0.00
0.00
0.00
0.00
0.00
0.00
0.00
0.00
0.00
0.00
0.00
0.00
0.00
0.00
0.00
0.00
0.00
0.00
0.00
0.00
0.00
0.00
0.00
0.00
0.00
0.00
0.00
0.00
0.00
0.00
0.00
0.00
0.00
0.00
0.00
0.00
0.00
0.00
0.00
1.00
1.00
11.00
36.00
0.00
0.00
0.00
0.00
0.00
0.00
0.00
0.00
0.00
0.00
0.00
0.00
0.00
0.00
0.00
0.00
0.00
0.00
0.00
0.00
0.00
0.00
0.00
0.00
0.00
0.00
0.00
0.00
0.00
0.00
0.00
0.00
0.00
0.00
0.00
0.00
0.00
0.00
0.00
0.00
0.00
0.00
0.00
0.00
0.00
0.00
0.00
0.00
0.00
0.00
0.00
0.00
0.00
0.00
0.00
0.00
0.00
0.00
0.00
0.00
4.00
9.00
0.00
0.00
0.00
0.00
0.00
0.00
0.20
117.60
130.00
84.20
61.70
0.00
0.00
0.00
1.20
31.70
6.20
0.00
0.00
0.00
0.00
0.00
0.00
0.00
0.00
1.90
0.70
75.90
4.80
0.00
0.00
0.00
10.30
0.00
0.00
0.00
0.00
0.10
0.00
0.00
0.00
96.90
24.90
186.60
14.50
0.20
0.40
10.90
0.00
10.80
15.00
0.00
2.30
0.00
0.00
0.00
0.00
0.00
0.10
0.00
0.00
0.00
0.00
0.10
0.00
0.00
0.00
0.00
0.00
0.30
0.10
0.00
0.00
0.00
6.10
24.20
0.00
0.00
0.00
0.00
0.00
0.00
3.40
0.00
0.80
10.60
4.00
7.70
4.10
2.90
0.10
0.10
0.00
6.90
6.90
65.00
2.70
0.40
0.00
0.00
0.00
0.40
3.00
29.40
0.60
4.50
5.70
0.00
0.20
0.20
0.60
15.90
0.00
0.00
5.30
27.00
31.80
3.60
0.30
0.10
9.10
41.20
23.50
6.70
1.40
0.00
0.10
2.60
1.60
3.10
1.70
0.20
7.20
1.60
0.30
2.00
15.80
13.10
10.00
15.90
41.90
27.60
27.60
29.50
29.50
40.70
0.00
0.00
0.20
25.10
0.00
0.00
0.00
0.90
0.40
1.20
1.60
49.70
10.80
6.10
6.50
1.60
6.20
0.90
4.60
9.30
35.90
15.10
9.20
11.10
19.10
11.30
0.70
0.90
3.30
18.00
15.40
5.20
3.80
0.50
1.60
0.00
0.40
4.70
0.50
43.00
41.90
23.30
6.80
2.20
0.70
6.40
2.00
10.70
1.50
3.30
4.80
9.60
38.80
20.70
10.90
2.80
0.40
3.70
12.10
10.50
7.80
0.80
0.40
11.80
2.80
0.30
0.00
6.90
1.40
17.40
30.80
19.60
17.30
22.40
0.10
17.00
0.00
15.00
3.00
3.00
10.00
0.00
0.00
2.90
19.30
4.60
0.20
14.20
7.00
0.00
0.00
0.00
3.50
5.20
0.00
0.00
0.00
0.00
0.00
1.00
9.20
3.90
0.30
1.00
1.30
