20160101
0.00
0.00
3.00
0.00
0.00
0.00
0.00
0.00
0.00
0.00
0.00
0.00
0.00
0.00
0.00
0.00
0.00
0.00
0.00
2.00
2.00
0.00
0.00
0.00
0.00
0.00
0.00
0.00
0.00
0.00
0.00
0.00
0.00
0.00
0.00
0.00
0.00
0.00
4.00
0.00
0.00
0.00
42.00
0.00
0.00
0.00
0.00
0.00
0.00
0.00
0.00
0.00
3.00
115.00
260.00
5.00
19.00
0.00
0.00
0.00
1.00
0.00
0.00
0.00
0.00
1.00
0.00
0.00
0.00
2.00
0.00
0.00
0.00
0.00
0.00
1.00
0.00
0.00
1.00
0.00
35.00
0.00
0.00
0.00
0.00
0.00
0.00
563.00
5.00
1.00
250.00
236.00
8.00
94.00
407.00
4.00
0.00
0.00
0.00
0.00
0.00
0.00
0.00
0.00
0.00
0.00
108.00
26.00
0.00
6.00
0.00
0.00
0.00
0.00
0.00
106.00
4.00
0.00
0.00
0.00
0.00
308.00
90.00
71.00
81.00
6.00
1.00
19.00
0.00
0.00
1.00
0.00
156.00
138.00
0.00
2.00
2.00
149.00
263.00
159.00
1078.00
645.00
2.00
0.00
373.00
80.00
0.00
4.00
140.00
95.00
1.00
32.00
0.00
0.00
198.00
158.00
2.00
9.00
57.00
92.00
80.00
205.00
584.00
122.00
14.00
0.00
0.00
72.00
57.00
3.00
0.00
9.00
8.00
1.00
23.00
44.00
86.00
102.00
18.00
555.00
324.00
3.00
4.00
21.00
60.00
376.00
82.00
1.00
327.00
55.00
24.00
45.00
1.00
12.00
3.00
33.00
101.00
53.00
7.00
92.00
0.00
16.00
13.00
5.00
59.00
112.00
340.00
8.00
5.00
18.00
233.00
194.00
279.00
294.00
37.00
160.00
88.00
36.00
2.00
11.00
48.00
95.00
423.00
21.00
5.00
197.00
328.00
61.00
105.00
6.00
0.00
2.00
442.00
127.00
0.00
0.00
8.00
385.00
12.00
164.00
242.00
45.00
98.00
65.00
142.00
100.00
5.00
0.00
0.00
15.00
14.00
23.00
5.00
2.00
69.00
272.00
401.00
146.00
81.00
495.00
102.00
170.00
8.00
48.00
20.00
221.00
59.00
3.00
3.00
114.00
248.00
333.00
1.00
434.00
684.00
117.00
61.00
108.00
123.00
54.00
541.00
29.00
1.00
11.00
780.00
63.00
0.00
0.00
0.00
0.00
0.00
0.00
0.00
0.00
0.00
0.00
0.00
0.00
0.00
0.00
32.00
113.00
63.00
0.00
0.00
0.00
5.00
10.00
200.00
1084.00
388.00
0.00
0.00
0.00
0.00
0.00
0.00
0.00
0.00
0.00
0.00
0.00
0.00
0.00
0.00
0.00
0.00
0.00
0.00
0.00
0.00
0.00
0.00
0.00
0.00
3.00
0.00
0.00
0.00
0.00
0.00
0.00
0.00
0.00
0.00
0.00
0.00
0.00
0.00
0.00
0.00
0.00
0.00
0.00
0.00
0.00
0.00
0.00
0.00
0.00
0.00
0.00
0.00
0.00
0.00
0.00
0.00
0.00
0.00
0.00
0.00
0.00
0.00
0.00
0.00
0.00
0.00
0.00
0.00
0.00
0.00
0.00
0.00
0.00
0.00
0.00
0.00
0.00
0.00
0.00
0.00
0.00
1.00
0.00
0.00
0.00
0.00
0.00
0.00
0.00
0.00
0.00
0.00
0.00
0.00
0.00
0.00
0.00
0.00
0.00
0.00
0.00
0.00
0.00
0.00
0.00
0.00
0.00
0.00
7.00
0.00
0.00
0.00
0.00
0.00
0.00
0.00
0.00
0.00
128.00
55.00
18.00
377.00
2.00
60.00
46.00
0.00
0.00
0.00
0.00
0.00
0.00
208.00
0.00
57.00
0.00
0.00
0.00
0.00
61.00
0.00
0.00
0.00
276.00
113.00
0.00
0.00
0.00
352.00
93.00
123.00
0.00
0.00
0.00
0.00
0.00
0.00
0.00
0.00
0.00
34.00
1.00
0.00
14.00
742.00
210.00
100.00
264.00
105.00
313.00
221.00
0.00
1.00
0.00
13.00
24.00
0.00
0.00
0.00
0.00
0.00
11.00
0.00
0.00
138.00
0.00
0.00
0.00
17.00
124.00
397.00
19.00
156.00
0.00
123.00
0.00
7.00
0.00
0.00
0.00
0.00
0.00
16.00
101.00
343.00
644.00
45.00
1036.00
59.00
52.00
256.00
4.00
0.00
1112.00
322.00
283.00
321.00
244.00
604.00
468.00
0.00
83.00
271.00
31.00
55.00
754.00
0.00
8.00
72.00
103.00
118.00
39.00
52.00
37.00
64.00
9.00
161.00
114.00
89.00
335.00
137.00
30.00
1.00
1.00
0.00
10.00
102.00
83.00
227.00
418.00
242.00
192.00
70.00
91.00
112.00
241.00
639.00
42.00
94.00
365.00
1022.00
39.00
106.00
89.00
142.00
326.00
2.00
4.00
0.00
2.00
108.00
175.00
112.00
94.00
11.00
27.00
0.00
120.00
644.00
86.00
120.00
13.00
36.00
6.00
79.00
62.00
158.00
425.00
525.00
145.00
333.00
366.00
178.00
369.00
97.00
137.00
108.00
156.00
66.00
36.00
14.00
176.00
50.00
1.00
59.00
31.00
94.00
2.00
31.00
162.00
31.00
22.00
100.00
33.00
94.00
153.00
431.00
11.00
3.00
2.00
0.00
59.00
489.00
244.00
176.00
261.00
14.00
39.00
68.00
2.00
32.00
24.00
298.00
52.00
178.00
0.00
3.00
11.00
0.00
1.00
0.00
0.00
0.00
0.00
0.00
613.00
151.00
222.00
504.00
1394.00
0.00
0.00
0.00
0.00
0.00
0.00
0.00
528.00
106.00
0.00
0.00
0.00
0.00
0.00
0.00
0.00
0.00
0.00
0.00
0.00
0.00
23.00
0.00
0.00
144.00
22.00
4.00
0.00
0.00
0.00
0.00
0.00
0.00
0.00
0.00
0.00
0.00
0.00
0.00
0.00
0.00
0.00
0.00
0.00
0.00
2.00
43.00
1300.00
687.00
703.00
0.00
0.00
0.00
0.00
0.00
0.00
0.00
0.00
1.00
0.00
0.00
0.00
0.00
0.00
0.00
0.00
0.00
0.00
0.00
0.00
208.00
259.00
2.00
0.00
0.00
0.00
0.00
0.00
0.00
0.00
0.00
0.00
0.00
0.00
0.00
0.00
0.00
0.00
0.00
0.00
0.00
0.00
0.00
0.00
0.00
0.00
0.00
0.00
0.00
0.00
0.00
0.00
0.00
0.00
0.00
0.00
0.00
0.00
44.00
25.00
430.00
17.00
136.00
0.00
17.00
8.00
0.00
0.00
0.00
0.00
0.00
0.00
0.00
0.00
0.00
0.00
0.00
327.00
0.00
0.00
0.00
0.00
0.00
0.00
0.00
0.00
0.00
0.00
0.00
0.00
0.00
0.00
48.00
0.00
0.00
44.00
34.00
0.00
0.00
0.00
0.00
0.00
0.00
0.00
1.00
0.00
3.00
29.00
0.00
61.00
102.00
0.00
11.00
0.00
0.00
86.00
57.00
55.00
222.00
5.00
3.00
21.00
0.00
0.00
23.00
0.00
0.00
186.00
36.00
24.00
44.00
90.00
67.00
0.00
0.00
0.00
2.00
1.00
0.00
428.00
454.00
21.00
11.00
3.00
70.00
450.00
307.00
440.00
422.00
428.00
377.00
261.00
0.00
296.00
0.00
12.00
77.00
5.00
50.00
140.00
173.00
35.00
17.00
99.00
104.00
0.00
0.00
0.00
36.00
60.00
98.00
49.00
6.00
0.00
0.00
278.00
505.00
0.00
6.00
207.00
863.00
549.00
423.00
1437.00
76.00
64.00
319.00
4.00
37.00
42.00
77.00
7.00
16.00
0.00
34.00
241.00
9.00
16.00
17.00
6.00
1.00
0.00
1.00
218.00
214.00
26.00
6.00
125.00
67.00
10.00
6.00
15.00
100.00
36.00
47.00
131.00
43.00
3.00
3.00
16.00
24.00
46.00
59.00
15.00
245.00
73.00
10.00
43.00
50.00
9.00
8.00
53.00
50.00
40.00
61.00
1.00
442.00
417.00
261.00
22.00
212.00
45.00
79.00
176.00
285.00
242.00
230.00
107.00
58.00
55.00
66.00
24.00
10.00
55.00
1.00
36.00
25.00
55.00
85.00
12.00
9.00
1.00
27.00
28.00
20.00
0.00
5.00
119.00
11.00
0.00
0.00
1.00
179.00
11.00
21.00
84.00
3.00
1.00
163.00
0.00
22.00
71.00
118.00
151.00
8.00
0.00
15.00
7.00
93.00
1.00
49.00
0.00
0.00
0.00
0.00
0.00
0.00
0.00
0.00
0.00
0.00
1.00
164.00
199.00
526.00
478.00
144.00
1.00
0.00
0.00
0.00
0.00
0.00
0.00
0.00
0.00
0.00
0.00
0.00
0.00
10.00
40.00
244.00
116.00
12.00
0.00
0.00
0.00
0.00
0.00
4.00
0.00
0.00
0.00
0.00
0.00
0.00
0.00
0.00
0.00
0.00
0.00
0.00
0.00
0.00
0.00
0.00
0.00
0.00
0.00
0.00
0.00
0.00
0.00
0.00
0.00
0.00
0.00
0.00
0.00
0.00
0.00
0.00
0.00
0.00
0.00
0.00
0.00
0.00
0.00
46.00
36.00
0.00
0.00
0.00
0.00
0.00
0.00
0.00
0.00
0.00
0.00
0.00
0.00
0.00
0.00
0.00
0.00
0.00
0.00
0.00
0.00
0.00
0.00
0.00
0.00
0.00
0.00
0.00
0.00
0.00
0.00
0.00
0.00
0.00
0.00
0.00
0.00
0.00
0.00
0.00
0.00
0.00
0.00
0.00
0.00
0.00
0.00
0.00
0.00
0.00
0.00
0.00
0.00
0.00
0.00
0.00
0.00
0.00
0.00
0.00
0.00
2.00
12.00
0.00
0.00
0.00
0.00
0.00
0.00
0.00
98.30
91.50
41.60
33.70
0.00
0.00
0.00
1.00
29.00
0.00
0.00
0.00
0.00
0.00
0.00
0.00
0.00
0.00
0.90
5.30
14.80
0.60
0.60
0.00
0.00
0.10
0.00
0.00
0.00
0.00
0.30
0.00
0.00
0.00
35.00
44.30
121.80
10.50
0.00
0.30
8.30
0.00
43.20
40.00
0.60
4.90
0.00
0.90
0.00
0.00
0.00
0.00
0.00
0.00
0.00
0.00
0.10
0.00
0.00
0.00
0.00
0.00
0.00
0.00
0.00
0.00
1.50
20.40
68.10
0.00
0.00
0.00
0.00
0.00
0.00
0.00
0.00
4.30
0.70
0.70
3.50
0.00
31.20
7.50
7.50
0.00
5.60
5.60
88.70
38.00
0.20
0.00
0.00
0.00
0.00
0.00
44.20
26.20
5.70
41.80
0.10
0.40
3.20
0.50
51.60
0.00
0.00
47.40
51.60
47.40
9.60
0.20
0.00
32.40
40.80
20.20
6.70
3.90
0.00
1.00
5.10
7.20
5.10
2.70
0.10
1.60
0.00
0.70
0.10
0.90
0.90
20.10
58.20
67.40
82.20
82.20
52.60
52.60
10.10
0.20
0.20
6.10
23.30
0.20
0.20
0.20
0.00
0.20
2.00
0.40
53.60
8.30
4.40
0.40
0.00
37.90
3.00
0.80
5.90
12.40
43.00
46.30
23.90
2.00
18.80
2.90
1.20
18.40
24.00
9.70
17.80
29.90
2.10
0.90
0.00
2.50
19.50
1.10
31.50
22.40
21.60
1.20
0.80
0.70
3.40
0.10
33.70
8.50
31.50
6.70
6.60
60.70
11.60
3.40
0.30
4.80
14.00
3.90
2.70
15.30
0.30
0.40
2.70
5.10
3.60
1.90
4.50
0.40
14.70
26.10
26.00
12.60
15.90
1.70
0.10
2.50
20.80
14.40
14.40
32.00
0.00
0.00
3.30
13.40
0.40
0.00
15.20
22.00
0.40
0.00
0.00
0.00
0.50
0.00
0.00
0.00
0.00
0.00
0.30
7.40
4.80
0.10
0.00
2.30
