20160101
0.00
14.00
0.00
0.00
0.00
0.00
0.00
0.00
0.00
0.00
0.00
0.00
1.00
0.00
0.00
0.00
0.00
0.00
0.00
14.00
1.00
0.00
0.00
0.00
0.00
0.00
0.00
0.00
0.00
0.00
0.00
0.00
0.00
0.00
0.00
0.00
0.00
0.00
2.00
0.00
0.00
0.00
17.00
0.00
0.00
0.00
0.00
0.00
0.00
0.00
0.00
0.00
1.00
298.00
140.00
0.00
17.00
0.00
0.00
0.00
1.00
0.00
0.00
0.00
0.00
93.00
0.00
0.00
0.00
1.00
0.00
2.00
0.00
0.00
4.00
4.00
0.00
37.00
6.00
1.00
3.00
0.00
0.00
0.00
0.00
0.00
0.00
82.00
0.00
75.00
379.00
121.00
17.00
75.00
96.00
0.00
0.00
0.00
0.00
0.00
0.00
0.00
0.00
0.00
0.00
0.00
46.00
0.00
0.00
0.00
0.00
0.00
0.00
0.00
0.00
12.00
1.00
0.00
0.00
0.00
0.00
10.00
272.00
12.00
4.00
7.00
20.00
77.00
1.00
0.00
0.00
0.00
32.00
356.00
0.00
6.00
0.00
37.00
470.00
196.00
916.00
1382.00
0.00
0.00
405.00
145.00
4.00
32.00
585.00
74.00
31.00
24.00
0.00
0.00
0.00
0.00
1.00
2.00
145.00
54.00
40.00
97.00
845.00
188.00
131.00
1.00
0.00
47.00
47.00
0.00
0.00
8.00
5.00
23.00
45.00
10.00
64.00
37.00
36.00
241.00
57.00
10.00
43.00
39.00
315.00
177.00
47.00
96.00
198.00
29.00
25.00
42.00
0.00
19.00
41.00
10.00
348.00
147.00
71.00
204.00
219.00
15.00
2.00
7.00
19.00
32.00
114.00
1.00
3.00
112.00
172.00
193.00
530.00
60.00
38.00
51.00
25.00
47.00
46.00
25.00
32.00
109.00
320.00
16.00
0.00
369.00
241.00
154.00
264.00
42.00
5.00
0.00
663.00
592.00
1.00
1.00
3.00
722.00
103.00
212.00
289.00
0.00
116.00
406.00
105.00
95.00
38.00
15.00
22.00
3.00
0.00
0.00
10.00
18.00
111.00
271.00
119.00
28.00
1.00
67.00
21.00
5.00
14.00
55.00
11.00
109.00
13.00
33.00
12.00
118.00
857.00
211.00
0.00
197.00
117.00
214.00
77.00
58.00
61.00
14.00
196.00
29.00
135.00
140.00
593.00
34.00
0.00
0.00
0.00
0.00
0.00
0.00
0.00
0.00
0.00
0.00
0.00
0.00
0.00
2.00
412.00
43.00
20.00
0.00
0.00
0.00
1.00
18.00
238.00
565.00
49.00
0.00
0.00
0.00
0.00
0.00
0.00
0.00
0.00
0.00
0.00
0.00
0.00
0.00
0.00
0.00
0.00
0.00
0.00
0.00
0.00
0.00
0.00
0.00
0.00
31.00
0.00
0.00
0.00
0.00
0.00
0.00
23.00
0.00
0.00
0.00
0.00
0.00
0.00
0.00
0.00
0.00
0.00
0.00
0.00
0.00
0.00
0.00
0.00
0.00
0.00
0.00
0.00
0.00
0.00
0.00
0.00
0.00
0.00
0.00
0.00
0.00
0.00
0.00
0.00
0.00
0.00
0.00
0.00
0.00
0.00
0.00
0.00
0.00
0.00
0.00
0.00
0.00
0.00
0.00
0.00
0.00
8.00
0.00
0.00
0.00
0.00
0.00
0.00
0.00
0.00
0.00
0.00
0.00
0.00
0.00
0.00
0.00
0.00
0.00
0.00
0.00
0.00
0.00
0.00
0.00
0.00
0.00
0.00
0.00
0.00
0.00
0.00
0.00
0.00
0.00
0.00
0.00
1.00
60.00
154.00
0.00
185.00
6.00
54.00
145.00
0.00
0.00
0.00
0.00
0.00
0.00
213.00
15.00
28.00
0.00
0.00
0.00
0.00
51.00
0.00
0.00
6.00
53.00
121.00
2.00
0.00
0.00
357.00
80.00
501.00
0.00
0.00
0.00
0.00
0.00
0.00
0.00
0.00
0.00
15.00
30.00
0.00
1.00
464.00
58.00
114.00
688.00
39.00
210.00
223.00
0.00
1.00
0.00
27.00
0.00
18.00
0.00
0.00
0.00
0.00
4.00
0.00
0.00
352.00
0.00
3.00
0.00
42.00
60.00
314.00
113.00
60.00
0.00
24.00
0.00
0.00
0.00
0.00
0.00
0.00
107.00
2.00
231.00
250.00
527.00
44.00
1384.00
3.00
1.00
287.00
63.00
0.00
52.00
825.00
42.00
388.00
319.00
449.00
117.00
0.00
240.00
55.00
44.00
80.00
594.00
99.00
179.00
151.00
3.00
53.00
3.00
10.00
8.00
34.00
10.00
87.00
288.00
298.00
548.00
135.00
76.00
9.00
0.00
20.00
30.00
176.00
41.00
141.00
117.00
94.00
20.00
98.00
417.00
226.00
623.00
1483.00
622.00
6.00
112.00
529.00
114.00
326.00
73.00
100.00
166.00
28.00
0.00
68.00
112.00
89.00
76.00
73.00
48.00
21.00
3.00
21.00
148.00
321.00
341.00
14.00
43.00
99.00
57.00
67.00
152.00
82.00
110.00
361.00
317.00
103.00
154.00
33.00
117.00
144.00
61.00
47.00
205.00
131.00
275.00
28.00
72.00
93.00
23.00
4.00
73.00
16.00
5.00
156.00
385.00
3.00
0.00
27.00
2.00
104.00
375.00
561.00
81.00
12.00
69.00
0.00
103.00
106.00
212.00
229.00
287.00
121.00
44.00
129.00
39.00
1.00
45.00
67.00
15.00
13.00
1.00
2.00
65.00
0.00
0.00
0.00
0.00
0.00
0.00
0.00
38.00
77.00
253.00
1145.00
1080.00
0.00
0.00
0.00
0.00
0.00
0.00
0.00
115.00
112.00
0.00
0.00
0.00
0.00
0.00
0.00
0.00
0.00
0.00
0.00
0.00
0.00
36.00
0.00
0.00
201.00
38.00
21.00
0.00
0.00
1.00
0.00
0.00
0.00
0.00
0.00
0.00
0.00
0.00
0.00
0.00
0.00
0.00
0.00
0.00
0.00
1.00
196.00
1135.00
945.00
788.00
0.00
0.00
0.00
0.00
0.00
0.00
0.00
0.00
52.00
0.00
0.00
0.00
0.00
0.00
0.00
0.00
0.00
0.00
0.00
0.00
130.00
277.00
37.00
0.00
0.00
0.00
0.00
0.00
0.00
0.00
0.00
0.00
0.00
0.00
0.00
0.00
0.00
0.00
0.00
0.00
0.00
0.00
0.00
0.00
0.00
0.00
0.00
0.00
0.00
0.00
0.00
0.00
0.00
0.00
0.00
0.00
0.00
18.00
419.00
241.00
789.00
123.00
85.00
0.00
76.00
36.00
0.00
0.00
0.00
0.00
0.00
0.00
0.00
0.00
0.00
0.00
0.00
316.00
0.00
0.00
0.00
0.00
0.00
0.00
20.00
0.00
0.00
0.00
0.00
0.00
0.00
0.00
0.00
0.00
0.00
88.00
10.00
0.00
0.00
0.00
0.00
0.00
0.00
0.00
42.00
0.00
2.00
0.00
0.00
117.00
126.00
22.00
27.00
0.00
0.00
6.00
140.00
337.00
19.00
0.00
0.00
135.00
18.00
0.00
228.00
0.00
46.00
315.00
123.00
114.00
11.00
78.00
96.00
0.00
0.00
2.00
9.00
0.00
0.00
403.00
152.00
53.00
125.00
37.00
66.00
903.00
70.00
90.00
39.00
104.00
496.00
696.00
0.00
66.00
4.00
0.00
63.00
15.00
249.00
405.00
48.00
144.00
6.00
240.00
127.00
0.00
0.00
0.00
110.00
105.00
168.00
266.00
51.00
2.00
2.00
171.00
13.00
0.00
40.00
293.00
563.00
259.00
333.00
1376.00
18.00
18.00
106.00
136.00
44.00
3.00
237.00
16.00
0.00
0.00
83.00
285.00
15.00
27.00
5.00
13.00
32.00
4.00
4.00
146.00
454.00
60.00
21.00
42.00
9.00
4.00
14.00
11.00
14.00
14.00
327.00
135.00
28.00
13.00
11.00
7.00
6.00
57.00
166.00
54.00
268.00
393.00
97.00
33.00
115.00
152.00
13.00
113.00
69.00
45.00
71.00
20.00
139.00
341.00
146.00
5.00
39.00
17.00
13.00
14.00
62.00
141.00
766.00
79.00
245.00
167.00
165.00
33.00
26.00
173.00
13.00
1.00
51.00
127.00
22.00
31.00
4.00
1.00
0.00
1.00
14.00
38.00
22.00
156.00
13.00
0.00
0.00
6.00
28.00
18.00
6.00
384.00
1.00
0.00
66.00
0.00
1.00
91.00
229.00
101.00
1.00
0.00
8.00
4.00
206.00
8.00
31.00
3.00
0.00
0.00
0.00
0.00
0.00
0.00
0.00
0.00
0.00
0.00
159.00
222.00
498.00
429.00
153.00
0.00
0.00
0.00
0.00
0.00
0.00
0.00
0.00
0.00
0.00
0.00
0.00
0.00
20.00
100.00
203.00
91.00
36.00
0.00
0.00
0.00
0.00
0.00
12.00
0.00
0.00
0.00
0.00
0.00
2.00
0.00
0.00
0.00
0.00
0.00
0.00
0.00
0.00
0.00
0.00
0.00
0.00
0.00
0.00
0.00
0.00
0.00
0.00
0.00
0.00
0.00
0.00
0.00
5.00
0.00
0.00
0.00
0.00
0.00
0.00
0.00
0.00
0.00
30.00
49.00
7.00
0.00
0.00
0.00
0.00
0.00
0.00
0.00
0.00
0.00
0.00
0.00
0.00
0.00
0.00
0.00
0.00
0.00
0.00
0.00
0.00
0.00
0.00
0.00
0.00
0.00
0.00
0.00
0.00
0.00
0.00
0.00
0.00
0.00
0.00
0.00
0.00
0.00
0.00
0.00
0.00
0.00
0.00
0.00
0.00
0.00
0.00
0.00
0.00
0.00
0.00
0.00
1.00
0.00
0.00
0.00
0.00
0.00
0.00
0.00
5.00
11.00
0.00
0.00
0.00
0.00
0.00
0.00
0.00
92.00
61.80
44.00
14.60
0.00
0.00
0.00
1.00
13.30
0.00
0.00
0.00
0.00
0.00
0.00
0.00
0.00
0.00
2.40
2.20
29.40
1.00
0.30
7.30
0.00
0.30
0.00
0.00
0.00
0.00
0.00
0.00
0.00
0.00
24.20
18.90
69.30
39.10
0.10
0.40
8.90
0.00
7.40
29.60
4.10
9.00
0.50
42.40
0.00
0.00
0.00
0.00
0.00
0.00
0.00
0.30
0.30
0.00
0.00
0.00
0.00
0.00
0.00
0.00
0.00
0.00
0.10
105.80
59.30
0.00
0.00
0.00
0.00
0.00
0.00
0.00
0.00
24.90
0.30
0.60
2.00
12.40
0.00
0.00
0.00
0.00
51.90
51.90
42.10
2.00
0.00
0.10
0.00
0.00
0.00
0.20
18.00
4.40
3.90
56.20
0.20
0.60
1.80
17.80
20.80
0.00
0.00
5.60
45.30
15.40
55.30
0.00
12.50
0.70
4.00
1.20
0.50
0.00
0.10
0.80
9.70
12.10
0.10
2.30
0.50
1.80
0.20
0.30
1.00
4.50
1.10
9.20
19.70
39.40
65.90
65.90
65.10
65.10
49.80
0.00
0.00
0.20
15.30
0.00
0.00
0.00
0.00
0.90
0.30
1.00
30.20
1.70
2.70
0.20
1.00
26.90
1.90
1.10
2.70
4.60
35.90
60.20
5.50
0.10
28.40
4.80
0.20
33.50
39.70
44.80
71.20
33.70
5.20
0.10
0.00
2.30
5.70
3.00
14.80
30.00
27.00
7.60
0.90
0.20
1.90
0.00
11.80
30.20
17.60
63.70
3.40
14.10
1.70
0.30
7.50
18.20
13.10
0.80
5.20
22.90
10.00
2.10
0.60
0.80
0.30
0.20
1.10
0.00
0.80
16.40
1.90
22.60
17.70
1.40
3.60
5.70
18.70
13.00
13.00
15.10
0.10
0.00
1.50
8.00
4.30
0.00
9.60
15.60
0.00
0.00
0.00
0.00
0.00
0.50
0.00
0.00
0.00
0.00
0.30
4.30
3.70
0.00
0.00
1.20
