20160101
0.00
0.00
0.00
0.00
0.00
0.00
0.00
0.00
29.00
0.00
0.00
0.00
1.00
0.00
0.00
0.00
0.00
0.00
0.00
7.00
0.00
0.00
0.00
0.00
0.00
0.00
0.00
0.00
0.00
0.00
0.00
0.00
0.00
0.00
0.00
0.00
0.00
0.00
2.00
3.00
0.00
0.00
0.00
0.00
0.00
0.00
0.00
0.00
0.00
0.00
0.00
0.00
0.00
13.00
67.00
0.00
13.00
0.00
0.00
0.00
0.00
0.00
0.00
0.00
0.00
59.00
0.00
0.00
0.00
1.00
0.00
3.00
0.00
0.00
2.00
83.00
0.00
2.00
0.00
0.00
86.00
0.00
0.00
0.00
0.00
0.00
0.00
285.00
52.00
46.00
289.00
92.00
39.00
369.00
587.00
3.00
0.00
0.00
0.00
0.00
0.00
0.00
0.00
0.00
17.00
0.00
213.00
200.00
0.00
31.00
0.00
0.00
0.00
0.00
0.00
8.00
0.00
3.00
0.00
0.00
0.00
145.00
296.00
168.00
27.00
10.00
115.00
24.00
0.00
4.00
14.00
0.00
158.00
466.00
8.00
126.00
0.00
103.00
51.00
74.00
607.00
614.00
5.00
0.00
426.00
145.00
13.00
25.00
269.00
48.00
34.00
46.00
1.00
0.00
154.00
133.00
1.00
15.00
78.00
42.00
43.00
362.00
587.00
73.00
19.00
0.00
1.00
274.00
123.00
7.00
39.00
5.00
1.00
38.00
82.00
22.00
38.00
66.00
67.00
273.00
85.00
32.00
48.00
55.00
255.00
219.00
35.00
6.00
285.00
89.00
74.00
101.00
1.00
19.00
8.00
23.00
137.00
69.00
172.00
82.00
52.00
11.00
1.00
17.00
80.00
61.00
172.00
0.00
3.00
78.00
524.00
105.00
130.00
198.00
63.00
429.00
55.00
83.00
2.00
33.00
57.00
36.00
349.00
39.00
9.00
412.00
328.00
129.00
263.00
28.00
0.00
0.00
144.00
11.00
0.00
0.00
0.00
930.00
21.00
412.00
46.00
0.00
167.00
320.00
196.00
38.00
43.00
5.00
128.00
8.00
2.00
2.00
0.00
1.00
55.00
260.00
438.00
202.00
8.00
113.00
22.00
5.00
69.00
431.00
18.00
97.00
19.00
0.00
27.00
63.00
52.00
218.00
0.00
378.00
207.00
182.00
0.00
78.00
22.00
136.00
448.00
21.00
42.00
67.00
354.00
56.00
0.00
0.00
0.00
0.00
0.00
0.00
0.00
0.00
0.00
0.00
0.00
0.00
0.00
0.00
31.00
11.00
54.00
0.00
0.00
0.00
3.00
70.00
322.00
614.00
509.00
0.00
0.00
0.00
0.00
0.00
0.00
0.00
0.00
0.00
0.00
0.00
0.00
0.00
0.00
0.00
0.00
0.00
0.00
0.00
0.00
0.00
0.00
0.00
0.00
0.00
0.00
0.00
0.00
0.00
0.00
0.00
0.00
0.00
0.00
0.00
0.00
0.00
0.00
0.00
0.00
0.00
0.00
0.00
0.00
0.00
0.00
0.00
0.00
0.00
0.00
0.00
0.00
0.00
0.00
0.00
0.00
0.00
0.00
0.00
0.00
0.00
0.00
0.00
0.00
0.00
0.00
0.00
0.00
0.00
0.00
0.00
0.00
0.00
0.00
0.00
0.00
0.00
0.00
0.00
0.00
0.00
5.00
0.00
0.00
0.00
0.00
0.00
0.00
0.00
0.00
0.00
0.00
0.00
0.00
0.00
0.00
0.00
0.00
0.00
0.00
0.00
0.00
0.00
0.00
0.00
0.00
0.00
0.00
116.00
0.00
0.00
0.00
0.00
0.00
0.00
0.00
0.00
3.00
213.00
51.00
0.00
199.00
1.00
79.00
146.00
0.00
0.00
0.00
0.00
0.00
0.00
89.00
1.00
48.00
0.00
0.00
0.00
0.00
153.00
0.00
0.00
4.00
336.00
111.00
0.00
0.00
0.00
337.00
156.00
118.00
0.00
0.00
0.00
0.00
0.00
0.00
0.00
0.00
0.00
14.00
16.00
0.00
1.00
1024.00
120.00
152.00
310.00
112.00
420.00
274.00
0.00
1.00
0.00
105.00
8.00
134.00
0.00
0.00
3.00
0.00
40.00
0.00
0.00
68.00
0.00
0.00
0.00
67.00
29.00
411.00
14.00
132.00
1.00
226.00
0.00
12.00
0.00
0.00
0.00
0.00
21.00
0.00
123.00
240.00
571.00
159.00
465.00
79.00
38.00
476.00
28.00
0.00
260.00
396.00
408.00
540.00
211.00
362.00
115.00
0.00
55.00
219.00
306.00
206.00
737.00
2.00
112.00
32.00
34.00
409.00
66.00
110.00
28.00
41.00
19.00
112.00
36.00
53.00
236.00
32.00
32.00
0.00
0.00
0.00
57.00
132.00
136.00
373.00
294.00
52.00
193.00
102.00
183.00
9.00
272.00
659.00
150.00
88.00
161.00
544.00
68.00
48.00
120.00
195.00
244.00
8.00
2.00
0.00
55.00
125.00
124.00
80.00
13.00
9.00
0.00
0.00
103.00
495.00
308.00
11.00
58.00
151.00
9.00
71.00
154.00
96.00
186.00
129.00
198.00
334.00
97.00
95.00
201.00
139.00
182.00
56.00
124.00
110.00
185.00
0.00
239.00
147.00
0.00
40.00
96.00
74.00
0.00
114.00
607.00
40.00
25.00
23.00
0.00
95.00
155.00
231.00
18.00
10.00
3.00
0.00
4.00
403.00
116.00
394.00
308.00
21.00
50.00
179.00
156.00
15.00
101.00
284.00
60.00
234.00
23.00
4.00
3.00
0.00
0.00
12.00
0.00
0.00
0.00
0.00
419.00
835.00
481.00
555.00
1571.00
0.00
0.00
0.00
0.00
0.00
0.00
0.00
207.00
315.00
0.00
0.00
0.00
0.00
0.00
0.00
0.00
0.00
0.00
0.00
0.00
0.00
115.00
0.00
3.00
184.00
18.00
24.00
0.00
0.00
0.00
0.00
0.00
0.00
0.00
0.00
0.00
0.00
0.00
0.00
0.00
0.00
0.00
0.00
0.00
0.00
2.00
61.00
490.00
920.00
666.00
0.00
0.00
0.00
0.00
0.00
0.00
0.00
0.00
8.00
0.00
0.00
0.00
0.00
0.00
0.00
0.00
0.00
0.00
0.00
0.00
11.00
77.00
8.00
0.00
0.00
0.00
0.00
0.00
0.00
0.00
0.00
0.00
0.00
0.00
0.00
0.00
0.00
0.00
0.00
0.00
0.00
0.00
0.00
0.00
0.00
0.00
0.00
0.00
0.00
0.00
0.00
0.00
0.00
0.00
0.00
0.00
0.00
0.00
111.00
135.00
641.00
18.00
194.00
0.00
6.00
11.00
0.00
0.00
0.00
0.00
0.00
0.00
0.00
0.00
0.00
0.00
0.00
256.00
0.00
0.00
0.00
0.00
0.00
0.00
5.00
0.00
0.00
0.00
0.00
0.00
0.00
0.00
1.00
0.00
0.00
15.00
9.00
0.00
0.00
0.00
0.00
0.00
0.00
0.00
2.00
0.00
1.00
65.00
0.00
236.00
21.00
0.00
11.00
0.00
0.00
86.00
45.00
107.00
39.00
0.00
0.00
47.00
13.00
0.00
89.00
0.00
1.00
290.00
64.00
93.00
37.00
501.00
71.00
0.00
0.00
96.00
18.00
0.00
88.00
174.00
255.00
0.00
282.00
49.00
44.00
659.00
725.00
268.00
215.00
447.00
484.00
124.00
0.00
52.00
7.00
108.00
47.00
26.00
211.00
128.00
613.00
29.00
35.00
96.00
116.00
19.00
0.00
0.00
48.00
83.00
34.00
121.00
70.00
39.00
1.00
52.00
4.00
0.00
33.00
165.00
915.00
270.00
289.00
1974.00
35.00
207.00
820.00
0.00
118.00
24.00
264.00
9.00
2.00
0.00
50.00
73.00
15.00
54.00
49.00
4.00
2.00
0.00
13.00
111.00
220.00
95.00
26.00
11.00
28.00
3.00
20.00
47.00
39.00
43.00
597.00
100.00
151.00
2.00
25.00
17.00
5.00
62.00
89.00
7.00
127.00
190.00
10.00
3.00
25.00
40.00
33.00
25.00
48.00
8.00
52.00
43.00
176.00
235.00
120.00
16.00
191.00
45.00
30.00
41.00
65.00
474.00
261.00
465.00
361.00
36.00
166.00
1.00
35.00
173.00
13.00
20.00
38.00
122.00
72.00
67.00
0.00
1.00
3.00
28.00
51.00
0.00
14.00
375.00
64.00
0.00
0.00
0.00
58.00
3.00
18.00
286.00
0.00
0.00
27.00
1.00
9.00
175.00
55.00
115.00
4.00
1.00
16.00
53.00
57.00
11.00
0.00
0.00
0.00
0.00
0.00
0.00
0.00
0.00
0.00
0.00
0.00
0.00
71.00
112.00
594.00
342.00
30.00
0.00
0.00
0.00
0.00
0.00
0.00
0.00
0.00
0.00
0.00
0.00
0.00
0.00
18.00
127.00
220.00
137.00
30.00
0.00
0.00
0.00
0.00
0.00
0.00
0.00
0.00
0.00
0.00
0.00
0.00
0.00
0.00
0.00
0.00
0.00
0.00
0.00
8.00
0.00
0.00
0.00
0.00
0.00
0.00
0.00
0.00
0.00
0.00
0.00
0.00
0.00
0.00
0.00
0.00
0.00
0.00
0.00
0.00
0.00
0.00
0.00
0.00
0.00
14.00
42.00
3.00
0.00
0.00
0.00
0.00
0.00
0.00
0.00
0.00
0.00
0.00
0.00
0.00
0.00
0.00
0.00
0.00
0.00
0.00
0.00
0.00
0.00
0.00
0.00
0.00
0.00
0.00
0.00
0.00
0.00
0.00
0.00
0.00
0.00
0.00
0.00
0.00
0.00
0.00
0.00
0.00
0.00
0.00
0.00
0.00
0.00
0.00
0.00
0.00
0.00
0.00
0.00
0.00
0.00
0.00
0.00
0.00
0.00
0.00
0.00
2.00
7.00
0.00
0.00
0.00
0.00
0.00
0.00
3.20
74.10
53.40
54.50
26.70
0.00
0.00
0.00
1.20
17.60
0.30
0.00
0.00
0.00
0.00
0.00
0.00
0.00
2.20
0.70
2.10
54.40
1.90
0.00
0.20
0.00
1.40
0.00
0.00
0.00
0.10
0.00
0.00
0.00
0.00
46.80
18.20
105.70
7.80
0.00
2.00
14.20
0.30
25.50
29.00
0.20
3.70
0.10
5.10
0.00
0.00
0.10
0.00
0.00
0.00
0.00
0.00
0.30
0.00
0.00
0.00
0.00
0.00
0.00
0.00
0.00
0.00
0.00
11.80
58.20
0.00
0.00
0.00
0.00
0.00
0.00
0.00
0.00
11.40
4.20
12.70
14.90
8.80
0.80
0.30
0.30
0.00
5.60
5.60
104.70
20.10
0.00
1.80
0.00
0.00
0.00
0.30
41.60
2.80
8.60
35.00
0.90
0.00
1.20
0.90
3.30
0.00
0.00
53.10
28.90
45.80
6.60
0.10
0.00
3.20
21.40
3.70
8.20
1.30
1.40
1.20
7.70
4.70
3.00
3.30
0.70
2.90
0.00
0.20
0.20
12.20
1.00
11.90
17.10
39.20
58.40
58.40
29.50
29.50
74.60
0.30
0.30
0.10
1.60
0.30
0.30
0.30
0.50
4.00
1.80
2.50
49.00
5.90
3.90
1.20
2.10
29.90
0.30
1.10
5.20
17.80
15.80
45.30
8.00
6.00
12.10
1.00
0.10
14.20
105.40
5.00
28.20
34.60
1.00
0.40
0.00
0.00
8.30
22.80
16.00
26.30
28.10
1.50
2.00
0.00
2.20
2.50
23.30
12.10
108.50
34.30
6.90
28.10
10.00
4.40
1.80
2.50
11.90
6.60
5.90
5.60
1.50
0.70
1.20
6.40
0.40
0.00
0.30
0.40
9.50
39.30
14.70
30.90
19.10
0.10
0.20
0.40
17.50
2.70
2.70
29.20
0.00
0.00
0.50
15.40
32.10
2.40
14.60
6.90
0.00
0.00
0.00
0.00
0.00
2.10
0.00
0.00
0.00
0.00
0.30
7.40
0.90
0.10
0.00
1.00
