20160101
0.00
0.00
0.00
0.00
0.00
0.00
0.00
0.00
1.00
0.00
0.00
0.00
1.00
0.00
0.00
0.00
0.00
0.00
0.00
0.00
1.00
0.00
0.00
0.00
0.00
1.00
0.00
0.00
0.00
0.00
0.00
0.00
0.00
0.00
0.00
0.00
0.00
0.00
0.00
0.00
0.00
0.00
0.00
0.00
0.00
0.00
0.00
0.00
0.00
1.00
0.00
0.00
3.00
62.00
29.00
0.00
25.00
0.00
0.00
0.00
0.00
0.00
0.00
2.00
0.00
7.00
0.00
0.00
0.00
0.00
0.00
0.00
0.00
0.00
0.00
151.00
0.00
0.00
0.00
0.00
24.00
0.00
12.00
0.00
0.00
0.00
0.00
361.00
0.00
144.00
354.00
55.00
0.00
46.00
178.00
353.00
36.00
0.00
0.00
0.00
0.00
0.00
0.00
0.00
52.00
65.00
206.00
105.00
0.00
63.00
25.00
264.00
217.00
0.00
0.00
104.00
1.00
22.00
18.00
0.00
13.00
106.00
148.00
5.00
193.00
4.00
5.00
1.00
0.00
0.00
0.00
0.00
41.00
1.00
0.00
12.00
2.00
114.00
249.00
25.00
149.00
628.00
0.00
0.00
38.00
3.00
0.00
0.00
8.00
1.00
0.00
44.00
0.00
28.00
5.00
100.00
20.00
28.00
76.00
10.00
66.00
165.00
42.00
32.00
13.00
0.00
85.00
97.00
102.00
111.00
35.00
49.00
16.00
174.00
8.00
76.00
19.00
9.00
17.00
4.00
59.00
161.00
168.00
57.00
10.00
25.00
0.00
7.00
221.00
87.00
72.00
12.00
26.00
49.00
11.00
12.00
28.00
108.00
9.00
1.00
14.00
10.00
81.00
79.00
64.00
12.00
233.00
1.00
7.00
18.00
87.00
36.00
117.00
7.00
9.00
1.00
4.00
109.00
97.00
47.00
14.00
2.00
9.00
167.00
43.00
68.00
10.00
21.00
43.00
10.00
4.00
5.00
418.00
8.00
0.00
27.00
0.00
80.00
0.00
1.00
1.00
20.00
110.00
165.00
4.00
1.00
2.00
15.00
5.00
8.00
5.00
36.00
142.00
5.00
33.00
2.00
11.00
51.00
59.00
40.00
282.00
65.00
33.00
137.00
58.00
1.00
13.00
3.00
416.00
0.00
74.00
3.00
0.00
2.00
17.00
1.00
0.00
0.00
1.00
33.00
73.00
27.00
61.00
1.00
3.00
155.00
0.00
0.00
0.00
4.00
0.00
0.00
0.00
0.00
0.00
0.00
0.00
0.00
4.00
0.00
54.00
83.00
52.00
2.00
25.00
0.00
21.00
7.00
80.00
265.00
79.00
1.00
0.00
0.00
0.00
0.00
0.00
0.00
0.00
0.00
0.00
0.00
0.00
0.00
0.00
0.00
0.00
0.00
0.00
0.00
0.00
0.00
0.00
0.00
0.00
0.00
10.00
0.00
0.00
0.00
0.00
0.00
0.00
0.00
0.00
0.00
0.00
0.00
0.00
0.00
0.00
0.00
0.00
0.00
0.00
0.00
0.00
0.00
0.00
0.00
0.00
0.00
0.00
0.00
0.00
0.00
0.00
0.00
0.00
0.00
0.00
0.00
0.00
0.00
0.00
0.00
0.00
0.00
0.00
0.00
0.00
0.00
0.00
0.00
0.00
0.00
0.00
0.00
0.00
0.00
0.00
0.00
7.00
0.00
0.00
0.00
0.00
0.00
0.00
0.00
0.00
0.00
0.00
0.00
0.00
0.00
0.00
0.00
0.00
0.00
0.00
0.00
0.00
0.00
0.00
0.00
0.00
0.00
0.00
0.00
0.00
0.00
0.00
0.00
0.00
0.00
0.00
0.00
0.00
34.00
12.00
0.00
190.00
0.00
127.00
60.00
2.00
0.00
0.00
0.00
0.00
0.00
80.00
0.00
80.00
0.00
0.00
0.00
0.00
46.00
0.00
0.00
0.00
41.00
248.00
17.00
20.00
1.00
353.00
204.00
23.00
0.00
0.00
0.00
0.00
0.00
0.00
0.00
0.00
0.00
33.00
7.00
9.00
6.00
188.00
70.00
113.00
115.00
64.00
33.00
27.00
0.00
0.00
34.00
0.00
9.00
35.00
0.00
0.00
17.00
0.00
9.00
0.00
0.00
145.00
0.00
0.00
2.00
15.00
28.00
158.00
4.00
23.00
0.00
14.00
0.00
61.00
0.00
0.00
0.00
0.00
2.00
171.00
21.00
141.00
257.00
5.00
81.00
49.00
117.00
23.00
2.00
39.00
33.00
56.00
218.00
83.00
159.00
54.00
121.00
5.00
251.00
7.00
10.00
2.00
7.00
1.00
0.00
20.00
13.00
9.00
17.00
60.00
29.00
28.00
217.00
203.00
9.00
4.00
63.00
85.00
58.00
6.00
10.00
76.00
96.00
26.00
427.00
9.00
259.00
109.00
33.00
10.00
177.00
130.00
71.00
115.00
24.00
68.00
38.00
44.00
40.00
42.00
18.00
46.00
88.00
38.00
77.00
21.00
8.00
77.00
42.00
72.00
45.00
3.00
1.00
0.00
38.00
72.00
29.00
3.00
7.00
95.00
32.00
3.00
47.00
24.00
65.00
26.00
83.00
0.00
56.00
68.00
591.00
19.00
63.00
23.00
39.00
16.00
2.00
8.00
2.00
4.00
3.00
19.00
52.00
51.00
3.00
77.00
13.00
45.00
132.00
92.00
28.00
52.00
335.00
62.00
88.00
110.00
0.00
9.00
5.00
7.00
4.00
649.00
4.00
79.00
1.00
7.00
17.00
271.00
13.00
0.00
0.00
30.00
6.00
3.00
17.00
2.00
15.00
0.00
5.00
0.00
0.00
0.00
0.00
14.00
35.00
240.00
190.00
7.00
0.00
0.00
0.00
0.00
0.00
2.00
293.00
148.00
2.00
0.00
0.00
0.00
0.00
0.00
0.00
0.00
0.00
0.00
0.00
0.00
85.00
0.00
2.00
168.00
32.00
14.00
0.00
0.00
0.00
0.00
0.00
0.00
0.00
0.00
0.00
0.00
0.00
0.00
0.00
0.00
0.00
0.00
0.00
0.00
1.00
77.00
302.00
225.00
124.00
0.00
0.00
0.00
0.00
0.00
0.00
0.00
0.00
1.00
0.00
0.00
0.00
0.00
0.00
0.00
0.00
0.00
0.00
0.00
0.00
20.00
267.00
60.00
0.00
0.00
0.00
0.00
0.00
0.00
0.00
0.00
0.00
0.00
0.00
0.00
0.00
0.00
0.00
0.00
0.00
0.00
0.00
0.00
0.00
0.00
0.00
0.00
0.00
0.00
0.00
0.00
0.00
0.00
0.00
0.00
0.00
0.00
0.00
3.00
17.00
201.00
0.00
12.00
0.00
0.00
0.00
0.00
0.00
0.00
0.00
0.00
0.00
0.00
0.00
0.00
0.00
0.00
65.00
0.00
0.00
0.00
0.00
0.00
0.00
0.00
0.00
0.00
0.00
0.00
0.00
0.00
0.00
17.00
0.00
0.00
0.00
155.00
1.00
0.00
0.00
0.00
0.00
0.00
0.00
0.00
0.00
1.00
0.00
0.00
8.00
0.00
0.00
146.00
136.00
0.00
0.00
0.00
8.00
70.00
0.00
2.00
0.00
11.00
9.00
2.00
0.00
0.00
30.00
24.00
109.00
0.00
96.00
2.00
0.00
0.00
1.00
17.00
15.00
40.00
53.00
75.00
3.00
119.00
0.00
10.00
50.00
624.00
507.00
191.00
222.00
295.00
490.00
11.00
97.00
0.00
0.00
0.00
0.00
0.00
0.00
0.00
0.00
64.00
1.00
26.00
0.00
0.00
0.00
2.00
48.00
0.00
0.00
6.00
4.00
498.00
446.00
74.00
16.00
0.00
31.00
123.00
196.00
551.00
367.00
22.00
89.00
18.00
0.00
0.00
2.00
0.00
3.00
43.00
32.00
3.00
11.00
9.00
45.00
18.00
13.00
4.00
1.00
17.00
2.00
2.00
0.00
12.00
7.00
34.00
7.00
26.00
42.00
64.00
16.00
72.00
28.00
45.00
3.00
21.00
0.00
17.00
11.00
155.00
36.00
9.00
64.00
6.00
1.00
64.00
24.00
90.00
137.00
108.00
40.00
2.00
0.00
3.00
102.00
66.00
2.00
28.00
18.00
16.00
174.00
42.00
6.00
140.00
21.00
0.00
10.00
9.00
13.00
96.00
46.00
0.00
49.00
47.00
38.00
3.00
24.00
33.00
0.00
39.00
11.00
28.00
0.00
10.00
30.00
0.00
0.00
0.00
31.00
218.00
34.00
0.00
0.00
0.00
6.00
61.00
1.00
11.00
79.00
85.00
0.00
48.00
3.00
91.00
12.00
1.00
2.00
150.00
0.00
0.00
0.00
0.00
0.00
0.00
0.00
0.00
0.00
1.00
0.00
120.00
76.00
404.00
298.00
22.00
0.00
0.00
0.00
0.00
0.00
0.00
0.00
0.00
0.00
0.00
0.00
0.00
0.00
219.00
13.00
100.00
74.00
31.00
0.00
0.00
0.00
0.00
0.00
0.00
0.00
0.00
0.00
0.00
0.00
2.00
0.00
0.00
0.00
0.00
0.00
0.00
0.00
0.00
0.00
0.00
0.00
0.00
0.00
0.00
0.00
0.00
0.00
0.00
0.00
0.00
0.00
0.00
0.00
0.00
0.00
0.00
0.00
0.00
0.00
0.00
0.00
5.00
1.00
17.00
19.00
175.00
0.00
0.00
0.00
0.00
0.00
0.00
0.00
0.00
0.00
0.00
0.00
0.00
0.00
0.00
0.00
0.00
0.00
0.00
0.00
0.00
0.00
0.00
0.00
0.00
0.00
0.00
0.00
0.00
0.00
0.00
0.00
0.00
0.00
0.00
0.00
0.00
0.00
0.00
0.00
0.00
0.00
0.00
0.00
0.00
0.00
0.00
0.00
0.00
0.00
0.00
0.00
0.00
0.00
0.00
0.00
0.00
0.00
0.00
0.00
0.00
1.00
0.00
0.00
0.00
0.00
0.00
0.00
3.40
139.30
164.40
124.90
65.80
0.00
0.00
0.10
5.30
46.00
0.00
0.00
0.00
0.00
0.00
0.00
0.00
0.00
0.00
0.00
0.10
1.60
6.40
0.00
0.00
0.00
1.40
0.00
0.00
0.00
0.00
1.50
0.00
0.00
0.00
71.20
16.20
50.90
1.10
2.30
1.70
3.00
0.20
12.10
50.30
1.00
0.00
0.00
0.00
0.00
0.00
0.00
0.00
0.00
0.00
0.00
0.00
1.50
0.00
0.00
0.00
0.00
0.00
0.40
0.00
0.00
0.00
0.00
1.80
6.20
0.00
0.00
0.00
0.00
0.00
0.00
0.00
0.00
0.10
6.10
1.90
0.40
5.70
0.00
0.10
0.10
0.00
0.00
0.00
70.30
0.10
0.00
0.00
0.00
0.00
0.00
3.80
6.10
0.00
0.00
3.10
0.00
3.90
13.60
0.40
2.00
4.70
1.60
0.20
1.90
10.20
1.10
0.00
0.00
2.50
3.80
8.40
2.40
0.20
0.00
1.50
9.10
4.90
1.90
0.10
8.80
0.70
2.40
0.10
0.00
9.30
3.60
3.40
3.10
1.00
1.10
1.10
9.10
9.10
10.50
4.40
4.40
0.00
4.30
4.40
4.40
4.40
0.70
4.60
4.80
5.50
9.00
14.60
1.40
0.20
3.20
9.70
0.80
1.90
8.50
4.00
0.50
33.40
5.00
3.60
12.80
0.10
6.20
10.40
1.90
4.30
4.20
0.50
1.80
1.80
0.20
0.50
9.30
1.90
7.60
19.60
19.70
0.20
0.00
0.50
15.80
0.00
1.80
0.40
16.70
4.40
1.60
2.30
5.20
0.30
4.40
2.30
2.40
10.60
18.10
11.20
0.70
0.40
36.60
6.60
3.10
1.40
20.00
13.70
5.30
33.10
23.00
33.70
20.60
3.90
5.80
3.00
19.40
9.30
9.30
0.60
0.00
0.00
0.00
5.70
23.10
1.30
3.50
3.40
0.00
0.00
0.00
0.30
21.90
6.90
0.10
0.00
0.10
0.00
0.60
6.40
1.10
0.10
0.80
1.00
