20160101
0.00
0.00
0.00
0.00
0.00
0.00
0.00
0.00
77.00
0.00
0.00
0.00
0.00
0.00
0.00
0.00
0.00
0.00
0.00
19.00
0.00
0.00
0.00
0.00
0.00
0.00
0.00
0.00
0.00
0.00
0.00
0.00
0.00
0.00
0.00
0.00
0.00
0.00
1.00
0.00
0.00
0.00
0.00
0.00
0.00
0.00
0.00
0.00
0.00
0.00
5.00
0.00
0.00
51.00
81.00
0.00
23.00
0.00
0.00
0.00
0.00
4.00
0.00
0.00
0.00
77.00
0.00
0.00
1.00
0.00
4.00
0.00
0.00
0.00
0.00
73.00
0.00
0.00
0.00
0.00
67.00
0.00
0.00
0.00
0.00
0.00
0.00
288.00
69.00
65.00
499.00
82.00
2.00
569.00
313.00
46.00
0.00
0.00
0.00
0.00
0.00
0.00
0.00
0.00
14.00
4.00
216.00
420.00
0.00
61.00
0.00
11.00
0.00
0.00
0.00
19.00
3.00
35.00
0.00
0.00
0.00
199.00
307.00
224.00
66.00
45.00
96.00
31.00
0.00
1.00
7.00
0.00
160.00
292.00
51.00
290.00
3.00
123.00
44.00
53.00
341.00
542.00
10.00
0.00
82.00
128.00
13.00
10.00
326.00
286.00
83.00
63.00
17.00
0.00
309.00
448.00
2.00
28.00
36.00
12.00
29.00
196.00
323.00
46.00
27.00
1.00
6.00
205.00
160.00
2.00
12.00
14.00
2.00
73.00
166.00
66.00
40.00
70.00
50.00
343.00
114.00
18.00
176.00
67.00
201.00
172.00
1.00
0.00
210.00
63.00
101.00
43.00
26.00
7.00
0.00
11.00
141.00
47.00
52.00
44.00
42.00
5.00
8.00
24.00
85.00
56.00
119.00
54.00
5.00
95.00
220.00
163.00
125.00
255.00
168.00
126.00
100.00
98.00
12.00
57.00
63.00
28.00
379.00
0.00
24.00
297.00
429.00
174.00
172.00
64.00
2.00
0.00
112.00
29.00
0.00
1.00
0.00
927.00
23.00
203.00
2.00
33.00
224.00
278.00
94.00
9.00
22.00
5.00
122.00
46.00
2.00
10.00
1.00
24.00
53.00
141.00
833.00
442.00
1.00
67.00
44.00
113.00
106.00
198.00
60.00
62.00
33.00
0.00
30.00
4.00
1.00
134.00
13.00
354.00
7.00
12.00
0.00
263.00
138.00
662.00
250.00
24.00
33.00
60.00
99.00
59.00
0.00
0.00
0.00
0.00
0.00
0.00
0.00
0.00
0.00
0.00
0.00
0.00
0.00
0.00
6.00
0.00
120.00
0.00
0.00
0.00
1.00
46.00
280.00
548.00
252.00
0.00
0.00
0.00
0.00
0.00
0.00
0.00
0.00
0.00
0.00
0.00
0.00
0.00
0.00
0.00
0.00
0.00
0.00
0.00
0.00
0.00
0.00
0.00
0.00
0.00
0.00
0.00
0.00
0.00
0.00
5.00
0.00
0.00
0.00
0.00
0.00
0.00
0.00
0.00
0.00
0.00
0.00
0.00
0.00
0.00
0.00
0.00
0.00
0.00
0.00
0.00
0.00
0.00
0.00
0.00
0.00
0.00
0.00
0.00
0.00
0.00
0.00
0.00
0.00
0.00
0.00
0.00
0.00
0.00
0.00
0.00
0.00
0.00
0.00
0.00
0.00
0.00
0.00
0.00
0.00
0.00
1.00
0.00
0.00
0.00
0.00
0.00
0.00
0.00
0.00
0.00
0.00
0.00
0.00
0.00
0.00
0.00
0.00
0.00
0.00
0.00
0.00
0.00
0.00
0.00
0.00
0.00
5.00
3.00
0.00
0.00
0.00
0.00
0.00
0.00
0.00
0.00
0.00
29.00
98.00
0.00
144.00
0.00
83.00
124.00
0.00
0.00
0.00
0.00
0.00
0.00
44.00
0.00
61.00
0.00
0.00
0.00
0.00
176.00
0.00
0.00
0.00
329.00
283.00
12.00
0.00
0.00
276.00
370.00
521.00
0.00
0.00
0.00
0.00
0.00
0.00
0.00
0.00
0.00
8.00
11.00
0.00
0.00
833.00
466.00
59.00
668.00
38.00
556.00
220.00
0.00
0.00
0.00
80.00
0.00
379.00
0.00
0.00
22.00
0.00
82.00
0.00
0.00
129.00
0.00
0.00
0.00
28.00
44.00
423.00
3.00
124.00
0.00
148.00
0.00
37.00
35.00
0.00
0.00
0.00
42.00
0.00
13.00
226.00
571.00
351.00
725.00
89.00
403.00
315.00
20.00
0.00
98.00
145.00
146.00
441.00
79.00
555.00
69.00
9.00
7.00
198.00
350.00
446.00
505.00
0.00
0.00
34.00
123.00
319.00
169.00
149.00
57.00
80.00
20.00
68.00
69.00
9.00
28.00
77.00
54.00
16.00
5.00
2.00
80.00
111.00
261.00
370.00
341.00
26.00
282.00
114.00
55.00
20.00
101.00
137.00
159.00
184.00
26.00
308.00
31.00
11.00
44.00
325.00
92.00
4.00
49.00
1.00
138.00
169.00
172.00
107.00
8.00
18.00
0.00
0.00
114.00
773.00
232.00
7.00
58.00
22.00
16.00
100.00
236.00
150.00
263.00
100.00
51.00
693.00
96.00
279.00
174.00
180.00
206.00
62.00
120.00
150.00
131.00
0.00
121.00
108.00
33.00
25.00
56.00
23.00
3.00
114.00
631.00
9.00
35.00
15.00
0.00
13.00
314.00
284.00
33.00
7.00
18.00
0.00
0.00
23.00
27.00
93.00
419.00
118.00
21.00
122.00
294.00
1.00
26.00
94.00
146.00
322.00
7.00
1.00
1.00
0.00
12.00
6.00
0.00
0.00
0.00
0.00
760.00
746.00
410.00
589.00
1355.00
0.00
0.00
0.00
0.00
0.00
0.00
0.00
108.00
519.00
0.00
0.00
0.00
0.00
0.00
0.00
0.00
0.00
0.00
0.00
0.00
0.00
130.00
0.00
2.00
196.00
20.00
10.00
0.00
0.00
0.00
0.00
0.00
0.00
0.00
0.00
0.00
0.00
0.00
0.00
0.00
0.00
0.00
0.00
0.00
0.00
0.00
9.00
653.00
420.00
646.00
0.00
0.00
0.00
0.00
0.00
0.00
0.00
0.00
0.00
0.00
0.00
0.00
0.00
0.00
0.00
0.00
0.00
0.00
0.00
0.00
20.00
214.00
14.00
0.00
0.00
0.00
0.00
0.00
0.00
0.00
0.00
0.00
0.00
0.00
0.00
0.00
0.00
0.00
0.00
0.00
0.00
0.00
0.00
0.00
0.00
0.00
0.00
0.00
0.00
0.00
0.00
0.00
0.00
0.00
0.00
0.00
0.00
0.00
121.00
87.00
252.00
16.00
147.00
0.00
11.00
13.00
0.00
0.00
0.00
0.00
0.00
0.00
0.00
0.00
0.00
0.00
0.00
377.00
0.00
0.00
0.00
0.00
0.00
0.00
11.00
0.00
0.00
0.00
0.00
0.00
0.00
0.00
523.00
0.00
1.00
12.00
14.00
0.00
0.00
0.00
0.00
0.00
0.00
0.00
46.00
9.00
0.00
0.00
29.00
389.00
19.00
22.00
19.00
0.00
0.00
63.00
8.00
55.00
131.00
0.00
0.00
6.00
10.00
0.00
78.00
0.00
3.00
95.00
90.00
44.00
51.00
272.00
71.00
0.00
4.00
278.00
49.00
5.00
187.00
147.00
207.00
0.00
439.00
82.00
118.00
592.00
793.00
251.00
312.00
495.00
369.00
94.00
0.00
28.00
86.00
134.00
14.00
78.00
306.00
21.00
219.00
51.00
5.00
33.00
114.00
101.00
0.00
0.00
163.00
7.00
64.00
133.00
110.00
40.00
10.00
125.00
51.00
36.00
13.00
320.00
1558.00
555.00
161.00
1137.00
58.00
667.00
1059.00
0.00
1.00
1.00
188.00
0.00
0.00
35.00
25.00
58.00
4.00
64.00
62.00
6.00
0.00
3.00
0.00
10.00
139.00
70.00
4.00
3.00
13.00
24.00
8.00
17.00
35.00
87.00
496.00
189.00
464.00
5.00
7.00
43.00
24.00
78.00
179.00
18.00
30.00
191.00
1.00
2.00
1.00
41.00
85.00
57.00
98.00
17.00
10.00
9.00
86.00
136.00
55.00
56.00
53.00
26.00
388.00
74.00
42.00
551.00
439.00
359.00
629.00
15.00
409.00
13.00
89.00
162.00
0.00
53.00
29.00
225.00
139.00
86.00
4.00
4.00
2.00
18.00
44.00
0.00
30.00
167.00
45.00
0.00
0.00
0.00
50.00
5.00
1.00
165.00
1.00
0.00
14.00
5.00
2.00
196.00
119.00
261.00
24.00
1.00
39.00
6.00
143.00
7.00
0.00
0.00
1.00
0.00
0.00
0.00
0.00
0.00
0.00
0.00
0.00
0.00
27.00
110.00
320.00
429.00
10.00
7.00
0.00
0.00
0.00
0.00
0.00
0.00
0.00
0.00
0.00
0.00
0.00
0.00
131.00
178.00
200.00
83.00
1.00
0.00
14.00
14.00
0.00
0.00
3.00
0.00
0.00
0.00
0.00
0.00
0.00
0.00
0.00
0.00
0.00
0.00
0.00
0.00
0.00
0.00
0.00
0.00
0.00
0.00
0.00
0.00
0.00
0.00
0.00
0.00
0.00
0.00
0.00
0.00
0.00
0.00
0.00
0.00
0.00
0.00
0.00
0.00
0.00
0.00
4.00
110.00
7.00
0.00
0.00
0.00
0.00
0.00
0.00
0.00
0.00
0.00
0.00
0.00
0.00
0.00
0.00
0.00
0.00
0.00
0.00
0.00
0.00
0.00
0.00
0.00
0.00
0.00
0.00
0.00
0.00
0.00
0.00
0.00
0.00
0.00
0.00
0.00
0.00
0.00
0.00
0.00
0.00
0.00
0.00
0.00
0.00
0.00
0.00
0.00
0.00
0.00
0.00
0.00
0.00
0.00
0.00
0.00
0.00
0.00
0.00
0.00
0.00
13.00
0.00
0.00
0.00
0.00
0.00
0.00
2.90
57.10
60.10
63.90
28.00
0.00
0.00
0.00
1.40
18.50
0.50
0.00
0.00
0.00
0.00
0.00
0.00
0.00
0.00
0.20
0.20
107.60
1.50
0.00
1.60
0.00
0.20
0.00
0.00
0.00
0.80
8.70
0.00
0.00
0.00
75.00
29.30
112.90
16.00
0.00
0.90
20.70
0.00
20.10
24.00
0.00
0.50
2.00
2.20
0.00
0.00
0.40
0.00
0.00
0.00
0.20
0.00
0.20
0.00
0.00
0.00
0.00
0.00
1.40
0.00
0.00
0.00
0.00
15.60
53.60
0.00
0.00
0.00
0.00
0.00
0.00
0.00
0.00
18.90
19.30
2.00
6.90
4.40
12.90
0.10
0.10
0.00
2.60
2.60
114.00
12.90
0.00
1.80
0.00
0.00
0.00
5.70
40.00
8.00
20.70
48.80
0.30
0.00
0.90
4.80
0.40
0.00
0.00
57.80
71.40
165.40
12.20
0.10
0.00
0.00
25.30
7.20
5.10
0.50
1.00
0.10
7.20
2.10
0.10
37.70
12.00
23.90
1.40
3.70
2.80
21.20
4.70
14.10
9.40
16.70
55.80
55.80
37.40
37.40
58.20
0.20
0.20
1.50
0.70
0.20
0.20
0.20
7.30
5.10
0.00
5.80
62.30
8.20
5.10
0.90
1.30
12.50
1.70
3.10
16.20
19.80
35.90
16.40
16.70
9.70
6.70
4.30
0.20
1.70
77.50
5.40
26.00
13.40
0.20
5.00
0.00
0.80
10.10
22.20
187.70
33.80
24.90
1.40
3.90
0.50
5.20
0.10
11.90
3.60
11.30
41.40
11.40
63.20
12.00
14.40
1.50
0.90
7.80
7.50
4.90
7.10
0.60
0.50
1.30
4.60
0.80
0.20
0.60
0.20
11.00
34.10
10.10
52.10
22.80
0.10
0.00
0.10
26.30
7.40
7.40
26.20
0.00
2.80
1.80
16.80
12.40
4.50
22.90
23.80
0.00
0.00
0.00
0.00
1.10
11.70
0.00
0.00
0.00
0.00
0.30
13.20
1.40
0.30
0.30
1.60
