20160101
0.00
0.00
0.00
0.00
0.00
0.00
0.00
0.00
0.00
0.00
0.00
0.00
1.00
0.00
0.00
0.00
0.00
0.00
0.00
20.00
1.00
0.00
0.00
0.00
0.00
0.00
0.00
0.00
0.00
0.00
0.00
0.00
0.00
0.00
0.00
0.00
0.00
0.00
0.00
0.00
0.00
0.00
47.00
0.00
0.00
0.00
0.00
0.00
0.00
0.00
0.00
1.00
0.00
130.00
153.00
6.00
15.00
0.00
0.00
0.00
0.00
0.00
0.00
0.00
0.00
23.00
0.00
0.00
0.00
6.00
0.00
1.00
0.00
0.00
0.00
0.00
1.00
7.00
7.00
1.00
0.00
0.00
0.00
0.00
0.00
0.00
0.00
360.00
0.00
31.00
310.00
72.00
9.00
47.00
349.00
0.00
0.00
0.00
1.00
0.00
0.00
0.00
0.00
0.00
0.00
0.00
14.00
1.00
0.00
0.00
0.00
0.00
0.00
0.00
1.00
2.00
5.00
0.00
0.00
0.00
0.00
24.00
214.00
6.00
22.00
0.00
9.00
49.00
0.00
0.00
0.00
0.00
21.00
345.00
1.00
0.00
1.00
53.00
365.00
303.00
1115.00
763.00
2.00
0.00
345.00
78.00
0.00
13.00
271.00
264.00
6.00
71.00
0.00
0.00
0.00
3.00
0.00
234.00
303.00
288.00
206.00
193.00
921.00
229.00
237.00
0.00
0.00
12.00
50.00
6.00
3.00
7.00
2.00
2.00
44.00
24.00
154.00
9.00
11.00
274.00
132.00
0.00
50.00
38.00
252.00
341.00
42.00
56.00
289.00
75.00
17.00
23.00
1.00
91.00
130.00
10.00
262.00
114.00
75.00
289.00
46.00
9.00
4.00
4.00
25.00
95.00
262.00
0.00
14.00
83.00
212.00
147.00
413.00
64.00
14.00
109.00
51.00
9.00
13.00
2.00
55.00
71.00
503.00
104.00
0.00
191.00
278.00
80.00
296.00
19.00
1.00
0.00
402.00
1152.00
0.00
1.00
3.00
484.00
68.00
119.00
267.00
0.00
95.00
458.00
178.00
103.00
53.00
24.00
4.00
2.00
1.00
0.00
8.00
35.00
241.00
195.00
211.00
30.00
14.00
203.00
57.00
7.00
16.00
89.00
11.00
47.00
28.00
0.00
0.00
10.00
1121.00
90.00
0.00
189.00
430.00
166.00
72.00
134.00
20.00
92.00
354.00
47.00
106.00
231.00
1377.00
198.00
0.00
3.00
0.00
0.00
0.00
0.00
0.00
0.00
0.00
0.00
0.00
0.00
0.00
0.00
43.00
43.00
10.00
0.00
0.00
0.00
1.00
17.00
232.00
737.00
190.00
0.00
0.00
0.00
0.00
0.00
0.00
0.00
0.00
0.00
0.00
0.00
0.00
0.00
0.00
0.00
0.00
0.00
0.00
0.00
0.00
0.00
0.00
0.00
0.00
12.00
0.00
0.00
0.00
0.00
0.00
0.00
0.00
0.00
0.00
0.00
0.00
0.00
0.00
0.00
0.00
0.00
0.00
0.00
0.00
0.00
0.00
0.00
0.00
0.00
0.00
0.00
0.00
0.00
0.00
0.00
0.00
0.00
0.00
0.00
0.00
0.00
0.00
0.00
0.00
0.00
0.00
0.00
0.00
0.00
0.00
0.00
0.00
0.00
0.00
0.00
0.00
0.00
0.00
0.00
0.00
0.00
8.00
0.00
0.00
0.00
0.00
0.00
0.00
0.00
0.00
0.00
0.00
0.00
0.00
0.00
0.00
0.00
0.00
0.00
0.00
0.00
0.00
0.00
0.00
0.00
0.00
0.00
0.00
0.00
0.00
0.00
0.00
0.00
0.00
0.00
0.00
0.00
0.00
9.00
141.00
15.00
129.00
7.00
63.00
57.00
0.00
0.00
0.00
0.00
0.00
0.00
433.00
10.00
28.00
0.00
0.00
0.00
0.00
25.00
0.00
0.00
0.00
42.00
63.00
0.00
0.00
0.00
573.00
140.00
619.00
0.00
0.00
0.00
0.00
0.00
0.00
0.00
0.00
0.00
7.00
5.00
0.00
0.00
793.00
100.00
188.00
445.00
31.00
270.00
206.00
0.00
0.00
0.00
0.00
0.00
0.00
0.00
0.00
0.00
4.00
1.00
0.00
0.00
353.00
0.00
2.00
0.00
65.00
34.00
325.00
38.00
139.00
0.00
0.00
0.00
0.00
0.00
0.00
0.00
0.00
2.00
4.00
480.00
255.00
646.00
44.00
1948.00
17.00
4.00
200.00
15.00
0.00
183.00
975.00
5.00
287.00
528.00
223.00
569.00
0.00
175.00
146.00
70.00
155.00
544.00
52.00
246.00
43.00
3.00
25.00
4.00
18.00
7.00
35.00
13.00
63.00
212.00
407.00
519.00
120.00
196.00
4.00
0.00
4.00
34.00
174.00
31.00
100.00
73.00
80.00
29.00
68.00
95.00
278.00
721.00
2445.00
466.00
8.00
124.00
864.00
141.00
142.00
74.00
119.00
164.00
66.00
1.00
10.00
18.00
88.00
152.00
75.00
94.00
20.00
0.00
100.00
177.00
348.00
392.00
127.00
3.00
197.00
62.00
50.00
82.00
102.00
198.00
471.00
301.00
120.00
279.00
109.00
150.00
126.00
96.00
8.00
372.00
164.00
340.00
28.00
108.00
52.00
152.00
1.00
54.00
9.00
0.00
377.00
262.00
38.00
0.00
22.00
56.00
214.00
436.00
361.00
61.00
80.00
30.00
0.00
161.00
231.00
292.00
358.00
237.00
227.00
478.00
258.00
13.00
2.00
61.00
166.00
6.00
18.00
0.00
0.00
70.00
0.00
0.00
0.00
0.00
0.00
0.00
0.00
107.00
52.00
350.00
887.00
1581.00
0.00
0.00
0.00
0.00
0.00
0.00
8.00
317.00
113.00
0.00
0.00
0.00
0.00
0.00
0.00
0.00
0.00
0.00
0.00
0.00
0.00
16.00
0.00
0.00
287.00
12.00
17.00
0.00
0.00
0.00
0.00
0.00
0.00
0.00
0.00
0.00
0.00
0.00
0.00
0.00
0.00
0.00
0.00
0.00
0.00
2.00
53.00
1361.00
1036.00
1103.00
0.00
0.00
0.00
0.00
0.00
0.00
0.00
0.00
0.00
0.00
0.00
0.00
0.00
0.00
0.00
0.00
0.00
0.00
0.00
0.00
135.00
219.00
4.00
0.00
0.00
0.00
0.00
0.00
0.00
0.00
0.00
0.00
0.00
0.00
0.00
0.00
0.00
0.00
0.00
0.00
0.00
0.00
0.00
0.00
0.00
0.00
0.00
0.00
0.00
0.00
0.00
0.00
0.00
0.00
0.00
0.00
0.00
0.00
179.00
124.00
536.00
43.00
152.00
0.00
1.00
0.00
0.00
0.00
0.00
0.00
0.00
0.00
0.00
0.00
0.00
0.00
0.00
270.00
0.00
0.00
0.00
0.00
0.00
0.00
46.00
0.00
0.00
0.00
0.00
0.00
0.00
0.00
0.00
0.00
0.00
46.00
5.00
0.00
0.00
0.00
0.00
0.00
0.00
0.00
0.00
0.00
0.00
0.00
0.00
173.00
100.00
11.00
39.00
2.00
0.00
1.00
128.00
59.00
185.00
228.00
67.00
84.00
4.00
0.00
174.00
0.00
2.00
292.00
78.00
50.00
100.00
18.00
165.00
0.00
0.00
0.00
5.00
0.00
0.00
479.00
264.00
0.00
68.00
24.00
76.00
575.00
63.00
295.00
20.00
247.00
160.00
503.00
0.00
95.00
19.00
0.00
33.00
0.00
275.00
244.00
123.00
28.00
4.00
75.00
100.00
0.00
0.00
0.00
7.00
53.00
301.00
191.00
45.00
1.00
19.00
167.00
1.00
13.00
30.00
117.00
484.00
452.00
515.00
1626.00
10.00
83.00
72.00
139.00
9.00
3.00
200.00
18.00
0.00
6.00
104.00
198.00
12.00
24.00
18.00
1.00
0.00
0.00
5.00
433.00
538.00
63.00
7.00
13.00
7.00
3.00
2.00
2.00
73.00
16.00
158.00
130.00
21.00
45.00
14.00
2.00
3.00
71.00
112.00
63.00
510.00
223.00
48.00
51.00
143.00
94.00
19.00
12.00
50.00
139.00
63.00
31.00
200.00
345.00
217.00
19.00
45.00
10.00
57.00
31.00
117.00
126.00
574.00
22.00
27.00
270.00
93.00
61.00
10.00
124.00
3.00
30.00
27.00
110.00
33.00
1.00
1.00
0.00
23.00
2.00
2.00
29.00
13.00
166.00
20.00
0.00
0.00
0.00
64.00
2.00
23.00
339.00
4.00
4.00
101.00
0.00
0.00
86.00
271.00
104.00
1.00
0.00
65.00
33.00
54.00
5.00
0.00
0.00
3.00
0.00
0.00
0.00
0.00
0.00
0.00
0.00
0.00
23.00
202.00
234.00
482.00
393.00
214.00
0.00
0.00
0.00
0.00
0.00
0.00
0.00
0.00
0.00
0.00
0.00
0.00
0.00
4.00
38.00
223.00
68.00
9.00
0.00
0.00
0.00
0.00
0.00
0.00
0.00
0.00
0.00
0.00
0.00
0.00
0.00
0.00
0.00
0.00
0.00
0.00
0.00
0.00
0.00
0.00
0.00
0.00
0.00
0.00
0.00
0.00
0.00
0.00
0.00
0.00
0.00
0.00
0.00
0.00
0.00
0.00
0.00
0.00
0.00
0.00
0.00
0.00
0.00
43.00
33.00
1.00
0.00
0.00
0.00
0.00
0.00
0.00
0.00
0.00
0.00
0.00
0.00
0.00
0.00
0.00
0.00
0.00
0.00
0.00
0.00
0.00
0.00
0.00
0.00
0.00
0.00
0.00
0.00
0.00
0.00
0.00
0.00
0.00
0.00
0.00
0.00
0.00
0.00
0.00
0.00
0.00
0.00
0.00
0.00
0.00
0.00
0.00
0.00
0.00
0.00
0.00
0.00
0.00
0.00
0.00
0.00
0.00
0.00
0.00
0.00
4.00
1.00
0.00
0.00
0.00
0.00
0.00
0.00
0.20
87.00
73.90
42.30
25.00
0.00
0.00
0.00
2.60
18.80
0.00
0.00
0.00
0.00
0.00
0.20
0.00
0.00
0.00
0.70
2.80
5.50
0.20
0.90
1.90
0.00
0.00
0.00
0.00
0.00
0.00
0.10
0.00
0.00
0.00
23.70
16.70
62.40
33.80
0.00
1.10
15.20
0.00
13.90
46.40
1.80
8.20
0.50
14.10
0.00
0.00
0.00
0.00
0.00
0.00
0.00
0.00
0.20
0.00
0.00
0.00
0.00
0.00
0.00
0.00
0.00
0.00
0.80
95.80
114.50
0.00
0.00
0.00
0.00
0.00
0.00
0.00
0.00
17.40
0.70
0.80
3.40
7.50
0.00
0.00
0.00
0.00
12.80
12.80
132.10
5.30
0.40
0.00
0.00
0.00
0.00
0.00
23.00
1.20
1.70
5.00
0.20
0.30
0.70
6.80
5.30
0.50
0.00
4.00
96.40
9.80
50.60
0.00
0.00
1.90
16.80
5.40
2.80
0.00
0.00
0.30
3.70
4.90
14.70
1.40
2.90
2.80
0.50
1.70
1.00
1.00
0.10
11.70
44.30
59.80
78.70
78.70
117.30
117.30
32.30
0.00
0.00
0.70
54.70
0.00
0.00
0.00
1.10
1.80
10.10
2.70
42.80
2.70
7.00
0.00
1.40
22.50
5.70
4.50
4.50
4.70
61.40
49.10
6.00
1.00
34.60
6.40
0.00
41.80
29.10
26.40
61.50
18.10
5.40
0.50
0.00
0.30
11.90
14.80
27.60
36.50
24.90
16.10
0.50
1.40
2.80
0.00
24.40
30.50
21.10
25.30
2.40
13.50
3.30
2.50
6.50
21.60
22.80
6.40
3.50
45.00
7.30
0.50
1.80
0.10
2.40
4.10
0.90
0.30
2.20
34.10
3.70
15.60
11.60
0.30
16.10
0.00
17.00
20.10
20.10
38.20
0.10
0.00
2.90
15.00
2.10
5.80
23.30
30.80
0.00
0.00
0.00
0.00
0.00
2.50
0.00
0.00
0.00
0.00
0.30
4.30
3.70
0.00
0.00
1.20
