20160101
0.00
0.00
0.00
0.00
0.00
0.00
0.00
0.00
0.00
0.00
0.00
0.00
0.00
0.00
0.00
0.00
0.00
0.00
0.00
0.00
1.00
0.00
0.00
0.00
0.00
0.00
0.00
0.00
0.00
0.00
0.00
0.00
0.00
0.00
0.00
0.00
0.00
0.00
0.00
0.00
0.00
0.00
0.00
0.00
0.00
0.00
0.00
0.00
0.00
0.00
3.00
0.00
9.00
20.00
32.00
0.00
54.00
2.00
18.00
0.00
0.00
0.00
0.00
3.00
0.00
0.00
0.00
0.00
1.00
0.00
0.00
0.00
1.00
2.00
0.00
10.00
0.00
0.00
2.00
0.00
66.00
0.00
4.00
0.00
0.00
0.00
0.00
302.00
0.00
127.00
296.00
13.00
0.00
20.00
47.00
494.00
19.00
0.00
0.00
0.00
1.00
0.00
0.00
0.00
66.00
6.00
271.00
85.00
0.00
77.00
85.00
122.00
153.00
40.00
25.00
69.00
9.00
4.00
70.00
1.00
32.00
40.00
19.00
0.00
51.00
2.00
0.00
0.00
0.00
0.00
1.00
2.00
53.00
20.00
2.00
33.00
0.00
274.00
287.00
18.00
94.00
759.00
2.00
1.00
5.00
0.00
0.00
0.00
0.00
0.00
0.00
1.00
0.00
2.00
0.00
21.00
27.00
24.00
178.00
28.00
173.00
79.00
33.00
10.00
21.00
3.00
92.00
146.00
114.00
218.00
78.00
63.00
14.00
306.00
4.00
98.00
36.00
20.00
16.00
2.00
52.00
234.00
221.00
159.00
11.00
39.00
5.00
10.00
184.00
133.00
177.00
23.00
66.00
43.00
20.00
65.00
201.00
255.00
0.00
2.00
44.00
7.00
127.00
169.00
121.00
18.00
166.00
0.00
18.00
40.00
13.00
134.00
155.00
41.00
19.00
1.00
45.00
154.00
161.00
28.00
26.00
164.00
5.00
26.00
13.00
99.00
0.00
53.00
97.00
0.00
0.00
2.00
413.00
5.00
1.00
24.00
0.00
56.00
0.00
24.00
2.00
28.00
72.00
148.00
49.00
7.00
8.00
28.00
24.00
4.00
55.00
10.00
193.00
79.00
57.00
0.00
18.00
0.00
27.00
0.00
60.00
0.00
60.00
120.00
0.00
5.00
0.00
64.00
42.00
3.00
6.00
2.00
0.00
16.00
3.00
14.00
0.00
0.00
91.00
0.00
0.00
0.00
24.00
87.00
0.00
87.00
30.00
0.00
0.00
0.00
0.00
0.00
0.00
0.00
0.00
0.00
0.00
0.00
0.00
0.00
120.00
143.00
15.00
1.00
0.00
0.00
6.00
10.00
43.00
188.00
40.00
0.00
0.00
0.00
0.00
0.00
0.00
0.00
0.00
0.00
0.00
0.00
0.00
0.00
0.00
0.00
0.00
0.00
0.00
0.00
0.00
0.00
0.00
0.00
0.00
10.00
16.00
0.00
0.00
0.00
0.00
0.00
0.00
0.00
0.00
0.00
0.00
0.00
0.00
0.00
0.00
0.00
0.00
0.00
0.00
0.00
0.00
0.00
0.00
0.00
0.00
0.00
0.00
0.00
0.00
0.00
0.00
0.00
0.00
0.00
0.00
0.00
0.00
0.00
0.00
0.00
0.00
0.00
0.00
0.00
0.00
0.00
0.00
0.00
0.00
0.00
0.00
0.00
0.00
0.00
0.00
0.00
14.00
0.00
0.00
0.00
0.00
0.00
0.00
0.00
0.00
0.00
0.00
0.00
0.00
0.00
0.00
0.00
0.00
0.00
0.00
0.00
0.00
0.00
0.00
0.00
0.00
0.00
0.00
0.00
0.00
0.00
0.00
0.00
0.00
0.00
0.00
0.00
0.00
0.00
8.00
0.00
97.00
0.00
36.00
53.00
2.00
0.00
0.00
0.00
0.00
0.00
48.00
0.00
58.00
0.00
0.00
0.00
0.00
20.00
0.00
0.00
0.00
73.00
262.00
87.00
128.00
29.00
340.00
320.00
3.00
0.00
0.00
0.00
11.00
0.00
0.00
0.00
0.00
0.00
14.00
3.00
5.00
0.00
104.00
47.00
71.00
77.00
42.00
50.00
19.00
0.00
0.00
26.00
0.00
7.00
70.00
0.00
0.00
1.00
6.00
35.00
0.00
0.00
139.00
0.00
3.00
2.00
28.00
16.00
74.00
13.00
2.00
0.00
1.00
0.00
4.00
3.00
0.00
0.00
0.00
1.00
78.00
89.00
121.00
105.00
19.00
56.00
29.00
17.00
2.00
5.00
0.00
3.00
24.00
86.00
148.00
56.00
73.00
25.00
0.00
49.00
49.00
28.00
9.00
38.00
0.00
36.00
161.00
35.00
0.00
1.00
22.00
48.00
34.00
443.00
174.00
123.00
30.00
163.00
298.00
15.00
2.00
13.00
336.00
192.00
104.00
326.00
7.00
19.00
22.00
13.00
38.00
238.00
160.00
325.00
112.00
49.00
302.00
135.00
28.00
36.00
139.00
7.00
89.00
32.00
14.00
27.00
11.00
23.00
75.00
33.00
155.00
61.00
8.00
3.00
4.00
12.00
19.00
11.00
17.00
16.00
101.00
59.00
4.00
87.00
7.00
14.00
10.00
40.00
0.00
0.00
199.00
746.00
58.00
38.00
89.00
29.00
11.00
46.00
9.00
1.00
14.00
10.00
6.00
187.00
30.00
32.00
52.00
85.00
41.00
233.00
58.00
1.00
716.00
577.00
294.00
219.00
76.00
0.00
1.00
5.00
0.00
0.00
163.00
4.00
205.00
26.00
15.00
115.00
1.00
6.00
2.00
20.00
17.00
0.00
20.00
13.00
0.00
1.00
0.00
8.00
0.00
1.00
0.00
0.00
0.00
5.00
62.00
113.00
4.00
0.00
0.00
0.00
0.00
0.00
0.00
171.00
57.00
2.00
0.00
0.00
0.00
0.00
0.00
0.00
0.00
0.00
0.00
0.00
0.00
40.00
0.00
0.00
157.00
10.00
28.00
0.00
0.00
0.00
0.00
0.00
0.00
0.00
0.00
0.00
0.00
0.00
0.00
0.00
0.00
0.00
0.00
0.00
0.00
2.00
17.00
303.00
192.00
53.00
0.00
0.00
0.00
0.00
0.00
0.00
0.00
0.00
0.00
0.00
0.00
2.00
0.00
0.00
0.00
0.00
0.00
0.00
0.00
0.00
39.00
186.00
160.00
0.00
0.00
0.00
0.00
0.00
0.00
0.00
0.00
0.00
0.00
0.00
0.00
0.00
0.00
0.00
0.00
0.00
0.00
0.00
0.00
0.00
0.00
0.00
0.00
0.00
0.00
0.00
0.00
0.00
0.00
0.00
0.00
0.00
0.00
0.00
15.00
23.00
173.00
0.00
1.00
0.00
0.00
0.00
0.00
0.00
0.00
0.00
0.00
0.00
0.00
0.00
0.00
0.00
0.00
31.00
0.00
0.00
0.00
0.00
0.00
0.00
0.00
0.00
0.00
0.00
0.00
0.00
0.00
0.00
10.00
0.00
0.00
37.00
29.00
0.00
0.00
0.00
0.00
0.00
0.00
0.00
0.00
1.00
2.00
0.00
0.00
8.00
4.00
0.00
83.00
16.00
0.00
31.00
0.00
4.00
93.00
0.00
36.00
3.00
0.00
4.00
4.00
5.00
0.00
93.00
46.00
21.00
0.00
63.00
2.00
0.00
0.00
0.00
7.00
0.00
67.00
27.00
30.00
10.00
88.00
4.00
13.00
19.00
117.00
257.00
152.00
399.00
180.00
154.00
21.00
158.00
0.00
0.00
0.00
0.00
0.00
3.00
0.00
2.00
400.00
14.00
26.00
0.00
49.00
45.00
17.00
102.00
8.00
24.00
11.00
14.00
199.00
143.00
18.00
1.00
1.00
112.00
75.00
158.00
320.00
356.00
0.00
3.00
13.00
0.00
0.00
6.00
0.00
16.00
58.00
57.00
63.00
3.00
17.00
81.00
11.00
44.00
10.00
13.00
75.00
8.00
0.00
1.00
7.00
12.00
22.00
9.00
38.00
36.00
20.00
9.00
104.00
17.00
50.00
1.00
3.00
1.00
11.00
28.00
362.00
137.00
23.00
280.00
11.00
0.00
174.00
26.00
68.00
253.00
95.00
121.00
2.00
0.00
24.00
178.00
96.00
2.00
30.00
7.00
73.00
44.00
64.00
230.00
164.00
11.00
2.00
3.00
46.00
80.00
71.00
9.00
30.00
56.00
66.00
10.00
62.00
131.00
11.00
3.00
64.00
23.00
33.00
1.00
10.00
33.00
1.00
0.00
0.00
10.00
340.00
76.00
0.00
0.00
3.00
47.00
7.00
0.00
6.00
38.00
82.00
0.00
2.00
40.00
80.00
5.00
1.00
0.00
110.00
27.00
0.00
0.00
0.00
0.00
0.00
0.00
0.00
2.00
1.00
0.00
118.00
31.00
335.00
299.00
2.00
0.00
0.00
0.00
0.00
0.00
0.00
0.00
0.00
0.00
0.00
0.00
0.00
0.00
246.00
15.00
101.00
36.00
34.00
0.00
0.00
0.00
0.00
0.00
0.00
0.00
0.00
0.00
0.00
0.00
0.00
0.00
0.00
0.00
0.00
0.00
0.00
0.00
0.00
0.00
0.00
0.00
0.00
0.00
0.00
0.00
0.00
0.00
0.00
0.00
0.00
0.00
0.00
27.00
1.00
0.00
0.00
0.00
0.00
0.00
0.00
0.00
1.00
0.00
9.00
67.00
25.00
0.00
0.00
0.00
0.00
0.00
0.00
0.00
0.00
0.00
0.00
0.00
0.00
0.00
0.00
0.00
0.00
0.00
0.00
0.00
0.00
0.00
0.00
0.00
0.00
0.00
0.00
0.00
0.00
0.00
0.00
0.00
0.00
0.00
0.00
0.00
0.00
0.00
0.00
0.00
0.00
0.00
0.00
0.00
0.00
0.00
0.00
0.00
0.00
0.00
0.00
0.00
0.00
0.00
0.00
0.00
0.00
0.00
0.00
0.00
0.00
0.00
0.00
0.00
0.00
0.00
0.00
0.00
0.00
83.10
103.30
79.10
64.60
0.00
0.00
0.00
0.00
27.10
0.00
0.00
0.00
0.00
0.00
0.00
0.00
0.00
0.00
0.00
0.00
0.00
5.10
0.00
0.00
0.00
1.90
0.00
0.00
0.00
0.00
14.40
0.00
0.00
0.00
21.30
6.20
58.00
0.10
5.80
1.20
3.70
3.60
6.20
26.10
0.00
0.00
0.60
0.00
0.00
2.50
0.30
1.40
0.00
0.00
0.00
0.00
0.60
0.00
0.00
0.00
0.00
0.00
3.00
0.00
0.00
0.00
6.90
17.20
1.80
0.00
0.00
0.00
0.00
0.00
0.00
0.00
0.00
0.00
3.30
0.20
0.30
6.50
0.00
0.00
0.00
0.00
0.00
0.00
15.90
0.00
0.00
0.00
0.00
0.00
0.00
0.10
3.80
10.10
0.60
7.00
0.20
5.20
5.10
2.50
9.90
40.20
7.80
2.30
3.00
21.00
0.00
0.00
0.00
26.30
8.30
4.00
2.70
9.50
0.60
2.80
17.80
3.00
0.10
1.00
2.40
1.40
0.00
0.00
0.00
1.30
9.10
13.10
0.40
7.20
1.70
1.70
6.30
6.30
2.90
0.90
0.90
0.00
0.00
0.90
0.90
0.90
0.50
19.20
6.60
20.10
33.20
41.50
6.30
0.00
11.40
12.40
2.80
4.60
14.70
1.30
3.30
74.40
4.00
3.80
9.60
7.60
4.20
17.20
12.40
9.60
1.80
0.10
0.50
1.20
0.80
0.10
5.20
1.30
17.00
54.00
22.30
0.00
2.60
0.10
21.90
0.00
2.10
22.10
27.30
4.50
2.70
4.40
3.10
1.50
0.20
5.90
2.90
2.20
3.10
5.70
1.50
0.50
15.60
4.90
0.60
0.10
0.20
11.30
12.30
14.80
7.30
13.00
13.10
0.20
0.00
1.40
17.00
0.90
0.90
2.60
0.30
0.00
0.40
5.30
12.50
12.50
5.70
5.70
0.00
0.00
0.00
0.00
16.70
6.70
0.00
1.40
1.20
0.00
0.60
6.40
1.10
0.10
0.80
1.00
