20160101
0.00
0.00
0.00
0.00
0.00
0.00
0.00
0.00
0.00
0.00
0.00
0.00
0.00
0.00
0.00
0.00
0.00
8.00
0.00
23.00
0.00
0.00
0.00
0.00
0.00
0.00
0.00
0.00
0.00
0.00
0.00
0.00
0.00
0.00
0.00
0.00
0.00
0.00
12.00
0.00
0.00
3.00
0.00
0.00
0.00
0.00
0.00
0.00
0.00
0.00
0.00
0.00
0.00
1.00
108.00
0.00
50.00
0.00
0.00
0.00
0.00
0.00
0.00
0.00
0.00
233.00
0.00
0.00
0.00
0.00
0.00
0.00
0.00
0.00
0.00
0.00
0.00
96.00
3.00
0.00
1.00
0.00
0.00
0.00
0.00
0.00
0.00
22.00
239.00
658.00
672.00
1.00
2.00
108.00
21.00
4.00
0.00
0.00
0.00
0.00
0.00
0.00
0.00
0.00
0.00
0.00
359.00
0.00
0.00
0.00
0.00
0.00
0.00
0.00
0.00
0.00
0.00
9.00
0.00
0.00
0.00
24.00
126.00
7.00
0.00
1.00
113.00
107.00
2.00
15.00
3.00
6.00
66.00
639.00
9.00
58.00
0.00
30.00
63.00
83.00
327.00
1007.00
1.00
0.00
102.00
58.00
146.00
0.00
147.00
2.00
29.00
70.00
6.00
0.00
0.00
0.00
0.00
1.00
147.00
0.00
67.00
0.00
916.00
110.00
52.00
7.00
4.00
6.00
52.00
12.00
14.00
17.00
1.00
53.00
13.00
11.00
3.00
300.00
4.00
93.00
26.00
19.00
183.00
55.00
146.00
64.00
70.00
190.00
187.00
151.00
32.00
8.00
0.00
19.00
9.00
1.00
382.00
278.00
279.00
100.00
92.00
24.00
29.00
19.00
28.00
37.00
93.00
12.00
15.00
31.00
188.00
301.00
219.00
181.00
21.00
59.00
20.00
30.00
5.00
26.00
34.00
38.00
234.00
61.00
19.00
131.00
182.00
189.00
673.00
103.00
21.00
0.00
119.00
164.00
4.00
0.00
0.00
622.00
59.00
156.00
426.00
7.00
26.00
203.00
183.00
293.00
79.00
25.00
16.00
14.00
19.00
11.00
19.00
4.00
87.00
235.00
594.00
3.00
10.00
10.00
133.00
162.00
133.00
121.00
7.00
152.00
10.00
138.00
34.00
70.00
56.00
189.00
0.00
166.00
74.00
22.00
5.00
506.00
94.00
57.00
161.00
37.00
0.00
4.00
10.00
22.00
0.00
0.00
0.00
0.00
0.00
0.00
0.00
0.00
0.00
0.00
0.00
0.00
0.00
0.00
186.00
15.00
129.00
0.00
0.00
0.00
0.00
72.00
327.00
238.00
0.00
0.00
0.00
0.00
0.00
0.00
0.00
0.00
0.00
0.00
0.00
0.00
0.00
0.00
0.00
0.00
0.00
0.00
0.00
0.00
0.00
0.00
0.00
0.00
0.00
0.00
0.00
0.00
0.00
0.00
0.00
0.00
0.00
0.00
0.00
0.00
0.00
0.00
0.00
0.00
0.00
0.00
0.00
0.00
0.00
0.00
0.00
0.00
0.00
0.00
0.00
0.00
0.00
0.00
0.00
0.00
0.00
0.00
0.00
0.00
0.00
0.00
0.00
0.00
0.00
0.00
0.00
0.00
0.00
0.00
0.00
0.00
0.00
0.00
0.00
0.00
0.00
0.00
0.00
0.00
0.00
0.00
2.00
0.00
0.00
0.00
0.00
0.00
0.00
0.00
0.00
0.00
0.00
0.00
0.00
0.00
0.00
0.00
0.00
0.00
0.00
0.00
0.00
0.00
0.00
0.00
0.00
0.00
0.00
0.00
0.00
0.00
0.00
0.00
0.00
0.00
0.00
0.00
0.00
44.00
4.00
0.00
76.00
1.00
154.00
287.00
0.00
0.00
0.00
0.00
0.00
0.00
107.00
30.00
42.00
0.00
0.00
0.00
0.00
101.00
0.00
12.00
36.00
37.00
34.00
5.00
0.00
0.00
233.00
3.00
262.00
0.00
0.00
0.00
0.00
0.00
0.00
0.00
0.00
0.00
5.00
0.00
0.00
54.00
574.00
1.00
147.00
928.00
83.00
274.00
100.00
0.00
5.00
0.00
145.00
18.00
440.00
0.00
0.00
0.00
13.00
16.00
0.00
0.00
97.00
0.00
0.00
0.00
13.00
273.00
817.00
17.00
127.00
1.00
173.00
0.00
0.00
0.00
0.00
0.00
0.00
29.00
2.00
10.00
140.00
264.00
78.00
431.00
30.00
0.00
27.00
514.00
0.00
0.00
47.00
37.00
90.00
228.00
421.00
37.00
114.00
63.00
606.00
411.00
312.00
779.00
3.00
8.00
58.00
4.00
83.00
12.00
21.00
30.00
29.00
67.00
112.00
121.00
100.00
183.00
303.00
108.00
5.00
7.00
10.00
35.00
147.00
261.00
419.00
25.00
30.00
25.00
108.00
180.00
40.00
260.00
403.00
149.00
143.00
50.00
283.00
192.00
93.00
66.00
13.00
44.00
28.00
1.00
6.00
149.00
94.00
201.00
71.00
4.00
12.00
3.00
58.00
303.00
400.00
327.00
199.00
304.00
81.00
35.00
188.00
114.00
93.00
66.00
234.00
71.00
82.00
65.00
30.00
94.00
235.00
7.00
141.00
76.00
172.00
83.00
39.00
323.00
82.00
7.00
25.00
183.00
59.00
250.00
623.00
975.00
1.00
15.00
14.00
3.00
7.00
132.00
262.00
127.00
58.00
130.00
1.00
1.00
6.00
25.00
47.00
315.00
203.00
233.00
52.00
97.00
4.00
4.00
0.00
7.00
57.00
23.00
58.00
48.00
0.00
0.00
7.00
0.00
5.00
4.00
0.00
0.00
28.00
256.00
1141.00
461.00
0.00
0.00
0.00
0.00
0.00
0.00
0.00
12.00
63.00
0.00
0.00
0.00
0.00
0.00
0.00
0.00
0.00
0.00
0.00
0.00
0.00
91.00
0.00
13.00
478.00
71.00
1.00
0.00
1.00
0.00
0.00
0.00
0.00
0.00
0.00
0.00
0.00
0.00
0.00
0.00
0.00
0.00
0.00
0.00
0.00
4.00
1.00
144.00
236.00
70.00
0.00
0.00
0.00
0.00
0.00
0.00
0.00
0.00
2.00
0.00
0.00
0.00
0.00
0.00
0.00
0.00
0.00
0.00
0.00
0.00
35.00
256.00
0.00
0.00
0.00
0.00
0.00
0.00
0.00
0.00
0.00
0.00
0.00
0.00
0.00
0.00
0.00
0.00
0.00
0.00
0.00
0.00
0.00
0.00
0.00
0.00
0.00
0.00
0.00
0.00
0.00
0.00
0.00
0.00
0.00
0.00
12.00
0.00
688.00
391.00
248.00
268.00
74.00
0.00
321.00
179.00
0.00
0.00
0.00
0.00
0.00
6.00
0.00
0.00
0.00
0.00
106.00
539.00
0.00
0.00
0.00
0.00
0.00
0.00
100.00
0.00
0.00
0.00
0.00
0.00
0.00
0.00
0.00
0.00
35.00
78.00
4.00
0.00
0.00
0.00
0.00
0.00
0.00
0.00
19.00
1.00
0.00
2.00
0.00
509.00
253.00
0.00
45.00
0.00
0.00
57.00
168.00
316.00
29.00
1.00
0.00
111.00
79.00
0.00
242.00
0.00
51.00
423.00
32.00
181.00
70.00
290.00
138.00
1.00
0.00
14.00
108.00
0.00
0.00
478.00
79.00
2.00
197.00
0.00
108.00
1337.00
98.00
82.00
12.00
207.00
135.00
546.00
0.00
112.00
3.00
363.00
74.00
0.00
156.00
27.00
187.00
393.00
6.00
7.00
24.00
26.00
0.00
0.00
8.00
0.00
98.00
376.00
84.00
11.00
24.00
115.00
1.00
0.00
140.00
51.00
200.00
603.00
20.00
755.00
3.00
33.00
188.00
70.00
1.00
0.00
256.00
0.00
0.00
6.00
19.00
5.00
45.00
28.00
9.00
9.00
2.00
2.00
22.00
23.00
251.00
88.00
36.00
3.00
22.00
5.00
8.00
5.00
20.00
83.00
284.00
413.00
79.00
1.00
8.00
0.00
28.00
40.00
83.00
29.00
863.00
218.00
173.00
13.00
31.00
147.00
4.00
12.00
74.00
20.00
15.00
3.00
11.00
86.00
112.00
10.00
4.00
3.00
57.00
14.00
56.00
69.00
150.00
40.00
293.00
169.00
253.00
74.00
59.00
44.00
1.00
40.00
44.00
40.00
59.00
17.00
3.00
1.00
0.00
7.00
1.00
23.00
12.00
229.00
15.00
0.00
0.00
23.00
2.00
21.00
166.00
60.00
3.00
46.00
4.00
1.00
0.00
9.00
139.00
166.00
7.00
0.00
6.00
1.00
92.00
26.00
31.00
0.00
59.00
0.00
0.00
0.00
0.00
0.00
0.00
0.00
0.00
0.00
56.00
82.00
78.00
115.00
15.00
0.00
0.00
0.00
0.00
0.00
0.00
0.00
0.00
0.00
0.00
0.00
0.00
0.00
9.00
47.00
38.00
36.00
0.00
0.00
0.00
0.00
0.00
28.00
6.00
0.00
0.00
0.00
0.00
0.00
14.00
0.00
0.00
0.00
0.00
0.00
0.00
0.00
1.00
0.00
0.00
0.00
0.00
0.00
0.00
0.00
0.00
0.00
0.00
0.00
0.00
0.00
0.00
1.00
4.00
0.00
0.00
0.00
0.00
0.00
0.00
0.00
0.00
0.00
27.00
121.00
32.00
0.00
0.00
0.00
0.00
0.00
0.00
0.00
0.00
0.00
0.00
0.00
0.00
0.00
0.00
0.00
0.00
0.00
0.00
0.00
0.00
0.00
0.00
0.00
0.00
0.00
0.00
0.00
0.00
0.00
0.00
0.00
0.00
0.00
0.00
0.00
0.00
0.00
0.00
0.00
0.00
0.00
0.00
0.00
0.00
0.00
0.00
0.00
0.00
0.00
0.00
0.00
0.00
0.00
0.00
0.00
0.00
0.00
0.00
0.00
0.00
3.00
0.00
0.00
0.00
0.00
0.00
0.00
4.70
26.20
15.30
37.00
5.10
0.00
0.00
0.00
0.20
3.10
0.00
0.00
0.00
0.00
0.00
0.00
0.00
0.00
0.50
6.60
0.00
47.50
0.60
0.10
0.00
0.00
0.30
0.00
0.00
0.00
2.10
0.10
0.00
0.00
5.60
53.20
0.80
88.90
9.70
0.00
0.40
81.00
0.10
18.70
42.70
0.70
4.60
4.50
37.10
0.00
0.00
11.40
0.00
0.00
0.00
0.00
7.80
0.00
0.00
0.00
0.00
0.00
0.00
0.00
0.00
0.00
0.00
0.00
72.30
40.20
0.00
0.00
0.00
0.00
0.00
0.00
1.10
0.00
21.70
0.60
0.00
0.00
0.90
0.00
1.70
1.70
0.00
30.30
30.30
75.10
2.70
0.00
3.10
0.00
0.00
0.60
4.60
19.50
50.80
3.80
28.70
35.30
1.60
1.30
0.60
1.00
0.00
0.00
0.30
4.20
28.10
59.10
0.00
50.40
1.40
1.70
3.20
7.00
10.40
0.00
0.00
3.60
3.20
4.90
7.40
0.00
1.00
0.90
6.90
0.60
0.30
4.10
3.30
13.10
22.40
10.50
10.50
33.00
33.00
53.70
1.00
1.00
4.70
2.50
1.00
1.00
1.00
2.30
12.20
2.80
21.80
63.00
4.00
1.70
1.80
5.00
12.00
11.30
2.40
4.90
4.10
36.50
22.00
5.10
7.30
30.60
1.30
1.00
9.40
25.60
39.20
57.20
21.80
0.70
1.20
0.30
1.80
4.30
5.50
27.90
24.30
14.80
0.50
0.40
0.00
2.90
0.00
0.80
9.80
50.80
44.90
6.40
18.60
1.70
0.00
1.70
1.10
7.70
3.20
1.30
17.00
16.50
0.50
0.10
0.20
0.20
0.30
0.30
1.70
4.90
7.60
1.50
25.60
52.40
5.10
4.90
11.20
12.60
11.70
11.70
26.30
0.70
1.70
11.50
20.70
3.00
1.00
16.60
8.00
0.00
0.30
0.00
0.00
0.30
6.30
0.00
0.00
2.10
0.00
0.20
5.10
1.20
0.00
0.20
2.80
