20160101
0.00
0.00
0.00
0.00
0.00
0.00
0.00
0.00
48.00
0.00
0.00
0.00
0.00
0.00
0.00
0.00
0.00
0.00
0.00
10.00
0.00
0.00
0.00
0.00
0.00
0.00
0.00
0.00
0.00
0.00
0.00
0.00
0.00
0.00
0.00
0.00
0.00
0.00
0.00
0.00
0.00
0.00
0.00
0.00
0.00
0.00
0.00
0.00
0.00
0.00
4.00
0.00
0.00
353.00
126.00
0.00
13.00
0.00
0.00
0.00
1.00
2.00
0.00
0.00
0.00
348.00
0.00
0.00
0.00
0.00
5.00
0.00
0.00
1.00
0.00
31.00
0.00
0.00
0.00
0.00
129.00
0.00
5.00
0.00
0.00
0.00
0.00
499.00
3.00
58.00
359.00
126.00
0.00
565.00
454.00
96.00
6.00
0.00
0.00
0.00
0.00
0.00
0.00
0.00
16.00
25.00
208.00
387.00
0.00
13.00
4.00
82.00
9.00
0.00
0.00
60.00
5.00
27.00
0.00
0.00
0.00
219.00
320.00
219.00
324.00
81.00
31.00
33.00
0.00
1.00
7.00
3.00
210.00
136.00
44.00
171.00
6.00
238.00
83.00
46.00
325.00
791.00
13.00
0.00
40.00
79.00
2.00
0.00
83.00
127.00
23.00
41.00
8.00
17.00
102.00
845.00
4.00
5.00
22.00
3.00
24.00
86.00
253.00
44.00
42.00
0.00
2.00
256.00
249.00
4.00
6.00
10.00
5.00
20.00
100.00
30.00
34.00
46.00
81.00
190.00
111.00
8.00
98.00
59.00
60.00
64.00
1.00
0.00
122.00
65.00
122.00
35.00
51.00
3.00
1.00
12.00
131.00
30.00
19.00
29.00
12.00
3.00
12.00
34.00
129.00
84.00
202.00
86.00
3.00
55.00
127.00
114.00
13.00
87.00
94.00
123.00
114.00
138.00
12.00
132.00
87.00
26.00
108.00
0.00
50.00
124.00
255.00
131.00
92.00
75.00
3.00
0.00
133.00
47.00
0.00
2.00
1.00
724.00
40.00
51.00
1.00
203.00
204.00
243.00
99.00
4.00
59.00
28.00
124.00
11.00
13.00
9.00
0.00
3.00
13.00
125.00
910.00
528.00
0.00
176.00
275.00
131.00
87.00
294.00
31.00
103.00
26.00
0.00
49.00
123.00
53.00
160.00
62.00
462.00
23.00
70.00
0.00
339.00
75.00
110.00
211.00
175.00
3.00
25.00
245.00
183.00
0.00
0.00
0.00
0.00
0.00
0.00
0.00
0.00
0.00
0.00
0.00
0.00
0.00
0.00
7.00
0.00
108.00
0.00
0.00
0.00
3.00
78.00
254.00
480.00
232.00
0.00
0.00
0.00
0.00
0.00
0.00
0.00
0.00
0.00
0.00
0.00
0.00
0.00
0.00
0.00
0.00
0.00
0.00
0.00
0.00
0.00
0.00
0.00
0.00
0.00
0.00
0.00
0.00
0.00
0.00
0.00
0.00
0.00
0.00
0.00
0.00
0.00
0.00
0.00
0.00
0.00
0.00
0.00
0.00
0.00
0.00
0.00
0.00
0.00
0.00
0.00
0.00
0.00
0.00
0.00
0.00
0.00
0.00
0.00
0.00
0.00
0.00
0.00
0.00
0.00
0.00
0.00
0.00
0.00
0.00
0.00
0.00
0.00
0.00
0.00
0.00
0.00
0.00
0.00
0.00
0.00
2.00
0.00
0.00
0.00
0.00
0.00
0.00
0.00
0.00
0.00
0.00
0.00
0.00
0.00
0.00
0.00
0.00
0.00
0.00
0.00
0.00
0.00
0.00
0.00
0.00
0.00
4.00
129.00
0.00
0.00
0.00
0.00
0.00
0.00
0.00
0.00
0.00
33.00
47.00
0.00
261.00
0.00
90.00
181.00
0.00
0.00
0.00
0.00
0.00
0.00
98.00
0.00
78.00
0.00
0.00
0.00
0.00
118.00
0.00
0.00
1.00
160.00
559.00
35.00
0.00
1.00
347.00
392.00
673.00
0.00
0.00
0.00
0.00
0.00
0.00
0.00
0.00
0.00
28.00
8.00
0.00
0.00
789.00
705.00
124.00
764.00
48.00
346.00
119.00
0.00
0.00
0.00
32.00
2.00
234.00
0.00
0.00
31.00
2.00
50.00
0.00
0.00
125.00
0.00
0.00
0.00
38.00
64.00
442.00
2.00
94.00
0.00
181.00
33.00
102.00
70.00
0.00
0.00
6.00
24.00
0.00
52.00
136.00
446.00
127.00
235.00
98.00
502.00
338.00
27.00
0.00
6.00
112.00
300.00
415.00
53.00
367.00
45.00
10.00
13.00
110.00
199.00
163.00
602.00
13.00
0.00
118.00
150.00
235.00
309.00
203.00
80.00
111.00
18.00
101.00
73.00
14.00
38.00
22.00
69.00
97.00
5.00
11.00
58.00
92.00
81.00
280.00
209.00
71.00
375.00
73.00
55.00
29.00
58.00
115.00
91.00
229.00
32.00
305.00
14.00
35.00
55.00
260.00
70.00
12.00
35.00
9.00
50.00
102.00
152.00
61.00
26.00
19.00
8.00
0.00
78.00
569.00
137.00
1.00
26.00
56.00
22.00
90.00
105.00
185.00
194.00
113.00
60.00
434.00
160.00
229.00
218.00
73.00
100.00
50.00
83.00
114.00
50.00
5.00
79.00
80.00
67.00
23.00
33.00
63.00
0.00
71.00
238.00
4.00
26.00
25.00
0.00
7.00
232.00
188.00
31.00
5.00
9.00
0.00
0.00
0.00
10.00
105.00
394.00
94.00
72.00
40.00
240.00
1.00
1.00
30.00
488.00
172.00
75.00
0.00
0.00
0.00
0.00
76.00
0.00
0.00
0.00
0.00
548.00
593.00
390.00
466.00
1155.00
0.00
0.00
0.00
0.00
0.00
0.00
0.00
484.00
769.00
0.00
0.00
0.00
0.00
0.00
0.00
0.00
0.00
0.00
0.00
0.00
0.00
120.00
0.00
3.00
169.00
17.00
15.00
0.00
0.00
0.00
0.00
0.00
0.00
0.00
0.00
0.00
0.00
0.00
0.00
0.00
0.00
0.00
0.00
0.00
0.00
1.00
58.00
452.00
500.00
447.00
0.00
0.00
0.00
0.00
0.00
0.00
0.00
0.00
0.00
0.00
0.00
0.00
0.00
0.00
0.00
0.00
0.00
0.00
0.00
0.00
3.00
187.00
11.00
0.00
0.00
0.00
0.00
0.00
0.00
0.00
0.00
0.00
0.00
0.00
0.00
0.00
0.00
0.00
0.00
0.00
0.00
0.00
0.00
0.00
0.00
0.00
0.00
0.00
0.00
0.00
0.00
0.00
0.00
0.00
0.00
0.00
0.00
0.00
145.00
70.00
480.00
5.00
147.00
0.00
8.00
5.00
0.00
0.00
0.00
0.00
0.00
0.00
0.00
0.00
0.00
0.00
0.00
451.00
0.00
0.00
0.00
0.00
0.00
0.00
5.00
1.00
0.00
0.00
0.00
0.00
0.00
0.00
93.00
15.00
0.00
19.00
31.00
0.00
0.00
0.00
0.00
0.00
0.00
0.00
42.00
45.00
0.00
0.00
53.00
517.00
11.00
19.00
17.00
55.00
0.00
158.00
10.00
43.00
114.00
0.00
2.00
2.00
1.00
0.00
28.00
0.00
0.00
24.00
65.00
47.00
43.00
258.00
18.00
0.00
9.00
76.00
17.00
7.00
147.00
111.00
457.00
2.00
121.00
51.00
191.00
578.00
783.00
469.00
466.00
511.00
413.00
343.00
0.00
17.00
135.00
72.00
60.00
13.00
67.00
30.00
303.00
14.00
1.00
29.00
272.00
18.00
0.00
0.00
190.00
37.00
3.00
87.00
23.00
18.00
82.00
160.00
73.00
11.00
59.00
234.00
410.00
254.00
627.00
885.00
39.00
304.00
402.00
1.00
6.00
7.00
79.00
0.00
0.00
22.00
14.00
54.00
4.00
78.00
112.00
7.00
0.00
0.00
2.00
34.00
99.00
32.00
10.00
0.00
21.00
26.00
15.00
54.00
26.00
92.00
437.00
155.00
344.00
2.00
29.00
23.00
31.00
60.00
133.00
12.00
42.00
77.00
0.00
14.00
1.00
43.00
119.00
135.00
127.00
29.00
9.00
15.00
219.00
206.00
44.00
89.00
150.00
55.00
47.00
91.00
110.00
394.00
261.00
333.00
522.00
20.00
14.00
8.00
96.00
142.00
0.00
58.00
38.00
148.00
146.00
79.00
8.00
4.00
8.00
31.00
57.00
0.00
49.00
344.00
180.00
0.00
0.00
0.00
42.00
0.00
1.00
94.00
0.00
0.00
16.00
38.00
3.00
13.00
280.00
123.00
56.00
1.00
33.00
1.00
80.00
2.00
4.00
0.00
0.00
0.00
0.00
0.00
0.00
0.00
0.00
55.00
0.00
0.00
58.00
138.00
371.00
316.00
5.00
0.00
0.00
0.00
0.00
0.00
0.00
0.00
0.00
0.00
0.00
0.00
0.00
0.00
66.00
227.00
218.00
141.00
41.00
0.00
8.00
1.00
0.00
0.00
4.00
0.00
0.00
0.00
0.00
0.00
0.00
0.00
0.00
0.00
0.00
0.00
0.00
0.00
1.00
0.00
0.00
0.00
0.00
0.00
0.00
0.00
0.00
0.00
0.00
0.00
0.00
0.00
0.00
0.00
1.00
0.00
0.00
0.00
0.00
0.00
0.00
0.00
0.00
0.00
4.00
147.00
3.00
0.00
0.00
0.00
0.00
0.00
0.00
0.00
0.00
0.00
0.00
0.00
0.00
0.00
0.00
0.00
0.00
0.00
0.00
0.00
0.00
0.00
0.00
0.00
0.00
0.00
0.00
0.00
0.00
0.00
0.00
0.00
0.00
0.00
0.00
0.00
0.00
0.00
0.00
0.00
0.00
0.00
0.00
0.00
0.00
0.00
0.00
0.00
0.00
0.00
0.00
0.00
0.00
0.00
0.00
0.00
0.00
0.00
0.00
0.00
1.00
15.00
0.00
0.00
0.00
0.00
0.00
0.00
0.90
81.20
78.10
82.10
32.90
0.00
0.00
0.00
2.50
24.10
1.10
0.00
0.00
0.00
0.00
0.00
0.00
0.00
0.00
0.40
0.10
107.80
2.60
0.00
2.20
0.00
3.90
0.00
0.00
0.00
0.20
1.70
0.00
0.00
0.00
110.00
31.40
153.70
5.40
0.80
0.30
15.50
0.00
17.60
15.00
0.00
1.10
0.50
0.60
0.00
0.00
0.00
0.20
0.00
0.00
0.70
0.00
0.10
0.00
0.00
0.00
0.00
0.00
1.70
0.00
0.00
0.00
0.00
17.30
44.30
0.00
0.00
0.00
0.00
0.00
0.00
0.00
0.00
13.80
13.10
2.70
5.20
4.00
3.40
0.50
0.50
0.00
3.60
3.60
81.10
11.90
0.10
8.90
0.00
0.00
0.00
19.50
49.00
1.30
21.10
28.70
0.60
0.30
0.10
2.70
7.00
0.00
0.10
32.40
81.70
47.90
4.70
0.10
0.00
0.90
43.50
5.60
7.70
0.80
0.00
0.40
1.10
3.10
0.20
3.50
3.50
43.70
3.20
2.10
2.40
33.00
18.30
9.20
8.10
25.40
58.00
58.00
28.40
28.40
25.00
0.00
0.00
0.30
1.90
0.00
0.00
0.00
3.80
3.50
1.50
2.20
48.00
11.80
6.80
5.70
2.20
5.90
1.00
6.00
11.20
24.40
23.50
11.20
4.50
10.40
4.70
0.70
0.60
1.70
26.40
10.70
10.60
13.30
0.80
2.80
0.00
0.00
5.00
0.60
18.50
23.90
25.60
5.70
3.70
1.80
4.10
0.70
13.30
24.60
11.00
4.90
15.70
43.50
20.90
15.20
1.00
1.30
5.10
13.10
8.50
3.30
0.60
0.80
1.90
3.90
0.00
0.20
0.90
0.10
28.50
18.70
14.90
27.20
20.60
0.20
5.20
0.60
25.30
5.10
5.10
9.30
0.00
0.00
1.40
13.70
8.20
4.30
41.00
11.10
0.00
0.00
0.00
0.00
1.10
5.60
0.00
0.00
0.10
0.00
0.70
9.20
4.80
0.20
0.90
1.70
