20160101
0.00
0.00
0.00
0.00
0.00
0.00
0.00
0.00
0.00
0.00
0.00
0.00
0.00
0.00
0.00
1.00
0.00
0.00
1.00
35.00
0.00
0.00
0.00
0.00
0.00
0.00
0.00
0.00
0.00
0.00
0.00
0.00
0.00
0.00
0.00
0.00
0.00
19.00
0.00
0.00
0.00
0.00
2.00
0.00
0.00
0.00
0.00
0.00
0.00
0.00
0.00
0.00
1.00
5.00
370.00
3.00
103.00
0.00
0.00
0.00
4.00
0.00
0.00
0.00
0.00
0.00
0.00
0.00
2.00
5.00
0.00
1.00
0.00
0.00
39.00
0.00
0.00
0.00
11.00
24.00
0.00
0.00
0.00
0.00
0.00
0.00
0.00
0.00
0.00
107.00
219.00
1.00
24.00
39.00
0.00
282.00
0.00
1.00
4.00
0.00
0.00
0.00
0.00
0.00
0.00
0.00
0.00
0.00
0.00
0.00
0.00
0.00
0.00
0.00
0.00
0.00
0.00
7.00
0.00
0.00
0.00
14.00
331.00
4.00
4.00
0.00
2.00
365.00
8.00
3.00
0.00
0.00
1.00
240.00
18.00
2.00
4.00
82.00
167.00
219.00
209.00
139.00
0.00
0.00
171.00
260.00
50.00
6.00
72.00
0.00
126.00
14.00
51.00
0.00
0.00
1.00
9.00
6.00
9.00
6.00
5.00
7.00
1551.00
600.00
239.00
662.00
1.00
3.00
4.00
21.00
20.00
0.00
22.00
37.00
3.00
0.00
28.00
1.00
0.00
23.00
2.00
7.00
92.00
96.00
183.00
197.00
116.00
415.00
101.00
27.00
61.00
6.00
19.00
6.00
43.00
5.00
93.00
249.00
408.00
23.00
49.00
20.00
27.00
65.00
109.00
95.00
78.00
19.00
1.00
7.00
107.00
248.00
249.00
284.00
27.00
31.00
6.00
7.00
62.00
94.00
77.00
230.00
365.00
126.00
108.00
33.00
48.00
31.00
147.00
161.00
29.00
3.00
179.00
1922.00
45.00
25.00
31.00
139.00
29.00
31.00
166.00
41.00
38.00
146.00
133.00
141.00
86.00
46.00
56.00
11.00
20.00
37.00
11.00
62.00
151.00
206.00
184.00
0.00
4.00
22.00
96.00
4.00
20.00
190.00
224.00
23.00
16.00
100.00
204.00
38.00
25.00
454.00
22.00
11.00
0.00
5.00
2.00
121.00
19.00
3.00
7.00
17.00
9.00
72.00
0.00
1.00
0.00
0.00
0.00
0.00
0.00
0.00
0.00
0.00
0.00
0.00
0.00
0.00
0.00
54.00
108.00
65.00
28.00
0.00
0.00
0.00
32.00
237.00
1007.00
647.00
0.00
0.00
0.00
0.00
0.00
0.00
0.00
0.00
0.00
0.00
0.00
0.00
0.00
0.00
0.00
0.00
0.00
0.00
0.00
0.00
0.00
0.00
0.00
58.00
0.00
27.00
0.00
0.00
0.00
0.00
0.00
0.00
0.00
0.00
0.00
3.00
0.00
0.00
0.00
0.00
0.00
0.00
0.00
0.00
0.00
0.00
0.00
0.00
0.00
0.00
65.00
0.00
0.00
110.00
0.00
92.00
755.00
174.00
23.00
0.00
0.00
0.00
0.00
0.00
0.00
3.00
0.00
0.00
0.00
0.00
0.00
0.00
0.00
0.00
0.00
0.00
0.00
0.00
0.00
0.00
0.00
0.00
41.00
0.00
0.00
0.00
0.00
0.00
0.00
0.00
0.00
0.00
0.00
0.00
0.00
0.00
0.00
0.00
4.00
1.00
0.00
0.00
0.00
0.00
0.00
0.00
0.00
0.00
0.00
0.00
0.00
0.00
0.00
0.00
0.00
0.00
0.00
0.00
0.00
23.00
17.00
0.00
45.00
1.00
156.00
69.00
0.00
0.00
0.00
0.00
0.00
0.00
12.00
17.00
59.00
0.00
0.00
0.00
0.00
6.00
6.00
0.00
0.00
6.00
0.00
0.00
0.00
0.00
0.00
0.00
9.00
0.00
1.00
0.00
0.00
0.00
0.00
0.00
0.00
0.00
0.00
0.00
0.00
81.00
8.00
52.00
24.00
389.00
1039.00
33.00
0.00
0.00
32.00
0.00
1.00
6.00
227.00
0.00
0.00
0.00
21.00
0.00
0.00
0.00
225.00
0.00
60.00
0.00
55.00
0.00
308.00
0.00
607.00
237.00
0.00
0.00
0.00
0.00
0.00
0.00
0.00
41.00
0.00
41.00
212.00
43.00
503.00
2669.00
1020.00
0.00
0.00
955.00
3.00
16.00
119.00
13.00
3.00
578.00
317.00
10.00
58.00
186.00
148.00
147.00
147.00
413.00
5.00
116.00
81.00
0.00
0.00
0.00
4.00
22.00
25.00
13.00
45.00
93.00
379.00
697.00
114.00
333.00
31.00
10.00
10.00
14.00
534.00
328.00
185.00
9.00
6.00
2.00
263.00
149.00
54.00
302.00
762.00
327.00
43.00
95.00
483.00
387.00
96.00
204.00
2.00
41.00
38.00
1.00
30.00
496.00
218.00
161.00
86.00
130.00
129.00
19.00
1.00
168.00
330.00
880.00
65.00
112.00
63.00
196.00
34.00
77.00
21.00
2.00
131.00
208.00
80.00
2.00
28.00
64.00
108.00
25.00
82.00
10.00
56.00
65.00
41.00
38.00
60.00
17.00
1.00
0.00
7.00
11.00
73.00
195.00
7.00
4.00
3.00
1.00
22.00
85.00
305.00
181.00
74.00
1.00
3.00
2.00
2.00
4.00
30.00
45.00
471.00
531.00
65.00
122.00
6.00
0.00
13.00
4.00
1.00
1.00
45.00
332.00
20.00
0.00
2.00
0.00
0.00
0.00
0.00
0.00
0.00
131.00
2122.00
155.00
0.00
0.00
39.00
0.00
0.00
0.00
0.00
8.00
4.00
0.00
0.00
0.00
0.00
0.00
0.00
0.00
0.00
0.00
0.00
0.00
0.00
72.00
0.00
34.00
465.00
73.00
21.00
0.00
0.00
0.00
0.00
0.00
0.00
0.00
0.00
0.00
0.00
0.00
0.00
0.00
0.00
0.00
0.00
0.00
0.00
0.00
18.00
87.00
91.00
0.00
0.00
0.00
0.00
0.00
0.00
0.00
0.00
0.00
0.00
0.00
0.00
0.00
0.00
0.00
0.00
0.00
0.00
0.00
0.00
0.00
0.00
36.00
5.00
0.00
0.00
0.00
0.00
0.00
0.00
0.00
0.00
0.00
0.00
0.00
0.00
0.00
0.00
0.00
0.00
0.00
0.00
0.00
0.00
0.00
0.00
0.00
0.00
0.00
0.00
0.00
0.00
0.00
24.00
0.00
0.00
0.00
0.00
0.00
736.00
399.00
528.00
770.00
165.00
13.00
264.00
245.00
0.00
0.00
0.00
0.00
20.00
15.00
0.00
0.00
0.00
0.00
90.00
134.00
0.00
0.00
0.00
0.00
0.00
0.00
102.00
0.00
0.00
0.00
0.00
0.00
0.00
0.00
0.00
0.00
13.00
262.00
20.00
0.00
0.00
0.00
0.00
0.00
0.00
26.00
143.00
0.00
0.00
0.00
0.00
128.00
453.00
57.00
129.00
0.00
0.00
224.00
1.00
469.00
3.00
26.00
0.00
39.00
346.00
0.00
17.00
0.00
0.00
38.00
0.00
23.00
0.00
8.00
223.00
50.00
0.00
0.00
9.00
0.00
0.00
66.00
189.00
3.00
179.00
1.00
34.00
714.00
0.00
0.00
1.00
0.00
78.00
245.00
24.00
132.00
4.00
0.00
115.00
0.00
383.00
0.00
75.00
79.00
0.00
158.00
7.00
39.00
0.00
0.00
1.00
0.00
5.00
300.00
59.00
7.00
163.00
1.00
0.00
0.00
1.00
3.00
671.00
346.00
89.00
177.00
2.00
9.00
1.00
286.00
0.00
0.00
242.00
20.00
41.00
0.00
63.00
68.00
27.00
8.00
9.00
7.00
10.00
12.00
31.00
43.00
206.00
136.00
0.00
7.00
2.00
0.00
13.00
22.00
3.00
3.00
59.00
61.00
10.00
3.00
8.00
0.00
448.00
5.00
41.00
39.00
322.00
109.00
304.00
87.00
27.00
91.00
42.00
47.00
81.00
59.00
11.00
98.00
4.00
27.00
103.00
6.00
0.00
2.00
3.00
6.00
8.00
10.00
66.00
9.00
8.00
100.00
36.00
133.00
54.00
65.00
93.00
37.00
26.00
67.00
8.00
14.00
20.00
8.00
36.00
15.00
4.00
124.00
28.00
118.00
1.00
64.00
0.00
0.00
12.00
24.00
121.00
36.00
28.00
105.00
11.00
1.00
1.00
1.00
117.00
22.00
81.00
5.00
1.00
0.00
5.00
1.00
3.00
0.00
0.00
0.00
0.00
0.00
0.00
0.00
0.00
0.00
0.00
0.00
7.00
237.00
31.00
515.00
62.00
0.00
0.00
0.00
0.00
0.00
0.00
0.00
0.00
0.00
0.00
0.00
0.00
0.00
10.00
7.00
28.00
5.00
0.00
0.00
0.00
0.00
0.00
0.00
0.00
0.00
0.00
0.00
0.00
0.00
12.00
0.00
0.00
0.00
0.00
0.00
0.00
0.00
18.00
0.00
0.00
0.00
0.00
0.00
0.00
0.00
0.00
0.00
0.00
0.00
0.00
0.00
0.00
0.00
3.00
0.00
0.00
0.00
0.00
0.00
0.00
0.00
0.00
0.00
58.00
75.00
15.00
0.00
0.00
0.00
0.00
0.00
0.00
0.00
0.00
0.00
0.00
0.00
0.00
0.00
0.00
0.00
0.00
0.00
0.00
0.00
0.00
0.00
0.00
0.00
0.00
0.00
0.00
0.00
0.00
0.00
0.00
0.00
0.00
0.00
0.00
0.00
0.00
0.00
0.00
5.00
5.00
3.00
0.00
0.00
0.00
0.00
0.00
0.00
0.00
0.00
0.00
0.00
0.00
0.00
0.00
0.00
0.00
0.00
0.00
0.00
5.00
0.00
0.00
0.00
0.00
0.00
0.00
0.00
15.00
51.60
59.20
48.90
13.70
0.00
0.00
0.00
0.80
24.20
0.00
0.00
0.00
0.00
0.00
1.50
0.00
0.00
5.00
3.90
0.00
70.90
4.00
0.00
0.00
0.00
4.40
0.00
0.00
0.00
1.70
0.80
0.00
0.00
0.00
48.90
0.20
59.70
5.50
0.00
4.20
96.40
0.70
0.30
52.00
42.40
2.50
0.70
8.30
0.00
0.00
9.30
0.00
0.00
0.00
0.00
6.70
0.00
0.00
0.00
0.00
11.90
9.80
0.00
0.00
0.10
0.10
0.00
76.70
4.70
0.00
0.00
0.00
0.00
0.00
0.00
0.00
0.00
1.30
1.60
0.10
0.00
0.00
0.00
10.60
10.60
0.00
45.80
45.80
8.70
5.60
0.00
0.00
0.50
0.00
1.90
0.40
0.00
2.90
0.00
5.80
156.90
2.30
0.70
1.60
4.00
0.00
0.00
0.00
0.30
0.30
30.30
0.00
0.00
1.40
0.20
0.10
1.30
0.50
0.00
0.30
1.00
2.00
3.30
0.30
1.30
2.10
0.40
1.20
0.10
0.80
2.40
25.70
8.20
5.50
2.20
2.20
24.50
24.50
28.40
0.00
0.00
0.00
0.10
0.00
0.00
0.00
1.00
0.30
1.20
7.60
21.80
26.50
1.50
0.40
1.40
9.20
4.30
8.30
0.60
0.10
5.00
18.10
10.90
2.60
25.20
5.90
0.70
18.50
38.70
40.60
55.50
24.00
26.10
6.30
0.10
1.30
4.30
1.10
12.60
16.20
2.90
6.60
4.50
0.00
3.60
0.50
0.40
5.70
24.20
31.60
1.70
1.90
1.00
0.00
2.50
18.30
1.40
10.20
2.10
10.80
1.70
0.10
0.10
0.00
0.10
0.00
0.10
1.40
21.40
58.00
3.10
13.90
26.20
3.20
2.30
5.70
12.80
15.20
15.20
30.10
0.40
2.40
0.50
13.60
1.30
0.10
36.60
17.20
0.70
2.30
0.20
0.10
0.80
0.90
0.00
0.00
0.00
0.20
1.20
3.50
1.80
0.30
0.00
3.10
