20160101
0.00
0.00
0.00
0.00
0.00
0.00
0.00
0.00
2.00
0.00
0.00
0.00
1.00
0.00
0.00
0.00
0.00
0.00
0.00
2.00
0.00
0.00
0.00
0.00
0.00
0.00
0.00
0.00
0.00
0.00
0.00
0.00
0.00
0.00
0.00
0.00
0.00
0.00
0.00
0.00
0.00
0.00
21.00
0.00
0.00
0.00
0.00
0.00
0.00
0.00
0.00
0.00
0.00
89.00
20.00
0.00
11.00
0.00
0.00
0.00
0.00
0.00
0.00
28.00
0.00
70.00
0.00
1.00
0.00
0.00
0.00
0.00
0.00
0.00
0.00
108.00
0.00
0.00
0.00
0.00
72.00
0.00
32.00
0.00
0.00
0.00
0.00
526.00
0.00
198.00
352.00
42.00
0.00
89.00
434.00
469.00
131.00
0.00
0.00
0.00
0.00
0.00
0.00
13.00
100.00
60.00
452.00
209.00
0.00
154.00
139.00
361.00
323.00
0.00
5.00
138.00
12.00
13.00
6.00
0.00
8.00
47.00
341.00
25.00
149.00
7.00
6.00
1.00
0.00
0.00
1.00
4.00
75.00
175.00
3.00
98.00
4.00
380.00
382.00
20.00
176.00
984.00
0.00
0.00
7.00
28.00
0.00
57.00
9.00
17.00
5.00
8.00
0.00
0.00
28.00
140.00
31.00
129.00
34.00
7.00
98.00
283.00
43.00
29.00
2.00
0.00
70.00
94.00
150.00
90.00
14.00
1.00
81.00
47.00
8.00
24.00
52.00
7.00
48.00
0.00
91.00
23.00
114.00
58.00
53.00
26.00
12.00
6.00
27.00
62.00
219.00
114.00
93.00
9.00
1.00
35.00
166.00
72.00
39.00
1.00
11.00
4.00
3.00
33.00
74.00
75.00
312.00
2.00
14.00
4.00
88.00
5.00
108.00
83.00
11.00
13.00
0.00
52.00
80.00
179.00
61.00
15.00
6.00
112.00
271.00
41.00
58.00
9.00
36.00
7.00
33.00
1.00
376.00
15.00
9.00
16.00
0.00
413.00
5.00
4.00
10.00
10.00
233.00
205.00
3.00
0.00
41.00
43.00
43.00
42.00
139.00
3.00
72.00
11.00
50.00
24.00
48.00
0.00
16.00
293.00
153.00
29.00
96.00
238.00
233.00
142.00
493.00
3.00
122.00
0.00
142.00
76.00
0.00
299.00
0.00
0.00
0.00
24.00
49.00
137.00
230.00
130.00
0.00
44.00
30.00
214.00
10.00
0.00
0.00
0.00
0.00
0.00
0.00
0.00
0.00
0.00
0.00
5.00
0.00
0.00
72.00
66.00
108.00
24.00
2.00
0.00
9.00
8.00
123.00
383.00
101.00
0.00
0.00
0.00
0.00
0.00
0.00
0.00
0.00
0.00
0.00
0.00
0.00
0.00
0.00
0.00
0.00
0.00
0.00
0.00
0.00
0.00
0.00
0.00
0.00
0.00
0.00
0.00
0.00
0.00
0.00
0.00
0.00
0.00
0.00
0.00
0.00
0.00
0.00
3.00
0.00
0.00
0.00
0.00
0.00
0.00
0.00
0.00
0.00
0.00
0.00
0.00
0.00
0.00
0.00
0.00
0.00
0.00
0.00
0.00
0.00
0.00
0.00
0.00
0.00
0.00
0.00
0.00
0.00
0.00
0.00
0.00
0.00
0.00
0.00
0.00
0.00
0.00
0.00
0.00
0.00
0.00
38.00
0.00
0.00
0.00
0.00
0.00
0.00
0.00
0.00
0.00
0.00
0.00
0.00
0.00
0.00
0.00
0.00
0.00
0.00
0.00
0.00
0.00
0.00
0.00
0.00
0.00
0.00
13.00
0.00
0.00
0.00
0.00
0.00
0.00
0.00
0.00
0.00
23.00
19.00
0.00
162.00
0.00
99.00
102.00
0.00
0.00
0.00
0.00
0.00
0.00
103.00
1.00
96.00
0.00
0.00
0.00
0.00
52.00
0.00
0.00
0.00
73.00
414.00
125.00
36.00
48.00
517.00
148.00
107.00
0.00
0.00
0.00
0.00
0.00
0.00
0.00
0.00
0.00
55.00
6.00
21.00
1.00
237.00
253.00
133.00
307.00
43.00
77.00
66.00
0.00
0.00
68.00
4.00
179.00
147.00
0.00
0.00
20.00
9.00
16.00
0.00
0.00
147.00
0.00
1.00
0.00
13.00
47.00
307.00
5.00
37.00
0.00
62.00
28.00
102.00
31.00
0.00
0.00
1.00
7.00
167.00
156.00
163.00
441.00
26.00
165.00
198.00
126.00
125.00
15.00
5.00
64.00
162.00
486.00
399.00
314.00
148.00
73.00
8.00
78.00
44.00
28.00
19.00
28.00
18.00
11.00
4.00
27.00
3.00
188.00
650.00
23.00
135.00
59.00
287.00
86.00
30.00
40.00
37.00
50.00
55.00
113.00
26.00
39.00
15.00
185.00
310.00
219.00
103.00
74.00
0.00
43.00
99.00
74.00
69.00
86.00
5.00
188.00
69.00
9.00
43.00
0.00
79.00
67.00
70.00
48.00
5.00
67.00
209.00
18.00
97.00
45.00
2.00
5.00
3.00
9.00
188.00
57.00
2.00
22.00
72.00
26.00
6.00
23.00
144.00
280.00
28.00
77.00
53.00
14.00
27.00
373.00
6.00
102.00
46.00
21.00
20.00
13.00
0.00
55.00
0.00
5.00
11.00
21.00
24.00
0.00
42.00
12.00
105.00
48.00
120.00
4.00
9.00
241.00
73.00
84.00
97.00
0.00
1.00
0.00
0.00
0.00
144.00
58.00
221.00
7.00
36.00
23.00
223.00
14.00
6.00
27.00
90.00
143.00
94.00
19.00
15.00
24.00
5.00
11.00
0.00
0.00
0.00
0.00
306.00
117.00
254.00
681.00
0.00
0.00
0.00
0.00
0.00
0.00
7.00
962.00
424.00
3.00
0.00
0.00
0.00
0.00
0.00
0.00
0.00
0.00
0.00
0.00
0.00
85.00
0.00
0.00
107.00
39.00
23.00
0.00
0.00
0.00
0.00
0.00
0.00
0.00
0.00
0.00
0.00
0.00
0.00
0.00
0.00
0.00
0.00
0.00
0.00
0.00
21.00
246.00
318.00
220.00
0.00
0.00
0.00
0.00
0.00
0.00
0.00
0.00
1.00
0.00
0.00
0.00
0.00
1.00
0.00
0.00
0.00
0.00
0.00
0.00
148.00
131.00
122.00
0.00
0.00
0.00
0.00
0.00
0.00
0.00
0.00
0.00
0.00
0.00
0.00
0.00
0.00
0.00
0.00
0.00
0.00
0.00
0.00
0.00
0.00
0.00
0.00
0.00
0.00
0.00
0.00
0.00
0.00
0.00
0.00
0.00
0.00
0.00
2.00
5.00
345.00
0.00
46.00
0.00
0.00
0.00
0.00
0.00
0.00
0.00
0.00
1.00
0.00
0.00
0.00
6.00
0.00
190.00
0.00
0.00
0.00
0.00
0.00
0.00
0.00
0.00
0.00
0.00
0.00
0.00
0.00
0.00
16.00
0.00
0.00
5.00
35.00
99.00
0.00
0.00
0.00
0.00
0.00
0.00
0.00
395.00
4.00
0.00
45.00
48.00
1.00
0.00
8.00
128.00
24.00
6.00
0.00
1.00
257.00
0.00
20.00
0.00
2.00
0.00
28.00
0.00
0.00
89.00
42.00
7.00
1.00
169.00
0.00
0.00
0.00
3.00
1.00
47.00
38.00
71.00
179.00
21.00
180.00
0.00
74.00
224.00
421.00
438.00
364.00
371.00
422.00
187.00
0.00
162.00
0.00
77.00
0.00
3.00
0.00
0.00
0.00
0.00
0.00
0.00
20.00
1.00
0.00
3.00
0.00
68.00
12.00
37.00
0.00
144.00
228.00
188.00
106.00
0.00
4.00
80.00
105.00
225.00
593.00
437.00
11.00
138.00
154.00
0.00
0.00
2.00
0.00
1.00
277.00
45.00
10.00
0.00
1.00
81.00
37.00
6.00
1.00
8.00
0.00
65.00
10.00
0.00
2.00
12.00
47.00
17.00
49.00
113.00
83.00
26.00
34.00
0.00
157.00
9.00
16.00
5.00
7.00
4.00
86.00
119.00
35.00
46.00
80.00
13.00
11.00
17.00
181.00
152.00
138.00
44.00
1.00
0.00
46.00
30.00
57.00
196.00
4.00
7.00
15.00
129.00
156.00
6.00
9.00
62.00
33.00
162.00
15.00
4.00
472.00
155.00
0.00
100.00
14.00
36.00
54.00
14.00
134.00
19.00
131.00
58.00
137.00
0.00
3.00
8.00
15.00
0.00
0.00
4.00
120.00
17.00
0.00
4.00
0.00
0.00
124.00
0.00
0.00
67.00
27.00
9.00
111.00
0.00
11.00
57.00
1.00
1.00
1.00
0.00
1.00
0.00
0.00
0.00
0.00
0.00
0.00
0.00
0.00
0.00
101.00
110.00
403.00
268.00
7.00
0.00
0.00
0.00
0.00
0.00
0.00
0.00
0.00
0.00
0.00
0.00
0.00
0.00
348.00
107.00
166.00
108.00
42.00
0.00
0.00
0.00
0.00
0.00
0.00
0.00
0.00
0.00
0.00
0.00
0.00
0.00
0.00
0.00
0.00
0.00
0.00
0.00
4.00
0.00
0.00
0.00
0.00
0.00
0.00
0.00
0.00
0.00
0.00
0.00
0.00
0.00
0.00
7.00
6.00
0.00
0.00
0.00
0.00
0.00
0.00
0.00
5.00
1.00
4.00
25.00
2.00
0.00
0.00
0.00
0.00
0.00
0.00
0.00
0.00
0.00
0.00
0.00
0.00
0.00
0.00
0.00
0.00
0.00
0.00
0.00
0.00
0.00
0.00
0.00
0.00
0.00
0.00
0.00
0.00
0.00
0.00
0.00
0.00
0.00
0.00
0.00
0.00
0.00
0.00
0.00
0.00
0.00
3.00
0.00
0.00
0.00
0.00
0.00
0.00
0.00
0.00
0.00
0.00
0.00
0.00
0.00
0.00
0.00
0.00
0.00
1.00
6.00
0.00
0.00
0.00
0.00
0.00
0.00
0.00
125.70
93.80
123.50
83.60
0.00
0.00
0.00
20.40
42.00
0.40
0.00
0.00
0.00
0.00
0.00
0.00
0.00
0.00
0.30
0.00
46.70
8.90
0.30
0.00
0.00
11.90
0.00
0.00
0.00
0.00
1.50
0.00
0.00
0.00
80.20
9.20
103.00
4.70
6.00
0.00
2.90
0.40
24.90
34.20
0.00
0.20
0.20
0.00
0.00
0.30
0.00
1.00
0.00
0.00
0.00
0.00
0.90
0.00
0.00
0.00
0.00
0.00
7.30
0.70
0.00
0.00
0.10
1.20
9.80
0.00
0.00
0.00
0.00
0.00
0.00
0.40
0.00
0.30
6.60
1.40
0.00
4.60
4.50
0.40
0.40
0.00
1.90
1.90
49.10
0.40
0.70
0.00
0.00
0.00
0.00
6.40
17.10
0.30
0.80
9.10
0.30
16.50
10.30
1.90
14.30
0.00
0.00
11.50
28.20
14.80
12.00
0.00
1.40
0.00
12.30
20.10
15.80
3.40
0.00
0.60
14.80
2.60
0.90
0.00
3.50
7.90
10.00
4.80
0.20
14.40
1.80
3.50
2.40
5.90
2.20
2.20
9.10
9.10
4.50
1.40
1.40
0.00
3.20
1.40
1.40
1.40
8.50
4.40
1.40
2.80
27.00
23.60
6.50
3.40
0.80
9.20
1.00
11.50
7.30
40.90
0.30
15.50
8.10
4.70
15.30
14.80
1.10
3.60
3.00
20.10
4.80
9.30
1.00
5.00
0.20
0.30
5.60
3.80
8.90
12.30
10.20
1.50
1.50
1.40
12.30
0.00
3.00
0.80
1.60
3.50
0.40
10.90
32.20
3.20
13.30
0.80
2.90
16.90
18.00
12.60
0.80
0.60
19.10
15.60
6.80
0.10
7.50
1.40
5.60
33.00
24.00
23.70
18.40
1.30
13.10
11.60
22.30
3.90
3.90
1.80
0.00
0.10
0.10
0.50
48.10
6.50
10.90
8.80
0.00
0.00
0.00
3.10
10.40
3.60
0.00
0.10
0.10
0.00
1.00
9.20
3.90
0.30
1.00
1.30
