20160101
0.00
0.00
0.00
0.00
0.00
0.00
0.00
0.00
1.00
0.00
0.00
0.00
2.00
0.00
0.00
0.00
0.00
0.00
0.00
0.00
1.00
0.00
0.00
0.00
0.00
3.00
0.00
0.00
0.00
0.00
0.00
0.00
0.00
0.00
0.00
0.00
0.00
0.00
0.00
0.00
0.00
0.00
2.00
0.00
0.00
0.00
0.00
0.00
0.00
1.00
0.00
0.00
2.00
100.00
16.00
0.00
19.00
0.00
0.00
0.00
0.00
0.00
0.00
0.00
0.00
18.00
0.00
0.00
0.00
1.00
0.00
0.00
0.00
0.00
0.00
121.00
0.00
0.00
0.00
0.00
37.00
0.00
29.00
0.00
0.00
0.00
0.00
453.00
0.00
214.00
251.00
44.00
0.00
65.00
248.00
208.00
46.00
0.00
0.00
0.00
0.00
0.00
0.00
0.00
72.00
51.00
258.00
111.00
0.00
81.00
30.00
177.00
187.00
0.00
0.00
133.00
0.00
26.00
7.00
0.00
12.00
67.00
215.00
10.00
192.00
2.00
8.00
2.00
2.00
0.00
1.00
0.00
49.00
19.00
0.00
21.00
4.00
164.00
281.00
19.00
156.00
750.00
3.00
0.00
36.00
7.00
0.00
0.00
3.00
5.00
0.00
45.00
0.00
0.00
42.00
116.00
14.00
89.00
21.00
13.00
64.00
166.00
39.00
23.00
11.00
0.00
127.00
75.00
99.00
115.00
29.00
23.00
38.00
167.00
7.00
57.00
11.00
10.00
7.00
6.00
109.00
55.00
127.00
85.00
11.00
35.00
0.00
4.00
171.00
90.00
73.00
23.00
58.00
20.00
19.00
24.00
57.00
100.00
12.00
0.00
11.00
19.00
47.00
48.00
75.00
22.00
258.00
2.00
7.00
22.00
102.00
19.00
128.00
64.00
5.00
2.00
6.00
90.00
104.00
105.00
29.00
2.00
4.00
91.00
98.00
65.00
28.00
29.00
49.00
9.00
2.00
10.00
422.00
9.00
11.00
20.00
0.00
101.00
0.00
1.00
15.00
21.00
139.00
129.00
3.00
0.00
3.00
10.00
11.00
10.00
5.00
13.00
115.00
4.00
34.00
5.00
16.00
62.00
39.00
74.00
126.00
62.00
37.00
230.00
95.00
20.00
30.00
2.00
102.00
0.00
124.00
6.00
0.00
3.00
9.00
3.00
0.00
0.00
2.00
31.00
167.00
23.00
42.00
4.00
3.00
174.00
0.00
0.00
0.00
0.00
0.00
0.00
0.00
0.00
0.00
0.00
0.00
0.00
0.00
0.00
58.00
89.00
71.00
0.00
0.00
0.00
25.00
1.00
94.00
288.00
88.00
0.00
0.00
0.00
0.00
0.00
0.00
0.00
0.00
0.00
0.00
0.00
0.00
0.00
0.00
0.00
0.00
0.00
0.00
0.00
0.00
0.00
0.00
0.00
0.00
1.00
1.00
0.00
0.00
0.00
0.00
0.00
0.00
0.00
0.00
0.00
0.00
0.00
0.00
0.00
0.00
0.00
0.00
0.00
0.00
0.00
0.00
0.00
0.00
0.00
0.00
0.00
0.00
0.00
0.00
0.00
0.00
0.00
0.00
0.00
0.00
0.00
0.00
0.00
0.00
0.00
0.00
0.00
0.00
0.00
0.00
0.00
0.00
0.00
0.00
0.00
0.00
0.00
0.00
0.00
0.00
0.00
2.00
0.00
0.00
0.00
0.00
0.00
0.00
0.00
0.00
0.00
0.00
0.00
0.00
0.00
0.00
0.00
0.00
0.00
0.00
0.00
0.00
0.00
0.00
0.00
0.00
0.00
0.00
0.00
0.00
0.00
0.00
0.00
0.00
0.00
0.00
0.00
0.00
30.00
29.00
0.00
191.00
0.00
144.00
69.00
1.00
0.00
0.00
0.00
0.00
0.00
110.00
0.00
94.00
0.00
0.00
0.00
0.00
49.00
0.00
0.00
0.00
55.00
270.00
21.00
26.00
11.00
490.00
174.00
41.00
0.00
0.00
0.00
0.00
0.00
0.00
0.00
0.00
0.00
50.00
0.00
11.00
5.00
202.00
172.00
116.00
210.00
115.00
37.00
41.00
0.00
0.00
36.00
2.00
13.00
66.00
0.00
0.00
17.00
0.00
11.00
0.00
0.00
148.00
0.00
0.00
0.00
19.00
32.00
197.00
5.00
72.00
0.00
22.00
0.00
64.00
4.00
0.00
0.00
0.00
4.00
110.00
173.00
198.00
291.00
9.00
141.00
84.00
136.00
47.00
0.00
21.00
60.00
83.00
300.00
164.00
190.00
71.00
102.00
0.00
298.00
4.00
37.00
6.00
28.00
1.00
0.00
10.00
53.00
23.00
35.00
97.00
38.00
55.00
170.00
331.00
11.00
4.00
65.00
85.00
13.00
30.00
29.00
52.00
69.00
32.00
379.00
80.00
370.00
165.00
22.00
3.00
129.00
109.00
63.00
75.00
41.00
56.00
108.00
57.00
36.00
20.00
14.00
57.00
71.00
22.00
54.00
15.00
3.00
68.00
45.00
85.00
63.00
2.00
5.00
4.00
41.00
90.00
45.00
3.00
15.00
101.00
33.00
1.00
52.00
48.00
54.00
25.00
64.00
0.00
57.00
50.00
526.00
14.00
95.00
24.00
39.00
10.00
7.00
5.00
0.00
1.00
2.00
20.00
51.00
24.00
0.00
43.00
12.00
16.00
100.00
175.00
28.00
36.00
313.00
122.00
49.00
77.00
0.00
6.00
1.00
5.00
3.00
491.00
15.00
60.00
2.00
6.00
54.00
334.00
23.00
0.00
1.00
43.00
7.00
17.00
6.00
45.00
32.00
1.00
80.00
0.00
0.00
0.00
0.00
19.00
48.00
326.00
306.00
2.00
0.00
0.00
0.00
0.00
0.00
2.00
340.00
219.00
0.00
1.00
0.00
0.00
0.00
0.00
0.00
0.00
0.00
0.00
0.00
0.00
70.00
0.00
6.00
149.00
35.00
25.00
0.00
0.00
0.00
0.00
0.00
0.00
0.00
0.00
0.00
0.00
0.00
0.00
0.00
0.00
0.00
0.00
0.00
0.00
0.00
31.00
294.00
243.00
123.00
0.00
0.00
0.00
0.00
0.00
0.00
0.00
0.00
0.00
0.00
0.00
0.00
0.00
0.00
0.00
0.00
0.00
0.00
0.00
0.00
68.00
225.00
66.00
0.00
0.00
0.00
0.00
0.00
0.00
0.00
0.00
0.00
0.00
0.00
0.00
0.00
0.00
0.00
0.00
0.00
0.00
0.00
0.00
0.00
0.00
0.00
0.00
0.00
0.00
0.00
0.00
0.00
0.00
0.00
0.00
0.00
0.00
0.00
4.00
18.00
313.00
0.00
30.00
0.00
0.00
0.00
0.00
0.00
0.00
0.00
0.00
1.00
0.00
0.00
0.00
0.00
0.00
100.00
0.00
0.00
0.00
0.00
0.00
0.00
0.00
0.00
0.00
0.00
0.00
0.00
0.00
0.00
12.00
0.00
0.00
0.00
157.00
5.00
0.00
0.00
0.00
0.00
0.00
0.00
0.00
0.00
1.00
0.00
0.00
10.00
0.00
0.00
107.00
168.00
17.00
0.00
0.00
3.00
131.00
0.00
22.00
0.00
0.00
1.00
3.00
0.00
0.00
37.00
14.00
122.00
0.00
87.00
5.00
0.00
0.00
4.00
19.00
20.00
42.00
53.00
105.00
6.00
192.00
0.00
11.00
92.00
559.00
486.00
262.00
308.00
373.00
364.00
2.00
108.00
0.00
0.00
0.00
0.00
0.00
0.00
0.00
0.00
45.00
0.00
58.00
0.00
0.00
0.00
0.00
40.00
1.00
3.00
24.00
33.00
419.00
322.00
115.00
14.00
0.00
42.00
114.00
208.00
458.00
393.00
8.00
94.00
44.00
0.00
0.00
0.00
0.00
2.00
81.00
29.00
2.00
5.00
11.00
56.00
26.00
21.00
2.00
2.00
5.00
10.00
2.00
0.00
16.00
18.00
90.00
5.00
21.00
47.00
90.00
24.00
56.00
20.00
43.00
3.00
18.00
4.00
14.00
9.00
150.00
21.00
15.00
102.00
16.00
1.00
22.00
4.00
150.00
143.00
140.00
60.00
2.00
0.00
4.00
61.00
65.00
11.00
39.00
17.00
17.00
207.00
71.00
7.00
109.00
6.00
5.00
15.00
9.00
9.00
244.00
63.00
0.00
87.00
35.00
34.00
45.00
16.00
33.00
2.00
36.00
17.00
49.00
0.00
5.00
22.00
0.00
0.00
0.00
21.00
241.00
32.00
0.00
0.00
0.00
3.00
112.00
1.00
0.00
100.00
48.00
0.00
53.00
0.00
78.00
16.00
1.00
2.00
33.00
0.00
7.00
0.00
0.00
0.00
5.00
0.00
0.00
0.00
0.00
0.00
145.00
68.00
397.00
320.00
16.00
0.00
0.00
0.00
0.00
0.00
0.00
0.00
0.00
0.00
0.00
0.00
0.00
0.00
222.00
46.00
123.00
94.00
27.00
0.00
0.00
0.00
0.00
0.00
1.00
0.00
0.00
0.00
0.00
0.00
4.00
0.00
0.00
0.00
0.00
0.00
0.00
0.00
0.00
0.00
0.00
0.00
0.00
0.00
0.00
0.00
0.00
0.00
0.00
0.00
0.00
0.00
0.00
0.00
0.00
0.00
0.00
0.00
0.00
0.00
0.00
0.00
8.00
0.00
8.00
34.00
120.00
0.00
0.00
0.00
0.00
0.00
0.00
0.00
0.00
0.00
0.00
0.00
0.00
0.00
0.00
0.00
0.00
0.00
0.00
0.00
0.00
0.00
0.00
0.00
0.00
0.00
0.00
0.00
0.00
0.00
0.00
0.00
0.00
0.00
0.00
0.00
0.00
0.00
0.00
0.00
0.00
0.00
3.00
0.00
0.00
0.00
0.00
0.00
0.00
0.00
0.00
0.00
0.00
0.00
0.00
0.00
0.00
0.00
0.00
0.00
0.00
4.00
0.00
0.00
0.00
0.00
0.00
0.00
1.10
150.40
140.60
132.90
75.10
0.00
0.00
0.10
9.80
37.50
0.00
0.00
0.00
0.00
0.00
0.00
0.00
0.00
0.00
0.10
0.20
20.40
6.10
0.00
0.00
0.00
6.50
0.00
0.00
0.00
0.00
0.20
0.00
0.00
0.00
95.30
11.80
86.60
1.10
4.00
0.90
3.00
0.00
10.30
43.30
0.30
0.00
0.00
0.00
0.00
0.10
0.00
0.80
0.00
0.00
0.00
0.00
2.00
0.00
0.00
0.00
0.00
0.00
0.40
0.00
0.00
0.00
0.00
0.60
9.10
0.00
0.00
0.00
0.00
0.00
0.00
0.00
0.00
1.10
9.00
1.90
0.80
5.50
7.60
0.50
0.50
0.00
0.30
0.30
56.60
0.10
0.00
0.00
0.00
0.00
0.00
12.00
11.80
0.00
0.00
3.60
0.00
6.20
13.40
0.10
4.70
0.00
0.00
7.60
1.80
8.80
0.20
0.00
0.00
7.70
21.20
11.30
13.10
0.30
0.20
1.00
19.90
9.60
0.40
0.00
5.80
0.50
6.30
0.00
0.00
8.20
1.90
4.00
1.90
0.90
3.40
3.40
8.00
8.00
7.40
3.20
3.20
0.20
2.40
3.20
3.20
3.20
1.20
4.70
3.70
4.10
23.10
20.40
1.70
6.80
3.10
9.90
1.00
2.20
9.30
47.40
4.50
28.90
10.00
3.80
19.10
2.90
3.40
12.70
2.50
8.20
5.70
0.60
1.30
3.60
0.20
0.00
9.50
3.20
9.20
16.30
19.90
0.70
0.10
0.20
15.60
0.00
2.10
0.20
17.40
4.90
2.50
1.50
12.60
0.30
1.80
3.60
2.30
16.60
33.20
13.90
1.90
0.30
27.40
8.70
2.40
0.70
8.30
13.60
11.40
26.90
28.50
27.50
19.80
5.60
12.90
11.10
24.70
11.50
11.50
1.00
0.00
0.00
0.00
43.30
20.60
0.60
4.00
1.30
0.00
0.00
0.00
0.80
15.30
1.80
0.80
0.00
0.00
0.00
1.00
9.20
3.90
0.30
1.00
1.30
