20160101
0.00
0.00
0.00
0.00
0.00
0.00
0.00
0.00
0.00
0.00
0.00
0.00
0.00
0.00
0.00
0.00
0.00
0.00
0.00
18.00
0.00
0.00
0.00
0.00
0.00
0.00
0.00
0.00
0.00
0.00
0.00
0.00
0.00
0.00
0.00
0.00
0.00
0.00
0.00
0.00
0.00
17.00
9.00
0.00
0.00
0.00
0.00
0.00
0.00
0.00
2.00
0.00
0.00
140.00
108.00
2.00
14.00
0.00
0.00
0.00
0.00
0.00
0.00
0.00
0.00
370.00
0.00
0.00
0.00
1.00
0.00
1.00
0.00
0.00
0.00
3.00
0.00
106.00
5.00
0.00
3.00
0.00
0.00
0.00
0.00
0.00
0.00
23.00
76.00
399.00
461.00
129.00
5.00
78.00
236.00
0.00
0.00
0.00
1.00
0.00
0.00
0.00
0.00
0.00
0.00
0.00
110.00
0.00
0.00
0.00
0.00
0.00
0.00
0.00
0.00
0.00
0.00
0.00
0.00
0.00
0.00
20.00
486.00
25.00
0.00
1.00
180.00
57.00
9.00
3.00
13.00
0.00
32.00
552.00
0.00
33.00
0.00
44.00
117.00
143.00
830.00
1270.00
5.00
0.00
207.00
157.00
19.00
8.00
929.00
25.00
43.00
131.00
0.00
0.00
0.00
0.00
1.00
20.00
213.00
3.00
0.00
0.00
781.00
179.00
31.00
8.00
0.00
24.00
37.00
1.00
10.00
1.00
1.00
41.00
77.00
1.00
23.00
38.00
11.00
264.00
23.00
0.00
84.00
29.00
217.00
81.00
61.00
125.00
151.00
32.00
34.00
57.00
0.00
30.00
27.00
18.00
483.00
134.00
495.00
234.00
269.00
44.00
8.00
8.00
26.00
17.00
62.00
1.00
7.00
70.00
163.00
152.00
514.00
98.00
41.00
50.00
23.00
59.00
0.00
5.00
16.00
128.00
296.00
59.00
0.00
385.00
188.00
161.00
229.00
73.00
5.00
0.00
293.00
190.00
0.00
2.00
7.00
762.00
55.00
277.00
412.00
2.00
41.00
336.00
37.00
212.00
41.00
22.00
47.00
5.00
2.00
5.00
19.00
25.00
146.00
227.00
215.00
19.00
0.00
23.00
7.00
0.00
65.00
70.00
43.00
149.00
0.00
148.00
42.00
185.00
199.00
288.00
0.00
243.00
20.00
102.00
23.00
245.00
123.00
32.00
123.00
3.00
17.00
81.00
123.00
32.00
0.00
0.00
0.00
0.00
0.00
0.00
0.00
0.00
0.00
0.00
0.00
2.00
0.00
0.00
91.00
17.00
60.00
0.00
0.00
0.00
0.00
23.00
264.00
515.00
10.00
0.00
0.00
0.00
0.00
0.00
0.00
0.00
0.00
0.00
0.00
0.00
0.00
0.00
0.00
0.00
0.00
0.00
0.00
0.00
0.00
0.00
0.00
0.00
0.00
3.00
0.00
0.00
0.00
0.00
0.00
0.00
0.00
0.00
0.00
0.00
0.00
0.00
0.00
0.00
0.00
0.00
0.00
0.00
0.00
0.00
0.00
0.00
0.00
0.00
0.00
0.00
0.00
0.00
0.00
0.00
0.00
0.00
0.00
0.00
0.00
0.00
0.00
0.00
0.00
0.00
0.00
0.00
0.00
0.00
0.00
0.00
0.00
0.00
0.00
0.00
0.00
0.00
0.00
0.00
0.00
0.00
7.00
0.00
0.00
0.00
0.00
0.00
0.00
0.00
0.00
0.00
0.00
0.00
0.00
0.00
0.00
0.00
0.00
0.00
0.00
0.00
0.00
0.00
0.00
0.00
0.00
0.00
0.00
0.00
0.00
0.00
0.00
0.00
0.00
0.00
0.00
0.00
1.00
394.00
85.00
0.00
174.00
6.00
133.00
197.00
0.00
0.00
0.00
0.00
0.00
0.00
296.00
8.00
39.00
0.00
0.00
0.00
0.00
65.00
0.00
6.00
20.00
130.00
152.00
0.00
0.00
0.00
111.00
26.00
516.00
0.00
0.00
0.00
0.00
0.00
0.00
0.00
0.00
0.00
0.00
0.00
0.00
27.00
754.00
15.00
114.00
1050.00
27.00
227.00
140.00
0.00
3.00
0.00
32.00
0.00
125.00
0.00
0.00
0.00
0.00
9.00
0.00
0.00
225.00
0.00
1.00
0.00
127.00
114.00
596.00
67.00
73.00
2.00
3.00
0.00
0.00
0.00
1.00
0.00
0.00
112.00
0.00
52.00
197.00
316.00
12.00
762.00
49.00
0.00
463.00
120.00
4.00
4.00
187.00
86.00
250.00
274.00
384.00
76.00
0.00
30.00
358.00
94.00
200.00
451.00
27.00
31.00
96.00
4.00
55.00
8.00
16.00
7.00
18.00
11.00
104.00
321.00
177.00
302.00
389.00
42.00
3.00
1.00
5.00
21.00
242.00
86.00
154.00
74.00
55.00
39.00
190.00
486.00
111.00
351.00
1067.00
344.00
14.00
89.00
465.00
97.00
271.00
133.00
68.00
159.00
4.00
0.00
21.00
172.00
75.00
65.00
86.00
9.00
14.00
4.00
130.00
205.00
334.00
391.00
42.00
309.00
113.00
90.00
98.00
164.00
56.00
109.00
312.00
109.00
53.00
91.00
21.00
96.00
163.00
57.00
22.00
118.00
235.00
222.00
16.00
397.00
107.00
7.00
46.00
41.00
50.00
181.00
480.00
842.00
8.00
18.00
13.00
0.00
27.00
198.00
486.00
112.00
34.00
36.00
0.00
19.00
31.00
87.00
72.00
298.00
103.00
57.00
40.00
105.00
0.00
2.00
29.00
3.00
39.00
4.00
4.00
10.00
0.00
0.00
3.00
0.00
0.00
17.00
0.00
9.00
95.00
303.00
1125.00
789.00
0.00
0.00
0.00
0.00
0.00
0.00
0.00
20.00
99.00
0.00
0.00
0.00
0.00
0.00
0.00
0.00
0.00
0.00
0.00
0.00
0.00
99.00
0.00
0.00
316.00
46.00
43.00
0.00
0.00
0.00
0.00
0.00
0.00
0.00
0.00
0.00
0.00
0.00
0.00
0.00
0.00
0.00
0.00
0.00
0.00
3.00
9.00
555.00
717.00
283.00
0.00
0.00
0.00
0.00
0.00
0.00
0.00
0.00
1.00
0.00
0.00
0.00
0.00
0.00
0.00
0.00
0.00
0.00
0.00
0.00
3.00
336.00
0.00
0.00
0.00
0.00
0.00
0.00
0.00
0.00
0.00
0.00
0.00
0.00
0.00
0.00
0.00
0.00
0.00
0.00
0.00
0.00
0.00
0.00
0.00
0.00
0.00
0.00
0.00
0.00
0.00
0.00
0.00
0.00
0.00
0.00
0.00
0.00
609.00
410.00
941.00
107.00
84.00
0.00
41.00
106.00
0.00
0.00
0.00
0.00
0.00
0.00
0.00
0.00
0.00
0.00
0.00
198.00
0.00
0.00
0.00
0.00
0.00
0.00
7.00
0.00
0.00
0.00
0.00
0.00
0.00
0.00
0.00
0.00
16.00
54.00
20.00
0.00
0.00
0.00
0.00
0.00
0.00
0.00
13.00
3.00
0.00
37.00
0.00
352.00
126.00
0.00
21.00
0.00
0.00
19.00
198.00
509.00
2.00
0.00
1.00
125.00
60.00
0.00
261.00
0.00
56.00
280.00
126.00
141.00
91.00
337.00
230.00
0.00
0.00
0.00
81.00
0.00
0.00
504.00
106.00
18.00
270.00
11.00
160.00
1145.00
78.00
94.00
10.00
93.00
431.00
475.00
0.00
133.00
19.00
19.00
42.00
2.00
308.00
351.00
222.00
340.00
4.00
100.00
11.00
2.00
0.00
0.00
5.00
4.00
79.00
230.00
394.00
0.00
27.00
78.00
6.00
3.00
97.00
331.00
648.00
381.00
91.00
507.00
47.00
27.00
216.00
92.00
14.00
1.00
330.00
10.00
0.00
0.00
72.00
75.00
71.00
30.00
8.00
14.00
13.00
9.00
2.00
39.00
166.00
99.00
26.00
6.00
19.00
0.00
5.00
3.00
24.00
40.00
291.00
230.00
87.00
0.00
24.00
13.00
16.00
49.00
133.00
26.00
194.00
334.00
58.00
54.00
62.00
90.00
33.00
2.00
66.00
11.00
54.00
8.00
55.00
197.00
33.00
9.00
9.00
6.00
41.00
10.00
39.00
125.00
337.00
49.00
244.00
209.00
211.00
1.00
62.00
193.00
7.00
12.00
69.00
98.00
59.00
49.00
6.00
1.00
0.00
7.00
19.00
43.00
2.00
176.00
14.00
0.00
0.00
0.00
6.00
43.00
17.00
60.00
62.00
1.00
20.00
0.00
0.00
34.00
172.00
193.00
6.00
0.00
11.00
15.00
158.00
19.00
5.00
0.00
0.00
0.00
0.00
0.00
0.00
0.00
0.00
0.00
0.00
0.00
18.00
260.00
406.00
324.00
58.00
0.00
0.00
0.00
0.00
0.00
0.00
0.00
0.00
0.00
0.00
0.00
0.00
0.00
5.00
59.00
150.00
19.00
2.00
0.00
0.00
0.00
0.00
20.00
0.00
0.00
0.00
0.00
0.00
0.00
0.00
0.00
0.00
0.00
0.00
0.00
0.00
0.00
8.00
0.00
0.00
0.00
0.00
0.00
0.00
0.00
0.00
0.00
0.00
0.00
0.00
0.00
0.00
2.00
0.00
0.00
0.00
0.00
0.00
0.00
0.00
0.00
0.00
0.00
7.00
80.00
12.00
0.00
0.00
0.00
0.00
0.00
0.00
0.00
0.00
0.00
0.00
0.00
0.00
0.00
0.00
0.00
0.00
0.00
0.00
0.00
0.00
0.00
0.00
0.00
0.00
0.00
0.00
0.00
0.00
0.00
0.00
0.00
0.00
0.00
0.00
0.00
0.00
0.00
0.00
0.00
0.00
0.00
0.00
0.00
0.00
0.00
0.00
0.00
0.00
0.00
0.00
0.00
2.00
1.00
0.00
0.00
0.00
0.00
0.00
0.00
3.00
4.00
0.00
0.00
0.00
0.00
0.00
0.00
0.00
57.90
41.40
51.20
13.50
0.00
0.00
0.00
0.60
7.00
0.00
0.00
0.00
0.00
0.00
0.00
0.00
0.00
0.40
5.60
1.20
51.60
0.20
0.10
9.30
0.00
2.30
0.00
0.00
0.00
0.10
0.00
0.00
0.00
0.00
31.80
4.30
120.50
20.70
0.00
0.40
72.70
0.10
12.10
24.00
4.50
7.70
0.50
18.10
0.00
0.00
1.20
0.00
0.00
0.00
0.00
1.90
0.10
0.00
0.00
0.00
0.00
0.00
0.00
0.00
0.00
0.00
0.00
81.80
62.70
0.00
0.00
0.00
0.00
0.00
0.00
0.40
0.10
20.40
0.10
0.80
0.00
2.20
0.00
14.10
14.10
0.00
35.70
35.70
50.00
3.40
0.00
1.60
0.00
0.00
0.10
0.60
4.10
9.10
19.20
65.30
1.10
1.10
2.90
5.30
23.40
0.00
0.00
3.10
25.90
28.70
90.80
0.10
1.60
2.70
2.30
6.00
3.30
0.00
0.00
0.00
10.90
6.20
1.10
2.00
0.10
2.30
0.10
0.10
0.20
1.30
1.20
4.70
17.40
13.20
30.30
30.30
37.30
37.30
44.20
0.00
0.00
0.00
6.00
0.00
0.00
0.00
0.10
3.50
2.60
2.50
63.70
4.70
2.30
0.00
2.90
44.70
2.20
0.00
1.90
5.20
33.20
52.70
6.30
1.60
25.80
2.20
1.00
107.30
26.50
23.30
61.30
125.50
0.80
0.10
0.10
0.40
4.30
2.00
11.40
26.80
24.50
1.00
0.20
0.00
3.60
0.00
1.90
20.90
28.40
81.50
8.80
15.90
0.90
0.00
1.90
5.70
4.90
1.40
3.60
25.20
6.50
0.10
0.50
15.70
0.00
0.20
0.20
0.20
14.30
15.60
16.70
29.80
38.40
3.50
0.40
5.60
22.80
10.30
10.30
6.00
0.00
0.00
8.90
5.40
7.10
0.00
16.60
16.00
0.00
0.00
0.00
0.00
0.00
6.80
0.00
0.00
0.00
0.00
0.10
5.90
0.70
0.20
0.20
0.70
