20160101
0.00
0.00
0.00
0.00
0.00
0.00
0.00
0.00
0.00
0.00
0.00
0.00
1.00
0.00
0.00
0.00
0.00
0.00
35.00
3.00
0.00
0.00
0.00
0.00
0.00
0.00
0.00
0.00
0.00
0.00
0.00
0.00
0.00
0.00
0.00
0.00
0.00
1.00
36.00
0.00
0.00
0.00
0.00
0.00
0.00
0.00
0.00
0.00
0.00
0.00
6.00
0.00
1.00
0.00
117.00
0.00
33.00
0.00
0.00
0.00
13.00
0.00
0.00
0.00
0.00
188.00
0.00
4.00
0.00
3.00
0.00
0.00
2.00
2.00
1.00
0.00
0.00
1.00
10.00
0.00
0.00
0.00
0.00
0.00
0.00
0.00
0.00
0.00
213.00
80.00
234.00
0.00
10.00
78.00
0.00
111.00
0.00
0.00
0.00
0.00
0.00
0.00
0.00
0.00
0.00
0.00
8.00
0.00
0.00
0.00
0.00
0.00
0.00
0.00
0.00
0.00
0.00
0.00
0.00
0.00
0.00
67.00
1.00
4.00
1.00
0.00
0.00
320.00
4.00
4.00
22.00
0.00
279.00
141.00
58.00
9.00
3.00
42.00
5.00
12.00
114.00
19.00
0.00
0.00
241.00
38.00
0.00
58.00
19.00
0.00
0.00
147.00
0.00
0.00
0.00
5.00
9.00
55.00
63.00
0.00
2.00
0.00
872.00
241.00
21.00
16.00
17.00
42.00
15.00
0.00
17.00
5.00
37.00
49.00
16.00
55.00
0.00
343.00
19.00
3.00
3.00
13.00
112.00
112.00
217.00
36.00
364.00
119.00
57.00
143.00
39.00
5.00
4.00
3.00
20.00
25.00
124.00
271.00
39.00
109.00
187.00
15.00
4.00
34.00
100.00
63.00
82.00
43.00
4.00
23.00
105.00
122.00
108.00
151.00
55.00
31.00
25.00
74.00
21.00
30.00
24.00
41.00
110.00
71.00
16.00
14.00
67.00
63.00
268.00
625.00
21.00
3.00
70.00
718.00
14.00
7.00
7.00
455.00
17.00
14.00
23.00
24.00
10.00
14.00
83.00
645.00
44.00
9.00
25.00
26.00
53.00
9.00
1.00
19.00
29.00
109.00
188.00
29.00
103.00
19.00
109.00
138.00
110.00
357.00
37.00
32.00
9.00
154.00
360.00
188.00
17.00
26.00
21.00
2.00
0.00
72.00
6.00
5.00
7.00
65.00
2.00
46.00
7.00
30.00
5.00
53.00
0.00
0.00
0.00
0.00
0.00
0.00
0.00
0.00
0.00
0.00
0.00
26.00
0.00
0.00
83.00
5.00
0.00
0.00
0.00
0.00
0.00
119.00
777.00
390.00
0.00
0.00
0.00
0.00
0.00
0.00
0.00
0.00
0.00
0.00
0.00
0.00
0.00
0.00
0.00
0.00
0.00
0.00
0.00
0.00
0.00
0.00
0.00
0.00
0.00
0.00
0.00
0.00
0.00
0.00
0.00
0.00
0.00
0.00
0.00
0.00
0.00
0.00
0.00
0.00
0.00
0.00
0.00
0.00
0.00
0.00
0.00
0.00
0.00
0.00
0.00
0.00
0.00
0.00
0.00
1.00
0.00
0.00
0.00
0.00
0.00
0.00
0.00
0.00
0.00
0.00
0.00
0.00
0.00
0.00
0.00
0.00
0.00
0.00
0.00
0.00
0.00
0.00
0.00
0.00
0.00
1.00
16.00
0.00
0.00
0.00
0.00
0.00
0.00
0.00
0.00
0.00
0.00
0.00
0.00
0.00
0.00
0.00
0.00
0.00
0.00
0.00
0.00
0.00
0.00
0.00
0.00
0.00
0.00
0.00
0.00
0.00
0.00
0.00
0.00
0.00
0.00
1.00
16.00
18.00
0.00
0.00
10.00
0.00
261.00
11.00
0.00
0.00
0.00
0.00
0.00
0.00
10.00
11.00
232.00
0.00
0.00
0.00
0.00
11.00
0.00
0.00
3.00
12.00
12.00
0.00
110.00
0.00
178.00
0.00
15.00
0.00
35.00
1.00
0.00
0.00
0.00
0.00
0.00
0.00
0.00
0.00
0.00
42.00
341.00
1.00
899.00
733.00
396.00
198.00
72.00
0.00
3.00
0.00
224.00
217.00
312.00
0.00
0.00
0.00
152.00
15.00
0.00
0.00
65.00
0.00
7.00
0.00
129.00
185.00
495.00
0.00
276.00
0.00
0.00
0.00
0.00
0.00
0.00
0.00
0.00
107.00
0.00
31.00
132.00
24.00
348.00
300.00
635.00
5.00
0.00
353.00
0.00
1.00
29.00
5.00
0.00
149.00
510.00
4.00
20.00
222.00
28.00
33.00
290.00
380.00
0.00
16.00
96.00
0.00
0.00
2.00
5.00
2.00
1.00
6.00
14.00
42.00
270.00
118.00
397.00
80.00
9.00
1.00
12.00
28.00
84.00
258.00
117.00
7.00
13.00
11.00
30.00
240.00
16.00
267.00
197.00
319.00
23.00
29.00
728.00
72.00
262.00
72.00
1.00
39.00
78.00
6.00
202.00
165.00
142.00
100.00
12.00
21.00
62.00
1.00
20.00
340.00
1064.00
203.00
99.00
53.00
92.00
75.00
79.00
14.00
45.00
26.00
84.00
488.00
30.00
27.00
17.00
512.00
137.00
68.00
12.00
28.00
181.00
94.00
345.00
50.00
17.00
233.00
5.00
45.00
12.00
48.00
567.00
237.00
4.00
37.00
20.00
8.00
6.00
61.00
321.00
82.00
82.00
71.00
12.00
0.00
0.00
2.00
12.00
66.00
134.00
193.00
179.00
433.00
12.00
0.00
0.00
0.00
55.00
94.00
28.00
146.00
47.00
0.00
30.00
0.00
2.00
0.00
0.00
0.00
17.00
7.00
1073.00
173.00
0.00
0.00
2.00
0.00
0.00
0.00
0.00
0.00
0.00
0.00
0.00
0.00
0.00
0.00
0.00
0.00
0.00
0.00
0.00
0.00
0.00
28.00
1.00
2.00
320.00
69.00
4.00
0.00
0.00
0.00
0.00
0.00
0.00
0.00
0.00
0.00
0.00
0.00
0.00
0.00
0.00
0.00
0.00
0.00
0.00
0.00
1.00
1.00
11.00
0.00
0.00
0.00
0.00
0.00
0.00
0.00
0.00
0.00
20.00
0.00
0.00
0.00
0.00
0.00
0.00
0.00
0.00
0.00
0.00
0.00
0.00
28.00
0.00
0.00
0.00
0.00
0.00
0.00
0.00
0.00
0.00
0.00
0.00
0.00
0.00
0.00
0.00
0.00
0.00
0.00
0.00
0.00
0.00
0.00
0.00
0.00
0.00
0.00
0.00
0.00
0.00
0.00
0.00
0.00
0.00
0.00
0.00
0.00
832.00
310.00
163.00
2.00
194.00
0.00
211.00
292.00
0.00
0.00
0.00
0.00
0.00
0.00
0.00
0.00
0.00
0.00
818.00
133.00
0.00
0.00
0.00
0.00
0.00
0.00
235.00
0.00
0.00
0.00
0.00
0.00
0.00
0.00
0.00
0.00
120.00
231.00
0.00
0.00
0.00
0.00
27.00
0.00
1.00
63.00
66.00
0.00
0.00
0.00
2.00
313.00
212.00
9.00
15.00
0.00
0.00
98.00
232.00
193.00
2.00
8.00
0.00
206.00
88.00
0.00
0.00
0.00
43.00
48.00
74.00
44.00
22.00
2.00
28.00
0.00
0.00
339.00
10.00
0.00
10.00
21.00
341.00
0.00
295.00
0.00
53.00
1036.00
28.00
15.00
45.00
0.00
243.00
71.00
0.00
22.00
1.00
8.00
34.00
0.00
36.00
0.00
105.00
6.00
83.00
52.00
45.00
7.00
0.00
0.00
13.00
0.00
76.00
23.00
264.00
0.00
227.00
0.00
0.00
0.00
0.00
4.00
495.00
44.00
19.00
54.00
0.00
33.00
96.00
671.00
258.00
0.00
22.00
0.00
0.00
0.00
77.00
31.00
33.00
143.00
13.00
2.00
1.00
2.00
101.00
193.00
199.00
143.00
0.00
0.00
1.00
2.00
17.00
3.00
26.00
19.00
20.00
121.00
47.00
2.00
7.00
3.00
0.00
48.00
45.00
59.00
154.00
167.00
285.00
4.00
173.00
62.00
27.00
101.00
41.00
156.00
14.00
18.00
36.00
27.00
729.00
7.00
2.00
12.00
11.00
22.00
110.00
90.00
100.00
33.00
13.00
26.00
18.00
79.00
52.00
5.00
31.00
138.00
57.00
12.00
35.00
14.00
1.00
3.00
0.00
48.00
1.00
176.00
16.00
116.00
13.00
3.00
12.00
6.00
4.00
4.00
73.00
125.00
225.00
36.00
13.00
9.00
4.00
16.00
102.00
114.00
12.00
3.00
4.00
1.00
20.00
26.00
0.00
0.00
0.00
0.00
0.00
0.00
0.00
0.00
0.00
0.00
0.00
0.00
21.00
10.00
157.00
150.00
12.00
0.00
0.00
0.00
0.00
0.00
0.00
0.00
0.00
0.00
0.00
0.00
0.00
0.00
12.00
8.00
9.00
0.00
1.00
0.00
0.00
0.00
0.00
5.00
0.00
0.00
0.00
0.00
0.00
0.00
0.00
0.00
0.00
0.00
0.00
0.00
0.00
0.00
0.00
0.00
0.00
0.00
0.00
0.00
0.00
0.00
0.00
0.00
0.00
0.00
0.00
0.00
0.00
2.00
0.00
0.00
0.00
0.00
0.00
0.00
0.00
0.00
0.00
0.00
16.00
117.00
16.00
0.00
0.00
0.00
0.00
0.00
0.00
0.00
0.00
0.00
0.00
0.00
0.00
0.00
0.00
0.00
0.00
0.00
0.00
0.00
0.00
0.00
0.00
0.00
0.00
0.00
0.00
0.00
0.00
0.00
0.00
0.00
0.00
0.00
0.00
0.00
0.00
0.00
0.00
1.00
1.00
0.00
0.00
0.00
0.00
0.00
0.00
0.00
0.00
0.00
0.00
0.00
1.00
0.00
0.00
0.00
0.00
0.00
0.00
0.00
3.00
1.00
0.00
0.00
0.00
0.00
0.00
0.00
2.10
22.00
1.50
25.40
0.30
0.00
0.00
0.00
0.90
0.20
0.00
0.00
0.00
0.00
0.00
0.00
0.00
0.00
1.70
3.80
0.00
11.90
2.10
0.00
0.00
0.00
0.00
0.00
0.00
0.00
11.60
5.90
0.00
1.10
3.10
19.80
0.10
4.60
2.80
0.10
0.00
60.00
0.20
1.40
17.50
0.00
51.50
0.90
9.00
0.00
0.00
10.90
0.00
0.00
0.00
0.00
7.70
0.00
0.00
0.00
0.00
0.10
0.00
0.00
0.00
0.20
0.20
0.00
45.30
1.70
0.00
0.00
0.00
0.00
0.00
0.00
0.00
0.00
20.30
2.20
15.30
0.30
11.90
0.00
1.20
1.20
0.00
30.10
30.10
31.10
0.80
0.00
1.30
0.00
0.00
1.70
3.00
0.70
53.70
0.00
0.60
31.80
0.00
0.00
0.00
0.30
0.00
0.00
0.00
0.70
1.60
7.80
0.00
80.70
0.00
0.60
0.30
5.10
0.40
0.00
0.00
0.10
12.40
35.60
5.70
0.00
0.80
0.50
1.50
0.00
0.00
0.80
2.70
13.90
9.40
16.40
16.40
23.40
23.40
57.40
0.20
0.20
14.10
0.00
0.20
0.20
0.20
0.50
3.20
9.40
40.90
4.80
20.60
6.80
1.10
1.10
48.00
3.20
2.10
4.30
2.80
4.20
9.60
4.40
1.00
40.20
6.60
0.50
4.40
18.00
17.10
11.40
19.70
32.80
1.60
0.30
1.20
1.80
2.10
31.80
16.20
4.50
2.70
0.80
1.20
3.00
2.50
2.00
5.80
70.40
20.00
7.20
2.10
2.40
1.20
0.90
6.20
8.90
1.00
1.30
2.10
38.20
3.40
1.10
2.10
1.70
1.90
2.40
0.20
4.90
5.50
1.10
24.70
111.30
8.50
5.80
14.80
15.70
14.90
14.90
3.50
3.80
2.70
0.50
7.10
3.30
17.40
19.40
1.20
0.00
1.40
0.20
0.10
0.60
2.90
0.00
0.30
1.90
0.80
2.00
0.00
0.00
0.80
11.00
53.60
