20160101
0.00
0.00
0.00
0.00
0.00
0.00
0.00
0.00
22.00
0.00
0.00
0.00
0.00
0.00
0.00
0.00
0.00
0.00
0.00
0.00
4.00
0.00
0.00
0.00
0.00
2.00
0.00
0.00
0.00
0.00
0.00
0.00
0.00
0.00
0.00
0.00
0.00
0.00
0.00
0.00
0.00
0.00
0.00
0.00
0.00
0.00
0.00
0.00
0.00
0.00
0.00
0.00
3.00
30.00
33.00
0.00
29.00
0.00
0.00
0.00
0.00
0.00
2.00
0.00
0.00
6.00
0.00
0.00
0.00
0.00
0.00
1.00
0.00
0.00
0.00
12.00
0.00
0.00
23.00
0.00
1.00
0.00
15.00
0.00
0.00
0.00
0.00
317.00
0.00
158.00
486.00
70.00
41.00
34.00
170.00
94.00
0.00
0.00
0.00
0.00
0.00
0.00
0.00
0.00
32.00
74.00
70.00
65.00
1.00
9.00
4.00
55.00
37.00
0.00
0.00
116.00
0.00
36.00
0.00
0.00
23.00
79.00
110.00
12.00
106.00
1.00
1.00
0.00
0.00
0.00
0.00
0.00
116.00
0.00
1.00
6.00
0.00
165.00
275.00
75.00
260.00
650.00
0.00
38.00
51.00
28.00
0.00
0.00
82.00
13.00
0.00
23.00
0.00
1.00
37.00
240.00
15.00
23.00
34.00
10.00
38.00
221.00
27.00
51.00
65.00
0.00
65.00
22.00
293.00
22.00
12.00
42.00
53.00
111.00
8.00
51.00
27.00
54.00
25.00
23.00
44.00
54.00
125.00
6.00
45.00
1.00
2.00
6.00
130.00
44.00
55.00
16.00
45.00
19.00
4.00
18.00
79.00
83.00
17.00
6.00
0.00
5.00
17.00
26.00
43.00
17.00
277.00
3.00
1.00
62.00
110.00
24.00
49.00
55.00
8.00
6.00
3.00
54.00
79.00
115.00
61.00
15.00
8.00
25.00
137.00
208.00
96.00
2.00
6.00
0.00
3.00
3.00
461.00
13.00
0.00
54.00
0.00
148.00
1.00
40.00
10.00
40.00
199.00
72.00
16.00
2.00
12.00
27.00
13.00
0.00
3.00
12.00
31.00
10.00
35.00
40.00
19.00
8.00
109.00
220.00
58.00
16.00
58.00
199.00
104.00
40.00
126.00
19.00
219.00
6.00
229.00
0.00
31.00
105.00
16.00
17.00
0.00
5.00
58.00
21.00
48.00
19.00
0.00
0.00
17.00
206.00
8.00
0.00
0.00
9.00
0.00
0.00
0.00
0.00
0.00
0.00
0.00
0.00
0.00
0.00
32.00
27.00
50.00
0.00
0.00
0.00
3.00
1.00
106.00
365.00
135.00
2.00
0.00
0.00
0.00
0.00
0.00
0.00
0.00
0.00
0.00
0.00
0.00
0.00
0.00
0.00
0.00
0.00
0.00
0.00
0.00
0.00
0.00
0.00
0.00
0.00
0.00
0.00
0.00
0.00
0.00
0.00
0.00
0.00
0.00
0.00
0.00
0.00
0.00
0.00
0.00
0.00
0.00
0.00
0.00
0.00
0.00
0.00
0.00
0.00
0.00
0.00
0.00
0.00
0.00
0.00
0.00
0.00
0.00
0.00
0.00
0.00
0.00
0.00
0.00
0.00
0.00
0.00
0.00
0.00
0.00
0.00
0.00
0.00
0.00
0.00
0.00
0.00
0.00
0.00
0.00
0.00
10.00
0.00
0.00
0.00
0.00
0.00
0.00
0.00
0.00
0.00
0.00
0.00
0.00
0.00
0.00
0.00
0.00
0.00
0.00
0.00
0.00
0.00
0.00
0.00
0.00
0.00
0.00
0.00
0.00
0.00
0.00
0.00
0.00
0.00
0.00
0.00
0.00
77.00
13.00
0.00
245.00
0.00
195.00
31.00
1.00
0.00
0.00
0.00
0.00
0.00
154.00
0.00
77.00
0.00
0.00
0.00
0.00
51.00
0.00
0.00
0.00
23.00
137.00
7.00
0.00
0.00
597.00
463.00
72.00
0.00
0.00
0.00
0.00
0.00
0.00
0.00
0.00
0.00
42.00
3.00
11.00
1.00
235.00
166.00
103.00
141.00
112.00
57.00
24.00
0.00
0.00
4.00
2.00
3.00
49.00
0.00
0.00
1.00
0.00
6.00
0.00
0.00
92.00
0.00
0.00
0.00
88.00
4.00
282.00
8.00
28.00
0.00
27.00
0.00
151.00
0.00
0.00
0.00
0.00
21.00
65.00
104.00
198.00
362.00
11.00
180.00
71.00
142.00
91.00
0.00
100.00
103.00
564.00
623.00
265.00
193.00
174.00
184.00
0.00
136.00
33.00
51.00
14.00
34.00
0.00
0.00
3.00
100.00
8.00
111.00
227.00
87.00
110.00
113.00
326.00
14.00
1.00
46.00
37.00
132.00
4.00
14.00
5.00
25.00
10.00
132.00
19.00
248.00
197.00
130.00
12.00
79.00
93.00
45.00
12.00
117.00
7.00
119.00
122.00
63.00
38.00
77.00
77.00
115.00
67.00
53.00
27.00
8.00
77.00
18.00
98.00
31.00
3.00
0.00
0.00
23.00
194.00
63.00
7.00
3.00
69.00
25.00
6.00
22.00
24.00
68.00
47.00
58.00
27.00
29.00
60.00
331.00
1.00
56.00
62.00
58.00
145.00
1.00
13.00
10.00
0.00
2.00
43.00
142.00
36.00
13.00
108.00
0.00
2.00
37.00
118.00
62.00
29.00
237.00
101.00
87.00
51.00
4.00
2.00
21.00
14.00
20.00
448.00
24.00
228.00
2.00
1.00
37.00
184.00
55.00
5.00
20.00
43.00
7.00
48.00
0.00
4.00
2.00
15.00
9.00
0.00
0.00
0.00
5.00
217.00
104.00
77.00
347.00
0.00
0.00
0.00
0.00
0.00
0.00
8.00
295.00
96.00
0.00
0.00
0.00
0.00
0.00
0.00
0.00
0.00
0.00
0.00
0.00
0.00
45.00
0.00
4.00
172.00
41.00
8.00
0.00
0.00
0.00
0.00
0.00
0.00
0.00
0.00
0.00
0.00
0.00
0.00
0.00
0.00
0.00
0.00
0.00
0.00
0.00
36.00
450.00
161.00
151.00
0.00
0.00
0.00
0.00
0.00
0.00
0.00
0.00
25.00
0.00
0.00
0.00
0.00
0.00
0.00
0.00
0.00
0.00
0.00
0.00
21.00
228.00
73.00
0.00
0.00
0.00
0.00
0.00
0.00
0.00
0.00
0.00
0.00
0.00
0.00
0.00
0.00
0.00
0.00
0.00
0.00
0.00
0.00
0.00
0.00
0.00
0.00
0.00
0.00
0.00
0.00
0.00
0.00
0.00
0.00
0.00
0.00
0.00
10.00
3.00
171.00
0.00
26.00
0.00
0.00
0.00
0.00
0.00
0.00
0.00
0.00
0.00
0.00
0.00
0.00
0.00
0.00
142.00
0.00
0.00
0.00
0.00
0.00
0.00
0.00
0.00
0.00
0.00
0.00
0.00
0.00
0.00
109.00
0.00
0.00
0.00
67.00
2.00
0.00
0.00
0.00
0.00
0.00
0.00
0.00
0.00
0.00
0.00
0.00
39.00
35.00
0.00
15.00
154.00
0.00
13.00
0.00
1.00
36.00
0.00
0.00
0.00
16.00
0.00
3.00
0.00
0.00
105.00
14.00
9.00
1.00
94.00
6.00
0.00
1.00
7.00
26.00
95.00
86.00
128.00
147.00
0.00
84.00
4.00
32.00
257.00
594.00
583.00
363.00
214.00
341.00
453.00
0.00
34.00
0.00
0.00
0.00
0.00
0.00
0.00
1.00
0.00
0.00
2.00
84.00
0.00
0.00
1.00
16.00
62.00
16.00
7.00
0.00
78.00
450.00
514.00
273.00
6.00
401.00
214.00
107.00
354.00
532.00
289.00
250.00
124.00
105.00
0.00
0.00
7.00
0.00
3.00
49.00
43.00
2.00
0.00
9.00
44.00
40.00
18.00
3.00
1.00
7.00
46.00
3.00
1.00
6.00
6.00
78.00
1.00
23.00
112.00
76.00
3.00
51.00
24.00
42.00
13.00
9.00
3.00
18.00
11.00
99.00
13.00
20.00
40.00
5.00
0.00
30.00
5.00
139.00
110.00
178.00
11.00
2.00
0.00
35.00
75.00
40.00
0.00
133.00
51.00
13.00
131.00
98.00
15.00
99.00
17.00
2.00
66.00
15.00
26.00
39.00
48.00
1.00
44.00
37.00
66.00
50.00
7.00
4.00
8.00
18.00
116.00
17.00
1.00
5.00
7.00
0.00
4.00
0.00
79.00
289.00
41.00
0.00
0.00
0.00
2.00
100.00
9.00
16.00
97.00
69.00
7.00
47.00
0.00
146.00
13.00
0.00
2.00
31.00
0.00
6.00
0.00
0.00
0.00
0.00
0.00
0.00
0.00
4.00
14.00
152.00
139.00
549.00
383.00
49.00
0.00
0.00
0.00
0.00
0.00
0.00
0.00
1.00
0.00
0.00
0.00
0.00
0.00
100.00
42.00
158.00
91.00
30.00
0.00
0.00
6.00
0.00
0.00
0.00
0.00
0.00
0.00
0.00
0.00
2.00
0.00
0.00
0.00
0.00
0.00
0.00
0.00
0.00
0.00
0.00
0.00
0.00
0.00
0.00
0.00
0.00
0.00
0.00
0.00
0.00
0.00
0.00
0.00
0.00
0.00
0.00
0.00
0.00
0.00
0.00
0.00
0.00
0.00
44.00
31.00
123.00
0.00
0.00
0.00
0.00
0.00
0.00
0.00
0.00
0.00
0.00
0.00
0.00
0.00
0.00
0.00
0.00
0.00
0.00
0.00
0.00
0.00
0.00
0.00
0.00
0.00
0.00
0.00
0.00
0.00
0.00
0.00
0.00
0.00
0.00
0.00
0.00
0.00
0.00
0.00
0.00
0.00
2.00
0.00
0.00
0.00
0.00
0.00
0.00
0.00
0.00
0.00
0.00
0.00
0.00
0.00
0.00
0.00
0.00
0.00
0.00
2.00
0.00
0.00
0.00
0.00
0.00
0.00
0.00
158.60
187.30
104.30
50.20
0.00
0.00
0.00
8.70
43.60
0.00
0.00
0.00
0.00
0.00
0.00
0.00
0.00
0.00
0.00
0.10
12.90
1.30
0.00
0.00
0.00
0.70
0.00
0.00
0.00
0.00
0.00
0.00
0.00
0.00
108.50
28.40
88.40
20.30
0.00
4.30
3.50
0.10
22.70
47.50
0.70
0.70
0.00
0.00
0.00
0.00
0.00
0.00
0.00
0.00
0.00
0.00
2.50
0.00
0.00
0.00
0.00
0.00
0.00
0.00
0.00
0.00
0.30
0.20
9.60
0.00
0.00
0.00
0.00
0.00
0.00
0.00
0.00
0.30
16.40
0.20
1.50
1.70
0.40
0.20
0.20
1.90
3.20
3.20
39.10
3.30
0.50
0.00
0.00
0.00
0.00
10.20
2.20
0.00
0.50
9.00
0.20
8.00
6.80
0.90
3.00
0.10
0.20
18.30
5.30
8.40
2.20
0.10
0.00
3.00
26.10
22.60
4.20
0.40
0.10
4.30
3.70
9.10
2.80
0.20
2.50
0.10
4.20
8.10
0.50
7.20
2.70
8.00
5.20
1.70
4.80
4.80
10.60
10.60
13.20
4.30
4.30
0.00
10.40
4.30
4.30
4.30
0.10
1.80
1.60
0.50
24.80
8.10
14.50
4.80
0.50
9.20
1.50
5.30
6.80
23.60
0.10
29.70
10.10
3.10
3.10
0.00
1.60
1.10
2.60
2.30
5.50
7.10
1.20
1.40
0.10
3.80
9.00
0.40
2.20
11.10
46.20
0.80
1.60
0.40
10.20
0.00
0.40
2.20
8.30
0.40
0.00
3.20
7.20
4.30
3.40
0.70
1.50
4.90
11.00
2.70
1.30
0.20
13.70
6.60
2.20
4.00
10.00
6.40
7.40
26.40
24.80
34.60
15.00
2.80
3.40
27.70
15.50
3.50
3.50
0.30
0.00
0.00
0.30
1.00
9.70
11.70
5.70
4.80
0.00
0.00
0.00
2.00
11.10
0.00
0.00
0.10
0.10
0.00
0.70
9.20
4.80
0.20
0.90
1.70
