20160101
0.00
0.00
0.00
0.00
0.00
0.00
0.00
0.00
0.00
0.00
0.00
0.00
0.00
0.00
0.00
0.00
0.00
0.00
0.00
13.00
0.00
0.00
0.00
0.00
0.00
0.00
0.00
0.00
0.00
0.00
0.00
0.00
0.00
0.00
0.00
0.00
0.00
0.00
1.00
0.00
0.00
5.00
7.00
0.00
0.00
0.00
0.00
0.00
0.00
0.00
0.00
0.00
0.00
157.00
179.00
1.00
11.00
0.00
0.00
0.00
0.00
0.00
0.00
0.00
0.00
170.00
0.00
0.00
0.00
5.00
0.00
1.00
0.00
0.00
0.00
5.00
0.00
122.00
0.00
0.00
4.00
0.00
0.00
0.00
0.00
0.00
0.00
17.00
6.00
195.00
291.00
139.00
9.00
100.00
118.00
0.00
0.00
0.00
2.00
0.00
0.00
0.00
0.00
0.00
0.00
0.00
95.00
0.00
0.00
0.00
0.00
0.00
0.00
0.00
0.00
0.00
0.00
0.00
0.00
0.00
0.00
13.00
491.00
15.00
0.00
0.00
169.00
41.00
9.00
1.00
13.00
0.00
20.00
495.00
0.00
23.00
0.00
29.00
375.00
149.00
807.00
1379.00
0.00
0.00
508.00
216.00
13.00
21.00
592.00
28.00
50.00
136.00
0.00
0.00
0.00
0.00
1.00
36.00
164.00
27.00
2.00
0.00
886.00
221.00
45.00
7.00
0.00
24.00
40.00
3.00
3.00
8.00
0.00
46.00
79.00
2.00
39.00
33.00
14.00
281.00
28.00
1.00
90.00
51.00
169.00
64.00
40.00
153.00
158.00
19.00
33.00
57.00
0.00
21.00
18.00
16.00
468.00
180.00
259.00
251.00
231.00
24.00
10.00
11.00
54.00
29.00
70.00
0.00
2.00
45.00
157.00
154.00
412.00
102.00
47.00
31.00
16.00
67.00
21.00
3.00
15.00
164.00
248.00
52.00
0.00
389.00
162.00
160.00
203.00
88.00
11.00
0.00
539.00
250.00
1.00
1.00
7.00
701.00
87.00
214.00
384.00
3.00
55.00
308.00
45.00
174.00
37.00
20.00
28.00
1.00
1.00
11.00
17.00
40.00
165.00
134.00
172.00
25.00
1.00
23.00
7.00
0.00
21.00
49.00
30.00
177.00
4.00
144.00
18.00
206.00
226.00
311.00
0.00
234.00
28.00
130.00
84.00
235.00
95.00
19.00
34.00
1.00
28.00
105.00
293.00
16.00
0.00
0.00
0.00
0.00
0.00
0.00
0.00
0.00
0.00
0.00
0.00
0.00
0.00
0.00
251.00
26.00
42.00
0.00
0.00
0.00
0.00
21.00
257.00
529.00
1.00
0.00
0.00
0.00
0.00
0.00
0.00
0.00
0.00
0.00
0.00
0.00
0.00
0.00
0.00
0.00
0.00
0.00
0.00
0.00
0.00
0.00
0.00
0.00
0.00
8.00
0.00
0.00
0.00
0.00
0.00
0.00
0.00
0.00
0.00
0.00
0.00
0.00
0.00
0.00
0.00
0.00
0.00
0.00
0.00
0.00
0.00
0.00
0.00
0.00
0.00
0.00
0.00
0.00
0.00
0.00
0.00
0.00
0.00
0.00
0.00
0.00
0.00
0.00
0.00
0.00
0.00
0.00
0.00
0.00
0.00
0.00
0.00
0.00
0.00
0.00
0.00
0.00
0.00
0.00
0.00
0.00
9.00
0.00
0.00
0.00
0.00
0.00
0.00
0.00
0.00
0.00
0.00
0.00
0.00
0.00
0.00
0.00
0.00
0.00
0.00
0.00
0.00
0.00
0.00
0.00
0.00
0.00
0.00
9.00
0.00
0.00
0.00
0.00
0.00
0.00
0.00
0.00
1.00
166.00
104.00
0.00
169.00
3.00
116.00
177.00
0.00
0.00
0.00
0.00
0.00
0.00
590.00
15.00
36.00
0.00
0.00
0.00
0.00
66.00
0.00
5.00
17.00
78.00
73.00
6.00
0.00
0.00
134.00
44.00
590.00
0.00
0.00
0.00
0.00
0.00
0.00
0.00
0.00
0.00
1.00
0.00
0.00
7.00
615.00
20.00
106.00
1013.00
30.00
164.00
136.00
0.00
2.00
0.00
17.00
0.00
55.00
0.00
0.00
0.00
0.00
9.00
0.00
0.00
337.00
0.00
5.00
0.00
131.00
581.00
719.00
114.00
84.00
0.00
4.00
0.00
0.00
0.00
1.00
0.00
0.00
34.00
0.00
40.00
204.00
389.00
8.00
815.00
50.00
0.00
489.00
142.00
8.00
7.00
166.00
86.00
158.00
356.00
380.00
105.00
0.00
47.00
232.00
49.00
201.00
558.00
59.00
109.00
142.00
4.00
42.00
3.00
15.00
6.00
23.00
8.00
115.00
364.00
255.00
361.00
260.00
87.00
2.00
4.00
7.00
15.00
259.00
73.00
150.00
53.00
107.00
31.00
112.00
622.00
196.00
428.00
899.00
350.00
13.00
118.00
548.00
134.00
314.00
146.00
63.00
189.00
11.00
0.00
10.00
208.00
72.00
62.00
69.00
23.00
35.00
3.00
77.00
225.00
339.00
318.00
14.00
217.00
95.00
83.00
79.00
140.00
59.00
59.00
347.00
109.00
69.00
96.00
22.00
79.00
119.00
16.00
69.00
114.00
205.00
210.00
23.00
125.00
135.00
20.00
14.00
43.00
39.00
23.00
499.00
604.00
8.00
10.00
21.00
0.00
33.00
332.00
528.00
94.00
49.00
30.00
0.00
40.00
44.00
107.00
93.00
266.00
70.00
39.00
241.00
181.00
1.00
5.00
31.00
7.00
29.00
1.00
2.00
4.00
0.00
0.00
1.00
0.00
0.00
11.00
0.00
13.00
100.00
253.00
1163.00
749.00
0.00
0.00
0.00
0.00
0.00
0.00
0.00
41.00
94.00
0.00
0.00
0.00
0.00
0.00
0.00
0.00
0.00
0.00
0.00
0.00
0.00
69.00
0.00
0.00
310.00
41.00
51.00
0.00
0.00
0.00
0.00
0.00
0.00
0.00
0.00
0.00
0.00
0.00
0.00
0.00
0.00
0.00
0.00
0.00
0.00
10.00
15.00
744.00
740.00
654.00
0.00
0.00
0.00
0.00
0.00
0.00
0.00
0.00
7.00
0.00
0.00
0.00
0.00
0.00
0.00
0.00
0.00
0.00
0.00
0.00
3.00
322.00
1.00
0.00
0.00
0.00
0.00
0.00
0.00
0.00
0.00
0.00
0.00
0.00
0.00
0.00
0.00
0.00
0.00
0.00
0.00
0.00
0.00
0.00
0.00
0.00
0.00
0.00
0.00
0.00
0.00
0.00
0.00
0.00
0.00
0.00
0.00
55.00
626.00
400.00
913.00
146.00
79.00
0.00
55.00
108.00
0.00
0.00
0.00
0.00
0.00
0.00
0.00
0.00
0.00
0.00
0.00
124.00
0.00
0.00
0.00
0.00
0.00
0.00
11.00
0.00
0.00
0.00
0.00
0.00
0.00
0.00
0.00
0.00
0.00
49.00
23.00
0.00
0.00
0.00
0.00
0.00
0.00
0.00
9.00
0.00
0.00
15.00
0.00
245.00
125.00
0.00
24.00
0.00
22.00
0.00
149.00
457.00
1.00
0.00
0.00
126.00
58.00
0.00
237.00
0.00
62.00
357.00
152.00
155.00
2.00
259.00
215.00
0.00
0.00
0.00
70.00
0.00
0.00
425.00
110.00
22.00
258.00
27.00
117.00
1172.00
65.00
97.00
4.00
54.00
564.00
507.00
0.00
137.00
4.00
21.00
46.00
4.00
285.00
573.00
265.00
315.00
0.00
158.00
9.00
0.00
0.00
0.00
21.00
16.00
63.00
309.00
218.00
0.00
10.00
20.00
2.00
0.00
39.00
354.00
580.00
584.00
118.00
697.00
31.00
16.00
183.00
106.00
46.00
0.00
351.00
17.00
0.00
0.00
56.00
87.00
58.00
39.00
6.00
16.00
25.00
19.00
7.00
49.00
259.00
90.00
15.00
11.00
15.00
0.00
5.00
3.00
22.00
25.00
273.00
172.00
64.00
0.00
24.00
11.00
6.00
53.00
118.00
40.00
122.00
366.00
67.00
40.00
94.00
85.00
20.00
8.00
39.00
10.00
41.00
17.00
57.00
241.00
36.00
5.00
6.00
10.00
9.00
11.00
29.00
99.00
386.00
44.00
202.00
292.00
155.00
2.00
53.00
182.00
9.00
11.00
56.00
95.00
41.00
40.00
9.00
2.00
1.00
7.00
20.00
57.00
3.00
167.00
8.00
0.00
0.00
0.00
9.00
38.00
6.00
141.00
101.00
1.00
25.00
0.00
0.00
20.00
162.00
148.00
5.00
6.00
1.00
18.00
168.00
18.00
2.00
1.00
0.00
0.00
0.00
0.00
0.00
17.00
0.00
0.00
0.00
0.00
40.00
264.00
487.00
403.00
76.00
0.00
0.00
0.00
0.00
0.00
0.00
0.00
0.00
0.00
0.00
0.00
0.00
0.00
5.00
56.00
140.00
25.00
11.00
0.00
0.00
0.00
0.00
0.00
5.00
0.00
0.00
0.00
0.00
0.00
0.00
0.00
0.00
0.00
0.00
0.00
0.00
0.00
1.00
0.00
0.00
0.00
0.00
0.00
0.00
0.00
0.00
0.00
0.00
0.00
0.00
0.00
0.00
0.00
0.00
0.00
0.00
0.00
0.00
0.00
0.00
0.00
0.00
0.00
19.00
66.00
7.00
0.00
0.00
0.00
0.00
0.00
0.00
0.00
0.00
0.00
0.00
0.00
0.00
0.00
0.00
0.00
0.00
0.00
0.00
0.00
0.00
0.00
0.00
0.00
0.00
0.00
0.00
0.00
0.00
0.00
0.00
0.00
0.00
0.00
0.00
0.00
0.00
0.00
0.00
0.00
0.00
0.00
0.00
0.00
0.00
0.00
0.00
0.00
0.00
0.00
0.00
0.00
2.00
1.00
0.00
0.00
0.00
0.00
0.00
0.00
4.00
11.00
0.00
0.00
0.00
0.00
0.00
0.10
0.00
67.50
49.60
50.10
13.30
0.00
0.00
0.00
1.90
10.00
0.00
0.00
0.00
0.00
0.00
0.00
0.00
0.00
0.00
5.00
0.30
41.40
0.10
0.50
10.00
0.00
2.60
0.00
0.00
0.00
0.00
0.00
0.00
0.00
0.00
25.40
8.00
61.60
22.60
0.10
1.70
34.30
0.10
9.10
27.60
4.90
8.60
0.60
17.20
0.00
0.00
0.30
0.00
0.00
0.00
0.00
1.40
0.10
0.00
0.00
0.00
0.00
0.00
0.00
0.00
0.00
0.00
0.60
104.40
53.70
0.00
0.00
0.00
0.00
0.00
0.00
1.20
0.00
18.90
0.00
0.60
0.10
1.90
0.00
12.40
12.40
0.00
36.30
36.30
50.30
3.40
0.00
0.60
0.00
0.00
0.00
0.30
4.00
7.40
5.90
66.20
1.60
1.20
1.70
15.20
11.10
0.00
0.00
2.30
67.60
18.80
87.10
0.00
1.00
2.90
4.00
3.60
2.40
0.10
0.00
0.00
7.10
9.60
0.60
1.50
0.10
0.00
0.20
0.40
0.10
1.10
1.50
7.60
29.70
19.50
36.40
36.40
34.50
34.50
44.50
0.00
0.00
0.00
12.80
0.00
0.00
0.00
0.00
1.40
1.60
0.80
64.90
2.70
2.50
0.00
2.80
44.80
0.80
0.00
1.40
4.30
29.90
52.90
6.50
1.20
25.40
4.10
0.40
139.20
27.90
32.80
48.90
106.10
2.60
0.40
0.10
2.90
5.30
3.80
8.90
35.40
27.10
0.80
0.40
0.00
3.20
0.00
5.30
26.50
21.70
47.50
7.80
13.60
2.70
0.10
7.10
19.80
7.00
1.80
6.20
33.20
11.40
0.70
0.50
25.30
0.00
0.20
0.30
0.10
10.50
12.70
6.70
32.40
30.80
4.30
0.40
6.00
25.70
9.20
9.20
7.20
0.00
0.00
8.60
3.30
6.40
2.30
16.70
13.00
0.00
0.00
0.00
0.00
0.00
4.00
0.00
0.00
0.00
0.00
0.10
3.20
1.30
0.10
0.00
2.30
