20160101
0.00
0.00
0.00
0.00
0.00
0.00
0.00
0.00
0.00
0.00
0.00
0.00
0.00
0.00
0.00
0.00
0.00
0.00
0.00
5.00
0.00
0.00
0.00
0.00
0.00
0.00
0.00
0.00
0.00
0.00
0.00
0.00
0.00
0.00
0.00
0.00
0.00
2.00
0.00
0.00
0.00
0.00
14.00
0.00
0.00
0.00
0.00
0.00
0.00
0.00
0.00
0.00
0.00
314.00
37.00
0.00
15.00
0.00
0.00
0.00
0.00
4.00
0.00
7.00
0.00
173.00
0.00
0.00
0.00
0.00
1.00
0.00
0.00
0.00
0.00
60.00
0.00
0.00
3.00
0.00
92.00
0.00
48.00
0.00
0.00
0.00
0.00
650.00
5.00
80.00
409.00
134.00
0.00
205.00
554.00
421.00
27.00
0.00
0.00
0.00
0.00
0.00
0.00
0.00
148.00
62.00
421.00
304.00
0.00
13.00
39.00
171.00
148.00
0.00
0.00
56.00
1.00
19.00
0.00
0.00
5.00
88.00
406.00
103.00
152.00
56.00
17.00
9.00
0.00
0.00
1.00
0.00
161.00
57.00
12.00
112.00
0.00
207.00
431.00
34.00
309.00
977.00
6.00
14.00
9.00
23.00
2.00
0.00
18.00
95.00
34.00
12.00
7.00
21.00
3.00
873.00
0.00
53.00
26.00
3.00
4.00
374.00
49.00
78.00
19.00
0.00
75.00
164.00
351.00
6.00
0.00
6.00
19.00
46.00
3.00
11.00
7.00
11.00
97.00
69.00
156.00
7.00
103.00
52.00
11.00
44.00
4.00
3.00
32.00
75.00
215.00
290.00
72.00
0.00
5.00
31.00
191.00
70.00
6.00
14.00
2.00
5.00
3.00
77.00
147.00
67.00
284.00
99.00
11.00
23.00
104.00
27.00
23.00
85.00
7.00
75.00
50.00
130.00
49.00
235.00
116.00
41.00
18.00
20.00
135.00
49.00
202.00
69.00
22.00
51.00
26.00
2.00
302.00
24.00
0.00
2.00
0.00
725.00
58.00
28.00
0.00
6.00
215.00
270.00
139.00
45.00
24.00
28.00
69.00
25.00
65.00
15.00
3.00
14.00
35.00
398.00
575.00
260.00
0.00
232.00
163.00
73.00
58.00
138.00
201.00
76.00
172.00
7.00
329.00
32.00
354.00
307.00
0.00
419.00
12.00
15.00
0.00
129.00
126.00
261.00
152.00
46.00
0.00
19.00
276.00
198.00
0.00
0.00
0.00
0.00
0.00
0.00
0.00
0.00
0.00
0.00
0.00
0.00
3.00
3.00
38.00
6.00
90.00
12.00
0.00
0.00
56.00
24.00
177.00
616.00
134.00
0.00
0.00
0.00
0.00
0.00
0.00
0.00
0.00
0.00
0.00
0.00
0.00
0.00
0.00
0.00
0.00
0.00
0.00
0.00
0.00
0.00
0.00
0.00
0.00
0.00
0.00
0.00
0.00
0.00
0.00
0.00
0.00
0.00
0.00
0.00
0.00
0.00
0.00
0.00
0.00
0.00
0.00
0.00
0.00
0.00
0.00
0.00
0.00
0.00
0.00
0.00
0.00
0.00
0.00
0.00
0.00
0.00
0.00
0.00
0.00
0.00
0.00
0.00
0.00
0.00
0.00
0.00
0.00
0.00
0.00
0.00
0.00
0.00
0.00
0.00
0.00
0.00
0.00
0.00
0.00
0.00
2.00
0.00
0.00
0.00
0.00
0.00
0.00
0.00
0.00
0.00
0.00
0.00
0.00
0.00
0.00
0.00
0.00
0.00
0.00
0.00
0.00
0.00
0.00
0.00
0.00
0.00
0.00
15.00
0.00
0.00
0.00
0.00
0.00
0.00
0.00
0.00
0.00
53.00
92.00
0.00
191.00
0.00
142.00
161.00
0.00
0.00
0.00
0.00
0.00
0.00
75.00
0.00
84.00
0.00
0.00
0.00
0.00
94.00
0.00
0.00
3.00
67.00
359.00
40.00
21.00
0.00
600.00
130.00
302.00
0.00
0.00
0.00
0.00
0.00
0.00
0.00
0.00
0.00
45.00
28.00
3.00
0.00
682.00
356.00
157.00
494.00
106.00
388.00
85.00
0.00
0.00
126.00
5.00
10.00
211.00
0.00
0.00
63.00
4.00
41.00
0.00
0.00
94.00
0.00
0.00
0.00
22.00
26.00
509.00
3.00
53.00
0.00
61.00
10.00
283.00
9.00
0.00
0.00
8.00
12.00
68.00
101.00
145.00
636.00
219.00
305.00
160.00
248.00
238.00
7.00
13.00
30.00
116.00
454.00
656.00
129.00
199.00
37.00
18.00
112.00
32.00
41.00
84.00
365.00
13.00
49.00
90.00
60.00
147.00
336.00
406.00
93.00
78.00
55.00
155.00
89.00
1.00
66.00
16.00
57.00
55.00
43.00
4.00
20.00
77.00
43.00
256.00
258.00
181.00
231.00
117.00
14.00
17.00
77.00
72.00
22.00
211.00
65.00
188.00
52.00
45.00
46.00
150.00
62.00
29.00
18.00
1.00
82.00
274.00
19.00
96.00
49.00
20.00
1.00
0.00
62.00
670.00
91.00
7.00
4.00
86.00
40.00
8.00
27.00
131.00
299.00
114.00
118.00
233.00
340.00
269.00
339.00
8.00
75.00
65.00
23.00
54.00
0.00
18.00
12.00
2.00
5.00
46.00
100.00
23.00
0.00
6.00
68.00
10.00
15.00
67.00
0.00
64.00
265.00
192.00
71.00
29.00
3.00
1.00
0.00
0.00
21.00
109.00
273.00
200.00
51.00
15.00
411.00
88.00
19.00
22.00
107.00
421.00
155.00
22.00
5.00
10.00
0.00
6.00
0.00
0.00
0.00
0.00
211.00
797.00
292.00
298.00
1153.00
0.00
0.00
0.00
0.00
0.00
0.00
3.00
888.00
482.00
0.00
0.00
0.00
0.00
0.00
0.00
0.00
0.00
0.00
0.00
0.00
0.00
94.00
0.00
5.00
121.00
35.00
4.00
0.00
0.00
0.00
0.00
0.00
0.00
0.00
0.00
0.00
0.00
0.00
0.00
0.00
0.00
0.00
0.00
0.00
0.00
3.00
19.00
228.00
396.00
309.00
0.00
0.00
0.00
0.00
0.00
0.00
0.00
0.00
36.00
0.00
0.00
0.00
0.00
0.00
0.00
0.00
0.00
0.00
0.00
0.00
125.00
240.00
20.00
0.00
0.00
0.00
0.00
0.00
0.00
0.00
0.00
0.00
0.00
0.00
0.00
0.00
0.00
0.00
0.00
0.00
0.00
0.00
0.00
0.00
0.00
0.00
0.00
0.00
0.00
0.00
0.00
0.00
0.00
0.00
0.00
0.00
0.00
0.00
38.00
34.00
484.00
0.00
114.00
0.00
11.00
0.00
0.00
0.00
0.00
0.00
0.00
0.00
0.00
0.00
0.00
0.00
0.00
221.00
0.00
0.00
0.00
0.00
0.00
0.00
0.00
0.00
0.00
0.00
0.00
0.00
0.00
0.00
26.00
0.00
0.00
7.00
7.00
29.00
0.00
0.00
0.00
0.00
0.00
0.00
4.00
59.00
123.00
0.00
45.00
368.00
49.00
0.00
10.00
248.00
0.00
24.00
0.00
5.00
240.00
0.00
23.00
3.00
9.00
0.00
13.00
0.00
0.00
31.00
77.00
11.00
8.00
226.00
9.00
0.00
3.00
10.00
28.00
34.00
74.00
163.00
386.00
1.00
40.00
0.00
115.00
522.00
621.00
424.00
701.00
705.00
277.00
172.00
0.00
75.00
17.00
100.00
52.00
0.00
0.00
0.00
175.00
0.00
0.00
37.00
98.00
0.00
0.00
0.00
24.00
145.00
3.00
50.00
6.00
112.00
132.00
185.00
239.00
28.00
92.00
437.00
196.00
531.00
496.00
505.00
24.00
340.00
380.00
0.00
0.00
1.00
14.00
0.00
5.00
28.00
0.00
11.00
0.00
230.00
103.00
10.00
0.00
1.00
1.00
18.00
53.00
23.00
4.00
3.00
18.00
31.00
35.00
150.00
90.00
71.00
359.00
45.00
87.00
24.00
10.00
21.00
11.00
11.00
80.00
25.00
67.00
27.00
8.00
3.00
3.00
10.00
113.00
167.00
101.00
12.00
3.00
7.00
467.00
119.00
18.00
87.00
82.00
1.00
13.00
78.00
303.00
261.00
125.00
509.00
171.00
66.00
5.00
5.00
179.00
121.00
0.00
102.00
52.00
283.00
78.00
93.00
11.00
7.00
11.00
89.00
81.00
0.00
8.00
18.00
225.00
0.00
0.00
0.00
89.00
3.00
5.00
26.00
0.00
3.00
110.00
0.00
12.00
10.00
227.00
51.00
148.00
0.00
39.00
36.00
14.00
10.00
88.00
0.00
0.00
0.00
1.00
0.00
0.00
0.00
0.00
0.00
0.00
0.00
83.00
169.00
404.00
377.00
10.00
0.00
0.00
0.00
0.00
0.00
0.00
0.00
0.00
0.00
0.00
0.00
0.00
0.00
196.00
285.00
259.00
144.00
45.00
0.00
1.00
11.00
0.00
0.00
2.00
0.00
0.00
0.00
0.00
0.00
0.00
0.00
0.00
0.00
0.00
0.00
0.00
0.00
4.00
0.00
0.00
0.00
0.00
0.00
0.00
0.00
0.00
0.00
0.00
0.00
0.00
0.00
0.00
0.00
3.00
0.00
0.00
0.00
0.00
0.00
0.00
0.00
2.00
4.00
5.00
37.00
0.00
0.00
0.00
0.00
0.00
0.00
0.00
0.00
0.00
0.00
0.00
0.00
0.00
0.00
0.00
0.00
0.00
0.00
0.00
0.00
0.00
0.00
0.00
0.00
0.00
0.00
0.00
0.00
0.00
0.00
0.00
0.00
0.00
0.00
0.00
0.00
0.00
0.00
0.00
0.00
0.00
0.00
0.00
0.00
0.00
0.00
0.00
0.00
0.00
0.00
0.00
0.00
0.00
0.00
0.00
0.00
0.00
0.00
0.00
0.00
2.00
10.00
0.00
0.00
0.00
0.00
0.00
0.00
0.00
110.30
109.10
119.30
46.20
0.00
0.00
0.00
4.10
32.20
0.00
0.00
0.00
0.00
0.00
0.00
0.00
0.00
0.00
1.70
0.00
112.50
12.10
0.00
0.00
0.00
24.60
0.00
0.00
0.00
0.00
0.90
0.00
0.00
0.00
80.90
18.70
176.50
7.50
3.50
0.20
8.90
0.00
10.60
25.90
0.00
0.50
0.00
0.00
0.00
0.00
0.00
0.00
0.00
0.00
0.10
0.00
0.30
0.00
0.00
0.00
0.00
0.00
22.10
0.20
0.00
0.00
0.00
3.30
17.80
0.00
0.00
0.00
0.00
0.00
0.00
6.30
0.00
30.70
3.90
2.30
3.90
4.50
5.20
0.50
0.50
0.00
20.40
20.40
110.00
0.60
0.60
0.00
0.00
0.00
0.00
13.20
50.10
3.60
21.20
3.50
0.00
1.10
0.70
1.00
7.00
0.00
0.00
3.10
32.70
20.90
2.30
0.10
0.00
30.30
49.60
7.40
11.80
0.60
0.00
0.50
0.40
1.60
1.00
2.20
4.90
32.30
4.70
3.10
3.60
34.90
20.60
12.30
8.40
12.20
20.20
20.20
16.60
16.60
20.50
0.00
0.00
0.00
0.60
0.00
0.00
0.00
1.50
0.50
1.60
0.90
52.60
18.20
6.10
5.80
1.60
10.20
1.90
6.10
11.30
80.20
8.30
9.80
2.30
27.60
4.20
0.40
1.20
2.90
5.10
6.30
4.70
2.00
0.50
2.90
0.70
0.60
4.80
0.70
37.70
47.40
26.30
5.00
7.20
11.70
4.40
0.30
8.00
0.00
1.10
7.60
4.90
30.90
17.40
16.70
5.40
1.00
1.20
19.50
15.20
5.50
0.50
0.00
5.60
9.60
0.60
1.50
7.80
2.70
17.80
51.90
16.70
24.20
21.10
0.40
13.10
4.80
18.60
5.60
5.60
6.10
0.10
0.10
2.90
15.10
6.60
2.60
42.50
10.90
0.00
0.00
0.00
0.00
14.70
4.90
0.00
0.00
0.00
0.00
0.30
13.20
1.40
0.30
0.30
1.60
