20160101
0.00
0.00
0.00
0.00
0.00
0.00
0.00
0.00
64.00
0.00
0.00
0.00
3.00
0.00
0.00
0.00
0.00
0.00
0.00
2.00
1.00
0.00
0.00
0.00
0.00
0.00
0.00
0.00
0.00
0.00
0.00
0.00
0.00
0.00
0.00
0.00
0.00
0.00
0.00
0.00
0.00
0.00
2.00
0.00
0.00
0.00
0.00
0.00
0.00
0.00
0.00
0.00
3.00
37.00
57.00
1.00
12.00
0.00
0.00
0.00
2.00
0.00
0.00
0.00
0.00
27.00
0.00
0.00
0.00
0.00
0.00
0.00
0.00
0.00
0.00
8.00
0.00
0.00
9.00
0.00
11.00
0.00
20.00
0.00
0.00
0.00
0.00
406.00
1.00
22.00
337.00
115.00
2.00
107.00
338.00
57.00
0.00
0.00
0.00
0.00
0.00
0.00
0.00
0.00
57.00
31.00
124.00
76.00
0.00
0.00
0.00
1.00
0.00
0.00
0.00
57.00
0.00
61.00
0.00
0.00
0.00
196.00
252.00
68.00
150.00
4.00
29.00
3.00
0.00
0.00
2.00
0.00
230.00
16.00
0.00
24.00
2.00
310.00
319.00
104.00
642.00
840.00
5.00
34.00
163.00
29.00
0.00
20.00
20.00
32.00
23.00
55.00
0.00
88.00
366.00
533.00
0.00
8.00
6.00
14.00
2.00
334.00
32.00
26.00
75.00
3.00
13.00
96.00
170.00
0.00
1.00
1.00
16.00
5.00
2.00
50.00
43.00
61.00
67.00
152.00
222.00
16.00
56.00
32.00
20.00
64.00
30.00
1.00
127.00
46.00
39.00
58.00
12.00
11.00
7.00
32.00
141.00
28.00
4.00
17.00
2.00
0.00
5.00
20.00
46.00
44.00
371.00
6.00
4.00
2.00
280.00
45.00
80.00
79.00
91.00
80.00
25.00
47.00
39.00
67.00
92.00
74.00
38.00
0.00
50.00
135.00
98.00
24.00
11.00
35.00
0.00
2.00
403.00
65.00
0.00
7.00
24.00
501.00
37.00
94.00
66.00
29.00
208.00
106.00
87.00
62.00
31.00
7.00
4.00
3.00
3.00
7.00
1.00
2.00
86.00
145.00
441.00
120.00
78.00
425.00
73.00
67.00
92.00
85.00
90.00
55.00
243.00
0.00
25.00
29.00
519.00
179.00
1.00
858.00
74.00
14.00
2.00
70.00
494.00
165.00
218.00
117.00
43.00
21.00
268.00
204.00
0.00
0.00
0.00
0.00
0.00
0.00
0.00
0.00
0.00
0.00
0.00
7.00
0.00
0.00
15.00
30.00
64.00
0.00
0.00
0.00
76.00
0.00
152.00
746.00
233.00
0.00
0.00
0.00
0.00
0.00
0.00
0.00
0.00
0.00
0.00
0.00
0.00
0.00
0.00
0.00
0.00
0.00
0.00
0.00
0.00
0.00
0.00
0.00
0.00
0.00
0.00
0.00
0.00
0.00
0.00
0.00
0.00
0.00
0.00
0.00
0.00
0.00
0.00
0.00
0.00
0.00
0.00
0.00
0.00
0.00
0.00
0.00
0.00
0.00
0.00
0.00
0.00
0.00
0.00
0.00
0.00
0.00
0.00
0.00
0.00
0.00
0.00
0.00
0.00
0.00
0.00
0.00
0.00
0.00
0.00
0.00
0.00
0.00
0.00
0.00
0.00
0.00
0.00
0.00
0.00
0.00
0.00
0.00
0.00
0.00
0.00
0.00
0.00
0.00
0.00
0.00
0.00
0.00
0.00
0.00
0.00
0.00
0.00
0.00
0.00
0.00
0.00
0.00
0.00
0.00
0.00
0.00
0.00
17.00
0.00
0.00
0.00
0.00
0.00
0.00
0.00
0.00
3.00
153.00
38.00
5.00
239.00
0.00
124.00
51.00
0.00
0.00
0.00
0.00
0.00
0.00
262.00
0.00
70.00
0.00
0.00
0.00
0.00
107.00
0.00
0.00
0.00
110.00
131.00
5.00
0.00
0.00
263.00
568.00
410.00
0.00
0.00
0.00
0.00
0.00
0.00
0.00
0.00
0.00
37.00
29.00
0.00
0.00
520.00
259.00
99.00
269.00
218.00
239.00
136.00
1.00
1.00
0.00
7.00
129.00
17.00
0.00
0.00
1.00
0.00
13.00
0.00
0.00
58.00
0.00
0.00
0.00
32.00
22.00
512.00
8.00
49.00
0.00
13.00
2.00
143.00
0.00
0.00
0.00
0.00
9.00
32.00
259.00
157.00
475.00
106.00
614.00
55.00
163.00
207.00
0.00
99.00
183.00
512.00
814.00
450.00
120.00
479.00
429.00
0.00
31.00
231.00
4.00
65.00
260.00
0.00
33.00
63.00
124.00
283.00
130.00
270.00
147.00
84.00
15.00
177.00
33.00
24.00
130.00
127.00
64.00
15.00
9.00
1.00
16.00
82.00
31.00
172.00
634.00
278.00
238.00
182.00
57.00
90.00
81.00
248.00
12.00
100.00
101.00
469.00
26.00
28.00
104.00
100.00
45.00
36.00
20.00
0.00
8.00
140.00
46.00
49.00
21.00
2.00
6.00
3.00
87.00
426.00
61.00
63.00
1.00
47.00
33.00
102.00
25.00
90.00
204.00
137.00
110.00
554.00
124.00
231.00
328.00
57.00
145.00
51.00
66.00
67.00
42.00
4.00
120.00
9.00
2.00
62.00
69.00
13.00
0.00
198.00
85.00
15.00
97.00
49.00
37.00
157.00
98.00
167.00
41.00
27.00
15.00
0.00
17.00
3.00
276.00
283.00
229.00
169.00
38.00
28.00
56.00
125.00
45.00
86.00
130.00
174.00
17.00
11.00
13.00
3.00
1.00
22.00
94.00
0.00
0.00
0.00
158.00
152.00
214.00
303.00
964.00
0.00
0.00
0.00
0.00
0.00
0.00
23.00
651.00
178.00
0.00
0.00
0.00
0.00
0.00
0.00
0.00
0.00
0.00
0.00
0.00
0.00
53.00
0.00
0.00
158.00
26.00
4.00
0.00
0.00
0.00
0.00
0.00
0.00
0.00
0.00
0.00
0.00
0.00
0.00
0.00
0.00
0.00
0.00
0.00
0.00
1.00
21.00
771.00
286.00
322.00
0.00
0.00
0.00
0.00
0.00
0.00
0.00
0.00
10.00
0.00
0.00
0.00
0.00
0.00
0.00
0.00
0.00
0.00
0.00
0.00
232.00
225.00
17.00
0.00
0.00
0.00
0.00
0.00
0.00
0.00
0.00
0.00
0.00
0.00
0.00
0.00
0.00
0.00
0.00
0.00
0.00
0.00
0.00
0.00
0.00
0.00
0.00
0.00
0.00
0.00
0.00
0.00
0.00
0.00
0.00
0.00
0.00
0.00
28.00
7.00
393.00
3.00
105.00
0.00
3.00
0.00
0.00
0.00
0.00
0.00
0.00
0.00
0.00
0.00
0.00
0.00
0.00
305.00
0.00
0.00
0.00
0.00
0.00
0.00
1.00
0.00
0.00
0.00
0.00
0.00
0.00
0.00
102.00
0.00
0.00
3.00
282.00
25.00
0.00
0.00
0.00
0.00
0.00
0.00
2.00
9.00
20.00
0.00
0.00
94.00
6.00
0.00
12.00
194.00
0.00
118.00
26.00
66.00
77.00
0.00
0.00
4.00
0.00
0.00
14.00
0.00
0.00
130.00
4.00
6.00
5.00
288.00
55.00
0.00
1.00
14.00
89.00
40.00
6.00
158.00
333.00
6.00
24.00
0.00
85.00
417.00
676.00
556.00
374.00
648.00
531.00
240.00
0.00
16.00
16.00
0.00
96.00
0.00
0.00
33.00
129.00
0.00
2.00
5.00
174.00
1.00
0.00
0.00
8.00
9.00
30.00
75.00
26.00
45.00
216.00
996.00
227.00
14.00
827.00
258.00
650.00
832.00
737.00
728.00
264.00
72.00
172.00
0.00
59.00
13.00
15.00
0.00
142.00
15.00
41.00
35.00
1.00
83.00
62.00
14.00
0.00
1.00
14.00
139.00
87.00
21.00
2.00
12.00
98.00
5.00
12.00
41.00
96.00
59.00
76.00
55.00
162.00
6.00
13.00
40.00
13.00
26.00
25.00
14.00
83.00
7.00
3.00
11.00
27.00
0.00
36.00
75.00
87.00
2.00
7.00
0.00
366.00
187.00
114.00
17.00
653.00
59.00
2.00
175.00
439.00
165.00
158.00
156.00
91.00
127.00
0.00
35.00
52.00
61.00
0.00
20.00
28.00
42.00
121.00
18.00
0.00
1.00
1.00
88.00
26.00
0.00
36.00
68.00
7.00
0.00
0.00
11.00
220.00
36.00
9.00
5.00
0.00
0.00
156.00
0.00
31.00
19.00
22.00
141.00
46.00
0.00
74.00
7.00
6.00
0.00
16.00
1.00
0.00
0.00
0.00
0.00
0.00
0.00
0.00
41.00
0.00
0.00
117.00
129.00
504.00
401.00
49.00
0.00
0.00
0.00
0.00
0.00
0.00
0.00
0.00
0.00
0.00
0.00
0.00
0.00
60.00
135.00
191.00
102.00
25.00
0.00
0.00
25.00
0.00
0.00
0.00
0.00
0.00
0.00
0.00
0.00
0.00
0.00
0.00
0.00
0.00
0.00
0.00
0.00
1.00
0.00
0.00
0.00
0.00
0.00
0.00
0.00
0.00
0.00
0.00
0.00
0.00
0.00
0.00
0.00
0.00
0.00
0.00
0.00
0.00
0.00
0.00
0.00
0.00
1.00
31.00
26.00
2.00
0.00
0.00
0.00
0.00
0.00
0.00
0.00
0.00
0.00
0.00
0.00
0.00
0.00
0.00
0.00
0.00
0.00
0.00
0.00
0.00
0.00
0.00
0.00
0.00
0.00
0.00
0.00
0.00
0.00
0.00
0.00
0.00
0.00
0.00
0.00
0.00
0.00
0.00
0.00
0.00
0.00
0.00
0.00
0.00
0.00
0.00
0.00
0.00
0.00
0.00
0.00
0.00
0.00
0.00
0.00
0.00
0.00
0.00
0.00
1.00
9.00
0.00
0.00
0.00
0.00
0.00
0.00
0.00
128.40
135.30
83.60
51.20
0.00
0.00
0.00
1.10
30.30
0.00
0.00
0.00
0.00
0.00
0.00
0.00
0.00
0.00
0.40
1.00
34.30
4.40
0.00
0.00
0.00
0.00
0.00
0.00
0.00
0.00
0.20
0.00
0.00
0.00
89.80
38.90
132.50
14.90
0.00
4.00
10.20
0.00
19.20
16.20
0.00
2.60
0.00
0.20
0.00
0.00
0.00
0.00
0.00
0.00
0.00
0.00
0.50
0.00
0.00
0.00
0.00
0.00
0.00
0.00
0.00
0.00
0.10
4.80
13.70
0.00
0.00
0.00
0.00
0.00
0.00
0.00
0.00
2.10
0.40
2.50
10.40
8.00
42.40
0.90
0.90
0.00
34.60
34.60
51.70
2.80
0.30
0.00
0.00
0.00
0.60
2.00
21.60
1.00
6.00
3.80
0.00
0.70
1.00
1.30
5.40
0.00
0.00
16.00
25.80
33.80
1.10
0.30
0.90
34.90
25.00
41.60
7.90
5.00
0.00
2.50
1.20
4.70
9.20
2.80
0.30
9.00
0.30
0.10
0.10
8.80
9.40
9.60
32.00
40.90
16.70
16.70
44.10
44.10
10.60
4.00
4.00
0.20
36.70
4.00
4.00
4.00
0.30
0.00
1.30
2.30
36.70
7.40
3.30
6.70
0.70
9.30
2.20
2.60
19.00
24.30
63.70
24.10
10.00
7.20
4.30
0.60
0.70
0.80
11.30
11.90
12.30
2.70
2.00
0.70
0.10
3.50
13.90
0.60
10.30
52.60
25.40
12.50
4.20
0.80
8.20
1.30
5.40
0.80
4.40
5.00
10.10
47.20
27.60
6.90
0.90
1.10
4.00
8.60
6.10
6.60
3.90
0.20
4.10
1.40
0.50
0.00
19.90
0.80
9.70
36.60
25.20
14.90
21.90
0.00
12.20
0.10
16.90
0.60
0.60
9.40
0.00
0.00
0.40
11.00
0.30
0.20
22.30
11.60
0.00
0.00
0.00
7.60
4.40
0.00
0.00
0.00
0.00
0.00
0.30
7.40
4.80
0.10
0.00
2.30
