20160101
0.00
0.00
0.00
0.00
0.00
0.00
0.00
0.00
0.00
0.00
0.00
0.00
0.00
0.00
0.00
0.00
0.00
0.00
0.00
22.00
0.00
0.00
0.00
0.00
0.00
0.00
0.00
0.00
0.00
0.00
0.00
0.00
0.00
0.00
0.00
0.00
0.00
0.00
0.00
0.00
0.00
0.00
0.00
0.00
0.00
0.00
0.00
0.00
0.00
0.00
0.00
0.00
0.00
9.00
145.00
0.00
40.00
0.00
0.00
0.00
0.00
0.00
0.00
0.00
0.00
345.00
0.00
0.00
2.00
0.00
0.00
0.00
0.00
0.00
0.00
2.00
0.00
30.00
0.00
0.00
0.00
0.00
0.00
0.00
0.00
0.00
0.00
39.00
311.00
735.00
432.00
6.00
0.00
220.00
183.00
2.00
0.00
0.00
0.00
0.00
0.00
0.00
0.00
0.00
0.00
0.00
222.00
2.00
0.00
0.00
0.00
0.00
0.00
0.00
0.00
0.00
0.00
4.00
0.00
0.00
0.00
39.00
192.00
42.00
1.00
3.00
198.00
106.00
2.00
28.00
1.00
7.00
81.00
889.00
4.00
72.00
0.00
52.00
9.00
70.00
520.00
1244.00
1.00
0.00
146.00
90.00
48.00
6.00
345.00
15.00
19.00
62.00
1.00
0.00
0.00
0.00
0.00
16.00
264.00
0.00
6.00
0.00
690.00
106.00
50.00
14.00
2.00
6.00
64.00
0.00
11.00
1.00
3.00
52.00
44.00
11.00
4.00
173.00
5.00
137.00
18.00
3.00
159.00
79.00
129.00
52.00
36.00
53.00
154.00
135.00
55.00
18.00
0.00
13.00
0.00
2.00
151.00
278.00
222.00
164.00
132.00
40.00
1.00
15.00
49.00
7.00
55.00
18.00
38.00
20.00
204.00
171.00
323.00
377.00
22.00
63.00
26.00
34.00
3.00
2.00
12.00
73.00
283.00
6.00
3.00
279.00
234.00
200.00
420.00
78.00
1.00
0.00
133.00
100.00
0.00
0.00
0.00
812.00
29.00
217.00
463.00
1.00
66.00
272.00
105.00
194.00
51.00
16.00
28.00
4.00
0.00
2.00
15.00
16.00
76.00
268.00
151.00
10.00
2.00
4.00
87.00
13.00
153.00
86.00
10.00
195.00
5.00
104.00
113.00
41.00
80.00
211.00
0.00
378.00
4.00
12.00
3.00
402.00
150.00
54.00
128.00
70.00
0.00
37.00
35.00
97.00
0.00
0.00
0.00
0.00
0.00
0.00
0.00
0.00
0.00
0.00
0.00
1.00
0.00
0.00
67.00
9.00
37.00
0.00
0.00
0.00
0.00
78.00
327.00
494.00
3.00
0.00
0.00
0.00
0.00
0.00
0.00
0.00
0.00
0.00
0.00
0.00
0.00
0.00
0.00
0.00
0.00
0.00
0.00
0.00
0.00
0.00
0.00
0.00
0.00
0.00
0.00
0.00
0.00
0.00
0.00
0.00
0.00
0.00
0.00
0.00
0.00
0.00
0.00
0.00
0.00
0.00
0.00
0.00
0.00
0.00
0.00
0.00
0.00
0.00
0.00
0.00
0.00
0.00
0.00
0.00
0.00
0.00
0.00
0.00
0.00
0.00
0.00
0.00
0.00
0.00
0.00
0.00
0.00
0.00
0.00
0.00
0.00
0.00
0.00
0.00
0.00
0.00
0.00
0.00
0.00
0.00
1.00
0.00
0.00
0.00
0.00
0.00
0.00
0.00
0.00
0.00
0.00
0.00
0.00
0.00
0.00
0.00
0.00
0.00
0.00
0.00
0.00
0.00
0.00
0.00
0.00
0.00
0.00
0.00
0.00
0.00
0.00
0.00
0.00
0.00
0.00
0.00
6.00
122.00
0.00
0.00
108.00
1.00
145.00
258.00
0.00
0.00
0.00
0.00
0.00
0.00
93.00
4.00
40.00
0.00
0.00
0.00
0.00
76.00
0.00
7.00
34.00
103.00
269.00
0.00
2.00
0.00
146.00
5.00
530.00
0.00
0.00
0.00
0.00
0.00
0.00
0.00
0.00
0.00
6.00
0.00
0.00
61.00
636.00
12.00
70.00
1057.00
29.00
258.00
118.00
0.00
5.00
0.00
121.00
4.00
394.00
0.00
0.00
0.00
0.00
16.00
0.00
0.00
205.00
0.00
0.00
0.00
131.00
358.00
712.00
13.00
88.00
0.00
611.00
1.00
0.00
0.00
0.00
0.00
0.00
38.00
2.00
8.00
166.00
253.00
112.00
374.00
17.00
1.00
327.00
90.00
0.00
0.00
116.00
25.00
298.00
276.00
458.00
46.00
27.00
21.00
662.00
240.00
300.00
508.00
17.00
1.00
43.00
4.00
75.00
27.00
18.00
12.00
59.00
23.00
122.00
229.00
138.00
253.00
459.00
80.00
6.00
13.00
8.00
59.00
222.00
167.00
203.00
88.00
25.00
59.00
141.00
139.00
25.00
340.00
624.00
433.00
26.00
108.00
294.00
69.00
158.00
31.00
53.00
46.00
14.00
5.00
12.00
207.00
92.00
172.00
102.00
6.00
24.00
1.00
108.00
197.00
494.00
406.00
132.00
218.00
74.00
24.00
157.00
145.00
110.00
93.00
272.00
98.00
65.00
90.00
43.00
52.00
211.00
27.00
128.00
110.00
188.00
146.00
54.00
505.00
58.00
1.00
114.00
131.00
40.00
120.00
393.00
604.00
6.00
40.00
6.00
0.00
23.00
115.00
186.00
270.00
40.00
17.00
0.00
0.00
14.00
55.00
56.00
311.00
125.00
135.00
87.00
200.00
1.00
26.00
3.00
5.00
134.00
4.00
61.00
6.00
0.00
0.00
2.00
0.00
16.00
82.00
0.00
50.00
78.00
328.00
971.00
728.00
0.00
0.00
0.00
0.00
0.00
0.00
0.00
46.00
110.00
0.00
0.00
0.00
0.00
0.00
0.00
0.00
0.00
0.00
0.00
0.00
0.00
118.00
0.00
3.00
418.00
49.00
1.00
0.00
0.00
0.00
0.00
0.00
0.00
0.00
0.00
0.00
0.00
0.00
0.00
0.00
0.00
0.00
0.00
0.00
0.00
3.00
3.00
304.00
385.00
117.00
0.00
0.00
0.00
0.00
0.00
0.00
0.00
0.00
0.00
0.00
0.00
0.00
0.00
0.00
0.00
0.00
0.00
0.00
0.00
0.00
41.00
312.00
0.00
0.00
0.00
0.00
0.00
0.00
0.00
0.00
0.00
0.00
0.00
0.00
0.00
0.00
0.00
0.00
0.00
0.00
0.00
0.00
0.00
0.00
0.00
0.00
0.00
0.00
0.00
0.00
0.00
0.00
0.00
0.00
0.00
0.00
0.00
0.00
644.00
449.00
767.00
146.00
112.00
0.00
139.00
113.00
0.00
0.00
0.00
0.00
0.00
10.00
0.00
0.00
0.00
0.00
0.00
247.00
0.00
0.00
0.00
0.00
0.00
0.00
41.00
0.00
0.00
0.00
0.00
0.00
0.00
1.00
7.00
0.00
46.00
56.00
0.00
0.00
0.00
0.00
0.00
0.00
0.00
0.00
4.00
45.00
0.00
13.00
0.00
353.00
174.00
0.00
31.00
0.00
0.00
68.00
291.00
362.00
4.00
6.00
0.00
66.00
47.00
0.00
248.00
0.00
23.00
174.00
90.00
162.00
172.00
471.00
212.00
0.00
0.00
15.00
133.00
0.00
0.00
282.00
94.00
17.00
245.00
2.00
187.00
1042.00
140.00
146.00
19.00
380.00
304.00
517.00
0.00
88.00
136.00
15.00
29.00
1.00
355.00
83.00
106.00
276.00
33.00
26.00
102.00
31.00
0.00
0.00
21.00
1.00
160.00
176.00
254.00
9.00
37.00
165.00
33.00
0.00
3.00
157.00
624.00
343.00
2.00
690.00
11.00
55.00
268.00
43.00
3.00
6.00
285.00
0.00
0.00
14.00
34.00
37.00
45.00
31.00
7.00
11.00
3.00
2.00
11.00
7.00
136.00
175.00
48.00
8.00
12.00
1.00
5.00
3.00
8.00
79.00
310.00
256.00
121.00
0.00
11.00
16.00
35.00
32.00
103.00
46.00
278.00
193.00
55.00
18.00
17.00
161.00
38.00
13.00
56.00
27.00
145.00
1.00
14.00
100.00
44.00
14.00
8.00
3.00
88.00
17.00
46.00
142.00
308.00
62.00
321.00
177.00
330.00
88.00
78.00
95.00
2.00
27.00
56.00
76.00
105.00
49.00
3.00
1.00
0.00
9.00
11.00
35.00
17.00
326.00
18.00
0.00
0.00
1.00
0.00
21.00
20.00
53.00
4.00
18.00
4.00
1.00
0.00
49.00
137.00
160.00
3.00
0.00
9.00
0.00
232.00
35.00
1.00
0.00
44.00
0.00
0.00
0.00
0.00
0.00
0.00
0.00
0.00
0.00
53.00
89.00
179.00
128.00
17.00
0.00
0.00
0.00
0.00
0.00
0.00
0.00
0.00
0.00
0.00
0.00
0.00
0.00
0.00
67.00
79.00
37.00
0.00
0.00
0.00
0.00
0.00
43.00
7.00
0.00
0.00
0.00
0.00
0.00
0.00
0.00
0.00
0.00
0.00
0.00
0.00
0.00
6.00
0.00
0.00
0.00
0.00
0.00
0.00
0.00
0.00
0.00
0.00
0.00
0.00
0.00
0.00
5.00
2.00
0.00
0.00
0.00
0.00
0.00
0.00
0.00
0.00
0.00
16.00
102.00
31.00
0.00
0.00
0.00
0.00
0.00
0.00
0.00
0.00
0.00
0.00
0.00
0.00
0.00
0.00
0.00
0.00
0.00
0.00
0.00
0.00
0.00
0.00
0.00
0.00
0.00
0.00
0.00
0.00
0.00
0.00
0.00
0.00
0.00
0.00
0.00
0.00
0.00
0.00
0.00
0.00
0.00
0.00
0.00
0.00
0.00
0.00
0.00
0.00
0.00
0.00
0.00
0.00
0.00
0.00
0.00
0.00
0.00
0.00
0.00
1.00
5.00
0.00
0.00
0.00
0.00
0.00
0.00
3.50
36.10
23.60
39.90
7.70
0.00
0.00
0.00
0.40
3.60
0.00
0.00
0.00
0.00
0.00
0.00
0.00
0.00
2.60
3.80
0.70
49.50
0.40
0.10
0.00
0.00
2.00
0.00
0.00
0.00
0.30
0.00
0.00
0.00
2.60
44.90
1.10
81.40
10.60
0.00
0.50
93.70
0.10
15.30
18.80
1.00
2.70
3.90
12.40
0.00
0.00
4.10
0.00
0.00
0.00
0.00
3.70
0.10
0.00
0.00
0.00
0.00
0.00
0.00
0.00
0.00
0.00
0.00
94.30
64.00
0.00
0.00
0.00
0.00
0.00
0.00
0.10
0.00
16.90
0.40
0.30
3.10
5.00
0.60
14.40
14.40
0.00
32.60
32.60
75.70
3.90
0.00
6.20
0.00
0.00
2.90
8.20
17.50
38.90
21.90
44.30
11.20
1.50
4.00
0.10
0.50
0.00
0.00
2.30
3.80
45.00
69.10
0.00
24.90
3.10
1.50
1.50
5.80
0.00
0.60
0.00
7.40
4.40
4.10
2.40
0.10
48.60
1.20
0.40
3.10
1.80
1.40
5.00
8.00
12.90
22.10
22.10
39.00
39.00
63.00
0.00
0.00
1.40
1.30
0.00
0.00
0.00
2.40
11.10
2.20
7.50
64.40
6.60
2.30
0.10
1.80
37.40
4.80
2.40
5.70
7.30
41.60
35.10
5.90
5.90
27.50
1.30
0.90
15.00
26.50
20.60
53.20
13.60
0.50
0.10
0.00
0.50
5.90
6.80
12.50
22.00
14.10
0.20
0.30
0.00
3.40
0.00
0.10
7.40
38.60
77.20
8.60
19.50
0.00
0.10
2.10
1.90
2.70
1.90
2.40
26.50
4.00
1.10
0.50
0.10
0.10
1.40
0.10
0.30
5.10
8.80
2.00
31.10
33.30
2.90
4.10
7.50
14.80
14.70
14.70
15.30
0.10
1.70
8.40
2.40
10.30
0.10
13.60
7.70
0.00
0.00
0.00
0.00
0.00
7.30
0.00
0.00
0.00
0.00
0.20
5.10
1.20
0.00
0.20
2.80
