20160101
0.00
0.00
0.00
0.00
0.00
0.00
0.00
0.00
0.00
0.00
0.00
0.00
0.00
0.00
0.00
0.00
0.00
0.00
0.00
3.00
0.00
0.00
0.00
0.00
0.00
0.00
0.00
0.00
0.00
0.00
0.00
0.00
0.00
0.00
0.00
0.00
0.00
0.00
45.00
0.00
0.00
0.00
0.00
0.00
0.00
0.00
0.00
0.00
0.00
0.00
14.00
0.00
2.00
0.00
13.00
0.00
68.00
0.00
0.00
0.00
0.00
1.00
0.00
0.00
1.00
4.00
0.00
0.00
1.00
0.00
0.00
0.00
0.00
0.00
3.00
0.00
0.00
0.00
0.00
0.00
0.00
0.00
0.00
0.00
0.00
0.00
0.00
1.00
0.00
239.00
538.00
0.00
16.00
77.00
0.00
163.00
0.00
0.00
0.00
0.00
0.00
0.00
0.00
0.00
0.00
0.00
8.00
0.00
0.00
0.00
0.00
0.00
0.00
0.00
0.00
0.00
0.00
12.00
0.00
0.00
0.00
62.00
22.00
3.00
7.00
0.00
30.00
250.00
8.00
10.00
1.00
0.00
6.00
290.00
19.00
0.00
0.00
38.00
71.00
51.00
147.00
138.00
0.00
0.00
208.00
36.00
27.00
0.00
20.00
0.00
27.00
27.00
1.00
0.00
0.00
0.00
0.00
25.00
143.00
3.00
2.00
0.00
1334.00
120.00
70.00
5.00
15.00
8.00
126.00
5.00
0.00
16.00
16.00
203.00
3.00
10.00
0.00
62.00
4.00
17.00
15.00
1.00
23.00
146.00
151.00
84.00
366.00
279.00
80.00
108.00
11.00
0.00
3.00
4.00
14.00
1.00
271.00
271.00
133.00
52.00
22.00
46.00
26.00
183.00
95.00
71.00
206.00
15.00
2.00
14.00
102.00
211.00
176.00
106.00
45.00
18.00
15.00
12.00
24.00
5.00
33.00
99.00
124.00
53.00
5.00
15.00
43.00
88.00
352.00
253.00
57.00
1.00
146.00
1190.00
11.00
3.00
4.00
241.00
13.00
18.00
153.00
10.00
16.00
17.00
152.00
201.00
98.00
10.00
54.00
35.00
50.00
16.00
6.00
5.00
42.00
111.00
287.00
1.00
4.00
14.00
71.00
3.00
45.00
208.00
129.00
32.00
6.00
112.00
122.00
53.00
21.00
122.00
0.00
26.00
18.00
2.00
5.00
16.00
12.00
51.00
13.00
178.00
21.00
34.00
1.00
12.00
0.00
0.00
0.00
0.00
0.00
0.00
0.00
0.00
0.00
0.00
0.00
13.00
0.00
7.00
382.00
171.00
11.00
0.00
0.00
0.00
22.00
166.00
800.00
443.00
0.00
0.00
0.00
0.00
0.00
0.00
0.00
0.00
0.00
0.00
0.00
0.00
0.00
0.00
0.00
0.00
0.00
0.00
0.00
0.00
0.00
12.00
0.00
0.00
0.00
0.00
0.00
0.00
0.00
0.00
0.00
0.00
0.00
0.00
0.00
2.00
0.00
0.00
0.00
0.00
0.00
0.00
0.00
0.00
0.00
0.00
78.00
0.00
0.00
0.00
0.00
0.00
0.00
0.00
0.00
0.00
0.00
0.00
0.00
0.00
0.00
0.00
0.00
0.00
0.00
0.00
0.00
0.00
0.00
0.00
0.00
0.00
0.00
0.00
0.00
0.00
0.00
0.00
0.00
0.00
0.00
0.00
19.00
0.00
0.00
0.00
0.00
0.00
0.00
0.00
0.00
0.00
0.00
0.00
0.00
0.00
0.00
0.00
0.00
0.00
0.00
0.00
0.00
0.00
0.00
0.00
0.00
0.00
0.00
0.00
0.00
0.00
0.00
0.00
0.00
0.00
0.00
0.00
3.00
65.00
0.00
0.00
11.00
2.00
233.00
99.00
0.00
0.00
0.00
0.00
0.00
0.00
36.00
5.00
113.00
3.00
0.00
0.00
0.00
0.00
1.00
0.00
14.00
182.00
1.00
0.00
0.00
0.00
129.00
0.00
55.00
0.00
18.00
0.00
0.00
0.00
0.00
0.00
0.00
0.00
0.00
0.00
0.00
61.00
355.00
0.00
458.00
332.00
298.00
98.00
25.00
0.00
25.00
0.00
26.00
25.00
419.00
0.00
0.00
0.00
15.00
5.00
0.00
0.00
174.00
0.00
0.00
0.00
53.00
61.00
754.00
2.00
676.00
6.00
0.00
0.00
0.00
0.00
0.00
0.00
0.00
189.00
0.00
17.00
130.00
226.00
406.00
835.00
31.00
20.00
0.00
569.00
0.00
0.00
170.00
55.00
3.00
997.00
466.00
16.00
10.00
222.00
59.00
207.00
223.00
492.00
0.00
62.00
26.00
0.00
10.00
2.00
10.00
13.00
32.00
0.00
10.00
8.00
92.00
261.00
129.00
199.00
18.00
2.00
27.00
69.00
374.00
228.00
123.00
10.00
3.00
8.00
85.00
190.00
98.00
340.00
441.00
62.00
29.00
54.00
772.00
212.00
659.00
12.00
3.00
124.00
14.00
3.00
60.00
116.00
195.00
122.00
51.00
39.00
42.00
2.00
3.00
127.00
366.00
244.00
56.00
192.00
85.00
75.00
67.00
39.00
39.00
19.00
225.00
751.00
137.00
12.00
9.00
189.00
125.00
6.00
33.00
59.00
66.00
25.00
23.00
226.00
44.00
177.00
2.00
95.00
8.00
6.00
143.00
517.00
8.00
16.00
4.00
25.00
21.00
80.00
147.00
145.00
79.00
30.00
1.00
0.00
3.00
7.00
147.00
126.00
547.00
196.00
71.00
94.00
26.00
0.00
11.00
12.00
70.00
1.00
60.00
431.00
0.00
0.00
0.00
0.00
0.00
0.00
0.00
0.00
0.00
132.00
1255.00
275.00
0.00
0.00
5.00
0.00
0.00
0.00
0.00
2.00
3.00
0.00
0.00
0.00
0.00
0.00
0.00
0.00
0.00
0.00
0.00
0.00
0.00
95.00
0.00
15.00
528.00
58.00
4.00
0.00
0.00
0.00
0.00
0.00
0.00
0.00
0.00
0.00
0.00
0.00
0.00
0.00
0.00
0.00
0.00
0.00
0.00
0.00
12.00
18.00
61.00
10.00
0.00
0.00
0.00
0.00
0.00
0.00
0.00
0.00
2.00
0.00
0.00
0.00
0.00
0.00
0.00
0.00
0.00
0.00
0.00
0.00
0.00
52.00
0.00
0.00
0.00
0.00
0.00
0.00
0.00
0.00
0.00
0.00
0.00
0.00
0.00
0.00
0.00
0.00
0.00
0.00
0.00
0.00
0.00
0.00
0.00
0.00
0.00
0.00
0.00
0.00
0.00
0.00
0.00
0.00
0.00
13.00
0.00
0.00
688.00
368.00
111.00
261.00
307.00
0.00
73.00
124.00
0.00
0.00
0.00
0.00
0.00
0.00
0.00
0.00
0.00
0.00
295.00
225.00
0.00
0.00
0.00
0.00
0.00
0.00
64.00
0.00
0.00
0.00
0.00
0.00
0.00
0.00
0.00
0.00
22.00
128.00
26.00
0.00
0.00
0.00
99.00
0.00
0.00
40.00
60.00
0.00
0.00
22.00
0.00
188.00
355.00
13.00
28.00
0.00
0.00
50.00
265.00
222.00
4.00
10.00
0.00
4.00
145.00
0.00
91.00
0.00
136.00
48.00
37.00
92.00
2.00
7.00
44.00
7.00
0.00
100.00
5.00
0.00
1.00
77.00
151.00
0.00
222.00
0.00
162.00
1234.00
23.00
0.00
5.00
12.00
31.00
191.00
0.00
42.00
12.00
0.00
10.00
0.00
29.00
0.00
73.00
522.00
58.00
225.00
0.00
103.00
0.00
0.00
4.00
0.00
176.00
193.00
210.00
2.00
39.00
5.00
0.00
0.00
0.00
0.00
196.00
112.00
5.00
542.00
1.00
3.00
37.00
12.00
33.00
0.00
200.00
165.00
0.00
0.00
32.00
23.00
13.00
13.00
6.00
2.00
1.00
0.00
30.00
31.00
209.00
129.00
1.00
1.00
0.00
2.00
26.00
3.00
2.00
39.00
147.00
150.00
33.00
12.00
37.00
0.00
12.00
26.00
37.00
53.00
384.00
407.00
338.00
94.00
106.00
61.00
10.00
40.00
37.00
18.00
19.00
20.00
13.00
34.00
241.00
7.00
1.00
2.00
6.00
14.00
20.00
42.00
366.00
9.00
42.00
189.00
81.00
279.00
77.00
7.00
4.00
122.00
28.00
21.00
12.00
6.00
24.00
7.00
0.00
1.00
10.00
67.00
0.00
118.00
2.00
0.00
20.00
2.00
2.00
6.00
270.00
404.00
211.00
85.00
7.00
4.00
4.00
7.00
39.00
92.00
26.00
1.00
3.00
0.00
31.00
16.00
75.00
0.00
0.00
0.00
0.00
0.00
0.00
0.00
0.00
0.00
0.00
0.00
5.00
112.00
92.00
120.00
31.00
0.00
0.00
0.00
0.00
0.00
0.00
0.00
0.00
0.00
0.00
1.00
0.00
0.00
16.00
28.00
18.00
12.00
0.00
0.00
0.00
0.00
0.00
108.00
0.00
0.00
0.00
0.00
0.00
0.00
0.00
0.00
0.00
0.00
0.00
0.00
0.00
0.00
0.00
0.00
0.00
0.00
0.00
0.00
0.00
0.00
0.00
0.00
0.00
0.00
0.00
0.00
0.00
3.00
0.00
0.00
0.00
0.00
0.00
0.00
0.00
0.00
0.00
0.00
48.00
125.00
12.00
0.00
0.00
0.00
0.00
0.00
0.00
0.00
0.00
0.00
0.00
0.00
0.00
0.00
0.00
0.00
0.00
0.00
0.00
0.00
0.00
0.00
0.00
0.00
0.00
0.00
0.00
0.00
0.00
0.00
0.00
0.00
0.00
0.00
0.00
0.00
0.00
0.00
0.00
0.00
0.00
0.00
0.00
0.00
0.00
0.00
0.00
0.00
0.00
0.00
0.00
0.00
1.00
0.00
0.00
0.00
0.00
0.00
0.00
0.00
1.00
8.00
0.00
0.00
0.00
0.00
0.00
0.00
2.50
32.70
17.20
30.50
4.40
0.00
0.00
0.00
0.80
0.30
0.00
0.00
0.00
0.00
0.00
0.10
0.00
0.00
10.10
5.20
0.00
31.90
2.60
0.20
0.00
0.00
0.90
0.00
0.00
0.00
5.20
0.10
0.00
0.00
2.30
37.60
0.00
11.10
2.50
0.00
1.40
72.00
0.40
4.00
17.80
1.80
3.50
0.70
7.70
0.00
0.00
5.40
0.00
0.00
0.00
0.00
17.80
0.00
0.00
0.00
0.50
0.00
1.80
0.00
0.00
0.30
0.30
0.00
65.60
0.50
0.00
0.00
0.00
0.00
0.00
0.00
0.00
0.00
7.90
1.50
0.00
0.00
0.00
0.00
2.80
2.80
0.00
21.00
21.00
52.30
3.80
0.00
0.00
0.00
0.00
1.10
3.10
3.70
8.90
0.30
2.10
40.60
0.40
0.20
2.30
1.70
0.00
0.00
0.00
1.30
0.80
25.70
0.00
0.80
0.80
2.00
0.00
0.60
1.10
0.00
0.00
0.60
5.10
9.60
6.50
0.00
4.00
5.20
1.10
0.20
0.00
0.40
56.30
1.50
8.60
5.00
5.00
30.70
30.70
22.90
0.40
0.40
6.10
0.00
0.40
0.40
0.40
18.10
1.50
0.50
19.20
19.20
11.90
14.60
0.00
6.30
10.00
3.70
1.20
3.60
0.00
2.30
25.30
8.80
0.80
30.60
2.90
2.00
15.40
23.70
30.10
43.80
7.60
5.50
4.70
0.00
0.00
1.70
1.20
22.50
39.80
15.20
1.30
0.60
0.10
2.40
1.30
0.60
3.50
34.90
33.30
1.20
4.80
1.60
0.00
1.40
0.40
19.40
0.70
1.30
13.00
8.70
0.50
0.10
1.40
0.00
0.20
0.00
2.20
5.10
37.20
1.40
24.20
57.80
10.10
6.20
4.30
6.60
8.60
8.60
7.80
1.80
8.30
2.20
18.50
1.10
2.40
12.10
6.60
0.50
1.50
0.40
0.00
0.10
0.90
0.00
0.00
0.00
0.20
2.50
2.10
0.20
0.20
0.30
18.10
