20160101
0.00
0.00
0.00
0.00
0.00
0.00
0.00
0.00
0.00
0.00
0.00
0.00
0.00
0.00
0.00
0.00
0.00
0.00
0.00
0.00
4.00
0.00
0.00
0.00
0.00
0.00
0.00
0.00
0.00
0.00
0.00
0.00
0.00
0.00
0.00
0.00
0.00
0.00
0.00
0.00
0.00
0.00
0.00
0.00
0.00
0.00
0.00
0.00
0.00
0.00
2.00
0.00
2.00
30.00
25.00
0.00
58.00
1.00
0.00
0.00
0.00
0.00
0.00
5.00
0.00
0.00
0.00
0.00
0.00
2.00
0.00
0.00
0.00
1.00
0.00
10.00
0.00
0.00
1.00
0.00
55.00
0.00
8.00
0.00
0.00
0.00
0.00
303.00
0.00
159.00
241.00
4.00
0.00
32.00
53.00
538.00
26.00
0.00
0.00
0.00
1.00
0.00
0.00
0.00
83.00
14.00
221.00
80.00
0.00
92.00
132.00
122.00
149.00
24.00
22.00
95.00
6.00
3.00
77.00
0.00
29.00
45.00
31.00
1.00
53.00
1.00
0.00
0.00
0.00
0.00
0.00
2.00
67.00
25.00
1.00
44.00
2.00
249.00
306.00
11.00
97.00
736.00
1.00
1.00
5.00
2.00
0.00
1.00
0.00
6.00
0.00
2.00
0.00
9.00
0.00
28.00
1.00
48.00
218.00
34.00
170.00
76.00
35.00
76.00
29.00
0.00
111.00
153.00
65.00
200.00
65.00
43.00
10.00
240.00
7.00
102.00
30.00
22.00
14.00
4.00
86.00
135.00
339.00
141.00
5.00
43.00
4.00
10.00
181.00
117.00
178.00
29.00
62.00
41.00
15.00
50.00
149.00
211.00
0.00
2.00
49.00
6.00
89.00
169.00
123.00
7.00
164.00
0.00
16.00
33.00
24.00
109.00
199.00
25.00
21.00
1.00
48.00
140.00
148.00
14.00
29.00
98.00
11.00
86.00
12.00
89.00
1.00
55.00
102.00
0.00
0.00
2.00
440.00
4.00
1.00
20.00
0.00
63.00
0.00
19.00
2.00
32.00
85.00
200.00
36.00
7.00
7.00
30.00
29.00
4.00
57.00
12.00
219.00
64.00
49.00
0.00
9.00
21.00
27.00
0.00
36.00
1.00
53.00
134.00
0.00
2.00
15.00
68.00
61.00
7.00
9.00
4.00
0.00
0.00
3.00
5.00
0.00
0.00
16.00
0.00
1.00
0.00
6.00
85.00
0.00
109.00
27.00
0.00
0.00
0.00
0.00
0.00
0.00
0.00
0.00
0.00
0.00
0.00
0.00
0.00
116.00
129.00
21.00
2.00
0.00
0.00
10.00
7.00
51.00
197.00
43.00
0.00
0.00
0.00
0.00
0.00
0.00
0.00
0.00
0.00
0.00
0.00
0.00
0.00
0.00
0.00
0.00
0.00
0.00
0.00
0.00
0.00
0.00
0.00
0.00
7.00
6.00
0.00
0.00
0.00
0.00
0.00
0.00
0.00
0.00
0.00
0.00
0.00
0.00
0.00
0.00
0.00
0.00
0.00
0.00
0.00
0.00
0.00
0.00
0.00
0.00
0.00
0.00
0.00
0.00
0.00
0.00
0.00
12.00
0.00
0.00
0.00
0.00
0.00
0.00
0.00
0.00
0.00
0.00
0.00
0.00
0.00
0.00
0.00
0.00
0.00
0.00
0.00
0.00
0.00
0.00
0.00
23.00
0.00
0.00
0.00
0.00
0.00
0.00
0.00
0.00
0.00
0.00
0.00
0.00
0.00
0.00
0.00
0.00
0.00
0.00
0.00
0.00
0.00
0.00
0.00
0.00
0.00
0.00
0.00
0.00
0.00
0.00
0.00
0.00
0.00
0.00
0.00
0.00
0.00
7.00
0.00
125.00
0.00
47.00
51.00
2.00
0.00
0.00
0.00
0.00
0.00
56.00
1.00
56.00
0.00
0.00
0.00
0.00
29.00
0.00
0.00
1.00
76.00
275.00
100.00
198.00
35.00
402.00
276.00
4.00
0.00
0.00
0.00
10.00
0.00
0.00
0.00
0.00
0.00
19.00
0.00
13.00
0.00
114.00
58.00
78.00
104.00
49.00
46.00
16.00
0.00
0.00
34.00
0.00
19.00
29.00
0.00
0.00
1.00
5.00
36.00
0.00
0.00
125.00
0.00
5.00
20.00
24.00
30.00
87.00
17.00
2.00
0.00
2.00
0.00
5.00
6.00
0.00
0.00
0.00
0.00
54.00
108.00
147.00
132.00
31.00
75.00
43.00
23.00
0.00
5.00
0.00
14.00
21.00
44.00
85.00
100.00
91.00
49.00
0.00
0.00
34.00
30.00
4.00
4.00
17.00
37.00
146.00
30.00
0.00
2.00
20.00
45.00
21.00
438.00
116.00
97.00
26.00
143.00
271.00
43.00
2.00
25.00
281.00
193.00
110.00
286.00
11.00
12.00
25.00
14.00
41.00
232.00
157.00
255.00
160.00
33.00
267.00
161.00
14.00
35.00
144.00
10.00
72.00
29.00
12.00
18.00
4.00
16.00
82.00
49.00
130.00
59.00
7.00
3.00
1.00
9.00
13.00
10.00
12.00
18.00
88.00
58.00
2.00
78.00
8.00
22.00
24.00
41.00
0.00
0.00
174.00
646.00
51.00
27.00
82.00
29.00
5.00
31.00
10.00
0.00
13.00
7.00
6.00
183.00
47.00
31.00
41.00
73.00
8.00
180.00
57.00
1.00
684.00
540.00
243.00
195.00
70.00
0.00
1.00
1.00
0.00
0.00
197.00
5.00
129.00
0.00
9.00
115.00
4.00
9.00
2.00
4.00
21.00
0.00
12.00
25.00
0.00
1.00
0.00
6.00
0.00
0.00
0.00
0.00
0.00
8.00
86.00
123.00
2.00
0.00
0.00
0.00
0.00
0.00
0.00
196.00
94.00
1.00
0.00
0.00
0.00
0.00
0.00
0.00
0.00
0.00
0.00
0.00
0.00
40.00
0.00
0.00
177.00
3.00
19.00
0.00
0.00
0.00
0.00
0.00
0.00
0.00
0.00
0.00
0.00
0.00
0.00
0.00
0.00
0.00
0.00
0.00
0.00
1.00
17.00
307.00
202.00
75.00
0.00
0.00
0.00
0.00
0.00
0.00
0.00
0.00
0.00
0.00
0.00
2.00
0.00
0.00
0.00
0.00
0.00
0.00
0.00
0.00
32.00
189.00
128.00
0.00
0.00
0.00
0.00
0.00
0.00
0.00
0.00
0.00
0.00
0.00
0.00
0.00
0.00
0.00
0.00
0.00
0.00
0.00
0.00
0.00
0.00
0.00
0.00
0.00
0.00
0.00
0.00
0.00
0.00
0.00
0.00
0.00
0.00
0.00
4.00
22.00
152.00
0.00
2.00
0.00
0.00
0.00
0.00
0.00
0.00
0.00
0.00
0.00
0.00
0.00
1.00
0.00
0.00
30.00
0.00
0.00
0.00
0.00
0.00
0.00
0.00
0.00
0.00
0.00
0.00
0.00
0.00
0.00
6.00
1.00
0.00
37.00
71.00
0.00
0.00
0.00
0.00
0.00
0.00
0.00
0.00
3.00
1.00
0.00
0.00
8.00
9.00
0.00
87.00
69.00
0.00
21.00
0.00
13.00
99.00
0.00
26.00
3.00
0.00
3.00
7.00
1.00
0.00
93.00
45.00
29.00
0.00
72.00
5.00
0.00
0.00
0.00
0.00
0.00
79.00
25.00
40.00
15.00
92.00
3.00
17.00
17.00
130.00
268.00
167.00
423.00
203.00
184.00
31.00
144.00
0.00
0.00
0.00
0.00
0.00
0.00
0.00
3.00
340.00
0.00
15.00
0.00
43.00
37.00
0.00
78.00
4.00
39.00
19.00
42.00
259.00
150.00
1.00
16.00
7.00
73.00
87.00
152.00
335.00
366.00
0.00
12.00
14.00
0.00
0.00
2.00
0.00
23.00
59.00
37.00
60.00
9.00
4.00
83.00
13.00
45.00
7.00
7.00
66.00
4.00
0.00
0.00
3.00
14.00
21.00
14.00
31.00
30.00
19.00
9.00
88.00
8.00
50.00
2.00
4.00
0.00
11.00
23.00
360.00
161.00
21.00
213.00
8.00
0.00
212.00
20.00
93.00
225.00
101.00
159.00
0.00
0.00
21.00
157.00
104.00
2.00
11.00
10.00
54.00
69.00
55.00
185.00
218.00
19.00
2.00
1.00
30.00
38.00
82.00
49.00
13.00
74.00
84.00
17.00
32.00
85.00
12.00
3.00
83.00
22.00
51.00
1.00
13.00
23.00
1.00
0.00
0.00
19.00
302.00
74.00
0.00
0.00
1.00
36.00
8.00
0.00
17.00
32.00
78.00
0.00
2.00
4.00
78.00
8.00
1.00
0.00
104.00
31.00
2.00
0.00
0.00
0.00
0.00
0.00
0.00
2.00
0.00
0.00
144.00
41.00
335.00
302.00
4.00
0.00
0.00
0.00
0.00
0.00
0.00
0.00
0.00
0.00
0.00
0.00
0.00
0.00
296.00
9.00
103.00
45.00
47.00
0.00
0.00
0.00
0.00
0.00
0.00
0.00
0.00
0.00
0.00
0.00
0.00
0.00
0.00
0.00
0.00
0.00
0.00
0.00
0.00
0.00
0.00
0.00
0.00
0.00
0.00
0.00
0.00
0.00
0.00
0.00
0.00
0.00
0.00
28.00
0.00
0.00
0.00
0.00
0.00
2.00
0.00
0.00
6.00
0.00
11.00
32.00
55.00
0.00
0.00
0.00
0.00
0.00
0.00
0.00
0.00
0.00
0.00
0.00
0.00
0.00
0.00
0.00
0.00
0.00
0.00
0.00
0.00
0.00
0.00
0.00
0.00
0.00
0.00
0.00
0.00
0.00
0.00
0.00
0.00
0.00
0.00
0.00
0.00
0.00
0.00
0.00
0.00
0.00
0.00
0.00
0.00
0.00
0.00
0.00
0.00
0.00
0.00
0.00
0.00
0.00
0.00
0.00
0.00
0.00
0.00
0.00
0.00
1.00
0.00
0.00
0.00
0.00
0.00
0.00
0.00
90.80
102.60
94.90
51.20
0.00
0.00
0.00
0.00
29.40
0.00
0.00
0.00
0.00
0.00
0.00
0.00
0.00
0.00
0.00
0.00
0.00
4.10
0.00
0.00
0.00
2.40
0.00
0.00
0.00
0.00
14.30
0.00
0.00
0.00
27.70
6.10
55.00
0.10
6.00
1.50
0.90
2.10
7.90
35.30
0.00
0.00
0.30
0.00
0.00
1.50
0.10
1.40
0.00
0.00
0.00
0.00
0.30
0.00
0.00
0.00
0.00
0.00
2.80
0.00
0.00
0.00
4.20
7.90
1.20
0.00
0.00
0.00
0.00
0.00
0.00
0.00
0.00
0.20
4.30
0.90
0.30
14.10
0.00
0.00
0.00
0.00
0.00
0.00
21.80
0.00
0.00
0.00
0.00
0.00
0.00
0.40
4.50
10.80
1.60
5.90
0.30
1.60
9.20
3.00
8.20
29.70
4.80
0.00
4.60
15.80
0.00
0.00
0.00
16.60
7.80
7.30
5.50
13.40
1.90
0.00
17.90
3.60
0.10
1.00
2.20
1.20
0.00
0.00
0.00
2.40
3.50
21.20
1.70
3.90
1.10
1.10
6.80
6.80
3.10
1.40
1.40
0.00
0.30
1.40
1.40
1.40
0.80
23.50
7.50
17.90
31.90
40.10
6.80
0.30
6.30
12.00
1.20
2.30
13.70
1.10
4.40
56.40
3.30
4.60
10.50
3.10
3.60
14.50
13.60
7.10
0.20
0.20
0.50
3.40
1.60
0.50
4.80
1.20
18.30
23.90
27.70
0.50
1.60
1.00
23.00
0.60
4.40
24.20
26.20
5.50
3.50
3.30
3.00
1.70
1.50
6.10
3.60
2.80
10.60
9.20
1.50
1.30
19.90
8.30
2.30
2.30
1.10
11.40
15.90
17.30
10.90
21.30
19.20
0.20
0.10
2.30
20.40
1.30
1.30
1.50
4.20
0.80
0.60
5.10
12.50
11.90
6.20
6.50
0.00
0.00
0.00
0.20
15.20
8.80
0.30
0.00
0.40
0.00
0.60
1.80
1.10
2.90
1.80
4.50
