20160101
0.00
0.00
0.00
0.00
0.00
0.00
0.00
0.00
0.00
0.00
0.00
0.00
1.00
0.00
0.00
0.00
0.00
0.00
0.00
0.00
5.00
0.00
0.00
0.00
0.00
1.00
0.00
0.00
0.00
0.00
0.00
0.00
0.00
0.00
0.00
0.00
0.00
0.00
0.00
0.00
0.00
0.00
1.00
0.00
0.00
0.00
0.00
0.00
0.00
0.00
0.00
0.00
4.00
51.00
39.00
0.00
31.00
0.00
0.00
0.00
1.00
0.00
0.00
1.00
0.00
1.00
0.00
0.00
0.00
0.00
0.00
1.00
0.00
0.00
0.00
75.00
0.00
0.00
0.00
0.00
9.00
0.00
4.00
0.00
0.00
0.00
0.00
386.00
0.00
126.00
227.00
26.00
0.00
33.00
111.00
481.00
52.00
0.00
0.00
0.00
0.00
0.00
0.00
0.00
56.00
59.00
184.00
88.00
0.00
28.00
38.00
77.00
145.00
0.00
0.00
51.00
5.00
3.00
14.00
2.00
15.00
70.00
92.00
1.00
93.00
5.00
0.00
0.00
0.00
0.00
0.00
0.00
31.00
0.00
0.00
15.00
5.00
120.00
274.00
29.00
112.00
953.00
0.00
0.00
32.00
0.00
0.00
0.00
0.00
0.00
0.00
4.00
0.00
0.00
4.00
42.00
46.00
72.00
218.00
9.00
100.00
184.00
36.00
49.00
6.00
0.00
66.00
141.00
40.00
151.00
55.00
111.00
8.00
185.00
0.00
89.00
9.00
8.00
12.00
4.00
49.00
109.00
297.00
73.00
46.00
23.00
2.00
9.00
202.00
86.00
67.00
13.00
26.00
54.00
7.00
28.00
70.00
165.00
7.00
0.00
22.00
16.00
113.00
127.00
100.00
7.00
166.00
1.00
12.00
5.00
30.00
77.00
111.00
7.00
2.00
0.00
12.00
143.00
130.00
6.00
7.00
5.00
13.00
40.00
23.00
53.00
3.00
24.00
61.00
15.00
0.00
2.00
433.00
3.00
2.00
26.00
0.00
47.00
0.00
3.00
2.00
11.00
72.00
152.00
13.00
7.00
1.00
16.00
19.00
1.00
7.00
6.00
171.00
26.00
36.00
0.00
2.00
12.00
5.00
31.00
79.00
30.00
85.00
107.00
4.00
0.00
6.00
29.00
235.00
0.00
12.00
4.00
0.00
0.00
5.00
11.00
0.00
0.00
24.00
2.00
11.00
1.00
0.00
0.00
2.00
103.00
0.00
0.00
0.00
0.00
0.00
0.00
0.00
0.00
0.00
0.00
0.00
0.00
3.00
0.00
50.00
92.00
33.00
3.00
0.00
0.00
9.00
10.00
54.00
234.00
64.00
0.00
0.00
0.00
0.00
0.00
0.00
0.00
0.00
0.00
0.00
0.00
0.00
0.00
0.00
0.00
0.00
0.00
0.00
0.00
0.00
0.00
0.00
0.00
0.00
0.00
1.00
0.00
0.00
0.00
0.00
0.00
0.00
0.00
0.00
0.00
0.00
0.00
0.00
0.00
0.00
0.00
0.00
0.00
0.00
0.00
0.00
0.00
0.00
0.00
0.00
0.00
0.00
0.00
0.00
0.00
0.00
0.00
5.00
0.00
0.00
0.00
0.00
0.00
0.00
0.00
0.00
0.00
0.00
0.00
0.00
0.00
0.00
0.00
0.00
0.00
0.00
0.00
0.00
0.00
0.00
0.00
7.00
0.00
0.00
0.00
0.00
0.00
0.00
0.00
0.00
0.00
0.00
0.00
0.00
0.00
0.00
0.00
0.00
0.00
0.00
0.00
0.00
0.00
0.00
0.00
0.00
0.00
0.00
1.00
0.00
0.00
0.00
0.00
0.00
0.00
0.00
0.00
0.00
15.00
13.00
0.00
165.00
0.00
106.00
45.00
1.00
0.00
0.00
0.00
0.00
0.00
56.00
0.00
59.00
0.00
0.00
0.00
0.00
29.00
0.00
0.00
0.00
42.00
291.00
20.00
31.00
0.00
376.00
108.00
15.00
0.00
0.00
0.00
0.00
0.00
0.00
0.00
0.00
0.00
29.00
6.00
0.00
1.00
115.00
48.00
99.00
60.00
64.00
45.00
9.00
0.00
0.00
8.00
0.00
3.00
66.00
0.00
0.00
7.00
0.00
10.00
0.00
0.00
134.00
0.00
1.00
4.00
8.00
27.00
125.00
3.00
2.00
0.00
14.00
0.00
21.00
2.00
0.00
0.00
0.00
15.00
127.00
83.00
202.00
177.00
6.00
36.00
23.00
86.00
5.00
9.00
0.00
30.00
40.00
87.00
88.00
120.00
24.00
102.00
11.00
168.00
19.00
9.00
5.00
5.00
1.00
4.00
44.00
19.00
8.00
5.00
11.00
16.00
9.00
368.00
90.00
51.00
16.00
82.00
133.00
74.00
7.00
2.00
200.00
188.00
70.00
508.00
6.00
42.00
16.00
16.00
27.00
222.00
130.00
166.00
332.00
31.00
131.00
19.00
27.00
28.00
42.00
14.00
73.00
83.00
31.00
39.00
21.00
16.00
62.00
26.00
68.00
64.00
5.00
5.00
2.00
19.00
15.00
3.00
7.00
6.00
92.00
59.00
5.00
39.00
11.00
35.00
31.00
40.00
0.00
12.00
91.00
571.00
26.00
23.00
30.00
32.00
8.00
14.00
3.00
7.00
26.00
6.00
0.00
33.00
47.00
28.00
86.00
67.00
8.00
224.00
55.00
15.00
105.00
406.00
131.00
94.00
129.00
0.00
7.00
7.00
9.00
10.00
507.00
10.00
158.00
0.00
2.00
124.00
236.00
7.00
0.00
0.00
20.00
0.00
2.00
42.00
15.00
1.00
0.00
5.00
0.00
0.00
0.00
0.00
0.00
8.00
277.00
93.00
6.00
0.00
0.00
0.00
0.00
0.00
1.00
103.00
77.00
0.00
0.00
0.00
0.00
0.00
0.00
0.00
0.00
0.00
0.00
0.00
0.00
90.00
0.00
0.00
185.00
20.00
5.00
0.00
0.00
0.00
0.00
0.00
0.00
0.00
0.00
0.00
0.00
0.00
0.00
0.00
0.00
0.00
0.00
0.00
0.00
1.00
39.00
255.00
176.00
73.00
0.00
0.00
0.00
0.00
0.00
0.00
0.00
0.00
28.00
0.00
0.00
0.00
0.00
0.00
0.00
0.00
0.00
0.00
0.00
0.00
0.00
258.00
97.00
0.00
0.00
0.00
0.00
0.00
0.00
0.00
0.00
0.00
0.00
0.00
0.00
0.00
0.00
0.00
0.00
0.00
0.00
0.00
0.00
0.00
0.00
0.00
0.00
0.00
0.00
0.00
0.00
0.00
0.00
0.00
0.00
0.00
0.00
0.00
0.00
11.00
146.00
0.00
6.00
0.00
0.00
0.00
0.00
0.00
0.00
0.00
0.00
0.00
0.00
0.00
0.00
0.00
0.00
65.00
0.00
0.00
0.00
0.00
0.00
0.00
0.00
0.00
0.00
0.00
0.00
0.00
0.00
0.00
17.00
0.00
0.00
1.00
94.00
0.00
0.00
0.00
0.00
0.00
0.00
0.00
0.00
0.00
0.00
0.00
0.00
2.00
10.00
0.00
101.00
26.00
23.00
7.00
0.00
5.00
44.00
0.00
0.00
0.00
12.00
7.00
2.00
0.00
0.00
65.00
50.00
119.00
0.00
48.00
0.00
0.00
0.00
0.00
1.00
1.00
15.00
70.00
54.00
7.00
77.00
0.00
2.00
31.00
586.00
379.00
145.00
321.00
289.00
508.00
19.00
102.00
0.00
5.00
0.00
0.00
0.00
0.00
0.00
0.00
108.00
7.00
0.00
0.00
0.00
2.00
2.00
82.00
0.00
0.00
4.00
49.00
361.00
549.00
53.00
5.00
6.00
48.00
56.00
138.00
337.00
347.00
5.00
45.00
18.00
0.00
0.00
1.00
0.00
8.00
21.00
43.00
20.00
5.00
8.00
39.00
17.00
43.00
13.00
4.00
28.00
0.00
1.00
0.00
5.00
5.00
15.00
7.00
50.00
39.00
37.00
8.00
59.00
23.00
43.00
3.00
17.00
1.00
7.00
15.00
217.00
115.00
5.00
68.00
13.00
1.00
157.00
61.00
71.00
208.00
73.00
40.00
1.00
0.00
9.00
128.00
69.00
0.00
16.00
6.00
20.00
87.00
30.00
62.00
220.00
8.00
0.00
0.00
42.00
21.00
43.00
29.00
9.00
90.00
30.00
28.00
16.00
45.00
24.00
0.00
85.00
7.00
36.00
1.00
8.00
27.00
1.00
0.00
0.00
25.00
312.00
14.00
0.00
0.00
6.00
17.00
19.00
0.00
0.00
48.00
102.00
0.00
7.00
2.00
131.00
8.00
5.00
2.00
10.00
8.00
1.00
0.00
0.00
0.00
0.00
0.00
0.00
0.00
1.00
6.00
109.00
62.00
427.00
317.00
17.00
0.00
0.00
0.00
0.00
0.00
0.00
0.00
0.00
0.00
0.00
0.00
0.00
0.00
242.00
22.00
93.00
33.00
41.00
0.00
0.00
0.00
0.00
0.00
0.00
0.00
0.00
0.00
0.00
0.00
0.00
0.00
0.00
0.00
0.00
0.00
0.00
0.00
0.00
0.00
0.00
0.00
0.00
0.00
0.00
0.00
0.00
0.00
0.00
0.00
0.00
0.00
0.00
0.00
1.00
0.00
0.00
0.00
0.00
0.00
0.00
0.00
4.00
0.00
13.00
27.00
30.00
0.00
0.00
0.00
0.00
0.00
0.00
0.00
0.00
0.00
0.00
0.00
0.00
0.00
0.00
0.00
0.00
0.00
0.00
0.00
0.00
0.00
0.00
0.00
0.00
0.00
0.00
0.00
0.00
0.00
0.00
0.00
0.00
0.00
0.00
0.00
0.00
0.00
0.00
0.00
0.00
0.00
0.00
0.00
0.00
0.00
0.00
0.00
0.00
0.00
0.00
0.00
0.00
0.00
0.00
0.00
0.00
0.00
0.00
0.00
0.00
0.00
0.00
0.00
0.00
0.00
0.00
0.00
0.60
120.30
149.30
114.90
60.30
0.00
0.00
0.00
8.80
33.60
0.00
0.00
0.00
0.00
0.00
0.00
0.00
0.00
0.00
0.00
0.10
0.00
3.00
0.00
0.00
0.00
1.30
0.00
0.00
0.00
0.00
11.30
0.00
0.00
0.00
23.40
14.50
30.20
1.90
1.80
2.10
3.30
0.00
10.80
29.30
0.60
0.00
0.00
0.00
0.00
0.10
0.00
0.80
0.00
0.00
0.00
0.00
0.50
0.00
0.00
0.00
0.00
0.00
0.80
0.00
0.00
0.00
0.90
5.90
1.30
0.00
0.00
0.00
0.00
0.00
0.00
0.00
0.00
2.20
7.50
1.30
0.00
6.30
0.00
0.00
0.00
0.00
0.00
0.00
46.50
0.00
0.00
0.00
0.00
0.00
0.00
0.60
5.90
0.00
0.00
0.10
0.80
1.00
12.00
2.70
0.70
5.90
1.60
0.20
0.00
10.30
0.90
0.00
0.00
2.10
4.80
10.30
0.10
0.80
0.00
0.80
9.00
5.20
0.30
0.60
0.70
1.00
3.50
2.30
0.00
5.90
2.50
4.30
6.70
2.40
1.00
1.00
8.60
8.60
2.70
2.00
2.00
0.00
0.00
2.00
2.00
2.00
0.40
8.00
7.10
10.70
9.50
14.20
2.40
0.00
2.40
14.90
0.20
0.60
11.50
0.80
0.90
40.90
1.40
5.60
20.80
0.10
4.50
17.40
7.70
3.80
1.80
0.00
0.80
1.50
1.90
0.30
5.50
2.40
8.70
26.50
20.00
0.10
0.00
0.80
19.50
0.00
1.10
3.40
16.50
3.70
1.00
3.30
0.20
0.70
6.00
2.30
5.10
8.80
21.30
12.60
0.60
0.00
26.30
4.90
1.40
0.00
17.80
18.40
14.10
25.30
13.90
26.40
14.50
2.80
2.20
1.40
22.70
8.80
8.80
0.30
0.00
0.00
0.00
1.20
8.20
8.30
3.90
4.00
0.00
0.00
0.00
1.10
35.50
6.00
0.20
0.00
0.50
0.00
0.60
6.40
1.10
0.10
0.80
1.00
