20160101
0.00
0.00
0.00
0.00
0.00
0.00
0.00
0.00
0.00
0.00
0.00
0.00
0.00
0.00
0.00
0.00
0.00
0.00
7.00
1.00
0.00
0.00
0.00
0.00
0.00
0.00
0.00
0.00
0.00
0.00
0.00
0.00
0.00
0.00
0.00
0.00
0.00
0.00
64.00
0.00
0.00
0.00
0.00
0.00
0.00
0.00
0.00
0.00
0.00
0.00
12.00
0.00
0.00
0.00
22.00
0.00
63.00
0.00
0.00
11.00
0.00
1.00
0.00
0.00
0.00
0.00
0.00
0.00
0.00
0.00
0.00
1.00
0.00
3.00
46.00
2.00
0.00
0.00
0.00
1.00
0.00
0.00
0.00
0.00
0.00
0.00
0.00
0.00
0.00
101.00
511.00
0.00
15.00
62.00
0.00
163.00
0.00
0.00
2.00
0.00
0.00
0.00
0.00
0.00
0.00
0.00
0.00
0.00
0.00
0.00
0.00
0.00
0.00
0.00
0.00
0.00
0.00
21.00
0.00
0.00
0.00
97.00
73.00
0.00
4.00
1.00
7.00
376.00
6.00
1.00
0.00
0.00
1.00
304.00
4.00
1.00
1.00
39.00
47.00
153.00
244.00
134.00
0.00
0.00
162.00
67.00
108.00
0.00
68.00
0.00
164.00
4.00
1.00
0.00
0.00
0.00
9.00
2.00
34.00
10.00
2.00
0.00
1177.00
178.00
77.00
46.00
0.00
1.00
15.00
31.00
3.00
6.00
11.00
67.00
1.00
1.00
13.00
1.00
1.00
14.00
10.00
1.00
69.00
116.00
150.00
106.00
299.00
366.00
70.00
47.00
101.00
0.00
8.00
21.00
49.00
4.00
162.00
290.00
580.00
47.00
28.00
13.00
20.00
58.00
110.00
106.00
123.00
14.00
0.00
23.00
90.00
311.00
288.00
75.00
20.00
19.00
9.00
14.00
31.00
17.00
54.00
170.00
240.00
104.00
44.00
14.00
51.00
69.00
201.00
321.00
40.00
5.00
249.00
1862.00
17.00
16.00
6.00
186.00
20.00
22.00
273.00
53.00
20.00
51.00
262.00
145.00
119.00
29.00
6.00
3.00
26.00
16.00
5.00
26.00
96.00
204.00
147.00
1.00
4.00
13.00
615.00
0.00
52.00
607.00
64.00
22.00
61.00
126.00
37.00
39.00
20.00
260.00
0.00
10.00
6.00
65.00
0.00
64.00
7.00
20.00
29.00
119.00
200.00
76.00
7.00
0.00
0.00
0.00
0.00
0.00
0.00
0.00
0.00
0.00
0.00
0.00
0.00
5.00
0.00
34.00
313.00
91.00
24.00
0.00
0.00
0.00
14.00
185.00
743.00
476.00
0.00
0.00
0.00
0.00
0.00
0.00
0.00
0.00
0.00
0.00
0.00
0.00
0.00
0.00
0.00
0.00
0.00
0.00
0.00
0.00
0.00
0.00
0.00
0.00
0.00
0.00
0.00
0.00
0.00
0.00
0.00
0.00
0.00
0.00
0.00
7.00
0.00
0.00
0.00
0.00
0.00
0.00
0.00
0.00
0.00
0.00
0.00
0.00
0.00
0.00
0.00
0.00
0.00
0.00
0.00
0.00
12.00
0.00
0.00
0.00
0.00
0.00
0.00
0.00
0.00
0.00
0.00
0.00
0.00
0.00
0.00
0.00
0.00
0.00
0.00
0.00
0.00
0.00
0.00
0.00
0.00
0.00
35.00
0.00
0.00
0.00
0.00
0.00
0.00
0.00
0.00
0.00
0.00
0.00
0.00
0.00
0.00
0.00
0.00
0.00
0.00
0.00
0.00
0.00
0.00
0.00
0.00
0.00
0.00
0.00
0.00
0.00
0.00
0.00
0.00
0.00
0.00
0.00
0.00
0.00
7.00
0.00
49.00
0.00
168.00
78.00
0.00
0.00
0.00
0.00
0.00
0.00
34.00
3.00
144.00
4.00
0.00
0.00
0.00
3.00
2.00
0.00
14.00
114.00
0.00
0.00
0.00
0.00
6.00
0.00
132.00
0.00
3.00
0.00
0.00
0.00
0.00
0.00
0.00
0.00
0.00
0.00
0.00
17.00
552.00
0.00
423.00
467.00
360.00
89.00
0.00
0.00
32.00
0.00
21.00
22.00
189.00
0.00
0.00
0.00
2.00
2.00
0.00
0.00
182.00
0.00
2.00
0.00
28.00
14.00
593.00
2.00
622.00
14.00
0.00
0.00
0.00
0.00
0.00
0.00
0.00
207.00
0.00
8.00
218.00
166.00
809.00
978.00
115.00
0.00
0.00
830.00
0.00
0.00
131.00
14.00
1.00
1002.00
370.00
5.00
84.00
167.00
127.00
154.00
100.00
507.00
0.00
4.00
31.00
0.00
2.00
5.00
0.00
7.00
8.00
0.00
56.00
52.00
62.00
297.00
104.00
303.00
41.00
2.00
4.00
37.00
479.00
373.00
143.00
3.00
11.00
2.00
156.00
158.00
74.00
242.00
616.00
141.00
54.00
50.00
383.00
329.00
336.00
58.00
5.00
34.00
24.00
0.00
47.00
157.00
157.00
96.00
53.00
41.00
59.00
1.00
10.00
139.00
312.00
474.00
55.00
395.00
31.00
46.00
43.00
41.00
25.00
12.00
313.00
240.00
57.00
12.00
2.00
125.00
76.00
20.00
93.00
51.00
68.00
27.00
28.00
74.00
83.00
5.00
0.00
20.00
35.00
29.00
94.00
414.00
1.00
3.00
4.00
1.00
15.00
84.00
244.00
179.00
77.00
3.00
1.00
0.00
1.00
8.00
107.00
44.00
443.00
223.00
70.00
97.00
140.00
0.00
35.00
2.00
12.00
0.00
138.00
361.00
0.00
0.00
1.00
0.00
0.00
0.00
0.00
1.00
0.00
120.00
1299.00
232.00
0.00
0.00
18.00
0.00
0.00
0.00
0.00
9.00
9.00
0.00
0.00
0.00
0.00
0.00
0.00
0.00
0.00
0.00
0.00
0.00
0.00
84.00
0.00
23.00
491.00
52.00
51.00
0.00
0.00
0.00
0.00
0.00
0.00
0.00
0.00
0.00
0.00
0.00
0.00
0.00
0.00
0.00
0.00
0.00
0.00
0.00
32.00
46.00
86.00
4.00
0.00
0.00
0.00
0.00
0.00
0.00
0.00
0.00
0.00
0.00
0.00
0.00
0.00
0.00
0.00
0.00
0.00
0.00
0.00
0.00
0.00
56.00
0.00
0.00
0.00
0.00
0.00
0.00
0.00
0.00
0.00
0.00
0.00
0.00
0.00
0.00
0.00
0.00
0.00
0.00
0.00
0.00
0.00
0.00
0.00
0.00
0.00
0.00
0.00
0.00
0.00
0.00
0.00
0.00
0.00
0.00
0.00
0.00
466.00
387.00
416.00
500.00
163.00
8.00
153.00
135.00
0.00
0.00
0.00
0.00
0.00
0.00
0.00
0.00
0.00
0.00
221.00
268.00
0.00
0.00
0.00
0.00
0.00
0.00
127.00
0.00
0.00
0.00
0.00
0.00
0.00
0.00
0.00
0.00
177.00
93.00
7.00
0.00
0.00
0.00
0.00
0.00
51.00
18.00
30.00
0.00
0.00
7.00
0.00
148.00
248.00
10.00
42.00
0.00
9.00
93.00
159.00
548.00
2.00
6.00
0.00
38.00
191.00
0.00
103.00
0.00
18.00
49.00
12.00
90.00
0.00
2.00
121.00
37.00
0.00
50.00
18.00
0.00
0.00
278.00
150.00
0.00
367.00
2.00
152.00
925.00
0.00
0.00
0.00
0.00
20.00
176.00
0.00
46.00
3.00
0.00
23.00
0.00
125.00
0.00
37.00
306.00
0.00
241.00
0.00
63.00
0.00
0.00
0.00
0.00
107.00
368.00
240.00
38.00
23.00
5.00
0.00
0.00
0.00
5.00
486.00
238.00
74.00
302.00
0.00
7.00
18.00
93.00
1.00
0.00
297.00
76.00
1.00
7.00
24.00
22.00
60.00
26.00
20.00
6.00
1.00
1.00
40.00
10.00
200.00
158.00
1.00
9.00
0.00
0.00
21.00
6.00
1.00
30.00
85.00
111.00
17.00
2.00
42.00
0.00
207.00
26.00
62.00
27.00
502.00
224.00
456.00
143.00
45.00
88.00
13.00
45.00
12.00
11.00
9.00
30.00
26.00
31.00
186.00
7.00
3.00
5.00
9.00
13.00
27.00
14.00
89.00
15.00
31.00
177.00
57.00
272.00
92.00
25.00
2.00
134.00
19.00
11.00
12.00
8.00
52.00
9.00
1.00
2.00
2.00
132.00
6.00
91.00
0.00
4.00
0.00
0.00
10.00
41.00
132.00
71.00
22.00
84.00
1.00
1.00
0.00
6.00
79.00
97.00
47.00
18.00
0.00
1.00
42.00
0.00
38.00
0.00
0.00
0.00
0.00
0.00
0.00
0.00
0.00
0.00
0.00
0.00
19.00
194.00
69.00
261.00
19.00
0.00
0.00
0.00
0.00
0.00
0.00
0.00
0.00
0.00
0.00
1.00
0.00
0.00
1.00
19.00
33.00
10.00
0.00
0.00
0.00
0.00
0.00
33.00
2.00
0.00
0.00
0.00
0.00
0.00
4.00
0.00
0.00
0.00
0.00
0.00
0.00
0.00
12.00
0.00
0.00
0.00
0.00
0.00
0.00
0.00
0.00
0.00
0.00
0.00
0.00
0.00
0.00
0.00
0.00
0.00
0.00
0.00
0.00
0.00
0.00
0.00
0.00
0.00
39.00
135.00
20.00
0.00
0.00
0.00
0.00
0.00
0.00
0.00
0.00
0.00
0.00
0.00
0.00
0.00
0.00
0.00
0.00
0.00
0.00
0.00
0.00
0.00
0.00
0.00
0.00
0.00
0.00
0.00
0.00
0.00
0.00
0.00
0.00
0.00
0.00
0.00
0.00
0.00
0.00
1.00
1.00
1.00
0.00
0.00
0.00
0.00
0.00
0.00
0.00
0.00
0.00
0.00
3.00
0.00
0.00
0.00
0.00
0.00
0.00
0.00
1.00
7.00
0.00
0.00
0.00
0.00
0.00
0.00
3.00
42.00
36.90
50.30
8.50
0.00
0.00
0.00
0.40
2.30
0.00
0.00
0.00
0.00
0.00
0.00
0.00
0.00
7.50
5.00
0.00
64.30
3.60
0.00
0.00
0.00
1.20
0.00
0.00
0.00
1.00
0.10
0.00
0.00
0.60
59.40
0.00
13.80
6.20
0.00
0.00
60.30
0.40
1.30
42.20
23.40
2.00
0.70
12.60
0.00
0.00
11.30
0.20
0.00
0.00
0.00
6.10
0.00
0.00
0.00
0.00
0.00
4.90
0.00
0.00
0.10
0.10
0.00
83.50
0.00
0.00
0.00
0.00
0.00
0.00
0.00
0.00
0.00
2.40
1.10
0.00
0.00
0.00
0.00
3.40
3.40
0.00
26.90
26.90
35.50
3.40
0.00
0.00
0.00
0.00
0.20
0.50
0.30
4.30
0.40
0.70
123.10
0.60
0.40
7.90
5.80
0.00
0.00
0.00
1.70
1.40
112.30
0.00
0.20
0.20
0.80
0.00
1.40
0.70
0.00
0.00
0.10
2.20
3.70
4.10
0.00
0.60
2.10
6.90
4.60
0.00
0.70
43.20
5.70
1.90
3.30
3.30
29.20
29.20
22.70
0.00
0.00
1.90
0.00
0.00
0.00
0.00
0.20
0.50
0.70
12.90
22.60
13.70
2.50
0.20
2.60
6.20
14.40
1.20
1.10
0.00
6.50
29.10
12.40
4.40
28.40
2.10
0.60
19.40
24.30
37.10
54.70
14.20
10.30
7.80
0.10
1.00
0.70
0.70
12.30
29.50
12.00
0.40
0.70
0.00
0.70
0.00
0.60
1.00
25.60
29.90
1.00
4.70
3.90
0.00
4.70
4.30
9.90
0.40
5.10
11.30
2.10
0.40
1.70
1.40
0.00
0.00
0.00
6.80
4.10
26.00
1.70
14.40
45.00
3.70
1.90
10.20
6.90
3.70
3.70
23.20
0.10
7.40
0.10
23.40
2.40
0.00
24.80
8.60
0.00
0.40
0.00
0.00
0.10
6.90
0.00
0.00
0.00
0.00
0.20
3.40
1.20
0.10
0.00
3.40
