20160101
0.00
0.00
0.00
0.00
0.00
0.00
0.00
0.00
0.00
0.00
0.00
0.00
0.00
0.00
0.00
0.00
0.00
0.00
0.00
19.00
0.00
0.00
0.00
0.00
0.00
0.00
0.00
0.00
0.00
0.00
0.00
0.00
0.00
0.00
0.00
0.00
0.00
0.00
0.00
0.00
0.00
0.00
0.00
0.00
0.00
0.00
0.00
0.00
0.00
0.00
1.00
0.00
0.00
1.00
113.00
0.00
86.00
0.00
0.00
0.00
0.00
0.00
0.00
0.00
0.00
234.00
0.00
2.00
1.00
0.00
0.00
0.00
0.00
0.00
1.00
0.00
0.00
34.00
0.00
0.00
0.00
0.00
0.00
0.00
0.00
0.00
0.00
135.00
39.00
496.00
685.00
1.00
3.00
170.00
28.00
2.00
0.00
0.00
0.00
0.00
0.00
0.00
0.00
0.00
0.00
0.00
467.00
0.00
0.00
0.00
0.00
0.00
0.00
0.00
0.00
0.00
0.00
18.00
0.00
0.00
0.00
25.00
68.00
12.00
0.00
6.00
155.00
125.00
2.00
7.00
0.00
11.00
115.00
358.00
26.00
60.00
0.00
24.00
124.00
49.00
279.00
1027.00
1.00
0.00
76.00
64.00
144.00
0.00
151.00
2.00
19.00
218.00
13.00
0.00
0.00
0.00
0.00
4.00
154.00
0.00
4.00
0.00
754.00
69.00
12.00
9.00
7.00
10.00
61.00
1.00
12.00
18.00
1.00
73.00
13.00
12.00
6.00
421.00
13.00
70.00
18.00
23.00
154.00
49.00
86.00
69.00
24.00
110.00
193.00
167.00
34.00
3.00
0.00
14.00
0.00
0.00
188.00
280.00
57.00
39.00
81.00
39.00
31.00
28.00
52.00
40.00
146.00
11.00
21.00
42.00
186.00
307.00
171.00
306.00
69.00
48.00
27.00
39.00
4.00
34.00
41.00
14.00
196.00
104.00
9.00
139.00
223.00
187.00
565.00
106.00
9.00
0.00
88.00
141.00
1.00
0.00
1.00
713.00
45.00
96.00
363.00
4.00
29.00
166.00
117.00
236.00
84.00
10.00
14.00
7.00
8.00
3.00
11.00
5.00
73.00
280.00
449.00
4.00
18.00
5.00
144.00
200.00
167.00
134.00
105.00
223.00
10.00
170.00
200.00
97.00
26.00
107.00
0.00
221.00
75.00
28.00
0.00
400.00
108.00
140.00
452.00
38.00
0.00
6.00
7.00
2.00
0.00
0.00
0.00
0.00
0.00
0.00
0.00
0.00
0.00
0.00
0.00
0.00
0.00
0.00
204.00
11.00
87.00
0.00
0.00
0.00
0.00
31.00
305.00
259.00
0.00
0.00
0.00
0.00
0.00
0.00
0.00
0.00
0.00
0.00
0.00
0.00
0.00
0.00
0.00
0.00
0.00
0.00
0.00
0.00
0.00
0.00
0.00
11.00
0.00
0.00
0.00
1.00
0.00
0.00
0.00
0.00
0.00
0.00
0.00
0.00
0.00
0.00
0.00
0.00
0.00
0.00
0.00
0.00
0.00
0.00
0.00
0.00
134.00
0.00
0.00
0.00
0.00
0.00
0.00
0.00
0.00
0.00
0.00
0.00
0.00
0.00
0.00
0.00
0.00
0.00
0.00
0.00
0.00
0.00
0.00
0.00
0.00
0.00
0.00
1.00
0.00
0.00
0.00
0.00
0.00
0.00
14.00
0.00
0.00
0.00
0.00
0.00
0.00
0.00
0.00
0.00
0.00
0.00
0.00
0.00
0.00
0.00
0.00
0.00
0.00
0.00
0.00
0.00
0.00
0.00
0.00
0.00
0.00
0.00
0.00
0.00
0.00
0.00
0.00
0.00
0.00
0.00
6.00
165.00
0.00
0.00
50.00
0.00
211.00
226.00
0.00
0.00
0.00
0.00
0.00
0.00
49.00
12.00
63.00
0.00
0.00
0.00
0.00
99.00
0.00
16.00
44.00
58.00
51.00
10.00
0.00
0.00
262.00
1.00
203.00
0.00
0.00
0.00
0.00
0.00
0.00
0.00
0.00
0.00
7.00
0.00
0.00
50.00
527.00
2.00
97.00
877.00
74.00
249.00
271.00
0.00
5.00
0.00
120.00
32.00
404.00
0.00
0.00
1.00
26.00
22.00
0.00
0.00
71.00
0.00
0.00
0.00
17.00
127.00
785.00
18.00
121.00
1.00
229.00
0.00
0.00
0.00
0.00
0.00
0.00
40.00
2.00
13.00
124.00
259.00
90.00
386.00
196.00
6.00
42.00
416.00
0.00
0.00
57.00
36.00
80.00
244.00
512.00
26.00
175.00
34.00
283.00
482.00
408.00
603.00
0.00
17.00
96.00
3.00
106.00
6.00
23.00
39.00
29.00
75.00
138.00
168.00
73.00
159.00
346.00
106.00
11.00
3.00
9.00
36.00
178.00
227.00
352.00
21.00
41.00
25.00
82.00
229.00
40.00
239.00
379.00
124.00
108.00
33.00
324.00
157.00
174.00
54.00
13.00
56.00
27.00
0.00
10.00
129.00
110.00
258.00
54.00
11.00
20.00
18.00
44.00
312.00
552.00
285.00
185.00
240.00
121.00
34.00
199.00
152.00
107.00
64.00
234.00
52.00
138.00
83.00
49.00
84.00
253.00
10.00
107.00
31.00
214.00
107.00
102.00
292.00
63.00
31.00
82.00
114.00
44.00
203.00
645.00
679.00
1.00
4.00
4.00
9.00
4.00
100.00
212.00
213.00
59.00
117.00
0.00
0.00
6.00
24.00
49.00
364.00
242.00
287.00
86.00
77.00
3.00
5.00
0.00
6.00
150.00
19.00
25.00
49.00
0.00
0.00
7.00
0.00
7.00
0.00
0.00
0.00
27.00
453.00
1030.00
562.00
0.00
0.00
12.00
0.00
0.00
0.00
0.00
16.00
64.00
0.00
0.00
0.00
0.00
0.00
0.00
0.00
0.00
0.00
0.00
0.00
0.00
77.00
0.00
8.00
496.00
65.00
0.00
0.00
1.00
0.00
0.00
0.00
0.00
0.00
0.00
0.00
0.00
0.00
0.00
0.00
0.00
0.00
0.00
0.00
0.00
2.00
10.00
151.00
151.00
105.00
0.00
0.00
0.00
0.00
0.00
0.00
0.00
0.00
10.00
0.00
0.00
0.00
0.00
0.00
0.00
0.00
0.00
0.00
0.00
0.00
19.00
242.00
0.00
0.00
0.00
0.00
0.00
0.00
0.00
0.00
0.00
0.00
0.00
0.00
0.00
0.00
0.00
0.00
0.00
0.00
0.00
0.00
0.00
0.00
0.00
0.00
0.00
0.00
0.00
0.00
0.00
0.00
0.00
0.00
0.00
0.00
0.00
0.00
754.00
383.00
267.00
230.00
63.00
0.00
268.00
207.00
0.00
0.00
0.00
0.00
0.00
4.00
0.00
0.00
0.00
0.00
97.00
514.00
0.00
0.00
0.00
0.00
0.00
0.00
179.00
0.00
0.00
0.00
0.00
0.00
0.00
0.00
0.00
0.00
32.00
88.00
5.00
0.00
0.00
0.00
0.00
0.00
0.00
0.00
16.00
12.00
0.00
0.00
0.00
509.00
268.00
0.00
36.00
0.00
0.00
48.00
180.00
307.00
65.00
2.00
0.00
132.00
74.00
0.00
290.00
0.00
94.00
305.00
22.00
154.00
81.00
282.00
245.00
0.00
0.00
16.00
204.00
0.00
0.00
452.00
74.00
2.00
192.00
0.00
105.00
1280.00
100.00
76.00
12.00
277.00
74.00
507.00
0.00
164.00
3.00
608.00
46.00
0.00
141.00
0.00
150.00
262.00
10.00
3.00
21.00
101.00
0.00
0.00
7.00
0.00
84.00
369.00
126.00
20.00
367.00
161.00
0.00
0.00
78.00
141.00
376.00
300.00
5.00
2006.00
4.00
53.00
186.00
59.00
1.00
0.00
236.00
0.00
0.00
7.00
51.00
3.00
88.00
32.00
10.00
4.00
3.00
1.00
46.00
20.00
167.00
55.00
36.00
2.00
18.00
1.00
13.00
13.00
4.00
98.00
333.00
652.00
90.00
2.00
3.00
1.00
39.00
50.00
92.00
30.00
870.00
223.00
185.00
23.00
44.00
137.00
2.00
12.00
90.00
28.00
11.00
2.00
19.00
104.00
108.00
13.00
4.00
2.00
38.00
25.00
53.00
83.00
157.00
39.00
339.00
135.00
181.00
58.00
58.00
31.00
1.00
66.00
52.00
49.00
67.00
12.00
5.00
2.00
1.00
7.00
2.00
11.00
9.00
263.00
30.00
0.00
0.00
1.00
2.00
18.00
159.00
137.00
168.00
84.00
2.00
1.00
0.00
12.00
156.00
186.00
7.00
0.00
6.00
1.00
65.00
19.00
305.00
0.00
76.00
0.00
0.00
0.00
0.00
0.00
0.00
0.00
0.00
0.00
45.00
72.00
75.00
70.00
17.00
0.00
0.00
0.00
0.00
0.00
0.00
0.00
0.00
0.00
0.00
0.00
0.00
0.00
3.00
40.00
32.00
27.00
0.00
0.00
0.00
0.00
0.00
19.00
10.00
0.00
0.00
0.00
0.00
0.00
7.00
0.00
0.00
0.00
0.00
0.00
0.00
0.00
0.00
0.00
0.00
0.00
0.00
0.00
0.00
0.00
0.00
0.00
0.00
0.00
0.00
0.00
0.00
0.00
3.00
0.00
0.00
0.00
0.00
0.00
0.00
0.00
0.00
0.00
22.00
130.00
21.00
0.00
0.00
0.00
0.00
0.00
0.00
0.00
0.00
0.00
0.00
0.00
0.00
0.00
0.00
0.00
0.00
0.00
0.00
0.00
0.00
0.00
0.00
0.00
0.00
0.00
0.00
0.00
0.00
0.00
0.00
0.00
0.00
0.00
0.00
0.00
0.00
0.00
0.00
0.00
0.00
0.00
0.00
0.00
0.00
0.00
0.00
0.00
0.00
0.00
0.00
0.00
0.00
0.00
0.00
0.00
0.00
0.00
0.00
0.00
0.00
2.00
0.00
0.00
0.00
0.00
0.00
0.00
5.00
22.80
14.10
37.50
4.80
0.00
0.00
0.00
0.20
2.60
0.00
0.00
0.00
0.00
0.00
0.00
0.00
0.00
0.70
5.20
0.00
39.00
1.00
2.40
0.00
0.00
0.00
0.00
0.00
0.00
6.30
0.20
0.00
0.00
7.80
45.90
0.00
97.00
8.80
0.00
0.20
89.30
0.20
25.90
34.10
0.60
6.50
7.00
26.20
0.00
0.00
8.80
0.00
0.00
0.00
0.00
14.00
0.00
0.00
0.00
0.00
0.00
0.00
0.00
0.00
0.00
0.00
0.00
64.20
39.30
0.00
0.00
0.00
0.00
0.00
0.00
0.90
0.00
16.90
0.90
0.20
0.10
1.50
1.50
22.10
22.10
0.00
25.40
25.40
67.20
3.10
0.00
7.30
0.00
0.00
0.10
5.80
11.40
27.50
6.00
6.70
34.40
0.90
0.60
0.20
1.20
0.00
0.00
0.10
2.20
14.90
56.80
0.00
41.50
0.60
2.10
12.10
8.80
14.00
0.10
0.00
3.50
5.40
9.00
5.20
0.00
1.30
0.30
1.30
0.30
0.50
1.10
2.70
12.10
19.30
8.80
8.80
32.50
32.50
57.40
1.00
1.00
13.80
1.70
1.00
1.00
1.00
2.80
5.60
2.10
35.50
81.30
4.20
2.20
1.10
4.40
9.40
6.70
2.60
7.60
9.30
35.10
17.70
1.90
6.80
26.20
1.20
1.50
8.90
27.00
27.20
55.30
28.40
1.40
0.50
0.20
0.80
3.00
6.80
34.60
23.70
9.50
0.30
0.40
0.00
0.80
0.00
0.70
9.00
63.30
60.20
5.80
16.70
0.60
0.00
1.30
0.40
7.00
2.70
1.90
16.90
22.10
0.50
1.10
0.40
0.00
0.30
0.10
1.50
4.10
14.20
0.60
28.90
55.20
3.60
6.10
7.60
15.70
6.00
6.00
30.10
0.50
0.60
11.50
16.60
6.90
2.10
16.90
7.60
0.00
0.10
0.00
0.00
0.10
4.40
0.00
0.00
2.10
0.00
0.10
4.30
1.60
0.10
0.00
3.20
