20160101
0.00
0.00
0.00
0.00
0.00
0.00
0.00
0.00
0.00
0.00
0.00
0.00
2.00
0.00
0.00
0.00
0.00
0.00
0.00
32.00
0.00
0.00
0.00
0.00
0.00
0.00
0.00
0.00
0.00
0.00
0.00
0.00
0.00
0.00
0.00
0.00
0.00
0.00
27.00
0.00
0.00
0.00
0.00
0.00
0.00
0.00
0.00
0.00
0.00
0.00
1.00
1.00
1.00
201.00
111.00
1.00
46.00
0.00
0.00
0.00
0.00
0.00
0.00
0.00
0.00
81.00
0.00
0.00
0.00
10.00
0.00
1.00
0.00
0.00
0.00
0.00
0.00
0.00
1.00
8.00
0.00
0.00
0.00
0.00
0.00
0.00
0.00
6.00
0.00
112.00
1179.00
5.00
346.00
80.00
0.00
5.00
0.00
0.00
3.00
0.00
0.00
0.00
0.00
0.00
0.00
0.00
3.00
0.00
0.00
0.00
0.00
0.00
0.00
0.00
0.00
0.00
0.00
1.00
0.00
1.00
0.00
10.00
579.00
0.00
7.00
0.00
183.00
105.00
5.00
6.00
12.00
0.00
0.00
639.00
7.00
0.00
6.00
24.00
129.00
242.00
569.00
842.00
0.00
0.00
126.00
248.00
94.00
0.00
47.00
0.00
144.00
14.00
1.00
0.00
0.00
0.00
27.00
47.00
51.00
17.00
16.00
1.00
1931.00
533.00
133.00
1.00
0.00
8.00
7.00
10.00
8.00
7.00
8.00
31.00
21.00
14.00
45.00
4.00
0.00
114.00
6.00
4.00
194.00
123.00
189.00
61.00
67.00
351.00
113.00
34.00
42.00
12.00
2.00
9.00
26.00
7.00
172.00
230.00
536.00
216.00
63.00
24.00
3.00
46.00
29.00
29.00
77.00
4.00
0.00
8.00
236.00
366.00
501.00
59.00
12.00
33.00
5.00
11.00
24.00
10.00
21.00
142.00
153.00
154.00
7.00
155.00
49.00
90.00
158.00
141.00
74.00
2.00
466.00
1736.00
10.00
7.00
21.00
178.00
77.00
108.00
614.00
37.00
31.00
147.00
154.00
237.00
68.00
78.00
16.00
16.00
18.00
32.00
51.00
35.00
202.00
89.00
172.00
26.00
19.00
31.00
137.00
13.00
19.00
107.00
51.00
76.00
10.00
153.00
52.00
49.00
104.00
519.00
2.00
51.00
17.00
25.00
50.00
669.00
31.00
122.00
204.00
11.00
2.00
8.00
27.00
3.00
0.00
0.00
0.00
0.00
0.00
0.00
0.00
0.00
0.00
0.00
0.00
7.00
0.00
0.00
231.00
101.00
9.00
0.00
0.00
0.00
3.00
39.00
346.00
383.00
0.00
0.00
0.00
0.00
0.00
0.00
0.00
0.00
0.00
0.00
0.00
0.00
0.00
0.00
0.00
0.00
0.00
0.00
0.00
0.00
0.00
0.00
0.00
9.00
0.00
3.00
0.00
0.00
0.00
0.00
0.00
0.00
0.00
0.00
0.00
0.00
0.00
0.00
0.00
0.00
0.00
0.00
0.00
0.00
0.00
0.00
0.00
0.00
0.00
0.00
0.00
0.00
0.00
0.00
0.00
0.00
35.00
0.00
13.00
0.00
0.00
0.00
0.00
0.00
0.00
0.00
0.00
0.00
0.00
0.00
0.00
0.00
0.00
0.00
0.00
0.00
0.00
0.00
0.00
0.00
0.00
0.00
11.00
0.00
0.00
0.00
0.00
0.00
0.00
0.00
0.00
0.00
0.00
0.00
0.00
0.00
0.00
0.00
0.00
0.00
0.00
0.00
0.00
0.00
0.00
0.00
0.00
0.00
0.00
0.00
0.00
0.00
0.00
0.00
0.00
0.00
0.00
0.00
0.00
2.00
9.00
0.00
59.00
2.00
163.00
203.00
0.00
0.00
0.00
0.00
0.00
0.00
178.00
25.00
47.00
0.00
0.00
0.00
0.00
0.00
0.00
0.00
9.00
312.00
0.00
0.00
0.00
0.00
4.00
11.00
272.00
0.00
0.00
0.00
0.00
0.00
0.00
0.00
0.00
0.00
0.00
0.00
0.00
21.00
467.00
5.00
371.00
523.00
175.00
178.00
1.00
0.00
3.00
0.00
15.00
2.00
77.00
0.00
0.00
0.00
0.00
0.00
0.00
0.00
473.00
0.00
10.00
0.00
3.00
6.00
696.00
1.00
150.00
5.00
0.00
0.00
0.00
0.00
0.00
0.00
0.00
97.00
0.00
8.00
225.00
263.00
203.00
942.00
158.00
0.00
0.00
871.00
0.00
0.00
128.00
1.00
64.00
528.00
378.00
33.00
5.00
103.00
321.00
151.00
166.00
918.00
21.00
25.00
37.00
1.00
8.00
0.00
1.00
22.00
20.00
13.00
53.00
122.00
110.00
363.00
148.00
327.00
0.00
0.00
11.00
34.00
150.00
372.00
116.00
105.00
19.00
25.00
119.00
242.00
361.00
449.00
520.00
110.00
40.00
107.00
358.00
228.00
45.00
147.00
10.00
69.00
58.00
1.00
1.00
238.00
33.00
66.00
128.00
80.00
47.00
5.00
48.00
119.00
224.00
622.00
96.00
450.00
138.00
110.00
80.00
75.00
24.00
26.00
351.00
172.00
91.00
27.00
41.00
105.00
94.00
46.00
233.00
65.00
269.00
10.00
65.00
194.00
167.00
8.00
3.00
5.00
9.00
202.00
269.00
231.00
22.00
7.00
4.00
0.00
23.00
253.00
314.00
293.00
65.00
21.00
2.00
28.00
33.00
55.00
46.00
102.00
473.00
79.00
16.00
190.00
27.00
0.00
3.00
7.00
6.00
0.00
67.00
235.00
2.00
0.00
8.00
0.00
0.00
12.00
0.00
0.00
4.00
205.00
970.00
596.00
0.00
0.00
7.00
0.00
0.00
0.00
0.00
49.00
24.00
0.00
0.00
0.00
0.00
0.00
0.00
0.00
0.00
0.00
0.00
0.00
0.00
83.00
0.00
16.00
386.00
57.00
43.00
0.00
1.00
0.00
0.00
0.00
0.00
0.00
0.00
0.00
0.00
0.00
0.00
0.00
0.00
0.00
0.00
0.00
0.00
4.00
19.00
362.00
315.00
55.00
0.00
0.00
0.00
0.00
0.00
0.00
0.00
0.00
22.00
0.00
0.00
0.00
0.00
0.00
0.00
0.00
0.00
0.00
0.00
0.00
30.00
264.00
0.00
0.00
0.00
0.00
0.00
0.00
0.00
0.00
0.00
0.00
0.00
0.00
0.00
0.00
0.00
0.00
0.00
0.00
0.00
0.00
0.00
0.00
0.00
0.00
0.00
0.00
0.00
0.00
0.00
0.00
0.00
0.00
0.00
24.00
0.00
0.00
747.00
337.00
917.00
329.00
52.00
0.00
237.00
157.00
0.00
0.00
0.00
0.00
0.00
9.00
0.00
0.00
0.00
0.00
61.00
187.00
0.00
0.00
0.00
0.00
0.00
0.00
83.00
0.00
0.00
0.00
0.00
0.00
0.00
0.00
0.00
0.00
32.00
56.00
17.00
0.00
0.00
0.00
0.00
0.00
0.00
0.00
61.00
0.00
19.00
0.00
0.00
123.00
363.00
0.00
41.00
0.00
0.00
91.00
10.00
364.00
4.00
0.00
0.00
101.00
104.00
0.00
243.00
0.00
74.00
300.00
0.00
74.00
0.00
8.00
273.00
12.00
0.00
11.00
0.00
0.00
0.00
360.00
119.00
26.00
206.00
8.00
75.00
1425.00
56.00
0.00
6.00
0.00
182.00
576.00
0.00
12.00
1.00
1.00
185.00
0.00
202.00
49.00
55.00
1037.00
20.00
112.00
6.00
251.00
0.00
0.00
1.00
0.00
66.00
363.00
515.00
7.00
37.00
624.00
16.00
0.00
5.00
23.00
355.00
283.00
57.00
769.00
5.00
14.00
269.00
95.00
6.00
0.00
281.00
5.00
23.00
31.00
93.00
162.00
181.00
12.00
2.00
9.00
5.00
35.00
6.00
16.00
231.00
109.00
7.00
13.00
9.00
0.00
9.00
2.00
14.00
15.00
166.00
127.00
37.00
11.00
43.00
10.00
11.00
17.00
83.00
19.00
498.00
181.00
396.00
189.00
28.00
216.00
20.00
20.00
31.00
33.00
25.00
11.00
18.00
70.00
50.00
4.00
16.00
1.00
15.00
10.00
26.00
51.00
206.00
25.00
45.00
320.00
109.00
282.00
218.00
95.00
2.00
20.00
71.00
147.00
40.00
20.00
6.00
13.00
3.00
3.00
4.00
83.00
48.00
109.00
0.00
1.00
1.00
0.00
15.00
21.00
11.00
34.00
37.00
8.00
3.00
0.00
0.00
16.00
95.00
108.00
45.00
2.00
0.00
0.00
301.00
0.00
101.00
0.00
0.00
0.00
0.00
0.00
19.00
0.00
0.00
0.00
0.00
0.00
23.00
419.00
224.00
450.00
93.00
0.00
0.00
0.00
0.00
0.00
0.00
0.00
0.00
0.00
0.00
0.00
0.00
0.00
29.00
51.00
56.00
5.00
0.00
0.00
0.00
0.00
0.00
25.00
3.00
0.00
0.00
0.00
0.00
0.00
0.00
0.00
0.00
0.00
0.00
0.00
0.00
0.00
0.00
0.00
0.00
0.00
0.00
0.00
0.00
0.00
0.00
0.00
0.00
0.00
0.00
0.00
0.00
2.00
0.00
0.00
0.00
0.00
0.00
0.00
0.00
0.00
0.00
0.00
28.00
73.00
8.00
0.00
0.00
0.00
0.00
0.00
0.00
0.00
0.00
0.00
0.00
0.00
0.00
0.00
0.00
0.00
0.00
0.00
0.00
0.00
0.00
0.00
0.00
0.00
0.00
0.00
0.00
0.00
0.00
0.00
0.00
0.00
0.00
0.00
0.00
0.00
0.00
0.00
0.00
0.00
0.00
1.00
0.00
0.00
0.00
0.00
0.00
0.00
0.00
0.00
0.00
0.00
0.00
0.00
0.00
0.00
0.00
0.00
0.00
0.00
4.00
10.00
0.00
0.00
0.00
0.00
0.00
0.10
1.80
60.60
56.20
43.20
11.00
0.00
0.00
0.00
1.00
6.50
0.00
0.00
0.00
0.00
0.00
0.00
0.00
0.00
0.10
6.10
0.00
50.60
0.70
0.00
0.00
0.00
2.00
0.00
0.00
0.00
0.40
0.20
0.00
0.00
0.00
35.40
0.00
50.60
30.60
0.00
0.00
26.70
1.00
0.80
25.80
7.60
6.60
0.20
16.60
0.00
0.00
6.10
0.00
0.00
0.00
0.00
1.10
0.00
0.00
0.00
0.00
0.30
0.10
0.00
0.00
0.00
0.00
0.00
121.20
16.10
0.00
0.00
0.00
0.00
0.00
0.00
0.00
0.00
10.50
3.50
0.30
0.00
0.00
0.00
0.50
0.50
0.00
42.80
42.80
51.80
4.70
0.00
0.00
0.00
0.00
1.00
0.60
1.80
28.60
183.70
28.40
18.80
2.70
8.10
3.00
0.20
0.00
0.00
0.00
16.30
4.50
229.20
0.00
11.30
2.50
2.00
0.50
0.40
0.40
0.00
0.10
1.30
2.60
12.30
6.30
0.00
1.50
1.30
10.30
0.10
0.00
13.20
7.20
9.10
11.90
15.90
15.90
34.60
34.60
53.10
0.70
0.70
1.70
1.60
0.70
0.70
0.70
1.50
5.60
2.30
7.60
46.00
8.00
2.70
0.60
8.50
28.90
8.70
4.00
4.60
0.30
17.40
46.50
16.10
5.50
20.30
4.70
1.30
21.00
22.00
63.10
54.00
29.80
13.60
3.50
0.00
3.50
5.60
0.90
8.50
32.50
7.50
4.40
0.20
0.10
3.70
0.00
1.20
13.70
26.60
30.70
4.50
10.10
1.70
0.00
3.40
18.60
2.60
5.80
1.60
24.90
3.60
0.20
0.70
2.30
1.50
0.10
0.30
0.50
6.90
20.50
0.90
19.70
47.40
7.40
2.40
12.40
44.50
12.00
12.00
23.00
0.70
1.50
4.30
15.90
5.30
0.00
14.70
28.00
0.00
0.40
0.10
0.30
0.70
3.00
0.00
0.00
0.00
0.00
0.20
5.10
1.20
0.00
0.20
2.80
