20160101
0.00
0.00
0.00
0.00
0.00
0.00
0.00
0.00
0.00
0.00
0.00
0.00
5.00
0.00
0.00
0.00
0.00
0.00
0.00
38.00
0.00
0.00
0.00
0.00
0.00
0.00
0.00
0.00
0.00
0.00
0.00
0.00
0.00
0.00
0.00
0.00
0.00
0.00
29.00
0.00
0.00
0.00
0.00
0.00
0.00
0.00
0.00
0.00
0.00
0.00
1.00
1.00
0.00
34.00
140.00
1.00
53.00
0.00
0.00
0.00
0.00
0.00
0.00
0.00
0.00
7.00
0.00
0.00
0.00
12.00
0.00
1.00
0.00
0.00
0.00
0.00
0.00
0.00
0.00
95.00
0.00
0.00
0.00
0.00
0.00
0.00
0.00
8.00
0.00
109.00
1132.00
202.00
401.00
57.00
0.00
11.00
0.00
0.00
1.00
0.00
0.00
0.00
0.00
0.00
0.00
0.00
0.00
0.00
0.00
0.00
0.00
0.00
0.00
0.00
0.00
0.00
0.00
0.00
0.00
2.00
0.00
11.00
670.00
0.00
6.00
0.00
9.00
87.00
5.00
2.00
12.00
0.00
0.00
647.00
4.00
0.00
4.00
30.00
69.00
219.00
620.00
617.00
0.00
0.00
103.00
216.00
38.00
2.00
67.00
0.00
131.00
7.00
1.00
0.00
0.00
0.00
0.00
18.00
54.00
14.00
6.00
0.00
1742.00
405.00
226.00
16.00
0.00
1.00
5.00
18.00
8.00
1.00
8.00
27.00
26.00
14.00
70.00
2.00
0.00
109.00
6.00
7.00
152.00
118.00
197.00
84.00
90.00
352.00
97.00
30.00
42.00
10.00
9.00
39.00
18.00
6.00
83.00
212.00
459.00
185.00
65.00
17.00
5.00
23.00
40.00
29.00
81.00
5.00
0.00
6.00
253.00
364.00
420.00
73.00
22.00
19.00
3.00
11.00
33.00
8.00
40.00
175.00
162.00
224.00
9.00
155.00
36.00
72.00
123.00
125.00
86.00
2.00
557.00
2136.00
12.00
10.00
18.00
157.00
62.00
117.00
502.00
36.00
37.00
110.00
145.00
144.00
64.00
37.00
21.00
12.00
21.00
27.00
37.00
51.00
208.00
83.00
91.00
27.00
10.00
22.00
144.00
0.00
13.00
64.00
99.00
20.00
13.00
76.00
164.00
25.00
94.00
496.00
29.00
42.00
13.00
6.00
12.00
658.00
37.00
206.00
171.00
8.00
3.00
6.00
41.00
3.00
0.00
0.00
0.00
0.00
0.00
0.00
0.00
0.00
0.00
0.00
0.00
2.00
0.00
5.00
162.00
113.00
17.00
0.00
0.00
0.00
2.00
27.00
382.00
457.00
0.00
0.00
0.00
0.00
0.00
0.00
0.00
0.00
0.00
0.00
0.00
0.00
0.00
0.00
0.00
0.00
0.00
0.00
0.00
0.00
0.00
0.00
234.00
0.00
0.00
7.00
0.00
0.00
0.00
0.00
0.00
0.00
0.00
0.00
0.00
0.00
0.00
0.00
0.00
0.00
0.00
0.00
0.00
0.00
0.00
0.00
0.00
0.00
152.00
0.00
0.00
0.00
0.00
0.00
0.00
0.00
41.00
0.00
18.00
0.00
0.00
0.00
0.00
0.00
0.00
0.00
0.00
0.00
0.00
0.00
0.00
0.00
0.00
0.00
0.00
0.00
0.00
0.00
0.00
0.00
0.00
0.00
13.00
0.00
0.00
0.00
0.00
0.00
0.00
0.00
0.00
0.00
0.00
0.00
0.00
0.00
0.00
0.00
0.00
0.00
0.00
0.00
0.00
0.00
0.00
0.00
0.00
0.00
0.00
0.00
0.00
0.00
0.00
0.00
0.00
0.00
0.00
0.00
0.00
4.00
9.00
0.00
47.00
1.00
143.00
196.00
0.00
0.00
0.00
0.00
0.00
0.00
54.00
18.00
49.00
0.00
0.00
0.00
0.00
0.00
0.00
0.00
4.00
378.00
0.00
0.00
0.00
0.00
0.00
11.00
225.00
0.00
0.00
0.00
0.00
0.00
0.00
0.00
0.00
0.00
0.00
0.00
0.00
46.00
469.00
13.00
242.00
550.00
215.00
209.00
0.00
0.00
7.00
0.00
15.00
1.00
64.00
0.00
0.00
0.00
9.00
0.00
0.00
0.00
496.00
0.00
25.00
0.00
2.00
0.00
472.00
0.00
225.00
0.00
0.00
0.00
0.00
0.00
0.00
0.00
0.00
362.00
0.00
28.00
258.00
318.00
160.00
1897.00
325.00
0.00
0.00
975.00
0.00
0.00
105.00
0.00
88.00
408.00
382.00
22.00
6.00
63.00
150.00
220.00
158.00
1030.00
7.00
88.00
26.00
0.00
9.00
0.00
1.00
12.00
35.00
7.00
93.00
121.00
102.00
407.00
158.00
331.00
3.00
3.00
7.00
29.00
125.00
440.00
136.00
118.00
14.00
15.00
138.00
207.00
287.00
475.00
539.00
53.00
52.00
72.00
301.00
293.00
27.00
117.00
5.00
66.00
50.00
7.00
1.00
211.00
50.00
63.00
158.00
114.00
80.00
11.00
33.00
132.00
241.00
831.00
101.00
306.00
113.00
159.00
54.00
62.00
19.00
23.00
272.00
225.00
136.00
25.00
98.00
94.00
94.00
67.00
132.00
37.00
236.00
6.00
19.00
165.00
113.00
8.00
4.00
4.00
5.00
160.00
219.00
207.00
30.00
5.00
0.00
0.00
36.00
211.00
304.00
284.00
67.00
22.00
4.00
31.00
35.00
69.00
41.00
73.00
468.00
67.00
7.00
134.00
75.00
0.00
3.00
2.00
3.00
1.00
117.00
536.00
0.00
0.00
8.00
0.00
0.00
10.00
0.00
0.00
18.00
303.00
856.00
596.00
0.00
0.00
7.00
0.00
0.00
0.00
0.00
26.00
36.00
0.00
0.00
0.00
0.00
0.00
0.00
0.00
0.00
0.00
0.00
0.00
0.00
56.00
0.00
14.00
361.00
52.00
57.00
0.00
1.00
1.00
0.00
0.00
0.00
0.00
0.00
0.00
0.00
0.00
0.00
0.00
0.00
0.00
0.00
0.00
0.00
8.00
8.00
294.00
216.00
51.00
0.00
0.00
0.00
0.00
0.00
0.00
0.00
0.00
30.00
0.00
0.00
0.00
0.00
0.00
0.00
0.00
0.00
0.00
0.00
0.00
29.00
251.00
0.00
0.00
0.00
0.00
0.00
0.00
0.00
0.00
0.00
0.00
0.00
0.00
0.00
0.00
0.00
0.00
0.00
0.00
0.00
0.00
0.00
0.00
0.00
0.00
0.00
0.00
0.00
0.00
0.00
0.00
0.00
0.00
0.00
12.00
0.00
0.00
690.00
343.00
736.00
355.00
66.00
0.00
268.00
108.00
0.00
0.00
0.00
0.00
0.00
12.00
0.00
0.00
0.00
0.00
0.00
254.00
0.00
0.00
0.00
0.00
0.00
0.00
102.00
0.00
0.00
0.00
0.00
0.00
0.00
0.00
0.00
0.00
32.00
80.00
16.00
0.00
0.00
0.00
0.00
0.00
0.00
3.00
60.00
0.00
13.00
0.00
0.00
50.00
592.00
0.00
100.00
0.00
0.00
175.00
6.00
386.00
2.00
0.00
0.00
92.00
129.00
0.00
305.00
0.00
49.00
301.00
9.00
46.00
0.00
13.00
163.00
12.00
0.00
45.00
0.00
0.00
0.00
390.00
133.00
23.00
319.00
7.00
59.00
792.00
45.00
0.00
3.00
0.00
75.00
479.00
90.00
15.00
0.00
0.00
141.00
0.00
248.00
9.00
39.00
704.00
19.00
165.00
13.00
374.00
0.00
0.00
0.00
0.00
124.00
383.00
280.00
4.00
15.00
162.00
6.00
0.00
0.00
0.00
356.00
334.00
92.00
767.00
5.00
23.00
165.00
61.00
0.00
0.00
333.00
12.00
12.00
28.00
109.00
148.00
85.00
5.00
4.00
4.00
7.00
54.00
10.00
15.00
239.00
87.00
5.00
5.00
8.00
0.00
10.00
1.00
25.00
9.00
127.00
93.00
40.00
14.00
15.00
10.00
65.00
11.00
74.00
18.00
449.00
150.00
401.00
232.00
13.00
188.00
37.00
42.00
29.00
23.00
29.00
17.00
19.00
69.00
47.00
5.00
3.00
1.00
5.00
7.00
24.00
48.00
213.00
26.00
25.00
397.00
81.00
207.00
137.00
132.00
3.00
9.00
101.00
134.00
41.00
9.00
29.00
13.00
2.00
7.00
9.00
46.00
60.00
135.00
0.00
4.00
0.00
0.00
46.00
28.00
10.00
22.00
15.00
22.00
19.00
0.00
0.00
16.00
55.00
107.00
24.00
0.00
0.00
0.00
201.00
0.00
227.00
0.00
0.00
0.00
0.00
0.00
0.00
0.00
0.00
0.00
0.00
0.00
27.00
474.00
183.00
485.00
103.00
0.00
0.00
0.00
0.00
0.00
0.00
0.00
0.00
0.00
0.00
0.00
0.00
0.00
26.00
83.00
58.00
5.00
0.00
0.00
0.00
0.00
0.00
10.00
0.00
0.00
0.00
0.00
0.00
0.00
0.00
0.00
0.00
0.00
0.00
0.00
0.00
0.00
0.00
0.00
0.00
0.00
0.00
0.00
0.00
0.00
0.00
0.00
0.00
0.00
0.00
0.00
0.00
2.00
1.00
0.00
0.00
0.00
0.00
0.00
0.00
0.00
0.00
0.00
36.00
73.00
7.00
0.00
0.00
0.00
0.00
0.00
0.00
0.00
0.00
0.00
0.00
0.00
0.00
0.00
0.00
0.00
0.00
0.00
0.00
0.00
0.00
0.00
0.00
0.00
0.00
0.00
0.00
0.00
0.00
0.00
0.00
0.00
0.00
0.00
0.00
0.00
0.00
0.00
0.00
1.00
1.00
1.00
0.00
0.00
0.00
0.00
0.00
0.00
0.00
0.00
0.00
0.00
0.00
0.00
0.00
0.00
0.00
0.00
0.00
0.00
5.00
4.00
0.00
0.00
0.00
0.00
0.00
0.00
1.50
50.60
54.30
44.70
14.70
0.00
0.00
0.00
1.30
28.20
0.00
0.00
0.00
0.00
0.00
0.00
0.00
0.00
0.10
4.50
0.10
46.80
1.30
0.00
0.00
0.00
3.60
0.00
0.00
0.00
0.50
0.20
0.00
0.00
0.00
25.10
0.00
49.90
28.90
0.00
0.00
26.60
0.80
0.00
23.30
4.00
6.00
0.60
17.80
0.00
0.00
4.20
0.00
0.00
0.00
0.00
0.90
0.00
0.00
0.00
0.00
0.70
0.40
0.00
0.00
0.00
0.00
0.00
123.10
12.00
0.00
0.00
0.00
0.00
0.00
0.00
0.00
0.00
6.60
4.00
0.60
0.00
0.00
0.00
0.60
0.60
0.00
38.00
38.00
42.10
6.50
0.00
0.00
0.00
0.00
1.10
0.90
0.70
20.70
54.00
13.20
28.20
1.20
6.40
4.20
0.60
0.00
0.00
0.20
8.80
2.80
230.60
0.00
7.80
6.20
1.50
0.90
0.10
0.00
0.00
0.10
1.20
2.10
17.60
7.50
0.00
0.60
0.30
12.50
0.20
0.00
5.10
4.80
11.70
8.10
11.40
11.40
23.60
23.60
44.20
0.00
0.00
0.80
0.70
0.00
0.00
0.00
1.30
3.90
0.50
6.40
35.50
14.60
3.10
0.60
1.20
18.60
2.70
3.80
4.00
2.30
11.40
41.80
13.00
10.20
12.10
1.40
2.10
27.20
21.70
66.10
53.80
49.10
14.70
1.70
0.00
1.40
5.90
0.20
17.40
34.60
4.60
1.30
0.20
0.00
2.30
0.00
0.70
9.60
23.70
28.80
3.00
8.30
0.00
0.10
4.00
17.50
5.40
9.50
1.80
21.00
3.20
0.10
1.40
0.00
0.10
0.40
0.10
0.10
9.10
20.40
1.30
8.70
44.20
5.60
0.40
17.20
57.40
7.80
7.80
50.90
0.70
2.80
3.40
15.40
0.60
0.00
14.70
33.60
0.00
0.10
0.00
0.00
0.00
14.70
0.00
0.00
0.00
0.00
0.30
4.30
3.70
0.00
0.00
1.20
