20160101
0.00
0.00
0.00
0.00
0.00
0.00
0.00
0.00
0.00
0.00
0.00
0.00
0.00
0.00
0.00
0.00
0.00
0.00
0.00
0.00
19.00
0.00
0.00
0.00
0.00
1.00
0.00
0.00
0.00
0.00
0.00
0.00
0.00
0.00
0.00
0.00
0.00
0.00
0.00
0.00
0.00
0.00
5.00
0.00
0.00
0.00
0.00
0.00
0.00
0.00
0.00
0.00
0.00
12.00
175.00
20.00
21.00
0.00
0.00
0.00
1.00
0.00
0.00
0.00
0.00
6.00
0.00
0.00
0.00
0.00
0.00
1.00
0.00
0.00
0.00
0.00
1.00
0.00
20.00
0.00
30.00
0.00
0.00
0.00
0.00
0.00
0.00
447.00
0.00
2.00
186.00
64.00
1.00
55.00
174.00
51.00
0.00
0.00
0.00
0.00
0.00
0.00
0.00
0.00
0.00
0.00
65.00
33.00
0.00
3.00
0.00
0.00
0.00
0.00
7.00
167.00
1.00
0.00
0.00
0.00
0.00
170.00
55.00
11.00
154.00
0.00
0.00
2.00
0.00
0.00
0.00
3.00
57.00
18.00
2.00
1.00
4.00
67.00
203.00
203.00
556.00
627.00
0.00
0.00
78.00
55.00
0.00
0.00
82.00
22.00
0.00
104.00
2.00
40.00
768.00
285.00
50.00
7.00
66.00
47.00
17.00
319.00
200.00
105.00
117.00
0.00
17.00
56.00
125.00
32.00
11.00
7.00
15.00
55.00
0.00
95.00
137.00
18.00
3.00
56.00
54.00
25.00
42.00
0.00
39.00
46.00
23.00
15.00
96.00
52.00
66.00
16.00
1.00
8.00
1.00
17.00
51.00
65.00
15.00
12.00
0.00
14.00
17.00
17.00
20.00
21.00
324.00
4.00
1.00
125.00
194.00
37.00
218.00
98.00
14.00
54.00
63.00
31.00
21.00
28.00
234.00
39.00
20.00
44.00
26.00
239.00
147.00
6.00
7.00
10.00
0.00
12.00
591.00
106.00
0.00
6.00
0.00
420.00
12.00
134.00
20.00
29.00
60.00
35.00
105.00
1.00
10.00
11.00
0.00
3.00
12.00
36.00
28.00
0.00
86.00
153.00
34.00
127.00
228.00
225.00
1.00
115.00
61.00
206.00
81.00
291.00
858.00
39.00
92.00
39.00
256.00
83.00
272.00
166.00
9.00
236.00
170.00
1.00
26.00
99.00
231.00
90.00
0.00
0.00
89.00
280.00
0.00
0.00
0.00
0.00
0.00
29.00
0.00
0.00
0.00
0.00
0.00
7.00
0.00
0.00
140.00
6.00
16.00
0.00
0.00
0.00
0.00
6.00
173.00
654.00
241.00
0.00
0.00
0.00
0.00
0.00
0.00
0.00
0.00
0.00
0.00
0.00
0.00
0.00
0.00
0.00
0.00
0.00
0.00
0.00
0.00
0.00
0.00
0.00
0.00
5.00
0.00
0.00
0.00
0.00
0.00
0.00
0.00
0.00
0.00
0.00
0.00
0.00
0.00
0.00
0.00
0.00
0.00
0.00
0.00
0.00
0.00
0.00
0.00
0.00
0.00
0.00
0.00
0.00
0.00
0.00
0.00
0.00
0.00
0.00
0.00
0.00
0.00
0.00
0.00
0.00
0.00
0.00
0.00
0.00
0.00
0.00
0.00
0.00
0.00
0.00
0.00
0.00
0.00
0.00
0.00
0.00
7.00
0.00
0.00
0.00
0.00
0.00
0.00
0.00
0.00
0.00
0.00
0.00
0.00
0.00
0.00
0.00
0.00
0.00
0.00
0.00
0.00
0.00
0.00
0.00
0.00
0.00
0.00
0.00
0.00
0.00
0.00
0.00
0.00
0.00
0.00
0.00
0.00
97.00
51.00
0.00
154.00
0.00
165.00
16.00
0.00
0.00
0.00
0.00
0.00
0.00
250.00
1.00
58.00
0.00
0.00
0.00
0.00
66.00
0.00
0.00
0.00
233.00
89.00
0.00
0.00
0.00
198.00
209.00
105.00
0.00
0.00
0.00
0.00
0.00
0.00
0.00
0.00
0.00
19.00
0.00
50.00
1.00
374.00
118.00
217.00
174.00
217.00
288.00
345.00
0.00
0.00
0.00
0.00
5.00
5.00
0.00
0.00
0.00
0.00
14.00
0.00
0.00
63.00
0.00
4.00
0.00
13.00
28.00
302.00
7.00
145.00
0.00
24.00
0.00
25.00
0.00
0.00
0.00
0.00
0.00
102.00
104.00
162.00
449.00
129.00
850.00
73.00
46.00
282.00
0.00
46.00
552.00
790.00
993.00
252.00
72.00
703.00
1061.00
0.00
92.00
146.00
18.00
162.00
121.00
5.00
33.00
7.00
238.00
73.00
192.00
123.00
45.00
92.00
67.00
231.00
16.00
10.00
70.00
27.00
58.00
0.00
19.00
0.00
13.00
17.00
17.00
104.00
435.00
241.00
105.00
49.00
62.00
114.00
80.00
191.00
11.00
48.00
103.00
452.00
96.00
53.00
53.00
333.00
80.00
0.00
85.00
9.00
0.00
97.00
22.00
148.00
10.00
12.00
7.00
0.00
40.00
318.00
78.00
41.00
5.00
47.00
14.00
20.00
24.00
87.00
21.00
192.00
88.00
361.00
180.00
51.00
238.00
29.00
52.00
119.00
45.00
237.00
13.00
11.00
16.00
17.00
25.00
119.00
74.00
108.00
0.00
229.00
48.00
18.00
80.00
38.00
29.00
40.00
167.00
319.00
42.00
18.00
15.00
7.00
37.00
107.00
260.00
161.00
227.00
160.00
136.00
47.00
0.00
152.00
2.00
81.00
64.00
275.00
88.00
8.00
7.00
0.00
151.00
113.00
0.00
0.00
0.00
20.00
87.00
57.00
288.00
46.00
662.00
1.00
0.00
0.00
0.00
0.00
0.00
39.00
221.00
60.00
1.00
0.00
0.00
0.00
0.00
0.00
0.00
0.00
0.00
0.00
0.00
0.00
1.00
0.00
2.00
221.00
53.00
17.00
0.00
0.00
0.00
0.00
1.00
0.00
0.00
0.00
0.00
0.00
0.00
0.00
0.00
0.00
0.00
0.00
0.00
0.00
0.00
3.00
1003.00
529.00
84.00
0.00
0.00
0.00
0.00
0.00
0.00
0.00
0.00
0.00
0.00
0.00
0.00
0.00
0.00
0.00
0.00
0.00
0.00
0.00
0.00
11.00
366.00
83.00
0.00
0.00
0.00
0.00
0.00
0.00
0.00
0.00
0.00
0.00
0.00
0.00
0.00
0.00
0.00
0.00
0.00
0.00
0.00
0.00
0.00
0.00
0.00
0.00
0.00
0.00
0.00
0.00
0.00
0.00
0.00
0.00
0.00
0.00
0.00
18.00
3.00
71.00
0.00
54.00
0.00
0.00
0.00
0.00
0.00
0.00
0.00
0.00
0.00
0.00
0.00
0.00
0.00
0.00
199.00
0.00
0.00
0.00
0.00
0.00
0.00
0.00
0.00
0.00
0.00
0.00
0.00
0.00
0.00
166.00
0.00
0.00
36.00
36.00
0.00
0.00
0.00
0.00
0.00
0.00
0.00
0.00
0.00
83.00
0.00
0.00
0.00
70.00
0.00
4.00
373.00
0.00
0.00
4.00
3.00
251.00
1.00
35.00
0.00
0.00
0.00
2.00
0.00
0.00
110.00
13.00
35.00
31.00
156.00
18.00
0.00
0.00
0.00
45.00
50.00
0.00
109.00
420.00
6.00
91.00
9.00
21.00
277.00
449.00
600.00
270.00
207.00
363.00
545.00
0.00
24.00
2.00
0.00
37.00
0.00
0.00
82.00
118.00
0.00
0.00
0.00
133.00
0.00
0.00
0.00
0.00
71.00
5.00
58.00
2.00
43.00
151.00
695.00
619.00
9.00
24.00
168.00
277.00
592.00
1710.00
807.00
259.00
131.00
285.00
37.00
14.00
3.00
0.00
0.00
41.00
14.00
22.00
2.00
8.00
30.00
30.00
75.00
7.00
1.00
0.00
272.00
60.00
31.00
18.00
0.00
14.00
0.00
9.00
10.00
156.00
30.00
14.00
48.00
103.00
1.00
7.00
2.00
93.00
115.00
69.00
13.00
30.00
80.00
28.00
0.00
47.00
4.00
32.00
164.00
95.00
44.00
10.00
0.00
172.00
233.00
380.00
37.00
93.00
88.00
38.00
283.00
244.00
40.00
90.00
126.00
21.00
28.00
20.00
5.00
6.00
28.00
0.00
23.00
10.00
41.00
105.00
54.00
12.00
1.00
41.00
5.00
14.00
1.00
47.00
39.00
4.00
0.00
0.00
13.00
207.00
29.00
15.00
1.00
3.00
0.00
227.00
0.00
252.00
201.00
55.00
131.00
20.00
2.00
67.00
29.00
7.00
0.00
46.00
3.00
0.00
0.00
0.00
0.00
0.00
0.00
0.00
0.00
75.00
78.00
218.00
390.00
476.00
659.00
109.00
0.00
0.00
0.00
0.00
0.00
0.00
0.00
0.00
0.00
0.00
0.00
0.00
0.00
90.00
43.00
207.00
126.00
53.00
0.00
0.00
0.00
0.00
0.00
0.00
0.00
0.00
0.00
0.00
0.00
0.00
0.00
3.00
0.00
0.00
0.00
0.00
0.00
0.00
0.00
0.00
0.00
0.00
0.00
0.00
0.00
0.00
0.00
0.00
0.00
0.00
0.00
0.00
0.00
0.00
0.00
0.00
0.00
0.00
0.00
0.00
0.00
0.00
0.00
23.00
48.00
46.00
0.00
0.00
0.00
0.00
0.00
0.00
0.00
0.00
0.00
0.00
0.00
0.00
0.00
0.00
0.00
0.00
0.00
0.00
0.00
0.00
0.00
0.00
0.00
0.00
0.00
0.00
0.00
0.00
0.00
0.00
0.00
0.00
0.00
0.00
0.00
0.00
0.00
0.00
0.00
0.00
0.00
1.00
0.00
0.00
0.00
0.00
0.00
0.00
0.00
0.00
0.00
0.00
0.00
0.00
0.00
0.00
0.00
0.00
0.00
2.00
1.00
0.00
0.00
0.00
0.00
0.00
0.00
0.00
130.30
134.30
49.20
37.40
0.00
0.00
0.00
3.10
34.10
0.00
0.00
0.00
0.00
0.00
0.00
0.00
0.00
0.00
0.00
0.50
9.60
1.90
0.00
0.00
0.00
0.00
0.00
0.00
0.00
0.00
0.00
0.00
0.00
0.00
57.40
21.20
24.00
16.30
0.00
1.40
9.70
0.00
29.60
28.50
0.00
0.40
0.00
0.20
0.00
0.00
0.00
0.00
0.00
0.00
0.00
0.00
0.40
0.00
0.00
0.00
0.00
0.00
0.00
0.00
0.00
0.00
0.80
7.10
12.00
0.00
0.00
0.00
0.00
0.00
0.00
0.00
0.00
2.40
1.40
0.00
1.60
6.00
0.70
0.00
0.00
0.00
5.60
5.60
90.00
10.40
4.50
0.00
0.00
0.00
0.00
0.00
21.20
3.60
0.20
0.40
0.10
34.10
7.10
0.70
0.60
1.30
0.00
100.60
44.50
30.60
3.10
0.30
0.30
16.90
25.10
16.90
4.80
11.50
0.00
5.00
11.50
9.10
2.60
0.50
4.70
3.20
0.10
0.60
0.30
0.90
5.20
15.60
68.60
28.30
12.50
12.50
79.20
79.20
27.80
5.00
5.00
0.20
17.10
5.00
5.00
5.00
0.00
6.90
2.60
2.40
18.40
7.10
2.90
0.70
1.20
13.60
2.60
6.50
8.50
8.70
4.10
23.60
19.00
4.30
6.10
4.20
0.90
0.10
3.10
6.80
14.70
11.90
12.70
4.00
0.00
0.40
7.60
5.80
6.20
33.40
22.30
4.00
7.60
0.80
5.00
0.30
24.50
26.80
2.80
1.60
7.60
6.10
8.10
37.90
0.70
2.10
3.10
3.50
7.90
8.90
1.60
0.50
6.60
10.00
0.50
0.60
5.60
1.50
8.80
24.50
23.30
42.80
18.30
2.00
10.30
9.20
15.00
2.10
2.10
8.50
0.00
0.00
2.20
30.30
2.20
0.10
10.40
10.60
0.10
0.00
0.00
10.20
11.40
0.00
0.00
0.00
0.00
0.00
1.40
4.40
2.60
0.40
0.00
1.90
