20160101
0.00
0.00
0.00
0.00
0.00
0.00
0.00
0.00
25.00
0.00
0.00
0.00
3.00
0.00
0.00
0.00
0.00
0.00
0.00
12.00
0.00
0.00
0.00
0.00
0.00
0.00
0.00
0.00
0.00
0.00
0.00
0.00
0.00
0.00
0.00
0.00
0.00
0.00
2.00
3.00
0.00
0.00
0.00
0.00
0.00
0.00
0.00
0.00
0.00
0.00
2.00
0.00
0.00
10.00
103.00
4.00
20.00
0.00
0.00
0.00
0.00
0.00
0.00
0.00
0.00
30.00
0.00
0.00
0.00
0.00
0.00
1.00
0.00
0.00
0.00
51.00
0.00
4.00
0.00
45.00
105.00
0.00
0.00
0.00
0.00
0.00
0.00
237.00
594.00
115.00
304.00
122.00
55.00
447.00
740.00
9.00
0.00
0.00
0.00
0.00
0.00
0.00
0.00
0.00
37.00
4.00
212.00
210.00
0.00
13.00
0.00
0.00
0.00
0.00
0.00
5.00
0.00
5.00
0.00
0.00
0.00
108.00
421.00
134.00
31.00
11.00
128.00
43.00
0.00
2.00
27.00
0.00
112.00
386.00
15.00
161.00
0.00
106.00
42.00
60.00
467.00
695.00
6.00
0.00
322.00
111.00
19.00
42.00
290.00
32.00
51.00
42.00
2.00
0.00
196.00
107.00
0.00
17.00
63.00
49.00
10.00
217.00
408.00
62.00
0.00
0.00
12.00
327.00
103.00
3.00
24.00
9.00
0.00
47.00
87.00
15.00
5.00
59.00
74.00
282.00
74.00
9.00
157.00
82.00
304.00
222.00
55.00
2.00
246.00
57.00
76.00
52.00
1.00
7.00
0.00
8.00
124.00
46.00
220.00
85.00
65.00
8.00
1.00
16.00
77.00
31.00
143.00
0.00
6.00
71.00
488.00
143.00
126.00
154.00
69.00
401.00
57.00
75.00
4.00
38.00
41.00
11.00
437.00
0.00
5.00
458.00
453.00
142.00
256.00
20.00
0.00
0.00
138.00
10.00
0.00
1.00
0.00
906.00
16.00
364.00
24.00
0.00
263.00
328.00
112.00
5.00
30.00
2.00
155.00
13.00
1.00
1.00
1.00
8.00
86.00
138.00
422.00
435.00
1.00
85.00
19.00
9.00
146.00
330.00
31.00
91.00
23.00
0.00
21.00
4.00
16.00
148.00
0.00
432.00
135.00
154.00
0.00
85.00
20.00
269.00
340.00
1.00
54.00
31.00
209.00
54.00
0.00
0.00
0.00
0.00
0.00
0.00
0.00
0.00
0.00
0.00
0.00
0.00
0.00
0.00
25.00
0.00
120.00
0.00
0.00
0.00
1.00
76.00
303.00
550.00
281.00
0.00
0.00
0.00
0.00
0.00
0.00
0.00
0.00
0.00
0.00
0.00
0.00
0.00
0.00
0.00
0.00
0.00
0.00
0.00
0.00
0.00
0.00
0.00
0.00
0.00
0.00
0.00
0.00
0.00
0.00
0.00
0.00
0.00
0.00
0.00
0.00
0.00
0.00
0.00
0.00
0.00
0.00
0.00
0.00
0.00
0.00
0.00
0.00
0.00
0.00
0.00
0.00
0.00
0.00
0.00
0.00
0.00
0.00
17.00
0.00
0.00
0.00
0.00
0.00
0.00
0.00
0.00
0.00
0.00
0.00
0.00
0.00
0.00
0.00
0.00
0.00
0.00
0.00
0.00
0.00
0.00
2.00
0.00
0.00
0.00
0.00
0.00
0.00
0.00
0.00
0.00
0.00
0.00
0.00
0.00
0.00
0.00
0.00
0.00
0.00
0.00
0.00
0.00
0.00
0.00
0.00
0.00
0.00
37.00
0.00
0.00
0.00
0.00
0.00
0.00
0.00
0.00
0.00
150.00
14.00
0.00
192.00
0.00
85.00
140.00
0.00
0.00
0.00
0.00
0.00
0.00
57.00
1.00
46.00
0.00
0.00
0.00
0.00
165.00
0.00
0.00
5.00
342.00
186.00
0.00
0.00
0.00
175.00
215.00
139.00
0.00
0.00
0.00
0.00
0.00
0.00
0.00
0.00
0.00
6.00
24.00
0.00
3.00
1181.00
144.00
160.00
435.00
76.00
541.00
335.00
0.00
1.00
0.00
402.00
0.00
287.00
0.00
0.00
13.00
0.00
34.00
0.00
0.00
85.00
0.00
0.00
0.00
53.00
20.00
469.00
5.00
143.00
0.00
185.00
3.00
10.00
0.00
0.00
0.00
0.00
29.00
0.00
44.00
236.00
424.00
141.00
371.00
80.00
55.00
281.00
32.00
0.00
181.00
375.00
137.00
260.00
218.00
303.00
65.00
0.00
41.00
204.00
411.00
345.00
606.00
2.00
8.00
25.00
51.00
407.00
71.00
94.00
28.00
26.00
21.00
86.00
68.00
84.00
234.00
57.00
20.00
0.00
1.00
1.00
72.00
107.00
178.00
478.00
228.00
28.00
207.00
55.00
137.00
1.00
186.00
617.00
215.00
106.00
72.00
362.00
83.00
44.00
97.00
199.00
149.00
5.00
9.00
0.00
100.00
172.00
157.00
83.00
6.00
28.00
0.00
0.00
117.00
542.00
293.00
17.00
85.00
91.00
11.00
77.00
216.00
67.00
173.00
117.00
177.00
357.00
84.00
88.00
200.00
179.00
162.00
56.00
145.00
127.00
198.00
1.00
265.00
186.00
0.00
12.00
60.00
70.00
0.00
107.00
587.00
28.00
71.00
9.00
0.00
108.00
145.00
274.00
33.00
5.00
40.00
0.00
0.00
406.00
69.00
152.00
273.00
44.00
61.00
149.00
223.00
9.00
73.00
229.00
39.00
111.00
1.00
6.00
1.00
0.00
0.00
3.00
0.00
0.00
0.00
0.00
381.00
690.00
332.00
622.00
1778.00
0.00
0.00
0.00
0.00
0.00
0.00
0.00
134.00
355.00
0.00
0.00
0.00
0.00
0.00
0.00
0.00
0.00
0.00
0.00
0.00
0.00
117.00
0.00
9.00
211.00
29.00
21.00
0.00
0.00
0.00
0.00
0.00
0.00
0.00
0.00
0.00
0.00
0.00
0.00
0.00
0.00
0.00
0.00
0.00
0.00
6.00
22.00
534.00
848.00
736.00
0.00
0.00
0.00
0.00
0.00
0.00
0.00
0.00
59.00
0.00
0.00
0.00
0.00
0.00
0.00
0.00
0.00
0.00
0.00
0.00
20.00
120.00
14.00
0.00
0.00
0.00
0.00
0.00
0.00
0.00
0.00
0.00
0.00
0.00
0.00
0.00
0.00
0.00
0.00
0.00
0.00
0.00
0.00
0.00
0.00
0.00
0.00
0.00
0.00
0.00
0.00
0.00
0.00
0.00
0.00
0.00
0.00
0.00
115.00
126.00
532.00
22.00
165.00
0.00
12.00
19.00
0.00
0.00
0.00
0.00
0.00
0.00
0.00
0.00
0.00
0.00
0.00
269.00
0.00
0.00
0.00
0.00
0.00
0.00
75.00
0.00
0.00
0.00
0.00
0.00
0.00
0.00
1.00
0.00
0.00
17.00
5.00
0.00
0.00
0.00
0.00
0.00
0.00
0.00
31.00
0.00
0.00
13.00
0.00
215.00
34.00
1.00
4.00
0.00
0.00
80.00
31.00
115.00
36.00
0.00
0.00
28.00
5.00
0.00
84.00
0.00
2.00
298.00
68.00
42.00
45.00
616.00
55.00
0.00
0.00
374.00
27.00
0.00
116.00
186.00
157.00
3.00
361.00
130.00
76.00
602.00
888.00
291.00
184.00
454.00
337.00
85.00
0.00
66.00
17.00
149.00
37.00
3.00
220.00
100.00
414.00
55.00
25.00
104.00
71.00
130.00
0.00
0.00
86.00
28.00
35.00
156.00
254.00
38.00
3.00
53.00
1.00
1.00
69.00
103.00
1173.00
439.00
206.00
1443.00
20.00
433.00
559.00
0.00
71.00
17.00
256.00
25.00
1.00
19.00
50.00
72.00
11.00
55.00
54.00
9.00
2.00
0.00
9.00
42.00
166.00
36.00
5.00
6.00
35.00
1.00
23.00
31.00
20.00
42.00
874.00
246.00
136.00
1.00
11.00
20.00
11.00
62.00
150.00
7.00
82.00
205.00
9.00
1.00
2.00
41.00
65.00
26.00
75.00
7.00
31.00
18.00
149.00
185.00
94.00
19.00
118.00
27.00
43.00
46.00
22.00
527.00
251.00
255.00
362.00
31.00
627.00
5.00
48.00
230.00
9.00
64.00
43.00
270.00
65.00
67.00
0.00
8.00
0.00
33.00
42.00
1.00
16.00
356.00
49.00
0.00
0.00
5.00
11.00
9.00
12.00
239.00
1.00
0.00
15.00
2.00
0.00
160.00
42.00
133.00
4.00
1.00
18.00
8.00
121.00
6.00
0.00
0.00
2.00
0.00
0.00
0.00
0.00
0.00
0.00
0.00
0.00
0.00
51.00
95.00
519.00
273.00
8.00
0.00
0.00
0.00
0.00
0.00
0.00
0.00
0.00
0.00
0.00
0.00
0.00
0.00
20.00
86.00
236.00
89.00
15.00
0.00
0.00
4.00
0.00
9.00
23.00
0.00
0.00
0.00
0.00
0.00
0.00
0.00
0.00
0.00
0.00
0.00
0.00
0.00
9.00
0.00
0.00
0.00
0.00
0.00
0.00
0.00
0.00
0.00
0.00
0.00
0.00
0.00
0.00
0.00
0.00
0.00
0.00
0.00
0.00
0.00
0.00
0.00
0.00
0.00
4.00
85.00
4.00
0.00
0.00
0.00
0.00
0.00
0.00
0.00
0.00
0.00
0.00
0.00
0.00
0.00
0.00
0.00
0.00
0.00
0.00
0.00
0.00
0.00
0.00
0.00
0.00
0.00
0.00
0.00
0.00
0.00
0.00
0.00
0.00
0.00
0.00
0.00
0.00
0.00
0.00
0.00
0.00
0.00
0.00
0.00
0.00
0.00
0.00
0.00
0.00
0.00
0.00
0.00
0.00
0.00
0.00
0.00
0.00
0.00
0.00
0.00
2.00
6.00
0.00
0.00
0.00
0.00
0.00
0.00
2.90
65.80
46.30
54.20
22.20
0.00
0.00
0.00
0.70
15.50
3.60
0.00
0.00
0.00
0.00
0.00
0.00
0.00
0.20
0.70
0.70
51.10
1.40
0.00
0.70
0.00
1.00
0.00
0.00
0.00
0.10
0.00
0.00
0.00
0.00
56.20
12.80
98.70
17.20
0.00
1.90
20.00
0.40
16.30
39.60
0.20
2.60
0.30
5.50
0.00
0.00
0.60
0.00
0.00
0.00
0.00
0.20
0.10
0.00
0.00
0.00
0.00
0.00
0.00
0.00
0.00
0.00
0.00
15.20
111.60
0.00
0.00
0.00
0.00
0.00
0.00
0.00
0.00
11.50
4.50
10.20
6.70
4.20
0.90
0.40
0.40
0.00
11.50
11.50
88.30
17.90
0.00
0.00
0.00
0.00
0.00
1.90
21.10
6.90
17.10
49.40
2.20
0.00
1.80
2.40
7.80
0.00
0.00
46.40
20.80
54.60
4.20
0.00
5.80
0.20
12.50
6.20
4.10
0.20
0.10
0.00
7.60
4.00
0.40
6.80
0.50
8.00
0.10
0.40
1.50
15.40
3.10
7.60
14.70
41.60
53.00
53.00
22.20
22.20
40.00
2.50
2.50
4.60
0.20
2.50
2.50
2.50
0.60
8.10
0.00
4.80
50.40
2.90
4.40
0.80
0.60
29.70
0.90
1.20
7.60
17.30
24.70
35.20
7.20
6.30
13.30
0.00
0.10
4.30
124.50
3.50
33.00
25.20
0.80
0.90
0.00
0.00
7.70
18.20
14.00
31.00
29.90
3.50
0.70
0.10
3.10
0.30
9.70
5.70
44.20
58.40
8.10
29.70
8.00
4.30
1.10
2.00
7.40
8.10
5.70
7.50
2.20
0.40
1.00
9.40
0.80
1.10
0.10
0.30
9.30
53.20
10.20
46.60
21.80
0.30
0.10
0.90
26.20
5.20
5.20
34.60
0.00
0.00
2.80
12.70
16.80
7.20
23.40
14.90
0.00
0.00
0.00
0.00
0.00
10.50
0.00
0.00
0.00
0.00
0.30
7.40
0.90
0.10
0.00
1.00
