20160101
0.00
0.00
0.00
0.00
0.00
0.00
0.00
0.00
0.00
0.00
0.00
0.00
0.00
0.00
0.00
0.00
0.00
0.00
0.00
22.00
0.00
0.00
0.00
0.00
0.00
0.00
0.00
0.00
0.00
0.00
0.00
0.00
0.00
0.00
0.00
0.00
0.00
0.00
0.00
0.00
0.00
7.00
2.00
0.00
0.00
0.00
0.00
0.00
0.00
0.00
0.00
0.00
0.00
9.00
94.00
0.00
24.00
0.00
0.00
0.00
0.00
0.00
0.00
0.00
0.00
333.00
0.00
0.00
0.00
0.00
0.00
1.00
0.00
0.00
0.00
0.00
0.00
12.00
5.00
25.00
0.00
0.00
0.00
0.00
0.00
0.00
0.00
28.00
396.00
693.00
344.00
1.00
4.00
144.00
113.00
1.00
0.00
0.00
0.00
0.00
0.00
0.00
0.00
0.00
0.00
0.00
289.00
0.00
0.00
0.00
0.00
0.00
0.00
0.00
0.00
0.00
0.00
1.00
0.00
0.00
0.00
25.00
348.00
20.00
0.00
2.00
218.00
112.00
3.00
5.00
4.00
3.00
55.00
804.00
1.00
54.00
0.00
113.00
19.00
93.00
557.00
1452.00
0.00
0.00
200.00
143.00
42.00
3.00
230.00
11.00
40.00
34.00
0.00
0.00
0.00
0.00
2.00
2.00
200.00
0.00
28.00
0.00
827.00
128.00
73.00
9.00
0.00
3.00
47.00
1.00
30.00
1.00
2.00
51.00
38.00
7.00
10.00
113.00
4.00
182.00
23.00
9.00
162.00
45.00
117.00
54.00
52.00
131.00
172.00
92.00
39.00
24.00
0.00
20.00
6.00
5.00
211.00
267.00
415.00
203.00
172.00
48.00
2.00
9.00
40.00
7.00
53.00
13.00
21.00
11.00
187.00
233.00
579.00
119.00
30.00
58.00
21.00
34.00
4.00
6.00
13.00
131.00
215.00
64.00
8.00
255.00
176.00
196.00
304.00
107.00
2.00
0.00
177.00
182.00
1.00
1.00
0.00
585.00
43.00
234.00
620.00
7.00
25.00
264.00
89.00
208.00
45.00
9.00
47.00
9.00
1.00
5.00
39.00
20.00
95.00
322.00
157.00
5.00
3.00
11.00
96.00
11.00
101.00
76.00
61.00
242.00
8.00
91.00
97.00
136.00
89.00
299.00
0.00
312.00
5.00
7.00
9.00
542.00
127.00
39.00
115.00
51.00
14.00
83.00
52.00
44.00
0.00
0.00
0.00
0.00
0.00
0.00
0.00
0.00
0.00
0.00
0.00
2.00
0.00
0.00
69.00
9.00
47.00
0.00
0.00
0.00
0.00
48.00
319.00
529.00
3.00
0.00
0.00
0.00
0.00
0.00
0.00
0.00
0.00
0.00
0.00
0.00
0.00
0.00
0.00
0.00
0.00
0.00
0.00
0.00
0.00
0.00
0.00
0.00
0.00
0.00
0.00
0.00
0.00
0.00
0.00
297.00
0.00
0.00
0.00
0.00
0.00
0.00
0.00
0.00
0.00
0.00
0.00
0.00
0.00
0.00
0.00
0.00
0.00
0.00
0.00
0.00
0.00
0.00
0.00
0.00
0.00
0.00
0.00
127.00
2.00
0.00
0.00
0.00
0.00
0.00
0.00
0.00
0.00
0.00
0.00
0.00
0.00
0.00
0.00
0.00
0.00
0.00
0.00
0.00
0.00
0.00
2.00
0.00
0.00
0.00
0.00
0.00
0.00
0.00
0.00
0.00
0.00
0.00
0.00
0.00
0.00
0.00
0.00
0.00
0.00
0.00
0.00
0.00
0.00
0.00
0.00
0.00
0.00
0.00
0.00
0.00
0.00
0.00
0.00
0.00
0.00
0.00
0.00
82.00
0.00
0.00
116.00
10.00
150.00
257.00
0.00
0.00
0.00
0.00
0.00
0.00
199.00
7.00
40.00
0.00
0.00
0.00
0.00
90.00
0.00
8.00
29.00
70.00
174.00
9.00
0.00
0.00
122.00
15.00
470.00
0.00
0.00
0.00
0.00
0.00
0.00
0.00
0.00
0.00
8.00
0.00
0.00
61.00
524.00
3.00
79.00
1002.00
43.00
243.00
106.00
0.00
6.00
0.00
96.00
1.00
483.00
0.00
0.00
0.00
1.00
10.00
0.00
0.00
94.00
0.00
0.00
0.00
79.00
133.00
914.00
29.00
94.00
0.00
72.00
0.00
0.00
0.00
0.00
0.00
0.00
41.00
1.00
13.00
164.00
328.00
230.00
451.00
16.00
0.00
50.00
209.00
0.00
0.00
103.00
9.00
215.00
189.00
444.00
51.00
0.00
23.00
660.00
225.00
214.00
438.00
30.00
3.00
128.00
6.00
62.00
17.00
11.00
11.00
30.00
22.00
92.00
208.00
53.00
252.00
464.00
64.00
5.00
3.00
3.00
53.00
174.00
244.00
317.00
54.00
55.00
40.00
211.00
266.00
107.00
384.00
617.00
344.00
54.00
108.00
282.00
91.00
139.00
33.00
40.00
61.00
21.00
1.00
3.00
172.00
62.00
134.00
122.00
2.00
29.00
1.00
52.00
189.00
422.00
401.00
118.00
403.00
126.00
59.00
141.00
176.00
73.00
87.00
370.00
118.00
61.00
90.00
25.00
76.00
217.00
21.00
67.00
130.00
262.00
130.00
24.00
325.00
63.00
3.00
45.00
66.00
30.00
220.00
384.00
1218.00
4.00
24.00
6.00
0.00
13.00
311.00
278.00
235.00
59.00
88.00
1.00
14.00
12.00
49.00
65.00
314.00
99.00
84.00
42.00
107.00
1.00
5.00
0.00
3.00
60.00
6.00
20.00
12.00
0.00
0.00
4.00
0.00
14.00
93.00
0.00
0.00
74.00
706.00
941.00
541.00
0.00
0.00
0.00
0.00
0.00
0.00
0.00
33.00
114.00
0.00
0.00
0.00
0.00
0.00
0.00
0.00
0.00
0.00
0.00
0.00
0.00
123.00
0.00
7.00
410.00
58.00
14.00
0.00
0.00
0.00
0.00
0.00
0.00
0.00
0.00
0.00
0.00
0.00
0.00
0.00
0.00
0.00
0.00
0.00
0.00
2.00
6.00
251.00
427.00
2.00
0.00
0.00
0.00
0.00
0.00
0.00
0.00
0.00
0.00
0.00
0.00
0.00
0.00
0.00
0.00
0.00
0.00
0.00
0.00
0.00
38.00
336.00
0.00
0.00
0.00
0.00
0.00
0.00
0.00
0.00
0.00
0.00
0.00
1.00
0.00
0.00
0.00
0.00
0.00
0.00
0.00
0.00
0.00
0.00
0.00
0.00
0.00
0.00
0.00
0.00
0.00
0.00
0.00
0.00
0.00
0.00
0.00
0.00
630.00
397.00
872.00
160.00
37.00
0.00
145.00
162.00
0.00
0.00
0.00
0.00
0.00
10.00
0.00
0.00
0.00
0.00
0.00
290.00
0.00
0.00
0.00
0.00
0.00
0.00
31.00
0.00
0.00
0.00
0.00
0.00
0.00
1.00
6.00
0.00
31.00
54.00
0.00
0.00
0.00
0.00
0.00
0.00
0.00
0.00
13.00
3.00
0.00
39.00
0.00
278.00
180.00
0.00
33.00
0.00
0.00
16.00
239.00
379.00
9.00
0.00
2.00
78.00
71.00
0.00
289.00
0.00
32.00
269.00
41.00
253.00
105.00
225.00
177.00
0.00
0.00
8.00
132.00
0.00
0.00
354.00
96.00
29.00
208.00
0.00
227.00
1217.00
107.00
120.00
6.00
170.00
316.00
401.00
0.00
69.00
17.00
10.00
31.00
0.00
253.00
88.00
81.00
564.00
192.00
20.00
38.00
9.00
0.00
0.00
5.00
0.00
98.00
174.00
266.00
30.00
28.00
286.00
5.00
3.00
17.00
198.00
414.00
272.00
14.00
764.00
10.00
28.00
299.00
91.00
3.00
1.00
257.00
0.00
0.00
2.00
48.00
32.00
98.00
31.00
4.00
9.00
9.00
12.00
16.00
13.00
216.00
138.00
37.00
17.00
8.00
0.00
7.00
2.00
20.00
49.00
279.00
379.00
83.00
0.00
21.00
9.00
25.00
29.00
117.00
41.00
402.00
202.00
75.00
24.00
19.00
146.00
35.00
11.00
54.00
13.00
132.00
5.00
11.00
86.00
49.00
13.00
5.00
2.00
49.00
19.00
44.00
93.00
250.00
52.00
272.00
209.00
265.00
63.00
83.00
119.00
2.00
20.00
50.00
70.00
88.00
51.00
0.00
1.00
3.00
6.00
12.00
44.00
5.00
229.00
27.00
0.00
0.00
7.00
0.00
21.00
30.00
56.00
29.00
12.00
8.00
1.00
0.00
74.00
116.00
196.00
7.00
0.00
15.00
1.00
224.00
25.00
11.00
0.00
0.00
0.00
0.00
0.00
0.00
0.00
0.00
0.00
0.00
0.00
30.00
115.00
174.00
146.00
63.00
0.00
0.00
0.00
0.00
0.00
0.00
0.00
0.00
0.00
0.00
0.00
0.00
0.00
0.00
73.00
100.00
41.00
0.00
0.00
0.00
0.00
0.00
50.00
2.00
0.00
0.00
0.00
0.00
0.00
0.00
0.00
0.00
0.00
0.00
0.00
0.00
0.00
12.00
0.00
0.00
0.00
0.00
0.00
0.00
0.00
0.00
0.00
0.00
0.00
0.00
0.00
0.00
5.00
2.00
0.00
0.00
0.00
0.00
0.00
0.00
0.00
0.00
0.00
26.00
97.00
28.00
0.00
0.00
0.00
0.00
0.00
0.00
0.00
0.00
0.00
0.00
0.00
0.00
0.00
0.00
0.00
0.00
0.00
0.00
0.00
0.00
0.00
0.00
0.00
0.00
0.00
0.00
0.00
0.00
0.00
0.00
0.00
0.00
0.00
0.00
0.00
0.00
0.00
0.00
0.00
0.00
0.00
0.00
0.00
0.00
0.00
0.00
0.00
0.00
0.00
0.00
0.00
0.00
0.00
0.00
0.00
0.00
0.00
0.00
0.00
1.00
4.00
0.00
0.00
0.00
0.00
0.00
0.00
2.90
32.90
22.00
34.00
7.50
0.00
0.00
0.00
0.50
3.70
0.00
0.00
0.00
0.00
0.00
0.00
0.00
0.00
2.10
6.50
0.80
58.10
0.40
0.10
0.10
0.00
1.70
0.00
0.00
0.00
0.10
0.00
0.00
0.00
2.00
39.70
1.70
71.70
14.60
0.00
0.70
84.90
0.30
15.60
24.20
1.80
4.80
2.80
26.30
0.00
0.00
5.80
0.00
0.00
0.00
0.00
4.80
0.00
0.00
0.00
0.00
0.00
0.00
0.00
0.00
0.00
0.00
0.00
89.80
46.90
0.00
0.00
0.00
0.00
0.00
0.00
0.10
0.00
21.20
0.40
0.20
2.90
2.10
0.60
6.70
6.70
0.00
31.70
31.70
69.40
3.90
0.00
1.40
0.00
0.00
11.60
12.50
15.20
53.60
4.00
36.50
11.40
1.50
5.10
0.60
1.40
0.00
0.00
0.30
18.30
33.70
75.70
0.00
24.90
2.60
3.40
0.70
3.40
0.30
0.80
0.00
4.50
2.80
5.20
2.90
0.00
0.50
3.30
0.50
1.20
1.10
1.80
3.00
11.50
22.20
25.30
25.30
45.10
45.10
47.90
0.00
0.00
0.90
4.00
0.00
0.00
0.00
0.40
6.00
1.90
8.50
54.20
6.60
3.10
1.20
3.20
37.40
12.00
1.30
4.40
1.20
30.60
38.30
9.50
4.10
24.90
1.40
0.90
17.00
23.60
37.10
47.60
29.70
0.70
4.00
0.20
0.00
4.30
5.90
7.30
18.50
17.50
1.50
0.50
0.00
3.60
0.00
0.80
7.40
45.50
52.60
8.90
16.50
0.20
0.10
1.70
2.50
2.20
7.00
2.20
33.70
6.30
0.00
0.00
0.00
0.10
0.20
0.10
0.60
19.70
6.20
5.40
26.40
42.00
4.90
3.20
10.80
14.20
16.80
16.80
9.70
0.30
4.60
17.80
9.60
6.50
0.70
18.10
11.90
0.00
0.80
0.00
0.00
0.20
13.30
0.00
0.00
0.00
0.00
0.20
5.10
1.20
0.00
0.20
2.80
