20160101
0.00
0.00
0.00
0.00
0.00
0.00
0.00
0.00
51.00
0.00
0.00
0.00
1.00
0.00
0.00
0.00
0.00
0.00
0.00
8.00
0.00
0.00
0.00
0.00
0.00
0.00
0.00
0.00
0.00
0.00
0.00
0.00
0.00
0.00
0.00
0.00
0.00
0.00
0.00
0.00
0.00
0.00
0.00
0.00
0.00
0.00
0.00
0.00
0.00
0.00
3.00
0.00
0.00
254.00
96.00
0.00
14.00
0.00
0.00
0.00
0.00
0.00
0.00
0.00
0.00
185.00
0.00
0.00
0.00
0.00
0.00
0.00
0.00
0.00
0.00
7.00
0.00
0.00
0.00
0.00
35.00
0.00
3.00
0.00
0.00
0.00
0.00
460.00
8.00
65.00
255.00
163.00
0.00
331.00
557.00
18.00
0.00
0.00
0.00
0.00
0.00
0.00
0.00
0.00
35.00
1.00
187.00
279.00
2.00
31.00
0.00
0.00
0.00
0.00
0.00
61.00
0.00
8.00
0.00
0.00
0.00
267.00
508.00
221.00
147.00
194.00
40.00
21.00
0.00
1.00
6.00
0.00
330.00
197.00
38.00
135.00
7.00
481.00
96.00
54.00
429.00
991.00
19.00
0.00
78.00
142.00
4.00
1.00
38.00
75.00
20.00
39.00
13.00
7.00
117.00
786.00
11.00
3.00
8.00
33.00
7.00
99.00
193.00
25.00
24.00
1.00
3.00
481.00
237.00
6.00
1.00
16.00
7.00
39.00
167.00
28.00
16.00
33.00
81.00
387.00
98.00
11.00
59.00
105.00
83.00
81.00
3.00
0.00
99.00
63.00
123.00
231.00
23.00
5.00
1.00
10.00
129.00
26.00
18.00
41.00
0.00
7.00
9.00
40.00
118.00
79.00
192.00
97.00
16.00
8.00
139.00
99.00
41.00
118.00
48.00
128.00
98.00
123.00
18.00
112.00
76.00
70.00
204.00
0.00
51.00
186.00
147.00
87.00
73.00
64.00
0.00
0.00
185.00
37.00
0.00
1.00
12.00
1024.00
65.00
195.00
0.00
2.00
170.00
255.00
98.00
2.00
48.00
7.00
62.00
2.00
9.00
2.00
0.00
3.00
7.00
80.00
642.00
531.00
1.00
341.00
236.00
67.00
94.00
269.00
43.00
77.00
28.00
0.00
14.00
216.00
83.00
220.00
16.00
549.00
78.00
64.00
96.00
242.00
60.00
333.00
249.00
215.00
4.00
18.00
294.00
174.00
0.00
0.00
0.00
0.00
0.00
0.00
0.00
0.00
0.00
0.00
0.00
0.00
0.00
2.00
5.00
4.00
28.00
0.00
0.00
0.00
14.00
59.00
272.00
571.00
223.00
0.00
0.00
0.00
0.00
0.00
0.00
0.00
0.00
0.00
0.00
0.00
0.00
0.00
0.00
0.00
0.00
0.00
0.00
0.00
0.00
0.00
0.00
0.00
0.00
0.00
0.00
0.00
0.00
0.00
0.00
0.00
0.00
0.00
0.00
0.00
0.00
0.00
0.00
0.00
0.00
0.00
0.00
0.00
0.00
0.00
0.00
0.00
0.00
0.00
0.00
0.00
0.00
0.00
0.00
0.00
0.00
0.00
0.00
0.00
0.00
0.00
0.00
0.00
0.00
0.00
0.00
0.00
0.00
0.00
0.00
0.00
0.00
0.00
0.00
0.00
0.00
0.00
0.00
0.00
0.00
0.00
3.00
0.00
0.00
0.00
0.00
0.00
0.00
0.00
0.00
0.00
0.00
0.00
0.00
0.00
0.00
0.00
0.00
0.00
0.00
0.00
0.00
0.00
0.00
0.00
0.00
0.00
0.00
62.00
0.00
0.00
0.00
0.00
0.00
0.00
0.00
0.00
0.00
101.00
48.00
0.00
280.00
0.00
112.00
217.00
0.00
0.00
0.00
0.00
0.00
0.00
94.00
0.00
62.00
0.00
0.00
0.00
0.00
116.00
0.00
0.00
1.00
161.00
508.00
3.00
0.00
0.00
260.00
259.00
557.00
0.00
0.00
0.00
0.00
0.00
0.00
0.00
0.00
0.00
48.00
8.00
0.00
0.00
632.00
768.00
104.00
405.00
87.00
530.00
204.00
0.00
0.00
1.00
74.00
3.00
157.00
0.00
0.00
57.00
0.00
40.00
0.00
0.00
88.00
0.00
0.00
0.00
51.00
44.00
470.00
1.00
90.00
0.00
109.00
9.00
111.00
53.00
0.00
0.00
20.00
10.00
0.00
83.00
140.00
503.00
96.00
321.00
118.00
247.00
431.00
9.00
0.00
43.00
125.00
461.00
451.00
102.00
215.00
55.00
21.00
37.00
155.00
120.00
112.00
692.00
10.00
1.00
119.00
136.00
183.00
203.00
176.00
88.00
79.00
24.00
126.00
71.00
14.00
52.00
54.00
44.00
19.00
10.00
1.00
49.00
76.00
91.00
312.00
276.00
79.00
354.00
97.00
145.00
8.00
62.00
113.00
121.00
162.00
36.00
308.00
26.00
43.00
92.00
102.00
112.00
5.00
5.00
3.00
29.00
109.00
71.00
70.00
31.00
18.00
6.00
0.00
95.00
519.00
93.00
1.00
30.00
104.00
21.00
93.00
48.00
91.00
264.00
124.00
339.00
298.00
183.00
164.00
248.00
63.00
160.00
66.00
76.00
87.00
56.00
5.00
328.00
88.00
18.00
37.00
26.00
49.00
0.00
56.00
200.00
3.00
13.00
17.00
1.00
16.00
125.00
290.00
23.00
12.00
22.00
0.00
0.00
1.00
25.00
112.00
310.00
65.00
72.00
50.00
212.00
4.00
17.00
75.00
474.00
261.00
21.00
1.00
2.00
0.00
5.00
45.00
0.00
0.00
0.00
0.00
420.00
508.00
462.00
414.00
971.00
0.00
0.00
0.00
0.00
0.00
0.00
0.00
806.00
606.00
0.00
0.00
0.00
0.00
0.00
0.00
0.00
0.00
0.00
0.00
0.00
0.00
143.00
0.00
6.00
141.00
21.00
7.00
0.00
0.00
0.00
0.00
0.00
0.00
0.00
0.00
0.00
0.00
0.00
0.00
0.00
0.00
0.00
0.00
0.00
0.00
22.00
20.00
315.00
579.00
693.00
0.00
0.00
0.00
0.00
0.00
0.00
0.00
0.00
0.00
0.00
0.00
0.00
0.00
0.00
0.00
0.00
0.00
0.00
0.00
0.00
48.00
96.00
5.00
0.00
0.00
0.00
0.00
0.00
0.00
0.00
0.00
0.00
0.00
0.00
0.00
0.00
0.00
0.00
0.00
0.00
0.00
0.00
0.00
0.00
0.00
0.00
0.00
0.00
0.00
0.00
0.00
0.00
0.00
0.00
0.00
0.00
0.00
0.00
95.00
68.00
605.00
8.00
150.00
0.00
4.00
3.00
0.00
0.00
0.00
0.00
0.00
0.00
0.00
0.00
0.00
0.00
0.00
448.00
0.00
0.00
0.00
0.00
0.00
0.00
5.00
0.00
0.00
0.00
0.00
0.00
0.00
0.00
321.00
0.00
0.00
6.00
44.00
570.00
0.00
0.00
0.00
0.00
0.00
0.00
0.00
27.00
0.00
0.00
0.00
325.00
59.00
0.00
12.00
90.00
0.00
12.00
22.00
51.00
222.00
0.00
2.00
10.00
0.00
0.00
35.00
0.00
0.00
80.00
50.00
24.00
19.00
270.00
32.00
0.00
7.00
94.00
18.00
8.00
86.00
120.00
412.00
1.00
29.00
49.00
206.00
540.00
712.00
602.00
310.00
669.00
245.00
86.00
0.00
17.00
69.00
33.00
70.00
0.00
53.00
73.00
325.00
21.00
12.00
87.00
569.00
59.00
0.00
0.00
133.00
102.00
1.00
85.00
42.00
2.00
275.00
161.00
28.00
1.00
6.00
316.00
545.00
254.00
648.00
912.00
16.00
461.00
352.00
0.00
37.00
13.00
61.00
0.00
2.00
9.00
37.00
59.00
3.00
90.00
83.00
3.00
0.00
0.00
10.00
88.00
125.00
101.00
8.00
3.00
27.00
16.00
23.00
91.00
28.00
61.00
291.00
78.00
388.00
0.00
12.00
19.00
15.00
31.00
55.00
7.00
80.00
88.00
4.00
14.00
17.00
34.00
58.00
113.00
114.00
31.00
20.00
4.00
412.00
162.00
45.00
75.00
179.00
16.00
78.00
124.00
132.00
383.00
182.00
268.00
148.00
60.00
28.00
11.00
60.00
98.00
4.00
55.00
42.00
210.00
109.00
90.00
0.00
2.00
0.00
22.00
67.00
0.00
59.00
242.00
157.00
0.00
0.00
1.00
70.00
0.00
4.00
51.00
0.00
0.00
27.00
22.00
3.00
57.00
171.00
184.00
38.00
0.00
31.00
3.00
23.00
0.00
4.00
0.00
0.00
0.00
0.00
0.00
0.00
0.00
0.00
0.00
0.00
0.00
88.00
147.00
447.00
398.00
7.00
0.00
0.00
0.00
0.00
0.00
0.00
0.00
0.00
0.00
0.00
0.00
0.00
0.00
30.00
222.00
258.00
151.00
29.00
0.00
0.00
8.00
0.00
0.00
0.00
0.00
0.00
0.00
0.00
0.00
0.00
0.00
0.00
0.00
0.00
0.00
0.00
0.00
2.00
0.00
0.00
0.00
0.00
0.00
0.00
0.00
0.00
0.00
0.00
0.00
0.00
0.00
0.00
0.00
0.00
0.00
0.00
0.00
0.00
0.00
0.00
0.00
0.00
0.00
10.00
129.00
1.00
0.00
0.00
0.00
0.00
0.00
0.00
0.00
0.00
0.00
0.00
0.00
0.00
0.00
0.00
0.00
0.00
0.00
0.00
0.00
0.00
0.00
0.00
0.00
0.00
0.00
0.00
0.00
0.00
0.00
0.00
0.00
0.00
0.00
0.00
0.00
0.00
0.00
0.00
0.00
0.00
0.00
0.00
0.00
0.00
0.00
0.00
0.00
0.00
0.00
0.00
0.00
0.00
0.00
0.00
0.00
0.00
0.00
0.00
0.00
3.00
12.00
0.00
0.00
0.00
0.00
0.00
0.00
1.10
85.00
96.20
80.00
38.60
0.00
0.00
0.00
1.00
26.10
11.10
0.00
0.00
0.00
0.00
0.00
0.00
0.00
0.00
0.40
0.20
61.20
4.40
0.00
4.60
0.00
4.80
0.00
0.00
0.00
0.00
0.10
0.00
0.00
0.00
76.00
37.10
142.90
8.50
0.00
0.10
15.60
0.00
12.00
13.80
0.20
1.80
0.00
1.10
0.00
0.00
0.00
0.20
0.00
0.00
0.00
0.00
0.20
0.00
0.00
0.00
0.00
0.00
0.20
0.00
0.00
0.00
0.00
9.30
40.10
0.00
0.00
0.00
0.00
0.00
0.00
0.00
0.00
10.80
13.70
5.90
3.90
2.90
2.20
0.40
0.40
0.00
4.30
4.30
70.20
8.30
0.10
7.90
0.00
0.00
0.00
4.00
53.60
0.20
7.60
15.90
0.90
0.00
0.00
2.20
10.60
0.00
0.00
11.20
41.30
43.20
2.80
0.60
0.10
1.60
34.80
5.60
8.70
1.00
0.00
0.20
0.70
2.70
1.10
3.70
4.10
42.30
2.40
0.80
0.50
24.10
9.50
10.40
8.70
21.00
35.80
35.80
25.80
25.80
58.60
0.10
0.10
0.40
4.00
0.10
0.10
0.10
3.00
2.90
2.90
2.90
48.00
13.70
2.90
5.40
0.80
10.80
1.90
5.10
11.00
25.40
21.60
12.90
8.40
7.80
5.50
0.40
0.60
4.20
22.70
12.90
11.00
17.40
0.10
4.10
0.00
0.00
3.90
0.40
24.60
30.30
28.00
4.00
0.60
1.50
4.00
0.30
9.60
24.20
15.10
12.20
9.80
55.80
18.00
15.30
1.40
0.70
3.30
10.70
9.00
4.90
0.50
0.50
3.40
2.50
0.30
0.20
2.20
1.00
27.70
16.90
17.50
27.00
22.20
0.00
6.70
0.10
22.40
2.10
2.10
6.90
0.00
0.00
2.20
27.60
14.40
1.80
17.90
10.10
0.00
0.00
0.00
0.00
0.00
3.30
0.00
0.00
0.10
0.00
0.70
9.20
4.80
0.20
0.90
1.70
