20160101
0.00
0.00
0.00
0.00
0.00
0.00
0.00
0.00
23.00
0.00
0.00
0.00
2.00
0.00
0.00
0.00
0.00
0.00
0.00
12.00
0.00
0.00
0.00
0.00
0.00
0.00
0.00
0.00
0.00
0.00
0.00
0.00
0.00
0.00
0.00
0.00
0.00
0.00
3.00
1.00
0.00
0.00
21.00
0.00
0.00
0.00
0.00
0.00
0.00
0.00
0.00
0.00
1.00
67.00
149.00
6.00
3.00
0.00
0.00
0.00
0.00
0.00
0.00
0.00
0.00
105.00
0.00
0.00
0.00
1.00
0.00
2.00
0.00
0.00
6.00
4.00
0.00
3.00
2.00
0.00
52.00
0.00
0.00
0.00
0.00
0.00
0.00
210.00
117.00
58.00
379.00
98.00
2.00
107.00
528.00
0.00
0.00
0.00
0.00
0.00
0.00
0.00
0.00
0.00
0.00
0.00
170.00
39.00
0.00
0.00
0.00
0.00
0.00
0.00
0.00
27.00
1.00
0.00
0.00
0.00
0.00
57.00
384.00
60.00
19.00
12.00
100.00
22.00
0.00
0.00
6.00
0.00
93.00
234.00
3.00
35.00
0.00
44.00
191.00
125.00
704.00
950.00
0.00
0.00
341.00
183.00
12.00
28.00
595.00
30.00
11.00
145.00
0.00
0.00
0.00
3.00
0.00
8.00
141.00
102.00
8.00
44.00
500.00
122.00
53.00
0.00
8.00
133.00
70.00
1.00
20.00
4.00
0.00
20.00
76.00
9.00
35.00
65.00
49.00
329.00
54.00
25.00
36.00
17.00
311.00
297.00
48.00
32.00
297.00
40.00
41.00
80.00
0.00
5.00
24.00
38.00
147.00
48.00
229.00
156.00
109.00
14.00
5.00
4.00
40.00
27.00
139.00
0.00
7.00
73.00
263.00
101.00
394.00
112.00
70.00
114.00
48.00
77.00
1.00
47.00
92.00
16.00
453.00
24.00
3.00
453.00
239.00
149.00
285.00
11.00
1.00
0.00
272.00
424.00
0.00
1.00
0.00
789.00
28.00
521.00
126.00
0.00
101.00
341.00
82.00
9.00
25.00
20.00
43.00
0.00
0.00
3.00
4.00
8.00
85.00
269.00
269.00
100.00
1.00
80.00
35.00
3.00
108.00
187.00
23.00
129.00
9.00
13.00
1.00
55.00
272.00
203.00
0.00
416.00
99.00
168.00
24.00
49.00
50.00
49.00
421.00
5.00
105.00
33.00
258.00
105.00
0.00
0.00
0.00
0.00
0.00
0.00
0.00
0.00
0.00
0.00
0.00
0.00
0.00
0.00
81.00
27.00
49.00
0.00
0.00
0.00
1.00
30.00
277.00
489.00
110.00
0.00
0.00
0.00
0.00
0.00
0.00
0.00
0.00
0.00
0.00
0.00
0.00
0.00
0.00
0.00
0.00
0.00
0.00
0.00
0.00
0.00
0.00
0.00
0.00
0.00
0.00
0.00
0.00
0.00
0.00
0.00
0.00
0.00
0.00
0.00
0.00
0.00
0.00
0.00
0.00
0.00
0.00
0.00
0.00
0.00
0.00
0.00
0.00
0.00
0.00
0.00
0.00
0.00
0.00
0.00
0.00
0.00
0.00
0.00
0.00
0.00
0.00
0.00
0.00
0.00
0.00
0.00
0.00
0.00
0.00
0.00
0.00
0.00
0.00
0.00
0.00
0.00
0.00
0.00
0.00
0.00
8.00
0.00
0.00
0.00
0.00
0.00
0.00
0.00
0.00
0.00
0.00
0.00
0.00
0.00
0.00
0.00
0.00
0.00
0.00
0.00
0.00
0.00
0.00
0.00
0.00
0.00
0.00
10.00
0.00
0.00
0.00
0.00
0.00
0.00
0.00
0.00
12.00
144.00
58.00
0.00
188.00
5.00
97.00
133.00
0.00
0.00
0.00
0.00
0.00
0.00
173.00
6.00
35.00
0.00
0.00
0.00
0.00
128.00
0.00
0.00
9.00
100.00
268.00
0.00
0.00
0.00
247.00
2.00
380.00
0.00
0.00
0.00
0.00
0.00
0.00
0.00
0.00
0.00
10.00
28.00
0.00
16.00
955.00
38.00
366.00
445.00
102.00
444.00
346.00
0.00
3.00
0.00
56.00
0.00
50.00
0.00
0.00
0.00
0.00
13.00
0.00
0.00
158.00
0.00
0.00
0.00
35.00
47.00
377.00
39.00
110.00
0.00
62.00
0.00
0.00
0.00
7.00
0.00
0.00
45.00
0.00
90.00
211.00
498.00
66.00
1200.00
24.00
0.00
442.00
18.00
0.00
68.00
740.00
53.00
285.00
269.00
330.00
86.00
0.00
175.00
223.00
189.00
171.00
545.00
100.00
125.00
41.00
6.00
180.00
31.00
52.00
2.00
25.00
10.00
104.00
195.00
139.00
433.00
144.00
34.00
2.00
0.00
5.00
35.00
136.00
64.00
295.00
155.00
11.00
86.00
130.00
224.00
45.00
275.00
1175.00
349.00
24.00
171.00
449.00
55.00
232.00
90.00
120.00
193.00
10.00
0.00
1.00
110.00
108.00
95.00
82.00
17.00
2.00
2.00
6.00
162.00
325.00
307.00
14.00
64.00
114.00
16.00
68.00
193.00
59.00
140.00
107.00
143.00
154.00
88.00
87.00
185.00
158.00
93.00
31.00
106.00
160.00
301.00
6.00
164.00
32.00
8.00
29.00
74.00
68.00
0.00
49.00
616.00
29.00
13.00
42.00
0.00
76.00
152.00
309.00
52.00
10.00
3.00
0.00
16.00
86.00
133.00
192.00
371.00
68.00
67.00
186.00
165.00
23.00
34.00
118.00
18.00
48.00
0.00
0.00
215.00
0.00
0.00
2.00
0.00
0.00
0.00
0.00
211.00
1028.00
291.00
893.00
1570.00
0.00
0.00
0.00
0.00
0.00
0.00
0.00
140.00
212.00
0.00
0.00
0.00
0.00
0.00
0.00
0.00
0.00
0.00
0.00
0.00
0.00
82.00
0.00
0.00
198.00
16.00
24.00
0.00
0.00
0.00
0.00
0.00
0.00
0.00
0.00
0.00
0.00
0.00
0.00
0.00
0.00
0.00
0.00
0.00
0.00
3.00
120.00
713.00
1119.00
751.00
0.00
0.00
0.00
0.00
0.00
0.00
0.00
0.00
17.00
0.00
0.00
0.00
0.00
0.00
0.00
0.00
0.00
0.00
0.00
0.00
12.00
86.00
5.00
0.00
0.00
0.00
0.00
0.00
0.00
0.00
0.00
0.00
0.00
0.00
0.00
0.00
0.00
0.00
0.00
0.00
0.00
0.00
0.00
0.00
0.00
0.00
0.00
0.00
0.00
0.00
0.00
0.00
0.00
0.00
0.00
0.00
0.00
0.00
225.00
193.00
784.00
40.00
103.00
0.00
43.00
33.00
0.00
0.00
0.00
0.00
0.00
0.00
0.00
0.00
0.00
0.00
0.00
260.00
0.00
0.00
0.00
0.00
0.00
0.00
1.00
0.00
0.00
0.00
0.00
0.00
0.00
0.00
0.00
0.00
0.00
43.00
14.00
0.00
0.00
0.00
0.00
0.00
0.00
0.00
11.00
0.00
2.00
2.00
0.00
283.00
45.00
3.00
13.00
0.00
0.00
76.00
42.00
197.00
1.00
0.00
0.00
82.00
18.00
0.00
192.00
0.00
5.00
253.00
107.00
82.00
21.00
246.00
43.00
0.00
0.00
42.00
50.00
0.00
4.00
277.00
129.00
23.00
314.00
9.00
82.00
894.00
288.00
208.00
142.00
341.00
386.00
131.00
0.00
346.00
8.00
0.00
65.00
253.00
196.00
258.00
355.00
33.00
14.00
132.00
51.00
7.00
0.00
0.00
68.00
55.00
86.00
177.00
129.00
37.00
1.00
49.00
0.00
3.00
47.00
74.00
723.00
535.00
263.00
1385.00
1.00
54.00
193.00
26.00
33.00
38.00
326.00
33.00
6.00
0.00
98.00
82.00
25.00
50.00
25.00
3.00
0.00
1.00
1.00
134.00
316.00
72.00
12.00
3.00
20.00
1.00
17.00
15.00
35.00
17.00
372.00
119.00
83.00
2.00
16.00
9.00
23.00
68.00
111.00
58.00
171.00
234.00
1.00
7.00
37.00
37.00
90.00
12.00
34.00
25.00
63.00
25.00
154.00
191.00
154.00
14.00
89.00
32.00
24.00
15.00
29.00
228.00
364.00
210.00
243.00
128.00
408.00
6.00
43.00
172.00
12.00
8.00
33.00
127.00
47.00
60.00
2.00
3.00
1.00
27.00
21.00
11.00
12.00
233.00
36.00
0.00
0.00
0.00
37.00
7.00
5.00
267.00
11.00
0.00
26.00
0.00
0.00
185.00
186.00
89.00
0.00
0.00
10.00
26.00
111.00
5.00
18.00
0.00
1.00
0.00
0.00
0.00
0.00
0.00
0.00
0.00
0.00
0.00
65.00
122.00
498.00
285.00
68.00
0.00
0.00
0.00
0.00
0.00
0.00
0.00
0.00
0.00
0.00
0.00
0.00
0.00
10.00
95.00
159.00
61.00
23.00
0.00
0.00
3.00
0.00
0.00
1.00
0.00
0.00
0.00
0.00
0.00
0.00
0.00
0.00
0.00
0.00
0.00
0.00
0.00
0.00
0.00
0.00
0.00
0.00
0.00
0.00
0.00
0.00
0.00
0.00
0.00
0.00
0.00
0.00
1.00
1.00
0.00
0.00
0.00
0.00
0.00
0.00
0.00
0.00
0.00
22.00
51.00
5.00
0.00
0.00
0.00
0.00
0.00
0.00
0.00
0.00
0.00
0.00
0.00
0.00
0.00
0.00
0.00
0.00
0.00
0.00
0.00
0.00
0.00
0.00
0.00
0.00
0.00
0.00
0.00
0.00
0.00
0.00
0.00
0.00
0.00
0.00
0.00
0.00
0.00
0.00
0.00
0.00
0.00
0.00
0.00
0.00
0.00
0.00
0.00
0.00
0.00
0.00
0.00
1.00
0.00
0.00
0.00
0.00
0.00
0.00
0.00
3.00
6.00
0.00
0.00
0.00
0.00
0.00
0.00
0.40
69.20
43.30
49.90
17.40
0.00
0.00
0.00
1.20
15.60
0.00
0.00
0.00
0.00
0.00
0.00
0.00
0.00
0.00
3.30
1.70
30.80
1.40
1.90
5.80
0.00
0.10
0.00
0.00
0.00
0.00
0.00
0.00
0.00
0.00
32.80
20.00
106.30
25.30
0.80
6.00
16.60
0.00
17.30
26.00
0.70
5.20
0.30
14.40
0.00
0.00
0.10
0.00
0.00
0.00
0.00
0.20
0.40
0.00
0.00
0.00
0.00
0.00
0.00
0.00
0.00
0.00
0.00
33.90
78.90
0.00
0.00
0.00
0.00
0.00
0.00
0.00
0.00
12.30
12.50
0.30
10.50
12.40
0.10
2.30
2.30
0.00
17.60
17.60
35.60
3.30
0.00
0.00
0.00
0.00
0.10
0.10
19.50
3.60
5.40
52.70
0.10
0.00
1.20
4.20
12.00
0.00
0.00
16.70
24.30
31.50
36.60
0.00
8.40
0.60
7.30
2.60
1.00
0.10
0.00
0.00
6.10
5.00
0.30
4.00
0.10
1.40
0.00
1.00
0.20
4.00
1.40
6.60
33.20
23.90
59.10
59.10
25.10
25.10
60.10
0.00
0.00
1.80
3.70
0.00
0.00
0.00
0.10
2.20
0.00
1.50
46.70
2.40
2.80
0.50
0.00
15.30
0.80
0.10
1.40
10.30
26.70
33.90
8.90
2.50
28.70
1.20
0.60
34.00
45.40
7.20
51.50
22.20
4.70
0.10
0.00
0.20
6.30
9.10
14.80
33.10
32.40
8.00
0.30
0.00
2.70
0.60
23.20
24.70
15.30
59.30
5.80
23.00
6.10
0.50
0.70
4.20
6.60
6.50
2.60
11.80
2.00
0.40
0.50
4.50
0.10
0.00
0.10
0.10
6.30
30.60
6.70
25.90
38.20
0.90
1.50
1.60
21.20
14.00
14.00
26.80
1.00
0.00
1.60
9.40
14.60
1.10
16.60
6.30
0.00
0.00
0.00
0.00
0.00
0.70
0.00
0.00
0.10
0.00
0.10
5.90
0.70
0.20
0.20
0.70
