20160101
0.00
0.00
0.00
0.00
0.00
0.00
0.00
0.00
5.00
0.00
0.00
0.00
1.00
0.00
0.00
0.00
0.00
0.00
0.00
17.00
0.00
0.00
0.00
0.00
0.00
0.00
0.00
0.00
0.00
0.00
0.00
0.00
0.00
0.00
0.00
0.00
0.00
0.00
4.00
0.00
0.00
0.00
0.00
0.00
0.00
0.00
0.00
0.00
0.00
0.00
5.00
0.00
0.00
10.00
135.00
0.00
18.00
0.00
0.00
0.00
0.00
0.00
0.00
0.00
0.00
88.00
0.00
0.00
0.00
1.00
0.00
0.00
0.00
0.00
0.00
25.00
0.00
60.00
1.00
0.00
319.00
0.00
0.00
0.00
0.00
0.00
0.00
145.00
898.00
102.00
463.00
130.00
27.00
384.00
822.00
6.00
0.00
0.00
0.00
0.00
0.00
0.00
0.00
0.00
21.00
5.00
206.00
188.00
0.00
1.00
0.00
0.00
0.00
0.00
0.00
2.00
0.00
8.00
0.00
0.00
0.00
64.00
464.00
95.00
22.00
11.00
152.00
40.00
0.00
3.00
26.00
0.00
123.00
397.00
9.00
128.00
0.00
60.00
29.00
67.00
472.00
628.00
2.00
0.00
314.00
151.00
34.00
43.00
474.00
52.00
19.00
59.00
2.00
0.00
25.00
84.00
0.00
35.00
98.00
35.00
1.00
215.00
526.00
71.00
2.00
0.00
18.00
284.00
80.00
2.00
19.00
4.00
0.00
92.00
80.00
5.00
4.00
145.00
46.00
302.00
92.00
7.00
113.00
127.00
298.00
204.00
47.00
4.00
225.00
48.00
61.00
58.00
0.00
10.00
0.00
6.00
145.00
43.00
181.00
79.00
91.00
14.00
1.00
11.00
38.00
24.00
118.00
0.00
5.00
68.00
152.00
136.00
155.00
168.00
67.00
230.00
36.00
66.00
7.00
20.00
17.00
9.00
393.00
1.00
2.00
496.00
419.00
167.00
313.00
13.00
2.00
0.00
104.00
16.00
0.00
0.00
0.00
738.00
23.00
283.00
61.00
0.00
234.00
327.00
111.00
13.00
23.00
2.00
153.00
12.00
0.00
5.00
1.00
11.00
96.00
159.00
357.00
291.00
0.00
55.00
20.00
1.00
141.00
295.00
41.00
160.00
20.00
1.00
7.00
14.00
21.00
119.00
0.00
494.00
44.00
71.00
0.00
79.00
42.00
246.00
430.00
3.00
151.00
26.00
179.00
26.00
0.00
0.00
0.00
0.00
0.00
0.00
0.00
0.00
0.00
0.00
0.00
1.00
0.00
0.00
42.00
2.00
134.00
0.00
0.00
0.00
0.00
73.00
298.00
477.00
229.00
0.00
0.00
0.00
0.00
0.00
0.00
0.00
0.00
0.00
0.00
0.00
0.00
0.00
0.00
0.00
0.00
0.00
0.00
0.00
0.00
0.00
0.00
0.00
0.00
0.00
0.00
0.00
0.00
0.00
0.00
0.00
0.00
0.00
0.00
0.00
0.00
0.00
0.00
0.00
0.00
0.00
0.00
0.00
0.00
0.00
0.00
0.00
0.00
0.00
0.00
0.00
0.00
0.00
0.00
0.00
0.00
0.00
0.00
0.00
0.00
0.00
0.00
0.00
0.00
0.00
0.00
0.00
0.00
0.00
0.00
0.00
0.00
0.00
0.00
0.00
0.00
0.00
0.00
0.00
0.00
0.00
5.00
0.00
0.00
0.00
0.00
0.00
0.00
0.00
0.00
0.00
0.00
0.00
0.00
0.00
0.00
0.00
0.00
0.00
0.00
0.00
0.00
0.00
0.00
0.00
0.00
0.00
0.00
38.00
0.00
0.00
0.00
0.00
0.00
0.00
0.00
0.00
0.00
130.00
10.00
0.00
204.00
0.00
90.00
166.00
0.00
0.00
0.00
0.00
0.00
0.00
51.00
1.00
44.00
0.00
0.00
0.00
0.00
132.00
0.00
0.00
10.00
246.00
246.00
0.00
0.00
0.00
176.00
68.00
112.00
0.00
0.00
0.00
0.00
0.00
0.00
0.00
0.00
0.00
1.00
33.00
0.00
12.00
1217.00
15.00
178.00
533.00
275.00
472.00
452.00
0.00
1.00
0.00
212.00
0.00
333.00
0.00
0.00
3.00
0.00
39.00
0.00
0.00
106.00
0.00
0.00
0.00
32.00
27.00
500.00
9.00
133.00
0.00
127.00
7.00
1.00
0.00
0.00
0.00
0.00
34.00
0.00
34.00
236.00
379.00
95.00
348.00
48.00
44.00
272.00
27.00
0.00
91.00
194.00
59.00
262.00
217.00
269.00
66.00
0.00
124.00
174.00
367.00
533.00
505.00
4.00
9.00
14.00
28.00
246.00
52.00
63.00
14.00
32.00
31.00
64.00
138.00
58.00
281.00
147.00
31.00
1.00
3.00
2.00
51.00
137.00
132.00
350.00
179.00
10.00
161.00
62.00
98.00
3.00
257.00
876.00
223.00
39.00
90.00
365.00
74.00
48.00
97.00
180.00
166.00
3.00
10.00
2.00
115.00
179.00
209.00
92.00
7.00
17.00
0.00
6.00
127.00
558.00
317.00
11.00
102.00
77.00
9.00
87.00
199.00
79.00
178.00
91.00
202.00
256.00
67.00
90.00
180.00
186.00
131.00
101.00
140.00
117.00
240.00
5.00
419.00
116.00
0.00
10.00
81.00
131.00
0.00
157.00
582.00
17.00
100.00
4.00
0.00
104.00
113.00
256.00
49.00
9.00
17.00
0.00
0.00
206.00
88.00
125.00
339.00
62.00
13.00
171.00
188.00
4.00
93.00
159.00
29.00
123.00
3.00
3.00
5.00
0.00
0.00
1.00
0.00
0.00
0.00
0.00
357.00
405.00
601.00
731.00
1385.00
0.00
0.00
0.00
0.00
0.00
0.00
0.00
74.00
269.00
0.00
0.00
0.00
0.00
0.00
0.00
0.00
0.00
0.00
0.00
0.00
0.00
140.00
0.00
8.00
216.00
43.00
12.00
0.00
0.00
0.00
0.00
0.00
0.00
0.00
0.00
0.00
0.00
0.00
0.00
0.00
0.00
0.00
0.00
0.00
0.00
1.00
12.00
634.00
762.00
740.00
0.00
0.00
0.00
0.00
0.00
0.00
0.00
0.00
84.00
0.00
0.00
0.00
0.00
0.00
0.00
0.00
0.00
0.00
0.00
0.00
112.00
152.00
3.00
0.00
0.00
0.00
0.00
0.00
0.00
0.00
0.00
0.00
0.00
0.00
0.00
0.00
0.00
0.00
0.00
0.00
0.00
0.00
0.00
0.00
0.00
0.00
0.00
0.00
0.00
0.00
0.00
0.00
0.00
0.00
0.00
0.00
0.00
0.00
159.00
149.00
493.00
44.00
140.00
0.00
18.00
20.00
0.00
0.00
0.00
0.00
0.00
0.00
0.00
0.00
0.00
0.00
5.00
290.00
0.00
0.00
0.00
0.00
0.00
0.00
9.00
0.00
0.00
0.00
0.00
0.00
0.00
0.00
0.00
0.00
1.00
25.00
23.00
0.00
0.00
0.00
0.00
0.00
0.00
0.00
43.00
10.00
7.00
1.00
0.00
340.00
52.00
0.00
2.00
0.00
0.00
111.00
46.00
110.00
21.00
0.00
0.00
27.00
6.00
0.00
173.00
0.00
6.00
294.00
90.00
43.00
79.00
625.00
41.00
0.00
0.00
296.00
49.00
0.00
23.00
259.00
144.00
4.00
412.00
55.00
64.00
708.00
1240.00
209.00
76.00
520.00
237.00
96.00
0.00
113.00
11.00
93.00
53.00
14.00
259.00
128.00
344.00
80.00
17.00
94.00
45.00
151.00
0.00
0.00
83.00
22.00
44.00
160.00
752.00
4.00
6.00
75.00
0.00
2.00
23.00
65.00
925.00
387.00
57.00
1093.00
30.00
146.00
556.00
3.00
68.00
22.00
280.00
8.00
17.00
27.00
48.00
56.00
15.00
50.00
33.00
10.00
0.00
2.00
10.00
25.00
128.00
64.00
7.00
3.00
26.00
1.00
17.00
14.00
29.00
54.00
748.00
300.00
128.00
3.00
7.00
24.00
13.00
54.00
146.00
15.00
42.00
247.00
0.00
0.00
3.00
36.00
87.00
21.00
71.00
24.00
42.00
7.00
85.00
161.00
88.00
18.00
82.00
18.00
36.00
29.00
42.00
467.00
229.00
177.00
314.00
74.00
685.00
3.00
68.00
212.00
0.00
80.00
44.00
166.00
85.00
65.00
0.00
6.00
0.00
23.00
25.00
5.00
19.00
379.00
65.00
0.00
0.00
2.00
13.00
11.00
26.00
217.00
1.00
8.00
12.00
0.00
0.00
192.00
64.00
97.00
2.00
1.00
18.00
4.00
162.00
7.00
0.00
0.00
4.00
0.00
0.00
0.00
0.00
0.00
0.00
0.00
0.00
0.00
39.00
103.00
398.00
235.00
7.00
0.00
0.00
0.00
0.00
0.00
0.00
0.00
0.00
0.00
0.00
0.00
0.00
0.00
9.00
82.00
186.00
54.00
5.00
0.00
0.00
12.00
0.00
20.00
42.00
0.00
0.00
0.00
0.00
0.00
0.00
0.00
0.00
0.00
0.00
0.00
0.00
0.00
2.00
0.00
0.00
0.00
0.00
0.00
0.00
0.00
0.00
0.00
0.00
0.00
0.00
0.00
0.00
0.00
0.00
0.00
0.00
0.00
0.00
0.00
0.00
0.00
0.00
0.00
5.00
94.00
8.00
0.00
0.00
0.00
0.00
0.00
0.00
0.00
0.00
0.00
0.00
0.00
0.00
0.00
0.00
0.00
0.00
0.00
0.00
0.00
0.00
0.00
0.00
0.00
0.00
0.00
0.00
0.00
0.00
0.00
0.00
0.00
0.00
0.00
0.00
0.00
0.00
0.00
0.00
1.00
1.00
0.00
0.00
0.00
0.00
0.00
0.00
0.00
0.00
0.00
0.00
0.00
0.00
0.00
0.00
0.00
0.00
0.00
0.00
0.00
1.00
8.00
0.00
0.00
0.00
0.00
0.00
0.00
0.60
51.70
38.50
45.50
17.40
0.00
0.00
0.00
0.50
13.60
1.90
0.00
0.00
0.00
0.00
0.00
0.00
0.00
0.00
1.20
0.50
36.60
0.80
0.00
1.90
0.00
0.20
0.00
0.00
0.00
0.00
0.00
0.00
0.00
0.00
52.00
10.70
93.70
20.00
0.00
5.00
21.60
0.00
19.70
33.50
0.00
2.80
0.60
7.90
0.00
0.00
0.60
0.00
0.00
0.00
0.00
0.40
0.20
0.00
0.00
0.00
0.00
0.00
0.00
0.00
0.00
0.00
0.00
9.70
114.70
0.00
0.00
0.00
0.00
0.00
0.00
0.00
0.00
9.10
4.50
6.80
8.20
4.30
0.50
0.30
0.30
0.00
8.10
8.10
44.90
6.20
0.00
0.00
0.00
0.00
0.10
2.50
18.70
0.20
19.40
64.20
1.50
0.40
1.80
0.90
4.80
0.00
0.00
43.90
19.30
49.00
6.70
0.00
0.00
0.80
5.80
5.00
3.90
0.10
0.10
0.00
9.40
4.00
0.60
14.90
0.30
3.80
0.10
0.50
1.40
14.60
2.70
1.20
17.80
27.90
54.10
54.10
18.70
18.70
53.70
2.60
2.60
1.00
0.10
2.60
2.60
2.60
0.90
5.60
0.00
2.40
43.10
4.00
4.70
0.50
0.40
9.70
1.20
1.00
2.50
12.10
26.20
32.00
8.30
3.60
19.80
0.00
0.00
1.50
50.30
11.70
32.30
27.60
1.50
0.20
0.00
0.00
5.90
12.80
13.70
31.70
25.40
8.30
0.70
0.10
2.30
0.20
8.60
6.80
17.40
67.70
8.50
28.70
6.00
1.80
1.10
2.00
7.90
11.10
5.90
8.40
2.20
0.40
0.80
4.60
0.40
0.10
0.40
0.00
13.40
46.90
15.70
38.90
22.80
0.30
0.20
1.60
31.70
10.20
10.20
26.20
2.30
0.10
2.80
8.90
28.80
8.40
17.00
13.70
0.00
0.00
0.00
0.00
0.00
10.80
0.00
0.00
0.00
0.00
0.30
13.20
1.40
0.30
0.30
1.60
