20160101
0.00
0.00
0.00
0.00
0.00
0.00
0.00
0.00
0.00
0.00
0.00
0.00
0.00
0.00
0.00
0.00
0.00
0.00
0.00
9.00
1.00
0.00
0.00
0.00
0.00
0.00
0.00
0.00
0.00
0.00
0.00
0.00
0.00
0.00
0.00
0.00
0.00
0.00
1.00
0.00
0.00
0.00
77.00
0.00
0.00
0.00
0.00
0.00
0.00
0.00
0.00
0.00
0.00
323.00
102.00
5.00
9.00
0.00
0.00
0.00
0.00
0.00
0.00
0.00
0.00
9.00
0.00
0.00
0.00
1.00
0.00
8.00
0.00
0.00
0.00
0.00
0.00
1.00
14.00
0.00
18.00
0.00
0.00
0.00
0.00
0.00
0.00
379.00
2.00
15.00
253.00
185.00
21.00
79.00
530.00
1.00
0.00
0.00
0.00
0.00
0.00
0.00
0.00
0.00
0.00
0.00
56.00
15.00
0.00
0.00
0.00
0.00
0.00
0.00
0.00
39.00
2.00
0.00
0.00
0.00
0.00
47.00
185.00
32.00
21.00
0.00
3.00
40.00
0.00
0.00
1.00
0.00
28.00
257.00
2.00
1.00
1.00
114.00
310.00
226.00
1043.00
616.00
5.00
0.00
447.00
113.00
0.00
9.00
152.00
60.00
4.00
58.00
0.00
0.00
9.00
80.00
0.00
187.00
190.00
133.00
230.00
244.00
578.00
135.00
184.00
0.00
0.00
49.00
48.00
3.00
0.00
14.00
13.00
4.00
32.00
45.00
127.00
49.00
13.00
335.00
196.00
1.00
2.00
11.00
190.00
425.00
99.00
23.00
302.00
60.00
33.00
36.00
0.00
66.00
24.00
32.00
150.00
82.00
38.00
194.00
17.00
13.00
6.00
4.00
47.00
115.00
282.00
6.00
5.00
54.00
238.00
196.00
430.00
66.00
26.00
128.00
48.00
25.00
1.00
9.00
68.00
68.00
421.00
39.00
0.00
178.00
302.00
71.00
283.00
13.00
0.00
0.00
466.00
281.00
0.00
0.00
0.00
407.00
18.00
158.00
266.00
1.00
77.00
288.00
138.00
47.00
19.00
8.00
2.00
2.00
2.00
9.00
6.00
34.00
175.00
216.00
243.00
80.00
41.00
173.00
106.00
50.00
11.00
41.00
89.00
52.00
30.00
1.00
1.00
26.00
411.00
155.00
0.00
294.00
489.00
175.00
68.00
151.00
42.00
36.00
311.00
22.00
28.00
66.00
1112.00
150.00
0.00
3.00
0.00
0.00
0.00
0.00
0.00
0.00
0.00
0.00
0.00
0.00
0.00
0.00
50.00
87.00
27.00
0.00
0.00
0.00
6.00
14.00
206.00
721.00
547.00
0.00
0.00
0.00
0.00
0.00
0.00
0.00
0.00
0.00
0.00
0.00
0.00
0.00
0.00
0.00
0.00
0.00
0.00
0.00
0.00
0.00
0.00
0.00
0.00
86.00
0.00
0.00
0.00
0.00
0.00
0.00
0.00
0.00
0.00
0.00
0.00
0.00
0.00
0.00
0.00
0.00
0.00
0.00
0.00
0.00
0.00
0.00
0.00
0.00
0.00
0.00
0.00
0.00
0.00
0.00
0.00
0.00
0.00
0.00
0.00
0.00
0.00
0.00
0.00
0.00
0.00
0.00
0.00
0.00
0.00
0.00
0.00
0.00
0.00
1.00
0.00
0.00
0.00
0.00
0.00
0.00
2.00
0.00
0.00
0.00
0.00
0.00
0.00
0.00
0.00
0.00
0.00
0.00
0.00
0.00
0.00
0.00
0.00
0.00
0.00
0.00
0.00
0.00
0.00
0.00
0.00
0.00
0.00
0.00
0.00
0.00
0.00
0.00
0.00
0.00
0.00
0.00
0.00
23.00
322.00
19.00
187.00
8.00
64.00
40.00
0.00
0.00
0.00
0.00
0.00
0.00
220.00
5.00
33.00
0.00
0.00
0.00
0.00
23.00
0.00
0.00
1.00
38.00
56.00
0.00
0.00
0.00
615.00
92.00
223.00
0.00
0.00
0.00
0.00
0.00
0.00
0.00
0.00
0.00
41.00
14.00
0.00
4.00
583.00
220.00
84.00
277.00
57.00
283.00
216.00
0.00
0.00
0.00
11.00
0.00
0.00
0.00
0.00
0.00
1.00
1.00
0.00
0.00
163.00
0.00
0.00
0.00
98.00
44.00
376.00
32.00
117.00
0.00
0.00
0.00
0.00
0.00
0.00
0.00
0.00
1.00
10.00
329.00
463.00
688.00
11.00
695.00
69.00
1.00
390.00
5.00
0.00
579.00
936.00
57.00
212.00
465.00
508.00
491.00
0.00
125.00
165.00
139.00
206.00
681.00
0.00
154.00
62.00
20.00
59.00
23.00
28.00
19.00
40.00
7.00
100.00
167.00
247.00
374.00
222.00
59.00
2.00
0.00
1.00
14.00
125.00
28.00
251.00
163.00
198.00
79.00
49.00
122.00
227.00
424.00
1515.00
248.00
7.00
289.00
838.00
73.00
205.00
76.00
112.00
230.00
36.00
0.00
4.00
4.00
95.00
163.00
99.00
75.00
9.00
6.00
30.00
177.00
427.00
327.00
197.00
2.00
112.00
12.00
56.00
62.00
160.00
272.00
400.00
268.00
174.00
339.00
90.00
240.00
276.00
136.00
23.00
572.00
91.00
224.00
86.00
56.00
46.00
12.00
10.00
32.00
66.00
2.00
160.00
216.00
151.00
1.00
30.00
26.00
142.00
362.00
459.00
76.00
35.00
6.00
0.00
117.00
346.00
335.00
337.00
240.00
36.00
328.00
41.00
11.00
15.00
120.00
275.00
26.00
92.00
0.00
0.00
3.00
0.00
0.00
2.00
0.00
0.00
0.00
0.00
98.00
166.00
205.00
636.00
2301.00
0.00
0.00
0.00
0.00
0.00
0.00
0.00
512.00
121.00
0.00
0.00
0.00
0.00
0.00
0.00
0.00
0.00
0.00
0.00
0.00
0.00
17.00
0.00
0.00
257.00
16.00
6.00
0.00
0.00
0.00
0.00
0.00
0.00
0.00
0.00
0.00
0.00
0.00
0.00
0.00
0.00
0.00
0.00
0.00
0.00
3.00
86.00
1278.00
928.00
1004.00
0.00
0.00
0.00
0.00
0.00
0.00
0.00
0.00
5.00
0.00
0.00
0.00
0.00
0.00
0.00
0.00
0.00
0.00
0.00
0.00
314.00
232.00
0.00
0.00
0.00
0.00
0.00
0.00
0.00
0.00
0.00
0.00
0.00
0.00
0.00
0.00
0.00
0.00
0.00
0.00
0.00
0.00
0.00
0.00
0.00
0.00
0.00
0.00
0.00
0.00
0.00
0.00
0.00
0.00
0.00
0.00
0.00
0.00
83.00
55.00
511.00
19.00
106.00
0.00
0.00
0.00
0.00
0.00
0.00
0.00
0.00
0.00
0.00
0.00
0.00
0.00
0.00
278.00
0.00
0.00
0.00
0.00
0.00
0.00
17.00
0.00
0.00
0.00
0.00
0.00
0.00
0.00
0.00
0.00
0.00
38.00
38.00
0.00
0.00
0.00
0.00
0.00
0.00
0.00
0.00
0.00
0.00
0.00
0.00
123.00
101.00
12.00
33.00
0.00
0.00
3.00
51.00
32.00
489.00
36.00
7.00
54.00
1.00
0.00
43.00
0.00
0.00
228.00
39.00
67.00
32.00
46.00
72.00
0.00
0.00
0.00
2.00
0.00
1.00
511.00
306.00
3.00
33.00
18.00
108.00
648.00
146.00
389.00
214.00
384.00
167.00
433.00
0.00
117.00
0.00
0.00
79.00
0.00
207.00
172.00
188.00
39.00
5.00
45.00
18.00
0.00
0.00
0.00
29.00
73.00
292.00
167.00
8.00
59.00
0.00
173.00
0.00
0.00
1.00
82.00
543.00
531.00
394.00
2071.00
129.00
57.00
88.00
84.00
18.00
9.00
166.00
8.00
0.00
4.00
73.00
219.00
3.00
9.00
10.00
1.00
0.00
0.00
1.00
280.00
493.00
35.00
5.00
36.00
41.00
6.00
12.00
9.00
79.00
26.00
98.00
167.00
31.00
0.00
3.00
7.00
10.00
60.00
73.00
36.00
400.00
170.00
6.00
32.00
106.00
40.00
4.00
18.00
45.00
80.00
60.00
13.00
279.00
326.00
216.00
12.00
99.00
28.00
86.00
82.00
214.00
159.00
434.00
48.00
25.00
149.00
59.00
24.00
4.00
87.00
3.00
19.00
16.00
69.00
54.00
2.00
4.00
1.00
20.00
2.00
6.00
4.00
11.00
171.00
43.00
0.00
0.00
0.00
137.00
1.00
72.00
257.00
6.00
1.00
110.00
0.00
0.00
136.00
183.00
41.00
0.00
0.00
5.00
25.00
44.00
33.00
1.00
0.00
1.00
0.00
0.00
0.00
0.00
0.00
0.00
0.00
0.00
0.00
126.00
183.00
522.00
469.00
208.00
1.00
0.00
0.00
0.00
0.00
0.00
0.00
0.00
0.00
0.00
0.00
0.00
0.00
4.00
48.00
260.00
125.00
10.00
0.00
0.00
0.00
0.00
0.00
0.00
0.00
0.00
0.00
0.00
0.00
0.00
0.00
0.00
0.00
0.00
0.00
0.00
0.00
0.00
0.00
0.00
0.00
0.00
0.00
0.00
0.00
0.00
0.00
0.00
0.00
0.00
0.00
0.00
0.00
0.00
0.00
0.00
0.00
0.00
0.00
0.00
0.00
0.00
0.00
56.00
36.00
0.00
0.00
0.00
0.00
0.00
0.00
0.00
0.00
0.00
0.00
0.00
0.00
0.00
0.00
0.00
0.00
0.00
0.00
0.00
0.00
0.00
0.00
0.00
0.00
0.00
0.00
0.00
0.00
0.00
0.00
0.00
0.00
0.00
0.00
0.00
0.00
0.00
0.00
0.00
0.00
0.00
0.00
0.00
0.00
0.00
0.00
0.00
0.00
0.00
0.00
0.00
0.00
0.00
0.00
0.00
0.00
0.00
0.00
0.00
0.00
2.00
4.00
0.00
0.00
0.00
0.00
0.00
0.00
0.00
93.80
76.10
45.20
27.90
0.00
0.00
0.00
1.40
25.90
0.00
0.00
0.00
0.00
0.00
0.00
0.00
0.00
0.00
0.20
2.90
4.50
0.10
0.90
1.20
0.00
0.20
0.00
0.00
0.00
0.00
0.00
0.00
0.00
0.00
32.10
35.40
74.80
17.00
0.00
0.00
8.00
0.00
42.60
40.90
1.40
6.90
0.10
6.80
0.00
0.00
0.00
0.00
0.00
0.00
0.00
0.00
0.10
0.00
0.00
0.00
0.00
0.00
0.00
0.00
0.00
0.00
0.10
22.10
96.80
0.00
0.00
0.00
0.00
0.00
0.00
0.00
0.00
13.50
0.40
0.60
2.00
25.10
0.10
0.70
0.70
0.00
14.10
14.10
98.20
29.50
0.50
0.00
0.00
0.00
0.00
0.00
33.60
5.80
0.50
2.40
0.30
0.30
1.10
3.80
21.20
0.50
0.00
17.20
63.20
19.30
29.40
0.00
0.00
7.60
18.90
16.40
4.00
0.00
0.00
0.50
2.60
6.50
13.50
1.40
1.00
3.70
1.00
1.20
0.60
0.90
0.20
10.80
51.50
48.20
86.30
86.30
108.90
108.90
18.90
0.30
0.30
6.10
21.70
0.30
0.30
0.30
0.40
0.60
5.10
3.00
35.80
5.40
11.60
0.80
0.00
20.10
3.80
5.60
4.40
9.00
51.40
28.10
10.80
0.50
24.30
2.50
0.90
26.80
22.40
16.10
30.80
37.10
1.20
0.80
0.20
1.10
13.10
1.90
25.10
44.40
47.10
3.80
1.20
1.60
2.30
0.50
39.00
23.30
24.00
20.20
2.80
15.40
5.50
2.30
1.10
19.00
29.50
4.30
3.60
34.30
5.60
1.00
2.00
0.00
3.20
2.80
0.90
0.30
18.50
21.70
7.30
8.20
9.60
0.20
14.50
0.50
16.50
17.70
17.70
36.30
0.00
0.20
1.80
12.00
2.10
8.20
8.60
15.10
0.00
0.00
0.00
0.00
0.00
3.50
0.00
0.00
0.10
0.00
0.30
4.20
3.80
0.30
0.00
1.50
