20160101
0.00
0.00
0.00
0.00
0.00
0.00
0.00
0.00
1.00
0.00
0.00
0.00
1.00
0.00
0.00
0.00
0.00
0.00
0.00
1.00
0.00
0.00
0.00
0.00
0.00
0.00
0.00
0.00
0.00
0.00
0.00
0.00
0.00
0.00
0.00
0.00
0.00
0.00
0.00
0.00
0.00
0.00
16.00
0.00
0.00
0.00
0.00
0.00
0.00
0.00
0.00
0.00
0.00
83.00
8.00
0.00
15.00
0.00
0.00
0.00
0.00
0.00
0.00
12.00
0.00
75.00
0.00
1.00
0.00
0.00
0.00
0.00
0.00
0.00
0.00
12.00
0.00
0.00
0.00
0.00
263.00
0.00
50.00
0.00
0.00
0.00
0.00
368.00
0.00
222.00
441.00
51.00
0.00
73.00
419.00
417.00
122.00
0.00
0.00
0.00
0.00
0.00
0.00
9.00
101.00
44.00
449.00
200.00
0.00
123.00
66.00
294.00
332.00
0.00
3.00
111.00
3.00
10.00
29.00
0.00
11.00
51.00
401.00
24.00
179.00
4.00
11.00
1.00
0.00
0.00
1.00
0.00
80.00
102.00
0.00
83.00
1.00
300.00
251.00
22.00
177.00
883.00
14.00
0.00
10.00
23.00
0.00
55.00
5.00
10.00
0.00
19.00
0.00
0.00
65.00
174.00
12.00
63.00
18.00
20.00
60.00
250.00
39.00
21.00
0.00
0.00
97.00
53.00
156.00
85.00
18.00
5.00
93.00
86.00
2.00
34.00
24.00
5.00
34.00
0.00
120.00
7.00
92.00
35.00
52.00
32.00
9.00
3.00
44.00
82.00
162.00
112.00
92.00
16.00
1.00
25.00
142.00
73.00
25.00
1.00
9.00
5.00
3.00
30.00
55.00
75.00
285.00
2.00
6.00
3.00
103.00
5.00
110.00
52.00
9.00
10.00
3.00
43.00
94.00
159.00
125.00
13.00
6.00
115.00
269.00
38.00
47.00
11.00
27.00
8.00
38.00
0.00
453.00
10.00
6.00
17.00
0.00
182.00
0.00
2.00
8.00
7.00
203.00
179.00
2.00
0.00
40.00
40.00
15.00
34.00
71.00
2.00
82.00
12.00
31.00
15.00
43.00
2.00
6.00
291.00
98.00
32.00
66.00
157.00
190.00
127.00
352.00
1.00
96.00
1.00
112.00
28.00
0.00
120.00
28.00
2.00
0.00
29.00
34.00
104.00
223.00
65.00
0.00
18.00
26.00
239.00
0.00
0.00
0.00
0.00
0.00
0.00
0.00
0.00
0.00
0.00
0.00
9.00
0.00
0.00
62.00
66.00
81.00
12.00
0.00
0.00
16.00
19.00
131.00
395.00
107.00
0.00
0.00
0.00
0.00
0.00
0.00
0.00
0.00
0.00
0.00
0.00
0.00
0.00
0.00
0.00
0.00
0.00
0.00
0.00
0.00
0.00
0.00
0.00
0.00
0.00
0.00
0.00
0.00
0.00
0.00
0.00
0.00
0.00
0.00
0.00
0.00
0.00
0.00
0.00
0.00
0.00
0.00
0.00
0.00
0.00
0.00
0.00
0.00
0.00
0.00
0.00
0.00
0.00
0.00
0.00
0.00
0.00
0.00
0.00
0.00
0.00
0.00
0.00
0.00
0.00
0.00
0.00
0.00
0.00
0.00
0.00
0.00
0.00
0.00
0.00
0.00
0.00
0.00
0.00
0.00
0.00
19.00
0.00
0.00
0.00
0.00
0.00
0.00
0.00
0.00
0.00
0.00
0.00
0.00
0.00
0.00
0.00
0.00
0.00
0.00
0.00
0.00
0.00
0.00
0.00
0.00
0.00
0.00
6.00
0.00
0.00
0.00
0.00
0.00
0.00
0.00
0.00
0.00
23.00
35.00
0.00
167.00
0.00
152.00
88.00
0.00
0.00
0.00
0.00
0.00
0.00
108.00
2.00
94.00
0.00
0.00
0.00
0.00
56.00
0.00
0.00
1.00
63.00
368.00
43.00
36.00
41.00
411.00
148.00
93.00
0.00
0.00
0.00
0.00
0.00
0.00
0.00
0.00
0.00
58.00
5.00
125.00
1.00
233.00
264.00
110.00
255.00
28.00
84.00
30.00
0.00
0.00
91.00
2.00
105.00
91.00
0.00
0.00
18.00
0.00
13.00
0.00
0.00
125.00
0.00
1.00
0.00
18.00
46.00
288.00
6.00
48.00
0.00
30.00
8.00
92.00
29.00
0.00
0.00
1.00
7.00
172.00
171.00
160.00
413.00
78.00
165.00
181.00
135.00
127.00
8.00
68.00
79.00
174.00
478.00
278.00
235.00
144.00
89.00
9.00
154.00
7.00
22.00
18.00
21.00
33.00
2.00
4.00
32.00
84.00
206.00
528.00
29.00
113.00
68.00
299.00
60.00
28.00
36.00
45.00
41.00
123.00
51.00
18.00
38.00
12.00
204.00
112.00
222.00
89.00
97.00
0.00
52.00
108.00
53.00
52.00
79.00
3.00
145.00
98.00
19.00
58.00
5.00
65.00
69.00
83.00
58.00
7.00
54.00
203.00
26.00
103.00
71.00
1.00
8.00
2.00
15.00
166.00
59.00
2.00
23.00
66.00
23.00
5.00
29.00
107.00
197.00
21.00
55.00
53.00
28.00
46.00
412.00
9.00
124.00
15.00
14.00
12.00
21.00
1.00
19.00
0.00
3.00
19.00
23.00
33.00
0.00
41.00
10.00
65.00
131.00
191.00
21.00
7.00
253.00
86.00
60.00
64.00
1.00
1.00
0.00
0.00
0.00
268.00
42.00
212.00
3.00
12.00
26.00
229.00
24.00
6.00
36.00
99.00
116.00
82.00
12.00
25.00
1.00
1.00
3.00
0.00
0.00
0.00
3.00
114.00
109.00
226.00
860.00
0.00
0.00
0.00
0.00
0.00
0.00
9.00
747.00
385.00
0.00
0.00
0.00
0.00
0.00
0.00
0.00
0.00
0.00
0.00
0.00
0.00
94.00
0.00
0.00
119.00
43.00
16.00
0.00
0.00
0.00
0.00
0.00
0.00
0.00
0.00
0.00
0.00
0.00
0.00
0.00
0.00
0.00
0.00
0.00
0.00
1.00
15.00
262.00
260.00
259.00
0.00
0.00
0.00
0.00
0.00
0.00
0.00
0.00
1.00
0.00
0.00
0.00
0.00
1.00
0.00
0.00
0.00
0.00
0.00
0.00
145.00
159.00
59.00
0.00
0.00
0.00
0.00
0.00
0.00
0.00
0.00
0.00
0.00
0.00
0.00
0.00
0.00
0.00
0.00
0.00
0.00
0.00
0.00
0.00
0.00
0.00
0.00
0.00
0.00
0.00
0.00
0.00
0.00
0.00
0.00
0.00
0.00
0.00
1.00
8.00
383.00
0.00
36.00
0.00
0.00
0.00
0.00
0.00
0.00
0.00
0.00
2.00
0.00
0.00
0.00
3.00
0.00
134.00
0.00
0.00
0.00
0.00
0.00
0.00
0.00
0.00
0.00
0.00
0.00
0.00
0.00
0.00
11.00
0.00
0.00
2.00
32.00
98.00
0.00
0.00
0.00
0.00
0.00
0.00
0.00
29.00
14.00
0.00
9.00
55.00
2.00
0.00
7.00
119.00
0.00
4.00
0.00
2.00
290.00
0.00
41.00
1.00
1.00
0.00
25.00
0.00
0.00
54.00
40.00
9.00
0.00
147.00
1.00
0.00
0.00
11.00
1.00
53.00
63.00
57.00
169.00
7.00
226.00
0.00
55.00
191.00
467.00
444.00
419.00
400.00
416.00
251.00
0.00
128.00
0.00
3.00
0.00
1.00
0.00
0.00
0.00
0.00
1.00
0.00
58.00
0.00
0.00
0.00
0.00
50.00
1.00
26.00
32.00
83.00
305.00
393.00
123.00
0.00
3.00
87.00
105.00
179.00
618.00
363.00
29.00
135.00
117.00
0.00
0.00
1.00
0.00
0.00
135.00
46.00
10.00
0.00
6.00
68.00
52.00
10.00
1.00
5.00
0.00
68.00
7.00
0.00
6.00
12.00
59.00
6.00
36.00
119.00
88.00
9.00
28.00
13.00
117.00
9.00
23.00
5.00
1.00
10.00
87.00
55.00
25.00
32.00
48.00
6.00
11.00
11.00
135.00
154.00
101.00
71.00
0.00
0.00
11.00
31.00
44.00
150.00
16.00
15.00
9.00
101.00
195.00
4.00
14.00
75.00
15.00
187.00
19.00
7.00
533.00
127.00
0.00
121.00
25.00
33.00
61.00
10.00
91.00
16.00
30.00
37.00
133.00
1.00
7.00
7.00
15.00
0.00
0.00
7.00
169.00
13.00
0.00
0.00
0.00
1.00
104.00
0.00
0.00
89.00
27.00
8.00
160.00
2.00
22.00
64.00
2.00
2.00
12.00
0.00
0.00
0.00
0.00
0.00
2.00
2.00
0.00
1.00
1.00
0.00
137.00
85.00
412.00
301.00
9.00
0.00
0.00
0.00
0.00
0.00
0.00
0.00
0.00
0.00
0.00
0.00
0.00
0.00
356.00
78.00
169.00
103.00
39.00
0.00
0.00
0.00
0.00
0.00
0.00
0.00
0.00
0.00
0.00
0.00
1.00
0.00
0.00
0.00
0.00
0.00
0.00
0.00
1.00
0.00
0.00
0.00
0.00
0.00
0.00
0.00
0.00
0.00
0.00
0.00
0.00
0.00
0.00
1.00
2.00
0.00
0.00
0.00
0.00
0.00
0.00
0.00
4.00
1.00
7.00
31.00
4.00
0.00
0.00
0.00
0.00
0.00
0.00
0.00
0.00
0.00
0.00
0.00
0.00
0.00
0.00
0.00
0.00
0.00
0.00
0.00
0.00
0.00
0.00
0.00
0.00
0.00
0.00
0.00
0.00
0.00
0.00
0.00
0.00
0.00
0.00
0.00
0.00
0.00
0.00
0.00
0.00
0.00
2.00
0.00
0.00
0.00
0.00
0.00
0.00
0.00
0.00
0.00
0.00
0.00
0.00
0.00
0.00
0.00
0.00
0.00
1.00
6.00
0.00
0.00
0.00
0.00
0.00
0.00
0.00
137.90
113.90
134.10
76.20
0.00
0.00
0.00
5.10
43.10
0.00
0.00
0.00
0.00
0.00
0.00
0.00
0.00
0.00
0.50
0.10
56.50
6.40
0.00
0.00
0.00
10.00
0.00
0.00
0.00
0.00
1.10
0.00
0.00
0.00
98.00
9.00
92.00
2.40
5.50
0.10
3.50
0.20
19.00
36.80
0.00
0.30
0.00
0.00
0.00
0.30
0.00
0.10
0.00
0.00
0.00
0.00
0.60
0.00
0.00
0.00
0.00
0.00
4.10
0.10
0.00
0.00
0.00
1.00
4.10
0.00
0.00
0.00
0.00
0.00
0.00
0.40
0.00
0.50
6.70
0.80
0.00
4.90
4.40
0.50
0.50
0.00
1.60
1.60
52.00
0.80
0.00
0.00
0.00
0.00
0.00
1.70
19.20
0.20
0.30
7.00
0.00
11.70
5.70
0.80
10.80
0.00
0.00
10.70
9.20
12.00
6.80
0.00
0.00
0.00
5.10
11.00
8.60
4.80
0.00
0.80
19.20
5.40
1.50
0.10
5.30
1.90
10.30
4.40
0.20
17.10
4.40
3.20
3.10
2.90
3.90
3.90
10.90
10.90
3.40
0.10
0.10
0.00
10.70
0.10
0.10
0.10
8.80
2.50
1.10
2.40
40.80
17.60
9.00
6.90
0.60
12.50
0.40
10.10
9.20
31.80
1.30
18.30
6.90
3.20
13.10
11.80
0.60
4.40
2.20
20.50
6.50
9.00
0.10
6.50
0.30
0.10
6.10
4.20
9.30
18.50
13.30
0.40
0.00
0.80
13.00
0.00
3.30
0.20
5.50
4.20
0.20
9.10
13.40
7.80
9.90
1.00
3.20
17.80
22.30
8.50
0.90
0.00
26.40
11.00
1.10
0.60
2.90
2.20
9.00
25.90
20.70
23.80
18.70
1.90
11.30
10.00
20.20
2.00
2.00
0.90
0.00
0.00
0.00
4.50
30.90
5.60
9.90
6.70
0.10
0.00
0.00
2.10
44.60
1.30
0.00
0.00
0.00
0.00
1.00
9.20
3.90
0.30
1.00
1.30
