20160101
0.00
0.00
0.00
0.00
0.00
0.00
0.00
0.00
9.00
0.00
0.00
0.00
0.00
1.00
0.00
0.00
0.00
0.00
0.00
11.00
0.00
0.00
0.00
0.00
0.00
0.00
0.00
0.00
0.00
0.00
0.00
0.00
0.00
0.00
0.00
0.00
0.00
0.00
0.00
3.00
0.00
0.00
0.00
0.00
0.00
0.00
0.00
0.00
0.00
0.00
1.00
0.00
2.00
39.00
57.00
0.00
14.00
0.00
0.00
0.00
0.00
0.00
0.00
0.00
0.00
70.00
0.00
0.00
0.00
1.00
0.00
1.00
1.00
0.00
3.00
9.00
0.00
6.00
1.00
4.00
66.00
0.00
1.00
0.00
0.00
0.00
0.00
417.00
25.00
27.00
191.00
185.00
4.00
303.00
663.00
0.00
0.00
0.00
0.00
0.00
0.00
0.00
0.00
0.00
27.00
0.00
178.00
192.00
1.00
36.00
0.00
0.00
0.00
0.00
0.00
21.00
0.00
1.00
0.00
0.00
17.00
303.00
140.00
229.00
64.00
25.00
211.00
17.00
0.00
0.00
2.00
0.00
244.00
395.00
16.00
106.00
1.00
568.00
85.00
126.00
715.00
747.00
20.00
0.00
328.00
96.00
5.00
16.00
110.00
126.00
6.00
41.00
9.00
0.00
234.00
296.00
12.00
1.00
35.00
47.00
52.00
167.00
641.00
87.00
16.00
0.00
3.00
224.00
205.00
6.00
10.00
9.00
5.00
32.00
95.00
21.00
42.00
51.00
74.00
289.00
122.00
8.00
32.00
62.00
62.00
386.00
9.00
0.00
221.00
59.00
95.00
127.00
3.00
18.00
0.00
33.00
114.00
50.00
68.00
49.00
0.00
7.00
2.00
19.00
90.00
94.00
214.00
6.00
3.00
13.00
359.00
137.00
84.00
598.00
54.00
348.00
55.00
93.00
5.00
48.00
75.00
113.00
359.00
16.00
24.00
345.00
234.00
76.00
154.00
41.00
0.00
0.00
181.00
12.00
0.00
1.00
1.00
889.00
44.00
337.00
47.00
0.00
131.00
263.00
177.00
68.00
41.00
3.00
32.00
2.00
3.00
1.00
2.00
0.00
19.00
168.00
404.00
306.00
8.00
299.00
36.00
31.00
108.00
354.00
130.00
66.00
18.00
0.00
18.00
84.00
87.00
225.00
0.00
578.00
325.00
64.00
0.00
464.00
36.00
208.00
351.00
146.00
0.00
21.00
346.00
98.00
0.00
0.00
0.00
0.00
0.00
0.00
0.00
0.00
0.00
0.00
0.00
0.00
0.00
0.00
19.00
100.00
21.00
0.00
0.00
0.00
22.00
46.00
279.00
691.00
439.00
0.00
0.00
0.00
0.00
0.00
0.00
0.00
0.00
0.00
0.00
0.00
0.00
0.00
0.00
0.00
0.00
0.00
0.00
0.00
0.00
0.00
0.00
0.00
0.00
0.00
0.00
0.00
0.00
0.00
0.00
0.00
0.00
0.00
0.00
0.00
0.00
0.00
0.00
0.00
0.00
0.00
0.00
0.00
0.00
0.00
0.00
0.00
0.00
0.00
0.00
0.00
0.00
0.00
0.00
0.00
0.00
0.00
0.00
0.00
0.00
0.00
0.00
0.00
0.00
0.00
0.00
0.00
0.00
0.00
0.00
0.00
0.00
0.00
0.00
0.00
0.00
0.00
0.00
0.00
0.00
0.00
4.00
0.00
0.00
0.00
0.00
0.00
0.00
0.00
0.00
0.00
0.00
0.00
0.00
0.00
0.00
0.00
0.00
0.00
0.00
0.00
0.00
0.00
0.00
0.00
0.00
0.00
0.00
15.00
0.00
0.00
0.00
0.00
0.00
0.00
0.00
0.00
0.00
165.00
74.00
6.00
254.00
0.00
76.00
192.00
0.00
0.00
0.00
0.00
0.00
0.00
99.00
0.00
44.00
0.00
0.00
0.00
0.00
100.00
0.00
0.00
0.00
369.00
233.00
0.00
0.00
0.00
441.00
165.00
367.00
0.00
0.00
0.00
0.00
0.00
0.00
0.00
0.00
0.00
24.00
11.00
0.00
2.00
840.00
352.00
116.00
356.00
130.00
385.00
231.00
0.00
1.00
0.00
59.00
3.00
79.00
0.00
0.00
28.00
0.00
40.00
0.00
0.00
58.00
0.00
0.00
0.00
75.00
33.00
451.00
9.00
112.00
0.00
96.00
0.00
66.00
10.00
0.00
0.00
5.00
7.00
0.00
117.00
195.00
985.00
246.00
405.00
77.00
70.00
467.00
2.00
0.00
193.00
319.00
655.00
700.00
130.00
293.00
154.00
0.00
60.00
232.00
178.00
134.00
1179.00
2.00
22.00
96.00
79.00
205.00
91.00
139.00
58.00
41.00
5.00
115.00
42.00
47.00
131.00
26.00
25.00
2.00
2.00
0.00
60.00
67.00
103.00
321.00
331.00
77.00
232.00
139.00
173.00
24.00
178.00
262.00
113.00
82.00
147.00
637.00
92.00
29.00
72.00
156.00
222.00
15.00
0.00
0.00
14.00
100.00
88.00
124.00
25.00
8.00
2.00
0.00
91.00
499.00
201.00
0.00
40.00
136.00
16.00
69.00
60.00
113.00
215.00
174.00
219.00
381.00
112.00
144.00
216.00
90.00
267.00
66.00
154.00
91.00
50.00
3.00
269.00
36.00
0.00
99.00
60.00
88.00
3.00
169.00
305.00
10.00
9.00
13.00
0.00
34.00
114.00
170.00
9.00
18.00
1.00
0.00
0.00
95.00
60.00
341.00
235.00
29.00
61.00
116.00
99.00
2.00
36.00
198.00
157.00
291.00
2.00
0.00
9.00
6.00
0.00
20.00
0.00
0.00
0.00
0.00
318.00
629.00
807.00
470.00
1249.00
0.00
0.00
0.00
0.00
0.00
0.00
1.00
536.00
339.00
0.00
0.00
0.00
0.00
0.00
0.00
0.00
0.00
0.00
0.00
0.00
0.00
89.00
0.00
1.00
133.00
21.00
7.00
0.00
0.00
0.00
0.00
0.00
0.00
0.00
0.00
0.00
0.00
0.00
0.00
0.00
0.00
0.00
0.00
0.00
0.00
0.00
40.00
464.00
718.00
729.00
0.00
0.00
0.00
0.00
0.00
0.00
0.00
0.00
24.00
0.00
0.00
0.00
0.00
0.00
0.00
0.00
0.00
0.00
0.00
0.00
59.00
79.00
15.00
0.00
0.00
0.00
0.00
0.00
0.00
0.00
0.00
0.00
0.00
0.00
0.00
0.00
0.00
0.00
0.00
0.00
0.00
0.00
0.00
0.00
0.00
0.00
0.00
0.00
0.00
0.00
0.00
0.00
0.00
0.00
0.00
0.00
0.00
0.00
57.00
64.00
615.00
20.00
131.00
0.00
1.00
12.00
0.00
0.00
0.00
0.00
0.00
0.00
0.00
0.00
0.00
0.00
0.00
243.00
0.00
0.00
0.00
0.00
0.00
0.00
4.00
1.00
0.00
0.00
0.00
0.00
0.00
0.00
344.00
0.00
0.00
11.00
19.00
0.00
0.00
0.00
0.00
0.00
0.00
0.00
0.00
15.00
1.00
38.00
0.00
210.00
52.00
0.00
11.00
23.00
0.00
44.00
131.00
71.00
134.00
0.00
0.00
34.00
5.00
0.00
47.00
0.00
0.00
273.00
43.00
59.00
30.00
392.00
82.00
0.00
0.00
66.00
6.00
3.00
55.00
221.00
413.00
5.00
21.00
22.00
88.00
628.00
685.00
393.00
223.00
515.00
431.00
155.00
0.00
26.00
16.00
45.00
51.00
3.00
125.00
110.00
561.00
22.00
12.00
129.00
142.00
2.00
0.00
0.00
47.00
94.00
24.00
98.00
40.00
215.00
0.00
181.00
135.00
0.00
10.00
205.00
858.00
251.00
670.00
926.00
81.00
152.00
649.00
0.00
38.00
20.00
159.00
1.00
4.00
1.00
41.00
108.00
6.00
64.00
43.00
5.00
1.00
0.00
11.00
93.00
159.00
125.00
14.00
0.00
46.00
5.00
18.00
68.00
33.00
45.00
193.00
63.00
172.00
2.00
16.00
19.00
3.00
38.00
29.00
38.00
153.00
109.00
8.00
18.00
6.00
25.00
37.00
61.00
55.00
20.00
20.00
34.00
276.00
173.00
85.00
20.00
284.00
39.00
51.00
124.00
146.00
376.00
199.00
269.00
237.00
83.00
83.00
9.00
54.00
110.00
7.00
21.00
35.00
160.00
87.00
75.00
0.00
1.00
3.00
37.00
40.00
0.00
26.00
279.00
20.00
0.00
0.00
0.00
96.00
1.00
26.00
78.00
3.00
0.00
44.00
3.00
1.00
81.00
52.00
250.00
11.00
2.00
20.00
3.00
37.00
66.00
0.00
0.00
0.00
0.00
0.00
0.00
0.00
0.00
0.00
0.00
0.00
0.00
102.00
144.00
621.00
368.00
35.00
0.00
0.00
0.00
0.00
0.00
0.00
0.00
0.00
0.00
0.00
0.00
0.00
0.00
7.00
112.00
265.00
130.00
27.00
0.00
0.00
0.00
0.00
0.00
3.00
0.00
0.00
0.00
0.00
0.00
0.00
0.00
0.00
0.00
0.00
0.00
0.00
0.00
0.00
0.00
0.00
0.00
0.00
0.00
0.00
0.00
0.00
0.00
0.00
0.00
0.00
0.00
0.00
0.00
0.00
0.00
0.00
0.00
0.00
0.00
0.00
0.00
0.00
0.00
19.00
34.00
4.00
0.00
0.00
0.00
0.00
0.00
0.00
0.00
0.00
0.00
0.00
0.00
0.00
0.00
0.00
0.00
0.00
0.00
0.00
0.00
0.00
0.00
0.00
0.00
0.00
0.00
0.00
0.00
0.00
0.00
0.00
0.00
0.00
0.00
0.00
0.00
0.00
0.00
0.00
0.00
0.00
0.00
0.00
0.00
0.00
0.00
0.00
0.00
0.00
0.00
0.00
0.00
0.00
0.00
0.00
0.00
0.00
0.00
0.00
0.00
2.00
8.00
0.00
0.00
0.00
0.00
0.00
0.00
2.80
89.00
70.00
65.10
36.80
0.00
0.00
0.00
1.20
22.90
0.70
0.00
0.00
0.00
0.00
0.00
0.00
0.00
2.10
0.70
2.00
32.60
2.50
0.00
0.00
0.00
0.00
0.00
0.00
0.00
0.00
0.00
0.00
0.00
0.00
67.60
45.30
147.90
15.40
0.00
0.00
9.60
0.00
13.70
12.20
0.40
3.40
0.00
2.20
0.00
0.00
0.10
0.20
0.00
0.00
0.00
0.00
0.20
0.00
0.00
0.00
0.00
0.00
0.10
0.00
0.00
0.00
0.00
12.90
49.50
0.00
0.00
0.00
0.00
0.00
0.00
0.00
0.00
4.50
11.60
20.70
9.60
2.20
3.30
0.80
0.80
0.00
4.70
4.70
75.80
18.90
0.30
5.30
0.00
0.00
0.00
0.20
32.00
3.80
12.60
32.90
0.80
0.10
2.30
1.30
8.10
0.00
0.00
16.50
44.30
50.70
10.90
0.10
0.20
11.20
22.00
7.40
8.90
1.50
0.00
0.10
4.30
2.00
6.30
3.50
0.70
7.10
0.00
0.20
0.20
9.40
2.70
7.20
23.50
31.30
97.60
97.60
36.20
36.20
25.40
0.00
0.00
0.00
10.20
0.00
0.00
0.00
0.10
0.00
2.40
0.40
47.40
5.90
3.10
2.60
0.20
24.30
1.60
1.80
2.40
21.70
16.40
24.90
15.60
7.70
6.70
1.60
0.60
5.10
34.00
9.40
26.50
27.20
0.70
2.00
0.00
0.00
9.90
6.80
15.80
43.50
26.90
1.90
0.60
0.40
3.90
1.30
15.30
7.90
116.50
31.00
8.20
42.10
12.30
7.20
0.60
1.90
8.10
8.50
8.70
5.20
0.60
0.50
2.50
1.30
0.00
0.00
0.80
1.50
19.60
32.10
13.50
24.00
17.80
1.10
0.10
0.20
16.60
7.70
7.70
27.20
0.00
0.10
0.50
23.30
9.50
0.20
22.40
4.60
0.00
0.00
0.00
0.00
0.00
2.00
0.00
0.00
0.00
0.00
0.30
7.40
0.90
0.10
0.00
1.00
