20160101
0.00
0.00
0.00
0.00
0.00
0.00
0.00
0.00
0.00
0.00
0.00
0.00
0.00
0.00
0.00
0.00
0.00
0.00
1.00
1.00
0.00
0.00
0.00
0.00
0.00
0.00
0.00
0.00
0.00
0.00
0.00
0.00
0.00
0.00
0.00
0.00
0.00
3.00
83.00
0.00
0.00
0.00
0.00
0.00
0.00
0.00
0.00
0.00
0.00
0.00
18.00
0.00
1.00
0.00
53.00
0.00
87.00
0.00
0.00
13.00
1.00
1.00
0.00
0.00
0.00
29.00
0.00
2.00
12.00
0.00
0.00
0.00
1.00
2.00
17.00
0.00
0.00
2.00
0.00
0.00
0.00
0.00
0.00
0.00
0.00
0.00
0.00
4.00
16.00
402.00
246.00
0.00
14.00
107.00
0.00
192.00
0.00
0.00
0.00
0.00
0.00
0.00
0.00
0.00
0.00
0.00
0.00
0.00
0.00
2.00
0.00
0.00
0.00
0.00
0.00
0.00
0.00
2.00
0.00
0.00
0.00
142.00
0.00
0.00
3.00
0.00
0.00
172.00
1.00
0.00
0.00
0.00
11.00
101.00
42.00
3.00
2.00
96.00
60.00
28.00
77.00
48.00
0.00
0.00
177.00
28.00
18.00
2.00
9.00
0.00
0.00
141.00
1.00
0.00
0.00
1.00
0.00
73.00
117.00
0.00
2.00
0.00
734.00
150.00
78.00
1.00
14.00
59.00
28.00
0.00
7.00
1.00
21.00
117.00
5.00
66.00
1.00
134.00
8.00
6.00
5.00
2.00
50.00
54.00
152.00
86.00
519.00
143.00
63.00
90.00
24.00
9.00
0.00
5.00
7.00
0.00
162.00
233.00
98.00
73.00
115.00
121.00
30.00
160.00
50.00
23.00
131.00
16.00
1.00
25.00
102.00
107.00
154.00
108.00
41.00
29.00
6.00
47.00
19.00
4.00
5.00
26.00
274.00
62.00
36.00
46.00
29.00
42.00
507.00
326.00
109.00
1.00
86.00
1147.00
10.00
2.00
2.00
304.00
10.00
7.00
54.00
5.00
4.00
1.00
105.00
443.00
38.00
0.00
86.00
36.00
77.00
5.00
1.00
35.00
17.00
43.00
87.00
6.00
9.00
3.00
53.00
5.00
34.00
85.00
33.00
40.00
1.00
127.00
40.00
419.00
26.00
59.00
0.00
0.00
1.00
1.00
0.00
1.00
1.00
59.00
1.00
132.00
1.00
12.00
0.00
18.00
0.00
0.00
0.00
0.00
0.00
0.00
0.00
0.00
0.00
0.00
0.00
13.00
0.00
0.00
118.00
56.00
0.00
0.00
0.00
0.00
0.00
303.00
1020.00
468.00
0.00
0.00
0.00
0.00
0.00
0.00
0.00
0.00
0.00
0.00
0.00
0.00
0.00
0.00
0.00
0.00
0.00
0.00
0.00
0.00
0.00
0.00
0.00
0.00
0.00
0.00
0.00
0.00
0.00
0.00
0.00
0.00
0.00
0.00
0.00
0.00
0.00
0.00
0.00
0.00
0.00
0.00
0.00
0.00
0.00
0.00
0.00
0.00
0.00
0.00
0.00
0.00
0.00
0.00
0.00
0.00
0.00
0.00
0.00
0.00
0.00
0.00
0.00
0.00
0.00
0.00
0.00
0.00
0.00
0.00
0.00
0.00
0.00
0.00
0.00
0.00
0.00
0.00
0.00
0.00
0.00
0.00
33.00
0.00
0.00
0.00
0.00
0.00
0.00
0.00
0.00
0.00
0.00
0.00
0.00
0.00
0.00
0.00
0.00
0.00
0.00
0.00
0.00
0.00
0.00
0.00
0.00
0.00
0.00
0.00
0.00
0.00
0.00
0.00
0.00
0.00
0.00
0.00
0.00
9.00
0.00
0.00
8.00
0.00
369.00
43.00
0.00
0.00
0.00
0.00
0.00
0.00
49.00
2.00
67.00
0.00
0.00
0.00
0.00
0.00
10.00
0.00
7.00
2.00
0.00
0.00
1.00
0.00
72.00
0.00
41.00
0.00
5.00
0.00
0.00
0.00
0.00
0.00
0.00
0.00
0.00
0.00
0.00
67.00
436.00
0.00
527.00
252.00
386.00
120.00
13.00
0.00
5.00
0.00
6.00
70.00
280.00
0.00
0.00
0.00
87.00
12.00
0.00
0.00
404.00
0.00
8.00
0.00
107.00
97.00
444.00
14.00
440.00
0.00
0.00
0.00
0.00
0.00
0.00
0.00
0.00
216.00
0.00
45.00
85.00
87.00
452.00
405.00
220.00
23.00
0.00
509.00
0.00
0.00
103.00
106.00
2.00
587.00
384.00
0.00
9.00
128.00
100.00
58.00
320.00
691.00
0.00
28.00
194.00
0.00
5.00
3.00
27.00
0.00
2.00
1.00
42.00
215.00
185.00
280.00
162.00
210.00
19.00
1.00
8.00
30.00
132.00
185.00
79.00
1.00
8.00
2.00
46.00
155.00
14.00
270.00
410.00
408.00
20.00
37.00
701.00
197.00
389.00
23.00
0.00
46.00
130.00
0.00
171.00
167.00
255.00
96.00
22.00
22.00
77.00
0.00
3.00
630.00
479.00
50.00
24.00
34.00
219.00
68.00
46.00
11.00
24.00
13.00
112.00
492.00
91.00
3.00
5.00
228.00
110.00
18.00
24.00
31.00
71.00
143.00
159.00
67.00
12.00
83.00
1.00
12.00
1.00
31.00
511.00
486.00
0.00
15.00
9.00
0.00
4.00
40.00
143.00
64.00
84.00
36.00
1.00
0.00
0.00
1.00
40.00
103.00
167.00
161.00
77.00
77.00
40.00
0.00
50.00
0.00
36.00
19.00
32.00
372.00
21.00
0.00
1.00
0.00
4.00
0.00
0.00
0.00
4.00
33.00
983.00
75.00
0.00
0.00
8.00
0.00
0.00
0.00
0.00
0.00
0.00
0.00
0.00
0.00
0.00
0.00
0.00
0.00
0.00
0.00
0.00
0.00
0.00
82.00
0.00
12.00
373.00
71.00
4.00
0.00
0.00
0.00
0.00
0.00
0.00
0.00
0.00
0.00
0.00
0.00
0.00
0.00
0.00
0.00
0.00
0.00
0.00
0.00
24.00
2.00
12.00
0.00
0.00
0.00
0.00
0.00
0.00
0.00
0.00
0.00
1.00
0.00
0.00
0.00
0.00
0.00
0.00
0.00
0.00
0.00
0.00
0.00
0.00
11.00
0.00
0.00
0.00
0.00
0.00
0.00
0.00
0.00
0.00
0.00
0.00
0.00
0.00
0.00
0.00
0.00
0.00
0.00
0.00
0.00
0.00
0.00
0.00
0.00
0.00
0.00
0.00
0.00
0.00
0.00
0.00
0.00
0.00
0.00
0.00
0.00
734.00
365.00
79.00
154.00
322.00
0.00
214.00
291.00
0.00
0.00
0.00
0.00
0.00
12.00
0.00
0.00
0.00
0.00
314.00
14.00
0.00
0.00
0.00
0.00
0.00
0.00
116.00
0.00
0.00
0.00
0.00
0.00
0.00
0.00
0.00
29.00
60.00
105.00
0.00
0.00
0.00
0.00
15.00
0.00
0.00
39.00
42.00
0.00
0.00
49.00
0.00
227.00
227.00
19.00
8.00
0.00
0.00
69.00
25.00
369.00
2.00
37.00
0.00
26.00
187.00
0.00
0.00
0.00
0.00
72.00
19.00
61.00
0.00
20.00
38.00
0.00
0.00
335.00
0.00
0.00
0.00
45.00
260.00
0.00
285.00
1.00
83.00
1029.00
0.00
7.00
6.00
0.00
136.00
91.00
0.00
63.00
18.00
9.00
108.00
0.00
80.00
0.00
57.00
30.00
24.00
55.00
1.00
352.00
0.00
0.00
6.00
20.00
58.00
110.00
278.00
0.00
108.00
15.00
0.00
0.00
0.00
0.00
501.00
50.00
19.00
127.00
0.00
6.00
15.00
158.00
145.00
0.00
37.00
18.00
0.00
0.00
49.00
29.00
26.00
4.00
6.00
15.00
1.00
0.00
304.00
31.00
489.00
142.00
0.00
0.00
0.00
0.00
11.00
13.00
13.00
12.00
59.00
113.00
18.00
0.00
15.00
0.00
18.00
21.00
41.00
14.00
183.00
254.00
197.00
29.00
88.00
49.00
29.00
105.00
78.00
47.00
8.00
0.00
54.00
31.00
398.00
2.00
2.00
4.00
4.00
29.00
35.00
39.00
133.00
13.00
6.00
63.00
27.00
105.00
70.00
2.00
5.00
88.00
24.00
15.00
29.00
5.00
32.00
2.00
0.00
0.00
6.00
99.00
0.00
284.00
1.00
0.00
4.00
0.00
1.00
1.00
347.00
20.00
180.00
86.00
3.00
0.00
0.00
8.00
582.00
105.00
16.00
0.00
1.00
1.00
27.00
35.00
0.00
0.00
0.00
0.00
0.00
0.00
0.00
0.00
0.00
0.00
0.00
0.00
2.00
71.00
81.00
96.00
9.00
0.00
0.00
0.00
0.00
0.00
0.00
0.00
0.00
0.00
0.00
0.00
0.00
0.00
22.00
30.00
53.00
3.00
0.00
0.00
0.00
0.00
0.00
8.00
0.00
0.00
0.00
0.00
0.00
0.00
0.00
0.00
0.00
0.00
0.00
0.00
0.00
0.00
0.00
0.00
0.00
0.00
0.00
0.00
0.00
0.00
0.00
0.00
0.00
0.00
0.00
0.00
0.00
11.00
0.00
0.00
0.00
0.00
0.00
0.00
0.00
0.00
0.00
0.00
35.00
125.00
15.00
0.00
0.00
0.00
0.00
0.00
0.00
0.00
0.00
0.00
0.00
0.00
0.00
0.00
0.00
0.00
0.00
0.00
0.00
0.00
0.00
0.00
0.00
0.00
0.00
0.00
0.00
0.00
0.00
0.00
0.00
0.00
0.00
0.00
0.00
0.00
0.00
0.00
0.00
0.00
0.00
0.00
0.00
0.00
0.00
0.00
0.00
0.00
0.00
0.00
0.00
0.00
1.00
0.00
0.00
0.00
0.00
0.00
0.00
0.00
2.00
4.00
0.00
0.00
0.00
0.00
0.00
0.00
2.90
27.30
7.20
27.10
0.90
0.00
0.00
0.00
1.20
0.10
0.00
0.00
0.00
0.00
0.00
0.00
0.00
0.00
2.60
4.60
0.00
12.50
1.50
0.00
0.00
0.00
0.10
0.00
0.00
0.00
5.90
1.40
0.00
0.00
1.30
19.90
0.70
12.30
0.20
0.00
0.00
75.80
1.00
2.30
16.60
0.90
14.90
0.00
15.30
0.00
0.10
7.70
0.00
0.00
0.00
0.00
19.20
0.00
0.00
0.00
0.00
0.00
2.20
0.00
0.00
2.10
2.10
0.70
44.20
0.20
0.00
0.00
0.00
0.00
0.00
0.00
0.00
0.00
8.90
5.60
1.80
0.00
0.50
0.00
1.70
1.70
0.00
19.80
19.80
49.10
3.40
0.00
0.00
0.00
0.00
1.30
22.30
2.10
66.10
0.00
2.20
23.90
1.30
0.10
0.00
0.00
0.00
0.00
0.00
1.40
0.80
7.80
0.00
7.70
0.10
0.10
0.00
2.20
2.00
0.00
0.00
0.10
5.80
21.20
3.50
0.00
2.80
0.10
3.10
0.60
0.00
0.60
7.70
6.60
20.40
18.50
18.50
38.40
38.40
19.80
0.00
0.00
46.80
0.00
0.00
0.00
0.00
5.60
0.20
3.50
23.10
5.70
49.60
1.40
0.00
0.00
28.20
4.10
0.20
2.20
4.40
0.60
8.60
3.40
1.40
30.90
2.00
0.50
11.50
21.80
23.80
19.00
24.80
12.00
2.60
0.00
0.00
2.80
0.10
43.50
12.00
8.20
1.30
0.10
0.40
0.50
0.00
0.40
3.50
48.40
21.30
2.50
0.20
0.00
0.00
0.20
3.80
6.20
0.70
0.00
4.40
78.40
0.40
0.70
7.20
0.00
0.30
0.00
0.00
1.80
15.60
0.00
22.10
52.10
9.00
2.10
9.70
8.30
18.60
18.60
23.50
0.00
5.60
0.00
6.60
3.30
7.00
8.40
0.10
0.00
0.20
0.10
0.00
0.00
0.80
0.00
0.00
0.00
0.00
0.20
3.40
1.20
0.10
0.00
3.40
