20160101
0.00
0.00
0.00
0.00
0.00
0.00
8.00
0.00
0.00
0.00
0.00
0.00
0.00
0.00
0.00
0.00
0.00
0.00
12.00
8.00
0.00
0.00
0.00
0.00
0.00
0.00
0.00
0.00
0.00
0.00
0.00
0.00
0.00
0.00
0.00
0.00
0.00
0.00
0.00
0.00
0.00
0.00
0.00
0.00
0.00
0.00
0.00
0.00
0.00
1.00
0.00
0.00
1.00
0.00
122.00
0.00
94.00
0.00
0.00
0.00
0.00
0.00
0.00
0.00
0.00
286.00
0.00
0.00
10.00
1.00
0.00
0.00
0.00
1.00
11.00
0.00
0.00
446.00
0.00
0.00
0.00
0.00
0.00
0.00
0.00
0.00
0.00
5.00
116.00
120.00
925.00
1.00
1.00
162.00
8.00
11.00
0.00
0.00
0.00
0.00
0.00
0.00
0.00
0.00
0.00
0.00
676.00
0.00
0.00
0.00
0.00
0.00
0.00
0.00
0.00
0.00
0.00
2.00
0.00
0.00
0.00
21.00
23.00
2.00
0.00
1.00
7.00
205.00
1.00
33.00
1.00
1.00
359.00
713.00
22.00
40.00
0.00
5.00
20.00
29.00
128.00
670.00
0.00
0.00
142.00
53.00
25.00
136.00
56.00
1.00
25.00
86.00
1.00
0.00
0.00
0.00
3.00
81.00
724.00
0.00
18.00
0.00
452.00
44.00
2.00
17.00
11.00
45.00
18.00
0.00
2.00
3.00
16.00
197.00
49.00
31.00
3.00
343.00
32.00
36.00
2.00
14.00
26.00
164.00
184.00
8.00
133.00
215.00
159.00
192.00
22.00
5.00
0.00
13.00
4.00
0.00
129.00
338.00
43.00
49.00
70.00
74.00
14.00
151.00
63.00
35.00
253.00
17.00
27.00
43.00
205.00
146.00
73.00
262.00
117.00
14.00
26.00
36.00
4.00
8.00
23.00
3.00
262.00
37.00
0.00
32.00
190.00
205.00
443.00
45.00
74.00
0.00
69.00
176.00
0.00
1.00
0.00
794.00
9.00
34.00
253.00
7.00
7.00
24.00
49.00
210.00
121.00
9.00
11.00
6.00
6.00
6.00
2.00
7.00
58.00
208.00
307.00
5.00
3.00
5.00
125.00
3.00
140.00
316.00
205.00
60.00
6.00
88.00
60.00
193.00
0.00
84.00
0.00
142.00
80.00
2.00
6.00
100.00
45.00
56.00
49.00
23.00
6.00
14.00
4.00
3.00
0.00
0.00
0.00
0.00
0.00
0.00
0.00
0.00
0.00
0.00
0.00
21.00
0.00
0.00
293.00
28.00
4.00
0.00
0.00
0.00
2.00
15.00
318.00
247.00
0.00
0.00
0.00
0.00
0.00
0.00
0.00
0.00
0.00
0.00
0.00
0.00
0.00
0.00
0.00
0.00
0.00
0.00
0.00
0.00
0.00
0.00
0.00
0.00
0.00
0.00
0.00
0.00
0.00
0.00
0.00
0.00
0.00
0.00
0.00
10.00
0.00
0.00
0.00
0.00
0.00
0.00
0.00
0.00
0.00
0.00
0.00
0.00
0.00
0.00
0.00
0.00
0.00
0.00
0.00
0.00
0.00
0.00
43.00
0.00
0.00
0.00
0.00
0.00
0.00
0.00
0.00
0.00
0.00
0.00
0.00
0.00
0.00
0.00
0.00
0.00
0.00
0.00
0.00
0.00
0.00
0.00
10.00
0.00
0.00
0.00
0.00
0.00
0.00
0.00
0.00
0.00
0.00
0.00
0.00
0.00
0.00
0.00
0.00
0.00
0.00
0.00
0.00
0.00
0.00
0.00
0.00
0.00
0.00
0.00
0.00
0.00
0.00
0.00
0.00
0.00
0.00
0.00
7.00
186.00
0.00
0.00
14.00
0.00
140.00
103.00
0.00
0.00
0.00
0.00
0.00
0.00
66.00
1.00
83.00
4.00
0.00
0.00
0.00
62.00
0.00
1.00
36.00
91.00
7.00
66.00
15.00
0.00
373.00
0.00
111.00
0.00
24.00
0.00
0.00
0.00
0.00
0.00
0.00
0.00
1.00
0.00
0.00
39.00
454.00
1.00
148.00
664.00
146.00
93.00
156.00
0.00
9.00
0.00
23.00
107.00
502.00
0.00
0.00
1.00
57.00
21.00
0.00
0.00
62.00
1.00
3.00
4.00
28.00
79.00
759.00
5.00
317.00
0.00
45.00
0.00
0.00
0.00
0.00
0.00
0.00
24.00
1.00
24.00
121.00
241.00
69.00
320.00
304.00
102.00
0.00
669.00
0.00
0.00
93.00
92.00
149.00
491.00
620.00
10.00
323.00
13.00
189.00
246.00
557.00
701.00
5.00
7.00
52.00
0.00
45.00
1.00
68.00
10.00
50.00
10.00
56.00
44.00
134.00
258.00
415.00
233.00
5.00
3.00
35.00
50.00
211.00
289.00
279.00
12.00
51.00
24.00
49.00
548.00
38.00
215.00
259.00
222.00
14.00
71.00
688.00
92.00
531.00
17.00
5.00
188.00
32.00
16.00
86.00
131.00
292.00
293.00
56.00
78.00
3.00
19.00
8.00
264.00
493.00
408.00
71.00
167.00
219.00
58.00
141.00
43.00
81.00
11.00
154.00
163.00
196.00
102.00
52.00
290.00
224.00
4.00
26.00
26.00
207.00
50.00
107.00
155.00
20.00
39.00
33.00
98.00
3.00
40.00
409.00
520.00
4.00
10.00
5.00
34.00
10.00
81.00
390.00
236.00
133.00
2.00
3.00
2.00
3.00
22.00
35.00
308.00
650.00
246.00
132.00
137.00
5.00
0.00
3.00
13.00
144.00
59.00
30.00
40.00
0.00
0.00
0.00
0.00
43.00
0.00
0.00
0.00
24.00
583.00
1215.00
456.00
0.00
0.00
42.00
0.00
0.00
0.00
0.00
1.00
12.00
0.00
0.00
0.00
0.00
0.00
0.00
0.00
0.00
0.00
0.00
0.00
1.00
57.00
0.00
5.00
478.00
43.00
2.00
0.00
0.00
0.00
0.00
0.00
0.00
0.00
0.00
0.00
0.00
0.00
0.00
0.00
0.00
0.00
0.00
0.00
0.00
0.00
0.00
9.00
54.00
80.00
0.00
0.00
0.00
0.00
0.00
0.00
0.00
0.00
2.00
0.00
0.00
0.00
0.00
0.00
0.00
0.00
0.00
0.00
0.00
0.00
0.00
160.00
5.00
0.00
0.00
0.00
0.00
0.00
0.00
0.00
0.00
0.00
0.00
0.00
0.00
0.00
0.00
0.00
0.00
0.00
0.00
0.00
0.00
0.00
0.00
0.00
0.00
0.00
0.00
0.00
0.00
0.00
0.00
0.00
0.00
0.00
0.00
0.00
796.00
457.00
128.00
147.00
280.00
0.00
133.00
280.00
0.00
0.00
0.00
0.00
0.00
0.00
0.00
0.00
0.00
0.00
400.00
442.00
0.00
2.00
0.00
0.00
0.00
0.00
112.00
0.00
0.00
0.00
0.00
0.00
0.00
0.00
0.00
0.00
40.00
215.00
0.00
0.00
0.00
0.00
0.00
0.00
0.00
0.00
56.00
2.00
0.00
0.00
0.00
458.00
437.00
1.00
43.00
0.00
11.00
6.00
167.00
157.00
9.00
17.00
0.00
176.00
95.00
0.00
311.00
0.00
38.00
308.00
11.00
149.00
32.00
199.00
53.00
0.00
0.00
182.00
143.00
0.00
14.00
456.00
50.00
0.00
267.00
4.00
100.00
1109.00
89.00
23.00
3.00
138.00
35.00
223.00
0.00
180.00
0.00
358.00
37.00
0.00
1.00
31.00
193.00
189.00
92.00
35.00
1.00
19.00
6.00
0.00
1.00
0.00
56.00
242.00
111.00
0.00
49.00
41.00
0.00
0.00
25.00
32.00
127.00
97.00
0.00
1100.00
0.00
44.00
90.00
40.00
1.00
7.00
212.00
0.00
0.00
0.00
50.00
1.00
50.00
36.00
2.00
0.00
6.00
0.00
31.00
74.00
153.00
86.00
3.00
1.00
9.00
1.00
9.00
13.00
1.00
86.00
120.00
416.00
72.00
9.00
11.00
0.00
10.00
69.00
55.00
10.00
379.00
241.00
164.00
6.00
91.00
89.00
16.00
12.00
58.00
71.00
59.00
3.00
64.00
103.00
166.00
17.00
2.00
3.00
11.00
13.00
35.00
78.00
174.00
66.00
167.00
97.00
168.00
114.00
36.00
5.00
10.00
57.00
69.00
77.00
31.00
6.00
1.00
14.00
4.00
6.00
2.00
68.00
1.00
237.00
67.00
0.00
0.00
4.00
4.00
16.00
99.00
54.00
230.00
35.00
4.00
1.00
0.00
5.00
126.00
434.00
34.00
3.00
2.00
8.00
35.00
31.00
595.00
0.00
0.00
0.00
0.00
0.00
0.00
9.00
0.00
0.00
0.00
0.00
7.00
35.00
81.00
61.00
48.00
0.00
0.00
0.00
0.00
0.00
0.00
0.00
0.00
0.00
0.00
0.00
0.00
0.00
4.00
44.00
53.00
19.00
0.00
0.00
0.00
0.00
0.00
14.00
5.00
0.00
0.00
0.00
0.00
0.00
0.00
0.00
0.00
0.00
0.00
0.00
0.00
0.00
0.00
0.00
0.00
0.00
0.00
0.00
0.00
0.00
0.00
0.00
0.00
0.00
0.00
0.00
0.00
2.00
1.00
0.00
0.00
0.00
0.00
0.00
0.00
0.00
0.00
0.00
33.00
124.00
11.00
0.00
0.00
0.00
0.00
0.00
0.00
0.00
0.00
0.00
0.00
0.00
0.00
0.00
0.00
0.00
0.00
0.00
0.00
0.00
0.00
0.00
0.00
0.00
0.00
0.00
0.00
0.00
0.00
0.00
0.00
0.00
0.00
0.00
0.00
0.00
0.00
0.00
0.00
0.00
0.00
2.00
0.00
0.00
0.00
0.00
0.00
0.00
0.00
0.00
0.00
0.00
6.00
0.00
0.00
0.00
0.00
0.00
0.00
0.00
0.00
1.00
0.00
0.00
0.00
0.00
0.00
0.00
1.60
19.60
7.40
33.10
6.50
0.00
0.00
0.00
0.80
1.70
0.00
0.00
0.00
0.00
0.00
0.00
0.00
0.00
2.10
2.70
0.10
23.80
1.00
0.50
0.00
0.00
0.00
0.00
0.00
0.00
7.00
3.70
0.00
0.00
7.90
50.60
0.00
19.00
1.10
0.00
0.00
78.70
0.20
47.10
25.60
0.30
8.00
13.90
26.90
0.00
0.00
7.90
0.00
0.00
0.00
0.00
16.20
0.00
0.00
0.00
0.00
0.00
0.00
0.00
0.00
0.10
0.10
0.00
55.80
9.30
0.00
0.00
0.00
0.00
0.00
0.00
0.10
0.00
16.20
0.90
0.10
0.00
0.60
0.00
3.30
3.30
0.00
37.70
37.70
30.20
2.10
0.00
1.70
0.00
0.00
0.40
4.70
4.20
2.40
4.20
1.00
32.50
1.70
0.00
0.00
9.60
0.00
0.00
0.00
0.20
8.40
38.40
0.00
81.30
2.30
1.60
2.70
11.20
6.60
0.00
0.00
1.40
8.60
25.00
19.80
2.70
10.60
1.80
0.00
0.50
0.00
0.20
1.10
7.80
15.60
7.70
7.70
33.60
33.60
53.40
0.00
0.00
0.50
0.00
0.00
0.00
0.00
0.80
0.60
1.80
6.70
15.40
7.90
1.40
0.30
1.80
2.30
2.80
3.90
9.00
0.10
4.70
15.30
3.40
1.20
26.60
0.90
0.50
9.80
28.30
13.80
52.90
28.30
5.50
1.00
0.00
0.00
1.50
1.90
21.70
25.80
4.30
0.40
0.10
0.10
0.90
0.10
2.90
13.90
95.40
36.20
6.10
10.70
1.50
0.20
0.80
0.90
21.00
1.00
1.70
8.30
46.60
0.70
0.30
6.60
0.30
0.10
0.20
9.40
9.00
21.30
0.30
28.40
58.50
7.60
2.20
4.20
19.10
6.60
6.60
18.90
1.40
0.10
22.10
3.80
11.70
0.80
3.30
8.40
0.00
0.00
0.00
0.00
0.10
4.50
0.00
0.00
0.00
0.00
0.10
4.30
1.60
0.10
0.00
3.20
