20160101
0.00
0.00
0.00
0.00
0.00
0.00
0.00
0.00
0.00
0.00
0.00
0.00
3.00
0.00
0.00
0.00
0.00
0.00
0.00
16.00
1.00
0.00
0.00
0.00
0.00
0.00
0.00
0.00
0.00
0.00
0.00
0.00
0.00
0.00
0.00
0.00
0.00
0.00
2.00
0.00
0.00
0.00
45.00
0.00
0.00
0.00
0.00
0.00
0.00
0.00
0.00
0.00
1.00
310.00
269.00
8.00
8.00
0.00
0.00
0.00
2.00
0.00
0.00
0.00
0.00
8.00
0.00
0.00
0.00
5.00
0.00
1.00
1.00
0.00
2.00
3.00
0.00
4.00
10.00
0.00
14.00
0.00
0.00
0.00
0.00
0.00
0.00
211.00
0.00
44.00
339.00
81.00
4.00
67.00
480.00
0.00
0.00
0.00
0.00
0.00
0.00
0.00
0.00
0.00
0.00
0.00
56.00
8.00
0.00
0.00
0.00
0.00
0.00
0.00
0.00
44.00
1.00
0.00
0.00
0.00
0.00
24.00
239.00
30.00
19.00
14.00
5.00
76.00
1.00
0.00
0.00
0.00
41.00
313.00
0.00
5.00
1.00
73.00
448.00
176.00
1049.00
1119.00
0.00
0.00
696.00
119.00
1.00
31.00
298.00
58.00
7.00
78.00
0.00
0.00
0.00
6.00
0.00
172.00
167.00
181.00
96.00
109.00
709.00
159.00
107.00
0.00
0.00
58.00
83.00
1.00
0.00
10.00
5.00
12.00
30.00
29.00
79.00
60.00
44.00
291.00
116.00
5.00
30.00
9.00
336.00
345.00
66.00
47.00
318.00
35.00
29.00
36.00
0.00
18.00
36.00
16.00
208.00
93.00
49.00
213.00
103.00
9.00
2.00
7.00
36.00
63.00
170.00
1.00
3.00
84.00
226.00
113.00
559.00
107.00
25.00
99.00
49.00
53.00
8.00
26.00
74.00
80.00
389.00
20.00
0.00
330.00
268.00
128.00
224.00
12.00
1.00
0.00
382.00
980.00
0.00
0.00
0.00
595.00
55.00
218.00
259.00
0.00
110.00
497.00
123.00
44.00
27.00
22.00
82.00
1.00
0.00
0.00
8.00
18.00
158.00
197.00
197.00
42.00
9.00
80.00
53.00
2.00
42.00
21.00
23.00
82.00
12.00
1.00
0.00
47.00
766.00
152.00
0.00
239.00
487.00
229.00
59.00
99.00
40.00
58.00
493.00
26.00
453.00
80.00
724.00
119.00
3.00
0.00
0.00
0.00
0.00
0.00
0.00
0.00
0.00
0.00
0.00
0.00
0.00
0.00
179.00
46.00
10.00
0.00
0.00
0.00
1.00
16.00
217.00
639.00
293.00
0.00
0.00
0.00
0.00
0.00
0.00
0.00
0.00
0.00
0.00
0.00
0.00
0.00
0.00
0.00
0.00
0.00
0.00
0.00
0.00
0.00
0.00
0.00
0.00
24.00
0.00
0.00
0.00
0.00
0.00
0.00
18.00
0.00
0.00
0.00
0.00
0.00
0.00
0.00
0.00
0.00
0.00
0.00
0.00
0.00
0.00
0.00
0.00
0.00
0.00
0.00
0.00
0.00
0.00
0.00
0.00
0.00
0.00
0.00
0.00
0.00
0.00
0.00
0.00
0.00
0.00
0.00
0.00
0.00
0.00
0.00
0.00
0.00
0.00
3.00
0.00
0.00
0.00
0.00
0.00
0.00
4.00
0.00
0.00
0.00
0.00
0.00
0.00
0.00
0.00
0.00
0.00
0.00
0.00
0.00
0.00
0.00
0.00
0.00
0.00
0.00
0.00
0.00
0.00
0.00
0.00
0.00
0.00
0.00
0.00
0.00
0.00
0.00
0.00
0.00
0.00
0.00
0.00
70.00
100.00
1.00
179.00
7.00
62.00
103.00
0.00
0.00
0.00
0.00
0.00
0.00
189.00
11.00
21.00
0.00
0.00
0.00
0.00
24.00
0.00
0.00
1.00
50.00
99.00
0.00
0.00
0.00
460.00
82.00
382.00
0.00
0.00
0.00
0.00
0.00
0.00
0.00
0.00
0.00
12.00
32.00
0.00
1.00
481.00
99.00
98.00
386.00
60.00
270.00
274.00
0.00
1.00
0.00
31.00
0.00
6.00
0.00
0.00
0.00
0.00
3.00
0.00
0.00
243.00
0.00
2.00
0.00
54.00
41.00
341.00
49.00
81.00
0.00
19.00
0.00
0.00
0.00
0.00
0.00
0.00
54.00
0.00
533.00
227.00
532.00
27.00
1016.00
10.00
0.00
233.00
19.00
0.00
167.00
883.00
27.00
447.00
434.00
317.00
237.00
0.00
158.00
136.00
113.00
53.00
745.00
63.00
199.00
68.00
4.00
48.00
13.00
28.00
11.00
23.00
16.00
97.00
182.00
253.00
470.00
120.00
80.00
8.00
0.00
4.00
22.00
138.00
30.00
226.00
92.00
50.00
34.00
73.00
205.00
200.00
485.00
1262.00
222.00
11.00
162.00
539.00
52.00
212.00
98.00
132.00
154.00
48.00
0.00
32.00
26.00
97.00
139.00
82.00
54.00
2.00
3.00
5.00
159.00
307.00
416.00
44.00
20.00
76.00
27.00
65.00
91.00
67.00
155.00
298.00
325.00
161.00
218.00
72.00
198.00
153.00
105.00
29.00
268.00
103.00
262.00
29.00
81.00
77.00
66.00
0.00
66.00
34.00
7.00
85.00
311.00
9.00
0.00
39.00
9.00
88.00
327.00
660.00
47.00
43.00
16.00
0.00
71.00
129.00
219.00
333.00
274.00
120.00
137.00
160.00
21.00
6.00
55.00
138.00
14.00
21.00
0.00
1.00
58.00
0.00
0.00
1.00
0.00
0.00
0.00
0.00
388.00
50.00
237.00
880.00
2018.00
0.00
0.00
0.00
0.00
0.00
0.00
4.00
263.00
170.00
0.00
0.00
0.00
0.00
0.00
0.00
0.00
0.00
0.00
0.00
0.00
0.00
31.00
0.00
0.00
223.00
9.00
25.00
0.00
0.00
0.00
0.00
0.00
0.00
0.00
0.00
0.00
0.00
0.00
0.00
0.00
0.00
0.00
0.00
0.00
0.00
1.00
66.00
1183.00
1077.00
818.00
0.00
0.00
0.00
0.00
0.00
0.00
0.00
0.00
31.00
0.00
0.00
0.00
0.00
0.00
0.00
0.00
0.00
0.00
0.00
0.00
75.00
129.00
3.00
0.00
0.00
0.00
0.00
0.00
0.00
0.00
0.00
0.00
0.00
0.00
0.00
0.00
0.00
0.00
0.00
0.00
0.00
0.00
0.00
0.00
0.00
0.00
0.00
0.00
0.00
0.00
0.00
0.00
0.00
0.00
0.00
0.00
0.00
0.00
178.00
71.00
695.00
77.00
156.00
0.00
2.00
0.00
0.00
0.00
0.00
0.00
0.00
0.00
0.00
0.00
0.00
0.00
0.00
346.00
0.00
0.00
0.00
0.00
0.00
0.00
9.00
0.00
0.00
0.00
0.00
0.00
0.00
0.00
0.00
0.00
0.00
40.00
13.00
0.00
0.00
0.00
0.00
0.00
0.00
0.00
4.00
0.00
1.00
0.00
0.00
119.00
76.00
19.00
26.00
0.00
0.00
1.00
25.00
124.00
94.00
0.00
0.00
75.00
5.00
0.00
349.00
0.00
4.00
323.00
67.00
39.00
31.00
38.00
52.00
0.00
0.00
0.00
14.00
0.00
0.00
356.00
184.00
1.00
73.00
25.00
76.00
926.00
83.00
217.00
60.00
249.00
294.00
465.00
0.00
157.00
0.00
0.00
122.00
0.00
164.00
311.00
124.00
96.00
15.00
152.00
68.00
0.00
0.00
0.00
84.00
134.00
232.00
159.00
23.00
7.00
8.00
151.00
0.00
0.00
9.00
99.00
662.00
446.00
404.00
1827.00
26.00
29.00
60.00
99.00
20.00
8.00
212.00
13.00
0.00
0.00
87.00
425.00
5.00
25.00
9.00
5.00
0.00
0.00
3.00
185.00
521.00
54.00
8.00
14.00
14.00
5.00
9.00
13.00
32.00
15.00
274.00
124.00
31.00
2.00
0.00
7.00
6.00
61.00
136.00
39.00
378.00
267.00
41.00
18.00
103.00
51.00
16.00
38.00
29.00
63.00
59.00
16.00
130.00
299.00
195.00
18.00
67.00
29.00
20.00
22.00
158.00
167.00
703.00
108.00
87.00
133.00
99.00
78.00
18.00
111.00
14.00
3.00
21.00
114.00
26.00
24.00
0.00
0.00
3.00
1.00
10.00
25.00
14.00
156.00
16.00
0.00
0.00
1.00
54.00
2.00
32.00
372.00
0.00
0.00
62.00
0.00
0.00
270.00
229.00
55.00
0.00
0.00
1.00
8.00
84.00
20.00
19.00
0.00
9.00
0.00
0.00
0.00
0.00
0.00
0.00
0.00
0.00
0.00
106.00
186.00
511.00
360.00
127.00
0.00
0.00
0.00
0.00
0.00
0.00
0.00
0.00
0.00
0.00
0.00
0.00
0.00
3.00
86.00
176.00
75.00
20.00
0.00
0.00
0.00
0.00
0.00
14.00
0.00
0.00
0.00
0.00
0.00
0.00
0.00
0.00
0.00
0.00
0.00
0.00
0.00
0.00
0.00
0.00
0.00
0.00
0.00
0.00
0.00
0.00
0.00
0.00
0.00
0.00
0.00
0.00
0.00
0.00
0.00
0.00
0.00
0.00
0.00
0.00
0.00
0.00
1.00
56.00
42.00
5.00
0.00
0.00
0.00
0.00
0.00
0.00
0.00
0.00
0.00
0.00
0.00
0.00
0.00
0.00
0.00
0.00
0.00
0.00
0.00
0.00
0.00
0.00
0.00
0.00
0.00
0.00
0.00
0.00
0.00
0.00
0.00
0.00
0.00
0.00
0.00
0.00
0.00
0.00
0.00
0.00
0.00
0.00
0.00
0.00
0.00
0.00
0.00
0.00
0.00
0.00
0.00
1.00
0.00
0.00
0.00
0.00
0.00
0.00
0.00
4.00
7.00
0.00
0.00
0.00
0.00
0.00
0.00
0.00
86.60
60.30
48.90
19.20
0.00
0.00
0.00
1.40
18.90
0.00
0.00
0.00
0.00
0.00
0.20
0.00
0.00
0.00
1.10
3.60
26.20
1.00
0.40
7.50
0.00
0.40
0.00
0.00
0.00
0.00
0.00
0.00
0.00
0.00
27.30
31.00
88.80
30.80
2.20
0.80
8.20
0.00
9.50
17.90
1.30
5.70
0.20
15.30
0.00
0.00
0.00
0.70
0.00
0.00
0.00
0.00
0.30
0.00
0.00
0.00
0.00
0.00
0.00
0.00
0.00
0.00
0.00
63.90
96.50
0.00
0.00
0.00
0.00
0.00
0.00
0.00
0.00
19.90
0.10
0.60
11.90
15.70
0.00
0.20
0.20
0.00
32.80
32.80
88.00
6.50
0.00
0.00
0.00
0.00
0.00
0.00
49.10
1.40
1.80
35.30
0.20
0.00
0.40
4.20
9.40
0.00
0.00
5.60
57.30
20.50
27.60
0.00
5.90
0.00
7.00
4.00
0.40
0.00
0.00
0.10
5.30
7.10
6.10
2.30
1.40
2.40
0.00
0.50
0.00
2.00
1.80
11.10
26.20
38.00
54.50
54.50
70.90
70.90
24.10
0.00
0.00
1.50
23.60
0.00
0.00
0.00
0.00
0.50
1.20
1.50
26.80
0.70
2.70
0.20
0.10
21.90
1.40
0.30
0.50
8.30
34.60
33.10
8.00
1.80
31.40
3.70
0.60
30.50
36.00
14.00
65.70
23.90
1.50
0.00
0.00
2.50
12.50
2.30
13.00
34.80
38.90
5.00
1.30
0.10
0.70
0.00
27.40
19.90
16.00
38.40
3.10
18.10
2.60
0.70
2.60
14.60
17.90
1.20
3.50
17.10
6.60
0.10
0.70
0.20
1.50
2.10
0.20
0.00
11.30
19.20
5.00
14.10
17.30
0.80
7.20
0.60
25.90
15.60
15.60
29.30
0.00
0.00
0.70
13.80
3.90
0.10
18.60
9.90
0.00
0.00
0.00
0.00
0.00
0.40
0.00
0.00
0.00
0.00
0.30
7.40
4.80
0.10
0.00
2.30
