20160101
0.00
1.00
0.00
0.00
0.00
0.00
0.00
0.00
0.00
0.00
0.00
0.00
0.00
0.00
0.00
0.00
0.00
0.00
0.00
15.00
0.00
0.00
0.00
0.00
0.00
0.00
0.00
0.00
0.00
0.00
0.00
0.00
0.00
0.00
0.00
0.00
0.00
0.00
0.00
0.00
0.00
0.00
0.00
0.00
0.00
0.00
0.00
0.00
0.00
0.00
7.00
0.00
3.00
0.00
125.00
0.00
55.00
0.00
0.00
0.00
1.00
0.00
0.00
0.00
0.00
360.00
0.00
0.00
1.00
2.00
0.00
1.00
0.00
0.00
3.00
18.00
0.00
171.00
0.00
0.00
0.00
0.00
0.00
0.00
0.00
0.00
0.00
18.00
329.00
285.00
620.00
3.00
2.00
313.00
113.00
4.00
0.00
0.00
0.00
0.00
0.00
0.00
0.00
0.00
0.00
0.00
666.00
0.00
0.00
0.00
0.00
0.00
0.00
0.00
0.00
0.00
0.00
34.00
0.00
0.00
0.00
32.00
10.00
23.00
0.00
24.00
121.00
163.00
0.00
51.00
0.00
2.00
346.00
184.00
59.00
153.00
0.00
4.00
27.00
12.00
130.00
728.00
0.00
0.00
92.00
52.00
15.00
365.00
80.00
13.00
34.00
142.00
1.00
0.00
0.00
0.00
0.00
72.00
857.00
0.00
4.00
0.00
443.00
48.00
0.00
61.00
7.00
72.00
71.00
1.00
2.00
8.00
15.00
134.00
90.00
110.00
14.00
505.00
62.00
41.00
16.00
20.00
85.00
44.00
169.00
50.00
77.00
82.00
210.00
245.00
57.00
7.00
1.00
11.00
3.00
1.00
105.00
310.00
1.00
23.00
121.00
40.00
34.00
50.00
49.00
35.00
220.00
14.00
85.00
65.00
425.00
198.00
184.00
354.00
145.00
56.00
46.00
29.00
5.00
36.00
145.00
5.00
207.00
1.00
0.00
109.00
281.00
374.00
514.00
72.00
2.00
0.00
70.00
38.00
1.00
1.00
7.00
1049.00
20.00
40.00
228.00
13.00
13.00
83.00
21.00
59.00
96.00
5.00
12.00
8.00
2.00
7.00
4.00
11.00
78.00
232.00
575.00
107.00
94.00
23.00
212.00
61.00
218.00
216.00
10.00
4.00
12.00
167.00
113.00
12.00
2.00
78.00
0.00
215.00
26.00
6.00
0.00
104.00
154.00
120.00
164.00
19.00
0.00
35.00
31.00
1.00
0.00
0.00
0.00
0.00
0.00
0.00
0.00
0.00
0.00
0.00
0.00
28.00
0.00
19.00
159.00
2.00
4.00
0.00
0.00
0.00
0.00
11.00
363.00
309.00
0.00
0.00
0.00
0.00
0.00
0.00
0.00
0.00
0.00
0.00
0.00
0.00
0.00
0.00
0.00
0.00
0.00
0.00
0.00
0.00
0.00
0.00
0.00
0.00
0.00
0.00
0.00
0.00
0.00
0.00
0.00
0.00
0.00
0.00
0.00
3.00
0.00
0.00
0.00
0.00
0.00
0.00
0.00
0.00
0.00
0.00
0.00
0.00
0.00
0.00
0.00
0.00
0.00
0.00
0.00
0.00
0.00
0.00
22.00
0.00
0.00
0.00
0.00
0.00
0.00
0.00
0.00
0.00
0.00
0.00
0.00
0.00
0.00
0.00
0.00
0.00
0.00
0.00
0.00
0.00
0.00
0.00
3.00
0.00
0.00
0.00
0.00
0.00
0.00
0.00
0.00
0.00
0.00
0.00
0.00
0.00
0.00
0.00
0.00
0.00
0.00
0.00
0.00
0.00
0.00
0.00
0.00
0.00
0.00
0.00
0.00
0.00
0.00
0.00
0.00
0.00
0.00
0.00
0.00
90.00
4.00
0.00
20.00
0.00
373.00
79.00
0.00
0.00
0.00
0.00
0.00
0.00
13.00
10.00
79.00
0.00
0.00
0.00
0.00
130.00
0.00
12.00
81.00
117.00
179.00
2.00
60.00
0.00
142.00
0.00
169.00
0.00
10.00
0.00
0.00
0.00
0.00
0.00
0.00
0.00
14.00
0.00
0.00
30.00
455.00
3.00
28.00
887.00
52.00
351.00
283.00
0.00
3.00
0.00
63.00
91.00
559.00
0.00
0.00
4.00
44.00
38.00
0.00
0.00
14.00
2.00
8.00
0.00
39.00
90.00
644.00
3.00
196.00
4.00
75.00
0.00
0.00
0.00
0.00
0.00
0.00
40.00
0.00
0.00
93.00
213.00
610.00
313.00
401.00
83.00
23.00
236.00
0.00
0.00
56.00
8.00
148.00
262.00
760.00
19.00
135.00
34.00
443.00
923.00
741.00
758.00
1.00
3.00
231.00
4.00
84.00
7.00
36.00
36.00
74.00
50.00
77.00
84.00
91.00
206.00
266.00
99.00
14.00
2.00
44.00
62.00
183.00
170.00
204.00
17.00
27.00
38.00
87.00
304.00
33.00
175.00
377.00
132.00
49.00
65.00
117.00
68.00
195.00
20.00
9.00
131.00
21.00
108.00
54.00
132.00
224.00
378.00
60.00
45.00
27.00
15.00
92.00
378.00
1086.00
373.00
76.00
164.00
226.00
39.00
270.00
133.00
131.00
30.00
130.00
137.00
218.00
173.00
148.00
191.00
367.00
18.00
22.00
77.00
333.00
54.00
232.00
256.00
95.00
52.00
77.00
26.00
27.00
55.00
599.00
547.00
1.00
44.00
6.00
2.00
3.00
50.00
156.00
299.00
97.00
16.00
4.00
4.00
8.00
72.00
30.00
450.00
629.00
357.00
49.00
211.00
5.00
2.00
3.00
6.00
220.00
30.00
3.00
20.00
0.00
0.00
5.00
0.00
68.00
0.00
0.00
0.00
24.00
515.00
1140.00
1122.00
0.00
0.00
0.00
0.00
0.00
0.00
0.00
7.00
55.00
0.00
0.00
0.00
0.00
0.00
0.00
0.00
0.00
0.00
0.00
0.00
0.00
64.00
0.00
3.00
538.00
38.00
2.00
0.00
1.00
0.00
0.00
0.00
0.00
0.00
0.00
0.00
0.00
0.00
0.00
0.00
0.00
0.00
0.00
0.00
0.00
0.00
2.00
38.00
49.00
58.00
0.00
0.00
0.00
0.00
0.00
0.00
0.00
0.00
15.00
0.00
0.00
0.00
0.00
0.00
0.00
0.00
0.00
0.00
0.00
0.00
0.00
204.00
7.00
0.00
0.00
0.00
0.00
0.00
0.00
0.00
0.00
0.00
0.00
0.00
0.00
0.00
0.00
0.00
0.00
0.00
0.00
0.00
0.00
0.00
0.00
0.00
0.00
0.00
0.00
0.00
0.00
0.00
0.00
0.00
0.00
0.00
0.00
0.00
761.00
393.00
270.00
160.00
86.00
0.00
140.00
196.00
0.00
0.00
0.00
0.00
0.00
0.00
0.00
0.00
0.00
0.00
441.00
450.00
0.00
0.00
9.00
0.00
0.00
0.00
73.00
0.00
0.00
0.00
0.00
0.00
0.00
0.00
0.00
0.00
38.00
104.00
0.00
0.00
0.00
0.00
0.00
0.00
0.00
0.00
15.00
77.00
0.00
0.00
0.00
463.00
362.00
0.00
35.00
0.00
0.00
17.00
136.00
226.00
62.00
21.00
0.00
108.00
42.00
0.00
321.00
0.00
95.00
232.00
12.00
120.00
93.00
352.00
79.00
0.00
0.00
192.00
237.00
0.00
24.00
336.00
71.00
0.00
164.00
1.00
88.00
965.00
292.00
52.00
13.00
88.00
63.00
352.00
0.00
185.00
0.00
371.00
28.00
11.00
71.00
2.00
188.00
156.00
18.00
8.00
60.00
72.00
0.00
0.00
40.00
0.00
114.00
319.00
420.00
0.00
62.00
94.00
0.00
0.00
25.00
150.00
373.00
53.00
16.00
767.00
3.00
259.00
38.00
54.00
70.00
46.00
215.00
2.00
0.00
4.00
44.00
0.00
42.00
67.00
2.00
0.00
30.00
3.00
62.00
81.00
69.00
71.00
2.00
5.00
9.00
1.00
5.00
11.00
29.00
104.00
234.00
583.00
114.00
2.00
3.00
0.00
28.00
197.00
85.00
16.00
376.00
406.00
93.00
3.00
81.00
147.00
6.00
45.00
144.00
28.00
61.00
0.00
36.00
152.00
244.00
29.00
3.00
3.00
51.00
37.00
35.00
106.00
282.00
83.00
433.00
161.00
114.00
146.00
57.00
27.00
20.00
69.00
65.00
92.00
27.00
18.00
3.00
11.00
0.00
13.00
6.00
5.00
9.00
176.00
106.00
0.00
0.00
1.00
6.00
19.00
168.00
89.00
177.00
109.00
1.00
0.00
0.00
49.00
174.00
502.00
19.00
0.00
32.00
13.00
47.00
37.00
235.00
0.00
2.00
0.00
0.00
0.00
1.00
41.00
0.00
0.00
0.00
0.00
5.00
32.00
65.00
92.00
26.00
0.00
0.00
0.00
0.00
0.00
0.00
0.00
0.00
0.00
0.00
0.00
0.00
0.00
4.00
85.00
69.00
33.00
0.00
0.00
0.00
0.00
0.00
22.00
0.00
0.00
0.00
0.00
0.00
0.00
0.00
0.00
0.00
0.00
0.00
0.00
0.00
0.00
0.00
0.00
0.00
0.00
0.00
0.00
0.00
0.00
0.00
0.00
0.00
0.00
0.00
0.00
0.00
32.00
0.00
0.00
0.00
0.00
0.00
0.00
0.00
0.00
0.00
0.00
26.00
92.00
14.00
0.00
0.00
0.00
0.00
0.00
0.00
0.00
0.00
0.00
0.00
0.00
0.00
0.00
0.00
0.00
0.00
0.00
0.00
0.00
0.00
0.00
0.00
0.00
0.00
0.00
0.00
0.00
0.00
0.00
0.00
0.00
0.00
0.00
0.00
0.00
0.00
0.00
0.00
2.00
2.00
0.00
0.00
0.00
0.00
0.00
0.00
0.00
0.00
0.00
0.00
0.00
6.00
0.00
0.00
0.00
0.00
0.00
0.00
0.00
0.00
3.00
0.00
0.00
0.00
0.00
0.00
0.00
1.50
19.60
12.20
44.40
9.20
0.00
0.00
0.00
0.60
1.70
0.00
0.00
0.00
0.00
0.00
0.00
0.00
0.00
0.40
5.00
0.00
27.70
0.70
3.90
0.00
0.00
0.00
0.00
0.00
0.00
4.50
16.00
0.00
0.00
9.80
101.90
0.20
43.20
1.00
0.00
0.00
108.80
0.10
15.60
32.60
0.40
8.80
13.80
12.30
0.00
0.00
17.40
0.00
0.00
0.00
0.00
10.80
0.10
0.00
0.00
0.00
0.00
1.20
0.00
0.00
0.00
0.00
1.00
53.80
39.00
0.00
0.00
0.00
0.00
0.00
0.00
1.30
0.00
20.10
0.30
0.70
3.30
3.60
12.90
27.90
27.90
0.00
31.90
31.90
32.70
4.30
0.00
9.70
0.00
0.00
1.60
11.60
9.90
14.00
3.50
3.80
29.20
0.20
0.20
0.40
1.10
0.00
0.00
0.00
1.10
17.00
46.00
0.00
74.90
0.90
13.50
20.70
7.40
19.30
0.00
0.00
5.90
13.80
8.10
14.20
9.40
3.10
0.30
0.60
0.20
1.70
1.20
1.70
5.70
19.70
5.10
5.10
38.80
38.80
105.60
0.70
0.70
3.10
1.00
0.70
0.70
0.70
3.10
2.70
0.80
20.40
46.50
2.90
2.30
0.80
0.10
16.10
3.80
5.80
9.10
2.80
14.50
11.90
0.60
9.00
15.10
1.70
1.10
10.00
43.30
13.80
39.80
24.60
11.00
1.20
0.10
1.10
0.90
5.50
19.70
24.30
4.80
0.70
0.00
0.10
0.70
0.00
0.70
8.50
72.70
73.40
10.00
14.50
1.80
0.60
0.50
0.00
9.90
2.40
4.30
14.90
25.30
0.50
0.20
3.80
0.00
0.20
0.10
0.20
1.50
19.30
0.70
36.60
33.30
2.20
3.10
2.10
17.50
9.80
9.80
27.80
1.20
0.50
27.70
13.10
13.50
2.10
13.70
1.80
0.00
0.00
0.00
0.00
0.00
10.20
0.00
0.00
0.00
0.00
0.00
4.20
1.50
0.10
0.00
3.60
