20160101
0.00
0.00
0.00
0.00
0.00
0.00
0.00
0.00
0.00
0.00
0.00
0.00
0.00
0.00
0.00
0.00
0.00
0.00
0.00
9.00
0.00
0.00
0.00
0.00
0.00
0.00
0.00
0.00
0.00
0.00
0.00
0.00
0.00
0.00
0.00
0.00
0.00
1.00
22.00
0.00
0.00
0.00
0.00
0.00
0.00
0.00
0.00
0.00
0.00
0.00
4.00
0.00
1.00
0.00
91.00
0.00
100.00
0.00
0.00
9.00
1.00
1.00
0.00
0.00
0.00
0.00
0.00
0.00
1.00
5.00
0.00
0.00
0.00
2.00
57.00
0.00
0.00
0.00
11.00
6.00
0.00
0.00
0.00
0.00
0.00
0.00
0.00
0.00
0.00
122.00
233.00
1.00
32.00
49.00
0.00
329.00
0.00
1.00
0.00
0.00
0.00
0.00
0.00
0.00
0.00
0.00
0.00
0.00
0.00
0.00
0.00
0.00
0.00
0.00
0.00
0.00
0.00
19.00
0.00
0.00
0.00
34.00
89.00
5.00
4.00
0.00
0.00
513.00
9.00
1.00
0.00
0.00
0.00
241.00
11.00
7.00
2.00
74.00
42.00
197.00
185.00
249.00
0.00
0.00
152.00
59.00
21.00
23.00
77.00
0.00
149.00
7.00
33.00
0.00
0.00
0.00
0.00
5.00
30.00
32.00
8.00
0.00
948.00
432.00
193.00
171.00
0.00
0.00
16.00
38.00
15.00
2.00
31.00
52.00
2.00
5.00
13.00
0.00
0.00
15.00
1.00
0.00
57.00
78.00
214.00
134.00
193.00
368.00
53.00
25.00
170.00
1.00
10.00
5.00
56.00
4.00
138.00
211.00
561.00
45.00
39.00
46.00
24.00
47.00
94.00
90.00
111.00
10.00
0.00
6.00
68.00
254.00
212.00
203.00
12.00
14.00
11.00
6.00
50.00
58.00
38.00
172.00
331.00
93.00
185.00
15.00
33.00
42.00
196.00
199.00
36.00
5.00
176.00
1377.00
44.00
22.00
12.00
147.00
25.00
23.00
178.00
37.00
27.00
83.00
204.00
150.00
72.00
18.00
16.00
6.00
12.00
19.00
7.00
36.00
94.00
130.00
149.00
1.00
2.00
12.00
135.00
6.00
70.00
196.00
54.00
16.00
15.00
120.00
37.00
59.00
29.00
291.00
0.00
26.00
0.00
10.00
0.00
107.00
12.00
2.00
54.00
8.00
31.00
115.00
0.00
0.00
0.00
0.00
0.00
0.00
0.00
0.00
0.00
0.00
0.00
0.00
0.00
6.00
0.00
93.00
290.00
78.00
63.00
0.00
0.00
0.00
23.00
309.00
1015.00
610.00
0.00
0.00
0.00
0.00
0.00
0.00
0.00
0.00
0.00
0.00
0.00
0.00
0.00
0.00
0.00
0.00
0.00
0.00
0.00
0.00
0.00
0.00
66.00
0.00
0.00
0.00
0.00
0.00
0.00
0.00
0.00
0.00
0.00
0.00
0.00
0.00
0.00
0.00
0.00
0.00
0.00
0.00
0.00
0.00
0.00
0.00
0.00
0.00
0.00
0.00
0.00
0.00
0.00
0.00
0.00
0.00
51.00
0.00
0.00
0.00
0.00
0.00
0.00
0.00
0.00
0.00
0.00
0.00
0.00
0.00
0.00
0.00
0.00
0.00
0.00
0.00
0.00
0.00
0.00
0.00
0.00
0.00
35.00
0.00
0.00
0.00
0.00
0.00
0.00
0.00
0.00
0.00
0.00
0.00
0.00
0.00
0.00
0.00
1.00
0.00
0.00
0.00
0.00
0.00
0.00
0.00
0.00
0.00
0.00
0.00
0.00
0.00
0.00
0.00
0.00
0.00
0.00
0.00
0.00
0.00
0.00
0.00
44.00
0.00
83.00
63.00
0.00
0.00
0.00
0.00
0.00
0.00
14.00
22.00
115.00
0.00
0.00
0.00
0.00
9.00
10.00
0.00
1.00
28.00
0.00
0.00
0.00
0.00
0.00
0.00
19.00
0.00
3.00
0.00
0.00
0.00
0.00
0.00
0.00
0.00
0.00
0.00
0.00
78.00
217.00
6.00
67.00
284.00
367.00
50.00
0.00
0.00
113.00
0.00
15.00
41.00
175.00
0.00
0.00
0.00
4.00
3.00
0.00
0.00
229.00
0.00
19.00
0.00
48.00
8.00
458.00
0.00
668.00
44.00
0.00
0.00
0.00
0.00
0.00
0.00
0.00
354.00
0.00
8.00
142.00
110.00
613.00
1724.00
183.00
0.00
0.00
1049.00
1.00
3.00
222.00
17.00
3.00
646.00
397.00
6.00
326.00
179.00
103.00
147.00
126.00
361.00
0.00
5.00
77.00
0.00
1.00
0.00
0.00
4.00
25.00
4.00
55.00
55.00
161.00
362.00
153.00
370.00
52.00
2.00
4.00
31.00
628.00
420.00
149.00
1.00
5.00
0.00
193.00
167.00
39.00
241.00
633.00
176.00
37.00
68.00
416.00
305.00
224.00
72.00
2.00
35.00
35.00
12.00
33.00
260.00
198.00
55.00
52.00
60.00
102.00
7.00
10.00
166.00
349.00
503.00
36.00
278.00
46.00
105.00
30.00
35.00
11.00
4.00
222.00
224.00
21.00
3.00
3.00
76.00
71.00
13.00
69.00
16.00
63.00
76.00
39.00
150.00
30.00
2.00
1.00
0.00
8.00
4.00
158.00
513.00
9.00
7.00
0.00
0.00
16.00
63.00
249.00
154.00
75.00
1.00
1.00
0.00
0.00
16.00
115.00
49.00
630.00
300.00
39.00
53.00
4.00
0.00
12.00
2.00
3.00
4.00
89.00
248.00
24.00
0.00
7.00
0.00
0.00
0.00
0.00
0.00
0.00
52.00
2188.00
186.00
0.00
0.00
15.00
0.00
0.00
0.00
0.00
1.00
1.00
0.00
0.00
0.00
0.00
0.00
0.00
0.00
0.00
0.00
0.00
0.00
2.00
66.00
0.00
31.00
471.00
65.00
42.00
0.00
0.00
0.00
0.00
0.00
0.00
0.00
0.00
0.00
0.00
0.00
0.00
0.00
0.00
0.00
0.00
0.00
0.00
1.00
16.00
43.00
70.00
7.00
0.00
0.00
0.00
0.00
0.00
0.00
0.00
0.00
0.00
0.00
0.00
0.00
0.00
0.00
0.00
0.00
0.00
0.00
0.00
0.00
0.00
49.00
1.00
0.00
0.00
0.00
0.00
0.00
0.00
0.00
0.00
0.00
0.00
0.00
0.00
0.00
0.00
0.00
0.00
0.00
0.00
0.00
0.00
0.00
0.00
0.00
0.00
0.00
0.00
0.00
0.00
0.00
0.00
0.00
0.00
0.00
0.00
0.00
744.00
399.00
533.00
720.00
156.00
9.00
124.00
167.00
0.00
0.00
0.00
0.00
8.00
0.00
0.00
0.00
0.00
0.00
225.00
168.00
0.00
0.00
0.00
0.00
0.00
0.00
59.00
0.00
0.00
0.00
0.00
0.00
0.00
0.00
0.00
0.00
180.00
169.00
7.00
0.00
0.00
0.00
0.00
0.00
34.00
24.00
116.00
0.00
0.00
0.00
0.00
153.00
332.00
29.00
36.00
0.00
0.00
185.00
36.00
575.00
4.00
19.00
0.00
18.00
311.00
0.00
24.00
0.00
0.00
37.00
0.00
80.00
0.00
4.00
68.00
53.00
0.00
1.00
17.00
0.00
0.00
42.00
145.00
0.00
540.00
1.00
72.00
812.00
0.00
0.00
1.00
0.00
74.00
211.00
2.00
40.00
6.00
0.00
144.00
0.00
291.00
0.00
85.00
107.00
0.00
174.00
0.00
84.00
0.00
0.00
0.00
0.00
30.00
287.00
210.00
0.00
33.00
0.00
0.00
0.00
0.00
5.00
307.00
470.00
496.00
175.00
0.00
4.00
6.00
240.00
0.00
0.00
224.00
11.00
7.00
0.00
27.00
29.00
36.00
36.00
36.00
3.00
14.00
1.00
26.00
18.00
281.00
173.00
0.00
1.00
1.00
3.00
11.00
0.00
1.00
5.00
66.00
76.00
15.00
0.00
15.00
0.00
694.00
26.00
48.00
45.00
394.00
148.00
382.00
133.00
77.00
92.00
9.00
29.00
46.00
21.00
9.00
25.00
19.00
21.00
141.00
8.00
16.00
1.00
4.00
10.00
8.00
9.00
64.00
14.00
5.00
138.00
45.00
177.00
80.00
43.00
21.00
53.00
27.00
49.00
6.00
8.00
12.00
5.00
4.00
4.00
1.00
160.00
150.00
110.00
1.00
27.00
0.00
0.00
16.00
30.00
159.00
104.00
14.00
190.00
7.00
0.00
0.00
1.00
132.00
41.00
85.00
14.00
0.00
0.00
22.00
8.00
2.00
0.00
0.00
0.00
0.00
0.00
0.00
0.00
0.00
0.00
0.00
0.00
8.00
170.00
82.00
362.00
40.00
0.00
0.00
0.00
0.00
0.00
0.00
0.00
0.00
0.00
0.00
0.00
0.00
0.00
3.00
4.00
16.00
5.00
0.00
0.00
0.00
0.00
0.00
3.00
0.00
0.00
0.00
0.00
0.00
0.00
58.00
0.00
0.00
0.00
0.00
0.00
0.00
0.00
14.00
0.00
0.00
0.00
0.00
0.00
0.00
0.00
0.00
0.00
0.00
0.00
0.00
0.00
0.00
0.00
0.00
0.00
0.00
0.00
0.00
0.00
0.00
0.00
0.00
0.00
49.00
93.00
22.00
0.00
0.00
0.00
0.00
0.00
0.00
0.00
0.00
0.00
0.00
0.00
0.00
0.00
0.00
0.00
0.00
0.00
0.00
0.00
0.00
0.00
0.00
0.00
0.00
0.00
0.00
0.00
0.00
0.00
0.00
0.00
0.00
0.00
0.00
0.00
0.00
0.00
0.00
2.00
2.00
1.00
0.00
0.00
0.00
0.00
0.00
0.00
0.00
0.00
0.00
0.00
3.00
0.00
0.00
0.00
0.00
0.00
0.00
0.00
2.00
0.00
0.00
0.00
0.00
0.00
1.00
0.00
8.30
48.00
46.60
49.40
10.40
0.00
0.00
0.00
0.60
2.90
0.00
0.00
0.00
0.00
0.00
0.10
0.00
0.00
9.90
3.10
0.00
58.30
3.70
0.00
0.00
0.00
2.80
0.00
0.00
0.00
2.70
0.40
0.00
0.00
0.00
66.30
0.40
15.10
3.70
0.00
2.70
87.10
0.10
0.50
35.00
10.50
1.40
1.40
11.50
0.00
0.00
20.70
0.00
0.00
0.00
0.00
7.50
0.00
0.00
0.00
0.00
0.50
12.90
0.00
0.00
0.30
0.30
0.00
86.00
0.20
0.00
0.00
0.00
0.00
0.00
0.00
0.00
0.00
3.20
2.00
0.00
0.00
0.00
0.00
5.80
5.80
0.00
26.90
26.90
27.00
3.80
0.00
0.00
0.20
0.00
1.70
1.00
0.00
2.50
0.00
3.30
230.30
0.00
0.30
8.50
7.70
0.00
0.00
0.00
0.50
0.90
60.00
0.00
0.00
0.10
0.80
0.00
1.80
1.40
0.00
0.20
0.30
2.00
3.20
0.90
0.00
1.20
1.20
8.40
0.20
0.00
2.40
65.40
3.90
1.10
7.70
7.70
24.00
24.00
16.80
0.00
0.00
0.30
0.00
0.00
0.00
0.00
0.00
0.00
0.60
8.00
14.60
20.70
2.40
1.60
1.00
16.00
8.70
6.40
0.90
0.20
4.50
23.60
15.50
3.40
29.20
3.40
0.60
22.20
23.60
40.50
44.20
13.50
8.10
5.50
0.00
0.10
1.10
0.10
26.10
28.10
7.10
1.30
0.80
0.00
1.00
0.00
0.70
1.80
21.10
25.70
0.70
3.40
0.00
0.00
2.30
5.40
3.70
3.40
0.70
5.50
1.60
0.30
0.00
1.30
0.00
0.00
0.00
21.10
12.50
32.30
0.90
7.80
42.10
3.80
3.30
5.50
7.80
5.90
5.90
32.90
0.00
5.70
0.00
35.00
0.20
0.00
39.00
8.40
0.10
1.10
0.10
0.00
0.00
0.10
0.00
0.00
0.20
0.10
0.20
3.40
1.20
0.10
0.00
3.40
