20160101
0.00
0.00
0.00
0.00
0.00
0.00
0.00
0.00
0.00
0.00
0.00
0.00
0.00
1.00
0.00
0.00
0.00
0.00
0.00
21.00
1.00
0.00
0.00
0.00
0.00
0.00
0.00
0.00
0.00
0.00
0.00
0.00
0.00
0.00
0.00
0.00
0.00
0.00
1.00
0.00
0.00
0.00
2.00
0.00
0.00
0.00
0.00
0.00
0.00
0.00
0.00
0.00
1.00
89.00
152.00
0.00
28.00
0.00
0.00
0.00
1.00
0.00
0.00
0.00
0.00
54.00
0.00
0.00
0.00
26.00
0.00
0.00
0.00
0.00
0.00
3.00
1.00
85.00
0.00
3.00
0.00
0.00
0.00
0.00
0.00
0.00
0.00
51.00
0.00
125.00
557.00
164.00
55.00
113.00
11.00
0.00
0.00
0.00
0.00
0.00
0.00
0.00
0.00
0.00
0.00
0.00
14.00
0.00
0.00
0.00
0.00
0.00
0.00
0.00
0.00
1.00
6.00
0.00
0.00
0.00
0.00
8.00
212.00
0.00
1.00
0.00
25.00
203.00
3.00
0.00
2.00
0.00
8.00
1057.00
0.00
1.00
0.00
40.00
288.00
206.00
886.00
893.00
0.00
0.00
289.00
181.00
7.00
17.00
362.00
15.00
125.00
67.00
5.00
0.00
0.00
0.00
22.00
38.00
81.00
167.00
28.00
2.00
1794.00
397.00
216.00
1.00
0.00
20.00
19.00
0.00
4.00
13.00
2.00
46.00
33.00
9.00
127.00
15.00
15.00
213.00
49.00
10.00
174.00
100.00
219.00
184.00
82.00
176.00
123.00
12.00
18.00
29.00
1.00
18.00
71.00
8.00
414.00
326.00
132.00
275.00
174.00
16.00
8.00
8.00
43.00
71.00
92.00
1.00
3.00
55.00
142.00
270.00
388.00
100.00
15.00
20.00
15.00
39.00
67.00
12.00
7.00
116.00
175.00
90.00
1.00
324.00
104.00
117.00
170.00
66.00
4.00
0.00
647.00
582.00
0.00
3.00
47.00
364.00
204.00
160.00
318.00
13.00
114.00
332.00
55.00
206.00
122.00
29.00
37.00
14.00
1.00
15.00
39.00
98.00
157.00
141.00
160.00
21.00
1.00
21.00
88.00
1.00
15.00
219.00
60.00
137.00
0.00
93.00
46.00
123.00
453.00
354.00
0.00
188.00
47.00
173.00
25.00
166.00
14.00
30.00
107.00
0.00
53.00
159.00
559.00
16.00
34.00
0.00
0.00
0.00
0.00
0.00
0.00
0.00
0.00
0.00
0.00
0.00
0.00
1.00
400.00
68.00
10.00
0.00
0.00
0.00
0.00
13.00
291.00
629.00
0.00
0.00
0.00
0.00
0.00
0.00
0.00
0.00
0.00
0.00
0.00
0.00
0.00
0.00
0.00
0.00
0.00
0.00
0.00
0.00
0.00
0.00
0.00
0.00
0.00
17.00
0.00
0.00
0.00
0.00
0.00
0.00
24.00
8.00
0.00
0.00
0.00
0.00
0.00
0.00
0.00
0.00
0.00
0.00
0.00
0.00
0.00
0.00
0.00
0.00
0.00
0.00
0.00
0.00
0.00
0.00
0.00
0.00
0.00
0.00
0.00
0.00
0.00
0.00
0.00
0.00
0.00
0.00
0.00
0.00
0.00
0.00
0.00
0.00
0.00
13.00
0.00
0.00
0.00
0.00
0.00
0.00
9.00
0.00
0.00
0.00
0.00
0.00
0.00
0.00
0.00
0.00
0.00
0.00
0.00
0.00
0.00
0.00
0.00
0.00
0.00
0.00
0.00
0.00
0.00
0.00
0.00
0.00
0.00
0.00
0.00
0.00
0.00
0.00
0.00
0.00
0.00
0.00
0.00
12.00
120.00
5.00
120.00
3.00
70.00
120.00
0.00
0.00
0.00
0.00
0.00
0.00
149.00
14.00
40.00
0.00
0.00
0.00
0.00
16.00
0.00
0.00
5.00
24.00
2.00
12.00
0.00
0.00
203.00
56.00
457.00
0.00
0.00
0.00
0.00
0.00
0.00
0.00
0.00
0.00
3.00
0.00
0.00
10.00
469.00
27.00
175.00
948.00
114.00
428.00
13.00
0.00
3.00
0.00
1.00
0.00
43.00
0.00
0.00
0.00
10.00
5.00
0.00
0.00
181.00
0.00
6.00
0.00
13.00
32.00
768.00
128.00
74.00
0.00
0.00
0.00
0.00
0.00
0.00
0.00
0.00
24.00
5.00
77.00
200.00
822.00
2.00
865.00
97.00
0.00
56.00
648.00
0.00
100.00
234.00
50.00
80.00
617.00
301.00
155.00
0.00
76.00
31.00
58.00
561.00
964.00
71.00
164.00
120.00
13.00
20.00
0.00
5.00
13.00
43.00
8.00
133.00
467.00
377.00
506.00
180.00
199.00
5.00
1.00
8.00
40.00
265.00
70.00
234.00
102.00
142.00
17.00
89.00
304.00
404.00
727.00
1050.00
418.00
11.00
77.00
489.00
229.00
420.00
104.00
54.00
168.00
40.00
1.00
51.00
233.00
64.00
53.00
129.00
62.00
44.00
0.00
43.00
205.00
379.00
434.00
22.00
88.00
177.00
144.00
69.00
110.00
63.00
53.00
519.00
203.00
39.00
104.00
75.00
89.00
102.00
27.00
40.00
125.00
255.00
183.00
46.00
65.00
88.00
72.00
0.00
46.00
8.00
15.00
300.00
480.00
13.00
2.00
19.00
2.00
52.00
468.00
264.00
219.00
24.00
90.00
0.00
108.00
105.00
177.00
153.00
208.00
63.00
26.00
143.00
156.00
5.00
19.00
13.00
5.00
14.00
0.00
0.00
288.00
0.00
0.00
0.00
0.00
0.00
15.00
0.00
3.00
141.00
232.00
1396.00
901.00
0.00
0.00
0.00
0.00
0.00
0.00
0.00
29.00
94.00
0.00
0.00
0.00
0.00
0.00
0.00
0.00
0.00
0.00
0.00
0.00
0.00
28.00
0.00
1.00
271.00
44.00
28.00
0.00
0.00
2.00
0.00
0.00
0.00
0.00
0.00
0.00
0.00
0.00
0.00
0.00
0.00
0.00
0.00
0.00
0.00
6.00
165.00
953.00
839.00
551.00
0.00
0.00
0.00
0.00
0.00
0.00
0.00
0.00
42.00
0.00
0.00
0.00
0.00
0.00
0.00
0.00
0.00
0.00
0.00
0.00
12.00
278.00
24.00
0.00
0.00
0.00
0.00
0.00
0.00
0.00
0.00
0.00
0.00
0.00
0.00
0.00
0.00
0.00
0.00
0.00
0.00
0.00
0.00
0.00
0.00
0.00
0.00
0.00
0.00
0.00
0.00
0.00
0.00
0.00
0.00
0.00
0.00
21.00
486.00
427.00
745.00
206.00
46.00
0.00
34.00
42.00
0.00
0.00
0.00
0.00
0.00
1.00
0.00
0.00
0.00
0.00
0.00
207.00
0.00
0.00
0.00
0.00
0.00
0.00
39.00
0.00
0.00
0.00
0.00
0.00
0.00
0.00
0.00
0.00
0.00
168.00
13.00
0.00
0.00
0.00
0.00
0.00
0.00
0.00
31.00
0.00
0.00
0.00
0.00
88.00
208.00
24.00
13.00
0.00
0.00
8.00
25.00
363.00
0.00
18.00
0.00
187.00
29.00
0.00
147.00
0.00
5.00
364.00
74.00
18.00
2.00
48.00
135.00
0.00
0.00
0.00
1.00
0.00
0.00
400.00
145.00
12.00
458.00
10.00
34.00
991.00
59.00
33.00
14.00
2.00
301.00
786.00
0.00
114.00
4.00
3.00
73.00
14.00
477.00
462.00
68.00
538.00
1.00
252.00
16.00
0.00
0.00
0.00
59.00
23.00
99.00
693.00
177.00
15.00
7.00
137.00
29.00
0.00
4.00
267.00
375.00
377.00
289.00
997.00
14.00
10.00
275.00
109.00
39.00
0.00
159.00
66.00
2.00
9.00
99.00
261.00
47.00
1.00
12.00
7.00
14.00
21.00
1.00
151.00
538.00
80.00
50.00
16.00
10.00
11.00
14.00
8.00
15.00
6.00
318.00
129.00
37.00
18.00
19.00
14.00
5.00
47.00
157.00
62.00
196.00
498.00
182.00
56.00
118.00
233.00
32.00
24.00
29.00
24.00
57.00
45.00
64.00
294.00
67.00
3.00
27.00
8.00
2.00
22.00
10.00
56.00
530.00
23.00
53.00
245.00
184.00
102.00
83.00
209.00
2.00
2.00
107.00
123.00
28.00
28.00
45.00
1.00
4.00
9.00
10.00
70.00
38.00
179.00
3.00
1.00
0.00
1.00
21.00
32.00
9.00
172.00
5.00
43.00
42.00
0.00
0.00
25.00
78.00
126.00
2.00
0.00
11.00
9.00
461.00
1.00
1.00
1.00
0.00
0.00
0.00
0.00
0.00
0.00
0.00
0.00
0.00
0.00
122.00
333.00
442.00
475.00
198.00
0.00
0.00
0.00
0.00
0.00
0.00
0.00
0.00
0.00
0.00
0.00
0.00
0.00
4.00
79.00
174.00
27.00
28.00
0.00
0.00
0.00
0.00
0.00
4.00
0.00
0.00
0.00
0.00
0.00
0.00
0.00
0.00
0.00
0.00
0.00
0.00
0.00
0.00
1.00
0.00
0.00
0.00
0.00
0.00
0.00
0.00
0.00
0.00
0.00
0.00
0.00
0.00
2.00
1.00
0.00
0.00
0.00
0.00
0.00
0.00
0.00
0.00
0.00
50.00
44.00
12.00
0.00
0.00
0.00
0.00
0.00
0.00
0.00
0.00
0.00
0.00
0.00
0.00
0.00
0.00
0.00
0.00
0.00
0.00
0.00
0.00
0.00
0.00
0.00
0.00
0.00
0.00
0.00
0.00
0.00
0.00
0.00
0.00
0.00
0.00
0.00
0.00
0.00
0.00
1.00
1.00
0.00
0.00
0.00
0.00
0.00
0.00
0.00
0.00
0.00
0.00
0.00
1.00
0.00
0.00
0.00
0.00
0.00
0.00
0.00
5.00
4.00
0.00
0.00
0.00
0.00
0.00
0.00
0.00
71.90
64.30
47.80
14.80
0.00
0.00
0.00
5.20
12.50
0.00
0.00
0.00
0.00
0.00
0.00
0.00
0.00
0.00
4.50
1.60
35.70
0.30
0.00
4.00
0.00
0.20
0.00
0.00
0.00
0.10
0.00
0.00
0.00
0.00
19.70
9.70
75.60
73.20
0.20
0.00
19.00
0.20
1.80
23.20
5.20
10.60
0.40
38.70
0.00
0.00
0.30
0.00
0.00
0.00
0.00
1.00
0.00
0.00
0.00
0.00
0.00
0.00
0.00
0.00
0.00
0.00
0.20
134.50
56.40
0.00
0.00
0.00
0.00
0.00
0.00
0.00
0.00
23.00
0.00
0.20
0.50
1.50
0.00
0.00
0.00
0.00
46.70
46.70
33.10
9.60
0.00
0.00
0.00
0.00
0.00
1.20
3.50
6.10
6.70
58.00
1.90
2.00
5.90
10.00
9.60
0.10
0.00
1.00
58.90
6.30
97.00
0.00
16.70
10.20
7.30
0.90
0.70
0.00
0.00
0.60
6.80
12.00
1.00
14.60
1.50
0.00
1.50
2.40
1.40
0.10
12.30
9.40
12.80
36.50
41.10
41.10
32.90
32.90
49.20
0.00
0.00
0.00
20.70
0.00
0.00
0.00
0.20
1.80
1.70
0.60
38.30
11.60
2.90
0.10
2.30
45.70
2.10
1.70
5.00
1.70
35.10
203.10
8.20
6.70
20.60
10.80
0.00
145.10
22.70
60.10
42.70
49.40
3.50
2.20
14.50
0.50
8.10
1.80
18.10
31.20
18.10
5.90
0.30
0.30
1.90
0.00
5.00
32.50
19.40
33.20
3.20
10.60
0.80
0.30
6.80
47.50
8.50
4.00
7.80
51.80
10.70
0.00
1.00
7.10
0.30
0.50
0.10
3.30
9.60
23.70
0.50
44.40
27.40
5.50
0.40
10.10
32.30
26.20
26.20
12.50
1.10
2.00
0.50
2.90
3.30
0.20
4.70
38.90
0.00
0.00
0.00
0.00
0.10
2.00
0.00
0.10
0.10
0.00
0.10
3.20
1.30
0.10
0.00
2.30
