20160101
0.00
0.00
0.00
0.00
0.00
0.00
0.00
0.00
101.00
0.00
0.00
0.00
1.00
0.00
0.00
0.00
0.00
0.00
0.00
12.00
0.00
0.00
0.00
0.00
0.00
0.00
0.00
0.00
0.00
0.00
0.00
0.00
0.00
0.00
0.00
0.00
0.00
0.00
0.00
2.00
0.00
0.00
10.00
0.00
0.00
0.00
0.00
0.00
0.00
0.00
0.00
0.00
3.00
60.00
86.00
1.00
4.00
0.00
0.00
0.00
0.00
0.00
0.00
0.00
0.00
25.00
0.00
0.00
0.00
0.00
0.00
0.00
2.00
0.00
2.00
4.00
0.00
3.00
1.00
0.00
205.00
0.00
2.00
0.00
0.00
0.00
0.00
466.00
6.00
4.00
223.00
221.00
4.00
217.00
685.00
1.00
0.00
0.00
0.00
0.00
0.00
0.00
0.00
0.00
17.00
0.00
153.00
92.00
1.00
31.00
0.00
0.00
0.00
0.00
0.00
103.00
0.00
0.00
0.00
0.00
3.00
358.00
216.00
99.00
86.00
16.00
23.00
19.00
0.00
0.00
0.00
0.00
277.00
331.00
5.00
21.00
1.00
377.00
281.00
154.00
732.00
890.00
6.00
0.00
385.00
63.00
0.00
7.00
135.00
45.00
1.00
28.00
0.00
0.00
310.00
292.00
7.00
3.00
13.00
83.00
18.00
196.00
567.00
84.00
30.00
0.00
2.00
108.00
174.00
2.00
0.00
3.00
2.00
10.00
77.00
30.00
65.00
39.00
66.00
299.00
186.00
1.00
18.00
67.00
38.00
219.00
28.00
0.00
312.00
31.00
40.00
61.00
1.00
23.00
1.00
48.00
102.00
77.00
24.00
82.00
1.00
18.00
5.00
10.00
72.00
136.00
241.00
0.00
2.00
32.00
187.00
159.00
107.00
141.00
52.00
127.00
76.00
52.00
3.00
40.00
45.00
115.00
344.00
20.00
18.00
249.00
206.00
68.00
164.00
34.00
0.00
2.00
293.00
20.00
0.00
1.00
3.00
804.00
38.00
144.00
102.00
17.00
133.00
166.00
148.00
104.00
30.00
1.00
5.00
0.00
1.00
2.00
10.00
6.00
15.00
153.00
462.00
143.00
45.00
403.00
73.00
57.00
107.00
520.00
89.00
44.00
66.00
1.00
3.00
110.00
317.00
168.00
4.00
534.00
554.00
40.00
16.00
365.00
56.00
155.00
748.00
106.00
0.00
24.00
681.00
120.00
0.00
0.00
0.00
0.00
0.00
0.00
0.00
0.00
0.00
0.00
0.00
0.00
0.00
1.00
31.00
96.00
109.00
0.00
0.00
0.00
19.00
5.00
187.00
771.00
256.00
0.00
0.00
0.00
0.00
0.00
0.00
0.00
0.00
0.00
0.00
0.00
0.00
0.00
0.00
0.00
0.00
0.00
0.00
0.00
0.00
0.00
0.00
0.00
0.00
3.00
0.00
0.00
0.00
0.00
0.00
0.00
10.00
0.00
0.00
0.00
0.00
0.00
0.00
0.00
0.00
0.00
0.00
0.00
0.00
0.00
0.00
0.00
0.00
0.00
0.00
0.00
0.00
0.00
0.00
0.00
0.00
0.00
0.00
0.00
0.00
0.00
0.00
0.00
0.00
0.00
0.00
0.00
0.00
0.00
0.00
0.00
0.00
0.00
0.00
0.00
0.00
0.00
0.00
0.00
0.00
0.00
2.00
0.00
0.00
0.00
0.00
0.00
0.00
0.00
0.00
0.00
0.00
0.00
0.00
0.00
0.00
0.00
0.00
0.00
0.00
0.00
0.00
0.00
0.00
0.00
0.00
0.00
0.00
79.00
0.00
0.00
0.00
0.00
0.00
0.00
0.00
0.00
4.00
170.00
46.00
1.00
235.00
1.00
74.00
134.00
0.00
0.00
0.00
0.00
0.00
0.00
172.00
0.00
41.00
0.00
0.00
0.00
0.00
96.00
0.00
0.00
0.00
531.00
192.00
0.00
0.00
0.00
299.00
228.00
326.00
0.00
0.00
0.00
0.00
0.00
0.00
0.00
0.00
0.00
46.00
8.00
0.00
1.00
522.00
159.00
145.00
391.00
224.00
306.00
234.00
0.00
2.00
0.00
34.00
1.00
24.00
0.00
0.00
0.00
0.00
33.00
0.00
0.00
77.00
0.00
0.00
0.00
41.00
44.00
427.00
19.00
97.00
0.00
115.00
0.00
45.00
1.00
0.00
0.00
0.00
16.00
3.00
98.00
196.00
714.00
305.00
613.00
51.00
97.00
393.00
1.00
0.00
280.00
196.00
430.00
1312.00
197.00
381.00
246.00
0.00
53.00
282.00
30.00
50.00
724.00
0.00
36.00
143.00
98.00
192.00
121.00
123.00
62.00
41.00
6.00
153.00
101.00
33.00
162.00
73.00
27.00
3.00
6.00
1.00
29.00
96.00
102.00
263.00
283.00
140.00
298.00
196.00
187.00
66.00
182.00
460.00
72.00
110.00
156.00
721.00
83.00
20.00
50.00
146.00
250.00
12.00
0.00
0.00
6.00
104.00
120.00
100.00
40.00
2.00
11.00
1.00
134.00
650.00
129.00
13.00
37.00
63.00
37.00
56.00
18.00
251.00
201.00
142.00
202.00
567.00
179.00
322.00
364.00
122.00
190.00
88.00
105.00
107.00
31.00
6.00
288.00
46.00
1.00
100.00
40.00
88.00
2.00
78.00
132.00
12.00
16.00
58.00
6.00
49.00
103.00
210.00
3.00
5.00
14.00
0.00
1.00
68.00
155.00
194.00
294.00
35.00
76.00
36.00
66.00
10.00
3.00
217.00
186.00
228.00
0.00
1.00
7.00
0.00
0.00
7.00
0.00
0.00
0.00
0.00
312.00
286.00
444.00
448.00
1707.00
0.00
0.00
0.00
0.00
0.00
0.00
0.00
538.00
172.00
0.00
0.00
0.00
0.00
0.00
0.00
0.00
0.00
0.00
0.00
0.00
0.00
44.00
0.00
0.00
134.00
30.00
9.00
0.00
0.00
0.00
0.00
0.00
0.00
0.00
0.00
0.00
0.00
0.00
0.00
0.00
0.00
0.00
0.00
0.00
0.00
1.00
28.00
937.00
684.00
547.00
0.00
0.00
0.00
0.00
0.00
0.00
0.00
0.00
27.00
0.00
0.00
0.00
0.00
0.00
0.00
0.00
0.00
0.00
0.00
0.00
176.00
127.00
16.00
0.00
0.00
0.00
0.00
0.00
0.00
0.00
0.00
0.00
0.00
0.00
0.00
0.00
0.00
0.00
0.00
0.00
0.00
0.00
0.00
0.00
0.00
0.00
0.00
0.00
0.00
0.00
0.00
0.00
0.00
0.00
0.00
0.00
0.00
0.00
53.00
29.00
559.00
21.00
119.00
0.00
24.00
11.00
0.00
0.00
0.00
0.00
0.00
0.00
0.00
0.00
0.00
0.00
0.00
230.00
0.00
0.00
0.00
0.00
0.00
0.00
2.00
0.00
0.00
0.00
0.00
0.00
0.00
0.00
139.00
0.00
0.00
21.00
89.00
0.00
0.00
0.00
0.00
0.00
0.00
0.00
34.00
39.00
1.00
2.00
0.00
104.00
63.00
0.00
17.00
24.00
0.00
118.00
85.00
102.00
65.00
0.00
0.00
26.00
0.00
0.00
34.00
0.00
0.00
227.00
34.00
39.00
14.00
406.00
58.00
0.00
0.00
39.00
2.00
3.00
23.00
253.00
433.00
12.00
9.00
1.00
92.00
627.00
866.00
473.00
226.00
456.00
381.00
202.00
0.00
33.00
3.00
17.00
67.00
0.00
43.00
117.00
548.00
7.00
31.00
123.00
130.00
3.00
0.00
0.00
34.00
119.00
50.00
85.00
20.00
0.00
0.00
244.00
264.00
0.00
60.00
200.00
629.00
424.00
588.00
1073.00
136.00
60.00
522.00
0.00
35.00
30.00
89.00
0.00
9.00
9.00
35.00
158.00
7.00
53.00
55.00
15.00
0.00
0.00
0.00
133.00
243.00
111.00
3.00
7.00
124.00
15.00
17.00
53.00
45.00
43.00
78.00
94.00
80.00
9.00
3.00
25.00
15.00
46.00
25.00
28.00
238.00
108.00
4.00
26.00
9.00
50.00
13.00
64.00
60.00
5.00
24.00
9.00
351.00
211.00
146.00
14.00
420.00
40.00
64.00
215.00
201.00
390.00
190.00
221.00
152.00
66.00
60.00
11.00
25.00
75.00
5.00
26.00
19.00
88.00
116.00
83.00
0.00
1.00
0.00
79.00
34.00
3.00
27.00
184.00
27.00
0.00
0.00
0.00
161.00
11.00
39.00
91.00
22.00
1.00
85.00
0.00
15.00
29.00
74.00
243.00
12.00
2.00
22.00
11.00
55.00
12.00
17.00
0.00
0.00
0.00
0.00
0.00
0.00
0.00
0.00
0.00
0.00
0.00
154.00
117.00
542.00
357.00
44.00
1.00
0.00
0.00
0.00
0.00
0.00
0.00
0.00
0.00
0.00
0.00
0.00
0.00
51.00
80.00
240.00
128.00
25.00
0.00
0.00
0.00
0.00
0.00
1.00
0.00
0.00
0.00
0.00
0.00
0.00
0.00
0.00
0.00
0.00
0.00
0.00
0.00
0.00
0.00
0.00
0.00
0.00
0.00
0.00
0.00
0.00
0.00
0.00
0.00
0.00
0.00
0.00
0.00
0.00
0.00
0.00
0.00
0.00
0.00
0.00
0.00
0.00
0.00
29.00
30.00
2.00
0.00
0.00
0.00
0.00
0.00
0.00
0.00
0.00
0.00
0.00
0.00
0.00
0.00
0.00
0.00
0.00
0.00
0.00
0.00
0.00
0.00
0.00
0.00
0.00
0.00
0.00
0.00
0.00
0.00
0.00
0.00
0.00
0.00
0.00
0.00
0.00
0.00
0.00
0.00
0.00
0.00
0.00
0.00
0.00
0.00
0.00
0.00
0.00
0.00
0.00
0.00
0.00
0.00
0.00
0.00
0.00
0.00
0.00
0.00
3.00
10.00
0.00
0.00
0.00
0.00
0.00
0.00
2.40
110.60
83.30
72.40
38.30
0.00
0.00
0.00
1.30
20.10
0.00
0.00
0.00
0.00
0.00
0.00
0.00
0.00
0.70
1.00
2.10
32.90
2.10
0.00
0.00
0.00
0.00
0.00
0.00
0.00
0.00
0.40
0.00
0.00
0.00
49.70
45.80
164.50
13.30
0.00
0.90
14.60
0.20
17.80
47.30
0.60
3.60
0.00
0.50
0.00
0.00
0.00
0.10
0.00
0.00
0.00
0.00
0.20
0.00
0.00
0.00
0.00
0.00
0.00
0.00
0.00
0.00
0.00
10.20
53.30
0.00
0.10
0.00
0.00
0.00
0.00
0.00
0.00
3.80
10.60
8.80
11.20
0.50
5.20
2.00
2.00
0.00
5.00
5.00
109.20
38.40
1.20
0.00
0.00
0.00
0.00
0.10
27.90
3.60
14.00
14.80
0.10
0.20
12.60
1.60
9.10
0.10
0.00
20.80
49.80
60.10
7.20
0.40
0.00
280.90
32.00
18.30
9.60
3.40
0.00
0.10
2.10
2.70
2.10
0.60
0.50
5.30
0.00
0.20
0.10
3.50
2.70
14.50
39.50
44.70
79.90
79.90
45.80
45.80
16.00
0.40
0.40
0.10
12.00
0.40
0.40
0.40
0.10
0.10
1.60
0.80
46.70
6.90
2.60
5.30
0.00
27.20
1.70
1.50
4.00
23.40
17.30
25.40
14.60
4.50
10.90
2.50
1.70
13.20
27.40
8.50
16.20
22.60
1.40
1.00
0.20
0.50
23.00
1.20
24.60
55.40
18.70
3.60
0.40
0.30
3.40
7.00
26.30
3.00
11.90
14.20
5.40
39.00
12.50
5.50
2.10
2.80
7.50
8.20
5.10
10.80
0.30
0.20
5.40
0.60
0.00
0.00
6.80
0.20
16.30
33.70
24.30
14.10
17.20
0.00
0.40
0.60
29.60
7.30
7.30
24.90
0.00
0.00
0.00
31.10
3.70
0.00
15.00
5.30
0.00
0.00
0.00
0.70
2.30
0.00
0.00
0.00
0.00
0.00
0.70
9.20
4.80
0.20
0.90
1.70
