20160101
0.00
0.00
0.00
0.00
0.00
0.00
0.00
0.00
48.00
0.00
0.00
0.00
0.00
0.00
0.00
0.00
0.00
0.00
0.00
0.00
2.00
0.00
0.00
0.00
0.00
0.00
0.00
0.00
0.00
0.00
0.00
0.00
0.00
0.00
0.00
0.00
0.00
0.00
0.00
0.00
0.00
0.00
0.00
0.00
0.00
0.00
0.00
0.00
0.00
0.00
0.00
0.00
0.00
21.00
75.00
5.00
33.00
0.00
0.00
0.00
0.00
0.00
0.00
0.00
0.00
17.00
0.00
0.00
0.00
0.00
0.00
0.00
0.00
1.00
0.00
7.00
0.00
0.00
23.00
0.00
1.00
0.00
22.00
0.00
0.00
0.00
0.00
193.00
0.00
7.00
423.00
77.00
30.00
75.00
170.00
36.00
0.00
0.00
0.00
0.00
0.00
0.00
0.00
0.00
41.00
51.00
133.00
72.00
0.00
3.00
0.00
2.00
0.00
0.00
0.00
143.00
0.00
1.00
0.00
0.00
14.00
86.00
180.00
22.00
93.00
0.00
0.00
1.00
0.00
0.00
1.00
0.00
61.00
3.00
3.00
15.00
1.00
168.00
439.00
142.00
506.00
616.00
0.00
6.00
153.00
34.00
0.00
1.00
93.00
37.00
0.00
48.00
0.00
55.00
273.00
491.00
67.00
7.00
24.00
1.00
48.00
199.00
11.00
28.00
123.00
0.00
11.00
63.00
340.00
0.00
5.00
15.00
53.00
69.00
5.00
85.00
39.00
59.00
3.00
87.00
85.00
41.00
92.00
3.00
90.00
24.00
6.00
1.00
105.00
24.00
48.00
26.00
20.00
9.00
8.00
25.00
139.00
57.00
12.00
5.00
0.00
3.00
6.00
21.00
26.00
19.00
341.00
12.00
1.00
50.00
174.00
0.00
66.00
42.00
42.00
27.00
21.00
41.00
46.00
133.00
84.00
31.00
8.00
0.00
46.00
215.00
135.00
14.00
1.00
14.00
1.00
3.00
447.00
50.00
0.00
23.00
0.00
168.00
9.00
23.00
36.00
7.00
202.00
45.00
48.00
1.00
46.00
6.00
3.00
56.00
2.00
13.00
9.00
4.00
36.00
174.00
125.00
84.00
192.00
230.00
13.00
40.00
36.00
120.00
121.00
72.00
78.00
8.00
32.00
59.00
310.00
5.00
2.00
373.00
12.00
172.00
1.00
41.00
632.00
42.00
51.00
46.00
0.00
1.00
102.00
203.00
23.00
0.00
0.00
0.00
0.00
0.00
0.00
0.00
0.00
0.00
0.00
8.00
1.00
0.00
69.00
20.00
40.00
0.00
0.00
0.00
1.00
1.00
148.00
488.00
239.00
0.00
0.00
0.00
0.00
0.00
0.00
0.00
0.00
0.00
0.00
0.00
0.00
0.00
0.00
0.00
0.00
0.00
0.00
0.00
0.00
0.00
0.00
0.00
0.00
0.00
4.00
0.00
0.00
0.00
0.00
0.00
0.00
0.00
0.00
0.00
0.00
0.00
0.00
0.00
0.00
0.00
0.00
0.00
0.00
0.00
0.00
0.00
0.00
0.00
0.00
0.00
0.00
0.00
0.00
0.00
0.00
0.00
0.00
0.00
0.00
0.00
0.00
0.00
0.00
0.00
0.00
0.00
0.00
0.00
0.00
0.00
0.00
0.00
0.00
0.00
0.00
0.00
0.00
0.00
0.00
0.00
2.00
0.00
0.00
0.00
0.00
0.00
0.00
0.00
0.00
0.00
0.00
0.00
0.00
0.00
0.00
0.00
0.00
0.00
0.00
0.00
0.00
0.00
0.00
0.00
0.00
0.00
0.00
0.00
0.00
0.00
0.00
0.00
0.00
0.00
0.00
0.00
0.00
107.00
38.00
0.00
207.00
0.00
115.00
18.00
0.00
0.00
0.00
0.00
0.00
0.00
209.00
1.00
76.00
0.00
0.00
0.00
0.00
79.00
0.00
0.00
0.00
78.00
131.00
7.00
0.00
0.00
448.00
369.00
158.00
0.00
0.00
0.00
0.00
0.00
0.00
0.00
0.00
0.00
21.00
1.00
4.00
2.00
380.00
182.00
100.00
163.00
194.00
121.00
55.00
1.00
0.00
0.00
0.00
33.00
46.00
0.00
0.00
0.00
0.00
5.00
0.00
0.00
59.00
0.00
0.00
0.00
18.00
26.00
416.00
6.00
44.00
0.00
7.00
0.00
134.00
0.00
0.00
0.00
0.00
0.00
176.00
167.00
151.00
448.00
6.00
351.00
12.00
113.00
221.00
0.00
234.00
240.00
1012.00
819.00
433.00
63.00
461.00
327.00
0.00
40.00
35.00
8.00
122.00
140.00
0.00
10.00
86.00
117.00
54.00
164.00
226.00
93.00
72.00
35.00
243.00
49.00
5.00
39.00
21.00
129.00
11.00
0.00
1.00
16.00
23.00
19.00
66.00
513.00
167.00
234.00
18.00
38.00
61.00
85.00
165.00
13.00
43.00
53.00
268.00
28.00
23.00
100.00
163.00
108.00
29.00
49.00
0.00
1.00
260.00
59.00
55.00
26.00
1.00
2.00
0.00
39.00
288.00
48.00
11.00
3.00
36.00
20.00
22.00
8.00
38.00
126.00
212.00
49.00
227.00
83.00
54.00
310.00
8.00
74.00
56.00
72.00
136.00
3.00
1.00
46.00
0.00
1.00
33.00
29.00
6.00
0.00
214.00
13.00
0.00
13.00
43.00
83.00
34.00
105.00
44.00
70.00
24.00
30.00
0.00
53.00
1.00
161.00
489.00
161.00
336.00
1.00
40.00
22.00
332.00
28.00
28.00
63.00
88.00
58.00
0.00
2.00
9.00
36.00
27.00
0.00
0.00
0.00
5.00
35.00
535.00
106.00
107.00
641.00
0.00
0.00
0.00
0.00
0.00
0.00
27.00
262.00
113.00
0.00
0.00
0.00
0.00
0.00
0.00
0.00
0.00
0.00
0.00
0.00
0.00
19.00
0.00
1.00
174.00
45.00
13.00
0.00
0.00
0.00
0.00
0.00
0.00
0.00
0.00
0.00
0.00
0.00
0.00
0.00
0.00
0.00
0.00
0.00
0.00
0.00
67.00
584.00
236.00
124.00
0.00
0.00
0.00
0.00
0.00
0.00
0.00
0.00
2.00
0.00
0.00
0.00
0.00
0.00
0.00
0.00
0.00
0.00
0.00
0.00
103.00
201.00
181.00
0.00
0.00
0.00
0.00
0.00
0.00
0.00
0.00
0.00
0.00
0.00
0.00
0.00
0.00
0.00
0.00
0.00
0.00
0.00
0.00
0.00
0.00
0.00
0.00
0.00
0.00
0.00
0.00
0.00
0.00
0.00
0.00
0.00
0.00
0.00
18.00
5.00
191.00
0.00
42.00
0.00
0.00
0.00
0.00
0.00
0.00
0.00
0.00
0.00
0.00
0.00
0.00
0.00
0.00
251.00
0.00
0.00
0.00
0.00
0.00
0.00
0.00
0.00
0.00
0.00
0.00
0.00
0.00
0.00
187.00
0.00
0.00
0.00
221.00
4.00
0.00
0.00
0.00
0.00
0.00
0.00
0.00
0.00
4.00
0.00
0.00
62.00
56.00
0.00
4.00
511.00
0.00
146.00
4.00
5.00
129.00
0.00
0.00
0.00
1.00
0.00
7.00
0.00
0.00
46.00
3.00
1.00
4.00
160.00
14.00
0.00
0.00
6.00
45.00
42.00
14.00
93.00
224.00
0.00
105.00
0.00
48.00
294.00
467.00
615.00
556.00
440.00
410.00
350.00
0.00
2.00
0.00
0.00
23.00
0.00
0.00
4.00
103.00
0.00
0.00
0.00
212.00
0.00
0.00
0.00
22.00
69.00
20.00
14.00
0.00
66.00
263.00
761.00
368.00
8.00
248.00
288.00
242.00
330.00
927.00
448.00
365.00
43.00
374.00
6.00
29.00
12.00
1.00
0.00
16.00
22.00
10.00
5.00
3.00
60.00
44.00
17.00
5.00
2.00
9.00
134.00
5.00
10.00
1.00
5.00
59.00
4.00
14.00
35.00
87.00
14.00
24.00
41.00
72.00
3.00
11.00
12.00
34.00
5.00
54.00
13.00
24.00
17.00
5.00
0.00
48.00
7.00
94.00
84.00
126.00
16.00
0.00
0.00
147.00
364.00
50.00
13.00
208.00
80.00
7.00
86.00
229.00
23.00
113.00
62.00
50.00
76.00
7.00
17.00
47.00
56.00
0.00
57.00
29.00
105.00
91.00
12.00
6.00
5.00
8.00
100.00
14.00
0.00
4.00
17.00
28.00
9.00
0.00
46.00
246.00
26.00
0.00
0.00
0.00
0.00
261.00
0.00
167.00
72.00
34.00
26.00
27.00
0.00
130.00
24.00
1.00
2.00
22.00
2.00
0.00
0.00
0.00
0.00
0.00
0.00
0.00
0.00
20.00
14.00
191.00
171.00
501.00
423.00
61.00
0.00
0.00
0.00
0.00
0.00
0.00
0.00
0.00
0.00
0.00
0.00
0.00
0.00
57.00
88.00
156.00
84.00
28.00
0.00
0.00
0.00
0.00
0.00
0.00
0.00
0.00
0.00
0.00
0.00
0.00
0.00
0.00
0.00
0.00
0.00
0.00
0.00
0.00
0.00
0.00
0.00
0.00
0.00
0.00
0.00
0.00
0.00
0.00
0.00
0.00
0.00
0.00
0.00
0.00
0.00
0.00
0.00
0.00
0.00
0.00
0.00
0.00
0.00
49.00
33.00
30.00
0.00
0.00
0.00
0.00
0.00
0.00
0.00
0.00
0.00
0.00
0.00
0.00
0.00
0.00
0.00
0.00
0.00
0.00
0.00
0.00
0.00
0.00
0.00
0.00
0.00
0.00
0.00
0.00
0.00
0.00
0.00
0.00
0.00
0.00
0.00
0.00
0.00
0.00
0.00
0.00
0.00
2.00
0.00
0.00
0.00
0.00
0.00
0.00
0.00
0.00
0.00
0.00
0.00
0.00
0.00
0.00
0.00
0.00
0.00
1.00
3.00
0.00
0.00
0.00
0.00
0.00
0.00
0.00
161.80
175.60
83.20
48.10
0.00
0.00
0.00
4.30
39.70
0.00
0.00
0.00
0.00
0.00
0.00
0.00
0.00
0.00
0.00
0.20
33.10
4.60
0.00
0.00
0.00
0.00
0.00
0.00
0.00
0.00
0.00
0.00
0.00
0.00
119.90
31.40
49.20
22.20
0.00
4.20
19.50
0.10
24.00
31.10
0.00
1.00
0.00
0.00
0.00
0.00
0.00
0.00
0.00
0.00
0.00
0.00
1.70
0.00
0.00
0.00
0.00
0.00
0.00
0.00
0.00
0.00
0.00
1.40
7.90
0.00
0.00
0.00
0.00
0.00
0.00
0.00
0.00
0.10
0.70
0.40
2.80
19.70
17.50
0.00
0.00
0.00
11.30
11.30
28.60
5.00
1.60
0.00
0.00
0.00
0.00
0.50
6.20
0.40
1.90
3.10
0.00
8.40
9.80
0.50
0.40
0.00
7.50
33.60
19.90
16.00
3.30
0.10
0.00
8.90
20.20
24.10
5.70
0.20
0.10
4.40
2.90
4.00
3.90
0.00
0.20
0.40
3.60
3.90
0.00
6.40
3.70
8.60
19.00
6.10
4.30
4.30
27.60
27.60
43.70
4.80
4.80
0.00
31.60
4.80
4.80
4.80
0.80
4.50
0.70
0.90
29.80
11.20
7.40
3.60
0.20
9.50
3.20
5.00
5.30
22.20
5.10
23.30
16.00
3.50
2.40
0.20
0.60
2.30
0.90
3.30
20.80
5.30
1.10
2.30
0.00
5.80
15.00
0.00
11.00
36.60
42.40
3.50
3.30
0.30
8.10
0.00
1.50
0.40
4.50
1.20
4.10
8.20
14.70
8.60
2.80
1.70
1.10
2.30
5.80
2.40
1.90
0.00
8.90
6.40
3.30
0.40
9.00
1.50
4.50
15.70
19.50
38.50
18.00
0.30
9.70
2.10
20.20
5.00
5.00
3.20
0.00
0.00
0.90
8.70
2.30
22.50
14.30
8.50
0.00
0.00
0.00
6.30
10.00
0.00
0.10
0.00
0.00
0.00
0.90
7.20
3.00
1.10
0.50
2.30
