20160101
0.00
0.00
0.00
0.00
0.00
0.00
0.00
0.00
0.00
0.00
0.00
0.00
0.00
0.00
0.00
0.00
0.00
0.00
0.00
0.00
26.00
0.00
0.00
0.00
0.00
0.00
0.00
0.00
0.00
0.00
0.00
0.00
0.00
0.00
0.00
0.00
0.00
0.00
0.00
0.00
0.00
0.00
0.00
0.00
0.00
0.00
0.00
0.00
0.00
1.00
20.00
0.00
7.00
21.00
115.00
5.00
34.00
0.00
0.00
0.00
0.00
0.00
1.00
0.00
0.00
0.00
0.00
0.00
0.00
7.00
0.00
0.00
0.00
0.00
0.00
0.00
0.00
0.00
22.00
0.00
0.00
0.00
0.00
0.00
0.00
0.00
0.00
140.00
0.00
97.00
179.00
3.00
0.00
10.00
91.00
154.00
4.00
0.00
0.00
0.00
0.00
0.00
0.00
0.00
34.00
58.00
158.00
58.00
0.00
28.00
12.00
68.00
93.00
117.00
1.00
228.00
2.00
0.00
27.00
1.00
0.00
67.00
48.00
0.00
31.00
1.00
0.00
0.00
0.00
0.00
0.00
0.00
462.00
0.00
1.00
10.00
0.00
73.00
289.00
96.00
136.00
513.00
2.00
13.00
19.00
6.00
0.00
0.00
0.00
11.00
0.00
1.00
0.00
0.00
8.00
8.00
20.00
34.00
118.00
16.00
32.00
267.00
38.00
20.00
27.00
0.00
99.00
134.00
57.00
71.00
49.00
195.00
58.00
146.00
0.00
103.00
11.00
155.00
0.00
2.00
3.00
88.00
186.00
67.00
63.00
4.00
12.00
43.00
222.00
89.00
39.00
3.00
22.00
10.00
3.00
16.00
113.00
185.00
2.00
0.00
4.00
88.00
85.00
83.00
160.00
132.00
177.00
2.00
2.00
84.00
105.00
280.00
189.00
2.00
0.00
0.00
1.00
166.00
135.00
23.00
9.00
46.00
8.00
21.00
29.00
84.00
0.00
10.00
26.00
37.00
0.00
14.00
688.00
3.00
0.00
54.00
0.00
32.00
114.00
1.00
3.00
22.00
76.00
52.00
7.00
11.00
0.00
38.00
25.00
17.00
3.00
28.00
375.00
26.00
49.00
4.00
33.00
8.00
4.00
150.00
42.00
6.00
179.00
297.00
0.00
8.00
1.00
0.00
12.00
1.00
21.00
0.00
0.00
9.00
0.00
35.00
0.00
1.00
95.00
0.00
6.00
0.00
15.00
104.00
2.00
43.00
1.00
2.00
0.00
0.00
0.00
40.00
0.00
0.00
0.00
0.00
0.00
0.00
0.00
0.00
105.00
53.00
92.00
7.00
0.00
0.00
10.00
3.00
32.00
194.00
137.00
0.00
0.00
0.00
0.00
0.00
4.00
0.00
1.00
0.00
0.00
0.00
0.00
0.00
0.00
1.00
6.00
0.00
0.00
0.00
0.00
0.00
0.00
0.00
24.00
1.00
2.00
0.00
0.00
0.00
0.00
2.00
0.00
0.00
0.00
0.00
0.00
0.00
0.00
0.00
0.00
0.00
0.00
0.00
0.00
0.00
0.00
0.00
0.00
0.00
0.00
0.00
0.00
0.00
0.00
0.00
0.00
0.00
0.00
0.00
0.00
0.00
0.00
0.00
0.00
0.00
0.00
0.00
0.00
0.00
0.00
0.00
0.00
0.00
5.00
0.00
0.00
0.00
0.00
0.00
0.00
0.00
32.00
0.00
0.00
0.00
0.00
0.00
0.00
0.00
0.00
0.00
0.00
0.00
0.00
0.00
0.00
0.00
0.00
0.00
0.00
0.00
0.00
0.00
0.00
0.00
0.00
0.00
0.00
0.00
0.00
0.00
0.00
0.00
0.00
0.00
0.00
0.00
0.00
6.00
2.00
0.00
139.00
0.00
58.00
24.00
7.00
0.00
0.00
0.00
0.00
0.00
50.00
0.00
26.00
0.00
0.00
0.00
0.00
16.00
0.00
0.00
0.00
10.00
153.00
10.00
8.00
0.00
353.00
136.00
5.00
0.00
0.00
0.00
0.00
0.00
0.00
0.00
0.00
0.00
8.00
6.00
31.00
0.00
94.00
11.00
108.00
41.00
95.00
69.00
47.00
0.00
1.00
0.00
0.00
0.00
47.00
0.00
0.00
0.00
0.00
36.00
0.00
0.00
78.00
0.00
3.00
4.00
69.00
3.00
94.00
2.00
2.00
0.00
10.00
0.00
2.00
0.00
0.00
0.00
0.00
6.00
137.00
18.00
144.00
164.00
7.00
25.00
2.00
56.00
16.00
9.00
2.00
2.00
65.00
11.00
35.00
45.00
31.00
184.00
46.00
94.00
2.00
4.00
3.00
45.00
2.00
1.00
51.00
24.00
0.00
4.00
3.00
35.00
19.00
345.00
106.00
116.00
11.00
92.00
43.00
49.00
0.00
13.00
82.00
171.00
70.00
213.00
20.00
54.00
33.00
40.00
35.00
371.00
207.00
224.00
120.00
83.00
95.00
30.00
20.00
51.00
48.00
19.00
294.00
120.00
3.00
38.00
9.00
49.00
44.00
48.00
81.00
92.00
1.00
7.00
27.00
12.00
13.00
65.00
9.00
12.00
116.00
160.00
22.00
19.00
1.00
8.00
24.00
18.00
0.00
14.00
95.00
635.00
59.00
2.00
30.00
51.00
24.00
59.00
20.00
2.00
4.00
13.00
22.00
57.00
74.00
32.00
97.00
115.00
7.00
276.00
219.00
2.00
198.00
313.00
65.00
134.00
171.00
0.00
47.00
9.00
1.00
22.00
604.00
19.00
125.00
0.00
0.00
38.00
58.00
13.00
5.00
2.00
1.00
2.00
19.00
23.00
24.00
0.00
27.00
0.00
0.00
0.00
0.00
0.00
2.00
6.00
223.00
21.00
8.00
0.00
0.00
0.00
0.00
0.00
0.00
31.00
131.00
12.00
0.00
0.00
0.00
0.00
0.00
0.00
0.00
68.00
0.00
0.00
0.00
6.00
0.00
0.00
191.00
16.00
6.00
0.00
0.00
19.00
0.00
0.00
0.00
0.00
0.00
13.00
0.00
0.00
0.00
0.00
0.00
0.00
0.00
0.00
0.00
0.00
5.00
409.00
151.00
82.00
0.00
0.00
0.00
0.00
0.00
0.00
0.00
0.00
0.00
0.00
0.00
0.00
0.00
0.00
0.00
0.00
0.00
0.00
0.00
0.00
38.00
308.00
246.00
7.00
0.00
0.00
0.00
0.00
0.00
0.00
0.00
0.00
0.00
0.00
0.00
0.00
0.00
0.00
0.00
0.00
0.00
0.00
0.00
0.00
0.00
0.00
0.00
0.00
0.00
0.00
0.00
0.00
0.00
0.00
0.00
0.00
0.00
0.00
0.00
0.00
73.00
1.00
4.00
0.00
0.00
0.00
0.00
0.00
0.00
0.00
0.00
0.00
0.00
0.00
0.00
0.00
0.00
26.00
0.00
0.00
0.00
0.00
0.00
0.00
0.00
0.00
0.00
0.00
0.00
0.00
0.00
0.00
59.00
0.00
0.00
12.00
220.00
0.00
0.00
0.00
0.00
0.00
0.00
0.00
0.00
0.00
0.00
0.00
0.00
35.00
20.00
0.00
136.00
19.00
6.00
8.00
0.00
18.00
70.00
0.00
8.00
0.00
18.00
7.00
1.00
0.00
0.00
34.00
4.00
37.00
3.00
34.00
0.00
0.00
0.00
0.00
0.00
0.00
62.00
38.00
39.00
11.00
47.00
0.00
0.00
61.00
559.00
436.00
156.00
162.00
297.00
389.00
0.00
127.00
0.00
0.00
3.00
0.00
0.00
0.00
0.00
0.00
162.00
54.00
1.00
0.00
1.00
29.00
1.00
92.00
6.00
0.00
7.00
11.00
187.00
434.00
105.00
3.00
17.00
36.00
55.00
173.00
225.00
226.00
21.00
36.00
34.00
0.00
0.00
22.00
1.00
13.00
10.00
62.00
146.00
2.00
13.00
33.00
4.00
35.00
16.00
0.00
0.00
0.00
3.00
0.00
2.00
19.00
0.00
0.00
45.00
64.00
39.00
44.00
88.00
23.00
57.00
2.00
4.00
2.00
34.00
52.00
291.00
55.00
19.00
87.00
6.00
0.00
112.00
23.00
71.00
426.00
94.00
2.00
0.00
0.00
38.00
387.00
60.00
4.00
1.00
85.00
29.00
28.00
109.00
39.00
125.00
48.00
1.00
0.00
39.00
45.00
8.00
11.00
9.00
103.00
3.00
23.00
52.00
23.00
5.00
0.00
56.00
5.00
50.00
9.00
5.00
69.00
0.00
0.00
0.00
28.00
254.00
61.00
0.00
2.00
4.00
15.00
31.00
0.00
0.00
34.00
198.00
1.00
3.00
9.00
113.00
35.00
0.00
4.00
0.00
24.00
2.00
0.00
2.00
0.00
0.00
0.00
0.00
18.00
0.00
2.00
153.00
125.00
584.00
394.00
39.00
0.00
0.00
0.00
0.00
0.00
0.00
3.00
0.00
0.00
0.00
0.00
0.00
0.00
122.00
32.00
82.00
51.00
49.00
0.00
0.00
0.00
5.00
0.00
0.00
0.00
0.00
0.00
0.00
0.00
0.00
0.00
8.00
0.00
0.00
0.00
0.00
0.00
1.00
0.00
0.00
0.00
0.00
0.00
0.00
0.00
0.00
0.00
0.00
0.00
0.00
0.00
0.00
0.00
2.00
0.00
0.00
0.00
0.00
29.00
0.00
0.00
1.00
1.00
16.00
12.00
17.00
0.00
0.00
0.00
0.00
0.00
0.00
0.00
0.00
0.00
0.00
0.00
0.00
0.00
0.00
0.00
0.00
0.00
0.00
0.00
0.00
0.00
0.00
0.00
0.00
0.00
0.00
0.00
0.00
0.00
0.00
0.00
0.00
0.00
0.00
0.00
0.00
0.00
0.00
0.00
0.00
0.00
0.00
0.00
0.00
0.00
0.00
0.00
0.00
0.00
0.00
0.00
0.00
0.00
0.00
0.00
0.00
0.00
0.00
0.00
0.00
0.00
0.00
0.00
0.00
0.00
0.00
0.00
0.00
83.20
123.40
36.80
36.90
0.00
0.00
0.00
0.00
20.10
0.00
0.00
0.00
0.00
0.00
0.00
0.00
0.00
0.00
0.00
0.00
0.00
0.50
0.00
0.00
0.00
0.00
0.00
0.00
0.00
0.00
0.00
0.00
0.00
0.00
60.70
8.20
17.10
9.60
0.00
5.40
5.80
1.40
18.50
15.60
0.00
0.00
0.00
0.00
0.00
0.00
0.00
0.00
0.00
0.00
0.00
0.00
0.50
0.00
0.00
0.00
0.00
0.00
0.00
0.00
0.00
0.00
4.00
7.10
1.00
0.00
0.00
0.00
0.00
0.00
0.00
0.00
0.00
0.40
8.50
0.10
0.40
13.10
0.00
0.00
0.00
0.00
0.00
0.00
25.40
0.00
0.00
0.00
0.00
0.00
0.00
0.30
0.50
0.20
0.90
2.80
0.00
3.90
5.00
0.80
2.60
9.90
6.70
15.40
3.70
13.60
1.40
0.00
0.00
26.30
10.80
1.90
0.00
4.80
2.90
5.90
2.30
5.10
0.50
1.20
4.90
2.10
0.70
0.20
0.00
8.90
0.70
6.50
3.10
4.50
0.20
0.20
13.50
13.50
11.50
5.20
5.20
0.00
0.20
5.20
5.20
5.20
0.80
13.40
8.90
4.00
23.30
17.50
7.80
0.20
2.30
2.80
15.90
17.50
31.40
1.30
3.40
100.80
1.00
2.00
5.40
0.00
5.50
17.80
6.00
5.10
1.90
0.10
2.50
4.30
2.70
1.20
0.70
1.60
4.90
35.90
20.70
0.40
0.00
0.40
21.30
0.20
3.50
7.80
18.30
1.30
0.80
1.10
0.80
0.80
2.40
2.50
0.40
1.10
14.30
4.90
2.80
2.90
13.50
5.20
0.80
3.00
2.90
4.20
20.60
12.20
8.60
37.70
9.50
2.80
1.10
4.70
10.30
1.60
1.60
0.30
0.50
0.00
1.00
3.90
5.30
3.20
2.20
2.00
0.40
0.00
0.00
1.70
16.00
9.40
3.50
0.00
0.20
0.30
0.80
0.80
5.60
4.30
4.20
13.20
