20160101
0.00
0.00
0.00
0.00
0.00
0.00
0.00
0.00
16.00
0.00
0.00
0.00
0.00
0.00
0.00
0.00
0.00
0.00
0.00
10.00
1.00
0.00
0.00
0.00
0.00
0.00
0.00
0.00
0.00
0.00
0.00
0.00
0.00
0.00
0.00
0.00
0.00
0.00
2.00
0.00
0.00
0.00
37.00
0.00
0.00
0.00
0.00
0.00
0.00
0.00
0.00
0.00
1.00
127.00
65.00
4.00
2.00
0.00
0.00
0.00
1.00
0.00
0.00
0.00
0.00
24.00
0.00
0.00
0.00
3.00
0.00
2.00
0.00
0.00
2.00
3.00
0.00
1.00
2.00
0.00
75.00
0.00
0.00
0.00
0.00
0.00
0.00
273.00
0.00
36.00
421.00
110.00
25.00
107.00
1030.00
0.00
0.00
0.00
0.00
0.00
0.00
0.00
0.00
0.00
0.00
0.00
133.00
49.00
0.00
0.00
0.00
0.00
0.00
0.00
0.00
115.00
0.00
0.00
0.00
0.00
0.00
80.00
212.00
59.00
25.00
15.00
16.00
28.00
0.00
0.00
1.00
0.00
122.00
241.00
2.00
23.00
0.00
140.00
525.00
134.00
861.00
487.00
1.00
0.00
800.00
143.00
2.00
43.00
261.00
40.00
2.00
65.00
0.00
0.00
9.00
54.00
0.00
57.00
170.00
72.00
99.00
81.00
528.00
89.00
104.00
0.00
0.00
138.00
106.00
2.00
3.00
5.00
6.00
9.00
61.00
41.00
74.00
60.00
63.00
510.00
127.00
8.00
25.00
31.00
128.00
318.00
56.00
7.00
398.00
56.00
42.00
51.00
0.00
19.00
37.00
32.00
157.00
47.00
52.00
141.00
35.00
7.00
6.00
7.00
63.00
68.00
189.00
1.00
1.00
53.00
287.00
97.00
817.00
168.00
27.00
166.00
56.00
91.00
1.00
32.00
80.00
40.00
351.00
51.00
4.00
365.00
337.00
126.00
203.00
13.00
0.00
0.00
413.00
187.00
0.00
0.00
0.00
602.00
29.00
270.00
170.00
1.00
70.00
404.00
148.00
49.00
50.00
2.00
10.00
0.00
10.00
1.00
3.00
1.00
63.00
212.00
271.00
75.00
27.00
139.00
77.00
3.00
13.00
78.00
10.00
50.00
15.00
3.00
4.00
104.00
196.00
266.00
0.00
391.00
729.00
187.00
26.00
107.00
110.00
21.00
657.00
14.00
206.00
19.00
667.00
76.00
0.00
0.00
0.00
0.00
0.00
0.00
0.00
0.00
0.00
0.00
0.00
0.00
0.00
0.00
79.00
103.00
6.00
0.00
0.00
0.00
4.00
21.00
231.00
669.00
607.00
0.00
0.00
0.00
0.00
0.00
0.00
0.00
0.00
0.00
0.00
0.00
0.00
0.00
0.00
0.00
0.00
0.00
0.00
0.00
0.00
0.00
0.00
0.00
0.00
5.00
0.00
0.00
0.00
0.00
0.00
0.00
16.00
0.00
0.00
0.00
0.00
0.00
0.00
0.00
0.00
0.00
0.00
0.00
0.00
0.00
0.00
0.00
0.00
0.00
0.00
0.00
0.00
0.00
0.00
0.00
18.00
0.00
0.00
0.00
0.00
0.00
0.00
0.00
0.00
0.00
0.00
0.00
0.00
0.00
0.00
0.00
0.00
0.00
0.00
4.00
0.00
0.00
0.00
0.00
0.00
0.00
4.00
0.00
0.00
0.00
0.00
0.00
0.00
0.00
0.00
0.00
0.00
0.00
0.00
0.00
0.00
0.00
0.00
0.00
0.00
0.00
0.00
0.00
0.00
0.00
0.00
0.00
0.00
56.00
0.00
0.00
0.00
0.00
0.00
0.00
0.00
0.00
7.00
99.00
79.00
0.00
195.00
2.00
54.00
148.00
0.00
0.00
0.00
0.00
0.00
0.00
197.00
3.00
27.00
0.00
0.00
0.00
0.00
96.00
0.00
0.00
6.00
148.00
145.00
0.00
0.00
0.00
615.00
22.00
112.00
0.00
0.00
0.00
0.00
0.00
0.00
0.00
0.00
0.00
27.00
31.00
0.00
6.00
651.00
93.00
203.00
284.00
90.00
328.00
243.00
0.00
1.00
0.00
20.00
6.00
9.00
0.00
0.00
0.00
0.00
18.00
0.00
0.00
99.00
0.00
0.00
0.00
17.00
94.00
498.00
39.00
117.00
0.00
14.00
0.00
0.00
0.00
4.00
0.00
0.00
43.00
0.00
543.00
265.00
515.00
86.00
1503.00
20.00
0.00
500.00
16.00
0.00
361.00
821.00
84.00
624.00
164.00
359.00
182.00
0.00
49.00
204.00
167.00
79.00
762.00
105.00
95.00
37.00
6.00
250.00
45.00
62.00
25.00
32.00
7.00
162.00
77.00
105.00
390.00
120.00
35.00
4.00
1.00
4.00
28.00
130.00
68.00
323.00
250.00
90.00
133.00
137.00
195.00
91.00
339.00
1223.00
161.00
36.00
164.00
773.00
63.00
134.00
60.00
173.00
264.00
50.00
1.00
0.00
16.00
89.00
86.00
120.00
50.00
8.00
18.00
1.00
100.00
321.00
375.00
100.00
16.00
58.00
9.00
55.00
78.00
97.00
154.00
196.00
132.00
208.00
194.00
163.00
233.00
154.00
150.00
64.00
187.00
117.00
189.00
77.00
187.00
39.00
0.00
59.00
90.00
143.00
1.00
44.00
562.00
36.00
0.00
61.00
5.00
57.00
129.00
343.00
17.00
16.00
9.00
0.00
14.00
127.00
170.00
427.00
269.00
16.00
141.00
116.00
96.00
28.00
118.00
297.00
21.00
64.00
6.00
3.00
46.00
0.00
0.00
4.00
0.00
0.00
0.00
0.00
298.00
78.00
294.00
658.00
2324.00
0.00
0.00
0.00
0.00
0.00
0.00
0.00
424.00
226.00
0.00
0.00
0.00
0.00
0.00
0.00
0.00
0.00
0.00
0.00
0.00
0.00
58.00
0.00
0.00
205.00
10.00
11.00
0.00
0.00
0.00
0.00
0.00
0.00
0.00
0.00
0.00
0.00
0.00
0.00
0.00
0.00
0.00
0.00
0.00
0.00
1.00
66.00
1143.00
1037.00
978.00
0.00
0.00
0.00
0.00
0.00
0.00
0.00
0.00
38.00
0.00
0.00
0.00
0.00
0.00
0.00
0.00
0.00
0.00
0.00
0.00
47.00
50.00
4.00
0.00
0.00
0.00
0.00
0.00
0.00
0.00
0.00
0.00
0.00
0.00
0.00
0.00
0.00
0.00
0.00
0.00
0.00
0.00
0.00
0.00
0.00
0.00
0.00
0.00
0.00
0.00
0.00
0.00
0.00
0.00
0.00
0.00
0.00
0.00
117.00
57.00
615.00
40.00
128.00
0.00
0.00
0.00
0.00
0.00
0.00
0.00
0.00
0.00
0.00
0.00
0.00
0.00
0.00
298.00
0.00
0.00
0.00
0.00
0.00
0.00
3.00
0.00
0.00
0.00
0.00
0.00
0.00
0.00
0.00
0.00
0.00
24.00
21.00
0.00
0.00
0.00
0.00
0.00
0.00
0.00
0.00
0.00
49.00
21.00
0.00
117.00
43.00
1.00
16.00
0.00
0.00
50.00
54.00
80.00
77.00
0.00
0.00
45.00
9.00
0.00
84.00
0.00
0.00
216.00
69.00
33.00
28.00
181.00
21.00
0.00
0.00
10.00
19.00
0.00
3.00
374.00
277.00
36.00
50.00
9.00
43.00
624.00
681.00
215.00
485.00
352.00
299.00
146.00
0.00
359.00
0.00
16.00
54.00
84.00
127.00
276.00
564.00
17.00
10.00
98.00
35.00
0.00
0.00
0.00
64.00
148.00
151.00
185.00
45.00
5.00
0.00
71.00
2.00
1.00
13.00
130.00
680.00
334.00
470.00
1920.00
30.00
29.00
483.00
9.00
39.00
26.00
260.00
26.00
2.00
0.00
113.00
104.00
10.00
33.00
31.00
2.00
0.00
0.00
2.00
181.00
468.00
42.00
1.00
20.00
62.00
7.00
18.00
30.00
28.00
23.00
275.00
121.00
58.00
1.00
3.00
17.00
12.00
50.00
77.00
5.00
361.00
149.00
3.00
7.00
46.00
34.00
40.00
44.00
26.00
35.00
57.00
10.00
174.00
291.00
241.00
18.00
153.00
48.00
24.00
60.00
203.00
278.00
356.00
418.00
198.00
110.00
65.00
13.00
29.00
77.00
15.00
14.00
11.00
106.00
51.00
79.00
1.00
1.00
0.00
10.00
23.00
0.00
11.00
181.00
30.00
0.00
0.00
3.00
98.00
1.00
58.00
269.00
3.00
0.00
46.00
0.00
0.00
183.00
174.00
78.00
0.00
0.00
5.00
18.00
45.00
12.00
4.00
0.00
12.00
0.00
0.00
0.00
0.00
0.00
0.00
0.00
0.00
0.00
115.00
122.00
515.00
320.00
111.00
0.00
0.00
0.00
0.00
0.00
0.00
0.00
0.00
0.00
0.00
0.00
0.00
0.00
15.00
69.00
207.00
73.00
23.00
0.00
0.00
0.00
0.00
0.00
0.00
0.00
0.00
0.00
0.00
0.00
0.00
0.00
0.00
0.00
0.00
0.00
0.00
0.00
0.00
0.00
0.00
0.00
0.00
0.00
0.00
0.00
0.00
0.00
0.00
0.00
0.00
0.00
0.00
0.00
0.00
0.00
0.00
0.00
0.00
0.00
0.00
0.00
0.00
0.00
25.00
58.00
4.00
0.00
0.00
0.00
0.00
0.00
0.00
0.00
0.00
0.00
0.00
0.00
0.00
0.00
0.00
0.00
0.00
0.00
0.00
0.00
0.00
0.00
0.00
0.00
0.00
0.00
0.00
0.00
0.00
0.00
0.00
0.00
0.00
0.00
0.00
0.00
0.00
0.00
0.00
0.00
0.00
0.00
0.00
0.00
0.00
0.00
0.00
0.00
0.00
0.00
0.00
0.00
0.00
0.00
0.00
0.00
0.00
0.00
0.00
0.00
2.00
9.00
0.00
0.00
0.00
0.00
0.00
0.00
0.60
87.60
58.40
53.40
25.30
0.00
0.00
0.00
1.10
18.30
0.00
0.00
0.00
0.00
0.00
0.00
0.00
0.00
0.30
1.50
4.00
65.00
0.60
2.00
2.00
0.00
0.60
0.00
0.00
0.00
0.00
0.30
0.00
0.00
0.00
34.10
18.70
85.90
18.50
0.00
2.50
9.50
0.00
32.00
20.50
1.50
3.80
0.00
10.90
0.00
0.00
0.00
0.00
0.00
0.00
0.00
0.00
0.20
0.00
0.00
0.00
0.00
0.00
0.00
0.00
0.00
0.00
0.00
13.40
75.90
0.00
0.00
0.00
0.00
0.00
0.00
0.00
0.00
13.10
0.50
0.40
31.80
27.50
0.20
0.30
0.30
0.00
12.60
12.60
90.50
23.50
0.00
0.00
0.00
0.00
0.00
0.00
39.50
5.20
2.80
40.50
0.00
0.00
5.30
1.90
12.90
0.00
0.00
12.80
31.40
32.10
16.90
0.10
0.20
6.30
18.20
6.30
5.00
0.30
0.00
0.00
7.60
5.00
1.30
0.50
4.40
3.00
0.00
0.30
0.10
1.20
0.10
11.60
34.40
39.30
81.70
81.70
57.40
57.40
21.60
4.70
4.70
2.50
6.40
4.70
4.70
4.70
0.00
0.20
3.80
1.40
42.90
4.40
6.30
0.70
0.10
35.30
0.70
0.60
0.70
13.70
33.10
30.40
9.40
3.90
28.80
1.50
0.20
25.60
38.30
13.20
54.20
36.30
1.80
0.00
0.00
5.70
13.10
7.60
16.10
25.00
23.50
2.00
0.80
0.30
1.10
0.30
38.50
16.80
38.20
40.70
3.30
19.70
5.30
1.40
0.30
10.60
15.90
2.30
2.40
13.00
1.60
0.30
0.90
3.00
1.30
2.10
0.10
0.20
7.90
25.10
11.40
15.80
20.30
0.50
0.80
1.30
16.30
8.80
8.80
31.70
0.20
0.00
1.60
11.60
3.70
5.90
18.10
12.80
0.00
0.00
0.00
0.00
0.00
0.20
0.00
0.00
0.00
0.00
0.10
5.90
0.70
0.20
0.20
0.70
