20160101
0.00
0.00
0.00
0.00
0.00
0.00
1.00
0.00
0.00
0.00
0.00
0.00
0.00
0.00
0.00
0.00
0.00
0.00
0.00
4.00
0.00
0.00
0.00
0.00
0.00
0.00
0.00
0.00
0.00
0.00
0.00
0.00
0.00
0.00
0.00
0.00
0.00
0.00
36.00
0.00
0.00
0.00
0.00
0.00
0.00
0.00
0.00
0.00
0.00
0.00
11.00
0.00
3.00
0.00
61.00
0.00
81.00
0.00
0.00
0.00
0.00
0.00
0.00
0.00
0.00
142.00
0.00
0.00
3.00
0.00
0.00
0.00
0.00
0.00
9.00
0.00
0.00
1.00
5.00
0.00
0.00
0.00
0.00
0.00
0.00
0.00
0.00
2.00
45.00
245.00
494.00
0.00
8.00
89.00
0.00
173.00
0.00
0.00
0.00
0.00
0.00
0.00
0.00
0.00
0.00
0.00
16.00
0.00
0.00
0.00
0.00
0.00
0.00
0.00
0.00
0.00
0.00
5.00
0.00
0.00
0.00
66.00
11.00
1.00
6.00
0.00
2.00
254.00
4.00
6.00
2.00
0.00
16.00
402.00
34.00
0.00
0.00
46.00
37.00
40.00
114.00
128.00
0.00
0.00
278.00
30.00
33.00
3.00
11.00
0.00
11.00
156.00
0.00
0.00
0.00
0.00
0.00
26.00
348.00
2.00
3.00
0.00
1268.00
103.00
59.00
11.00
36.00
15.00
20.00
4.00
1.00
4.00
17.00
260.00
13.00
30.00
0.00
134.00
8.00
13.00
8.00
3.00
21.00
121.00
159.00
78.00
533.00
241.00
100.00
119.00
10.00
0.00
3.00
3.00
15.00
0.00
174.00
327.00
41.00
53.00
38.00
79.00
23.00
206.00
71.00
65.00
174.00
20.00
3.00
29.00
103.00
171.00
113.00
192.00
38.00
32.00
14.00
21.00
16.00
6.00
67.00
45.00
103.00
47.00
8.00
60.00
50.00
89.00
405.00
254.00
48.00
1.00
118.00
875.00
9.00
3.00
3.00
257.00
8.00
19.00
128.00
11.00
9.00
9.00
153.00
228.00
65.00
6.00
64.00
54.00
153.00
9.00
2.00
11.00
46.00
95.00
179.00
2.00
11.00
23.00
14.00
13.00
68.00
408.00
43.00
45.00
26.00
151.00
207.00
69.00
13.00
105.00
0.00
17.00
13.00
1.00
8.00
3.00
11.00
55.00
10.00
87.00
11.00
18.00
3.00
27.00
0.00
0.00
0.00
0.00
0.00
0.00
0.00
0.00
0.00
0.00
0.00
17.00
0.00
3.00
252.00
207.00
12.00
0.00
0.00
1.00
18.00
153.00
708.00
410.00
0.00
0.00
0.00
0.00
0.00
0.00
0.00
0.00
0.00
0.00
0.00
1.00
0.00
0.00
0.00
0.00
0.00
0.00
0.00
0.00
0.00
0.00
0.00
0.00
0.00
0.00
0.00
0.00
0.00
0.00
0.00
0.00
0.00
0.00
0.00
3.00
0.00
0.00
0.00
0.00
0.00
0.00
0.00
0.00
0.00
0.00
114.00
0.00
0.00
0.00
0.00
0.00
0.00
94.00
0.00
0.00
0.00
0.00
0.00
0.00
0.00
0.00
0.00
0.00
0.00
0.00
0.00
0.00
0.00
0.00
0.00
0.00
0.00
0.00
0.00
0.00
0.00
0.00
0.00
0.00
0.00
0.00
21.00
0.00
0.00
0.00
0.00
0.00
0.00
0.00
0.00
0.00
0.00
0.00
0.00
0.00
0.00
0.00
0.00
0.00
0.00
0.00
0.00
0.00
0.00
0.00
0.00
0.00
0.00
0.00
0.00
0.00
0.00
0.00
0.00
0.00
0.00
0.00
0.00
79.00
0.00
0.00
13.00
0.00
235.00
97.00
0.00
0.00
0.00
0.00
0.00
0.00
77.00
6.00
137.00
0.00
0.00
0.00
0.00
0.00
0.00
0.00
5.00
186.00
10.00
0.00
2.00
0.00
177.00
0.00
65.00
0.00
20.00
0.00
0.00
0.00
0.00
0.00
0.00
0.00
0.00
0.00
0.00
57.00
417.00
0.00
431.00
369.00
351.00
102.00
40.00
0.00
25.00
0.00
22.00
42.00
462.00
0.00
0.00
0.00
35.00
3.00
0.00
0.00
118.00
0.00
1.00
0.00
76.00
98.00
626.00
4.00
656.00
1.00
0.00
0.00
0.00
0.00
0.00
0.00
0.00
138.00
0.00
6.00
107.00
167.00
434.00
640.00
130.00
12.00
0.00
691.00
0.00
0.00
159.00
74.00
5.00
738.00
463.00
22.00
49.00
199.00
118.00
154.00
265.00
481.00
0.00
141.00
83.00
0.00
17.00
4.00
22.00
20.00
39.00
1.00
12.00
15.00
124.00
323.00
170.00
235.00
19.00
0.00
18.00
39.00
313.00
168.00
134.00
13.00
23.00
12.00
79.00
273.00
81.00
348.00
423.00
38.00
31.00
64.00
787.00
159.00
586.00
10.00
1.00
140.00
21.00
0.00
44.00
322.00
259.00
150.00
51.00
52.00
35.00
2.00
1.00
129.00
369.00
222.00
54.00
100.00
136.00
74.00
83.00
45.00
44.00
20.00
192.00
444.00
146.00
14.00
24.00
234.00
202.00
7.00
19.00
48.00
127.00
47.00
65.00
241.00
26.00
164.00
3.00
69.00
4.00
5.00
103.00
733.00
9.00
16.00
6.00
24.00
17.00
74.00
165.00
119.00
94.00
25.00
1.00
0.00
3.00
5.00
84.00
147.00
527.00
180.00
89.00
79.00
57.00
0.00
56.00
20.00
53.00
9.00
49.00
254.00
0.00
0.00
0.00
0.00
0.00
0.00
0.00
0.00
0.00
46.00
1245.00
547.00
0.00
0.00
4.00
0.00
0.00
0.00
0.00
2.00
2.00
0.00
0.00
0.00
0.00
0.00
0.00
0.00
0.00
0.00
0.00
0.00
0.00
96.00
0.00
8.00
497.00
70.00
7.00
0.00
0.00
0.00
0.00
0.00
0.00
0.00
0.00
0.00
0.00
0.00
0.00
0.00
0.00
0.00
0.00
0.00
0.00
0.00
16.00
11.00
41.00
43.00
0.00
0.00
0.00
0.00
0.00
0.00
0.00
0.00
5.00
0.00
0.00
0.00
0.00
0.00
0.00
0.00
0.00
0.00
0.00
0.00
0.00
41.00
0.00
0.00
0.00
0.00
0.00
0.00
0.00
0.00
0.00
0.00
0.00
0.00
0.00
0.00
0.00
0.00
0.00
0.00
0.00
0.00
0.00
0.00
0.00
0.00
0.00
0.00
0.00
0.00
0.00
0.00
0.00
0.00
0.00
0.00
0.00
0.00
830.00
493.00
173.00
179.00
330.00
0.00
199.00
110.00
0.00
0.00
0.00
0.00
0.00
0.00
0.00
0.00
0.00
0.00
258.00
188.00
0.00
0.00
1.00
0.00
0.00
0.00
110.00
0.00
0.00
0.00
0.00
0.00
0.00
0.00
0.00
0.00
32.00
188.00
0.00
0.00
0.00
0.00
0.00
0.00
0.00
106.00
72.00
0.00
0.00
29.00
0.00
208.00
404.00
13.00
24.00
0.00
0.00
58.00
250.00
230.00
4.00
17.00
0.00
56.00
119.00
0.00
45.00
0.00
116.00
46.00
38.00
93.00
5.00
16.00
45.00
1.00
0.00
117.00
1.00
0.00
14.00
78.00
126.00
0.00
207.00
0.00
152.00
1297.00
33.00
0.00
11.00
7.00
39.00
122.00
0.00
37.00
15.00
0.00
14.00
0.00
13.00
0.00
104.00
332.00
143.00
225.00
0.00
57.00
0.00
0.00
8.00
0.00
190.00
147.00
274.00
0.00
39.00
0.00
0.00
0.00
0.00
1.00
227.00
78.00
3.00
509.00
1.00
8.00
21.00
20.00
57.00
0.00
137.00
45.00
0.00
0.00
52.00
21.00
31.00
20.00
3.00
2.00
2.00
0.00
20.00
44.00
232.00
111.00
1.00
1.00
1.00
0.00
38.00
5.00
11.00
52.00
128.00
180.00
33.00
13.00
24.00
0.00
6.00
27.00
50.00
40.00
328.00
435.00
338.00
94.00
124.00
62.00
7.00
24.00
22.00
32.00
27.00
10.00
14.00
42.00
274.00
4.00
1.00
3.00
6.00
10.00
22.00
52.00
341.00
8.00
46.00
155.00
112.00
155.00
91.00
2.00
0.00
78.00
44.00
16.00
26.00
4.00
20.00
8.00
0.00
2.00
1.00
74.00
0.00
167.00
3.00
0.00
39.00
2.00
0.00
4.00
268.00
327.00
215.00
92.00
10.00
6.00
7.00
7.00
59.00
122.00
23.00
0.00
3.00
1.00
47.00
25.00
547.00
0.00
0.00
0.00
0.00
0.00
0.00
0.00
0.00
0.00
0.00
0.00
2.00
99.00
94.00
83.00
27.00
0.00
0.00
0.00
0.00
0.00
0.00
0.00
0.00
0.00
0.00
0.00
0.00
0.00
10.00
22.00
25.00
13.00
0.00
0.00
0.00
0.00
0.00
42.00
0.00
0.00
0.00
0.00
0.00
0.00
0.00
0.00
0.00
0.00
0.00
0.00
0.00
0.00
0.00
0.00
0.00
0.00
0.00
0.00
0.00
0.00
0.00
0.00
0.00
0.00
0.00
0.00
0.00
6.00
0.00
0.00
0.00
0.00
0.00
0.00
0.00
0.00
0.00
0.00
51.00
125.00
10.00
0.00
0.00
0.00
0.00
0.00
0.00
0.00
0.00
0.00
0.00
0.00
0.00
0.00
0.00
0.00
0.00
0.00
0.00
0.00
0.00
0.00
0.00
0.00
0.00
0.00
0.00
0.00
0.00
0.00
0.00
0.00
0.00
0.00
0.00
0.00
0.00
0.00
0.00
0.00
0.00
0.00
0.00
0.00
0.00
0.00
0.00
0.00
0.00
0.00
0.00
0.00
1.00
0.00
0.00
0.00
0.00
0.00
0.00
0.00
1.00
14.00
0.00
0.00
0.00
0.00
0.00
0.00
3.00
29.90
8.40
30.10
4.80
0.00
0.00
0.00
0.40
0.50
0.00
0.00
0.00
0.00
0.00
0.30
0.00
0.00
6.90
3.10
0.00
25.10
2.00
0.10
0.00
0.00
0.20
0.00
0.00
0.00
5.40
1.60
0.00
0.10
3.10
26.20
0.10
12.70
6.40
0.00
0.50
89.90
0.50
6.10
16.50
0.20
5.60
0.70
7.90
0.00
0.00
6.50
0.00
0.00
0.00
0.00
17.50
0.00
0.00
0.00
0.40
0.00
0.60
0.00
0.00
0.70
0.70
0.00
63.30
1.60
0.00
0.00
0.00
0.00
0.00
0.00
0.00
0.00
11.00
2.10
0.00
0.00
0.00
0.10
1.60
1.60
0.00
17.70
17.70
48.50
3.20
0.00
0.00
0.00
0.00
1.40
6.20
1.50
16.00
0.00
5.60
26.70
0.10
0.30
0.40
0.90
0.00
0.00
0.00
0.60
1.00
19.10
0.00
1.80
0.50
0.80
0.00
6.60
9.90
0.00
0.00
3.60
6.90
9.50
14.70
0.00
6.40
2.20
0.90
0.00
0.00
0.30
3.10
1.50
13.60
10.20
10.20
27.20
27.20
28.00
0.90
0.90
3.50
0.40
0.90
0.90
0.90
52.90
6.10
3.20
18.70
30.40
17.30
2.60
0.00
2.90
4.20
1.40
1.30
7.00
1.80
1.50
17.20
16.60
0.80
32.80
3.80
2.70
13.80
14.00
29.60
39.00
12.80
4.60
2.20
0.40
0.00
2.30
1.50
22.60
26.90
11.90
1.80
0.60
0.10
2.20
0.90
1.20
7.10
40.40
36.70
1.30
3.60
1.10
0.80
1.60
1.80
12.60
0.50
2.80
3.40
12.60
1.40
0.40
3.90
0.20
0.40
0.40
2.80
4.40
32.80
0.50
48.30
57.70
13.20
4.30
4.10
7.60
8.10
8.10
5.90
3.90
1.80
2.50
6.90
4.50
7.60
4.70
6.90
0.70
1.60
0.20
0.10
0.30
22.20
0.00
0.40
1.30
0.30
2.50
2.10
0.20
0.20
0.30
18.10
