20160101
0.00
0.00
0.00
0.00
0.00
0.00
0.00
0.00
90.00
0.00
0.00
0.00
1.00
0.00
0.00
0.00
0.00
0.00
0.00
7.00
1.00
0.00
0.00
0.00
0.00
0.00
0.00
0.00
0.00
0.00
0.00
0.00
0.00
0.00
0.00
0.00
0.00
0.00
0.00
2.00
0.00
0.00
2.00
0.00
0.00
0.00
0.00
0.00
0.00
0.00
0.00
0.00
4.00
45.00
76.00
1.00
7.00
0.00
0.00
0.00
0.00
0.00
0.00
0.00
0.00
39.00
0.00
0.00
0.00
0.00
0.00
0.00
1.00
0.00
1.00
5.00
0.00
2.00
2.00
0.00
204.00
0.00
1.00
0.00
0.00
0.00
0.00
377.00
6.00
2.00
224.00
217.00
0.00
204.00
525.00
6.00
0.00
0.00
0.00
0.00
0.00
0.00
0.00
0.00
16.00
0.00
134.00
90.00
0.00
26.00
0.00
0.00
0.00
0.00
0.00
44.00
0.00
0.00
0.00
0.00
3.00
393.00
273.00
113.00
116.00
8.00
21.00
20.00
0.00
0.00
0.00
0.00
310.00
153.00
3.00
16.00
3.00
429.00
202.00
137.00
682.00
1027.00
14.00
0.00
211.00
78.00
0.00
2.00
96.00
38.00
0.00
31.00
0.00
22.00
407.00
521.00
11.00
2.00
6.00
53.00
31.00
293.00
404.00
98.00
6.00
2.00
2.00
113.00
179.00
2.00
0.00
2.00
7.00
6.00
62.00
31.00
105.00
45.00
64.00
279.00
208.00
0.00
26.00
64.00
64.00
254.00
29.00
0.00
265.00
32.00
40.00
69.00
2.00
8.00
4.00
47.00
110.00
70.00
17.00
92.00
0.00
7.00
3.00
16.00
69.00
115.00
267.00
8.00
5.00
30.00
234.00
173.00
154.00
125.00
59.00
140.00
74.00
51.00
10.00
51.00
49.00
138.00
345.00
11.00
27.00
195.00
154.00
54.00
103.00
41.00
0.00
3.00
288.00
20.00
0.00
1.00
3.00
833.00
37.00
135.00
88.00
20.00
141.00
128.00
138.00
121.00
17.00
1.00
1.00
0.00
2.00
3.00
8.00
4.00
84.00
187.00
488.00
195.00
47.00
656.00
109.00
67.00
74.00
466.00
103.00
53.00
125.00
0.00
1.00
147.00
355.00
143.00
0.00
543.00
463.00
19.00
17.00
234.00
85.00
199.00
387.00
114.00
0.00
21.00
712.00
99.00
0.00
0.00
0.00
0.00
0.00
0.00
0.00
0.00
0.00
0.00
0.00
0.00
0.00
8.00
30.00
78.00
109.00
0.00
0.00
0.00
31.00
7.00
179.00
850.00
270.00
0.00
0.00
0.00
0.00
0.00
0.00
0.00
0.00
0.00
0.00
0.00
0.00
0.00
0.00
0.00
0.00
0.00
0.00
0.00
0.00
0.00
0.00
0.00
0.00
3.00
0.00
0.00
0.00
0.00
0.00
0.00
10.00
0.00
0.00
0.00
0.00
0.00
0.00
0.00
0.00
0.00
0.00
0.00
0.00
0.00
0.00
0.00
0.00
0.00
0.00
0.00
0.00
0.00
0.00
0.00
0.00
0.00
0.00
0.00
0.00
0.00
0.00
0.00
0.00
0.00
0.00
0.00
0.00
0.00
0.00
0.00
0.00
0.00
0.00
0.00
0.00
0.00
0.00
0.00
0.00
0.00
1.00
0.00
0.00
0.00
0.00
0.00
0.00
0.00
0.00
0.00
0.00
0.00
0.00
0.00
0.00
0.00
0.00
0.00
0.00
0.00
0.00
0.00
0.00
0.00
0.00
0.00
0.00
77.00
0.00
0.00
0.00
0.00
0.00
0.00
0.00
0.00
0.00
159.00
40.00
1.00
339.00
1.00
69.00
119.00
0.00
0.00
0.00
0.00
0.00
0.00
195.00
0.00
47.00
0.00
0.00
0.00
0.00
69.00
0.00
0.00
0.00
439.00
234.00
0.00
0.00
0.00
331.00
190.00
385.00
0.00
0.00
0.00
0.00
0.00
0.00
0.00
0.00
0.00
48.00
1.00
0.00
3.00
531.00
310.00
143.00
515.00
283.00
341.00
233.00
0.00
2.00
0.00
23.00
13.00
22.00
0.00
0.00
9.00
0.00
29.00
0.00
0.00
73.00
0.00
0.00
0.00
40.00
44.00
409.00
14.00
84.00
0.00
82.00
0.00
43.00
3.00
0.00
0.00
0.00
17.00
3.00
99.00
174.00
523.00
225.00
572.00
63.00
162.00
625.00
0.00
0.00
207.00
273.00
422.00
735.00
157.00
544.00
308.00
0.00
34.00
250.00
10.00
60.00
670.00
0.00
4.00
178.00
98.00
245.00
152.00
137.00
73.00
61.00
10.00
136.00
143.00
10.00
203.00
74.00
30.00
5.00
7.00
0.00
13.00
68.00
68.00
184.00
344.00
189.00
288.00
135.00
177.00
68.00
169.00
426.00
21.00
121.00
156.00
761.00
92.00
21.00
83.00
120.00
164.00
17.00
1.00
0.00
10.00
126.00
204.00
75.00
43.00
2.00
14.00
0.00
149.00
724.00
42.00
31.00
19.00
76.00
41.00
76.00
11.00
187.00
196.00
330.00
252.00
578.00
167.00
349.00
386.00
100.00
184.00
81.00
100.00
102.00
6.00
7.00
297.00
52.00
1.00
130.00
65.00
68.00
1.00
68.00
199.00
4.00
38.00
34.00
6.00
66.00
100.00
204.00
4.00
1.00
27.00
0.00
0.00
68.00
171.00
234.00
268.00
66.00
79.00
47.00
37.00
11.00
9.00
153.00
288.00
221.00
14.00
1.00
9.00
0.00
0.00
4.00
0.00
0.00
0.00
0.00
285.00
398.00
367.00
411.00
1768.00
0.00
0.00
0.00
0.00
0.00
0.00
2.00
600.00
201.00
0.00
0.00
0.00
0.00
0.00
0.00
0.00
0.00
0.00
0.00
0.00
0.00
42.00
0.00
0.00
140.00
32.00
7.00
0.00
0.00
0.00
0.00
0.00
0.00
0.00
0.00
0.00
0.00
0.00
0.00
0.00
0.00
0.00
0.00
0.00
0.00
0.00
23.00
997.00
656.00
452.00
0.00
0.00
0.00
0.00
0.00
0.00
0.00
0.00
21.00
0.00
0.00
0.00
0.00
0.00
0.00
0.00
0.00
0.00
0.00
0.00
126.00
136.00
10.00
0.00
0.00
0.00
0.00
0.00
0.00
0.00
0.00
0.00
0.00
0.00
0.00
0.00
0.00
0.00
0.00
0.00
0.00
0.00
0.00
0.00
0.00
0.00
0.00
0.00
0.00
0.00
0.00
0.00
0.00
0.00
0.00
0.00
0.00
0.00
57.00
21.00
548.00
14.00
52.00
0.00
20.00
10.00
0.00
0.00
0.00
0.00
0.00
0.00
0.00
0.00
0.00
0.00
0.00
291.00
0.00
0.00
0.00
0.00
0.00
0.00
1.00
0.00
0.00
0.00
0.00
0.00
0.00
0.00
99.00
0.00
0.00
19.00
118.00
1.00
0.00
0.00
0.00
0.00
0.00
0.00
79.00
15.00
1.00
3.00
0.00
72.00
62.00
0.00
16.00
76.00
0.00
120.00
20.00
110.00
82.00
0.00
0.00
19.00
0.00
0.00
28.00
0.00
0.00
283.00
23.00
23.00
9.00
400.00
88.00
0.00
1.00
39.00
2.00
4.00
15.00
238.00
391.00
17.00
6.00
1.00
143.00
590.00
819.00
506.00
192.00
450.00
543.00
201.00
0.00
21.00
6.00
17.00
49.00
0.00
26.00
108.00
491.00
10.00
21.00
122.00
366.00
2.00
0.00
0.00
25.00
80.00
45.00
44.00
24.00
0.00
5.00
389.00
297.00
1.00
62.00
212.00
664.00
426.00
635.00
804.00
197.00
68.00
440.00
0.00
51.00
34.00
63.00
0.00
16.00
7.00
27.00
129.00
5.00
56.00
56.00
25.00
0.00
0.00
7.00
228.00
220.00
112.00
2.00
26.00
94.00
4.00
26.00
54.00
70.00
45.00
66.00
92.00
89.00
7.00
4.00
32.00
16.00
41.00
31.00
30.00
123.00
90.00
6.00
17.00
7.00
46.00
15.00
69.00
69.00
6.00
22.00
0.00
466.00
273.00
148.00
19.00
613.00
47.00
84.00
201.00
347.00
387.00
180.00
232.00
150.00
107.00
24.00
11.00
28.00
75.00
5.00
32.00
31.00
74.00
82.00
67.00
0.00
3.00
0.00
58.00
31.00
7.00
20.00
104.00
27.00
0.00
0.00
0.00
183.00
12.00
1.00
23.00
9.00
2.00
85.00
0.00
22.00
29.00
48.00
232.00
19.00
2.00
28.00
7.00
47.00
5.00
18.00
0.00
0.00
0.00
0.00
0.00
0.00
0.00
0.00
0.00
0.00
0.00
150.00
128.00
506.00
366.00
46.00
0.00
0.00
0.00
0.00
0.00
0.00
0.00
0.00
0.00
0.00
0.00
0.00
0.00
67.00
96.00
236.00
143.00
32.00
0.00
0.00
0.00
0.00
0.00
0.00
0.00
0.00
0.00
0.00
0.00
0.00
0.00
0.00
0.00
0.00
0.00
0.00
0.00
0.00
0.00
0.00
0.00
0.00
0.00
0.00
0.00
0.00
0.00
0.00
0.00
0.00
0.00
0.00
0.00
0.00
0.00
0.00
0.00
0.00
0.00
0.00
0.00
0.00
0.00
29.00
27.00
3.00
0.00
0.00
0.00
0.00
0.00
0.00
0.00
0.00
0.00
0.00
0.00
0.00
0.00
0.00
0.00
0.00
0.00
0.00
0.00
0.00
0.00
0.00
0.00
0.00
0.00
0.00
0.00
0.00
0.00
0.00
0.00
0.00
0.00
0.00
0.00
0.00
0.00
0.00
0.00
0.00
0.00
0.00
0.00
0.00
0.00
0.00
0.00
0.00
0.00
0.00
0.00
0.00
0.00
0.00
0.00
0.00
0.00
0.00
0.00
3.00
9.00
0.00
0.00
0.00
0.00
0.00
0.00
1.00
118.70
90.40
63.50
43.20
0.00
0.00
0.00
1.60
19.60
0.00
0.00
0.00
0.00
0.00
0.00
0.00
0.00
0.00
0.60
2.20
21.10
1.60
0.00
0.00
0.00
0.00
0.00
0.00
0.00
0.00
0.10
0.00
0.00
0.00
65.90
31.90
169.80
12.80
0.00
0.70
16.30
0.00
19.80
23.40
0.50
2.80
0.00
0.50
0.00
0.00
0.00
0.10
0.00
0.00
0.00
0.00
0.10
0.00
0.00
0.00
0.00
0.00
0.00
0.00
0.00
0.00
0.00
7.50
38.90
0.00
0.30
0.00
0.00
0.00
0.00
1.50
0.00
0.30
1.60
1.90
7.70
2.40
25.50
0.90
0.90
0.00
10.50
10.50
95.00
18.90
1.30
0.10
0.00
0.00
0.00
0.00
26.70
1.80
13.90
16.20
0.00
0.60
4.70
1.70
14.80
0.00
0.00
19.60
55.40
80.50
5.70
0.30
0.00
149.00
30.70
26.40
9.30
5.90
0.00
0.30
0.80
0.90
1.70
1.30
0.10
32.00
0.00
0.00
0.10
3.10
4.30
11.90
34.70
53.60
55.90
55.90
48.50
48.50
16.80
0.50
0.50
0.20
10.30
0.50
0.50
0.50
0.10
0.00
2.20
1.40
34.00
5.80
2.10
6.20
0.00
31.70
1.70
1.60
7.00
25.40
31.60
25.00
15.90
5.90
10.80
2.10
1.00
7.80
33.00
12.50
17.10
11.60
1.50
2.00
0.20
2.00
26.10
0.40
35.30
54.90
16.20
12.40
2.40
0.20
3.80
12.40
19.80
2.20
11.20
9.60
6.40
79.90
18.50
11.10
0.70
1.70
6.20
8.20
8.30
8.70
0.70
0.60
5.20
0.50
0.30
0.00
7.80
0.40
15.40
27.50
23.10
17.50
16.00
0.00
8.20
0.30
32.00
5.90
5.90
11.30
0.00
0.00
0.10
34.50
2.90
0.00
14.50
8.90
0.00
0.00
0.00
0.70
4.10
0.00
0.00
0.00
0.00
0.00
0.30
7.40
0.90
0.10
0.00
1.00
