20160101
0.00
0.00
0.00
0.00
0.00
0.00
0.00
0.00
4.00
0.00
0.00
0.00
1.00
0.00
0.00
0.00
0.00
0.00
0.00
4.00
0.00
0.00
0.00
0.00
0.00
0.00
0.00
0.00
0.00
0.00
0.00
0.00
0.00
0.00
0.00
0.00
0.00
2.00
0.00
0.00
0.00
0.00
5.00
0.00
0.00
0.00
0.00
0.00
0.00
0.00
0.00
0.00
4.00
189.00
42.00
1.00
19.00
0.00
0.00
0.00
0.00
0.00
1.00
0.00
0.00
37.00
0.00
0.00
0.00
0.00
0.00
1.00
0.00
0.00
0.00
17.00
0.00
0.00
0.00
0.00
48.00
0.00
39.00
0.00
0.00
0.00
0.00
494.00
0.00
115.00
305.00
198.00
8.00
134.00
417.00
95.00
0.00
0.00
0.00
0.00
0.00
0.00
0.00
0.00
150.00
68.00
269.00
174.00
4.00
2.00
2.00
59.00
8.00
0.00
0.00
97.00
0.00
97.00
0.00
0.00
9.00
122.00
540.00
102.00
162.00
50.00
27.00
8.00
0.00
0.00
0.00
0.00
279.00
35.00
3.00
55.00
2.00
109.00
199.00
62.00
470.00
1040.00
8.00
5.00
81.00
28.00
0.00
0.00
34.00
41.00
36.00
15.00
13.00
12.00
18.00
928.00
8.00
1.00
1.00
4.00
6.00
350.00
39.00
20.00
33.00
0.00
11.00
156.00
314.00
1.00
0.00
2.00
10.00
32.00
5.00
6.00
19.00
23.00
110.00
133.00
192.00
9.00
41.00
30.00
12.00
49.00
5.00
1.00
27.00
54.00
132.00
94.00
24.00
1.00
2.00
14.00
193.00
55.00
4.00
16.00
2.00
3.00
2.00
30.00
74.00
47.00
348.00
106.00
13.00
4.00
212.00
12.00
39.00
64.00
18.00
49.00
39.00
85.00
58.00
172.00
114.00
55.00
23.00
2.00
67.00
62.00
63.00
22.00
7.00
52.00
1.00
0.00
452.00
29.00
0.00
10.00
15.00
941.00
33.00
46.00
12.00
3.00
225.00
185.00
52.00
33.00
28.00
7.00
17.00
8.00
21.00
2.00
4.00
0.00
13.00
222.00
458.00
115.00
23.00
868.00
34.00
32.00
40.00
67.00
115.00
63.00
115.00
0.00
38.00
24.00
740.00
215.00
1.00
520.00
55.00
30.00
0.00
112.00
235.00
223.00
244.00
90.00
1.00
14.00
231.00
228.00
0.00
0.00
0.00
0.00
0.00
0.00
0.00
0.00
0.00
0.00
0.00
1.00
6.00
9.00
3.00
23.00
133.00
1.00
0.00
0.00
76.00
12.00
155.00
592.00
169.00
0.00
0.00
0.00
0.00
0.00
0.00
0.00
0.00
0.00
0.00
0.00
0.00
0.00
0.00
0.00
0.00
0.00
0.00
0.00
0.00
0.00
0.00
0.00
0.00
0.00
0.00
0.00
0.00
0.00
0.00
0.00
0.00
0.00
0.00
0.00
0.00
0.00
0.00
0.00
0.00
0.00
0.00
0.00
0.00
0.00
0.00
0.00
0.00
0.00
0.00
0.00
0.00
0.00
0.00
0.00
0.00
0.00
0.00
0.00
0.00
0.00
0.00
0.00
0.00
0.00
0.00
0.00
0.00
0.00
0.00
0.00
0.00
0.00
0.00
0.00
0.00
0.00
0.00
0.00
0.00
0.00
1.00
0.00
0.00
0.00
0.00
0.00
0.00
0.00
0.00
0.00
0.00
0.00
0.00
0.00
0.00
0.00
0.00
0.00
0.00
0.00
0.00
0.00
0.00
0.00
0.00
0.00
0.00
33.00
0.00
0.00
0.00
0.00
0.00
0.00
0.00
0.00
0.00
174.00
2.00
10.00
201.00
0.00
320.00
144.00
1.00
0.00
0.00
0.00
0.00
0.00
122.00
0.00
68.00
0.00
0.00
0.00
0.00
80.00
0.00
0.00
0.00
65.00
445.00
14.00
0.00
0.00
573.00
281.00
343.00
0.00
0.00
0.00
0.00
0.00
0.00
0.00
0.00
0.00
57.00
33.00
8.00
0.00
604.00
395.00
95.00
272.00
111.00
226.00
103.00
0.00
1.00
40.00
19.00
74.00
77.00
0.00
0.00
116.00
0.00
31.00
0.00
0.00
93.00
0.00
0.00
0.00
49.00
20.00
521.00
2.00
55.00
0.00
16.00
4.00
63.00
0.00
0.00
0.00
8.00
2.00
33.00
194.00
154.00
527.00
171.00
435.00
97.00
185.00
310.00
1.00
108.00
109.00
256.00
811.00
537.00
103.00
375.00
171.00
1.00
51.00
29.00
15.00
30.00
284.00
1.00
18.00
130.00
93.00
264.00
147.00
416.00
106.00
100.00
28.00
186.00
36.00
2.00
54.00
22.00
38.00
30.00
25.00
5.00
12.00
78.00
27.00
150.00
430.00
358.00
258.00
82.00
52.00
38.00
66.00
118.00
24.00
145.00
92.00
226.00
36.00
32.00
71.00
104.00
85.00
17.00
16.00
1.00
29.00
242.00
39.00
83.00
38.00
2.00
13.00
0.00
64.00
343.00
47.00
18.00
15.00
71.00
30.00
27.00
41.00
30.00
285.00
79.00
68.00
496.00
260.00
131.00
429.00
19.00
196.00
29.00
21.00
17.00
11.00
5.00
27.00
18.00
1.00
81.00
38.00
22.00
0.00
72.00
93.00
0.00
36.00
60.00
13.00
79.00
76.00
104.00
44.00
25.00
13.00
1.00
0.00
0.00
30.00
195.00
255.00
160.00
28.00
15.00
306.00
72.00
24.00
43.00
444.00
331.00
69.00
7.00
13.00
0.00
5.00
4.00
15.00
0.00
0.00
0.00
70.00
607.00
286.00
219.00
975.00
0.00
0.00
0.00
0.00
0.00
0.00
14.00
1003.00
428.00
1.00
0.00
0.00
0.00
0.00
0.00
0.00
0.00
0.00
0.00
0.00
0.00
88.00
0.00
1.00
143.00
29.00
8.00
0.00
0.00
0.00
0.00
0.00
0.00
0.00
0.00
0.00
0.00
0.00
0.00
0.00
0.00
0.00
0.00
0.00
0.00
1.00
1.00
403.00
328.00
189.00
0.00
0.00
0.00
0.00
0.00
0.00
0.00
0.00
0.00
0.00
0.00
0.00
0.00
0.00
0.00
0.00
0.00
0.00
0.00
0.00
221.00
209.00
28.00
0.00
0.00
0.00
0.00
0.00
0.00
0.00
0.00
0.00
0.00
0.00
0.00
0.00
0.00
0.00
0.00
0.00
0.00
0.00
0.00
0.00
0.00
0.00
0.00
0.00
0.00
0.00
0.00
0.00
0.00
0.00
0.00
0.00
0.00
0.00
19.00
11.00
471.00
2.00
101.00
0.00
2.00
3.00
0.00
0.00
0.00
0.00
0.00
5.00
0.00
0.00
0.00
0.00
0.00
265.00
0.00
0.00
0.00
0.00
0.00
0.00
6.00
0.00
0.00
0.00
0.00
0.00
0.00
0.00
71.00
0.00
0.00
1.00
29.00
26.00
0.00
0.00
0.00
0.00
0.00
0.00
0.00
20.00
20.00
0.00
0.00
245.00
46.00
0.00
12.00
176.00
0.00
68.00
17.00
54.00
247.00
0.00
20.00
0.00
0.00
0.00
17.00
0.00
0.00
20.00
49.00
7.00
0.00
245.00
20.00
0.00
1.00
10.00
32.00
29.00
40.00
158.00
372.00
17.00
27.00
0.00
143.00
411.00
702.00
593.00
668.00
570.00
354.00
190.00
0.00
18.00
22.00
109.00
53.00
0.00
0.00
10.00
158.00
0.00
0.00
31.00
116.00
3.00
0.00
0.00
4.00
34.00
16.00
21.00
6.00
144.00
260.00
321.00
167.00
16.00
27.00
334.00
174.00
785.00
710.00
532.00
86.00
427.00
197.00
0.00
66.00
17.00
15.00
0.00
74.00
8.00
13.00
17.00
1.00
115.00
95.00
6.00
1.00
2.00
3.00
69.00
29.00
23.00
4.00
2.00
58.00
6.00
34.00
88.00
63.00
19.00
113.00
19.00
95.00
26.00
7.00
79.00
3.00
11.00
27.00
35.00
54.00
6.00
0.00
14.00
20.00
1.00
79.00
90.00
88.00
1.00
2.00
0.00
323.00
93.00
27.00
156.00
256.00
24.00
22.00
98.00
313.00
198.00
148.00
420.00
52.00
87.00
2.00
20.00
118.00
96.00
0.00
43.00
61.00
129.00
256.00
144.00
2.00
4.00
5.00
34.00
60.00
0.00
55.00
81.00
11.00
3.00
0.00
0.00
170.00
16.00
8.00
8.00
0.00
0.00
168.00
3.00
17.00
9.00
54.00
98.00
97.00
0.00
42.00
38.00
5.00
0.00
5.00
0.00
0.00
0.00
6.00
0.00
4.00
0.00
4.00
0.00
0.00
0.00
135.00
86.00
576.00
404.00
18.00
0.00
0.00
0.00
0.00
0.00
0.00
0.00
0.00
0.00
0.00
0.00
0.00
0.00
61.00
205.00
229.00
122.00
44.00
0.00
0.00
19.00
0.00
0.00
0.00
0.00
0.00
0.00
0.00
0.00
0.00
0.00
0.00
0.00
0.00
0.00
0.00
0.00
22.00
0.00
0.00
0.00
0.00
0.00
0.00
0.00
0.00
0.00
0.00
0.00
0.00
0.00
0.00
0.00
1.00
0.00
0.00
0.00
0.00
0.00
0.00
0.00
1.00
7.00
13.00
35.00
0.00
0.00
0.00
0.00
0.00
0.00
0.00
0.00
0.00
0.00
0.00
0.00
0.00
0.00
0.00
0.00
0.00
0.00
0.00
0.00
0.00
0.00
0.00
0.00
0.00
0.00
0.00
0.00
0.00
0.00
0.00
0.00
0.00
0.00
0.00
0.00
0.00
0.00
0.00
0.00
0.00
0.00
0.00
0.00
0.00
0.00
0.00
0.00
0.00
0.00
0.00
0.00
0.00
0.00
0.00
0.00
0.00
0.00
0.00
0.00
3.00
7.00
0.00
0.00
0.00
0.00
0.00
0.00
0.00
140.10
162.00
124.70
66.90
0.00
0.00
0.00
0.90
35.80
6.40
0.00
0.00
0.00
0.00
0.00
0.00
0.00
0.00
1.20
0.30
72.20
7.00
0.00
0.00
0.00
1.20
0.00
0.00
0.00
0.00
0.00
0.00
0.00
0.00
77.50
36.10
179.10
8.10
1.00
0.50
7.60
0.00
8.60
21.30
0.00
1.30
0.00
0.00
0.00
0.00
0.00
0.00
0.00
0.00
0.00
0.00
0.10
0.00
0.00
0.00
0.00
0.00
2.10
3.70
0.00
0.00
0.00
5.50
8.40
0.00
0.00
0.00
0.00
0.00
0.00
0.00
0.00
31.50
1.70
0.70
2.20
5.70
7.00
0.70
0.70
0.00
13.80
13.80
65.60
3.70
0.00
0.00
0.00
0.00
0.50
2.30
33.90
0.90
8.50
1.70
0.00
2.20
0.90
0.10
5.00
0.00
0.00
4.10
24.30
15.00
2.60
0.10
0.00
6.50
28.30
13.30
8.10
0.70
0.30
0.60
1.40
0.90
2.30
1.00
0.20
5.80
2.80
0.10
0.20
19.40
12.70
9.10
15.00
27.40
10.40
10.40
20.30
20.30
20.70
0.70
0.70
0.70
13.00
0.70
0.70
0.70
2.00
0.60
1.00
1.30
44.20
10.20
6.00
7.70
1.60
8.70
0.50
2.80
7.80
52.90
12.30
12.40
6.90
16.90
5.00
0.00
0.40
2.20
5.60
7.80
4.30
4.10
0.40
3.40
0.40
0.00
8.50
0.30
24.70
32.10
16.30
3.70
5.90
1.30
13.00
0.00
3.70
0.00
8.10
8.20
2.80
35.90
20.30
14.20
3.80
1.00
1.80
13.00
12.90
6.90
0.70
1.40
12.30
3.00
0.50
0.00
14.20
3.30
10.60
24.70
21.40
15.60
24.80
1.00
16.70
2.40
15.60
4.50
4.50
8.10
0.00
0.00
3.40
8.60
0.80
4.20
19.70
9.90
0.00
0.00
0.00
1.20
9.80
2.20
0.00
0.00
0.10
0.00
0.70
9.20
4.80
0.20
0.90
1.70
