20160101
0.00
17.00
0.00
0.00
0.00
0.00
0.00
0.00
0.00
0.00
0.00
0.00
0.00
0.00
0.00
0.00
0.00
1.00
0.00
14.00
0.00
0.00
0.00
0.00
0.00
0.00
0.00
0.00
0.00
0.00
0.00
0.00
0.00
0.00
0.00
0.00
0.00
0.00
1.00
0.00
0.00
0.00
10.00
0.00
0.00
0.00
0.00
0.00
0.00
0.00
0.00
0.00
0.00
238.00
170.00
0.00
21.00
0.00
0.00
0.00
0.00
0.00
0.00
0.00
0.00
103.00
0.00
0.00
0.00
21.00
0.00
0.00
0.00
0.00
0.00
3.00
0.00
187.00
0.00
2.00
1.00
0.00
0.00
0.00
0.00
0.00
0.00
23.00
0.00
147.00
452.00
191.00
44.00
139.00
19.00
0.00
0.00
0.00
1.00
0.00
0.00
0.00
0.00
0.00
0.00
0.00
19.00
0.00
0.00
0.00
0.00
0.00
0.00
0.00
0.00
0.00
2.00
0.00
0.00
0.00
0.00
8.00
389.00
3.00
1.00
1.00
42.00
43.00
4.00
0.00
12.00
0.00
10.00
814.00
0.00
7.00
0.00
27.00
374.00
179.00
830.00
1132.00
0.00
0.00
343.00
199.00
9.00
17.00
534.00
24.00
102.00
57.00
5.00
0.00
0.00
0.00
13.00
57.00
101.00
127.00
28.00
1.00
1518.00
302.00
245.00
2.00
0.00
33.00
24.00
1.00
5.00
26.00
2.00
54.00
62.00
5.00
76.00
21.00
21.00
251.00
30.00
10.00
179.00
47.00
166.00
101.00
52.00
197.00
130.00
14.00
20.00
41.00
0.00
13.00
23.00
8.00
339.00
230.00
182.00
260.00
282.00
18.00
5.00
7.00
66.00
34.00
84.00
1.00
2.00
50.00
146.00
248.00
376.00
116.00
26.00
25.00
14.00
47.00
37.00
6.00
8.00
138.00
227.00
82.00
0.00
380.00
126.00
147.00
252.00
78.00
4.00
0.00
591.00
514.00
1.00
2.00
27.00
384.00
129.00
178.00
507.00
10.00
77.00
338.00
44.00
218.00
56.00
27.00
24.00
11.00
1.00
12.00
29.00
84.00
188.00
119.00
160.00
26.00
2.00
28.00
61.00
0.00
16.00
205.00
26.00
83.00
8.00
82.00
53.00
181.00
365.00
373.00
0.00
181.00
40.00
124.00
75.00
182.00
33.00
38.00
41.00
0.00
36.00
129.00
267.00
16.00
0.00
0.00
0.00
0.00
0.00
0.00
0.00
0.00
0.00
0.00
0.00
0.00
0.00
1.00
441.00
41.00
15.00
0.00
0.00
0.00
0.00
14.00
274.00
583.00
0.00
0.00
0.00
0.00
0.00
0.00
0.00
0.00
0.00
0.00
0.00
0.00
0.00
0.00
0.00
0.00
0.00
0.00
0.00
0.00
0.00
0.00
0.00
0.00
0.00
6.00
0.00
0.00
0.00
0.00
0.00
0.00
30.00
0.00
0.00
0.00
0.00
0.00
0.00
0.00
0.00
0.00
0.00
0.00
0.00
0.00
0.00
0.00
0.00
0.00
0.00
0.00
0.00
0.00
0.00
0.00
0.00
0.00
0.00
0.00
0.00
0.00
0.00
0.00
0.00
0.00
0.00
0.00
0.00
0.00
0.00
0.00
0.00
0.00
0.00
8.00
0.00
0.00
0.00
0.00
0.00
0.00
7.00
0.00
0.00
0.00
0.00
0.00
0.00
0.00
0.00
0.00
0.00
0.00
0.00
0.00
0.00
0.00
0.00
0.00
0.00
0.00
0.00
0.00
0.00
0.00
0.00
0.00
0.00
0.00
0.00
0.00
0.00
0.00
0.00
0.00
0.00
0.00
1.00
26.00
76.00
0.00
118.00
5.00
87.00
166.00
0.00
0.00
0.00
0.00
0.00
0.00
325.00
13.00
35.00
0.00
0.00
0.00
0.00
31.00
0.00
0.00
9.00
20.00
31.00
2.00
0.00
0.00
204.00
38.00
467.00
0.00
0.00
0.00
0.00
0.00
0.00
0.00
0.00
0.00
2.00
0.00
0.00
20.00
356.00
27.00
158.00
1061.00
62.00
327.00
50.00
0.00
3.00
0.00
10.00
0.00
41.00
0.00
0.00
0.00
0.00
7.00
0.00
0.00
182.00
0.00
5.00
0.00
38.00
140.00
740.00
142.00
83.00
0.00
4.00
0.00
0.00
0.00
0.00
0.00
0.00
13.00
2.00
51.00
183.00
567.00
3.00
888.00
97.00
0.00
100.00
543.00
0.00
71.00
179.00
65.00
105.00
513.00
374.00
105.00
0.00
88.00
208.00
44.00
409.00
947.00
65.00
152.00
166.00
8.00
23.00
0.00
9.00
8.00
34.00
5.00
103.00
376.00
305.00
456.00
198.00
112.00
4.00
2.00
7.00
35.00
304.00
81.00
200.00
75.00
156.00
20.00
85.00
472.00
315.00
645.00
940.00
429.00
14.00
117.00
522.00
170.00
355.00
141.00
40.00
179.00
28.00
0.00
29.00
233.00
75.00
38.00
78.00
49.00
35.00
1.00
97.00
237.00
394.00
440.00
17.00
231.00
119.00
118.00
65.00
93.00
75.00
48.00
497.00
198.00
36.00
82.00
23.00
82.00
109.00
21.00
54.00
123.00
180.00
198.00
31.00
154.00
125.00
40.00
0.00
33.00
11.00
119.00
467.00
544.00
6.00
1.00
26.00
0.00
36.00
467.00
322.00
182.00
30.00
73.00
0.00
81.00
65.00
120.00
98.00
202.00
50.00
44.00
226.00
110.00
18.00
10.00
13.00
4.00
20.00
0.00
0.00
104.00
0.00
0.00
0.00
0.00
0.00
2.00
0.00
5.00
138.00
198.00
1098.00
788.00
19.00
0.00
0.00
0.00
0.00
0.00
0.00
38.00
97.00
0.00
0.00
0.00
0.00
0.00
0.00
0.00
0.00
0.00
0.00
0.00
0.00
44.00
0.00
0.00
249.00
36.00
38.00
0.00
0.00
2.00
0.00
0.00
0.00
0.00
0.00
0.00
0.00
0.00
0.00
0.00
0.00
0.00
0.00
0.00
0.00
8.00
58.00
880.00
764.00
670.00
33.00
0.00
0.00
0.00
0.00
0.00
0.00
0.00
40.00
0.00
0.00
0.00
0.00
0.00
0.00
0.00
0.00
0.00
0.00
0.00
5.00
302.00
16.00
0.00
0.00
0.00
0.00
0.00
0.00
0.00
0.00
0.00
0.00
0.00
0.00
0.00
0.00
0.00
0.00
0.00
0.00
0.00
0.00
0.00
0.00
0.00
0.00
0.00
0.00
0.00
0.00
0.00
0.00
0.00
0.00
0.00
0.00
21.00
536.00
399.00
822.00
199.00
46.00
0.00
109.00
120.00
0.00
0.00
0.00
0.00
0.00
0.00
0.00
0.00
0.00
0.00
0.00
269.00
0.00
0.00
0.00
0.00
0.00
0.00
44.00
0.00
0.00
0.00
0.00
0.00
0.00
0.00
0.00
0.00
0.00
57.00
15.00
0.00
0.00
0.00
0.00
0.00
0.00
0.00
16.00
0.00
0.00
0.00
0.00
75.00
137.00
15.00
25.00
0.00
0.00
7.00
57.00
263.00
0.00
0.00
0.00
151.00
36.00
0.00
167.00
0.00
21.00
363.00
160.00
27.00
6.00
107.00
113.00
0.00
0.00
0.00
1.00
0.00
0.00
391.00
132.00
18.00
226.00
24.00
54.00
1145.00
61.00
36.00
6.00
12.00
362.00
351.00
0.00
156.00
2.00
21.00
100.00
1.00
392.00
498.00
97.00
492.00
4.00
246.00
11.00
1.00
0.00
0.00
40.00
14.00
81.00
451.00
149.00
5.00
11.00
72.00
6.00
0.00
3.00
315.00
408.00
519.00
255.00
647.00
24.00
9.00
254.00
165.00
80.00
0.00
208.00
23.00
1.00
1.00
88.00
163.00
55.00
15.00
12.00
7.00
45.00
16.00
1.00
68.00
381.00
104.00
29.00
20.00
9.00
0.00
15.00
5.00
10.00
6.00
333.00
126.00
33.00
1.00
23.00
11.00
3.00
52.00
137.00
52.00
174.00
416.00
117.00
19.00
104.00
190.00
21.00
12.00
28.00
21.00
48.00
42.00
54.00
293.00
53.00
3.00
22.00
9.00
3.00
14.00
5.00
60.00
570.00
29.00
87.00
203.00
144.00
45.00
90.00
251.00
8.00
7.00
91.00
125.00
31.00
37.00
37.00
1.00
1.00
1.00
15.00
104.00
21.00
167.00
7.00
1.00
0.00
3.00
18.00
56.00
12.00
149.00
9.00
18.00
35.00
0.00
0.00
55.00
93.00
127.00
5.00
0.00
2.00
9.00
270.00
5.00
2.00
1.00
0.00
0.00
0.00
0.00
0.00
0.00
0.00
0.00
0.00
0.00
70.00
339.00
472.00
462.00
134.00
0.00
0.00
0.00
0.00
0.00
0.00
0.00
0.00
0.00
0.00
0.00
0.00
0.00
2.00
74.00
142.00
19.00
24.00
0.00
0.00
0.00
0.00
0.00
41.00
0.00
0.00
0.00
0.00
0.00
0.00
0.00
0.00
0.00
0.00
0.00
0.00
0.00
0.00
0.00
0.00
0.00
0.00
0.00
0.00
0.00
0.00
0.00
0.00
0.00
0.00
0.00
0.00
1.00
0.00
0.00
0.00
0.00
0.00
0.00
0.00
0.00
0.00
0.00
32.00
56.00
9.00
0.00
0.00
0.00
0.00
0.00
0.00
0.00
0.00
0.00
0.00
0.00
0.00
0.00
0.00
0.00
0.00
0.00
0.00
0.00
0.00
0.00
0.00
0.00
0.00
0.00
0.00
0.00
0.00
0.00
0.00
0.00
0.00
0.00
0.00
0.00
0.00
0.00
0.00
0.00
0.00
0.00
0.00
0.00
0.00
0.00
0.00
0.00
0.00
0.00
0.00
0.00
2.00
0.00
0.00
0.00
0.00
0.00
0.00
0.00
6.00
8.00
0.00
0.00
0.00
0.00
0.00
0.00
0.00
70.00
67.30
48.50
14.00
0.00
0.00
0.00
0.50
11.70
0.00
0.00
0.00
0.00
0.00
0.00
0.00
0.00
0.00
4.90
0.50
40.10
0.10
0.00
8.40
0.00
1.30
0.00
0.00
0.00
0.00
0.00
0.00
0.00
0.00
25.90
11.40
49.50
26.50
0.80
0.10
20.70
0.00
1.60
29.30
5.70
9.10
0.40
31.50
0.00
0.00
0.00
0.00
0.00
0.00
0.00
1.10
0.30
0.00
0.00
0.00
0.00
0.00
0.00
0.00
0.00
0.00
0.00
142.30
53.30
0.00
0.00
0.00
0.00
0.00
0.00
1.60
0.00
21.30
0.10
0.30
0.20
1.70
0.00
0.00
0.00
0.00
45.70
45.70
51.70
5.90
0.00
0.00
0.00
0.00
0.00
0.60
7.00
56.50
8.10
66.70
5.40
2.10
4.80
4.40
5.80
0.10
0.00
0.70
61.00
13.80
106.10
0.10
26.40
3.30
7.30
2.30
1.60
0.10
0.00
0.20
9.30
8.00
0.80
3.70
0.20
0.10
0.20
1.40
1.10
0.20
9.40
6.90
12.60
25.90
37.60
37.60
29.20
29.20
42.40
0.00
0.00
0.00
11.30
0.00
0.00
0.00
0.00
1.80
1.40
1.10
58.90
5.20
1.60
0.10
1.40
49.80
0.40
0.90
3.10
2.10
29.60
205.40
9.40
5.50
19.80
8.20
0.10
106.50
24.30
57.00
44.90
66.40
2.30
1.30
6.90
3.60
6.50
1.40
13.10
34.10
20.00
6.00
0.30
0.10
1.70
0.00
4.40
23.50
18.30
34.10
4.70
12.70
1.80
0.30
4.70
31.50
6.80
2.10
8.00
50.70
13.20
2.50
0.50
8.00
0.20
0.50
0.10
2.90
12.20
16.00
0.60
41.10
32.00
4.10
1.60
11.50
32.30
21.60
21.60
7.30
0.10
0.00
1.60
8.90
2.60
0.00
8.10
25.00
0.00
0.00
0.00
0.00
0.10
4.40
0.00
0.00
0.00
0.00
0.10
3.20
1.30
0.10
0.00
2.30
