20160101
0.00
0.00
0.00
0.00
0.00
0.00
0.00
0.00
24.00
0.00
0.00
0.00
2.00
0.00
0.00
0.00
0.00
0.00
0.00
9.00
0.00
0.00
0.00
0.00
0.00
0.00
0.00
0.00
0.00
0.00
0.00
0.00
0.00
0.00
0.00
0.00
0.00
0.00
0.00
4.00
0.00
0.00
0.00
0.00
0.00
0.00
0.00
0.00
0.00
0.00
1.00
0.00
0.00
9.00
104.00
1.00
15.00
0.00
0.00
0.00
0.00
3.00
0.00
0.00
0.00
46.00
0.00
0.00
0.00
1.00
0.00
1.00
0.00
0.00
1.00
114.00
0.00
3.00
0.00
29.00
146.00
0.00
0.00
0.00
0.00
0.00
0.00
238.00
84.00
98.00
298.00
112.00
4.00
438.00
683.00
5.00
0.00
0.00
0.00
0.00
0.00
0.00
0.00
0.00
27.00
1.00
234.00
246.00
0.00
33.00
0.00
0.00
0.00
0.00
0.00
9.00
0.00
5.00
0.00
1.00
0.00
178.00
313.00
176.00
35.00
12.00
139.00
35.00
0.00
4.00
24.00
0.00
111.00
457.00
26.00
193.00
1.00
183.00
36.00
67.00
538.00
694.00
8.00
0.00
311.00
99.00
15.00
23.00
153.00
42.00
41.00
42.00
2.00
0.00
265.00
195.00
1.00
10.00
62.00
38.00
24.00
102.00
353.00
61.00
0.00
0.00
11.00
331.00
125.00
3.00
27.00
9.00
0.00
42.00
92.00
24.00
5.00
67.00
60.00
315.00
81.00
12.00
140.00
70.00
322.00
233.00
47.00
2.00
258.00
61.00
81.00
77.00
1.00
11.00
4.00
11.00
119.00
61.00
152.00
57.00
49.00
6.00
1.00
17.00
77.00
49.00
148.00
0.00
5.00
66.00
701.00
132.00
123.00
148.00
95.00
340.00
80.00
83.00
3.00
43.00
16.00
36.00
374.00
0.00
8.00
433.00
433.00
130.00
259.00
25.00
0.00
0.00
136.00
10.00
0.00
1.00
0.00
950.00
11.00
378.00
24.00
1.00
264.00
323.00
117.00
2.00
26.00
11.00
135.00
11.00
2.00
1.00
1.00
3.00
63.00
167.00
445.00
433.00
1.00
108.00
16.00
11.00
142.00
304.00
33.00
96.00
22.00
0.00
32.00
18.00
18.00
204.00
0.00
387.00
136.00
119.00
0.00
85.00
57.00
319.00
336.00
24.00
55.00
62.00
244.00
52.00
0.00
0.00
0.00
0.00
0.00
0.00
0.00
0.00
0.00
0.00
0.00
0.00
0.00
0.00
18.00
0.00
90.00
0.00
0.00
0.00
1.00
70.00
346.00
613.00
284.00
0.00
0.00
0.00
0.00
0.00
0.00
0.00
0.00
0.00
0.00
0.00
0.00
0.00
0.00
0.00
0.00
0.00
0.00
0.00
0.00
0.00
0.00
0.00
0.00
0.00
0.00
0.00
0.00
0.00
0.00
0.00
0.00
0.00
0.00
0.00
0.00
0.00
0.00
0.00
0.00
0.00
0.00
0.00
0.00
0.00
0.00
0.00
0.00
0.00
0.00
0.00
0.00
0.00
0.00
0.00
0.00
0.00
0.00
0.00
0.00
0.00
0.00
0.00
0.00
0.00
0.00
0.00
0.00
0.00
0.00
0.00
0.00
0.00
0.00
0.00
0.00
0.00
0.00
0.00
0.00
0.00
5.00
0.00
0.00
0.00
0.00
0.00
0.00
0.00
0.00
0.00
0.00
0.00
0.00
0.00
0.00
0.00
0.00
0.00
0.00
0.00
0.00
0.00
0.00
0.00
0.00
0.00
0.00
92.00
0.00
0.00
0.00
0.00
0.00
0.00
0.00
0.00
0.00
104.00
33.00
1.00
207.00
0.00
74.00
158.00
0.00
0.00
0.00
0.00
0.00
0.00
56.00
1.00
52.00
0.00
0.00
0.00
0.00
174.00
0.00
0.00
3.00
337.00
99.00
0.00
0.00
0.00
179.00
240.00
211.00
0.00
0.00
0.00
0.00
0.00
0.00
0.00
0.00
0.00
13.00
16.00
0.00
1.00
1226.00
177.00
120.00
446.00
105.00
487.00
286.00
0.00
1.00
0.00
263.00
0.00
268.00
0.00
0.00
12.00
0.00
50.00
0.00
0.00
103.00
0.00
0.00
0.00
72.00
23.00
470.00
5.00
136.00
0.00
170.00
1.00
11.00
2.00
0.00
0.00
0.00
27.00
0.00
78.00
240.00
517.00
157.00
280.00
95.00
89.00
541.00
27.00
0.00
238.00
374.00
309.00
256.00
207.00
375.00
87.00
0.00
34.00
197.00
402.00
302.00
624.00
2.00
75.00
37.00
72.00
328.00
86.00
111.00
32.00
37.00
19.00
109.00
45.00
67.00
201.00
46.00
30.00
1.00
0.00
0.00
55.00
131.00
174.00
445.00
265.00
38.00
221.00
92.00
152.00
2.00
140.00
484.00
175.00
132.00
84.00
462.00
76.00
52.00
109.00
193.00
185.00
4.00
6.00
0.00
67.00
132.00
149.00
87.00
8.00
25.00
0.00
0.00
107.00
558.00
280.00
5.00
74.00
103.00
7.00
76.00
195.00
75.00
204.00
101.00
234.00
408.00
100.00
86.00
214.00
151.00
232.00
48.00
134.00
124.00
145.00
1.00
229.00
103.00
0.00
19.00
75.00
80.00
0.00
109.00
547.00
27.00
126.00
13.00
0.00
76.00
137.00
270.00
51.00
5.00
34.00
0.00
1.00
351.00
68.00
204.00
238.00
25.00
64.00
181.00
205.00
13.00
93.00
260.00
66.00
326.00
1.00
4.00
1.00
0.00
0.00
10.00
0.00
0.00
0.00
0.00
536.00
679.00
526.00
554.00
1835.00
0.00
0.00
0.00
0.00
0.00
0.00
0.00
179.00
394.00
0.00
0.00
0.00
0.00
0.00
0.00
0.00
0.00
0.00
0.00
0.00
0.00
120.00
0.00
6.00
189.00
23.00
37.00
0.00
0.00
0.00
0.00
0.00
0.00
0.00
0.00
0.00
0.00
0.00
0.00
0.00
0.00
0.00
0.00
0.00
0.00
4.00
17.00
512.00
955.00
743.00
0.00
0.00
0.00
0.00
0.00
0.00
0.00
0.00
13.00
0.00
0.00
0.00
0.00
0.00
0.00
0.00
0.00
0.00
0.00
0.00
14.00
103.00
13.00
0.00
0.00
0.00
0.00
0.00
0.00
0.00
0.00
0.00
0.00
0.00
0.00
0.00
0.00
0.00
0.00
0.00
0.00
0.00
0.00
0.00
0.00
0.00
0.00
0.00
0.00
0.00
0.00
0.00
0.00
0.00
0.00
0.00
0.00
0.00
112.00
120.00
614.00
18.00
188.00
0.00
14.00
14.00
0.00
0.00
0.00
0.00
0.00
0.00
0.00
0.00
0.00
0.00
0.00
305.00
0.00
0.00
0.00
0.00
0.00
0.00
72.00
0.00
0.00
0.00
0.00
0.00
0.00
0.00
29.00
0.00
0.00
17.00
6.00
0.00
0.00
0.00
0.00
0.00
0.00
0.00
20.00
0.00
1.00
16.00
0.00
254.00
31.00
2.00
8.00
0.00
0.00
70.00
50.00
88.00
59.00
0.00
0.00
24.00
5.00
0.00
92.00
0.00
1.00
246.00
77.00
54.00
86.00
466.00
65.00
0.00
3.00
269.00
21.00
1.00
147.00
191.00
159.00
1.00
291.00
125.00
141.00
633.00
1018.00
312.00
211.00
469.00
359.00
90.00
0.00
54.00
19.00
152.00
33.00
93.00
267.00
107.00
446.00
65.00
23.00
72.00
115.00
126.00
0.00
0.00
76.00
39.00
22.00
129.00
198.00
40.00
3.00
49.00
1.00
0.00
30.00
146.00
985.00
402.00
312.00
1304.00
32.00
405.00
769.00
0.00
75.00
19.00
268.00
42.00
0.00
12.00
55.00
82.00
10.00
60.00
54.00
6.00
3.00
0.00
10.00
70.00
203.00
66.00
6.00
4.00
45.00
3.00
15.00
41.00
24.00
47.00
862.00
109.00
152.00
2.00
12.00
17.00
9.00
58.00
116.00
6.00
88.00
245.00
0.00
2.00
1.00
45.00
46.00
30.00
67.00
18.00
32.00
20.00
156.00
207.00
91.00
16.00
92.00
29.00
59.00
49.00
42.00
532.00
281.00
247.00
320.00
25.00
234.00
5.00
42.00
206.00
9.00
38.00
39.00
328.00
83.00
70.00
0.00
7.00
3.00
38.00
50.00
0.00
22.00
359.00
54.00
0.00
0.00
0.00
19.00
5.00
10.00
237.00
1.00
0.00
21.00
4.00
0.00
186.00
40.00
124.00
7.00
1.00
18.00
12.00
110.00
5.00
0.00
0.00
1.00
0.00
0.00
0.00
0.00
0.00
0.00
0.00
0.00
0.00
61.00
111.00
488.00
310.00
12.00
0.00
0.00
0.00
0.00
0.00
0.00
0.00
0.00
0.00
0.00
0.00
0.00
0.00
20.00
153.00
219.00
115.00
21.00
0.00
0.00
6.00
0.00
4.00
1.00
0.00
0.00
0.00
0.00
0.00
0.00
0.00
0.00
0.00
0.00
0.00
0.00
0.00
12.00
0.00
0.00
0.00
0.00
0.00
0.00
0.00
0.00
0.00
0.00
0.00
0.00
0.00
0.00
0.00
0.00
0.00
0.00
0.00
0.00
0.00
0.00
0.00
0.00
0.00
6.00
67.00
6.00
0.00
0.00
0.00
0.00
0.00
0.00
0.00
0.00
0.00
0.00
0.00
0.00
0.00
0.00
0.00
0.00
0.00
0.00
0.00
0.00
0.00
0.00
0.00
0.00
0.00
0.00
0.00
0.00
0.00
0.00
0.00
0.00
0.00
0.00
0.00
0.00
0.00
0.00
0.00
0.00
0.00
0.00
0.00
0.00
0.00
0.00
0.00
0.00
0.00
0.00
0.00
0.00
0.00
0.00
0.00
0.00
0.00
0.00
0.00
1.00
7.00
0.00
0.00
0.00
0.00
0.00
0.00
3.00
66.90
54.30
60.30
25.10
0.00
0.00
0.00
0.50
17.40
5.60
0.00
0.00
0.00
0.00
0.00
0.00
0.00
0.60
0.80
0.80
85.90
1.40
0.00
0.20
0.00
1.30
0.00
0.00
0.00
0.00
0.00
0.00
0.00
0.00
51.00
14.30
99.10
15.10
0.00
1.40
17.60
0.40
19.70
31.70
0.20
3.30
0.10
4.90
0.00
0.00
0.40
0.00
0.00
0.00
0.00
0.00
0.10
0.00
0.00
0.00
0.00
0.00
0.10
0.00
0.00
0.00
0.00
22.50
56.90
0.00
0.00
0.00
0.00
0.00
0.00
0.00
0.00
11.60
4.20
7.00
5.40
3.80
1.70
0.20
0.20
0.00
10.40
10.40
65.00
21.10
0.00
4.00
0.00
0.00
0.00
1.40
32.50
10.30
12.30
34.50
2.10
0.00
2.00
2.60
2.40
0.00
0.00
42.30
26.80
55.40
3.20
0.00
0.00
0.00
10.40
4.60
6.90
0.60
0.10
0.00
5.00
4.70
7.90
20.70
0.50
4.60
0.00
0.30
1.30
23.20
2.00
12.00
6.20
61.20
60.60
60.60
24.30
24.30
79.40
3.30
3.30
0.10
0.80
3.30
3.30
3.30
0.30
8.90
1.10
5.10
50.50
5.50
2.90
2.40
2.10
30.00
0.30
1.90
10.80
21.60
13.90
33.30
5.70
7.70
12.60
0.00
0.00
5.40
104.10
5.30
26.00
33.50
0.80
1.50
0.00
0.00
6.60
16.30
17.20
24.20
32.50
1.60
1.20
0.30
2.00
0.50
26.10
8.90
43.00
59.10
7.30
37.50
10.60
10.10
2.20
2.90
10.10
6.40
6.50
5.40
1.60
0.50
1.60
11.40
0.70
0.10
0.20
0.30
12.70
26.60
13.30
48.70
20.50
0.00
0.40
0.30
25.70
2.10
2.10
33.40
0.10
0.00
0.60
17.20
23.10
3.60
17.70
8.60
0.00
0.00
0.00
0.00
0.00
5.10
0.00
0.00
0.00
0.00
0.30
13.20
1.40
0.30
0.30
1.60
