20160101
0.00
0.00
0.00
0.00
0.00
0.00
0.00
0.00
0.00
0.00
0.00
0.00
1.00
0.00
0.00
0.00
0.00
0.00
0.00
0.00
2.00
0.00
0.00
0.00
0.00
1.00
0.00
0.00
0.00
0.00
0.00
0.00
0.00
0.00
0.00
0.00
0.00
0.00
0.00
0.00
0.00
0.00
1.00
0.00
0.00
0.00
0.00
0.00
0.00
0.00
0.00
0.00
4.00
23.00
35.00
1.00
31.00
0.00
0.00
0.00
1.00
0.00
0.00
0.00
0.00
1.00
0.00
0.00
0.00
0.00
0.00
0.00
0.00
0.00
0.00
102.00
0.00
0.00
0.00
0.00
12.00
0.00
7.00
0.00
0.00
0.00
0.00
382.00
0.00
154.00
332.00
49.00
3.00
39.00
119.00
373.00
40.00
0.00
0.00
0.00
0.00
0.00
0.00
0.00
42.00
65.00
194.00
94.00
0.00
31.00
33.00
95.00
148.00
0.00
0.00
93.00
0.00
3.00
6.00
1.00
13.00
65.00
100.00
2.00
141.00
6.00
4.00
0.00
0.00
0.00
0.00
0.00
29.00
0.00
0.00
13.00
5.00
124.00
267.00
27.00
122.00
682.00
0.00
0.00
29.00
1.00
0.00
0.00
0.00
0.00
0.00
11.00
0.00
15.00
8.00
69.00
102.00
41.00
149.00
8.00
75.00
145.00
36.00
31.00
13.00
0.00
33.00
137.00
51.00
137.00
50.00
91.00
9.00
201.00
3.00
72.00
11.00
9.00
17.00
4.00
64.00
142.00
249.00
62.00
37.00
21.00
2.00
7.00
262.00
84.00
77.00
23.00
23.00
60.00
5.00
18.00
54.00
134.00
7.00
0.00
21.00
10.00
100.00
116.00
86.00
9.00
194.00
1.00
10.00
11.00
45.00
53.00
114.00
0.00
4.00
0.00
11.00
129.00
116.00
9.00
9.00
3.00
7.00
43.00
23.00
60.00
5.00
26.00
46.00
13.00
0.00
2.00
440.00
7.00
0.00
30.00
0.00
64.00
0.00
2.00
0.00
16.00
59.00
145.00
8.00
6.00
1.00
14.00
15.00
4.00
8.00
5.00
174.00
16.00
33.00
0.00
0.00
23.00
17.00
28.00
148.00
36.00
49.00
120.00
23.00
0.00
5.00
23.00
250.00
0.00
31.00
5.00
0.00
0.00
4.00
9.00
0.00
0.00
0.00
4.00
41.00
6.00
41.00
0.00
4.00
116.00
0.00
0.00
0.00
0.00
0.00
24.00
0.00
0.00
0.00
0.00
0.00
0.00
3.00
0.00
41.00
82.00
33.00
2.00
0.00
0.00
14.00
18.00
68.00
250.00
67.00
0.00
0.00
0.00
0.00
0.00
0.00
0.00
0.00
0.00
0.00
0.00
0.00
0.00
0.00
0.00
0.00
0.00
0.00
0.00
0.00
0.00
0.00
0.00
0.00
0.00
0.00
0.00
0.00
0.00
0.00
0.00
0.00
4.00
0.00
0.00
0.00
0.00
0.00
0.00
0.00
0.00
0.00
0.00
0.00
0.00
0.00
0.00
0.00
0.00
0.00
0.00
0.00
0.00
0.00
0.00
0.00
0.00
2.00
0.00
0.00
0.00
0.00
0.00
0.00
0.00
0.00
0.00
0.00
0.00
0.00
0.00
0.00
0.00
0.00
0.00
0.00
0.00
0.00
0.00
0.00
0.00
7.00
0.00
0.00
0.00
0.00
0.00
0.00
0.00
0.00
0.00
0.00
0.00
0.00
0.00
0.00
0.00
0.00
0.00
0.00
0.00
0.00
0.00
0.00
0.00
0.00
0.00
0.00
1.00
0.00
0.00
0.00
0.00
0.00
0.00
0.00
0.00
0.00
23.00
16.00
0.00
163.00
0.00
113.00
53.00
2.00
0.00
0.00
0.00
0.00
0.00
67.00
0.00
71.00
0.00
0.00
0.00
0.00
31.00
0.00
0.00
0.00
39.00
253.00
19.00
27.00
0.00
352.00
138.00
17.00
0.00
0.00
0.00
0.00
0.00
0.00
0.00
0.00
0.00
30.00
5.00
9.00
1.00
138.00
43.00
100.00
86.00
72.00
42.00
11.00
0.00
0.00
12.00
0.00
8.00
30.00
0.00
0.00
7.00
0.00
7.00
0.00
0.00
126.00
0.00
1.00
4.00
15.00
28.00
123.00
3.00
5.00
0.00
13.00
0.00
33.00
1.00
0.00
0.00
0.00
6.00
178.00
53.00
190.00
200.00
2.00
58.00
28.00
109.00
6.00
9.00
41.00
22.00
54.00
107.00
50.00
125.00
18.00
126.00
0.00
159.00
6.00
2.00
3.00
6.00
1.00
0.00
29.00
8.00
11.00
7.00
33.00
26.00
2.00
283.00
106.00
30.00
7.00
63.00
123.00
65.00
3.00
5.00
154.00
156.00
65.00
456.00
12.00
120.00
35.00
36.00
18.00
212.00
131.00
139.00
201.00
26.00
86.00
44.00
52.00
32.00
49.00
10.00
61.00
80.00
40.00
45.00
26.00
12.00
57.00
37.00
77.00
35.00
2.00
1.00
1.00
26.00
16.00
21.00
4.00
5.00
92.00
45.00
6.00
47.00
12.00
50.00
20.00
51.00
0.00
24.00
76.00
602.00
34.00
40.00
27.00
35.00
7.00
7.00
3.00
7.00
13.00
5.00
19.00
19.00
42.00
20.00
82.00
42.00
34.00
153.00
39.00
20.00
79.00
329.00
100.00
98.00
126.00
0.00
8.00
5.00
11.00
7.00
579.00
7.00
146.00
0.00
2.00
26.00
246.00
10.00
0.00
0.00
22.00
2.00
10.00
61.00
38.00
4.00
0.00
3.00
0.00
0.00
0.00
0.00
1.00
9.00
296.00
134.00
9.00
0.00
0.00
0.00
0.00
0.00
1.00
143.00
127.00
2.00
0.00
0.00
0.00
0.00
0.00
0.00
0.00
0.00
0.00
0.00
0.00
113.00
0.00
0.00
201.00
29.00
6.00
0.00
0.00
0.00
0.00
0.00
0.00
0.00
0.00
0.00
0.00
0.00
0.00
0.00
0.00
0.00
0.00
0.00
0.00
1.00
68.00
276.00
184.00
111.00
0.00
0.00
0.00
0.00
0.00
0.00
0.00
0.00
16.00
0.00
0.00
0.00
0.00
0.00
0.00
0.00
0.00
0.00
0.00
0.00
0.00
231.00
68.00
0.00
0.00
0.00
0.00
0.00
0.00
0.00
0.00
0.00
0.00
0.00
0.00
0.00
0.00
0.00
0.00
0.00
0.00
0.00
0.00
0.00
0.00
0.00
0.00
0.00
0.00
0.00
0.00
0.00
0.00
0.00
0.00
0.00
0.00
0.00
2.00
11.00
148.00
0.00
7.00
0.00
0.00
0.00
0.00
0.00
0.00
0.00
0.00
0.00
0.00
0.00
0.00
0.00
0.00
68.00
0.00
0.00
0.00
0.00
0.00
0.00
0.00
0.00
0.00
0.00
0.00
0.00
0.00
0.00
18.00
0.00
0.00
0.00
122.00
0.00
0.00
0.00
0.00
0.00
0.00
0.00
0.00
0.00
0.00
0.00
0.00
9.00
5.00
0.00
100.00
58.00
0.00
4.00
0.00
11.00
42.00
0.00
1.00
0.00
8.00
6.00
2.00
0.00
0.00
36.00
47.00
197.00
0.00
62.00
1.00
0.00
0.00
0.00
6.00
2.00
19.00
75.00
64.00
1.00
60.00
0.00
0.00
34.00
676.00
489.00
154.00
277.00
302.00
542.00
16.00
111.00
0.00
1.00
0.00
0.00
0.00
0.00
0.00
0.00
99.00
5.00
0.00
0.00
0.00
0.00
2.00
82.00
0.00
1.00
2.00
23.00
377.00
447.00
84.00
4.00
4.00
30.00
84.00
143.00
467.00
339.00
8.00
92.00
18.00
0.00
0.00
1.00
0.00
5.00
28.00
43.00
8.00
8.00
9.00
41.00
12.00
34.00
7.00
3.00
19.00
1.00
4.00
0.00
6.00
4.00
42.00
9.00
31.00
31.00
45.00
8.00
52.00
38.00
39.00
1.00
16.00
0.00
9.00
6.00
194.00
88.00
4.00
61.00
14.00
1.00
81.00
43.00
89.00
174.00
63.00
37.00
0.00
0.00
5.00
120.00
62.00
0.00
38.00
12.00
24.00
122.00
38.00
33.00
203.00
14.00
2.00
4.00
24.00
13.00
57.00
21.00
4.00
60.00
44.00
29.00
7.00
45.00
30.00
0.00
56.00
5.00
30.00
1.00
8.00
34.00
1.00
0.00
0.00
32.00
248.00
16.00
0.00
0.00
4.00
13.00
23.00
0.00
0.00
53.00
87.00
1.00
28.00
11.00
122.00
5.00
5.00
0.00
155.00
0.00
3.00
0.00
0.00
0.00
0.00
0.00
0.00
0.00
1.00
4.00
129.00
73.00
428.00
328.00
15.00
0.00
0.00
0.00
0.00
0.00
0.00
0.00
0.00
0.00
0.00
0.00
0.00
0.00
252.00
24.00
87.00
42.00
30.00
0.00
0.00
0.00
0.00
0.00
0.00
0.00
0.00
0.00
0.00
0.00
0.00
0.00
0.00
0.00
0.00
0.00
0.00
0.00
0.00
0.00
0.00
0.00
0.00
0.00
0.00
0.00
0.00
0.00
0.00
0.00
0.00
0.00
0.00
0.00
1.00
0.00
0.00
0.00
0.00
0.00
0.00
0.00
5.00
0.00
22.00
19.00
42.00
0.00
0.00
0.00
0.00
0.00
0.00
0.00
0.00
0.00
0.00
0.00
0.00
0.00
0.00
0.00
0.00
0.00
0.00
0.00
0.00
0.00
0.00
0.00
0.00
0.00
0.00
0.00
0.00
0.00
0.00
0.00
0.00
0.00
0.00
0.00
0.00
0.00
0.00
0.00
0.00
0.00
0.00
0.00
0.00
0.00
0.00
0.00
0.00
0.00
0.00
0.00
0.00
0.00
0.00
0.00
0.00
0.00
0.00
0.00
0.00
0.00
0.00
0.00
0.00
0.00
0.00
0.00
2.20
130.00
160.10
113.30
56.00
0.00
0.00
0.10
9.70
40.00
0.00
0.00
0.00
0.00
0.00
0.00
0.00
0.00
0.00
0.00
0.10
0.00
2.10
0.00
0.00
0.00
0.80
0.00
0.00
0.00
0.00
19.60
0.00
0.00
0.00
24.80
14.10
30.40
0.50
2.10
1.90
2.60
0.00
10.30
29.70
1.00
0.00
0.00
0.00
0.00
0.00
0.00
0.00
0.00
0.00
0.00
0.00
0.90
0.00
0.00
0.00
0.00
0.00
0.50
0.00
0.00
0.00
0.90
2.30
3.40
0.00
0.00
0.00
0.00
0.00
0.00
0.00
0.00
0.80
8.90
2.50
0.30
9.40
0.00
0.00
0.00
0.00
0.00
0.00
49.40
0.10
0.00
0.00
0.00
0.00
0.00
0.60
5.00
0.00
0.00
0.10
0.80
2.50
12.90
1.20
0.80
11.80
2.20
0.10
0.40
11.60
1.10
0.00
0.00
4.40
4.20
4.60
2.40
0.20
0.70
1.10
8.70
4.80
1.70
0.20
6.90
0.90
0.50
0.30
0.00
7.80
2.40
3.10
2.80
2.90
0.60
0.60
7.70
7.70
16.90
3.90
3.90
0.10
2.00
3.90
3.90
3.90
0.60
5.40
7.00
5.10
7.40
16.00
1.40
0.00
3.80
13.50
0.20
1.00
9.90
2.30
0.80
36.80
2.60
2.00
22.70
1.80
5.00
10.00
2.90
2.90
3.70
0.00
0.60
2.70
1.00
0.30
6.20
2.80
9.30
25.50
22.50
0.30
0.00
0.40
20.80
0.00
1.20
0.70
15.20
4.10
1.10
2.10
0.00
0.40
5.60
3.10
6.80
10.40
19.90
8.20
0.60
0.50
34.10
4.10
1.80
1.10
18.20
16.30
5.40
27.60
21.60
31.10
18.80
3.70
2.70
2.90
21.90
8.60
8.60
0.60
0.00
0.00
0.20
2.90
40.80
3.80
4.90
2.00
0.00
0.00
0.00
1.10
21.10
7.70
0.50
0.00
0.10
0.00
0.60
6.40
1.10
0.10
0.80
1.00
