20160101
0.00
0.00
0.00
0.00
0.00
0.00
0.00
0.00
0.00
0.00
0.00
0.00
0.00
0.00
0.00
0.00
0.00
0.00
1.00
40.00
0.00
0.00
0.00
0.00
0.00
0.00
0.00
0.00
0.00
0.00
0.00
0.00
0.00
0.00
0.00
0.00
0.00
1.00
0.00
0.00
0.00
0.00
2.00
0.00
0.00
0.00
0.00
0.00
0.00
0.00
0.00
0.00
1.00
14.00
341.00
15.00
46.00
0.00
0.00
0.00
1.00
0.00
0.00
0.00
0.00
1.00
0.00
0.00
0.00
10.00
0.00
1.00
0.00
0.00
1.00
0.00
0.00
0.00
41.00
1.00
0.00
0.00
0.00
0.00
0.00
0.00
0.00
1.00
0.00
85.00
881.00
75.00
227.00
53.00
0.00
82.00
0.00
0.00
1.00
0.00
0.00
0.00
0.00
0.00
0.00
0.00
0.00
0.00
0.00
0.00
0.00
0.00
0.00
0.00
0.00
0.00
0.00
0.00
0.00
1.00
0.00
12.00
660.00
0.00
8.00
2.00
3.00
114.00
11.00
2.00
0.00
1.00
0.00
791.00
1.00
0.00
1.00
50.00
71.00
199.00
487.00
229.00
0.00
0.00
138.00
345.00
15.00
16.00
123.00
0.00
159.00
4.00
3.00
0.00
0.00
0.00
112.00
6.00
13.00
3.00
0.00
0.00
1365.00
601.00
133.00
46.00
0.00
2.00
3.00
21.00
5.00
0.00
13.00
23.00
18.00
5.00
72.00
0.00
1.00
60.00
1.00
5.00
133.00
110.00
197.00
117.00
71.00
468.00
108.00
24.00
48.00
10.00
5.00
39.00
38.00
9.00
60.00
196.00
172.00
117.00
112.00
13.00
4.00
8.00
66.00
36.00
69.00
15.00
0.00
1.00
245.00
350.00
319.00
155.00
30.00
13.00
5.00
18.00
70.00
17.00
87.00
119.00
128.00
181.00
23.00
89.00
20.00
40.00
92.00
248.00
63.00
3.00
427.00
2395.00
18.00
12.00
18.00
137.00
31.00
35.00
296.00
26.00
36.00
163.00
133.00
118.00
95.00
41.00
38.00
11.00
13.00
28.00
25.00
85.00
318.00
289.00
75.00
20.00
6.00
15.00
93.00
0.00
16.00
146.00
35.00
25.00
32.00
66.00
90.00
20.00
73.00
595.00
3.00
8.00
0.00
14.00
43.00
353.00
48.00
69.00
60.00
60.00
22.00
5.00
44.00
2.00
0.00
0.00
0.00
0.00
0.00
0.00
0.00
0.00
0.00
0.00
0.00
5.00
0.00
3.00
90.00
171.00
10.00
0.00
0.00
0.00
12.00
55.00
471.00
467.00
0.00
0.00
0.00
0.00
0.00
0.00
0.00
0.00
0.00
0.00
0.00
0.00
0.00
0.00
0.00
0.00
0.00
0.00
0.00
0.00
0.00
0.00
0.00
0.00
0.00
10.00
0.00
0.00
0.00
0.00
0.00
0.00
0.00
0.00
0.00
0.00
0.00
0.00
0.00
0.00
0.00
0.00
0.00
0.00
0.00
0.00
0.00
0.00
0.00
0.00
0.00
0.00
0.00
0.00
0.00
0.00
101.00
0.00
40.00
0.00
0.00
0.00
0.00
0.00
0.00
0.00
0.00
0.00
0.00
0.00
0.00
0.00
0.00
0.00
0.00
0.00
0.00
0.00
0.00
0.00
0.00
0.00
17.00
0.00
0.00
0.00
0.00
0.00
0.00
0.00
0.00
0.00
0.00
0.00
0.00
0.00
0.00
0.00
0.00
0.00
0.00
0.00
0.00
0.00
0.00
0.00
0.00
0.00
0.00
0.00
0.00
0.00
0.00
0.00
0.00
0.00
0.00
0.00
0.00
10.00
21.00
0.00
47.00
1.00
162.00
87.00
0.00
0.00
0.00
0.00
0.00
0.00
33.00
19.00
49.00
0.00
0.00
0.00
0.00
7.00
11.00
0.00
9.00
88.00
0.00
0.00
0.00
0.00
0.00
0.00
262.00
0.00
0.00
0.00
0.00
0.00
0.00
0.00
0.00
0.00
0.00
0.00
0.00
95.00
218.00
61.00
170.00
571.00
535.00
99.00
0.00
0.00
6.00
0.00
4.00
0.00
113.00
0.00
0.00
0.00
14.00
5.00
0.00
0.00
286.00
0.00
6.00
0.00
4.00
0.00
327.00
0.00
272.00
0.00
0.00
0.00
0.00
0.00
0.00
0.00
0.00
101.00
0.00
33.00
349.00
113.00
181.00
2686.00
602.00
0.00
0.00
1023.00
0.00
1.00
91.00
0.00
25.00
471.00
352.00
16.00
20.00
106.00
286.00
389.00
118.00
888.00
13.00
85.00
111.00
4.00
2.00
2.00
2.00
7.00
23.00
10.00
42.00
111.00
225.00
453.00
142.00
284.00
10.00
4.00
12.00
9.00
202.00
442.00
176.00
82.00
12.00
6.00
214.00
175.00
209.00
419.00
1134.00
21.00
45.00
105.00
476.00
268.00
24.00
107.00
2.00
64.00
29.00
3.00
10.00
274.00
128.00
58.00
218.00
168.00
91.00
18.00
11.00
139.00
200.00
1023.00
133.00
103.00
106.00
247.00
32.00
47.00
18.00
28.00
189.00
191.00
88.00
14.00
52.00
139.00
90.00
57.00
101.00
28.00
132.00
19.00
58.00
92.00
51.00
11.00
2.00
1.00
3.00
69.00
33.00
256.00
10.00
1.00
0.00
1.00
42.00
191.00
309.00
245.00
91.00
10.00
4.00
22.00
26.00
29.00
38.00
58.00
643.00
133.00
14.00
156.00
212.00
1.00
1.00
8.00
4.00
7.00
166.00
308.00
0.00
0.00
1.00
0.00
0.00
1.00
0.00
0.00
0.00
82.00
1031.00
336.00
0.00
0.00
20.00
0.00
0.00
0.00
0.00
25.00
24.00
0.00
0.00
0.00
0.00
0.00
0.00
0.00
0.00
0.00
0.00
0.00
0.00
35.00
0.00
25.00
398.00
53.00
57.00
0.00
4.00
1.00
0.00
0.00
0.00
0.00
0.00
0.00
0.00
0.00
0.00
0.00
0.00
0.00
0.00
0.00
0.00
2.00
7.00
230.00
144.00
6.00
0.00
0.00
0.00
0.00
0.00
0.00
0.00
0.00
24.00
0.00
0.00
0.00
0.00
0.00
0.00
0.00
0.00
0.00
0.00
0.00
29.00
220.00
0.00
0.00
0.00
0.00
0.00
0.00
0.00
0.00
0.00
0.00
0.00
0.00
0.00
0.00
0.00
0.00
0.00
0.00
0.00
0.00
0.00
0.00
0.00
0.00
0.00
0.00
0.00
0.00
0.00
0.00
0.00
0.00
0.00
0.00
0.00
0.00
711.00
359.00
687.00
497.00
92.00
0.00
217.00
177.00
0.00
0.00
0.00
0.00
0.00
13.00
0.00
0.00
0.00
0.00
0.00
183.00
0.00
0.00
0.00
0.00
0.00
0.00
55.00
0.00
0.00
0.00
0.00
0.00
0.00
0.00
0.00
0.00
0.00
185.00
30.00
0.00
0.00
0.00
0.00
0.00
0.00
17.00
83.00
0.00
2.00
0.00
0.00
65.00
747.00
0.00
77.00
0.00
0.00
238.00
1.00
396.00
2.00
5.00
0.00
100.00
244.00
0.00
63.00
0.00
11.00
192.00
0.00
36.00
0.00
9.00
222.00
7.00
0.00
57.00
2.00
0.00
0.00
211.00
124.00
14.00
264.00
0.00
96.00
516.00
4.00
2.00
16.00
0.00
54.00
249.00
78.00
26.00
0.00
0.00
81.00
0.00
254.00
0.00
35.00
200.00
3.00
396.00
21.00
96.00
0.00
0.00
0.00
0.00
53.00
359.00
215.00
22.00
0.00
26.00
5.00
0.00
0.00
0.00
363.00
319.00
105.00
206.00
4.00
32.00
101.00
100.00
2.00
0.00
379.00
12.00
8.00
6.00
61.00
210.00
24.00
2.00
8.00
5.00
1.00
30.00
17.00
83.00
216.00
115.00
3.00
3.00
5.00
0.00
10.00
17.00
31.00
7.00
99.00
80.00
15.00
16.00
17.00
7.00
346.00
3.00
66.00
21.00
435.00
109.00
501.00
121.00
4.00
170.00
50.00
34.00
65.00
60.00
20.00
73.00
23.00
49.00
57.00
4.00
11.00
2.00
5.00
5.00
9.00
24.00
99.00
26.00
11.00
228.00
64.00
222.00
87.00
124.00
26.00
12.00
96.00
56.00
22.00
7.00
20.00
9.00
8.00
33.00
9.00
115.00
20.00
133.00
1.00
55.00
1.00
0.00
22.00
57.00
16.00
29.00
126.00
108.00
49.00
3.00
0.00
15.00
25.00
77.00
44.00
0.00
1.00
0.00
64.00
0.00
88.00
0.00
0.00
0.00
0.00
0.00
0.00
0.00
0.00
0.00
0.00
0.00
25.00
334.00
101.00
546.00
135.00
0.00
0.00
0.00
0.00
0.00
0.00
0.00
0.00
0.00
0.00
0.00
0.00
0.00
7.00
39.00
36.00
15.00
0.00
0.00
0.00
0.00
0.00
2.00
0.00
0.00
0.00
0.00
0.00
0.00
0.00
0.00
0.00
0.00
0.00
0.00
0.00
0.00
2.00
0.00
0.00
0.00
0.00
0.00
0.00
0.00
0.00
0.00
0.00
0.00
0.00
0.00
0.00
1.00
0.00
0.00
0.00
0.00
0.00
0.00
0.00
0.00
0.00
0.00
40.00
67.00
11.00
0.00
0.00
0.00
0.00
0.00
0.00
0.00
0.00
0.00
0.00
0.00
0.00
0.00
0.00
0.00
0.00
0.00
0.00
0.00
0.00
0.00
0.00
0.00
0.00
0.00
0.00
0.00
0.00
0.00
0.00
0.00
0.00
0.00
0.00
0.00
0.00
0.00
0.00
1.00
1.00
3.00
0.00
0.00
0.00
0.00
0.00
0.00
0.00
0.00
0.00
0.00
0.00
0.00
0.00
0.00
0.00
0.00
0.00
0.00
4.00
0.00
0.00
0.00
0.00
0.00
0.00
0.00
1.90
42.40
43.00
41.80
17.40
0.00
0.00
0.00
1.20
22.60
0.00
0.00
0.00
0.00
0.00
0.00
0.00
0.00
0.30
5.50
0.10
58.20
3.50
0.00
0.00
0.00
8.60
0.00
0.00
0.00
0.60
0.80
0.00
0.00
0.00
28.10
0.00
70.60
16.10
0.10
1.80
37.60
0.10
0.10
39.30
5.50
4.00
0.60
11.10
0.00
0.00
2.90
0.00
0.00
0.00
0.00
1.50
0.00
0.00
0.00
0.00
0.10
1.20
0.00
0.00
0.00
0.00
0.00
109.90
2.50
0.00
0.00
0.00
0.00
0.00
0.00
0.00
0.00
2.20
3.50
1.30
0.00
0.00
0.00
2.00
2.00
0.00
40.90
40.90
20.70
8.60
0.00
0.00
0.00
0.00
2.90
0.40
0.00
18.20
17.40
9.60
114.50
2.60
5.30
3.90
5.20
0.00
0.00
0.00
2.40
1.50
152.10
0.00
0.50
2.30
1.20
0.10
1.60
0.00
0.00
0.40
2.30
2.40
4.80
4.20
0.10
13.50
0.10
9.60
0.20
1.30
2.10
4.90
29.00
11.60
7.30
7.30
32.30
32.30
38.60
0.00
0.00
0.10
0.10
0.00
0.00
0.00
1.30
2.10
0.90
6.50
27.20
16.10
3.80
0.30
2.50
21.90
0.50
8.00
3.30
0.10
6.80
33.70
10.70
8.90
17.80
6.20
1.70
47.90
32.20
52.40
45.40
41.30
30.80
4.40
0.00
0.80
5.90
0.00
15.10
26.80
11.20
5.70
1.80
0.00
1.10
0.00
0.10
10.70
22.20
27.90
1.40
4.70
1.20
0.00
2.20
35.00
8.30
24.10
4.60
25.20
3.80
0.00
0.10
0.10
0.00
0.10
0.00
0.20
24.00
37.40
0.90
17.00
38.60
5.00
1.10
20.00
40.00
5.90
5.90
27.10
0.00
4.10
0.70
21.50
0.20
1.90
31.20
41.40
0.00
0.20
0.00
0.00
0.10
9.90
0.00
0.00
0.20
0.00
0.90
4.90
0.80
0.20
0.00
1.20
