20160101
0.00
0.00
0.00
0.00
0.00
0.00
0.00
0.00
0.00
0.00
0.00
0.00
1.00
0.00
0.00
0.00
0.00
0.00
0.00
19.00
0.00
0.00
0.00
0.00
0.00
0.00
0.00
0.00
0.00
0.00
0.00
0.00
0.00
0.00
0.00
0.00
0.00
0.00
1.00
0.00
0.00
0.00
2.00
0.00
0.00
0.00
0.00
0.00
0.00
0.00
2.00
0.00
0.00
43.00
131.00
0.00
54.00
0.00
0.00
0.00
0.00
0.00
0.00
0.00
0.00
143.00
0.00
0.00
1.00
0.00
0.00
0.00
0.00
0.00
2.00
5.00
0.00
8.00
0.00
0.00
1.00
0.00
0.00
0.00
0.00
0.00
0.00
54.00
624.00
169.00
389.00
200.00
2.00
540.00
513.00
22.00
0.00
0.00
0.00
0.00
0.00
0.00
0.00
0.00
17.00
1.00
375.00
181.00
0.00
0.00
0.00
0.00
0.00
0.00
0.00
0.00
0.00
22.00
0.00
0.00
0.00
44.00
214.00
68.00
19.00
18.00
129.00
67.00
2.00
11.00
4.00
8.00
377.00
232.00
240.00
123.00
0.00
41.00
16.00
54.00
445.00
724.00
1.00
1.00
78.00
109.00
37.00
5.00
532.00
96.00
5.00
81.00
33.00
0.00
0.00
26.00
3.00
39.00
105.00
16.00
12.00
0.00
577.00
47.00
3.00
11.00
18.00
41.00
74.00
0.00
18.00
0.00
1.00
97.00
87.00
9.00
14.00
104.00
22.00
223.00
17.00
5.00
32.00
127.00
346.00
108.00
24.00
8.00
217.00
95.00
59.00
38.00
0.00
11.00
0.00
2.00
142.00
118.00
136.00
159.00
110.00
12.00
0.00
7.00
51.00
17.00
41.00
6.00
19.00
75.00
125.00
50.00
215.00
242.00
75.00
44.00
28.00
62.00
7.00
6.00
10.00
20.00
324.00
0.00
7.00
351.00
302.00
193.00
359.00
13.00
1.00
0.00
68.00
9.00
0.00
0.00
0.00
828.00
24.00
170.00
81.00
8.00
157.00
209.00
56.00
135.00
24.00
2.00
56.00
13.00
1.00
1.00
11.00
33.00
114.00
249.00
300.00
110.00
0.00
28.00
38.00
9.00
164.00
67.00
28.00
65.00
23.00
9.00
25.00
13.00
36.00
139.00
0.00
700.00
22.00
44.00
0.00
29.00
97.00
121.00
285.00
8.00
0.00
11.00
68.00
60.00
0.00
0.00
0.00
0.00
0.00
0.00
0.00
0.00
0.00
0.00
0.00
4.00
0.00
0.00
30.00
2.00
131.00
0.00
0.00
0.00
0.00
52.00
327.00
431.00
181.00
0.00
0.00
0.00
0.00
0.00
0.00
0.00
0.00
0.00
0.00
0.00
0.00
0.00
0.00
0.00
0.00
0.00
0.00
0.00
0.00
0.00
0.00
0.00
0.00
0.00
0.00
0.00
0.00
0.00
0.00
0.00
0.00
0.00
0.00
0.00
0.00
0.00
0.00
0.00
0.00
0.00
0.00
0.00
0.00
0.00
0.00
0.00
0.00
0.00
0.00
0.00
0.00
0.00
0.00
0.00
0.00
0.00
0.00
0.00
0.00
0.00
0.00
0.00
0.00
0.00
0.00
0.00
0.00
0.00
0.00
0.00
0.00
0.00
0.00
0.00
0.00
0.00
0.00
0.00
0.00
0.00
1.00
0.00
0.00
0.00
0.00
0.00
0.00
0.00
0.00
0.00
0.00
0.00
0.00
0.00
0.00
0.00
0.00
0.00
0.00
0.00
0.00
0.00
0.00
0.00
0.00
0.00
0.00
12.00
0.00
0.00
0.00
0.00
0.00
0.00
0.00
0.00
0.00
108.00
0.00
0.00
125.00
0.00
104.00
196.00
0.00
0.00
0.00
0.00
0.00
0.00
58.00
1.00
48.00
0.00
0.00
0.00
0.00
163.00
0.00
0.00
21.00
281.00
405.00
16.00
0.00
0.00
129.00
10.00
245.00
0.00
0.00
0.00
0.00
0.00
0.00
0.00
0.00
0.00
3.00
0.00
0.00
15.00
1351.00
7.00
186.00
850.00
116.00
373.00
387.00
0.00
0.00
0.00
101.00
2.00
811.00
0.00
0.00
1.00
0.00
27.00
0.00
0.00
206.00
0.00
0.00
0.00
19.00
104.00
431.00
12.00
92.00
0.00
24.00
1.00
0.00
0.00
0.00
0.00
0.00
127.00
0.00
39.00
183.00
386.00
173.00
453.00
3.00
11.00
211.00
19.00
0.00
7.00
168.00
78.00
226.00
371.00
257.00
46.00
0.00
253.00
441.00
351.00
495.00
513.00
25.00
2.00
6.00
18.00
112.00
62.00
35.00
14.00
88.00
43.00
73.00
151.00
32.00
233.00
325.00
75.00
2.00
8.00
6.00
49.00
241.00
143.00
213.00
219.00
65.00
134.00
88.00
95.00
8.00
186.00
809.00
285.00
24.00
83.00
306.00
44.00
212.00
20.00
186.00
94.00
14.00
12.00
15.00
146.00
141.00
229.00
94.00
15.00
22.00
0.00
14.00
127.00
550.00
338.00
41.00
95.00
50.00
15.00
168.00
212.00
118.00
151.00
204.00
181.00
201.00
81.00
140.00
93.00
199.00
51.00
98.00
164.00
181.00
271.00
208.00
612.00
43.00
0.00
41.00
131.00
55.00
5.00
270.00
788.00
35.00
104.00
3.00
0.00
124.00
85.00
222.00
146.00
11.00
16.00
0.00
1.00
20.00
69.00
75.00
309.00
110.00
43.00
98.00
180.00
2.00
44.00
57.00
9.00
109.00
4.00
15.00
1.00
0.00
0.00
7.00
0.00
0.00
1.00
0.00
146.00
200.00
456.00
890.00
1425.00
0.00
0.00
4.00
0.00
0.00
0.00
2.00
30.00
142.00
0.00
0.00
0.00
0.00
0.00
0.00
0.00
0.00
0.00
0.00
0.00
0.00
107.00
0.00
5.00
301.00
49.00
0.00
0.00
0.00
0.00
0.00
0.00
0.00
0.00
0.00
0.00
0.00
0.00
0.00
0.00
0.00
0.00
0.00
0.00
0.00
0.00
10.00
433.00
335.00
479.00
0.00
0.00
0.00
0.00
0.00
0.00
0.00
0.00
0.00
0.00
0.00
0.00
0.00
0.00
0.00
0.00
0.00
0.00
0.00
0.00
86.00
288.00
0.00
0.00
0.00
0.00
0.00
0.00
0.00
0.00
0.00
0.00
0.00
0.00
0.00
0.00
0.00
0.00
0.00
0.00
0.00
0.00
0.00
0.00
0.00
0.00
0.00
0.00
0.00
0.00
0.00
0.00
0.00
0.00
0.00
5.00
0.00
0.00
319.00
278.00
323.00
116.00
284.00
0.00
43.00
39.00
0.00
0.00
0.00
0.00
0.00
5.00
0.00
0.00
0.00
0.00
93.00
313.00
0.00
0.00
0.00
0.00
0.00
0.00
38.00
0.00
0.00
0.00
0.00
0.00
0.00
0.00
0.00
0.00
3.00
23.00
17.00
0.00
0.00
0.00
0.00
0.00
0.00
0.00
43.00
29.00
7.00
0.00
18.00
336.00
77.00
0.00
33.00
0.00
0.00
106.00
123.00
144.00
27.00
0.00
0.00
66.00
13.00
0.00
276.00
0.00
23.00
246.00
165.00
105.00
318.00
595.00
26.00
0.00
0.00
249.00
158.00
0.00
15.00
271.00
95.00
8.00
423.00
40.00
72.00
921.00
951.00
184.00
63.00
546.00
174.00
164.00
0.00
151.00
20.00
6.00
17.00
1.00
388.00
33.00
153.00
127.00
18.00
43.00
37.00
60.00
0.00
0.00
44.00
2.00
55.00
173.00
599.00
3.00
10.00
165.00
12.00
6.00
34.00
59.00
803.00
168.00
11.00
656.00
11.00
118.00
545.00
0.00
40.00
25.00
223.00
0.00
9.00
79.00
45.00
40.00
44.00
51.00
14.00
8.00
2.00
4.00
0.00
38.00
62.00
53.00
16.00
2.00
18.00
8.00
7.00
8.00
7.00
80.00
498.00
343.00
175.00
3.00
8.00
25.00
37.00
41.00
202.00
21.00
69.00
223.00
9.00
0.00
9.00
65.00
105.00
15.00
46.00
32.00
52.00
3.00
27.00
176.00
97.00
53.00
23.00
9.00
176.00
51.00
49.00
406.00
270.00
233.00
393.00
117.00
707.00
54.00
97.00
168.00
2.00
50.00
47.00
169.00
133.00
81.00
0.00
2.00
0.00
18.00
11.00
6.00
6.00
352.00
66.00
0.00
0.00
2.00
1.00
28.00
1.00
162.00
2.00
43.00
4.00
0.00
0.00
103.00
103.00
107.00
4.00
0.00
15.00
1.00
199.00
11.00
2.00
0.00
0.00
0.00
0.00
0.00
0.00
19.00
5.00
0.00
0.00
0.00
110.00
74.00
267.00
141.00
10.00
0.00
0.00
0.00
0.00
0.00
0.00
0.00
0.00
0.00
0.00
0.00
0.00
0.00
13.00
109.00
154.00
29.00
0.00
0.00
0.00
3.00
0.00
84.00
4.00
0.00
0.00
0.00
0.00
0.00
2.00
0.00
0.00
0.00
0.00
0.00
0.00
0.00
7.00
0.00
0.00
0.00
0.00
0.00
0.00
0.00
0.00
0.00
0.00
0.00
0.00
0.00
0.00
7.00
1.00
0.00
0.00
0.00
0.00
0.00
0.00
0.00
0.00
0.00
5.00
96.00
17.00
0.00
0.00
0.00
0.00
0.00
0.00
0.00
0.00
0.00
0.00
0.00
0.00
0.00
0.00
0.00
0.00
0.00
0.00
0.00
0.00
0.00
0.00
0.00
0.00
0.00
0.00
0.00
0.00
0.00
0.00
0.00
0.00
0.00
0.00
0.00
0.00
0.00
0.00
0.00
0.00
0.00
0.00
0.00
0.00
0.00
0.00
0.00
0.00
0.00
0.00
0.00
0.00
1.00
0.00
0.00
0.00
0.00
0.00
0.00
0.00
5.00
0.00
0.00
0.00
0.00
0.00
0.00
1.10
35.10
35.30
41.00
11.30
0.00
0.00
0.00
0.20
7.90
1.10
0.00
0.00
0.00
0.00
0.00
0.00
0.00
0.00
1.10
0.90
35.90
0.30
0.00
4.80
0.00
1.10
0.00
0.00
0.00
0.20
0.20
0.00
0.00
0.70
42.00
5.30
112.30
14.30
0.00
4.60
31.60
0.00
18.40
21.80
1.60
2.20
4.40
6.60
0.00
0.00
3.80
0.00
0.00
0.00
0.00
3.60
0.20
0.00
0.00
0.00
0.00
0.00
0.00
0.00
0.00
0.00
0.00
17.00
86.60
0.00
0.00
0.00
0.00
0.00
0.00
0.10
0.00
13.10
5.90
0.60
6.40
8.30
2.90
2.50
2.50
0.00
11.30
11.30
46.70
2.60
0.00
1.10
0.00
0.00
0.20
7.50
19.50
11.00
38.10
49.90
6.50
0.90
1.60
0.50
9.10
0.00
0.00
19.90
10.50
52.10
17.20
0.00
0.10
0.80
13.50
1.80
5.10
0.00
0.00
0.10
12.10
6.30
5.50
18.20
0.20
5.20
0.50
0.90
1.30
14.20
2.20
2.20
16.40
20.80
26.50
26.50
37.20
37.20
54.00
0.00
0.00
0.00
0.00
0.00
0.00
0.00
1.90
35.90
0.20
5.00
28.10
4.30
3.70
0.00
0.50
9.10
2.00
0.30
2.50
9.40
26.80
25.60
8.50
4.40
11.80
0.00
0.10
21.60
63.70
8.30
58.00
25.30
0.10
3.10
0.00
0.10
7.90
17.40
14.50
35.40
24.80
0.90
0.50
0.10
4.10
1.30
2.20
15.00
22.20
69.50
7.90
29.00
2.80
0.60
1.10
2.10
7.30
2.20
3.80
12.70
2.90
0.20
0.60
4.10
0.00
0.00
0.20
0.00
11.60
38.90
10.80
54.80
28.80
0.30
0.80
0.30
40.50
9.70
9.70
13.50
2.70
0.50
0.50
5.10
12.50
1.60
12.00
20.20
0.00
0.00
0.00
0.00
0.00
3.00
0.00
0.00
0.00
0.00
0.30
13.20
1.40
0.30
0.30
1.60
