20160101
0.00
0.00
0.00
0.00
0.00
0.00
0.00
0.00
0.00
0.00
0.00
0.00
0.00
0.00
0.00
0.00
0.00
0.00
0.00
0.00
34.00
0.00
0.00
0.00
0.00
0.00
0.00
0.00
0.00
0.00
0.00
0.00
0.00
0.00
0.00
0.00
0.00
0.00
0.00
0.00
0.00
0.00
0.00
0.00
0.00
0.00
0.00
0.00
0.00
0.00
0.00
0.00
0.00
22.00
116.00
2.00
28.00
1.00
0.00
0.00
0.00
0.00
0.00
0.00
0.00
0.00
0.00
0.00
0.00
0.00
0.00
0.00
0.00
0.00
0.00
0.00
0.00
0.00
29.00
0.00
1.00
0.00
0.00
0.00
0.00
0.00
0.00
173.00
0.00
118.00
236.00
6.00
7.00
13.00
119.00
73.00
4.00
0.00
0.00
0.00
0.00
0.00
0.00
0.00
34.00
51.00
60.00
61.00
1.00
38.00
13.00
117.00
55.00
0.00
0.00
95.00
0.00
0.00
8.00
1.00
13.00
138.00
59.00
0.00
50.00
0.00
0.00
0.00
0.00
0.00
0.00
0.00
342.00
0.00
0.00
35.00
0.00
85.00
257.00
107.00
141.00
502.00
1.00
1.00
23.00
7.00
0.00
0.00
4.00
0.00
0.00
2.00
0.00
0.00
25.00
51.00
10.00
108.00
110.00
14.00
16.00
224.00
54.00
20.00
36.00
0.00
60.00
125.00
52.00
86.00
44.00
166.00
69.00
109.00
2.00
88.00
14.00
130.00
0.00
1.00
5.00
131.00
157.00
33.00
29.00
5.00
15.00
41.00
312.00
80.00
29.00
1.00
22.00
14.00
2.00
19.00
60.00
170.00
0.00
0.00
2.00
68.00
83.00
109.00
123.00
85.00
169.00
0.00
3.00
57.00
52.00
196.00
228.00
19.00
0.00
0.00
3.00
120.00
108.00
4.00
3.00
40.00
7.00
43.00
26.00
67.00
0.00
4.00
21.00
13.00
0.00
19.00
580.00
3.00
0.00
61.00
0.00
30.00
58.00
14.00
7.00
17.00
62.00
78.00
2.00
5.00
0.00
32.00
16.00
9.00
1.00
13.00
250.00
7.00
52.00
2.00
7.00
0.00
15.00
87.00
17.00
25.00
131.00
142.00
79.00
0.00
32.00
0.00
47.00
2.00
12.00
0.00
0.00
1.00
0.00
27.00
1.00
1.00
69.00
0.00
0.00
29.00
2.00
40.00
5.00
61.00
0.00
0.00
0.00
9.00
0.00
7.00
0.00
0.00
0.00
0.00
0.00
0.00
0.00
0.00
25.00
44.00
41.00
15.00
0.00
0.00
21.00
3.00
55.00
206.00
137.00
0.00
0.00
0.00
0.00
0.00
0.00
0.00
0.00
0.00
0.00
0.00
0.00
0.00
0.00
0.00
0.00
0.00
0.00
0.00
0.00
0.00
0.00
0.00
0.00
0.00
0.00
0.00
0.00
0.00
0.00
0.00
0.00
0.00
0.00
0.00
0.00
0.00
0.00
0.00
0.00
0.00
0.00
0.00
0.00
0.00
0.00
0.00
0.00
0.00
0.00
0.00
0.00
0.00
0.00
0.00
0.00
0.00
0.00
0.00
0.00
0.00
0.00
0.00
0.00
0.00
0.00
0.00
0.00
0.00
0.00
0.00
0.00
0.00
0.00
0.00
0.00
0.00
0.00
0.00
0.00
0.00
33.00
0.00
0.00
0.00
0.00
0.00
0.00
0.00
0.00
0.00
0.00
0.00
0.00
0.00
0.00
0.00
0.00
0.00
0.00
0.00
0.00
0.00
0.00
0.00
0.00
0.00
0.00
0.00
0.00
0.00
0.00
0.00
0.00
0.00
0.00
0.00
0.00
12.00
5.00
0.00
151.00
0.00
82.00
24.00
3.00
0.00
0.00
0.00
0.00
0.00
69.00
2.00
31.00
0.00
0.00
0.00
0.00
21.00
0.00
0.00
0.00
20.00
145.00
6.00
4.00
0.00
483.00
135.00
12.00
0.00
0.00
0.00
0.00
0.00
0.00
0.00
0.00
0.00
14.00
10.00
2.00
0.00
108.00
12.00
151.00
56.00
122.00
74.00
45.00
0.00
0.00
0.00
0.00
0.00
28.00
0.00
0.00
0.00
0.00
23.00
0.00
0.00
76.00
0.00
2.00
2.00
36.00
3.00
102.00
2.00
3.00
0.00
2.00
0.00
12.00
0.00
0.00
0.00
0.00
1.00
119.00
6.00
98.00
160.00
11.00
31.00
2.00
61.00
8.00
4.00
53.00
3.00
58.00
26.00
36.00
116.00
30.00
132.00
0.00
165.00
0.00
1.00
8.00
67.00
5.00
0.00
25.00
7.00
0.00
16.00
28.00
30.00
3.00
236.00
82.00
68.00
5.00
60.00
50.00
86.00
0.00
11.00
84.00
112.00
58.00
275.00
33.00
83.00
48.00
22.00
39.00
199.00
204.00
158.00
109.00
108.00
43.00
24.00
23.00
48.00
19.00
12.00
188.00
121.00
10.00
19.00
5.00
36.00
45.00
38.00
75.00
75.00
1.00
7.00
3.00
20.00
14.00
72.00
5.00
8.00
79.00
115.00
20.00
26.00
3.00
6.00
20.00
22.00
4.00
15.00
70.00
493.00
31.00
2.00
34.00
54.00
30.00
33.00
19.00
0.00
0.00
6.00
22.00
45.00
47.00
18.00
65.00
40.00
32.00
279.00
59.00
7.00
90.00
288.00
32.00
82.00
135.00
0.00
33.00
8.00
2.00
17.00
523.00
30.00
46.00
0.00
0.00
44.00
63.00
2.00
0.00
5.00
1.00
5.00
16.00
130.00
22.00
0.00
114.00
0.00
0.00
0.00
0.00
0.00
0.00
18.00
82.00
40.00
3.00
0.00
0.00
0.00
0.00
0.00
1.00
56.00
162.00
1.00
0.00
0.00
0.00
0.00
0.00
0.00
0.00
0.00
0.00
0.00
0.00
2.00
1.00
0.00
217.00
16.00
3.00
0.00
0.00
0.00
0.00
0.00
0.00
0.00
0.00
0.00
0.00
0.00
0.00
0.00
0.00
0.00
0.00
0.00
0.00
0.00
6.00
335.00
136.00
87.00
0.00
0.00
0.00
0.00
0.00
0.00
0.00
0.00
0.00
0.00
0.00
0.00
0.00
0.00
0.00
0.00
0.00
0.00
0.00
0.00
27.00
337.00
212.00
0.00
0.00
0.00
0.00
0.00
0.00
0.00
0.00
0.00
0.00
0.00
0.00
0.00
0.00
0.00
0.00
0.00
0.00
0.00
0.00
0.00
0.00
0.00
0.00
0.00
0.00
0.00
0.00
0.00
0.00
0.00
0.00
0.00
0.00
0.00
2.00
1.00
87.00
3.00
4.00
0.00
1.00
0.00
0.00
0.00
0.00
0.00
0.00
0.00
0.00
0.00
0.00
0.00
0.00
41.00
0.00
0.00
0.00
0.00
0.00
0.00
0.00
0.00
0.00
0.00
0.00
0.00
0.00
0.00
56.00
0.00
0.00
0.00
177.00
0.00
0.00
0.00
0.00
0.00
0.00
0.00
0.00
0.00
0.00
0.00
0.00
85.00
25.00
0.00
158.00
8.00
1.00
2.00
0.00
39.00
84.00
0.00
11.00
0.00
41.00
0.00
1.00
0.00
0.00
33.00
13.00
34.00
11.00
53.00
0.00
0.00
0.00
0.00
0.00
0.00
3.00
33.00
43.00
1.00
69.00
0.00
0.00
118.00
611.00
549.00
184.00
138.00
229.00
601.00
4.00
106.00
0.00
0.00
3.00
0.00
0.00
0.00
0.00
0.00
108.00
34.00
0.00
0.00
0.00
6.00
0.00
67.00
16.00
0.00
17.00
24.00
273.00
549.00
145.00
6.00
20.00
65.00
58.00
201.00
318.00
262.00
7.00
53.00
12.00
0.00
0.00
18.00
0.00
5.00
10.00
44.00
61.00
0.00
12.00
34.00
7.00
59.00
20.00
1.00
0.00
2.00
0.00
0.00
3.00
14.00
3.00
0.00
47.00
72.00
63.00
22.00
70.00
5.00
46.00
0.00
9.00
4.00
33.00
40.00
266.00
27.00
12.00
58.00
12.00
0.00
174.00
45.00
70.00
320.00
94.00
0.00
0.00
0.00
19.00
145.00
63.00
9.00
2.00
82.00
39.00
28.00
71.00
20.00
122.00
32.00
2.00
0.00
31.00
34.00
32.00
16.00
9.00
86.00
3.00
26.00
22.00
5.00
8.00
0.00
52.00
10.00
59.00
6.00
8.00
53.00
0.00
1.00
0.00
22.00
212.00
15.00
0.00
0.00
0.00
12.00
27.00
0.00
13.00
49.00
204.00
1.00
20.00
0.00
113.00
24.00
0.00
3.00
3.00
4.00
0.00
0.00
0.00
0.00
0.00
0.00
0.00
0.00
4.00
3.00
150.00
137.00
569.00
346.00
33.00
0.00
0.00
0.00
0.00
0.00
0.00
0.00
0.00
0.00
0.00
0.00
0.00
0.00
114.00
24.00
76.00
43.00
42.00
0.00
0.00
0.00
0.00
0.00
0.00
0.00
0.00
0.00
0.00
0.00
0.00
0.00
2.00
0.00
0.00
0.00
0.00
0.00
1.00
0.00
0.00
0.00
0.00
0.00
0.00
0.00
0.00
0.00
0.00
0.00
0.00
0.00
0.00
0.00
1.00
0.00
0.00
0.00
0.00
3.00
0.00
0.00
5.00
0.00
19.00
12.00
29.00
0.00
0.00
0.00
0.00
0.00
0.00
0.00
0.00
0.00
0.00
0.00
0.00
0.00
0.00
0.00
0.00
0.00
0.00
0.00
0.00
0.00
0.00
0.00
0.00
0.00
0.00
0.00
0.00
0.00
0.00
0.00
0.00
0.00
0.00
0.00
0.00
0.00
0.00
0.00
0.00
0.00
0.00
0.00
0.00
0.00
0.00
0.00
0.00
0.00
0.00
0.00
0.00
0.00
0.00
0.00
0.00
0.00
0.00
0.00
0.00
0.00
0.00
0.00
0.00
0.00
0.00
0.00
0.00
100.00
142.40
41.40
52.00
0.00
0.00
0.00
0.10
25.90
0.00
0.00
0.00
0.00
0.00
0.00
0.00
0.00
0.00
0.00
0.00
0.00
0.10
0.00
0.00
0.00
0.00
0.00
0.00
0.00
0.00
0.00
0.00
0.00
0.00
61.00
9.70
27.30
11.50
0.00
7.60
3.80
0.10
18.50
42.00
0.00
0.00
0.00
0.00
0.00
0.00
0.00
0.00
0.00
0.00
0.00
0.00
0.80
0.00
0.00
0.00
0.00
0.00
0.10
0.00
0.00
0.00
0.30
5.70
0.30
0.00
0.00
0.00
0.00
0.00
0.00
0.00
0.00
0.70
10.10
0.10
0.50
7.30
0.00
0.00
0.00
0.00
0.10
0.10
45.40
0.00
0.00
0.00
0.00
0.00
0.00
0.30
0.10
0.10
0.20
0.70
0.00
4.90
6.60
8.70
1.80
8.80
0.10
1.10
2.60
9.90
0.60
0.00
0.00
5.30
5.80
3.00
1.40
1.30
1.20
3.30
1.60
1.80
2.10
0.60
4.40
0.60
0.20
0.00
0.00
4.40
0.20
4.30
2.00
2.00
0.70
0.70
15.20
15.20
5.60
2.00
2.00
0.00
0.40
2.00
2.00
2.00
0.70
8.50
7.40
0.70
14.30
16.30
2.00
0.00
0.90
3.90
2.70
2.00
12.30
2.70
0.90
47.60
1.20
0.50
9.10
0.20
7.80
15.00
0.80
0.70
2.20
0.00
1.20
2.70
0.50
1.30
0.40
2.00
2.50
11.70
19.50
0.10
0.00
0.30
12.30
0.00
1.00
10.60
13.70
1.70
1.50
0.40
0.80
0.70
0.10
1.40
0.00
0.40
8.50
4.90
1.00
0.50
15.70
4.60
0.30
0.30
9.40
5.80
8.60
15.60
8.40
40.20
15.30
1.70
1.30
3.90
13.80
1.80
1.80
0.50
0.00
0.00
0.00
7.20
4.10
0.10
0.50
3.80
0.30
0.00
0.00
6.50
18.30
5.30
0.00
0.00
0.30
0.00
1.30
2.10
1.20
1.30
1.40
4.80
