20160101
0.00
0.00
0.00
0.00
0.00
0.00
0.00
0.00
0.00
0.00
0.00
0.00
0.00
0.00
0.00
0.00
0.00
0.00
0.00
1.00
13.00
0.00
0.00
0.00
0.00
3.00
0.00
0.00
0.00
0.00
0.00
0.00
0.00
0.00
0.00
0.00
0.00
0.00
0.00
0.00
0.00
0.00
0.00
0.00
0.00
0.00
0.00
0.00
0.00
6.00
30.00
4.00
18.00
8.00
62.00
0.00
11.00
4.00
0.00
0.00
0.00
0.00
0.00
0.00
0.00
2.00
0.00
0.00
55.00
14.00
0.00
0.00
0.00
0.00
0.00
12.00
0.00
0.00
0.00
0.00
16.00
0.00
2.00
0.00
0.00
0.00
0.00
156.00
3.00
123.00
136.00
13.00
0.00
9.00
41.00
155.00
18.00
1.00
1.00
0.00
0.00
0.00
0.00
0.00
42.00
10.00
216.00
57.00
0.00
18.00
31.00
60.00
55.00
18.00
2.00
76.00
3.00
3.00
11.00
4.00
2.00
18.00
2.00
0.00
8.00
0.00
0.00
0.00
0.00
0.00
1.00
0.00
82.00
1.00
0.00
59.00
0.00
76.00
321.00
41.00
112.00
506.00
2.00
11.00
12.00
0.00
0.00
4.00
0.00
7.00
7.00
20.00
2.00
0.00
3.00
0.00
113.00
80.00
214.00
35.00
123.00
174.00
40.00
3.00
0.00
26.00
67.00
111.00
4.00
115.00
114.00
256.00
11.00
406.00
0.00
71.00
15.00
4.00
3.00
2.00
16.00
10.00
598.00
209.00
22.00
16.00
3.00
5.00
101.00
91.00
34.00
0.00
5.00
55.00
6.00
57.00
358.00
346.00
0.00
0.00
3.00
106.00
80.00
141.00
161.00
150.00
187.00
1.00
1.00
33.00
34.00
179.00
245.00
4.00
40.00
2.00
20.00
185.00
117.00
124.00
112.00
161.00
106.00
0.00
6.00
129.00
45.00
59.00
204.00
3.00
0.00
4.00
611.00
1.00
0.00
57.00
0.00
141.00
0.00
33.00
1.00
1.00
42.00
29.00
40.00
0.00
2.00
7.00
4.00
1.00
6.00
27.00
211.00
177.00
77.00
8.00
42.00
0.00
0.00
24.00
166.00
0.00
87.00
244.00
53.00
24.00
2.00
0.00
2.00
5.00
58.00
0.00
1.00
0.00
17.00
9.00
0.00
0.00
83.00
0.00
1.00
0.00
0.00
57.00
0.00
32.00
56.00
11.00
0.00
0.00
0.00
0.00
0.00
0.00
0.00
0.00
0.00
0.00
0.00
0.00
363.00
128.00
41.00
64.00
0.00
0.00
23.00
0.00
26.00
159.00
81.00
0.00
0.00
0.00
0.00
0.00
0.00
0.00
0.00
0.00
0.00
0.00
0.00
0.00
0.00
0.00
0.00
0.00
0.00
0.00
0.00
0.00
0.00
0.00
0.00
21.00
2.00
0.00
0.00
0.00
0.00
0.00
0.00
0.00
0.00
0.00
0.00
0.00
0.00
0.00
0.00
0.00
0.00
0.00
0.00
0.00
0.00
0.00
0.00
0.00
0.00
0.00
0.00
0.00
0.00
0.00
0.00
0.00
1.00
0.00
0.00
0.00
0.00
0.00
0.00
0.00
0.00
0.00
0.00
0.00
0.00
0.00
0.00
0.00
0.00
0.00
0.00
0.00
0.00
0.00
0.00
0.00
7.00
0.00
0.00
0.00
0.00
0.00
0.00
0.00
0.00
0.00
0.00
0.00
0.00
0.00
0.00
0.00
0.00
0.00
0.00
0.00
0.00
0.00
0.00
0.00
0.00
0.00
0.00
6.00
0.00
0.00
0.00
0.00
0.00
0.00
0.00
0.00
3.00
1.00
11.00
0.00
114.00
0.00
16.00
23.00
1.00
0.00
0.00
0.00
0.00
0.00
41.00
0.00
19.00
0.00
0.00
0.00
0.00
62.00
0.00
0.00
6.00
38.00
178.00
22.00
31.00
10.00
246.00
117.00
1.00
0.00
0.00
0.00
0.00
0.00
0.00
0.00
0.00
0.00
15.00
11.00
9.00
3.00
52.00
18.00
45.00
47.00
83.00
42.00
10.00
0.00
0.00
4.00
0.00
0.00
56.00
0.00
0.00
1.00
0.00
32.00
0.00
0.00
148.00
0.00
0.00
20.00
41.00
20.00
69.00
5.00
0.00
0.00
4.00
0.00
0.00
11.00
0.00
0.00
4.00
81.00
168.00
53.00
167.00
102.00
2.00
33.00
5.00
28.00
8.00
21.00
0.00
0.00
32.00
45.00
184.00
84.00
47.00
44.00
0.00
27.00
143.00
33.00
2.00
89.00
44.00
51.00
165.00
9.00
0.00
0.00
1.00
17.00
40.00
372.00
142.00
243.00
39.00
354.00
129.00
10.00
0.00
4.00
307.00
263.00
76.00
265.00
4.00
86.00
1.00
62.00
50.00
501.00
128.00
544.00
163.00
2.00
304.00
108.00
57.00
13.00
57.00
11.00
153.00
91.00
57.00
59.00
43.00
12.00
20.00
31.00
188.00
67.00
1.00
9.00
145.00
22.00
56.00
70.00
40.00
30.00
103.00
169.00
18.00
33.00
4.00
8.00
75.00
61.00
0.00
0.00
271.00
747.00
151.00
5.00
18.00
90.00
30.00
73.00
0.00
0.00
4.00
42.00
4.00
65.00
36.00
65.00
226.00
779.00
57.00
235.00
207.00
2.00
248.00
695.00
190.00
62.00
112.00
0.00
10.00
4.00
20.00
3.00
198.00
55.00
139.00
29.00
43.00
33.00
1.00
5.00
1.00
10.00
7.00
0.00
8.00
9.00
0.00
49.00
29.00
0.00
0.00
9.00
0.00
4.00
11.00
1.00
37.00
57.00
14.00
0.00
0.00
0.00
0.00
0.00
0.00
27.00
79.00
1.00
0.00
0.00
0.00
0.00
0.00
1.00
0.00
0.00
0.00
0.00
0.00
44.00
0.00
0.00
57.00
11.00
15.00
0.00
0.00
0.00
0.00
0.00
0.00
0.00
0.00
0.00
0.00
0.00
0.00
0.00
0.00
0.00
0.00
0.00
0.00
0.00
0.00
224.00
190.00
35.00
0.00
0.00
0.00
0.00
0.00
0.00
0.00
0.00
0.00
0.00
0.00
0.00
0.00
0.00
0.00
0.00
0.00
0.00
0.00
0.00
8.00
190.00
290.00
1.00
0.00
0.00
0.00
0.00
0.00
0.00
0.00
0.00
0.00
0.00
0.00
0.00
0.00
0.00
0.00
0.00
0.00
0.00
0.00
0.00
0.00
0.00
0.00
0.00
0.00
0.00
0.00
0.00
0.00
0.00
0.00
0.00
0.00
0.00
4.00
0.00
25.00
0.00
0.00
0.00
19.00
0.00
0.00
0.00
0.00
0.00
0.00
0.00
0.00
0.00
0.00
0.00
0.00
30.00
0.00
0.00
0.00
0.00
0.00
0.00
0.00
0.00
0.00
0.00
0.00
0.00
0.00
0.00
34.00
0.00
0.00
50.00
81.00
0.00
0.00
0.00
0.00
0.00
0.00
0.00
0.00
0.00
0.00
0.00
0.00
9.00
15.00
0.00
21.00
29.00
0.00
246.00
0.00
0.00
28.00
0.00
1.00
0.00
0.00
6.00
1.00
29.00
0.00
212.00
11.00
3.00
0.00
23.00
0.00
0.00
0.00
0.00
0.00
0.00
19.00
75.00
67.00
2.00
14.00
0.00
10.00
13.00
40.00
171.00
75.00
388.00
127.00
168.00
14.00
54.00
0.00
24.00
0.00
1.00
0.00
2.00
12.00
8.00
66.00
90.00
76.00
0.00
3.00
98.00
93.00
134.00
7.00
5.00
0.00
48.00
130.00
377.00
116.00
3.00
0.00
25.00
45.00
111.00
193.00
179.00
20.00
7.00
8.00
0.00
0.00
73.00
1.00
16.00
27.00
24.00
138.00
15.00
13.00
34.00
15.00
13.00
37.00
6.00
71.00
17.00
0.00
0.00
22.00
1.00
7.00
36.00
92.00
33.00
13.00
23.00
141.00
8.00
66.00
0.00
5.00
2.00
8.00
20.00
439.00
162.00
60.00
138.00
4.00
42.00
194.00
45.00
113.00
533.00
231.00
14.00
0.00
5.00
28.00
380.00
79.00
1.00
26.00
33.00
24.00
93.00
47.00
127.00
194.00
55.00
0.00
23.00
24.00
62.00
17.00
4.00
91.00
91.00
18.00
9.00
38.00
42.00
17.00
6.00
31.00
4.00
77.00
25.00
15.00
30.00
1.00
0.00
0.00
38.00
154.00
109.00
2.00
0.00
3.00
27.00
9.00
0.00
0.00
73.00
149.00
1.00
53.00
0.00
97.00
3.00
3.00
1.00
79.00
133.00
0.00
0.00
124.00
1.00
0.00
20.00
0.00
3.00
2.00
1.00
143.00
31.00
369.00
334.00
13.00
0.00
0.00
0.00
0.00
0.00
0.00
0.00
0.00
0.00
0.00
0.00
0.00
0.00
142.00
22.00
55.00
26.00
43.00
0.00
0.00
0.00
0.00
0.00
0.00
0.00
0.00
0.00
0.00
0.00
0.00
0.00
0.00
0.00
0.00
0.00
0.00
0.00
0.00
0.00
0.00
0.00
0.00
0.00
0.00
0.00
0.00
0.00
0.00
0.00
0.00
0.00
0.00
0.00
12.00
0.00
0.00
0.00
0.00
10.00
0.00
0.00
6.00
3.00
10.00
5.00
1.00
0.00
0.00
0.00
0.00
0.00
0.00
0.00
0.00
0.00
0.00
0.00
0.00
0.00
0.00
0.00
0.00
0.00
0.00
0.00
5.00
0.00
0.00
0.00
0.00
0.00
0.00
0.00
0.00
0.00
0.00
0.00
0.00
0.00
0.00
0.00
0.00
0.00
0.00
0.00
0.00
0.00
7.00
0.00
0.00
0.00
0.00
0.00
0.00
0.00
0.00
0.00
0.00
0.00
0.00
0.00
0.00
0.00
0.00
0.00
0.00
0.00
0.00
0.00
0.00
0.00
0.00
0.00
0.00
91.00
134.10
50.20
49.90
0.00
0.00
0.00
0.00
27.10
0.00
0.00
0.00
0.00
0.00
0.00
0.00
0.00
0.00
0.00
0.00
0.00
0.90
0.00
0.00
0.00
0.00
0.00
0.00
0.00
0.00
5.70
0.00
0.00
0.00
28.00
4.20
41.80
3.10
0.40
3.70
1.30
0.10
21.70
13.60
1.40
0.00
0.00
0.00
0.00
0.80
0.00
0.40
0.00
0.00
0.00
0.00
1.80
0.00
0.00
0.00
0.00
0.00
0.40
0.00
0.00
0.00
1.60
7.60
0.50
0.00
0.00
0.00
0.00
0.00
0.00
0.00
0.00
0.30
4.10
0.00
1.40
0.10
0.00
0.00
0.00
0.00
0.00
0.00
11.30
0.10
0.00
0.00
0.00
0.00
0.00
0.10
0.30
0.10
0.20
1.10
12.30
10.60
6.20
2.60
39.90
27.60
4.60
1.80
6.60
25.20
0.00
0.00
0.00
23.60
19.80
2.80
0.00
9.40
0.60
6.40
10.40
6.90
0.00
0.80
3.00
7.30
0.00
0.00
0.00
3.00
0.10
0.00
0.80
3.90
0.90
0.90
4.90
4.90
5.70
4.40
4.40
0.10
0.00
4.40
4.40
4.40
1.70
11.70
7.70
16.90
10.30
13.40
0.00
0.00
10.70
10.80
15.30
15.70
6.70
0.20
2.10
67.30
0.60
0.50
2.70
0.50
4.40
17.20
42.40
39.60
0.20
1.20
3.90
0.60
0.10
2.30
0.60
9.30
12.00
78.80
28.90
0.00
1.90
0.00
146.70
0.00
1.00
16.70
17.60
4.10
1.90
4.40
0.20
0.20
1.60
11.30
2.80
0.80
1.80
0.00
1.90
3.90
11.80
12.90
7.40
0.20
0.40
6.10
31.10
11.30
0.70
17.10
12.30
0.00
0.00
0.30
1.00
1.70
1.70
11.40
2.90
0.00
3.30
5.30
10.70
4.20
4.50
13.30
0.10
0.00
0.00
0.20
13.50
0.00
0.00
0.00
0.00
0.20
0.60
6.40
1.10
0.10
0.80
1.00
