20160101
0.00
0.00
0.00
0.00
0.00
0.00
0.00
0.00
28.00
0.00
5.00
0.00
0.00
0.00
0.00
0.00
0.00
0.00
0.00
14.00
1.00
0.00
0.00
0.00
0.00
0.00
0.00
1.00
0.00
0.00
0.00
0.00
0.00
2.00
0.00
0.00
0.00
0.00
1.00
2.00
0.00
0.00
10.00
0.00
0.00
3.00
0.00
0.00
0.00
0.00
0.00
0.00
1.00
83.00
66.00
2.00
2.00
0.00
0.00
0.00
0.00
0.00
0.00
0.00
0.00
34.00
0.00
0.00
0.00
2.00
0.00
2.00
1.00
0.00
6.00
7.00
0.00
1.00
0.00
0.00
77.00
0.00
0.00
0.00
0.00
0.00
0.00
430.00
0.00
14.00
228.00
94.00
33.00
164.00
557.00
1.00
0.00
0.00
0.00
0.00
0.00
0.00
0.00
0.00
3.00
0.00
157.00
74.00
0.00
10.00
0.00
0.00
0.00
0.00
0.00
61.00
0.00
0.00
0.00
0.00
0.00
125.00
208.00
100.00
34.00
10.00
194.00
15.00
0.00
0.00
0.00
0.00
237.00
242.00
2.00
29.00
0.00
239.00
242.00
107.00
743.00
564.00
2.00
0.00
588.00
167.00
0.00
25.00
163.00
49.00
3.00
36.00
0.00
0.00
110.00
122.00
1.00
4.00
83.00
50.00
31.00
161.00
553.00
65.00
71.00
0.00
0.00
143.00
126.00
4.00
6.00
5.00
9.00
15.00
86.00
18.00
60.00
40.00
63.00
373.00
100.00
5.00
24.00
42.00
105.00
307.00
39.00
3.00
345.00
53.00
53.00
70.00
1.00
16.00
9.00
43.00
115.00
64.00
80.00
92.00
2.00
19.00
2.00
11.00
80.00
84.00
218.00
4.00
0.00
45.00
340.00
109.00
227.00
484.00
47.00
418.00
51.00
78.00
0.00
24.00
76.00
59.00
367.00
44.00
14.00
277.00
304.00
132.00
220.00
34.00
0.00
0.00
353.00
17.00
0.00
0.00
0.00
592.00
32.00
180.00
70.00
4.00
108.00
316.00
172.00
59.00
51.00
7.00
30.00
0.00
2.00
2.00
8.00
1.00
62.00
250.00
330.00
145.00
34.00
223.00
25.00
12.00
33.00
315.00
12.00
89.00
30.00
1.00
11.00
184.00
152.00
188.00
0.00
386.00
305.00
169.00
7.00
299.00
50.00
41.00
383.00
85.00
6.00
20.00
682.00
80.00
0.00
0.00
0.00
0.00
0.00
0.00
0.00
0.00
0.00
0.00
0.00
0.00
0.00
0.00
41.00
105.00
18.00
0.00
0.00
0.00
9.00
32.00
246.00
658.00
442.00
0.00
0.00
0.00
0.00
0.00
0.00
0.00
0.00
0.00
3.00
0.00
0.00
0.00
0.00
0.00
0.00
0.00
0.00
0.00
0.00
0.00
0.00
0.00
0.00
3.00
0.00
0.00
0.00
0.00
0.00
0.00
11.00
74.00
0.00
0.00
23.00
0.00
0.00
0.00
0.00
0.00
0.00
0.00
0.00
0.00
0.00
0.00
0.00
0.00
0.00
0.00
0.00
0.00
0.00
0.00
29.00
0.00
0.00
117.00
2.00
0.00
0.00
0.00
0.00
0.00
0.00
0.00
0.00
0.00
0.00
0.00
0.00
0.00
0.00
0.00
0.00
0.00
0.00
0.00
0.00
0.00
2.00
0.00
0.00
0.00
6.00
0.00
0.00
0.00
0.00
0.00
0.00
0.00
0.00
0.00
0.00
0.00
0.00
0.00
0.00
0.00
0.00
0.00
0.00
0.00
0.00
0.00
0.00
2.00
0.00
0.00
0.00
0.00
0.00
0.00
0.00
0.00
13.00
122.00
79.00
0.00
207.00
1.00
82.00
151.00
0.00
0.00
0.00
0.00
0.00
0.00
176.00
1.00
38.00
0.00
0.00
0.00
0.00
119.00
0.00
0.00
2.00
379.00
166.00
0.00
0.00
0.00
699.00
135.00
104.00
0.00
0.00
0.00
0.00
0.00
0.00
0.00
0.00
0.00
46.00
15.00
0.00
0.00
508.00
153.00
106.00
297.00
132.00
312.00
240.00
0.00
2.00
0.00
55.00
0.00
29.00
0.00
0.00
0.00
2.00
27.00
0.00
0.00
83.00
0.00
0.00
0.00
54.00
69.00
404.00
35.00
109.00
0.00
76.00
0.00
17.00
0.00
0.00
0.00
0.00
15.00
0.00
176.00
235.00
781.00
228.00
566.00
39.00
3.00
509.00
19.00
0.00
449.00
342.00
384.00
1237.00
187.00
433.00
169.00
0.00
106.00
265.00
138.00
86.00
834.00
2.00
114.00
51.00
67.00
193.00
61.00
97.00
35.00
31.00
8.00
188.00
25.00
80.00
255.00
74.00
37.00
2.00
3.00
1.00
38.00
83.00
76.00
311.00
369.00
61.00
221.00
128.00
196.00
75.00
255.00
492.00
49.00
17.00
186.00
803.00
43.00
63.00
68.00
165.00
352.00
32.00
2.00
0.00
9.00
88.00
133.00
122.00
27.00
2.00
15.00
3.00
118.00
532.00
281.00
6.00
22.00
80.00
10.00
55.00
58.00
122.00
180.00
182.00
167.00
364.00
139.00
234.00
268.00
130.00
182.00
71.00
153.00
130.00
112.00
4.00
182.00
44.00
0.00
42.00
45.00
197.00
7.00
78.00
348.00
46.00
0.00
47.00
2.00
56.00
129.00
233.00
7.00
10.00
1.00
0.00
12.00
177.00
110.00
462.00
248.00
12.00
66.00
107.00
85.00
20.00
43.00
348.00
46.00
250.00
0.00
3.00
3.00
0.00
0.00
17.00
0.00
0.00
0.00
0.00
386.00
397.00
394.00
530.00
1605.00
0.00
0.00
0.00
0.00
0.00
0.00
1.00
486.00
243.00
0.00
0.00
0.00
0.00
0.00
0.00
0.00
0.00
0.00
0.00
0.00
0.00
75.00
0.00
0.00
171.00
4.00
8.00
0.00
0.00
0.00
0.00
0.00
0.00
0.00
0.00
0.00
0.00
0.00
0.00
0.00
0.00
0.00
0.00
0.00
0.00
0.00
72.00
835.00
887.00
842.00
0.00
0.00
0.00
0.00
0.00
0.00
0.00
0.00
55.00
0.00
0.00
0.00
0.00
0.00
0.00
0.00
0.00
0.00
0.00
0.00
72.00
67.00
12.00
0.00
0.00
0.00
0.00
0.00
0.00
0.00
0.00
0.00
0.00
0.00
0.00
0.00
0.00
0.00
0.00
0.00
0.00
0.00
0.00
0.00
0.00
0.00
0.00
0.00
0.00
0.00
0.00
0.00
43.00
0.00
0.00
0.00
34.00
0.00
99.00
62.00
607.00
25.00
158.00
0.00
6.00
8.00
0.00
0.00
0.00
0.00
0.00
0.00
0.00
0.00
0.00
0.00
0.00
318.00
0.00
0.00
0.00
0.00
0.00
0.00
2.00
0.00
0.00
0.00
0.00
0.00
0.00
0.00
13.00
0.00
0.00
34.00
12.00
0.00
0.00
0.00
0.00
0.00
0.00
0.00
0.00
14.00
30.00
70.00
0.00
129.00
44.00
0.00
18.00
0.00
0.00
85.00
78.00
79.00
41.00
0.00
0.00
44.00
2.00
0.00
58.00
0.00
0.00
320.00
32.00
41.00
12.00
379.00
57.00
0.00
0.00
67.00
19.00
1.00
36.00
247.00
408.00
37.00
32.00
9.00
40.00
650.00
804.00
325.00
247.00
613.00
460.00
179.00
0.00
170.00
4.00
42.00
94.00
63.00
123.00
124.00
622.00
31.00
10.00
190.00
169.00
0.00
0.00
0.00
21.00
89.00
92.00
98.00
51.00
50.00
0.00
178.00
140.00
7.00
16.00
208.00
668.00
395.00
465.00
1867.00
36.00
57.00
642.00
0.00
66.00
31.00
213.00
3.00
4.00
6.00
88.00
116.00
11.00
44.00
45.00
5.00
1.00
0.00
0.00
115.00
298.00
113.00
13.00
20.00
57.00
3.00
19.00
57.00
39.00
29.00
263.00
95.00
110.00
3.00
5.00
19.00
10.00
56.00
39.00
31.00
224.00
95.00
0.00
14.00
23.00
25.00
21.00
33.00
33.00
33.00
35.00
23.00
230.00
249.00
191.00
15.00
263.00
61.00
34.00
117.00
180.00
386.00
217.00
384.00
236.00
46.00
128.00
35.00
26.00
97.00
8.00
19.00
19.00
144.00
97.00
67.00
0.00
0.00
0.00
45.00
39.00
0.00
14.00
338.00
32.00
0.00
0.00
0.00
122.00
4.00
58.00
103.00
0.00
0.00
43.00
0.00
2.00
149.00
108.00
82.00
4.00
1.00
17.00
40.00
45.00
13.00
2.00
0.00
0.00
0.00
0.00
0.00
2.00
0.00
0.00
0.00
0.00
0.00
84.00
119.00
492.00
302.00
69.00
1.00
0.00
0.00
0.00
0.00
0.00
4.00
0.00
0.00
0.00
0.00
0.00
0.00
3.00
71.00
246.00
100.00
30.00
0.00
0.00
0.00
0.00
0.00
0.00
0.00
0.00
0.00
0.00
0.00
0.00
0.00
0.00
0.00
0.00
0.00
0.00
0.00
0.00
0.00
0.00
0.00
0.00
0.00
0.00
0.00
0.00
0.00
0.00
0.00
0.00
0.00
0.00
0.00
0.00
0.00
0.00
0.00
0.00
0.00
0.00
0.00
0.00
2.00
35.00
41.00
3.00
0.00
0.00
0.00
0.00
0.00
0.00
0.00
0.00
0.00
0.00
0.00
0.00
0.00
0.00
0.00
0.00
0.00
0.00
0.00
2.00
0.00
0.00
0.00
0.00
1.00
0.00
0.00
0.00
0.00
0.00
4.00
0.00
0.00
0.00
0.00
0.00
0.00
0.00
0.00
0.00
0.00
0.00
1.00
0.00
0.00
0.00
0.00
0.00
0.00
0.00
0.00
0.00
0.00
0.00
0.00
0.00
0.00
0.00
0.00
4.00
7.00
0.00
0.00
0.00
0.00
0.00
0.00
2.30
95.40
67.00
63.10
29.80
3.10
0.00
0.20
0.90
20.40
0.00
0.00
0.00
0.00
0.00
0.00
0.00
0.00
2.60
1.00
3.40
57.40
2.40
0.00
0.00
0.00
0.80
0.00
0.00
0.00
0.00
0.50
0.00
0.00
0.00
39.10
33.70
112.30
8.60
0.00
1.80
7.60
0.10
43.10
36.50
0.40
4.90
0.00
3.80
0.00
0.00
0.00
0.20
0.00
0.00
0.00
0.00
0.20
0.00
0.00
0.00
0.00
0.00
0.00
0.00
0.00
0.00
0.20
10.50
64.70
0.00
0.00
0.00
0.00
0.00
0.00
0.00
0.00
14.00
0.00
3.00
23.90
28.90
0.00
0.70
0.70
0.00
8.20
8.20
121.70
29.40
0.00
0.00
0.00
0.00
0.00
0.00
45.70
3.70
17.20
13.50
0.10
0.00
12.10
0.40
10.80
0.00
0.00
25.00
40.60
61.70
9.70
0.20
0.00
5.90
28.10
8.40
8.60
1.00
0.00
0.10
3.50
1.90
5.60
1.10
1.40
4.40
0.00
0.20
0.00
4.60
1.20
19.50
34.40
44.10
103.90
103.90
30.80
30.80
22.80
0.00
0.00
0.00
5.30
0.00
0.00
0.00
1.90
0.00
3.60
0.50
53.20
6.10
3.00
2.90
0.00
34.60
1.40
1.00
1.70
21.80
13.50
34.70
10.10
5.40
14.10
1.60
0.70
22.50
31.30
11.20
31.10
30.20
0.50
1.30
0.00
1.10
13.60
7.30
15.30
26.90
26.80
2.60
0.70
0.00
1.70
1.80
49.10
11.00
118.60
37.50
5.50
25.10
9.10
4.50
0.40
3.40
8.30
7.00
6.20
8.60
1.20
0.40
1.60
3.00
0.20
0.00
1.50
0.70
28.60
36.90
14.60
16.00
19.40
0.00
0.10
0.30
14.50
6.20
6.20
27.40
0.00
0.00
0.70
20.40
6.40
0.60
18.40
19.10
0.00
0.00
0.00
0.00
0.00
0.00
0.10
0.00
0.00
0.00
0.30
13.20
1.40
0.30
0.30
1.60
