20160101
0.00
0.00
0.00
0.00
0.00
0.00
0.00
0.00
1.00
0.00
0.00
0.00
1.00
0.00
0.00
0.00
0.00
0.00
0.00
23.00
0.00
0.00
0.00
0.00
0.00
0.00
0.00
0.00
0.00
0.00
0.00
0.00
0.00
0.00
0.00
0.00
0.00
0.00
0.00
0.00
0.00
0.00
0.00
0.00
0.00
0.00
0.00
0.00
0.00
0.00
3.00
0.00
0.00
4.00
145.00
0.00
29.00
0.00
0.00
0.00
0.00
0.00
0.00
0.00
0.00
297.00
0.00
0.00
0.00
0.00
0.00
1.00
0.00
0.00
1.00
4.00
0.00
11.00
0.00
0.00
59.00
0.00
0.00
0.00
0.00
0.00
0.00
34.00
431.00
384.00
529.00
146.00
0.00
290.00
656.00
2.00
0.00
0.00
0.00
0.00
0.00
0.00
0.00
0.00
8.00
0.00
271.00
53.00
0.00
0.00
0.00
0.00
0.00
0.00
0.00
0.00
0.00
12.00
0.00
1.00
0.00
33.00
269.00
67.00
3.00
9.00
204.00
71.00
2.00
27.00
3.00
6.00
235.00
343.00
11.00
53.00
0.00
61.00
16.00
77.00
553.00
885.00
0.00
0.00
249.00
102.00
58.00
21.00
759.00
164.00
14.00
130.00
5.00
0.00
0.00
1.00
1.00
29.00
194.00
5.00
4.00
0.00
573.00
81.00
21.00
14.00
9.00
30.00
75.00
0.00
13.00
0.00
1.00
82.00
79.00
5.00
5.00
174.00
19.00
187.00
13.00
0.00
58.00
60.00
235.00
66.00
25.00
33.00
182.00
97.00
41.00
28.00
0.00
4.00
0.00
4.00
159.00
166.00
240.00
202.00
172.00
20.00
0.00
5.00
45.00
9.00
41.00
9.00
34.00
62.00
119.00
103.00
377.00
234.00
63.00
51.00
20.00
60.00
4.00
1.00
16.00
26.00
299.00
0.00
2.00
394.00
233.00
167.00
322.00
19.00
0.00
0.00
102.00
29.00
0.00
0.00
0.00
926.00
32.00
218.00
229.00
1.00
117.00
255.00
34.00
146.00
40.00
5.00
44.00
19.00
0.00
0.00
15.00
35.00
103.00
186.00
223.00
40.00
0.00
21.00
23.00
3.00
153.00
38.00
17.00
173.00
32.00
45.00
47.00
51.00
57.00
223.00
0.00
612.00
4.00
128.00
0.00
37.00
151.00
51.00
190.00
25.00
0.00
75.00
62.00
42.00
0.00
0.00
0.00
0.00
0.00
0.00
0.00
0.00
0.00
0.00
0.00
0.00
0.00
0.00
49.00
8.00
138.00
0.00
0.00
0.00
0.00
52.00
322.00
426.00
85.00
0.00
0.00
0.00
0.00
0.00
0.00
0.00
0.00
0.00
0.00
0.00
0.00
0.00
0.00
0.00
0.00
0.00
0.00
0.00
0.00
0.00
0.00
0.00
0.00
0.00
0.00
0.00
0.00
0.00
0.00
19.00
0.00
0.00
0.00
0.00
0.00
0.00
0.00
0.00
0.00
0.00
0.00
0.00
0.00
0.00
0.00
0.00
0.00
0.00
0.00
0.00
0.00
0.00
0.00
0.00
0.00
0.00
0.00
0.00
0.00
0.00
0.00
0.00
0.00
0.00
0.00
0.00
0.00
0.00
0.00
0.00
0.00
0.00
0.00
0.00
0.00
0.00
0.00
0.00
0.00
0.00
2.00
0.00
0.00
0.00
0.00
0.00
0.00
0.00
0.00
0.00
0.00
0.00
0.00
0.00
0.00
0.00
0.00
0.00
0.00
0.00
0.00
0.00
0.00
0.00
0.00
0.00
0.00
0.00
0.00
0.00
0.00
0.00
0.00
0.00
0.00
0.00
5.00
141.00
0.00
0.00
135.00
2.00
118.00
213.00
0.00
0.00
0.00
0.00
0.00
0.00
89.00
2.00
40.00
0.00
0.00
0.00
0.00
132.00
0.00
0.00
30.00
224.00
400.00
0.00
0.00
0.00
137.00
0.00
433.00
0.00
0.00
0.00
0.00
0.00
0.00
0.00
0.00
0.00
0.00
0.00
0.00
35.00
768.00
13.00
127.00
1302.00
81.00
323.00
318.00
0.00
4.00
0.00
121.00
0.00
359.00
0.00
0.00
0.00
0.00
14.00
0.00
0.00
108.00
0.00
0.00
0.00
140.00
111.00
510.00
6.00
103.00
0.00
57.00
0.00
0.00
0.00
0.00
0.00
0.00
82.00
0.00
34.00
183.00
265.00
31.00
482.00
7.00
3.00
189.00
42.00
0.00
2.00
149.00
109.00
321.00
246.00
434.00
65.00
0.00
91.00
322.00
221.00
292.00
385.00
20.00
0.00
10.00
12.00
84.00
46.00
25.00
9.00
61.00
25.00
90.00
238.00
55.00
257.00
433.00
83.00
2.00
12.00
4.00
63.00
261.00
145.00
152.00
158.00
50.00
75.00
162.00
128.00
21.00
294.00
855.00
343.00
20.00
64.00
413.00
84.00
224.00
26.00
118.00
89.00
15.00
7.00
8.00
182.00
109.00
159.00
100.00
9.00
18.00
1.00
41.00
176.00
532.00
484.00
56.00
185.00
46.00
16.00
151.00
204.00
110.00
136.00
234.00
177.00
108.00
92.00
82.00
88.00
214.00
68.00
108.00
170.00
213.00
278.00
58.00
523.00
22.00
0.00
136.00
139.00
67.00
50.00
241.00
804.00
28.00
71.00
2.00
0.00
79.00
75.00
225.00
236.00
17.00
14.00
0.00
3.00
18.00
78.00
66.00
284.00
107.00
97.00
102.00
179.00
3.00
39.00
13.00
22.00
87.00
7.00
24.00
111.00
0.00
0.00
10.00
0.00
0.00
1.00
0.00
70.00
192.00
560.00
1000.00
731.00
0.00
0.00
0.00
0.00
0.00
0.00
1.00
32.00
132.00
0.00
0.00
0.00
0.00
0.00
0.00
0.00
0.00
0.00
0.00
0.00
0.00
124.00
0.00
4.00
334.00
59.00
1.00
0.00
0.00
0.00
0.00
0.00
0.00
0.00
0.00
0.00
0.00
0.00
0.00
0.00
0.00
0.00
0.00
0.00
0.00
1.00
13.00
413.00
498.00
146.00
0.00
0.00
0.00
0.00
0.00
0.00
0.00
0.00
0.00
0.00
0.00
0.00
0.00
0.00
0.00
0.00
0.00
0.00
0.00
0.00
22.00
321.00
0.00
0.00
0.00
0.00
0.00
0.00
0.00
0.00
0.00
0.00
0.00
0.00
0.00
0.00
0.00
0.00
0.00
0.00
0.00
0.00
0.00
0.00
0.00
0.00
0.00
0.00
0.00
0.00
0.00
0.00
0.00
0.00
0.00
0.00
0.00
0.00
600.00
387.00
608.00
79.00
253.00
0.00
70.00
89.00
0.00
0.00
0.00
0.00
0.00
2.00
0.00
0.00
0.00
0.00
0.00
242.00
0.00
0.00
0.00
0.00
0.00
0.00
19.00
0.00
0.00
0.00
0.00
0.00
0.00
0.00
4.00
0.00
20.00
41.00
11.00
0.00
0.00
0.00
0.00
0.00
0.00
0.00
0.00
108.00
0.00
10.00
0.00
280.00
124.00
0.00
65.00
0.00
0.00
57.00
184.00
344.00
1.00
0.00
0.00
69.00
26.00
0.00
276.00
0.00
24.00
229.00
140.00
133.00
182.00
472.00
80.00
0.00
0.00
43.00
155.00
1.00
0.00
309.00
94.00
5.00
255.00
22.00
120.00
1036.00
249.00
168.00
87.00
356.00
318.00
243.00
0.00
138.00
80.00
2.00
80.00
2.00
382.00
75.00
177.00
146.00
13.00
42.00
24.00
30.00
0.00
0.00
26.00
1.00
64.00
175.00
246.00
1.00
90.00
302.00
13.00
9.00
6.00
81.00
694.00
314.00
9.00
431.00
36.00
83.00
501.00
20.00
2.00
7.00
305.00
3.00
0.00
23.00
50.00
48.00
41.00
36.00
10.00
13.00
1.00
4.00
2.00
43.00
104.00
98.00
31.00
17.00
18.00
2.00
6.00
10.00
3.00
83.00
520.00
260.00
179.00
4.00
10.00
25.00
38.00
42.00
176.00
23.00
128.00
252.00
18.00
22.00
14.00
101.00
115.00
5.00
47.00
23.00
66.00
4.00
49.00
148.00
54.00
19.00
18.00
8.00
77.00
37.00
35.00
222.00
409.00
108.00
376.00
139.00
477.00
61.00
87.00
165.00
3.00
39.00
50.00
121.00
125.00
88.00
0.00
0.00
0.00
20.00
9.00
15.00
12.00
388.00
59.00
0.00
0.00
1.00
7.00
30.00
4.00
29.00
45.00
30.00
6.00
0.00
0.00
54.00
150.00
129.00
1.00
0.00
16.00
3.00
197.00
10.00
48.00
0.00
3.00
0.00
0.00
0.00
0.00
1.00
0.00
0.00
0.00
0.00
51.00
85.00
262.00
181.00
30.00
0.00
0.00
0.00
0.00
0.00
0.00
0.00
0.00
0.00
0.00
0.00
0.00
0.00
4.00
67.00
146.00
45.00
0.00
0.00
0.00
0.00
0.00
46.00
10.00
0.00
0.00
0.00
0.00
0.00
4.00
0.00
0.00
0.00
0.00
0.00
0.00
0.00
12.00
0.00
0.00
0.00
0.00
0.00
0.00
0.00
0.00
0.00
0.00
0.00
0.00
0.00
0.00
19.00
2.00
0.00
0.00
0.00
0.00
0.00
0.00
0.00
0.00
0.00
8.00
82.00
17.00
0.00
0.00
0.00
0.00
0.00
0.00
0.00
0.00
0.00
0.00
0.00
0.00
0.00
0.00
0.00
0.00
0.00
0.00
0.00
0.00
0.00
0.00
0.00
0.00
0.00
0.00
0.00
0.00
0.00
0.00
0.00
0.00
0.00
0.00
0.00
0.00
0.00
0.00
2.00
2.00
0.00
0.00
0.00
0.00
0.00
0.00
0.00
0.00
0.00
0.00
0.00
0.00
1.00
0.00
0.00
0.00
0.00
0.00
0.00
0.00
6.00
0.00
0.00
0.00
0.00
0.00
0.00
2.50
40.30
30.30
45.10
11.50
0.00
0.00
0.00
0.50
5.40
0.00
0.00
0.00
0.00
0.00
0.00
0.00
0.00
2.30
3.10
0.80
42.00
0.30
0.00
1.50
0.00
1.00
0.00
0.00
0.00
0.10
0.00
0.00
0.00
1.10
34.60
3.20
119.90
10.60
0.00
2.70
63.50
0.00
23.50
36.10
1.70
3.70
2.40
8.70
0.00
0.00
0.90
0.00
0.00
0.00
0.00
1.80
0.20
0.00
0.00
0.00
0.00
0.00
0.00
0.00
0.00
0.00
0.00
44.40
75.20
0.00
0.00
0.00
0.00
0.00
0.00
0.80
0.00
15.30
0.20
0.90
10.60
13.70
1.90
39.00
39.00
0.00
27.80
27.80
43.80
4.70
0.00
2.00
0.00
0.00
0.00
5.60
8.50
14.70
58.60
51.30
6.00
0.40
7.10
3.50
8.00
0.00
0.00
7.50
4.70
47.30
60.80
0.00
7.60
2.50
0.70
3.70
5.40
0.00
0.00
0.00
11.20
6.50
3.10
3.50
0.00
4.40
0.60
0.30
0.90
4.60
1.20
6.40
12.60
10.00
24.40
24.40
31.80
31.80
57.20
0.00
0.00
0.00
0.70
0.00
0.00
0.00
1.90
22.20
2.10
2.60
70.80
3.50
1.50
0.00
1.10
38.70
1.50
1.30
3.00
8.70
36.40
44.20
8.40
4.10
18.70
1.30
1.30
16.50
25.80
14.40
56.80
27.10
0.50
0.00
0.00
1.50
6.30
9.20
10.40
33.40
23.70
1.20
0.20
0.00
3.20
0.00
2.30
13.10
31.00
180.70
7.20
23.30
0.40
0.00
1.70
1.90
7.50
6.20
2.20
25.90
5.80
0.00
0.10
1.70
0.00
0.10
0.30
0.30
9.30
21.90
8.00
36.00
40.40
1.10
2.30
6.50
27.90
13.30
13.30
7.10
0.30
0.00
2.90
3.50
13.40
0.00
11.70
11.50
0.00
0.00
0.00
0.00
0.00
7.90
0.00
0.00
0.00
0.00
0.10
5.90
0.70
0.20
0.20
0.70
