20160101
0.00
0.00
0.00
0.00
0.00
0.00
0.00
0.00
0.00
0.00
0.00
0.00
0.00
0.00
0.00
0.00
0.00
0.00
0.00
20.00
0.00
0.00
0.00
0.00
0.00
0.00
0.00
0.00
0.00
0.00
0.00
0.00
0.00
0.00
0.00
0.00
0.00
2.00
31.00
0.00
0.00
0.00
0.00
0.00
0.00
0.00
0.00
0.00
0.00
0.00
2.00
0.00
0.00
0.00
42.00
0.00
71.00
0.00
0.00
5.00
0.00
1.00
0.00
0.00
0.00
0.00
0.00
0.00
0.00
1.00
0.00
0.00
0.00
0.00
47.00
0.00
0.00
0.00
4.00
8.00
0.00
0.00
0.00
0.00
0.00
0.00
0.00
0.00
0.00
93.00
550.00
6.00
25.00
73.00
0.00
199.00
0.00
0.00
2.00
0.00
0.00
0.00
0.00
0.00
0.00
0.00
0.00
0.00
0.00
0.00
0.00
0.00
0.00
0.00
0.00
0.00
0.00
10.00
0.00
0.00
0.00
23.00
301.00
1.00
3.00
1.00
0.00
395.00
11.00
4.00
0.00
0.00
1.00
311.00
2.00
0.00
0.00
60.00
66.00
225.00
319.00
132.00
0.00
0.00
252.00
89.00
73.00
4.00
90.00
0.00
263.00
20.00
1.00
0.00
0.00
0.00
27.00
3.00
23.00
11.00
2.00
0.00
1023.00
296.00
85.00
127.00
0.00
0.00
3.00
31.00
7.00
0.00
3.00
20.00
2.00
7.00
22.00
0.00
0.00
35.00
2.00
6.00
115.00
86.00
156.00
130.00
198.00
418.00
70.00
21.00
134.00
6.00
7.00
18.00
79.00
4.00
109.00
208.00
647.00
48.00
64.00
42.00
36.00
7.00
112.00
82.00
90.00
12.00
1.00
2.00
105.00
370.00
332.00
104.00
21.00
14.00
4.00
4.00
19.00
39.00
64.00
195.00
231.00
94.00
78.00
34.00
36.00
51.00
183.00
339.00
55.00
4.00
260.00
1804.00
21.00
17.00
7.00
157.00
22.00
25.00
299.00
44.00
24.00
56.00
301.00
121.00
86.00
24.00
10.00
9.00
10.00
15.00
10.00
51.00
159.00
129.00
131.00
3.00
5.00
15.00
89.00
1.00
25.00
159.00
45.00
21.00
67.00
113.00
27.00
39.00
20.00
321.00
0.00
29.00
0.00
80.00
0.00
97.00
18.00
20.00
15.00
103.00
164.00
57.00
8.00
0.00
0.00
0.00
0.00
0.00
0.00
0.00
0.00
0.00
0.00
0.00
0.00
4.00
0.00
47.00
199.00
113.00
2.00
0.00
0.00
0.00
4.00
152.00
710.00
503.00
0.00
0.00
0.00
0.00
0.00
0.00
0.00
0.00
0.00
0.00
0.00
0.00
0.00
0.00
0.00
0.00
0.00
0.00
0.00
0.00
0.00
0.00
62.00
0.00
0.00
14.00
0.00
0.00
0.00
0.00
0.00
0.00
0.00
0.00
0.00
0.00
0.00
0.00
0.00
0.00
0.00
0.00
0.00
0.00
0.00
0.00
0.00
0.00
0.00
0.00
0.00
0.00
0.00
0.00
0.00
0.00
54.00
0.00
0.00
0.00
0.00
0.00
0.00
0.00
0.00
0.00
0.00
0.00
0.00
0.00
0.00
0.00
0.00
0.00
0.00
0.00
0.00
0.00
0.00
0.00
0.00
0.00
35.00
0.00
0.00
0.00
0.00
0.00
0.00
0.00
0.00
0.00
0.00
0.00
0.00
0.00
0.00
0.00
0.00
0.00
0.00
0.00
0.00
0.00
0.00
0.00
0.00
0.00
0.00
0.00
0.00
0.00
0.00
0.00
0.00
0.00
0.00
0.00
0.00
0.00
12.00
0.00
46.00
0.00
216.00
89.00
0.00
0.00
0.00
0.00
0.00
0.00
27.00
5.00
177.00
4.00
0.00
0.00
0.00
1.00
3.00
0.00
11.00
58.00
0.00
0.00
0.00
0.00
1.00
0.00
53.00
0.00
2.00
0.00
0.00
0.00
0.00
0.00
0.00
0.00
0.00
0.00
0.00
22.00
204.00
7.00
73.00
401.00
390.00
78.00
0.00
0.00
44.00
0.00
12.00
12.00
196.00
0.00
0.00
0.00
3.00
1.00
0.00
0.00
239.00
0.00
6.00
0.00
10.00
0.00
451.00
0.00
796.00
8.00
0.00
0.00
0.00
0.00
0.00
0.00
0.00
393.00
0.00
26.00
343.00
104.00
867.00
1690.00
220.00
0.00
0.00
945.00
0.00
3.00
143.00
6.00
35.00
741.00
363.00
7.00
129.00
162.00
171.00
175.00
129.00
602.00
7.00
9.00
27.00
0.00
1.00
0.00
0.00
8.00
10.00
3.00
87.00
67.00
248.00
367.00
121.00
423.00
39.00
2.00
2.00
7.00
505.00
417.00
211.00
4.00
10.00
4.00
236.00
237.00
99.00
252.00
745.00
32.00
23.00
28.00
392.00
325.00
154.00
68.00
3.00
28.00
23.00
5.00
19.00
285.00
183.00
118.00
70.00
62.00
92.00
11.00
2.00
131.00
260.00
705.00
71.00
339.00
70.00
126.00
35.00
40.00
14.00
11.00
190.00
203.00
43.00
6.00
4.00
146.00
99.00
13.00
165.00
25.00
113.00
33.00
43.00
38.00
44.00
5.00
1.00
2.00
9.00
31.00
75.00
398.00
12.00
1.00
0.00
1.00
18.00
102.00
274.00
212.00
64.00
3.00
1.00
0.00
1.00
7.00
107.00
48.00
616.00
265.00
45.00
125.00
124.00
0.00
1.00
1.00
1.00
1.00
156.00
363.00
0.00
0.00
0.00
0.00
0.00
0.00
0.00
0.00
1.00
36.00
1340.00
204.00
0.00
0.00
24.00
0.00
0.00
0.00
0.00
3.00
15.00
0.00
0.00
0.00
0.00
0.00
0.00
0.00
0.00
0.00
0.00
0.00
1.00
86.00
0.00
21.00
439.00
62.00
39.00
0.00
0.00
0.00
0.00
0.00
0.00
0.00
0.00
0.00
0.00
0.00
0.00
0.00
0.00
0.00
0.00
0.00
0.00
0.00
9.00
82.00
97.00
0.00
0.00
0.00
0.00
0.00
0.00
0.00
0.00
0.00
0.00
0.00
0.00
0.00
0.00
0.00
0.00
0.00
0.00
0.00
0.00
0.00
0.00
73.00
0.00
0.00
0.00
0.00
0.00
0.00
0.00
0.00
0.00
0.00
0.00
0.00
0.00
0.00
0.00
0.00
0.00
0.00
0.00
0.00
0.00
0.00
0.00
0.00
0.00
0.00
0.00
0.00
0.00
0.00
0.00
0.00
0.00
0.00
0.00
0.00
697.00
336.00
701.00
416.00
122.00
13.00
171.00
200.00
0.00
0.00
0.00
0.00
0.00
5.00
0.00
0.00
0.00
0.00
153.00
264.00
0.00
0.00
0.00
0.00
0.00
0.00
109.00
0.00
0.00
0.00
0.00
0.00
0.00
0.00
0.00
0.00
141.00
139.00
12.00
0.00
0.00
0.00
0.00
0.00
101.00
30.00
118.00
0.00
0.00
0.00
0.00
183.00
357.00
11.00
53.00
0.00
0.00
243.00
44.00
706.00
3.00
7.00
0.00
60.00
224.00
0.00
98.00
0.00
2.00
68.00
0.00
67.00
0.00
9.00
167.00
42.00
0.00
38.00
11.00
0.00
0.00
184.00
99.00
0.00
192.00
2.00
264.00
822.00
0.00
0.00
0.00
0.00
77.00
196.00
0.00
43.00
0.00
0.00
41.00
0.00
191.00
0.00
29.00
243.00
0.00
331.00
0.00
55.00
0.00
0.00
0.00
0.00
47.00
360.00
199.00
0.00
22.00
3.00
1.00
0.00
0.00
5.00
784.00
299.00
132.00
253.00
2.00
4.00
12.00
139.00
0.00
0.00
396.00
29.00
3.00
0.00
35.00
39.00
47.00
14.00
22.00
5.00
6.00
1.00
52.00
16.00
227.00
138.00
1.00
1.00
1.00
3.00
19.00
1.00
2.00
14.00
103.00
91.00
19.00
0.00
28.00
1.00
394.00
20.00
44.00
44.00
463.00
168.00
423.00
185.00
26.00
144.00
11.00
28.00
40.00
37.00
18.00
8.00
8.00
35.00
127.00
5.00
20.00
3.00
5.00
7.00
10.00
5.00
76.00
22.00
12.00
161.00
58.00
177.00
94.00
35.00
3.00
41.00
23.00
22.00
9.00
12.00
18.00
21.00
1.00
1.00
1.00
164.00
237.00
96.00
1.00
24.00
0.00
0.00
8.00
42.00
117.00
87.00
15.00
66.00
1.00
0.00
0.00
5.00
102.00
64.00
95.00
0.00
0.00
1.00
22.00
0.00
23.00
0.00
0.00
0.00
0.00
0.00
0.00
0.00
0.00
0.00
0.00
0.00
6.00
259.00
65.00
331.00
23.00
0.00
0.00
0.00
0.00
0.00
0.00
0.00
0.00
0.00
0.00
0.00
0.00
0.00
0.00
28.00
24.00
6.00
0.00
0.00
0.00
0.00
0.00
36.00
1.00
0.00
0.00
0.00
0.00
0.00
4.00
0.00
0.00
0.00
0.00
0.00
0.00
0.00
11.00
0.00
0.00
0.00
0.00
0.00
0.00
0.00
0.00
0.00
0.00
0.00
0.00
0.00
0.00
0.00
2.00
0.00
0.00
0.00
0.00
0.00
0.00
0.00
0.00
0.00
52.00
98.00
19.00
0.00
0.00
0.00
0.00
0.00
0.00
0.00
0.00
0.00
0.00
0.00
0.00
0.00
0.00
0.00
0.00
0.00
0.00
0.00
0.00
0.00
0.00
0.00
0.00
0.00
0.00
0.00
0.00
0.00
0.00
0.00
0.00
0.00
0.00
0.00
0.00
0.00
0.00
2.00
2.00
1.00
0.00
0.00
0.00
0.00
0.00
0.00
0.00
0.00
0.00
0.00
1.00
0.00
0.00
0.00
0.00
0.00
0.00
0.00
2.00
0.00
0.00
0.00
0.00
0.00
0.20
0.00
4.00
44.90
54.80
52.20
11.80
0.00
0.00
0.00
1.00
12.50
0.00
0.00
0.00
0.00
0.00
0.00
0.00
0.00
4.60
3.50
0.00
72.70
4.60
0.00
0.00
0.00
1.70
0.00
0.00
0.00
0.40
0.40
0.00
0.00
0.00
51.40
0.00
12.80
8.90
0.00
2.00
53.60
1.20
0.10
56.50
26.60
3.00
1.00
17.30
0.00
0.00
12.90
0.00
0.00
0.00
0.00
4.50
0.00
0.00
0.00
0.00
0.00
4.60
0.00
0.00
0.10
0.10
0.00
90.40
0.30
0.00
0.00
0.00
0.00
0.00
0.00
0.00
0.00
2.00
1.10
0.00
0.00
0.00
0.00
3.60
3.60
0.00
32.20
32.20
28.90
3.20
0.00
0.00
0.00
0.00
0.20
0.20
0.00
4.20
5.80
1.60
219.50
6.30
0.40
3.20
11.20
0.00
0.00
0.00
1.10
1.80
127.50
0.00
0.40
0.40
1.10
0.00
0.30
0.50
0.00
0.00
0.80
1.60
4.90
0.20
0.00
2.80
0.00
3.60
1.50
0.10
8.00
43.20
9.80
1.80
4.40
4.40
31.80
31.80
19.70
0.00
0.00
0.60
0.00
0.00
0.00
0.00
0.10
0.60
2.10
16.90
20.50
12.60
1.60
0.00
0.90
4.30
8.20
1.20
0.50
2.70
7.60
24.60
11.10
5.70
28.10
2.60
0.50
20.50
25.90
42.50
54.80
17.90
17.10
8.30
0.10
3.60
1.30
1.10
37.70
39.00
15.90
1.20
1.30
0.00
0.80
0.00
0.60
2.20
21.70
27.50
1.20
4.50
0.10
0.10
1.10
8.50
6.70
0.40
6.60
16.30
1.80
0.60
1.50
0.90
0.10
0.00
0.00
10.80
12.70
39.10
0.30
9.00
39.90
4.70
2.40
20.50
9.90
4.30
4.30
23.70
0.10
6.90
0.10
26.50
1.90
0.10
23.70
17.80
0.00
1.00
0.20
0.10
0.40
6.70
0.00
0.00
0.20
0.00
0.10
3.20
1.30
0.10
0.00
2.30
