20160101
1.00
0.00
0.00
0.00
0.00
0.00
0.00
0.00
0.00
0.00
0.00
0.00
0.00
0.00
0.00
0.00
0.00
0.00
0.00
22.00
0.00
0.00
0.00
0.00
0.00
0.00
0.00
0.00
0.00
0.00
0.00
0.00
0.00
0.00
0.00
0.00
0.00
0.00
13.00
0.00
0.00
45.00
2.00
0.00
0.00
0.00
0.00
0.00
0.00
0.00
1.00
0.00
0.00
9.00
105.00
0.00
15.00
0.00
0.00
0.00
0.00
0.00
0.00
0.00
0.00
274.00
0.00
0.00
0.00
2.00
0.00
1.00
0.00
0.00
0.00
0.00
0.00
590.00
0.00
0.00
5.00
0.00
0.00
0.00
0.00
0.00
0.00
4.00
181.00
403.00
371.00
2.00
48.00
62.00
4.00
3.00
0.00
0.00
1.00
0.00
0.00
0.00
0.00
0.00
0.00
0.00
60.00
0.00
0.00
0.00
0.00
0.00
0.00
0.00
0.00
0.00
0.00
1.00
0.00
0.00
0.00
4.00
495.00
1.00
2.00
2.00
262.00
96.00
6.00
5.00
21.00
0.00
8.00
1321.00
1.00
44.00
0.00
16.00
89.00
163.00
587.00
1270.00
0.00
0.00
178.00
213.00
77.00
0.00
139.00
3.00
52.00
354.00
0.00
0.00
0.00
0.00
9.00
17.00
167.00
1.00
7.00
0.00
1802.00
211.00
78.00
2.00
2.00
4.00
20.00
9.00
24.00
0.00
1.00
32.00
37.00
10.00
9.00
24.00
1.00
133.00
19.00
3.00
249.00
88.00
125.00
58.00
42.00
241.00
169.00
57.00
17.00
33.00
1.00
22.00
8.00
10.00
255.00
291.00
964.00
239.00
177.00
54.00
1.00
10.00
50.00
15.00
55.00
2.00
5.00
14.00
223.00
291.00
577.00
113.00
16.00
55.00
4.00
22.00
7.00
13.00
8.00
130.00
183.00
112.00
5.00
192.00
118.00
155.00
237.00
100.00
14.00
0.00
326.00
232.00
1.00
4.00
48.00
571.00
80.00
187.00
414.00
14.00
23.00
246.00
47.00
186.00
76.00
22.00
59.00
14.00
6.00
16.00
81.00
20.00
118.00
199.00
378.00
11.00
3.00
24.00
53.00
11.00
55.00
47.00
95.00
165.00
10.00
97.00
157.00
129.00
106.00
290.00
0.00
172.00
1.00
3.00
6.00
921.00
69.00
22.00
104.00
12.00
0.00
73.00
29.00
38.00
0.00
0.00
0.00
0.00
0.00
0.00
0.00
0.00
0.00
0.00
0.00
3.00
0.00
0.00
120.00
12.00
11.00
0.00
1.00
0.00
0.00
20.00
343.00
338.00
0.00
0.00
0.00
0.00
0.00
0.00
0.00
0.00
0.00
0.00
0.00
0.00
0.00
0.00
0.00
0.00
0.00
0.00
0.00
0.00
0.00
0.00
0.00
0.00
0.00
3.00
0.00
0.00
0.00
0.00
0.00
0.00
0.00
0.00
0.00
0.00
0.00
0.00
0.00
0.00
0.00
0.00
0.00
0.00
0.00
0.00
0.00
0.00
0.00
0.00
0.00
0.00
0.00
0.00
0.00
0.00
0.00
0.00
0.00
0.00
0.00
0.00
0.00
0.00
0.00
0.00
0.00
0.00
0.00
0.00
0.00
0.00
0.00
0.00
0.00
0.00
0.00
0.00
0.00
0.00
0.00
0.00
6.00
0.00
0.00
0.00
0.00
0.00
0.00
0.00
0.00
0.00
0.00
0.00
0.00
0.00
0.00
0.00
0.00
0.00
0.00
0.00
0.00
0.00
0.00
0.00
0.00
0.00
0.00
0.00
0.00
0.00
0.00
0.00
0.00
0.00
0.00
0.00
2.00
148.00
15.00
0.00
145.00
4.00
163.00
274.00
0.00
0.00
0.00
0.00
0.00
0.00
287.00
8.00
45.00
0.00
0.00
0.00
0.00
37.00
0.00
0.00
20.00
21.00
82.00
36.00
0.00
0.00
50.00
12.00
360.00
0.00
0.00
0.00
0.00
0.00
0.00
0.00
0.00
0.00
3.00
0.00
0.00
23.00
600.00
0.00
209.00
957.00
72.00
169.00
54.00
0.00
3.00
0.00
48.00
1.00
162.00
0.00
0.00
0.00
0.00
5.00
0.00
0.00
124.00
0.00
2.00
0.00
41.00
113.00
940.00
20.00
172.00
6.00
19.00
0.00
0.00
0.00
0.00
0.00
0.00
36.00
0.00
0.00
141.00
347.00
231.00
735.00
79.00
0.00
9.00
435.00
0.00
0.00
69.00
2.00
77.00
227.00
417.00
60.00
0.00
74.00
817.00
160.00
130.00
682.00
14.00
121.00
110.00
2.00
43.00
3.00
4.00
19.00
20.00
9.00
45.00
191.00
90.00
259.00
381.00
120.00
0.00
4.00
9.00
49.00
126.00
244.00
308.00
27.00
75.00
52.00
173.00
460.00
260.00
388.00
613.00
284.00
80.00
77.00
317.00
252.00
107.00
78.00
22.00
81.00
37.00
0.00
1.00
166.00
38.00
97.00
116.00
1.00
27.00
1.00
23.00
202.00
239.00
352.00
90.00
457.00
207.00
106.00
103.00
164.00
36.00
52.00
341.00
128.00
51.00
41.00
12.00
130.00
168.00
10.00
52.00
134.00
242.00
94.00
19.00
316.00
69.00
21.00
0.00
50.00
22.00
222.00
637.00
938.00
1.00
5.00
2.00
0.00
14.00
495.00
239.00
153.00
45.00
65.00
0.00
8.00
24.00
38.00
60.00
227.00
158.00
78.00
82.00
125.00
6.00
1.00
0.00
2.00
23.00
8.00
19.00
155.00
0.00
0.00
5.00
0.00
4.00
80.00
0.00
0.00
87.00
590.00
952.00
497.00
0.00
0.00
0.00
0.00
0.00
0.00
0.00
31.00
91.00
0.00
0.00
0.00
0.00
0.00
0.00
0.00
0.00
0.00
0.00
0.00
0.00
105.00
0.00
10.00
394.00
55.00
19.00
0.00
0.00
0.00
0.00
0.00
0.00
0.00
0.00
0.00
0.00
0.00
0.00
0.00
0.00
0.00
0.00
0.00
0.00
1.00
16.00
332.00
429.00
96.00
0.00
0.00
0.00
0.00
0.00
0.00
0.00
0.00
0.00
0.00
0.00
0.00
0.00
0.00
0.00
0.00
0.00
0.00
0.00
0.00
19.00
318.00
0.00
0.00
0.00
0.00
0.00
0.00
0.00
0.00
0.00
0.00
0.00
0.00
0.00
0.00
0.00
0.00
0.00
0.00
0.00
0.00
0.00
0.00
0.00
0.00
0.00
0.00
0.00
0.00
0.00
0.00
0.00
0.00
0.00
0.00
0.00
0.00
664.00
448.00
850.00
218.00
55.00
0.00
133.00
144.00
0.00
0.00
0.00
0.00
0.00
5.00
0.00
0.00
0.00
0.00
27.00
470.00
0.00
0.00
0.00
0.00
0.00
0.00
39.00
0.00
0.00
0.00
0.00
0.00
0.00
0.00
0.00
0.00
71.00
94.00
1.00
0.00
0.00
0.00
0.00
0.00
0.00
0.00
31.00
0.00
0.00
32.00
0.00
276.00
280.00
0.00
29.00
0.00
0.00
14.00
120.00
291.00
3.00
0.00
4.00
117.00
104.00
0.00
411.00
0.00
63.00
333.00
16.00
263.00
6.00
118.00
105.00
0.00
0.00
0.00
42.00
0.00
0.00
420.00
99.00
16.00
278.00
0.00
197.00
1844.00
67.00
36.00
8.00
2.00
320.00
568.00
0.00
111.00
4.00
69.00
180.00
0.00
226.00
339.00
85.00
1184.00
57.00
51.00
1.00
9.00
0.00
0.00
1.00
0.00
112.00
320.00
376.00
2.00
26.00
212.00
8.00
0.00
7.00
386.00
361.00
357.00
109.00
545.00
15.00
19.00
349.00
136.00
10.00
0.00
219.00
1.00
0.00
2.00
33.00
78.00
55.00
31.00
5.00
8.00
17.00
5.00
1.00
6.00
265.00
100.00
31.00
32.00
15.00
0.00
4.00
0.00
30.00
38.00
291.00
242.00
63.00
0.00
31.00
6.00
17.00
30.00
134.00
30.00
444.00
231.00
182.00
12.00
55.00
155.00
30.00
0.00
45.00
5.00
80.00
40.00
13.00
76.00
76.00
7.00
0.00
0.00
20.00
8.00
24.00
72.00
261.00
49.00
163.00
225.00
148.00
45.00
95.00
107.00
1.00
9.00
60.00
81.00
60.00
50.00
10.00
2.00
1.00
6.00
4.00
65.00
0.00
122.00
5.00
1.00
0.00
0.00
0.00
19.00
18.00
72.00
117.00
6.00
9.00
1.00
0.00
10.00
66.00
184.00
15.00
0.00
7.00
1.00
102.00
22.00
57.00
0.00
0.00
0.00
0.00
0.00
0.00
0.00
0.00
0.00
0.00
0.00
10.00
256.00
213.00
278.00
100.00
0.00
0.00
0.00
0.00
0.00
0.00
0.00
0.00
0.00
0.00
0.00
0.00
0.00
19.00
67.00
92.00
19.00
0.00
0.00
0.00
0.00
0.00
38.00
1.00
0.00
0.00
0.00
0.00
0.00
8.00
0.00
0.00
0.00
0.00
0.00
0.00
0.00
7.00
0.00
0.00
0.00
0.00
0.00
0.00
0.00
0.00
0.00
0.00
0.00
0.00
0.00
0.00
5.00
1.00
0.00
0.00
0.00
0.00
0.00
0.00
0.00
0.00
0.00
12.00
106.00
22.00
0.00
0.00
0.00
0.00
0.00
0.00
0.00
0.00
0.00
0.00
0.00
0.00
0.00
0.00
0.00
0.00
0.00
0.00
0.00
0.00
0.00
0.00
0.00
0.00
0.00
0.00
0.00
0.00
0.00
0.00
0.00
0.00
0.00
0.00
0.00
0.00
0.00
0.00
0.00
0.00
1.00
0.00
0.00
0.00
0.00
0.00
0.00
0.00
0.00
0.00
0.00
1.00
1.00
0.00
0.00
0.00
0.00
0.00
0.00
2.00
2.00
0.00
0.00
0.00
0.00
0.00
0.00
2.90
43.10
34.10
47.70
10.10
0.00
0.00
0.00
0.60
3.60
0.00
0.00
0.00
0.00
0.00
0.00
0.00
0.00
0.20
6.50
0.60
46.30
0.40
0.10
4.20
0.00
1.10
0.00
0.00
0.00
0.30
0.00
0.00
0.00
0.10
34.60
0.50
99.50
14.10
0.00
0.30
78.20
0.10
3.70
23.80
3.50
6.80
2.30
26.10
0.00
0.00
4.70
0.00
0.00
0.00
0.00
3.70
0.00
0.00
0.00
0.00
0.00
0.00
0.00
0.00
0.00
0.00
0.00
112.10
37.70
0.00
0.00
0.00
0.00
0.00
0.00
0.20
0.00
27.60
0.50
0.00
0.00
0.40
0.00
2.20
2.20
0.00
37.00
37.00
62.60
3.50
0.00
0.10
0.00
0.00
12.00
10.30
10.70
28.90
8.50
52.70
9.30
1.10
0.70
2.20
4.40
0.00
0.00
0.00
26.10
22.40
103.30
0.00
51.00
3.50
3.00
0.80
2.00
1.10
0.00
0.00
2.90
2.60
1.50
2.60
0.10
0.30
4.10
6.90
0.90
0.90
5.30
3.50
13.00
18.50
18.60
18.60
36.90
36.90
43.70
0.70
0.70
0.90
4.80
0.70
0.70
0.70
1.10
7.30
2.10
11.50
66.20
4.40
3.20
1.00
6.30
57.50
13.60
1.40
5.40
0.50
27.50
37.80
10.80
3.50
23.30
3.60
1.20
21.00
25.60
59.80
96.90
32.70
3.70
1.30
0.10
0.70
4.80
1.30
5.60
23.60
11.60
1.20
0.40
0.10
4.10
0.00
1.10
9.50
48.20
45.30
6.00
15.30
0.80
0.20
0.30
11.10
1.30
2.80
1.30
38.90
6.50
0.10
0.20
0.00
0.10
0.10
0.10
0.50
21.40
4.20
4.20
22.70
36.70
6.00
1.20
16.80
13.80
12.70
12.70
7.00
0.10
0.20
13.30
12.30
1.80
1.00
5.50
13.80
0.00
0.10
0.00
0.00
0.00
9.90
0.00
0.00
0.00
0.00
0.20
5.10
1.20
0.00
0.20
2.80
