20160101
0.00
0.00
0.00
0.00
0.00
0.00
0.00
0.00
1.00
0.00
0.00
0.00
3.00
0.00
0.00
0.00
0.00
0.00
0.00
3.00
0.00
0.00
0.00
0.00
0.00
0.00
0.00
0.00
0.00
0.00
0.00
0.00
0.00
0.00
0.00
0.00
0.00
2.00
0.00
0.00
0.00
2.00
15.00
0.00
0.00
0.00
0.00
0.00
0.00
0.00
0.00
0.00
0.00
148.00
54.00
0.00
15.00
0.00
0.00
0.00
0.00
3.00
0.00
31.00
0.00
112.00
0.00
1.00
8.00
0.00
0.00
0.00
0.00
0.00
0.00
57.00
0.00
0.00
3.00
0.00
104.00
0.00
56.00
0.00
0.00
0.00
0.00
596.00
2.00
89.00
415.00
97.00
0.00
154.00
685.00
772.00
183.00
0.00
0.00
0.00
0.00
0.00
0.00
20.00
108.00
74.00
413.00
404.00
0.00
77.00
95.00
187.00
388.00
0.00
6.00
99.00
5.00
18.00
16.00
0.00
29.00
67.00
376.00
53.00
237.00
9.00
9.00
6.00
0.00
0.00
1.00
1.00
57.00
121.00
13.00
139.00
0.00
215.00
355.00
25.00
259.00
1102.00
10.00
0.00
0.00
17.00
0.00
0.00
12.00
58.00
7.00
2.00
0.00
5.00
0.00
585.00
2.00
25.00
65.00
6.00
22.00
458.00
42.00
44.00
4.00
0.00
137.00
108.00
381.00
15.00
3.00
5.00
20.00
28.00
0.00
8.00
29.00
8.00
47.00
9.00
106.00
13.00
49.00
34.00
30.00
13.00
6.00
9.00
15.00
41.00
153.00
170.00
75.00
0.00
1.00
36.00
250.00
63.00
39.00
2.00
10.00
6.00
0.00
47.00
167.00
78.00
298.00
13.00
35.00
16.00
113.00
9.00
31.00
1.00
0.00
69.00
23.00
106.00
62.00
285.00
129.00
31.00
9.00
46.00
109.00
23.00
82.00
29.00
12.00
23.00
10.00
3.00
337.00
9.00
0.00
7.00
0.00
542.00
22.00
0.00
0.00
15.00
290.00
331.00
64.00
12.00
30.00
61.00
45.00
32.00
182.00
1.00
29.00
2.00
61.00
386.00
455.00
99.00
0.00
633.00
222.00
91.00
69.00
205.00
308.00
103.00
248.00
7.00
50.00
17.00
164.00
266.00
0.00
256.00
1.00
6.00
0.00
96.00
115.00
325.00
174.00
35.00
0.00
30.00
177.00
211.00
6.00
0.00
0.00
0.00
0.00
0.00
0.00
0.00
0.00
0.00
0.00
0.00
0.00
0.00
123.00
8.00
110.00
131.00
3.00
0.00
22.00
11.00
152.00
553.00
132.00
0.00
0.00
0.00
0.00
0.00
0.00
0.00
0.00
0.00
0.00
0.00
0.00
0.00
0.00
0.00
0.00
0.00
0.00
0.00
0.00
0.00
0.00
0.00
0.00
0.00
0.00
0.00
0.00
0.00
0.00
0.00
0.00
0.00
0.00
0.00
0.00
0.00
0.00
0.00
0.00
0.00
0.00
0.00
0.00
0.00
0.00
0.00
0.00
0.00
0.00
0.00
0.00
0.00
0.00
0.00
0.00
0.00
0.00
0.00
0.00
0.00
0.00
0.00
0.00
0.00
0.00
0.00
0.00
0.00
0.00
0.00
0.00
0.00
0.00
0.00
0.00
0.00
0.00
0.00
0.00
0.00
1.00
0.00
0.00
0.00
0.00
0.00
0.00
0.00
0.00
0.00
0.00
0.00
0.00
0.00
0.00
0.00
0.00
0.00
0.00
0.00
0.00
0.00
0.00
0.00
0.00
0.00
0.00
0.00
0.00
0.00
0.00
0.00
0.00
0.00
0.00
0.00
0.00
21.00
61.00
0.00
156.00
0.00
100.00
134.00
0.00
0.00
0.00
0.00
0.00
0.00
100.00
2.00
96.00
0.00
0.00
0.00
0.00
79.00
0.00
0.00
2.00
71.00
455.00
33.00
40.00
7.00
781.00
141.00
245.00
0.00
0.00
0.00
0.00
0.00
0.00
0.00
0.00
0.00
98.00
24.00
0.00
6.00
421.00
271.00
154.00
393.00
6.00
217.00
24.00
3.00
0.00
129.00
0.00
43.00
241.00
0.00
0.00
35.00
8.00
45.00
0.00
0.00
124.00
0.00
2.00
0.00
16.00
85.00
473.00
3.00
39.00
0.00
34.00
2.00
133.00
16.00
0.00
0.00
5.00
31.00
80.00
186.00
136.00
628.00
227.00
243.00
234.00
270.00
156.00
27.00
4.00
49.00
293.00
510.00
1003.00
152.00
166.00
59.00
27.00
141.00
63.00
36.00
56.00
205.00
13.00
22.00
11.00
21.00
48.00
409.00
531.00
84.00
104.00
43.00
221.00
58.00
5.00
66.00
11.00
74.00
118.00
98.00
14.00
28.00
123.00
39.00
217.00
243.00
166.00
159.00
16.00
10.00
38.00
46.00
49.00
85.00
21.00
135.00
157.00
13.00
44.00
16.00
151.00
37.00
66.00
29.00
8.00
106.00
454.00
10.00
90.00
62.00
7.00
3.00
0.00
29.00
353.00
97.00
15.00
1.00
49.00
43.00
11.00
8.00
211.00
283.00
84.00
122.00
217.00
50.00
96.00
362.00
1.00
78.00
34.00
63.00
26.00
1.00
17.00
16.00
0.00
11.00
31.00
181.00
53.00
2.00
18.00
9.00
54.00
35.00
47.00
8.00
25.00
159.00
62.00
116.00
38.00
36.00
4.00
0.00
0.00
7.00
61.00
158.00
188.00
15.00
14.00
320.00
94.00
1.00
10.00
140.00
143.00
98.00
107.00
21.00
14.00
1.00
4.00
0.00
0.00
0.00
0.00
58.00
769.00
301.00
276.00
1018.00
0.00
0.00
0.00
0.00
0.00
0.00
7.00
952.00
515.00
0.00
0.00
0.00
0.00
0.00
0.00
0.00
0.00
0.00
0.00
0.00
0.00
96.00
0.00
4.00
107.00
34.00
2.00
0.00
0.00
0.00
0.00
0.00
0.00
0.00
0.00
0.00
0.00
0.00
0.00
0.00
0.00
0.00
0.00
0.00
0.00
0.00
75.00
265.00
413.00
290.00
0.00
0.00
0.00
0.00
0.00
0.00
0.00
0.00
2.00
0.00
0.00
0.00
0.00
0.00
0.00
0.00
0.00
0.00
0.00
0.00
194.00
235.00
33.00
0.00
0.00
0.00
0.00
0.00
0.00
0.00
0.00
0.00
0.00
0.00
0.00
0.00
0.00
0.00
0.00
0.00
0.00
0.00
0.00
0.00
0.00
0.00
0.00
0.00
0.00
0.00
0.00
0.00
0.00
0.00
0.00
0.00
0.00
0.00
18.00
26.00
401.00
0.00
118.00
0.00
3.00
0.00
0.00
0.00
0.00
0.00
0.00
2.00
0.00
0.00
0.00
0.00
0.00
308.00
0.00
0.00
0.00
0.00
0.00
0.00
0.00
0.00
0.00
0.00
0.00
0.00
0.00
0.00
11.00
0.00
0.00
11.00
47.00
595.00
0.00
0.00
0.00
0.00
0.00
0.00
0.00
417.00
37.00
0.00
122.00
184.00
1.00
0.00
11.00
79.00
0.00
282.00
0.00
26.00
260.00
0.00
39.00
27.00
16.00
0.00
9.00
0.00
0.00
53.00
42.00
0.00
16.00
190.00
4.00
0.00
0.00
7.00
8.00
23.00
61.00
143.00
319.00
4.00
32.00
11.00
91.00
406.00
522.00
464.00
513.00
556.00
321.00
150.00
0.00
163.00
3.00
128.00
9.00
5.00
0.00
3.00
24.00
0.00
0.00
2.00
100.00
1.00
0.00
5.00
7.00
152.00
0.00
69.00
4.00
153.00
185.00
178.00
234.00
23.00
0.00
208.00
166.00
298.00
594.00
455.00
0.00
294.00
264.00
0.00
0.00
0.00
4.00
0.00
62.00
70.00
2.00
2.00
0.00
107.00
97.00
20.00
0.00
22.00
0.00
7.00
9.00
12.00
1.00
9.00
39.00
32.00
63.00
176.00
83.00
73.00
93.00
21.00
118.00
29.00
16.00
5.00
15.00
0.00
57.00
37.00
59.00
29.00
15.00
11.00
3.00
5.00
172.00
193.00
120.00
10.00
3.00
0.00
560.00
94.00
32.00
150.00
66.00
0.00
5.00
85.00
311.00
87.00
60.00
516.00
144.00
123.00
12.00
2.00
591.00
123.00
0.00
90.00
43.00
262.00
80.00
21.00
47.00
13.00
14.00
123.00
95.00
0.00
1.00
15.00
67.00
1.00
0.00
1.00
98.00
6.00
2.00
1.00
0.00
4.00
87.00
0.00
12.00
8.00
148.00
18.00
153.00
0.00
28.00
71.00
13.00
6.00
152.00
0.00
0.00
0.00
1.00
0.00
0.00
0.00
0.00
0.00
0.00
0.00
60.00
147.00
400.00
307.00
6.00
0.00
0.00
0.00
0.00
0.00
0.00
0.00
0.00
0.00
0.00
0.00
0.00
0.00
225.00
241.00
250.00
99.00
40.00
0.00
1.00
0.00
0.00
0.00
0.00
0.00
0.00
0.00
0.00
0.00
0.00
0.00
0.00
0.00
0.00
0.00
0.00
0.00
18.00
0.00
0.00
0.00
0.00
0.00
0.00
0.00
0.00
0.00
0.00
0.00
0.00
0.00
0.00
0.00
3.00
0.00
0.00
0.00
0.00
0.00
0.00
0.00
4.00
7.00
3.00
23.00
1.00
0.00
0.00
0.00
0.00
0.00
0.00
0.00
0.00
0.00
0.00
0.00
0.00
0.00
0.00
0.00
0.00
0.00
0.00
0.00
0.00
0.00
0.00
0.00
0.00
0.00
0.00
0.00
0.00
0.00
0.00
0.00
0.00
0.00
0.00
0.00
0.00
0.00
0.00
0.00
0.00
0.00
4.00
0.00
0.00
0.00
0.00
0.00
0.00
0.00
0.00
0.00
0.00
0.00
0.00
0.00
0.00
0.00
0.00
0.00
2.00
8.00
0.00
0.00
0.00
0.00
0.00
0.00
0.00
118.30
98.20
116.50
66.60
0.00
0.00
0.00
12.80
31.80
0.00
0.00
0.00
0.00
0.00
0.00
0.00
0.00
0.00
1.30
0.00
78.50
16.90
0.10
0.00
0.00
28.00
0.00
0.00
0.00
0.00
4.20
0.00
0.00
0.00
81.20
20.40
153.10
10.30
5.80
0.00
5.70
0.00
21.20
23.20
0.00
0.30
0.30
0.60
0.00
0.60
0.00
0.00
0.00
0.00
1.20
0.00
0.40
0.00
0.00
0.00
0.00
0.60
20.00
0.20
0.00
0.00
0.10
2.20
5.30
0.00
0.00
0.00
0.00
0.00
0.00
0.40
0.00
59.30
1.50
0.90
0.10
6.70
4.70
0.40
0.40
0.10
6.00
6.00
64.60
1.60
2.90
0.00
0.00
0.00
0.00
13.80
41.70
1.20
2.50
2.80
0.20
7.00
9.60
0.10
3.70
0.00
0.40
2.00
44.80
9.90
1.80
0.00
0.00
14.70
17.80
11.40
11.20
2.60
0.00
1.90
1.80
0.60
1.50
0.70
2.90
28.70
9.90
2.30
5.20
38.00
19.30
9.70
2.00
6.80
12.10
12.10
9.00
9.00
2.30
6.80
6.80
0.00
2.80
6.80
6.80
6.80
2.90
3.90
1.00
1.20
46.80
18.90
13.00
7.30
1.70
12.00
2.20
7.90
12.00
54.00
20.50
9.60
2.50
24.50
4.00
0.90
0.90
0.30
0.80
22.20
9.00
5.40
1.70
11.30
0.00
0.50
4.20
3.50
60.10
46.10
25.50
8.80
2.00
2.30
5.90
0.20
4.10
2.20
0.60
2.50
4.40
25.10
17.50
20.60
24.50
0.20
1.30
21.80
20.20
4.90
0.50
0.30
18.50
17.60
0.60
0.00
6.40
3.00
9.50
25.90
23.50
39.80
18.50
0.10
4.40
24.30
19.80
10.60
10.60
0.60
0.00
1.10
0.00
20.80
11.60
8.50
26.80
13.10
0.00
0.00
0.00
2.10
32.20
2.30
0.00
0.00
0.00
0.00
0.70
9.20
4.80
0.20
0.90
1.70
