20160101
0.00
0.00
0.00
0.00
0.00
0.00
0.00
0.00
0.00
0.00
0.00
0.00
0.00
0.00
0.00
0.00
0.00
0.00
1.00
46.00
0.00
0.00
0.00
0.00
0.00
0.00
0.00
0.00
0.00
0.00
0.00
0.00
0.00
0.00
0.00
0.00
0.00
0.00
0.00
0.00
0.00
0.00
68.00
0.00
0.00
0.00
0.00
0.00
0.00
0.00
0.00
1.00
1.00
134.00
112.00
10.00
21.00
0.00
0.00
0.00
0.00
0.00
0.00
0.00
0.00
21.00
0.00
0.00
0.00
3.00
0.00
2.00
0.00
0.00
0.00
0.00
0.00
1.00
5.00
0.00
2.00
0.00
0.00
0.00
0.00
0.00
0.00
461.00
2.00
12.00
228.00
144.00
24.00
66.00
420.00
3.00
0.00
0.00
0.00
0.00
0.00
0.00
0.00
0.00
0.00
0.00
30.00
7.00
0.00
0.00
0.00
0.00
0.00
0.00
1.00
20.00
2.00
0.00
0.00
0.00
0.00
45.00
202.00
27.00
19.00
0.00
10.00
44.00
0.00
0.00
2.00
0.00
17.00
232.00
3.00
0.00
1.00
118.00
226.00
269.00
1171.00
637.00
5.00
0.00
396.00
69.00
0.00
10.00
269.00
46.00
0.00
68.00
0.00
0.00
7.00
69.00
1.00
151.00
362.00
168.00
265.00
286.00
624.00
177.00
183.00
0.00
0.00
27.00
43.00
4.00
0.00
5.00
37.00
3.00
35.00
44.00
123.00
21.00
3.00
321.00
171.00
4.00
2.00
18.00
234.00
492.00
76.00
53.00
317.00
60.00
28.00
28.00
0.00
89.00
49.00
12.00
144.00
45.00
78.00
156.00
13.00
12.00
8.00
4.00
31.00
103.00
327.00
6.00
6.00
44.00
241.00
352.00
378.00
54.00
13.00
112.00
34.00
21.00
3.00
5.00
83.00
43.00
494.00
145.00
0.00
150.00
246.00
63.00
218.00
14.00
0.00
0.00
479.00
698.00
0.00
0.00
0.00
402.00
43.00
114.00
260.00
0.00
45.00
254.00
246.00
84.00
10.00
16.00
0.00
1.00
3.00
4.00
6.00
30.00
336.00
300.00
260.00
72.00
41.00
295.00
104.00
47.00
19.00
56.00
642.00
129.00
25.00
0.00
1.00
13.00
498.00
151.00
2.00
287.00
511.00
157.00
73.00
203.00
34.00
26.00
256.00
51.00
20.00
143.00
1287.00
182.00
7.00
0.00
0.00
0.00
0.00
0.00
0.00
0.00
0.00
0.00
0.00
0.00
0.00
0.00
29.00
52.00
28.00
1.00
0.00
0.00
4.00
28.00
197.00
772.00
388.00
0.00
0.00
0.00
0.00
0.00
0.00
0.00
0.00
0.00
0.00
0.00
0.00
0.00
0.00
0.00
0.00
0.00
0.00
0.00
0.00
0.00
0.00
0.00
0.00
41.00
0.00
0.00
0.00
0.00
0.00
0.00
0.00
0.00
0.00
0.00
0.00
0.00
0.00
0.00
0.00
0.00
0.00
0.00
0.00
0.00
0.00
0.00
0.00
0.00
0.00
0.00
0.00
0.00
0.00
0.00
0.00
0.00
0.00
0.00
0.00
0.00
0.00
0.00
0.00
0.00
0.00
0.00
0.00
0.00
0.00
0.00
0.00
0.00
0.00
0.00
0.00
0.00
0.00
0.00
0.00
0.00
3.00
0.00
0.00
0.00
0.00
0.00
0.00
0.00
0.00
0.00
0.00
0.00
0.00
0.00
0.00
0.00
0.00
0.00
0.00
0.00
0.00
0.00
0.00
0.00
0.00
0.00
0.00
0.00
0.00
0.00
0.00
0.00
0.00
0.00
0.00
0.00
0.00
13.00
147.00
19.00
120.00
2.00
67.00
40.00
0.00
0.00
0.00
0.00
0.00
0.00
267.00
6.00
29.00
0.00
0.00
0.00
0.00
14.00
0.00
0.00
0.00
31.00
36.00
0.00
0.00
0.00
511.00
142.00
387.00
0.00
0.00
0.00
0.00
0.00
0.00
0.00
0.00
0.00
22.00
5.00
0.00
0.00
810.00
150.00
108.00
298.00
36.00
321.00
216.00
0.00
0.00
0.00
0.00
0.00
0.00
0.00
0.00
0.00
3.00
0.00
0.00
0.00
134.00
0.00
0.00
0.00
201.00
37.00
285.00
29.00
144.00
0.00
1.00
0.00
0.00
0.00
0.00
0.00
0.00
0.00
17.00
191.00
521.00
721.00
17.00
1538.00
104.00
33.00
276.00
5.00
0.00
582.00
1142.00
36.00
218.00
638.00
394.00
897.00
0.00
147.00
181.00
126.00
225.00
674.00
3.00
159.00
67.00
20.00
49.00
15.00
18.00
16.00
45.00
12.00
97.00
173.00
253.00
412.00
186.00
72.00
3.00
0.00
1.00
13.00
117.00
21.00
169.00
154.00
167.00
87.00
79.00
113.00
222.00
547.00
1847.00
213.00
2.00
285.00
845.00
121.00
167.00
79.00
127.00
192.00
23.00
1.00
4.00
0.00
112.00
199.00
77.00
111.00
6.00
15.00
41.00
179.00
543.00
290.00
185.00
9.00
140.00
23.00
43.00
61.00
120.00
282.00
477.00
266.00
174.00
327.00
79.00
212.00
98.00
102.00
17.00
344.00
121.00
182.00
55.00
76.00
54.00
21.00
10.00
35.00
72.00
6.00
366.00
191.00
181.00
2.00
28.00
54.00
233.00
391.00
331.00
55.00
42.00
14.00
0.00
169.00
665.00
373.00
258.00
255.00
42.00
334.00
29.00
2.00
6.00
75.00
263.00
23.00
105.00
12.00
0.00
53.00
0.00
1.00
7.00
0.00
0.00
0.00
0.00
79.00
491.00
154.00
598.00
2150.00
0.00
0.00
0.00
0.00
0.00
0.00
0.00
460.00
100.00
0.00
0.00
0.00
0.00
0.00
0.00
0.00
0.00
0.00
0.00
0.00
0.00
18.00
0.00
0.00
188.00
30.00
6.00
0.00
0.00
0.00
0.00
0.00
0.00
0.00
0.00
0.00
0.00
0.00
0.00
0.00
0.00
0.00
0.00
0.00
0.00
2.00
72.00
1348.00
1043.00
906.00
0.00
0.00
0.00
0.00
0.00
0.00
0.00
0.00
0.00
0.00
0.00
0.00
0.00
0.00
0.00
0.00
0.00
0.00
0.00
0.00
320.00
249.00
0.00
0.00
0.00
0.00
0.00
0.00
0.00
0.00
0.00
0.00
0.00
0.00
0.00
0.00
0.00
0.00
0.00
0.00
0.00
0.00
0.00
0.00
0.00
0.00
0.00
0.00
0.00
0.00
0.00
0.00
0.00
0.00
0.00
0.00
0.00
0.00
83.00
52.00
460.00
10.00
116.00
0.00
0.00
0.00
0.00
0.00
0.00
0.00
0.00
0.00
0.00
0.00
0.00
0.00
0.00
337.00
0.00
0.00
0.00
0.00
0.00
0.00
15.00
0.00
0.00
0.00
0.00
0.00
0.00
0.00
0.00
0.00
0.00
37.00
9.00
0.00
0.00
0.00
0.00
0.00
0.00
0.00
0.00
0.00
0.00
0.00
0.00
116.00
102.00
3.00
16.00
0.00
0.00
0.00
234.00
23.00
297.00
61.00
7.00
54.00
2.00
0.00
15.00
0.00
0.00
288.00
55.00
89.00
74.00
62.00
41.00
0.00
0.00
0.00
3.00
0.00
0.00
491.00
401.00
3.00
9.00
24.00
120.00
724.00
79.00
441.00
105.00
177.00
109.00
421.00
0.00
97.00
3.00
11.00
98.00
10.00
187.00
135.00
167.00
22.00
7.00
64.00
318.00
0.00
0.00
0.00
22.00
53.00
324.00
121.00
7.00
44.00
0.00
212.00
22.00
0.00
0.00
106.00
478.00
614.00
452.00
1329.00
198.00
132.00
47.00
68.00
13.00
4.00
141.00
14.00
0.00
15.00
86.00
231.00
2.00
30.00
12.00
6.00
0.00
0.00
9.00
341.00
471.00
89.00
9.00
19.00
24.00
2.00
10.00
2.00
97.00
20.00
58.00
138.00
41.00
2.00
9.00
6.00
17.00
107.00
96.00
53.00
460.00
186.00
11.00
34.00
120.00
39.00
4.00
10.00
42.00
46.00
91.00
17.00
275.00
431.00
217.00
24.00
67.00
26.00
83.00
75.00
179.00
130.00
425.00
34.00
16.00
285.00
62.00
189.00
2.00
70.00
2.00
22.00
51.00
79.00
59.00
0.00
7.00
1.00
40.00
6.00
12.00
4.00
23.00
197.00
31.00
5.00
0.00
0.00
119.00
0.00
93.00
325.00
12.00
3.00
146.00
0.00
0.00
96.00
193.00
35.00
3.00
0.00
17.00
53.00
23.00
18.00
1.00
0.00
0.00
0.00
0.00
0.00
0.00
0.00
0.00
0.00
0.00
21.00
159.00
228.00
521.00
575.00
207.00
1.00
0.00
0.00
0.00
0.00
0.00
0.00
0.00
0.00
0.00
0.00
0.00
0.00
9.00
46.00
251.00
134.00
3.00
0.00
0.00
0.00
0.00
0.00
0.00
0.00
0.00
0.00
0.00
0.00
0.00
0.00
0.00
0.00
0.00
0.00
0.00
0.00
0.00
0.00
0.00
0.00
0.00
0.00
0.00
0.00
0.00
0.00
0.00
0.00
0.00
0.00
0.00
0.00
0.00
0.00
0.00
0.00
0.00
0.00
0.00
0.00
0.00
0.00
65.00
37.00
0.00
0.00
0.00
0.00
0.00
0.00
0.00
0.00
0.00
0.00
0.00
0.00
0.00
0.00
0.00
0.00
0.00
0.00
0.00
0.00
0.00
0.00
0.00
0.00
0.00
0.00
0.00
0.00
0.00
0.00
0.00
0.00
0.00
0.00
0.00
0.00
0.00
0.00
0.00
0.00
0.00
0.00
0.00
0.00
0.00
0.00
0.00
0.00
0.00
0.00
0.00
0.00
0.00
0.00
0.00
0.00
0.00
0.00
0.00
0.00
3.00
1.00
0.00
0.00
0.00
0.00
0.00
0.00
0.00
89.10
81.60
38.50
30.00
0.00
0.00
0.00
1.90
21.00
0.00
0.00
0.00
0.00
0.00
0.00
0.00
0.00
0.00
0.60
2.30
1.30
0.30
0.90
1.30
0.00
0.30
0.00
0.00
0.00
0.00
0.10
0.00
0.00
0.00
20.50
20.00
77.10
19.20
0.00
3.20
7.00
0.00
32.30
32.70
0.70
5.70
0.10
7.10
0.00
0.00
0.00
0.00
0.00
0.00
0.00
0.00
0.10
0.00
0.00
0.00
0.00
0.00
0.00
0.00
0.00
0.00
0.20
25.50
92.60
0.00
0.00
0.00
0.00
0.00
0.00
0.00
0.00
14.30
0.40
0.50
2.60
14.50
0.00
0.70
0.70
0.00
15.90
15.90
120.40
24.40
1.30
0.10
0.00
0.00
0.00
0.00
13.30
4.30
1.90
2.10
0.30
0.30
1.10
6.90
11.40
0.50
0.00
20.90
81.60
33.50
36.50
0.00
0.10
8.30
27.50
40.00
4.20
0.00
0.00
0.30
1.60
5.40
9.60
2.60
2.20
3.20
0.70
1.20
0.60
1.10
0.30
13.50
63.70
73.70
92.20
92.20
80.50
80.50
23.60
0.30
0.30
2.90
28.10
0.30
0.30
0.30
1.60
0.60
9.00
3.40
42.40
3.40
10.70
0.70
0.00
17.10
5.60
3.10
9.10
8.20
48.90
37.90
9.80
0.40
29.00
4.70
1.00
28.50
25.10
16.10
27.00
32.90
3.60
0.50
0.00
0.40
9.50
1.70
26.90
25.20
19.80
14.80
0.70
1.90
1.30
0.00
32.10
29.20
21.20
10.50
1.70
14.20
5.30
1.90
0.30
16.60
29.90
6.90
4.40
46.40
12.40
0.70
2.00
1.00
3.90
3.00
1.00
0.50
20.30
26.50
6.30
5.70
9.60
0.00
21.40
0.30
22.60
13.90
13.90
33.20
0.00
0.10
0.90
10.30
1.20
10.90
8.50
19.30
0.00
0.00
0.00
0.00
0.00
5.10
0.00
0.00
0.00
0.00
0.30
4.30
3.30
0.10
0.00
1.40
