20160101
0.00
0.00
0.00
0.00
0.00
0.00
0.00
0.00
26.00
0.00
0.00
0.00
3.00
0.00
0.00
0.00
0.00
0.00
0.00
5.00
0.00
0.00
0.00
0.00
0.00
0.00
0.00
0.00
0.00
0.00
0.00
0.00
0.00
0.00
0.00
0.00
0.00
0.00
0.00
2.00
0.00
0.00
0.00
0.00
0.00
0.00
0.00
0.00
0.00
0.00
0.00
0.00
1.00
269.00
97.00
2.00
11.00
0.00
0.00
0.00
0.00
0.00
0.00
0.00
0.00
38.00
0.00
0.00
0.00
0.00
0.00
1.00
0.00
0.00
0.00
7.00
0.00
0.00
0.00
0.00
29.00
0.00
11.00
0.00
0.00
0.00
0.00
455.00
8.00
51.00
200.00
209.00
0.00
294.00
537.00
30.00
0.00
0.00
0.00
0.00
0.00
0.00
0.00
0.00
60.00
6.00
174.00
189.00
2.00
9.00
0.00
2.00
0.00
0.00
0.00
35.00
0.00
5.00
0.00
0.00
0.00
253.00
541.00
142.00
151.00
86.00
63.00
14.00
0.00
0.00
0.00
0.00
736.00
127.00
19.00
91.00
4.00
201.00
84.00
75.00
492.00
1161.00
12.00
0.00
139.00
91.00
1.00
0.00
39.00
86.00
35.00
43.00
7.00
50.00
84.00
979.00
12.00
6.00
1.00
11.00
9.00
301.00
103.00
48.00
19.00
7.00
4.00
411.00
297.00
8.00
0.00
21.00
12.00
21.00
85.00
21.00
6.00
41.00
117.00
171.00
102.00
3.00
54.00
58.00
25.00
105.00
2.00
0.00
90.00
61.00
125.00
395.00
13.00
2.00
0.00
27.00
148.00
33.00
0.00
46.00
0.00
4.00
12.00
24.00
80.00
44.00
242.00
64.00
1.00
27.00
223.00
98.00
50.00
123.00
48.00
133.00
88.00
112.00
33.00
121.00
75.00
50.00
70.00
1.00
66.00
166.00
72.00
55.00
41.00
79.00
0.00
0.00
253.00
38.00
0.00
3.00
6.00
1234.00
107.00
286.00
3.00
29.00
198.00
184.00
167.00
13.00
29.00
3.00
22.00
1.00
12.00
2.00
0.00
8.00
19.00
72.00
490.00
315.00
13.00
678.00
116.00
36.00
110.00
170.00
75.00
99.00
75.00
0.00
7.00
281.00
322.00
132.00
6.00
473.00
183.00
0.00
0.00
97.00
78.00
452.00
214.00
193.00
12.00
25.00
352.00
113.00
0.00
0.00
0.00
0.00
0.00
0.00
0.00
0.00
0.00
0.00
0.00
0.00
0.00
18.00
12.00
34.00
91.00
0.00
0.00
0.00
91.00
31.00
213.00
596.00
153.00
0.00
0.00
0.00
0.00
0.00
0.00
0.00
0.00
0.00
0.00
0.00
0.00
0.00
0.00
0.00
0.00
0.00
0.00
0.00
0.00
0.00
0.00
0.00
0.00
0.00
0.00
0.00
0.00
0.00
0.00
0.00
0.00
0.00
0.00
0.00
0.00
0.00
0.00
0.00
0.00
0.00
0.00
0.00
0.00
0.00
0.00
0.00
0.00
0.00
0.00
0.00
0.00
0.00
0.00
0.00
0.00
0.00
0.00
0.00
0.00
0.00
0.00
0.00
0.00
0.00
0.00
0.00
0.00
0.00
0.00
0.00
0.00
0.00
0.00
0.00
0.00
0.00
0.00
0.00
0.00
0.00
2.00
0.00
0.00
0.00
0.00
0.00
0.00
0.00
0.00
0.00
0.00
0.00
0.00
0.00
0.00
0.00
0.00
0.00
0.00
0.00
0.00
0.00
0.00
0.00
0.00
0.00
0.00
39.00
0.00
0.00
0.00
0.00
0.00
0.00
0.00
0.00
0.00
157.00
9.00
4.00
369.00
0.00
127.00
194.00
0.00
0.00
0.00
0.00
0.00
0.00
120.00
0.00
58.00
0.00
0.00
0.00
0.00
98.00
0.00
0.00
2.00
125.00
552.00
11.00
0.00
0.00
275.00
346.00
697.00
0.00
0.00
0.00
0.00
0.00
0.00
0.00
0.00
0.00
83.00
16.00
0.00
0.00
564.00
561.00
122.00
397.00
129.00
453.00
179.00
0.00
1.00
7.00
44.00
445.00
49.00
0.00
0.00
107.00
0.00
33.00
0.00
0.00
119.00
0.00
0.00
0.00
42.00
23.00
479.00
2.00
84.00
0.00
52.00
8.00
79.00
22.00
0.00
0.00
13.00
4.00
18.00
85.00
156.00
540.00
109.00
459.00
127.00
161.00
450.00
0.00
0.00
14.00
149.00
384.00
831.00
91.00
314.00
489.00
30.00
17.00
169.00
68.00
61.00
639.00
16.00
2.00
146.00
127.00
204.00
194.00
253.00
100.00
74.00
8.00
138.00
92.00
6.00
56.00
35.00
24.00
21.00
10.00
0.00
24.00
58.00
28.00
136.00
374.00
159.00
270.00
105.00
105.00
20.00
27.00
187.00
37.00
214.00
38.00
361.00
26.00
25.00
61.00
129.00
119.00
26.00
0.00
0.00
33.00
153.00
107.00
63.00
39.00
2.00
5.00
0.00
126.00
582.00
50.00
5.00
27.00
74.00
28.00
80.00
13.00
45.00
200.00
87.00
181.00
317.00
263.00
125.00
299.00
49.00
131.00
117.00
53.00
47.00
42.00
11.00
196.00
85.00
0.00
41.00
26.00
64.00
0.00
28.00
130.00
0.00
14.00
13.00
2.00
44.00
89.00
204.00
18.00
15.00
18.00
0.00
0.00
1.00
37.00
149.00
219.00
71.00
81.00
50.00
92.00
21.00
90.00
67.00
157.00
294.00
10.00
2.00
1.00
0.00
0.00
10.00
0.00
0.00
0.00
0.00
191.00
517.00
407.00
315.00
772.00
0.00
0.00
0.00
0.00
0.00
0.00
1.00
935.00
374.00
0.00
0.00
0.00
0.00
0.00
0.00
0.00
0.00
0.00
0.00
0.00
0.00
150.00
0.00
5.00
115.00
26.00
11.00
0.00
0.00
0.00
0.00
0.00
0.00
0.00
0.00
0.00
0.00
0.00
0.00
0.00
0.00
0.00
0.00
0.00
0.00
15.00
14.00
352.00
424.00
321.00
0.00
0.00
0.00
0.00
0.00
0.00
0.00
0.00
0.00
0.00
0.00
0.00
0.00
0.00
0.00
0.00
0.00
0.00
0.00
0.00
53.00
155.00
12.00
0.00
0.00
0.00
0.00
0.00
0.00
0.00
0.00
0.00
0.00
0.00
0.00
0.00
0.00
0.00
0.00
0.00
0.00
0.00
0.00
0.00
0.00
0.00
0.00
0.00
0.00
0.00
0.00
0.00
0.00
0.00
0.00
0.00
0.00
0.00
77.00
65.00
604.00
12.00
160.00
0.00
6.00
0.00
0.00
0.00
0.00
0.00
0.00
3.00
0.00
0.00
0.00
0.00
0.00
320.00
0.00
0.00
0.00
0.00
0.00
0.00
9.00
0.00
0.00
0.00
0.00
0.00
0.00
0.00
74.00
0.00
0.00
2.00
66.00
128.00
0.00
0.00
0.00
0.00
0.00
0.00
11.00
47.00
0.00
0.00
0.00
254.00
65.00
0.00
11.00
305.00
0.00
18.00
34.00
84.00
213.00
0.00
0.00
6.00
0.00
0.00
33.00
0.00
0.00
65.00
40.00
23.00
6.00
334.00
33.00
0.00
2.00
61.00
3.00
5.00
43.00
113.00
362.00
4.00
7.00
5.00
204.00
535.00
683.00
528.00
382.00
650.00
432.00
97.00
0.00
16.00
48.00
44.00
108.00
0.00
38.00
78.00
405.00
7.00
9.00
95.00
352.00
9.00
0.00
0.00
56.00
158.00
20.00
38.00
28.00
24.00
322.00
138.00
67.00
16.00
37.00
301.00
316.00
517.00
701.00
795.00
62.00
232.00
452.00
0.00
40.00
12.00
41.00
0.00
15.00
2.00
23.00
71.00
3.00
92.00
80.00
9.00
0.00
1.00
10.00
111.00
130.00
96.00
2.00
3.00
26.00
10.00
23.00
103.00
34.00
49.00
263.00
46.00
108.00
9.00
6.00
26.00
4.00
7.00
47.00
21.00
88.00
82.00
6.00
13.00
24.00
23.00
62.00
128.00
100.00
19.00
9.00
5.00
359.00
160.00
41.00
24.00
221.00
13.00
61.00
170.00
271.00
334.00
148.00
406.00
117.00
62.00
4.00
18.00
76.00
90.00
0.00
55.00
34.00
122.00
78.00
103.00
0.00
3.00
3.00
28.00
63.00
1.00
72.00
249.00
17.00
0.00
0.00
1.00
111.00
8.00
6.00
35.00
0.00
0.00
100.00
5.00
10.00
5.00
86.00
118.00
43.00
0.00
26.00
10.00
17.00
0.00
2.00
2.00
0.00
0.00
10.00
0.00
0.00
0.00
0.00
0.00
0.00
0.00
138.00
137.00
530.00
339.00
15.00
0.00
0.00
0.00
0.00
0.00
0.00
0.00
0.00
0.00
0.00
0.00
0.00
0.00
35.00
208.00
286.00
128.00
44.00
0.00
0.00
50.00
0.00
0.00
0.00
0.00
0.00
0.00
0.00
0.00
0.00
0.00
0.00
0.00
0.00
0.00
0.00
0.00
0.00
0.00
0.00
0.00
0.00
0.00
0.00
0.00
0.00
0.00
0.00
0.00
0.00
0.00
0.00
0.00
0.00
0.00
0.00
0.00
0.00
0.00
0.00
0.00
2.00
1.00
13.00
38.00
1.00
0.00
0.00
0.00
0.00
0.00
0.00
0.00
0.00
0.00
0.00
0.00
0.00
0.00
0.00
0.00
0.00
0.00
0.00
0.00
0.00
0.00
0.00
0.00
0.00
0.00
0.00
0.00
0.00
0.00
0.00
0.00
0.00
0.00
0.00
0.00
0.00
0.00
0.00
0.00
0.00
0.00
0.00
0.00
0.00
0.00
0.00
0.00
0.00
0.00
0.00
0.00
0.00
0.00
0.00
0.00
0.00
0.00
0.00
0.00
4.00
8.00
0.00
0.00
0.00
0.00
0.00
0.00
0.30
109.40
117.50
80.80
56.90
0.00
0.00
0.00
1.40
32.00
10.80
0.00
0.00
0.00
0.00
0.00
0.00
0.00
0.00
0.60
0.60
49.30
5.60
0.00
0.00
0.00
8.20
0.00
0.00
0.00
0.00
0.10
0.00
0.00
0.00
93.90
25.10
188.60
14.10
0.00
0.30
12.40
0.00
9.40
10.50
0.00
2.90
0.00
0.00
0.00
0.00
0.00
0.10
0.00
0.00
0.00
0.00
0.10
0.00
0.00
0.00
0.00
0.00
0.00
0.00
0.00
0.00
0.00
5.20
33.10
0.00
0.00
0.00
0.00
0.00
0.00
0.00
0.00
0.70
7.80
2.40
4.50
2.00
3.70
0.10
0.10
0.00
9.80
9.80
58.40
6.40
0.70
0.00
0.00
0.00
0.10
2.50
14.60
0.10
5.00
12.70
0.10
0.10
0.00
0.60
7.20
0.00
0.00
8.50
40.30
43.50
3.20
0.80
0.20
47.60
40.00
19.90
6.50
1.00
0.00
0.00
0.70
1.00
1.50
3.40
2.10
13.60
1.20
0.30
0.20
16.20
10.10
9.10
13.50
49.40
30.80
30.80
22.80
22.80
31.60
0.10
0.10
0.20
5.80
0.10
0.10
0.10
0.80
0.10
2.30
1.10
47.30
12.60
4.60
6.20
0.70
6.10
0.70
5.30
10.90
34.10
18.90
17.30
16.30
9.20
9.90
0.60
1.00
3.10
24.80
13.60
9.50
17.10
0.30
1.80
0.20
0.50
7.00
0.30
48.50
41.70
16.30
6.60
1.60
1.00
4.50
1.90
6.00
1.10
2.70
5.30
6.90
48.20
19.00
11.90
2.90
0.80
4.40
11.30
7.90
4.80
1.20
1.00
6.10
0.10
0.30
0.20
4.60
1.10
15.60
25.90
20.10
23.30
20.40
0.00
11.30
0.00
17.70
1.50
1.50
8.80
0.00
0.00
3.10
39.40
9.10
0.30
18.20
4.80
0.00
0.00
0.00
0.00
3.60
0.20
0.00
0.00
0.00
0.00
0.70
9.20
4.80
0.20
0.90
1.70
