20160101
0.00
0.00
0.00
0.00
0.00
0.00
0.00
0.00
38.00
0.00
0.00
0.00
0.00
0.00
0.00
0.00
0.00
0.00
0.00
13.00
0.00
0.00
0.00
0.00
0.00
0.00
0.00
0.00
0.00
0.00
0.00
0.00
0.00
0.00
0.00
0.00
0.00
0.00
2.00
2.00
0.00
0.00
4.00
0.00
0.00
0.00
0.00
0.00
0.00
0.00
0.00
0.00
2.00
59.00
61.00
0.00
5.00
0.00
0.00
0.00
0.00
0.00
0.00
0.00
0.00
31.00
0.00
0.00
0.00
1.00
0.00
0.00
2.00
0.00
3.00
3.00
0.00
2.00
1.00
0.00
71.00
0.00
1.00
0.00
0.00
0.00
0.00
463.00
4.00
5.00
209.00
221.00
7.00
162.00
748.00
1.00
0.00
0.00
0.00
0.00
0.00
0.00
0.00
0.00
10.00
0.00
159.00
86.00
0.00
32.00
0.00
0.00
0.00
0.00
0.00
87.00
0.00
0.00
0.00
0.00
3.00
266.00
208.00
113.00
70.00
11.00
186.00
20.00
0.00
0.00
0.00
0.00
253.00
217.00
3.00
25.00
0.00
416.00
454.00
138.00
774.00
621.00
1.00
0.00
399.00
105.00
0.00
15.00
145.00
46.00
1.00
27.00
0.00
0.00
180.00
223.00
3.00
2.00
42.00
74.00
30.00
213.00
601.00
84.00
72.00
0.00
1.00
127.00
157.00
3.00
0.00
4.00
7.00
8.00
69.00
22.00
64.00
31.00
61.00
382.00
139.00
3.00
13.00
46.00
24.00
338.00
26.00
0.00
300.00
42.00
44.00
68.00
1.00
9.00
1.00
27.00
108.00
79.00
54.00
94.00
1.00
14.00
2.00
6.00
64.00
119.00
226.00
0.00
1.00
15.00
203.00
160.00
162.00
586.00
49.00
175.00
75.00
55.00
1.00
34.00
49.00
108.00
374.00
30.00
18.00
240.00
242.00
107.00
177.00
28.00
0.00
1.00
270.00
13.00
0.00
1.00
2.00
679.00
36.00
168.00
90.00
27.00
128.00
230.00
153.00
85.00
42.00
2.00
6.00
1.00
2.00
1.00
13.00
5.00
20.00
186.00
438.00
166.00
42.00
446.00
45.00
45.00
107.00
523.00
44.00
66.00
25.00
1.00
25.00
143.00
260.00
160.00
0.00
465.00
580.00
87.00
14.00
373.00
63.00
101.00
384.00
128.00
5.00
20.00
700.00
91.00
0.00
0.00
0.00
0.00
0.00
0.00
0.00
0.00
0.00
0.00
0.00
0.00
0.00
0.00
29.00
116.00
94.00
0.00
0.00
0.00
17.00
5.00
200.00
724.00
237.00
0.00
0.00
0.00
0.00
0.00
0.00
0.00
0.00
0.00
0.00
0.00
0.00
0.00
0.00
0.00
0.00
0.00
0.00
0.00
0.00
0.00
0.00
0.00
0.00
3.00
0.00
0.00
0.00
0.00
0.00
0.00
0.00
0.00
0.00
0.00
0.00
0.00
0.00
0.00
0.00
0.00
0.00
0.00
0.00
0.00
0.00
0.00
0.00
0.00
0.00
0.00
0.00
0.00
0.00
0.00
0.00
0.00
0.00
0.00
0.00
0.00
0.00
0.00
0.00
0.00
0.00
0.00
0.00
0.00
0.00
0.00
0.00
0.00
0.00
0.00
0.00
0.00
0.00
0.00
0.00
0.00
2.00
0.00
0.00
0.00
0.00
0.00
0.00
0.00
0.00
0.00
0.00
0.00
0.00
0.00
0.00
0.00
0.00
0.00
0.00
0.00
0.00
0.00
0.00
0.00
0.00
0.00
0.00
7.00
0.00
0.00
0.00
0.00
0.00
0.00
0.00
0.00
10.00
192.00
207.00
1.00
217.00
1.00
76.00
135.00
0.00
0.00
0.00
0.00
0.00
0.00
288.00
0.00
40.00
0.00
0.00
0.00
0.00
91.00
0.00
0.00
0.00
448.00
211.00
0.00
0.00
0.00
488.00
227.00
312.00
0.00
0.00
0.00
0.00
0.00
0.00
0.00
0.00
0.00
62.00
13.00
0.00
0.00
561.00
238.00
127.00
334.00
180.00
330.00
230.00
0.00
2.00
0.00
32.00
0.00
21.00
0.00
0.00
0.00
1.00
36.00
0.00
0.00
86.00
0.00
0.00
0.00
45.00
49.00
413.00
21.00
109.00
0.00
107.00
0.00
43.00
0.00
0.00
0.00
0.00
11.00
0.00
119.00
220.00
789.00
289.00
652.00
45.00
45.00
384.00
4.00
0.00
381.00
327.00
410.00
1307.00
146.00
341.00
162.00
0.00
73.00
249.00
60.00
55.00
1025.00
0.00
37.00
102.00
98.00
155.00
96.00
120.00
56.00
38.00
4.00
211.00
47.00
71.00
197.00
69.00
23.00
2.00
5.00
1.00
35.00
67.00
105.00
305.00
284.00
94.00
252.00
132.00
158.00
70.00
201.00
454.00
99.00
83.00
165.00
842.00
55.00
48.00
54.00
169.00
394.00
31.00
1.00
0.00
7.00
95.00
156.00
145.00
42.00
0.00
15.00
4.00
126.00
585.00
188.00
2.00
29.00
87.00
18.00
63.00
22.00
211.00
183.00
194.00
203.00
481.00
159.00
301.00
330.00
197.00
212.00
84.00
146.00
119.00
49.00
4.00
247.00
38.00
0.00
79.00
44.00
117.00
7.00
94.00
261.00
16.00
6.00
78.00
8.00
49.00
123.00
218.00
9.00
9.00
15.00
0.00
6.00
91.00
148.00
404.00
258.00
22.00
49.00
57.00
62.00
13.00
28.00
255.00
81.00
218.00
25.00
1.00
6.00
0.00
0.00
11.00
0.00
0.00
0.00
0.00
324.00
410.00
388.00
469.00
1715.00
0.00
0.00
0.00
0.00
0.00
0.00
2.00
561.00
208.00
0.00
0.00
0.00
0.00
0.00
0.00
0.00
0.00
0.00
0.00
0.00
0.00
56.00
0.00
0.00
130.00
15.00
4.00
0.00
0.00
0.00
0.00
0.00
0.00
0.00
0.00
0.00
0.00
0.00
0.00
0.00
0.00
0.00
0.00
0.00
0.00
0.00
39.00
959.00
822.00
677.00
0.00
0.00
0.00
0.00
0.00
0.00
0.00
0.00
48.00
0.00
0.00
0.00
0.00
0.00
0.00
0.00
0.00
0.00
0.00
0.00
116.00
88.00
15.00
0.00
0.00
0.00
0.00
0.00
0.00
0.00
0.00
0.00
0.00
0.00
0.00
0.00
0.00
0.00
0.00
0.00
0.00
0.00
0.00
0.00
0.00
0.00
0.00
0.00
0.00
0.00
0.00
0.00
0.00
0.00
0.00
0.00
0.00
38.00
50.00
35.00
545.00
22.00
140.00
0.00
23.00
11.00
0.00
0.00
0.00
0.00
0.00
0.00
0.00
0.00
0.00
0.00
0.00
209.00
0.00
0.00
0.00
0.00
0.00
0.00
1.00
0.00
0.00
0.00
0.00
0.00
0.00
0.00
106.00
0.00
0.00
25.00
42.00
0.00
0.00
0.00
0.00
0.00
0.00
0.00
6.00
29.00
1.00
10.00
0.00
120.00
59.00
0.00
14.00
22.00
0.00
105.00
104.00
96.00
65.00
0.00
0.00
26.00
1.00
0.00
39.00
0.00
0.00
326.00
43.00
39.00
12.00
328.00
67.00
0.00
0.00
47.00
2.00
1.00
25.00
235.00
479.00
26.00
17.00
4.00
38.00
638.00
997.00
432.00
213.00
457.00
329.00
196.00
0.00
61.00
4.00
26.00
56.00
20.00
85.00
139.00
415.00
14.00
28.00
189.00
121.00
0.00
0.00
0.00
30.00
74.00
57.00
105.00
26.00
0.00
0.00
277.00
142.00
1.00
52.00
206.00
600.00
376.00
607.00
1050.00
109.00
45.00
528.00
0.00
27.00
22.00
146.00
1.00
5.00
10.00
48.00
140.00
11.00
54.00
47.00
13.00
0.00
0.00
0.00
116.00
209.00
103.00
3.00
23.00
73.00
4.00
22.00
54.00
55.00
43.00
120.00
100.00
103.00
8.00
3.00
19.00
16.00
47.00
40.00
30.00
261.00
86.00
3.00
32.00
17.00
30.00
12.00
47.00
45.00
13.00
27.00
0.00
452.00
235.00
145.00
17.00
346.00
44.00
66.00
214.00
176.00
387.00
207.00
237.00
169.00
55.00
53.00
19.00
29.00
81.00
6.00
20.00
35.00
136.00
167.00
77.00
0.00
1.00
0.00
52.00
36.00
1.00
15.00
232.00
32.00
0.00
0.00
2.00
170.00
9.00
67.00
106.00
7.00
1.00
74.00
0.00
4.00
55.00
79.00
143.00
10.00
1.00
22.00
5.00
55.00
20.00
11.00
0.00
0.00
0.00
0.00
0.00
0.00
0.00
0.00
0.00
0.00
0.00
128.00
108.00
562.00
347.00
78.00
0.00
0.00
0.00
0.00
0.00
0.00
0.00
0.00
0.00
0.00
0.00
0.00
0.00
2.00
66.00
238.00
122.00
32.00
0.00
0.00
0.00
0.00
0.00
4.00
0.00
0.00
0.00
0.00
0.00
0.00
0.00
0.00
0.00
0.00
0.00
0.00
0.00
0.00
0.00
0.00
0.00
0.00
0.00
0.00
0.00
0.00
0.00
0.00
0.00
0.00
0.00
0.00
0.00
0.00
0.00
0.00
0.00
0.00
0.00
0.00
0.00
0.00
0.00
33.00
36.00
2.00
0.00
0.00
0.00
0.00
0.00
0.00
0.00
0.00
0.00
0.00
0.00
0.00
0.00
0.00
0.00
0.00
0.00
0.00
0.00
0.00
0.00
0.00
0.00
0.00
0.00
0.00
0.00
0.00
0.00
0.00
0.00
0.00
0.00
0.00
0.00
0.00
0.00
0.00
0.00
0.00
0.00
0.00
0.00
0.00
0.00
0.00
0.00
0.00
0.00
0.00
0.00
0.00
0.00
0.00
0.00
0.00
0.00
0.00
0.00
2.00
13.00
0.00
0.00
0.00
0.00
0.00
0.00
2.80
106.10
79.00
69.40
35.70
0.00
0.00
0.20
1.00
20.10
0.00
0.00
0.00
0.00
0.00
0.00
0.00
0.00
2.30
1.30
2.80
40.60
1.70
0.00
0.00
0.00
0.00
0.00
0.00
0.00
0.00
0.20
0.00
0.00
0.00
55.40
34.90
126.80
28.90
0.00
0.20
12.70
0.40
15.30
49.00
0.60
4.00
0.00
0.90
0.00
0.00
0.00
0.20
0.00
0.00
0.00
0.00
0.20
0.00
0.00
0.00
0.00
0.00
0.00
0.00
0.00
0.00
0.10
10.90
58.40
0.00
0.00
0.00
0.00
0.00
0.00
1.10
0.00
2.20
3.90
18.50
14.80
1.40
5.20
2.10
2.10
0.00
5.70
5.70
94.70
29.90
0.50
0.00
0.00
0.00
0.00
0.00
50.90
4.30
15.30
13.80
0.10
0.10
6.00
0.60
4.40
0.00
0.00
13.70
41.10
56.70
11.20
0.20
0.00
50.00
22.40
13.60
8.30
2.20
0.00
0.00
2.60
1.20
4.40
0.50
0.80
3.20
0.00
0.10
0.00
4.20
2.00
20.60
34.30
43.70
107.90
107.90
34.40
34.40
26.80
0.00
0.00
0.00
13.10
0.00
0.00
0.00
3.30
0.10
3.60
0.40
51.30
6.50
4.20
3.60
0.00
25.70
2.00
1.20
2.90
22.00
9.90
26.70
11.40
5.70
9.90
1.90
1.20
8.10
32.90
10.10
23.70
23.60
0.90
1.70
0.00
0.10
20.30
2.70
16.80
38.70
19.60
3.70
0.50
0.30
3.60
2.50
24.00
7.30
70.70
15.30
6.30
37.70
10.00
5.60
2.00
2.70
9.10
7.80
5.60
9.20
0.70
0.70
2.20
0.40
0.10
0.00
3.30
0.20
29.30
32.00
20.80
18.00
17.80
0.00
0.20
2.80
15.90
4.70
4.70
28.80
0.00
0.00
0.10
21.50
3.30
0.00
17.80
6.20
0.00
0.00
0.00
0.00
2.20
0.00
0.00
0.00
0.00
0.00
0.10
5.90
0.70
0.20
0.20
0.70
