20160101
0.00
0.00
0.00
0.00
0.00
0.00
0.00
0.00
0.00
0.00
0.00
0.00
0.00
0.00
0.00
0.00
0.00
0.00
26.00
2.00
0.00
0.00
0.00
0.00
0.00
0.00
0.00
0.00
0.00
0.00
0.00
0.00
0.00
0.00
0.00
0.00
0.00
1.00
91.00
0.00
0.00
0.00
0.00
0.00
0.00
0.00
0.00
0.00
0.00
0.00
13.00
0.00
1.00
0.00
104.00
0.00
66.00
0.00
0.00
0.00
4.00
0.00
0.00
0.00
0.00
169.00
0.00
0.00
0.00
2.00
0.00
0.00
2.00
1.00
1.00
0.00
0.00
3.00
10.00
0.00
0.00
0.00
0.00
0.00
0.00
0.00
0.00
1.00
393.00
107.00
131.00
0.00
11.00
60.00
0.00
106.00
0.00
0.00
0.00
0.00
0.00
0.00
0.00
0.00
0.00
0.00
1.00
0.00
0.00
0.00
0.00
0.00
0.00
0.00
0.00
0.00
0.00
1.00
0.00
0.00
0.00
204.00
0.00
2.00
1.00
0.00
0.00
311.00
9.00
5.00
1.00
0.00
254.00
156.00
56.00
6.00
2.00
44.00
5.00
18.00
154.00
30.00
0.00
0.00
203.00
34.00
0.00
78.00
13.00
0.00
0.00
128.00
0.00
0.00
0.00
7.00
23.00
52.00
103.00
0.00
1.00
0.00
726.00
149.00
47.00
24.00
22.00
22.00
23.00
0.00
3.00
1.00
40.00
41.00
10.00
43.00
0.00
312.00
15.00
6.00
3.00
13.00
75.00
106.00
156.00
30.00
429.00
127.00
102.00
136.00
27.00
3.00
0.00
5.00
25.00
19.00
138.00
310.00
112.00
116.00
215.00
28.00
5.00
51.00
134.00
40.00
90.00
39.00
4.00
22.00
136.00
105.00
64.00
133.00
43.00
25.00
17.00
66.00
15.00
26.00
21.00
43.00
193.00
71.00
27.00
16.00
39.00
61.00
280.00
600.00
47.00
4.00
77.00
838.00
19.00
7.00
12.00
427.00
20.00
18.00
37.00
31.00
18.00
20.00
184.00
707.00
54.00
7.00
37.00
33.00
28.00
10.00
0.00
26.00
29.00
70.00
146.00
31.00
41.00
14.00
131.00
55.00
77.00
266.00
31.00
70.00
12.00
155.00
101.00
207.00
13.00
39.00
24.00
3.00
0.00
3.00
1.00
3.00
3.00
7.00
0.00
29.00
5.00
4.00
3.00
51.00
0.00
0.00
0.00
0.00
0.00
0.00
0.00
0.00
0.00
0.00
0.00
20.00
0.00
0.00
74.00
8.00
0.00
0.00
2.00
1.00
0.00
207.00
772.00
405.00
0.00
0.00
0.00
0.00
0.00
0.00
0.00
0.00
0.00
0.00
0.00
0.00
0.00
0.00
0.00
0.00
0.00
0.00
0.00
0.00
0.00
0.00
66.00
0.00
0.00
0.00
0.00
0.00
0.00
0.00
0.00
0.00
0.00
0.00
0.00
0.00
0.00
0.00
0.00
0.00
0.00
0.00
0.00
0.00
0.00
0.00
0.00
0.00
0.00
0.00
0.00
0.00
0.00
0.00
0.00
0.00
0.00
0.00
0.00
0.00
0.00
0.00
0.00
0.00
0.00
0.00
0.00
0.00
0.00
0.00
0.00
0.00
0.00
0.00
0.00
0.00
0.00
0.00
0.00
0.00
0.00
14.00
16.00
0.00
0.00
0.00
0.00
0.00
0.00
0.00
0.00
0.00
0.00
0.00
0.00
0.00
0.00
0.00
0.00
0.00
0.00
0.00
0.00
0.00
0.00
0.00
0.00
0.00
0.00
0.00
0.00
0.00
0.00
0.00
0.00
0.00
0.00
0.00
9.00
156.00
0.00
0.00
14.00
0.00
227.00
18.00
0.00
0.00
0.00
0.00
0.00
0.00
23.00
11.00
187.00
0.00
0.00
0.00
0.00
11.00
0.00
0.00
7.00
5.00
3.00
0.00
62.00
0.00
144.00
0.00
21.00
0.00
29.00
2.00
0.00
0.00
0.00
0.00
0.00
0.00
0.00
0.00
0.00
48.00
440.00
0.00
888.00
656.00
376.00
171.00
57.00
0.00
1.00
0.00
18.00
203.00
321.00
0.00
0.00
0.00
138.00
17.00
0.00
0.00
115.00
0.00
9.00
0.00
117.00
193.00
448.00
0.00
332.00
0.00
0.00
0.00
0.00
0.00
0.00
0.00
0.00
126.00
0.00
56.00
119.00
30.00
352.00
236.00
132.00
27.00
0.00
361.00
0.00
0.00
27.00
6.00
0.00
306.00
452.00
10.00
13.00
160.00
43.00
33.00
285.00
584.00
0.00
63.00
139.00
0.00
0.00
5.00
4.00
1.00
0.00
4.00
20.00
85.00
218.00
167.00
270.00
107.00
7.00
6.00
12.00
23.00
107.00
260.00
130.00
6.00
24.00
9.00
20.00
269.00
61.00
289.00
408.00
338.00
12.00
27.00
686.00
140.00
270.00
66.00
1.00
49.00
82.00
6.00
232.00
184.00
175.00
96.00
14.00
28.00
54.00
1.00
12.00
365.00
874.00
141.00
37.00
38.00
147.00
68.00
72.00
13.00
33.00
23.00
99.00
492.00
42.00
12.00
12.00
403.00
121.00
37.00
13.00
31.00
151.00
71.00
291.00
50.00
16.00
233.00
4.00
35.00
11.00
38.00
730.00
318.00
6.00
37.00
16.00
10.00
4.00
83.00
252.00
95.00
98.00
6.00
4.00
1.00
0.00
2.00
26.00
63.00
167.00
191.00
146.00
216.00
136.00
0.00
0.00
0.00
49.00
55.00
41.00
230.00
49.00
0.00
31.00
0.00
1.00
0.00
0.00
0.00
12.00
1.00
1113.00
154.00
0.00
0.00
2.00
0.00
0.00
0.00
0.00
0.00
0.00
0.00
0.00
0.00
0.00
0.00
0.00
0.00
0.00
0.00
0.00
0.00
0.00
41.00
0.00
3.00
341.00
54.00
5.00
0.00
0.00
0.00
0.00
0.00
0.00
0.00
0.00
0.00
0.00
0.00
0.00
0.00
0.00
0.00
0.00
0.00
0.00
0.00
1.00
1.00
4.00
0.00
0.00
0.00
0.00
0.00
0.00
0.00
0.00
0.00
22.00
0.00
0.00
0.00
0.00
0.00
0.00
0.00
0.00
0.00
0.00
0.00
0.00
29.00
0.00
0.00
0.00
0.00
0.00
0.00
0.00
0.00
0.00
0.00
0.00
0.00
0.00
0.00
0.00
0.00
0.00
0.00
0.00
0.00
0.00
0.00
0.00
0.00
0.00
0.00
0.00
0.00
0.00
0.00
0.00
0.00
0.00
0.00
0.00
0.00
827.00
337.00
168.00
25.00
235.00
0.00
255.00
254.00
0.00
0.00
0.00
0.00
0.00
0.00
0.00
0.00
0.00
0.00
684.00
100.00
0.00
0.00
0.00
0.00
0.00
0.00
275.00
12.00
0.00
0.00
13.00
0.00
0.00
0.00
0.00
0.00
113.00
231.00
0.00
0.00
0.00
0.00
0.00
0.00
0.00
51.00
52.00
0.00
0.00
0.00
0.00
311.00
195.00
8.00
10.00
0.00
0.00
90.00
141.00
206.00
2.00
10.00
0.00
67.00
111.00
0.00
0.00
0.00
38.00
45.00
63.00
49.00
6.00
5.00
36.00
0.00
0.00
322.00
2.00
0.00
2.00
16.00
423.00
0.00
272.00
0.00
72.00
1128.00
16.00
14.00
28.00
0.00
304.00
105.00
0.00
36.00
3.00
2.00
36.00
0.00
36.00
0.00
93.00
8.00
111.00
47.00
31.00
56.00
0.00
0.00
12.00
2.00
74.00
26.00
265.00
0.00
227.00
0.00
0.00
0.00
0.00
2.00
551.00
45.00
4.00
89.00
0.00
18.00
85.00
660.00
247.00
0.00
31.00
0.00
0.00
0.00
86.00
14.00
52.00
41.00
5.00
1.00
2.00
1.00
76.00
142.00
262.00
186.00
0.00
0.00
0.00
0.00
12.00
11.00
19.00
9.00
34.00
147.00
34.00
1.00
11.00
11.00
1.00
28.00
51.00
27.00
135.00
171.00
251.00
2.00
123.00
59.00
32.00
58.00
33.00
117.00
14.00
14.00
61.00
26.00
797.00
5.00
2.00
9.00
12.00
20.00
91.00
68.00
136.00
31.00
12.00
28.00
21.00
78.00
57.00
6.00
44.00
126.00
46.00
12.00
45.00
12.00
1.00
2.00
0.00
15.00
2.00
139.00
6.00
140.00
8.00
4.00
19.00
8.00
1.00
5.00
87.00
42.00
53.00
57.00
15.00
7.00
3.00
20.00
219.00
150.00
21.00
2.00
2.00
1.00
22.00
14.00
0.00
0.00
0.00
0.00
0.00
0.00
0.00
0.00
0.00
0.00
0.00
0.00
10.00
17.00
107.00
86.00
18.00
0.00
0.00
0.00
0.00
0.00
0.00
0.00
0.00
0.00
0.00
0.00
0.00
0.00
21.00
19.00
17.00
0.00
0.00
0.00
0.00
0.00
0.00
7.00
0.00
0.00
0.00
0.00
0.00
0.00
0.00
0.00
0.00
0.00
0.00
0.00
0.00
0.00
0.00
0.00
0.00
0.00
0.00
0.00
0.00
0.00
0.00
0.00
0.00
0.00
0.00
0.00
0.00
7.00
0.00
0.00
0.00
0.00
0.00
0.00
0.00
0.00
0.00
0.00
35.00
133.00
17.00
0.00
0.00
0.00
0.00
0.00
0.00
0.00
0.00
0.00
0.00
0.00
0.00
0.00
0.00
0.00
0.00
0.00
0.00
0.00
0.00
0.00
0.00
0.00
0.00
0.00
0.00
0.00
0.00
0.00
0.00
0.00
0.00
0.00
0.00
0.00
0.00
0.00
0.00
0.00
0.00
0.00
0.00
0.00
0.00
0.00
0.00
0.00
0.00
0.00
0.00
0.00
0.00
0.00
0.00
0.00
0.00
0.00
0.00
0.00
2.00
2.00
0.00
0.00
0.00
0.00
0.00
0.00
1.90
23.90
1.80
27.50
0.50
0.00
0.00
0.00
0.30
0.10
0.00
0.00
0.00
0.00
0.00
0.00
0.00
0.00
1.30
6.10
0.00
14.80
2.30
0.00
0.00
0.00
0.00
0.00
0.00
0.00
12.60
3.70
0.00
0.00
4.10
16.60
0.00
6.10
2.40
0.00
0.00
59.20
0.00
1.50
24.90
0.00
42.30
0.90
5.50
0.00
0.00
14.20
0.00
0.00
0.00
0.00
8.40
0.00
0.00
0.00
0.00
0.10
0.00
0.00
0.00
1.00
1.00
0.00
45.10
0.70
0.00
0.00
0.00
0.00
0.00
0.00
0.00
0.00
18.80
1.90
8.90
0.20
8.60
0.00
1.10
1.10
0.00
29.00
29.00
36.40
1.70
0.00
0.70
0.00
0.00
1.50
3.30
2.30
43.50
0.00
0.80
37.20
0.10
0.00
0.00
0.90
0.00
0.00
0.00
0.70
0.40
8.30
0.00
72.00
0.00
0.50
0.00
7.60
1.40
0.00
0.00
0.10
10.20
34.60
9.00
0.00
0.50
0.50
1.10
0.00
0.00
0.30
4.00
12.40
7.80
18.60
18.60
26.30
26.30
38.80
0.20
0.20
21.80
0.10
0.20
0.20
0.20
10.80
0.80
7.30
36.80
5.40
20.70
4.40
0.90
0.80
27.80
4.70
1.70
5.90
4.70
4.10
8.70
2.70
1.20
42.40
5.90
2.20
6.00
15.40
22.40
21.80
30.90
24.20
1.70
0.00
1.20
3.10
2.00
46.40
17.50
8.90
2.90
1.20
1.70
2.70
1.10
2.10
4.20
66.40
20.40
5.40
1.80
2.40
0.20
1.20
2.50
7.80
2.30
1.10
1.60
57.90
4.80
0.90
2.10
1.60
2.40
2.40
0.80
5.40
19.40
0.70
27.30
105.80
8.50
5.80
12.30
13.40
19.20
19.20
3.10
3.00
2.70
1.80
8.00
5.40
9.60
20.30
1.70
0.80
1.40
0.20
0.10
0.50
0.50
0.00
0.40
1.80
0.50
2.00
0.00
0.00
0.80
11.00
53.60
