20160101
0.00
0.00
0.00
0.00
0.00
0.00
0.00
0.00
58.00
0.00
0.00
0.00
2.00
0.00
0.00
0.00
0.00
0.00
0.00
0.00
1.00
0.00
0.00
0.00
0.00
0.00
0.00
0.00
0.00
0.00
0.00
0.00
0.00
0.00
0.00
0.00
0.00
0.00
0.00
0.00
0.00
0.00
5.00
0.00
0.00
0.00
0.00
0.00
0.00
0.00
0.00
0.00
4.00
9.00
46.00
5.00
15.00
0.00
0.00
0.00
1.00
0.00
0.00
0.00
0.00
21.00
0.00
0.00
0.00
0.00
0.00
1.00
0.00
0.00
0.00
11.00
0.00
0.00
11.00
0.00
39.00
0.00
16.00
0.00
0.00
0.00
0.00
324.00
1.00
6.00
295.00
84.00
0.00
98.00
340.00
51.00
0.00
0.00
0.00
0.00
0.00
0.00
0.00
0.00
34.00
9.00
116.00
63.00
0.00
6.00
0.00
0.00
0.00
0.00
0.00
62.00
0.00
2.00
0.00
0.00
0.00
187.00
150.00
44.00
142.00
2.00
0.00
2.00
0.00
0.00
2.00
0.00
280.00
19.00
1.00
12.00
2.00
237.00
380.00
125.00
729.00
836.00
0.00
1.00
165.00
49.00
0.00
33.00
42.00
49.00
0.00
99.00
0.00
41.00
515.00
446.00
0.00
20.00
61.00
14.00
7.00
213.00
80.00
27.00
76.00
1.00
28.00
80.00
185.00
1.00
2.00
2.00
26.00
9.00
0.00
62.00
68.00
75.00
25.00
118.00
262.00
19.00
50.00
28.00
42.00
89.00
38.00
0.00
113.00
29.00
24.00
40.00
4.00
12.00
21.00
30.00
130.00
27.00
2.00
22.00
0.00
0.00
9.00
24.00
30.00
38.00
380.00
12.00
1.00
9.00
247.00
57.00
53.00
126.00
95.00
76.00
51.00
51.00
29.00
47.00
90.00
75.00
40.00
21.00
52.00
162.00
87.00
30.00
7.00
20.00
0.00
4.00
419.00
58.00
0.00
7.00
15.00
302.00
46.00
68.00
56.00
1.00
211.00
57.00
84.00
60.00
34.00
2.00
1.00
9.00
2.00
7.00
1.00
1.00
139.00
201.00
376.00
122.00
87.00
412.00
56.00
62.00
88.00
71.00
111.00
162.00
231.00
0.00
44.00
19.00
343.00
183.00
3.00
721.00
76.00
44.00
8.00
65.00
290.00
146.00
238.00
101.00
0.00
21.00
261.00
222.00
0.00
0.00
0.00
0.00
0.00
0.00
0.00
0.00
0.00
0.00
0.00
10.00
0.00
0.00
43.00
33.00
46.00
0.00
0.00
0.00
7.00
1.00
148.00
722.00
237.00
0.00
0.00
0.00
0.00
0.00
0.00
0.00
0.00
0.00
0.00
0.00
0.00
0.00
0.00
0.00
0.00
0.00
0.00
0.00
0.00
0.00
0.00
0.00
0.00
0.00
0.00
0.00
0.00
0.00
0.00
0.00
0.00
0.00
0.00
0.00
0.00
0.00
0.00
0.00
0.00
0.00
0.00
0.00
0.00
0.00
0.00
0.00
0.00
0.00
0.00
0.00
0.00
0.00
0.00
0.00
0.00
0.00
0.00
0.00
0.00
0.00
0.00
0.00
0.00
0.00
0.00
0.00
0.00
0.00
0.00
0.00
0.00
0.00
0.00
0.00
0.00
0.00
0.00
0.00
0.00
0.00
0.00
0.00
0.00
0.00
0.00
0.00
0.00
0.00
0.00
0.00
0.00
0.00
0.00
0.00
0.00
0.00
0.00
0.00
0.00
0.00
0.00
0.00
0.00
0.00
0.00
0.00
0.00
3.00
0.00
0.00
0.00
0.00
0.00
0.00
0.00
0.00
2.00
139.00
48.00
7.00
232.00
0.00
126.00
40.00
0.00
0.00
0.00
0.00
0.00
0.00
316.00
0.00
90.00
0.00
0.00
0.00
0.00
82.00
0.00
0.00
0.00
191.00
96.00
1.00
0.00
0.00
321.00
385.00
368.00
0.00
0.00
0.00
0.00
0.00
0.00
0.00
0.00
0.00
44.00
23.00
0.00
0.00
560.00
166.00
88.00
253.00
307.00
223.00
241.00
2.00
0.00
0.00
0.00
38.00
14.00
0.00
0.00
0.00
0.00
11.00
0.00
0.00
68.00
0.00
0.00
0.00
23.00
31.00
487.00
5.00
37.00
0.00
14.00
0.00
165.00
0.00
0.00
0.00
0.00
3.00
158.00
214.00
180.00
562.00
84.00
739.00
46.00
127.00
165.00
0.00
73.00
366.00
1437.00
705.00
464.00
143.00
561.00
500.00
0.00
40.00
289.00
13.00
72.00
228.00
3.00
16.00
113.00
178.00
189.00
76.00
231.00
111.00
87.00
16.00
186.00
40.00
9.00
159.00
22.00
54.00
6.00
2.00
1.00
14.00
95.00
33.00
165.00
605.00
255.00
241.00
77.00
32.00
91.00
113.00
266.00
6.00
100.00
100.00
577.00
34.00
30.00
96.00
132.00
44.00
14.00
19.00
0.00
3.00
191.00
46.00
56.00
31.00
3.00
8.00
0.00
92.00
428.00
64.00
59.00
0.00
41.00
22.00
83.00
30.00
45.00
319.00
290.00
48.00
644.00
126.00
123.00
308.00
31.00
85.00
51.00
48.00
75.00
22.00
0.00
177.00
7.00
1.00
105.00
32.00
4.00
0.00
216.00
29.00
0.00
114.00
31.00
39.00
75.00
117.00
262.00
41.00
26.00
35.00
1.00
28.00
46.00
266.00
338.00
252.00
132.00
53.00
57.00
42.00
108.00
63.00
83.00
171.00
134.00
21.00
23.00
16.00
6.00
2.00
44.00
57.00
0.00
0.00
1.00
184.00
109.00
185.00
258.00
947.00
0.00
0.00
0.00
0.00
0.00
0.00
26.00
497.00
145.00
0.00
0.00
0.00
0.00
0.00
0.00
0.00
0.00
0.00
0.00
0.00
0.00
23.00
0.00
0.00
176.00
47.00
5.00
0.00
0.00
0.00
0.00
0.00
0.00
0.00
0.00
0.00
0.00
0.00
0.00
0.00
0.00
0.00
0.00
0.00
0.00
1.00
17.00
823.00
335.00
235.00
0.00
0.00
0.00
0.00
0.00
0.00
0.00
0.00
3.00
0.00
0.00
0.00
0.00
0.00
0.00
0.00
0.00
0.00
0.00
0.00
227.00
202.00
20.00
0.00
0.00
0.00
0.00
0.00
0.00
0.00
0.00
0.00
0.00
0.00
0.00
0.00
0.00
0.00
0.00
0.00
0.00
0.00
0.00
0.00
0.00
0.00
0.00
0.00
0.00
0.00
0.00
0.00
0.00
0.00
0.00
0.00
0.00
0.00
20.00
8.00
370.00
2.00
91.00
0.00
12.00
0.00
0.00
0.00
0.00
0.00
0.00
0.00
0.00
0.00
0.00
0.00
0.00
271.00
0.00
0.00
0.00
0.00
0.00
0.00
0.00
0.00
0.00
0.00
0.00
0.00
0.00
0.00
125.00
0.00
0.00
1.00
337.00
11.00
0.00
0.00
0.00
0.00
0.00
0.00
1.00
0.00
21.00
0.00
0.00
91.00
5.00
0.00
4.00
100.00
0.00
261.00
13.00
75.00
79.00
2.00
0.00
4.00
0.00
0.00
12.00
0.00
0.00
75.00
1.00
4.00
9.00
278.00
71.00
0.00
1.00
22.00
91.00
39.00
6.00
160.00
323.00
5.00
42.00
0.00
61.00
357.00
820.00
588.00
321.00
399.00
505.00
292.00
0.00
18.00
18.00
0.00
86.00
0.00
0.00
97.00
142.00
0.00
0.00
0.00
228.00
0.00
0.00
0.00
24.00
13.00
21.00
137.00
20.00
59.00
200.00
1146.00
304.00
21.00
338.00
269.00
835.00
496.00
857.00
734.00
726.00
44.00
223.00
1.00
138.00
32.00
10.00
0.00
70.00
25.00
35.00
51.00
1.00
62.00
49.00
11.00
0.00
0.00
1.00
172.00
85.00
44.00
0.00
48.00
110.00
5.00
10.00
26.00
89.00
64.00
37.00
81.00
307.00
8.00
12.00
31.00
22.00
6.00
34.00
6.00
79.00
4.00
12.00
0.00
39.00
1.00
42.00
67.00
91.00
53.00
9.00
0.00
303.00
398.00
225.00
12.00
441.00
73.00
4.00
141.00
445.00
117.00
144.00
100.00
82.00
90.00
1.00
34.00
29.00
55.00
0.00
21.00
33.00
31.00
173.00
11.00
2.00
1.00
1.00
52.00
17.00
0.00
31.00
31.00
37.00
2.00
0.00
23.00
219.00
39.00
0.00
5.00
0.00
0.00
349.00
0.00
110.00
36.00
34.00
120.00
47.00
0.00
90.00
8.00
6.00
0.00
10.00
1.00
0.00
0.00
0.00
0.00
0.00
0.00
0.00
0.00
0.00
0.00
175.00
190.00
487.00
451.00
68.00
0.00
0.00
0.00
0.00
0.00
0.00
0.00
0.00
0.00
0.00
0.00
0.00
0.00
77.00
95.00
201.00
116.00
30.00
0.00
0.00
1.00
0.00
0.00
0.00
0.00
0.00
0.00
0.00
0.00
0.00
0.00
0.00
0.00
0.00
0.00
0.00
0.00
0.00
0.00
0.00
0.00
0.00
0.00
0.00
0.00
0.00
0.00
0.00
0.00
0.00
0.00
0.00
0.00
0.00
0.00
0.00
0.00
0.00
0.00
0.00
0.00
0.00
0.00
33.00
29.00
2.00
0.00
0.00
0.00
0.00
0.00
0.00
0.00
0.00
0.00
0.00
0.00
0.00
0.00
0.00
0.00
0.00
0.00
0.00
0.00
0.00
0.00
0.00
0.00
0.00
0.00
0.00
0.00
0.00
0.00
0.00
0.00
0.00
0.00
0.00
0.00
0.00
0.00
0.00
0.00
0.00
0.00
0.00
0.00
0.00
0.00
0.00
0.00
0.00
0.00
0.00
0.00
0.00
0.00
0.00
0.00
0.00
0.00
0.00
0.00
1.00
6.00
0.00
0.00
0.00
0.00
0.00
0.00
0.00
136.90
131.00
63.10
47.20
0.00
0.00
0.00
1.50
40.20
0.00
0.00
0.00
0.00
0.00
0.00
0.00
0.00
0.00
0.10
0.90
28.10
1.60
0.00
0.00
0.00
0.00
0.00
0.00
0.00
0.00
0.10
0.00
0.00
0.00
68.80
33.40
95.60
17.50
0.00
1.90
16.30
0.00
24.00
19.40
0.00
3.00
0.00
0.30
0.00
0.00
0.00
0.00
0.00
0.00
0.00
0.00
0.80
0.00
0.00
0.00
0.00
0.00
0.00
0.00
0.00
0.00
0.20
3.10
20.10
0.00
0.00
0.00
0.00
0.00
0.00
0.00
0.00
2.50
0.50
0.10
6.30
22.00
43.10
0.30
0.30
0.00
19.10
19.10
40.40
3.60
0.80
0.00
0.00
0.00
0.30
0.60
20.20
0.90
3.40
3.90
0.10
0.30
1.30
1.70
5.30
0.00
0.00
28.70
18.70
27.80
0.60
0.30
0.00
16.20
33.50
40.80
4.30
7.80
0.00
4.30
5.00
1.60
10.80
1.50
0.30
9.20
1.10
2.10
0.10
3.20
5.90
17.10
29.00
44.80
20.70
20.70
44.10
44.10
14.70
7.00
7.00
0.20
33.10
7.00
7.00
7.00
0.70
1.40
3.50
2.50
32.80
5.10
3.60
5.60
0.50
15.10
3.10
3.50
11.20
21.20
41.10
26.30
12.70
2.40
13.10
1.70
1.30
1.90
7.80
10.50
17.00
6.20
8.80
0.70
0.10
8.00
15.80
0.00
10.60
54.90
18.00
18.50
5.70
0.90
6.80
2.20
3.60
0.70
4.20
3.30
12.80
34.80
21.50
2.70
0.60
1.00
7.00
4.60
8.20
6.20
1.20
0.30
3.70
1.20
0.30
0.00
15.70
0.40
9.50
21.10
26.50
18.40
20.30
2.10
12.80
0.10
22.60
5.40
5.40
16.30
0.00
0.00
1.20
34.50
0.00
2.70
19.90
13.50
0.00
0.00
0.00
6.00
2.20
0.00
0.00
0.00
0.10
0.00
0.90
7.20
3.00
1.10
0.50
2.30
