20160101
0.00
0.00
0.00
0.00
0.00
0.00
0.00
0.00
1.00
0.00
0.00
0.00
0.00
0.00
0.00
0.00
0.00
0.00
0.00
5.00
0.00
0.00
0.00
0.00
0.00
0.00
0.00
0.00
0.00
0.00
0.00
0.00
0.00
0.00
0.00
0.00
0.00
0.00
0.00
0.00
0.00
2.00
27.00
0.00
0.00
0.00
0.00
0.00
0.00
0.00
0.00
0.00
0.00
177.00
20.00
0.00
15.00
0.00
0.00
0.00
0.00
4.00
0.00
26.00
0.00
101.00
0.00
0.00
1.00
1.00
0.00
0.00
0.00
0.00
0.00
78.00
0.00
0.00
4.00
0.00
126.00
0.00
62.00
0.00
0.00
0.00
0.00
511.00
5.00
64.00
359.00
124.00
0.00
173.00
662.00
569.00
115.00
0.00
0.00
0.00
0.00
0.00
0.00
20.00
110.00
83.00
466.00
376.00
0.00
51.00
78.00
302.00
236.00
0.00
2.00
117.00
9.00
23.00
7.00
0.00
12.00
86.00
317.00
77.00
237.00
28.00
19.00
6.00
0.00
0.00
1.00
1.00
67.00
100.00
18.00
142.00
0.00
203.00
510.00
29.00
258.00
1042.00
5.00
7.00
2.00
13.00
3.00
0.00
16.00
93.00
14.00
10.00
7.00
8.00
1.00
813.00
0.00
63.00
53.00
3.00
6.00
158.00
41.00
60.00
17.00
0.00
135.00
211.00
567.00
12.00
0.00
15.00
25.00
27.00
2.00
19.00
21.00
10.00
89.00
14.00
162.00
12.00
66.00
70.00
42.00
22.00
2.00
5.00
9.00
59.00
177.00
132.00
73.00
0.00
3.00
33.00
197.00
63.00
17.00
11.00
7.00
3.00
3.00
62.00
176.00
82.00
306.00
20.00
19.00
28.00
104.00
26.00
25.00
78.00
3.00
88.00
45.00
124.00
47.00
268.00
155.00
46.00
13.00
52.00
91.00
32.00
139.00
77.00
9.00
39.00
37.00
3.00
282.00
16.00
0.00
11.00
0.00
826.00
31.00
4.00
0.00
14.00
271.00
435.00
67.00
16.00
64.00
48.00
64.00
41.00
117.00
2.00
22.00
6.00
71.00
476.00
513.00
179.00
0.00
522.00
177.00
325.00
61.00
133.00
458.00
71.00
306.00
10.00
118.00
39.00
188.00
212.00
0.00
278.00
1.00
0.00
0.00
140.00
254.00
318.00
152.00
31.00
0.00
25.00
245.00
201.00
0.00
0.00
0.00
0.00
0.00
0.00
0.00
0.00
0.00
0.00
0.00
0.00
2.00
1.00
75.00
2.00
71.00
112.00
0.00
0.00
31.00
26.00
171.00
529.00
144.00
0.00
0.00
0.00
0.00
0.00
0.00
0.00
0.00
0.00
0.00
0.00
0.00
0.00
0.00
0.00
0.00
0.00
0.00
0.00
0.00
0.00
0.00
0.00
0.00
0.00
0.00
0.00
0.00
0.00
0.00
0.00
0.00
0.00
0.00
0.00
0.00
0.00
0.00
0.00
0.00
0.00
0.00
0.00
0.00
0.00
0.00
0.00
0.00
0.00
0.00
0.00
0.00
0.00
0.00
0.00
0.00
0.00
0.00
0.00
0.00
0.00
0.00
0.00
0.00
0.00
0.00
0.00
0.00
0.00
0.00
0.00
0.00
0.00
0.00
0.00
0.00
0.00
0.00
0.00
0.00
0.00
1.00
0.00
0.00
0.00
0.00
0.00
0.00
0.00
0.00
0.00
0.00
0.00
0.00
0.00
0.00
0.00
0.00
0.00
0.00
0.00
0.00
0.00
0.00
0.00
0.00
0.00
1.00
7.00
0.00
0.00
0.00
0.00
0.00
0.00
0.00
0.00
0.00
33.00
24.00
0.00
143.00
0.00
90.00
193.00
0.00
0.00
0.00
0.00
0.00
0.00
65.00
0.00
91.00
0.00
0.00
0.00
0.00
92.00
0.00
0.00
3.00
74.00
448.00
39.00
41.00
3.00
634.00
181.00
326.00
0.00
0.00
0.00
0.00
0.00
0.00
0.00
0.00
0.00
52.00
26.00
30.00
0.00
540.00
313.00
161.00
436.00
29.00
320.00
42.00
3.00
0.00
118.00
1.00
49.00
225.00
0.00
0.00
42.00
10.00
57.00
0.00
0.00
81.00
0.00
6.00
0.00
21.00
55.00
476.00
2.00
47.00
0.00
50.00
9.00
119.00
16.00
0.00
0.00
7.00
31.00
71.00
128.00
160.00
744.00
314.00
250.00
215.00
336.00
187.00
18.00
1.00
24.00
147.00
478.00
997.00
177.00
104.00
30.00
49.00
159.00
43.00
48.00
88.00
225.00
16.00
11.00
14.00
43.00
101.00
349.00
398.00
104.00
116.00
60.00
190.00
87.00
4.00
62.00
6.00
65.00
85.00
60.00
5.00
16.00
111.00
54.00
262.00
230.00
220.00
222.00
29.00
5.00
31.00
93.00
77.00
30.00
89.00
57.00
197.00
32.00
55.00
24.00
102.00
56.00
63.00
31.00
2.00
91.00
331.00
21.00
100.00
72.00
16.00
2.00
0.00
74.00
387.00
99.00
8.00
3.00
60.00
49.00
15.00
80.00
176.00
309.00
94.00
81.00
232.00
141.00
208.00
314.00
4.00
71.00
60.00
32.00
38.00
0.00
24.00
4.00
0.00
27.00
37.00
153.00
44.00
4.00
14.00
7.00
49.00
17.00
53.00
0.00
69.00
176.00
92.00
101.00
25.00
50.00
4.00
0.00
0.00
13.00
47.00
254.00
213.00
59.00
18.00
236.00
58.00
8.00
13.00
263.00
224.00
100.00
70.00
12.00
19.00
0.00
10.00
0.00
0.00
0.00
0.00
254.00
388.00
234.00
299.00
1279.00
0.00
0.00
0.00
0.00
0.00
0.00
6.00
885.00
563.00
0.00
0.00
0.00
0.00
0.00
0.00
0.00
0.00
0.00
0.00
0.00
0.00
100.00
0.00
1.00
100.00
31.00
2.00
0.00
0.00
0.00
0.00
0.00
0.00
0.00
0.00
0.00
0.00
0.00
0.00
0.00
0.00
0.00
0.00
0.00
0.00
3.00
112.00
270.00
452.00
297.00
0.00
0.00
0.00
0.00
0.00
0.00
0.00
0.00
16.00
0.00
0.00
0.00
0.00
0.00
0.00
0.00
0.00
0.00
0.00
0.00
134.00
276.00
22.00
0.00
0.00
0.00
0.00
0.00
0.00
0.00
0.00
0.00
0.00
0.00
0.00
0.00
0.00
0.00
0.00
0.00
0.00
0.00
0.00
0.00
0.00
0.00
0.00
0.00
0.00
0.00
0.00
0.00
0.00
0.00
0.00
0.00
0.00
0.00
43.00
26.00
431.00
1.00
139.00
0.00
3.00
0.00
0.00
0.00
0.00
0.00
0.00
1.00
0.00
0.00
0.00
0.00
1.00
261.00
0.00
0.00
0.00
0.00
0.00
0.00
0.00
0.00
0.00
0.00
0.00
0.00
0.00
0.00
14.00
0.00
0.00
7.00
28.00
324.00
0.00
0.00
0.00
0.00
0.00
0.00
8.00
598.00
107.00
0.00
151.00
315.00
7.00
0.00
11.00
93.00
0.00
215.00
0.00
4.00
198.00
0.00
27.00
19.00
19.00
0.00
11.00
0.00
0.00
55.00
65.00
2.00
17.00
226.00
15.00
0.00
2.00
11.00
4.00
15.00
95.00
154.00
362.00
2.00
63.00
2.00
83.00
484.00
586.00
470.00
618.00
597.00
310.00
174.00
0.00
152.00
15.00
162.00
30.00
3.00
0.00
0.00
63.00
0.00
0.00
24.00
98.00
0.00
0.00
0.00
31.00
205.00
0.00
49.00
11.00
108.00
117.00
220.00
282.00
67.00
22.00
817.00
184.00
390.00
589.00
421.00
0.00
278.00
264.00
0.00
0.00
0.00
8.00
0.00
16.00
56.00
2.00
9.00
0.00
227.00
110.00
11.00
0.00
4.00
0.00
8.00
46.00
22.00
0.00
9.00
36.00
86.00
53.00
202.00
84.00
104.00
108.00
62.00
78.00
23.00
40.00
9.00
21.00
11.00
86.00
24.00
72.00
27.00
18.00
6.00
3.00
21.00
204.00
176.00
118.00
19.00
5.00
12.00
276.00
95.00
28.00
206.00
75.00
53.00
16.00
59.00
319.00
132.00
110.00
495.00
180.00
109.00
6.00
0.00
341.00
111.00
0.00
115.00
64.00
209.00
80.00
68.00
21.00
9.00
20.00
98.00
78.00
0.00
0.00
29.00
87.00
3.00
0.00
2.00
89.00
0.00
3.00
24.00
0.00
2.00
75.00
24.00
12.00
9.00
193.00
24.00
185.00
0.00
40.00
70.00
18.00
5.00
147.00
0.00
0.00
0.00
0.00
0.00
0.00
0.00
0.00
0.00
0.00
0.00
46.00
143.00
404.00
308.00
3.00
0.00
0.00
0.00
0.00
0.00
0.00
0.00
0.00
0.00
0.00
0.00
0.00
0.00
317.00
280.00
262.00
126.00
44.00
0.00
1.00
0.00
0.00
0.00
0.00
0.00
0.00
0.00
0.00
0.00
0.00
0.00
0.00
0.00
0.00
0.00
0.00
0.00
1.00
0.00
0.00
0.00
0.00
0.00
0.00
0.00
0.00
0.00
0.00
0.00
0.00
0.00
0.00
0.00
4.00
0.00
0.00
0.00
0.00
0.00
0.00
0.00
3.00
0.00
1.00
30.00
1.00
0.00
0.00
0.00
0.00
0.00
0.00
0.00
0.00
0.00
0.00
0.00
0.00
0.00
0.00
0.00
0.00
0.00
0.00
0.00
0.00
0.00
0.00
0.00
0.00
0.00
0.00
0.00
0.00
0.00
0.00
0.00
0.00
0.00
0.00
0.00
0.00
0.00
0.00
0.00
0.00
0.00
8.00
0.00
0.00
0.00
0.00
0.00
0.00
0.00
0.00
0.00
0.00
0.00
0.00
0.00
0.00
0.00
0.00
0.00
2.00
10.00
0.00
0.00
0.00
0.00
0.00
0.00
0.00
114.30
97.70
110.40
58.10
0.00
0.00
0.00
9.10
27.30
0.00
0.00
0.00
0.00
0.00
0.00
0.00
0.00
0.00
1.50
0.00
113.90
11.30
0.10
0.00
0.00
26.40
0.00
0.00
0.00
0.10
8.20
0.00
0.00
0.00
88.10
14.60
181.70
11.20
5.30
0.00
8.40
0.00
15.90
17.10
0.00
0.20
0.00
0.10
0.00
0.10
0.00
0.00
0.00
0.00
0.30
0.00
0.30
0.00
0.00
0.00
0.00
0.00
20.90
0.10
0.00
0.00
0.10
2.90
13.20
0.00
0.00
0.00
0.00
0.00
0.00
3.50
0.00
46.90
2.90
0.80
0.60
7.10
4.70
0.40
0.40
0.10
13.50
13.50
101.60
1.20
1.60
0.00
0.00
0.00
0.00
25.50
49.40
0.90
6.50
2.10
0.60
5.60
10.20
0.40
4.10
0.00
0.10
0.80
45.20
16.00
3.30
0.00
0.00
4.70
28.40
10.00
13.60
1.40
0.00
2.10
0.40
0.70
1.30
2.10
1.60
14.50
10.30
4.90
3.20
45.80
19.30
11.10
2.60
7.00
21.30
21.30
19.70
19.70
5.30
4.50
4.50
0.10
0.90
4.50
4.50
4.50
1.40
2.00
1.20
0.90
49.50
20.30
9.70
8.10
0.90
9.20
3.70
8.90
16.60
52.50
10.50
11.40
1.60
21.90
4.80
0.50
1.40
0.00
1.10
10.20
7.50
4.00
0.90
8.40
0.20
0.70
5.60
2.40
27.50
40.90
36.10
9.80
3.80
3.10
3.00
1.10
5.60
3.90
1.00
3.50
18.90
29.30
19.90
22.20
22.20
0.40
1.90
24.10
20.40
6.40
0.60
0.10
10.50
7.80
0.80
0.20
5.00
2.20
10.60
27.90
16.10
42.20
19.70
0.50
10.00
23.90
16.90
21.60
21.60
3.30
0.00
0.50
0.00
16.50
3.10
3.20
33.50
10.90
0.00
0.00
0.00
0.00
33.00
3.70
0.00
0.00
0.00
0.00
0.30
13.20
1.40
0.30
0.30
1.60
