20160101
0.00
0.00
0.00
0.00
0.00
0.00
0.00
0.00
38.00
0.00
0.00
0.00
1.00
0.00
0.00
0.00
0.00
0.00
0.00
8.00
0.00
0.00
0.00
0.00
0.00
0.00
0.00
0.00
0.00
0.00
0.00
0.00
0.00
0.00
0.00
0.00
0.00
0.00
0.00
3.00
0.00
0.00
0.00
0.00
0.00
0.00
0.00
0.00
0.00
0.00
3.00
0.00
1.00
149.00
102.00
2.00
13.00
0.00
0.00
0.00
0.00
0.00
0.00
0.00
0.00
45.00
0.00
0.00
0.00
1.00
0.00
0.00
0.00
0.00
0.00
8.00
0.00
1.00
0.00
0.00
29.00
0.00
2.00
0.00
0.00
0.00
0.00
518.00
20.00
32.00
176.00
218.00
0.00
305.00
500.00
11.00
0.00
0.00
0.00
0.00
0.00
0.00
0.00
0.00
68.00
0.00
165.00
263.00
1.00
19.00
0.00
0.00
0.00
0.00
0.00
35.00
0.00
2.00
0.00
0.00
17.00
258.00
520.00
187.00
95.00
32.00
54.00
16.00
0.00
1.00
2.00
0.00
422.00
201.00
33.00
109.00
2.00
256.00
92.00
63.00
487.00
984.00
19.00
0.00
172.00
70.00
2.00
2.00
60.00
118.00
28.00
74.00
13.00
8.00
142.00
756.00
22.00
3.00
7.00
22.00
9.00
153.00
173.00
45.00
18.00
4.00
2.00
444.00
249.00
4.00
1.00
16.00
7.00
34.00
96.00
26.00
8.00
47.00
90.00
212.00
98.00
3.00
46.00
104.00
45.00
83.00
1.00
0.00
133.00
55.00
101.00
200.00
8.00
4.00
1.00
28.00
129.00
37.00
16.00
53.00
0.00
11.00
7.00
44.00
107.00
86.00
213.00
47.00
2.00
15.00
125.00
120.00
59.00
125.00
76.00
143.00
88.00
111.00
20.00
91.00
83.00
95.00
220.00
0.00
51.00
220.00
105.00
69.00
75.00
61.00
0.00
0.00
184.00
40.00
0.00
2.00
4.00
1062.00
78.00
406.00
7.00
16.00
194.00
201.00
118.00
5.00
40.00
5.00
36.00
1.00
8.00
3.00
0.00
2.00
13.00
105.00
483.00
206.00
4.00
374.00
154.00
43.00
129.00
269.00
38.00
54.00
35.00
0.00
6.00
113.00
151.00
157.00
1.00
513.00
201.00
16.00
0.00
114.00
71.00
378.00
279.00
259.00
4.00
18.00
312.00
124.00
0.00
0.00
0.00
0.00
0.00
0.00
0.00
0.00
0.00
0.00
0.00
0.00
0.00
8.00
12.00
26.00
52.00
0.00
0.00
0.00
29.00
49.00
261.00
595.00
244.00
0.00
0.00
0.00
0.00
0.00
0.00
0.00
0.00
0.00
0.00
0.00
0.00
0.00
0.00
0.00
0.00
0.00
0.00
0.00
0.00
0.00
0.00
0.00
0.00
0.00
0.00
0.00
0.00
0.00
0.00
0.00
0.00
0.00
0.00
0.00
0.00
0.00
0.00
0.00
0.00
0.00
0.00
0.00
0.00
0.00
0.00
0.00
23.00
0.00
0.00
0.00
0.00
0.00
0.00
0.00
0.00
0.00
0.00
0.00
0.00
0.00
0.00
0.00
0.00
0.00
0.00
0.00
0.00
0.00
0.00
0.00
0.00
0.00
0.00
0.00
0.00
0.00
0.00
0.00
0.00
0.00
3.00
0.00
0.00
0.00
0.00
0.00
0.00
0.00
0.00
0.00
0.00
0.00
0.00
0.00
0.00
0.00
0.00
0.00
0.00
0.00
0.00
0.00
0.00
0.00
0.00
0.00
0.00
24.00
0.00
0.00
0.00
0.00
0.00
0.00
0.00
0.00
0.00
143.00
44.00
4.00
359.00
0.00
107.00
260.00
0.00
0.00
0.00
0.00
0.00
0.00
96.00
2.00
55.00
0.00
0.00
0.00
0.00
108.00
0.00
0.00
0.00
169.00
266.00
3.00
0.00
0.00
260.00
282.00
666.00
0.00
0.00
0.00
0.00
0.00
0.00
0.00
0.00
0.00
62.00
3.00
0.00
1.00
619.00
622.00
109.00
387.00
125.00
589.00
208.00
0.00
1.00
0.00
81.00
203.00
91.00
0.00
0.00
59.00
0.00
41.00
0.00
0.00
110.00
0.00
0.00
0.00
33.00
26.00
444.00
2.00
107.00
0.00
64.00
3.00
72.00
41.00
0.00
0.00
16.00
10.00
0.00
95.00
155.00
526.00
101.00
406.00
123.00
155.00
439.00
2.00
0.00
53.00
139.00
526.00
428.00
122.00
351.00
141.00
24.00
39.00
202.00
112.00
87.00
684.00
0.00
0.00
144.00
145.00
176.00
154.00
181.00
86.00
69.00
13.00
131.00
68.00
17.00
67.00
60.00
29.00
10.00
6.00
0.00
40.00
72.00
82.00
332.00
284.00
90.00
294.00
103.00
163.00
12.00
41.00
175.00
39.00
148.00
38.00
486.00
35.00
31.00
90.00
149.00
109.00
24.00
1.00
1.00
24.00
114.00
105.00
96.00
18.00
11.00
1.00
0.00
101.00
527.00
70.00
1.00
36.00
104.00
21.00
78.00
34.00
51.00
223.00
66.00
386.00
312.00
219.00
147.00
242.00
48.00
173.00
88.00
74.00
77.00
32.00
5.00
365.00
67.00
0.00
66.00
20.00
71.00
0.00
55.00
201.00
3.00
5.00
4.00
0.00
25.00
84.00
199.00
24.00
10.00
37.00
0.00
0.00
2.00
54.00
282.00
190.00
44.00
66.00
46.00
127.00
19.00
63.00
97.00
612.00
401.00
10.00
0.00
5.00
0.00
0.00
16.00
0.00
0.00
0.00
0.00
184.00
428.00
542.00
397.00
1121.00
0.00
0.00
0.00
0.00
0.00
0.00
0.00
866.00
291.00
0.00
0.00
0.00
0.00
0.00
0.00
0.00
0.00
0.00
0.00
0.00
0.00
133.00
0.00
6.00
131.00
21.00
8.00
0.00
0.00
0.00
0.00
0.00
0.00
0.00
0.00
0.00
0.00
0.00
0.00
0.00
0.00
0.00
0.00
0.00
0.00
13.00
22.00
362.00
582.00
560.00
0.00
0.00
0.00
0.00
0.00
0.00
0.00
0.00
0.00
0.00
0.00
0.00
0.00
0.00
0.00
0.00
0.00
0.00
0.00
0.00
50.00
109.00
14.00
0.00
0.00
0.00
0.00
0.00
0.00
0.00
0.00
0.00
0.00
0.00
0.00
0.00
0.00
0.00
0.00
0.00
0.00
0.00
0.00
0.00
0.00
0.00
0.00
0.00
0.00
0.00
0.00
0.00
0.00
0.00
0.00
0.00
0.00
0.00
93.00
52.00
604.00
16.00
149.00
0.00
0.00
6.00
0.00
0.00
0.00
0.00
0.00
0.00
0.00
0.00
0.00
0.00
0.00
300.00
0.00
0.00
0.00
0.00
0.00
0.00
3.00
0.00
0.00
0.00
0.00
0.00
0.00
0.00
306.00
0.00
0.00
9.00
58.00
598.00
0.00
0.00
0.00
0.00
0.00
0.00
1.00
26.00
0.00
0.00
0.00
263.00
59.00
0.00
5.00
97.00
0.00
26.00
33.00
85.00
195.00
0.00
0.00
9.00
0.00
0.00
42.00
0.00
0.00
159.00
38.00
15.00
45.00
271.00
35.00
0.00
3.00
95.00
2.00
5.00
59.00
118.00
340.00
2.00
0.00
21.00
208.00
559.00
670.00
570.00
235.00
545.00
422.00
103.00
0.00
12.00
47.00
18.00
97.00
0.00
47.00
57.00
557.00
15.00
30.00
86.00
304.00
12.00
0.00
0.00
98.00
114.00
3.00
83.00
48.00
2.00
247.00
140.00
15.00
4.00
9.00
310.00
467.00
274.00
705.00
778.00
24.00
182.00
461.00
0.00
22.00
11.00
64.00
0.00
2.00
11.00
30.00
89.00
4.00
83.00
78.00
2.00
0.00
0.00
9.00
129.00
159.00
91.00
0.00
0.00
24.00
8.00
17.00
98.00
29.00
49.00
352.00
53.00
315.00
4.00
11.00
10.00
6.00
13.00
42.00
43.00
122.00
97.00
6.00
21.00
8.00
29.00
53.00
92.00
96.00
26.00
13.00
7.00
404.00
123.00
36.00
27.00
210.00
17.00
89.00
127.00
181.00
373.00
156.00
437.00
146.00
40.00
26.00
14.00
57.00
93.00
4.00
48.00
39.00
168.00
79.00
92.00
0.00
2.00
4.00
35.00
61.00
0.00
73.00
232.00
25.00
0.00
0.00
0.00
93.00
0.00
7.00
69.00
0.00
0.00
49.00
23.00
4.00
54.00
31.00
117.00
29.00
0.00
21.00
5.00
50.00
2.00
2.00
1.00
0.00
0.00
0.00
0.00
0.00
0.00
0.00
0.00
0.00
0.00
121.00
133.00
546.00
392.00
15.00
0.00
0.00
0.00
0.00
0.00
0.00
0.00
0.00
0.00
0.00
0.00
0.00
0.00
36.00
151.00
261.00
136.00
34.00
0.00
0.00
41.00
0.00
0.00
0.00
0.00
0.00
0.00
0.00
0.00
0.00
0.00
0.00
0.00
0.00
0.00
0.00
0.00
0.00
0.00
0.00
0.00
0.00
0.00
0.00
0.00
0.00
0.00
0.00
0.00
0.00
0.00
0.00
0.00
0.00
0.00
0.00
0.00
0.00
0.00
0.00
0.00
0.00
0.00
13.00
37.00
2.00
0.00
0.00
0.00
0.00
0.00
0.00
0.00
0.00
0.00
0.00
0.00
0.00
0.00
0.00
0.00
0.00
0.00
0.00
0.00
0.00
0.00
0.00
0.00
0.00
0.00
0.00
0.00
0.00
0.00
0.00
0.00
0.00
0.00
0.00
0.00
0.00
0.00
0.00
0.00
0.00
0.00
0.00
0.00
0.00
0.00
0.00
0.00
0.00
0.00
0.00
0.00
0.00
0.00
0.00
0.00
0.00
0.00
0.00
0.00
3.00
10.00
0.00
0.00
0.00
0.00
0.00
0.00
0.90
92.00
87.50
73.90
38.60
0.00
0.00
0.00
1.00
31.60
12.60
0.00
0.00
0.00
0.00
0.00
0.00
0.00
0.00
0.80
0.70
54.70
4.20
0.00
0.00
0.00
1.30
0.00
0.00
0.00
0.00
0.00
0.00
0.00
0.00
77.70
26.40
157.20
9.20
0.00
0.00
12.30
0.00
14.40
16.60
0.60
2.50
0.00
1.00
0.00
0.00
0.00
0.30
0.00
0.00
0.00
0.00
0.30
0.00
0.00
0.00
0.00
0.00
0.10
0.00
0.00
0.00
0.00
6.30
38.30
0.00
0.00
0.00
0.00
0.10
0.00
0.00
0.00
0.60
15.60
7.70
5.00
2.50
3.80
0.60
0.60
0.00
5.10
5.10
62.40
9.40
0.70
3.90
0.00
0.00
0.10
2.10
13.10
0.10
4.80
16.00
0.90
0.20
0.00
1.10
10.60
0.00
0.00
10.00
40.30
41.80
4.70
0.80
0.10
1.70
39.10
5.80
8.10
1.00
0.00
0.30
1.10
0.90
2.30
4.70
0.90
40.20
0.90
0.60
0.40
16.50
7.60
8.00
13.20
21.10
32.40
32.40
24.10
24.10
46.40
0.10
0.10
0.60
5.20
0.10
0.10
0.10
1.90
0.30
3.30
1.60
43.10
12.70
2.10
6.10
0.80
13.70
0.70
4.30
6.50
27.40
19.40
16.10
18.40
7.50
7.70
0.50
0.70
3.80
22.10
9.20
7.30
15.10
0.10
4.00
0.00
0.50
6.00
1.30
39.20
43.90
16.70
4.70
1.50
0.90
4.40
1.10
6.50
2.30
8.90
10.60
6.50
51.80
17.40
11.50
1.60
1.10
6.80
11.50
7.70
5.90
0.60
0.50
4.70
0.40
0.00
0.20
3.20
0.30
17.10
21.80
18.40
21.80
21.60
0.00
5.10
0.20
24.20
1.40
1.40
7.90
0.00
0.00
1.10
28.20
12.10
0.50
18.80
5.90
0.00
0.00
0.00
0.00
0.00
0.20
0.00
0.00
0.00
0.00
0.30
7.40
0.90
0.10
0.00
1.00
