20160101
0.00
0.00
0.00
0.00
0.00
0.00
0.00
0.00
0.00
0.00
0.00
0.00
0.00
0.00
0.00
0.00
0.00
0.00
0.00
28.00
0.00
0.00
0.00
0.00
0.00
0.00
0.00
0.00
0.00
0.00
0.00
0.00
0.00
0.00
0.00
0.00
0.00
0.00
3.00
0.00
0.00
0.00
0.00
0.00
0.00
0.00
0.00
0.00
0.00
0.00
0.00
0.00
1.00
14.00
88.00
0.00
52.00
0.00
0.00
0.00
4.00
5.00
0.00
0.00
0.00
113.00
0.00
0.00
2.00
0.00
0.00
0.00
0.00
0.00
0.00
6.00
0.00
0.00
0.00
0.00
23.00
0.00
0.00
0.00
0.00
0.00
0.00
216.00
198.00
51.00
622.00
115.00
24.00
681.00
481.00
14.00
0.00
0.00
0.00
0.00
0.00
0.00
0.00
0.00
56.00
10.00
314.00
589.00
0.00
52.00
0.00
0.00
0.00
0.00
0.00
0.00
0.00
57.00
0.00
0.00
0.00
130.00
133.00
101.00
30.00
32.00
109.00
69.00
0.00
3.00
1.00
3.00
316.00
118.00
122.00
255.00
0.00
36.00
31.00
42.00
321.00
604.00
2.00
0.00
22.00
78.00
17.00
0.00
384.00
3.00
12.00
59.00
5.00
35.00
52.00
137.00
0.00
38.00
61.00
0.00
12.00
73.00
489.00
70.00
17.00
21.00
38.00
59.00
106.00
9.00
5.00
0.00
3.00
157.00
189.00
7.00
31.00
171.00
50.00
119.00
29.00
6.00
144.00
155.00
257.00
147.00
19.00
2.00
256.00
185.00
118.00
36.00
11.00
2.00
0.00
10.00
132.00
130.00
25.00
55.00
67.00
37.00
0.00
10.00
98.00
11.00
70.00
53.00
17.00
55.00
151.00
55.00
58.00
210.00
199.00
98.00
58.00
92.00
12.00
19.00
53.00
8.00
242.00
0.00
0.00
376.00
464.00
222.00
200.00
28.00
4.00
0.00
58.00
14.00
0.00
0.00
0.00
388.00
20.00
83.00
4.00
271.00
135.00
158.00
63.00
92.00
54.00
5.00
66.00
27.00
1.00
2.00
11.00
10.00
129.00
371.00
491.00
539.00
110.00
145.00
92.00
11.00
181.00
63.00
50.00
62.00
68.00
2.00
46.00
8.00
3.00
111.00
0.00
351.00
13.00
0.00
0.00
71.00
209.00
313.00
239.00
16.00
8.00
59.00
68.00
120.00
0.00
0.00
0.00
0.00
0.00
0.00
0.00
0.00
0.00
0.00
0.00
13.00
0.00
0.00
43.00
0.00
79.00
0.00
0.00
0.00
0.00
53.00
220.00
404.00
92.00
0.00
0.00
0.00
0.00
0.00
0.00
0.00
0.00
0.00
0.00
0.00
0.00
0.00
0.00
0.00
0.00
0.00
0.00
0.00
0.00
0.00
0.00
0.00
0.00
0.00
0.00
0.00
0.00
0.00
0.00
0.00
0.00
0.00
0.00
0.00
0.00
0.00
0.00
0.00
0.00
0.00
0.00
0.00
0.00
0.00
0.00
0.00
0.00
0.00
0.00
0.00
0.00
0.00
0.00
0.00
0.00
0.00
0.00
3.00
0.00
0.00
0.00
0.00
0.00
0.00
0.00
0.00
0.00
0.00
0.00
0.00
0.00
0.00
0.00
0.00
0.00
0.00
0.00
0.00
0.00
0.00
4.00
0.00
0.00
0.00
0.00
0.00
0.00
0.00
0.00
0.00
0.00
0.00
0.00
0.00
0.00
0.00
0.00
0.00
0.00
0.00
0.00
0.00
0.00
0.00
0.00
0.00
70.00
0.00
0.00
0.00
0.00
0.00
0.00
0.00
0.00
0.00
2.00
33.00
0.00
0.00
41.00
0.00
185.00
113.00
0.00
0.00
0.00
0.00
0.00
0.00
33.00
0.00
47.00
0.00
0.00
0.00
0.00
267.00
0.00
0.00
16.00
563.00
180.00
32.00
0.00
1.00
85.00
356.00
202.00
0.00
0.00
0.00
0.00
0.00
0.00
0.00
0.00
0.00
3.00
8.00
0.00
1.00
1091.00
296.00
22.00
650.00
32.00
779.00
190.00
0.00
0.00
2.00
113.00
0.00
567.00
0.00
0.00
7.00
1.00
273.00
0.00
0.00
142.00
0.00
0.00
7.00
16.00
49.00
446.00
7.00
117.00
0.00
131.00
4.00
0.00
1.00
0.00
0.00
0.00
51.00
0.00
10.00
174.00
266.00
943.00
858.00
39.00
102.00
148.00
47.00
0.00
50.00
124.00
82.00
125.00
192.00
345.00
21.00
70.00
137.00
361.00
405.00
995.00
565.00
78.00
10.00
4.00
106.00
425.00
73.00
59.00
49.00
200.00
65.00
105.00
61.00
15.00
40.00
240.00
56.00
8.00
11.00
5.00
74.00
169.00
199.00
86.00
283.00
22.00
189.00
88.00
79.00
17.00
80.00
317.00
157.00
56.00
43.00
247.00
146.00
84.00
40.00
134.00
43.00
21.00
191.00
28.00
113.00
247.00
397.00
30.00
17.00
8.00
7.00
0.00
159.00
1191.00
344.00
25.00
62.00
18.00
20.00
284.00
132.00
277.00
97.00
98.00
365.00
247.00
149.00
298.00
63.00
233.00
57.00
75.00
125.00
166.00
190.00
229.00
260.00
89.00
57.00
68.00
75.00
77.00
6.00
548.00
574.00
43.00
155.00
5.00
3.00
55.00
147.00
312.00
117.00
8.00
9.00
0.00
2.00
16.00
186.00
97.00
345.00
369.00
77.00
98.00
259.00
4.00
57.00
177.00
93.00
202.00
6.00
2.00
0.00
38.00
0.00
2.00
0.00
0.00
0.00
1.00
480.00
70.00
705.00
714.00
1348.00
0.00
0.00
0.00
0.00
0.00
0.00
0.00
53.00
183.00
0.00
0.00
0.00
0.00
0.00
0.00
0.00
0.00
0.00
0.00
0.00
0.00
89.00
0.00
4.00
291.00
54.00
1.00
0.00
0.00
0.00
0.00
0.00
0.00
0.00
0.00
0.00
0.00
0.00
0.00
0.00
0.00
0.00
0.00
0.00
0.00
0.00
0.00
468.00
242.00
502.00
0.00
0.00
0.00
0.00
0.00
0.00
0.00
0.00
1.00
0.00
0.00
0.00
0.00
0.00
0.00
0.00
0.00
0.00
0.00
0.00
7.00
209.00
0.00
0.00
0.00
0.00
0.00
0.00
0.00
0.00
0.00
0.00
0.00
0.00
0.00
0.00
0.00
0.00
0.00
0.00
0.00
0.00
0.00
0.00
0.00
0.00
0.00
0.00
0.00
0.00
0.00
0.00
0.00
0.00
0.00
2.00
0.00
0.00
349.00
153.00
223.00
82.00
148.00
0.00
47.00
19.00
0.00
0.00
0.00
0.00
0.00
1.00
0.00
0.00
0.00
0.00
12.00
315.00
0.00
0.00
0.00
0.00
0.00
0.00
5.00
0.00
0.00
0.00
0.00
0.00
0.00
0.00
0.00
0.00
2.00
21.00
2.00
0.00
0.00
0.00
0.00
0.00
0.00
2.00
54.00
135.00
0.00
2.00
81.00
379.00
45.00
2.00
83.00
0.00
0.00
174.00
48.00
101.00
33.00
0.00
0.00
34.00
8.00
0.00
265.00
0.00
4.00
133.00
253.00
71.00
72.00
447.00
22.00
0.00
0.00
312.00
213.00
1.00
85.00
293.00
127.00
0.00
430.00
59.00
162.00
738.00
1241.00
228.00
516.00
597.00
229.00
100.00
0.00
44.00
38.00
97.00
20.00
418.00
339.00
32.00
113.00
97.00
32.00
63.00
94.00
326.00
8.00
0.00
83.00
0.00
53.00
233.00
638.00
20.00
72.00
159.00
1.00
61.00
2.00
127.00
915.00
124.00
18.00
1092.00
15.00
848.00
741.00
0.00
3.00
0.00
170.00
0.00
5.00
75.00
12.00
20.00
3.00
54.00
17.00
2.00
0.00
0.00
2.00
101.00
84.00
25.00
4.00
1.00
16.00
13.00
9.00
19.00
1.00
99.00
277.00
290.00
285.00
8.00
8.00
16.00
26.00
50.00
158.00
4.00
38.00
169.00
17.00
3.00
4.00
31.00
32.00
18.00
77.00
39.00
20.00
0.00
32.00
182.00
125.00
97.00
4.00
9.00
121.00
123.00
21.00
443.00
173.00
220.00
740.00
234.00
700.00
42.00
81.00
165.00
8.00
90.00
44.00
195.00
124.00
107.00
14.00
0.00
4.00
23.00
33.00
6.00
7.00
194.00
102.00
1.00
0.00
0.00
42.00
19.00
25.00
39.00
16.00
52.00
1.00
0.00
0.00
114.00
136.00
174.00
32.00
10.00
31.00
0.00
129.00
16.00
21.00
0.00
512.00
0.00
0.00
0.00
0.00
26.00
21.00
0.00
0.00
0.00
4.00
94.00
194.00
108.00
17.00
0.00
0.00
0.00
0.00
0.00
0.00
0.00
0.00
0.00
0.00
0.00
0.00
0.00
51.00
126.00
88.00
40.00
0.00
0.00
0.00
0.00
5.00
40.00
22.00
0.00
0.00
0.00
0.00
0.00
0.00
0.00
0.00
0.00
0.00
0.00
0.00
0.00
0.00
0.00
0.00
0.00
0.00
0.00
0.00
0.00
0.00
0.00
0.00
0.00
0.00
0.00
0.00
1.00
0.00
0.00
0.00
0.00
0.00
0.00
0.00
0.00
0.00
0.00
17.00
87.00
18.00
0.00
0.00
0.00
0.00
0.00
0.00
0.00
0.00
0.00
0.00
0.00
0.00
0.00
0.00
0.00
0.00
0.00
0.00
0.00
0.00
0.00
0.00
0.00
0.00
0.00
0.00
0.00
0.00
0.00
0.00
0.00
0.00
0.00
0.00
0.00
0.00
0.00
0.00
0.00
0.00
0.00
0.00
0.00
0.00
0.00
0.00
0.00
0.00
0.00
0.00
0.00
0.00
0.00
0.00
0.00
0.00
0.00
0.00
0.00
0.00
11.00
0.00
0.00
0.00
0.00
0.00
0.00
0.40
28.50
30.30
48.30
22.80
0.00
0.00
0.00
0.30
10.70
0.00
0.00
0.00
0.00
0.00
0.00
0.00
0.00
0.00
1.00
0.20
69.80
0.30
0.00
6.90
0.00
3.30
0.00
0.00
0.00
4.10
2.80
0.00
0.00
0.30
82.90
7.90
69.90
21.20
0.00
0.90
34.00
0.10
8.50
18.70
0.10
0.30
5.50
3.70
0.00
0.00
2.20
0.00
0.00
0.00
0.10
1.60
0.40
0.00
0.00
0.00
0.00
0.00
0.00
0.10
0.00
0.00
0.40
31.60
53.90
0.00
0.00
0.00
0.00
0.00
0.00
0.10
0.00
17.20
2.50
3.10
1.30
14.70
16.30
2.20
2.20
0.00
5.70
5.70
84.20
6.10
0.80
0.90
0.00
0.00
0.00
56.70
28.00
41.80
51.10
55.50
3.60
0.00
0.10
1.50
0.30
0.00
0.00
16.90
34.10
54.80
14.20
0.00
0.00
0.30
4.00
11.10
7.70
0.00
0.00
0.00
13.50
11.70
0.40
12.90
0.30
6.30
1.20
1.60
2.20
5.20
3.90
3.00
7.50
42.60
27.70
27.70
47.60
47.60
56.00
0.10
0.10
0.70
0.00
0.10
0.10
0.10
10.30
14.60
4.80
7.40
30.30
4.50
6.80
0.50
1.00
22.80
3.70
0.50
14.90
23.80
31.50
7.50
11.00
5.10
9.80
2.10
0.00
2.00
55.10
7.90
36.90
30.10
0.00
1.20
0.00
0.10
6.60
12.10
20.40
36.40
20.50
0.60
1.10
0.00
10.40
0.10
1.70
11.20
17.70
43.70
14.60
32.50
5.30
2.50
1.40
0.00
5.90
4.90
3.50
8.60
0.60
0.00
1.20
3.90
0.10
0.00
0.10
0.00
12.60
30.10
5.10
50.90
24.60
0.00
5.50
0.50
40.10
8.50
8.50
10.00
3.50
5.20
2.10
5.50
11.50
1.50
15.50
25.10
0.00
0.00
0.00
0.00
1.30
4.10
0.00
0.00
0.00
0.00
0.10
5.90
0.70
0.20
0.20
0.70
