20160101
0.00
0.00
0.00
0.00
0.00
0.00
0.00
0.00
0.00
0.00
0.00
0.00
0.00
0.00
0.00
0.00
0.00
0.00
0.00
2.00
0.00
0.00
0.00
0.00
0.00
0.00
0.00
0.00
0.00
0.00
0.00
0.00
0.00
0.00
0.00
0.00
0.00
0.00
82.00
0.00
0.00
0.00
0.00
0.00
0.00
0.00
0.00
0.00
0.00
0.00
5.00
0.00
1.00
0.00
26.00
0.00
73.00
0.00
0.00
12.00
0.00
2.00
0.00
0.00
0.00
0.00
0.00
0.00
0.00
0.00
0.00
0.00
0.00
5.00
39.00
2.00
0.00
0.00
0.00
0.00
0.00
0.00
0.00
0.00
0.00
0.00
0.00
0.00
0.00
166.00
464.00
0.00
19.00
65.00
0.00
215.00
0.00
0.00
0.00
0.00
0.00
0.00
0.00
0.00
0.00
0.00
0.00
0.00
0.00
0.00
0.00
0.00
0.00
0.00
0.00
0.00
0.00
21.00
0.00
0.00
0.00
77.00
46.00
1.00
4.00
0.00
5.00
278.00
7.00
0.00
1.00
0.00
0.00
189.00
6.00
2.00
0.00
64.00
44.00
155.00
319.00
123.00
0.00
0.00
172.00
50.00
82.00
1.00
64.00
0.00
45.00
3.00
2.00
0.00
0.00
0.00
20.00
5.00
33.00
24.00
6.00
0.00
1090.00
187.00
114.00
167.00
0.00
1.00
15.00
29.00
4.00
10.00
25.00
70.00
0.00
1.00
14.00
3.00
1.00
11.00
10.00
1.00
52.00
44.00
162.00
123.00
328.00
355.00
65.00
48.00
97.00
0.00
12.00
15.00
47.00
2.00
123.00
288.00
509.00
44.00
23.00
11.00
20.00
82.00
119.00
93.00
134.00
13.00
0.00
16.00
78.00
280.00
227.00
112.00
18.00
13.00
16.00
13.00
26.00
13.00
34.00
134.00
260.00
144.00
48.00
9.00
41.00
65.00
227.00
313.00
39.00
5.00
220.00
1552.00
17.00
15.00
4.00
179.00
23.00
22.00
210.00
43.00
20.00
59.00
261.00
144.00
85.00
19.00
9.00
12.00
27.00
18.00
4.00
29.00
73.00
216.00
155.00
1.00
4.00
10.00
465.00
2.00
118.00
367.00
152.00
21.00
5.00
115.00
52.00
48.00
66.00
230.00
0.00
10.00
1.00
18.00
0.00
48.00
7.00
11.00
26.00
140.00
163.00
68.00
1.00
0.00
0.00
0.00
0.00
0.00
0.00
0.00
0.00
0.00
0.00
0.00
0.00
7.00
0.00
56.00
401.00
80.00
48.00
0.00
0.00
0.00
16.00
238.00
802.00
550.00
0.00
0.00
0.00
0.00
0.00
0.00
0.00
0.00
0.00
0.00
0.00
0.00
0.00
0.00
0.00
0.00
0.00
0.00
0.00
0.00
0.00
0.00
0.00
0.00
0.00
0.00
0.00
0.00
0.00
0.00
0.00
0.00
0.00
0.00
0.00
8.00
0.00
0.00
0.00
0.00
0.00
0.00
0.00
0.00
0.00
0.00
0.00
0.00
0.00
0.00
0.00
0.00
0.00
0.00
0.00
0.00
0.00
0.00
0.00
0.00
0.00
0.00
0.00
0.00
0.00
0.00
0.00
0.00
0.00
0.00
0.00
0.00
0.00
0.00
0.00
0.00
0.00
0.00
0.00
0.00
0.00
0.00
36.00
0.00
0.00
0.00
0.00
0.00
0.00
0.00
0.00
0.00
0.00
0.00
0.00
0.00
0.00
0.00
0.00
0.00
0.00
0.00
0.00
0.00
0.00
0.00
0.00
0.00
0.00
0.00
0.00
0.00
0.00
0.00
0.00
0.00
0.00
0.00
0.00
0.00
0.00
0.00
33.00
0.00
131.00
87.00
0.00
0.00
0.00
0.00
0.00
0.00
22.00
3.00
107.00
4.00
0.00
0.00
0.00
6.00
8.00
0.00
12.00
67.00
0.00
0.00
0.00
0.00
7.00
0.00
61.00
0.00
5.00
0.00
0.00
0.00
0.00
0.00
0.00
0.00
0.00
1.00
0.00
23.00
529.00
0.00
395.00
394.00
400.00
79.00
0.00
0.00
77.00
0.00
25.00
31.00
150.00
0.00
0.00
0.00
2.00
2.00
0.00
0.00
201.00
0.00
2.00
0.00
49.00
6.00
722.00
1.00
736.00
20.00
0.00
0.00
0.00
0.00
0.00
0.00
0.00
549.00
1.00
10.00
205.00
67.00
823.00
663.00
196.00
1.00
0.00
893.00
0.00
0.00
170.00
23.00
22.00
1069.00
348.00
5.00
76.00
221.00
157.00
150.00
131.00
462.00
0.00
3.00
34.00
0.00
2.00
2.00
1.00
7.00
16.00
0.00
40.00
27.00
57.00
327.00
123.00
319.00
46.00
3.00
8.00
58.00
471.00
307.00
161.00
1.00
11.00
1.00
112.00
157.00
62.00
264.00
630.00
53.00
45.00
37.00
433.00
375.00
313.00
92.00
2.00
50.00
22.00
0.00
57.00
162.00
137.00
115.00
62.00
43.00
60.00
1.00
13.00
159.00
342.00
427.00
38.00
466.00
25.00
73.00
38.00
34.00
24.00
15.00
210.00
308.00
67.00
9.00
4.00
125.00
68.00
3.00
61.00
45.00
66.00
59.00
35.00
86.00
73.00
3.00
0.00
16.00
29.00
11.00
129.00
488.00
4.00
10.00
4.00
1.00
15.00
71.00
237.00
181.00
77.00
2.00
1.00
0.00
0.00
10.00
116.00
43.00
494.00
242.00
31.00
58.00
30.00
1.00
15.00
0.00
26.00
1.00
102.00
459.00
0.00
0.00
2.00
0.00
0.00
0.00
0.00
2.00
0.00
149.00
1413.00
221.00
0.00
0.00
27.00
0.00
0.00
0.00
0.00
2.00
4.00
0.00
0.00
0.00
0.00
0.00
0.00
0.00
0.00
0.00
0.00
0.00
2.00
81.00
0.00
24.00
498.00
45.00
47.00
0.00
0.00
0.00
0.00
0.00
0.00
0.00
0.00
0.00
0.00
0.00
0.00
0.00
0.00
0.00
0.00
0.00
0.00
0.00
31.00
33.00
76.00
7.00
0.00
0.00
0.00
0.00
0.00
0.00
0.00
0.00
0.00
0.00
0.00
0.00
0.00
0.00
0.00
0.00
0.00
0.00
0.00
0.00
0.00
48.00
0.00
0.00
0.00
0.00
0.00
0.00
0.00
0.00
0.00
0.00
0.00
0.00
0.00
0.00
0.00
0.00
0.00
0.00
0.00
0.00
0.00
0.00
0.00
0.00
0.00
0.00
0.00
0.00
0.00
0.00
0.00
0.00
0.00
0.00
0.00
0.00
485.00
361.00
430.00
492.00
123.00
2.00
151.00
87.00
0.00
0.00
0.00
0.00
0.00
0.00
0.00
0.00
0.00
0.00
268.00
233.00
0.00
0.00
0.00
0.00
0.00
0.00
70.00
0.00
0.00
0.00
0.00
0.00
0.00
0.00
0.00
0.00
191.00
88.00
0.00
0.00
0.00
0.00
0.00
0.00
35.00
17.00
66.00
0.00
0.00
5.00
0.00
190.00
201.00
11.00
36.00
0.00
81.00
110.00
143.00
552.00
4.00
9.00
0.00
15.00
336.00
0.00
101.00
0.00
21.00
47.00
13.00
92.00
0.00
1.00
98.00
42.00
0.00
54.00
25.00
0.00
0.00
222.00
164.00
0.00
400.00
3.00
124.00
955.00
0.00
0.00
0.00
0.00
24.00
193.00
0.00
36.00
4.00
0.00
22.00
0.00
109.00
0.00
43.00
163.00
0.00
202.00
0.00
70.00
0.00
0.00
0.00
0.00
100.00
179.00
252.00
2.00
20.00
5.00
0.00
0.00
0.00
0.00
413.00
275.00
221.00
218.00
1.00
4.00
9.00
89.00
1.00
0.00
244.00
51.00
1.00
7.00
21.00
15.00
45.00
40.00
5.00
6.00
2.00
1.00
31.00
18.00
224.00
156.00
1.00
5.00
0.00
0.00
21.00
5.00
2.00
26.00
69.00
122.00
15.00
1.00
34.00
0.00
467.00
29.00
53.00
29.00
434.00
200.00
388.00
118.00
54.00
78.00
12.00
58.00
14.00
12.00
7.00
24.00
27.00
34.00
209.00
9.00
1.00
5.00
6.00
11.00
30.00
11.00
84.00
9.00
20.00
148.00
53.00
248.00
99.00
15.00
10.00
99.00
22.00
9.00
10.00
5.00
24.00
6.00
2.00
4.00
2.00
152.00
6.00
93.00
0.00
5.00
0.00
1.00
2.00
11.00
127.00
107.00
44.00
194.00
1.00
0.00
0.00
4.00
138.00
70.00
43.00
29.00
0.00
1.00
52.00
0.00
21.00
0.00
0.00
0.00
0.00
0.00
0.00
0.00
0.00
0.00
0.00
0.00
24.00
159.00
94.00
264.00
20.00
0.00
0.00
0.00
0.00
0.00
0.00
0.00
0.00
0.00
0.00
0.00
0.00
0.00
0.00
10.00
28.00
12.00
0.00
0.00
0.00
0.00
0.00
78.00
0.00
0.00
0.00
0.00
0.00
0.00
23.00
0.00
0.00
0.00
0.00
0.00
0.00
0.00
3.00
0.00
0.00
0.00
0.00
0.00
0.00
0.00
0.00
0.00
0.00
0.00
0.00
0.00
0.00
0.00
0.00
0.00
0.00
0.00
0.00
0.00
0.00
0.00
0.00
0.00
32.00
123.00
18.00
0.00
0.00
0.00
0.00
0.00
0.00
0.00
0.00
0.00
0.00
0.00
0.00
0.00
0.00
0.00
0.00
0.00
0.00
0.00
0.00
0.00
0.00
0.00
0.00
0.00
0.00
0.00
0.00
0.00
0.00
0.00
0.00
0.00
0.00
0.00
0.00
0.00
0.00
1.00
1.00
0.00
0.00
0.00
0.00
0.00
0.00
0.00
0.00
0.00
0.00
0.00
4.00
0.00
0.00
0.00
0.00
0.00
0.00
0.00
1.00
5.00
0.00
0.00
0.00
0.00
0.10
0.00
3.90
39.70
37.20
49.70
7.30
0.00
0.00
0.00
0.70
1.70
0.00
0.00
0.00
0.00
0.00
0.00
0.00
0.00
9.50
4.10
0.00
52.70
3.90
0.00
0.00
0.00
0.80
0.00
0.00
0.00
2.40
0.10
0.00
0.00
0.50
44.70
0.00
14.90
5.20
0.00
0.10
77.30
0.60
1.40
26.90
6.40
1.40
0.60
11.80
0.00
0.00
11.10
0.20
0.00
0.00
0.00
6.50
0.00
0.00
0.00
0.10
0.00
11.00
0.00
0.00
0.10
0.10
0.00
86.30
0.10
0.00
0.00
0.00
0.00
0.00
0.00
0.00
0.00
3.30
1.40
0.00
0.00
0.00
0.00
4.40
4.40
0.00
21.50
21.50
30.10
3.10
0.00
0.00
0.10
0.00
1.00
1.10
0.20
3.20
0.00
0.30
219.50
0.10
0.30
13.50
6.80
0.00
0.00
0.00
1.00
0.90
75.30
0.00
0.20
0.20
1.00
0.10
1.40
1.70
0.00
0.10
0.10
2.40
4.20
4.20
0.00
1.70
2.40
7.10
3.10
0.00
1.00
48.40
3.00
2.20
3.10
3.10
26.70
26.70
18.70
0.00
0.00
0.70
0.00
0.00
0.00
0.00
0.20
0.00
0.40
9.50
29.80
14.30
0.70
0.00
0.50
7.10
6.40
0.90
1.50
1.10
4.70
27.40
12.30
5.10
27.70
2.80
0.50
19.40
35.80
47.90
46.40
14.40
10.10
7.50
0.10
0.30
0.60
0.00
21.30
19.70
9.40
1.50
0.40
0.00
0.30
0.00
0.60
0.70
24.50
26.70
0.70
3.30
0.30
0.00
0.70
7.60
6.90
3.30
0.30
10.80
2.60
2.30
0.00
1.20
0.00
0.00
0.00
4.40
7.10
20.90
0.30
9.50
45.90
4.30
3.30
9.90
4.30
4.80
4.80
28.60
0.10
8.00
0.10
21.30
0.30
0.00
26.90
6.80
0.00
0.30
0.10
0.00
0.10
0.10
0.00
0.00
0.00
0.00
0.20
3.40
1.20
0.10
0.00
3.40
