20160101
0.00
0.00
0.00
0.00
0.00
0.00
7.00
0.00
0.00
0.00
0.00
0.00
0.00
0.00
0.00
15.00
0.00
0.00
1.00
16.00
0.00
0.00
0.00
0.00
0.00
0.00
0.00
0.00
0.00
0.00
0.00
0.00
0.00
0.00
0.00
0.00
0.00
5.00
0.00
0.00
0.00
0.00
0.00
0.00
0.00
0.00
0.00
0.00
0.00
0.00
1.00
0.00
0.00
21.00
280.00
12.00
88.00
0.00
0.00
0.00
4.00
0.00
0.00
0.00
0.00
40.00
0.00
0.00
3.00
3.00
0.00
2.00
2.00
0.00
2.00
2.00
0.00
0.00
1.00
87.00
0.00
0.00
0.00
0.00
0.00
0.00
0.00
16.00
0.00
132.00
694.00
69.00
108.00
66.00
1.00
1.00
0.00
0.00
0.00
0.00
0.00
0.00
0.00
0.00
0.00
0.00
1.00
0.00
0.00
0.00
0.00
0.00
0.00
0.00
0.00
0.00
1.00
0.00
0.00
2.00
2.00
13.00
295.00
1.00
4.00
3.00
11.00
49.00
2.00
0.00
3.00
0.00
0.00
925.00
0.00
0.00
0.00
42.00
417.00
289.00
891.00
476.00
0.00
0.00
132.00
181.00
5.00
30.00
61.00
1.00
156.00
30.00
0.00
0.00
0.00
0.00
9.00
20.00
25.00
29.00
23.00
0.00
2192.00
855.00
610.00
0.00
1.00
0.00
13.00
13.00
0.00
6.00
9.00
50.00
26.00
7.00
123.00
5.00
9.00
143.00
33.00
14.00
457.00
171.00
84.00
256.00
98.00
258.00
99.00
16.00
55.00
20.00
5.00
30.00
32.00
10.00
137.00
357.00
151.00
259.00
71.00
13.00
11.00
12.00
27.00
60.00
109.00
2.00
10.00
25.00
125.00
297.00
412.00
100.00
29.00
39.00
2.00
53.00
95.00
8.00
51.00
320.00
199.00
93.00
13.00
170.00
89.00
80.00
88.00
43.00
46.00
2.00
693.00
671.00
14.00
6.00
40.00
203.00
159.00
119.00
483.00
17.00
67.00
278.00
49.00
270.00
120.00
28.00
24.00
30.00
21.00
21.00
19.00
42.00
189.00
98.00
107.00
21.00
3.00
21.00
116.00
19.00
11.00
92.00
38.00
59.00
12.00
77.00
64.00
29.00
228.00
438.00
23.00
50.00
2.00
19.00
24.00
854.00
42.00
59.00
131.00
5.00
9.00
50.00
188.00
22.00
0.00
0.00
0.00
0.00
0.00
0.00
0.00
0.00
0.00
0.00
0.00
0.00
0.00
40.00
115.00
107.00
9.00
0.00
0.00
0.00
0.00
17.00
312.00
659.00
0.00
0.00
0.00
0.00
0.00
0.00
0.00
0.00
0.00
0.00
0.00
0.00
0.00
0.00
0.00
0.00
0.00
0.00
0.00
0.00
0.00
0.00
0.00
360.00
0.00
137.00
0.00
0.00
0.00
0.00
0.00
0.00
0.00
0.00
0.00
0.00
0.00
0.00
0.00
0.00
0.00
0.00
0.00
0.00
0.00
0.00
106.00
0.00
0.00
0.00
0.00
0.00
0.00
0.00
0.00
0.00
0.00
0.00
0.00
0.00
0.00
0.00
0.00
0.00
0.00
0.00
2.00
0.00
0.00
0.00
0.00
0.00
0.00
0.00
0.00
0.00
0.00
0.00
0.00
0.00
0.00
0.00
13.00
0.00
0.00
0.00
0.00
0.00
0.00
0.00
0.00
0.00
0.00
0.00
0.00
0.00
0.00
0.00
0.00
0.00
0.00
0.00
0.00
0.00
0.00
0.00
0.00
0.00
0.00
0.00
0.00
0.00
0.00
0.00
0.00
0.00
0.00
0.00
1.00
13.00
159.00
0.00
86.00
3.00
77.00
134.00
0.00
0.00
0.00
0.00
0.00
0.00
192.00
18.00
43.00
0.00
0.00
0.00
0.00
0.00
0.00
0.00
1.00
106.00
0.00
0.00
0.00
0.00
3.00
26.00
302.00
0.00
0.00
0.00
0.00
0.00
0.00
0.00
0.00
0.00
11.00
0.00
0.00
11.00
383.00
56.00
438.00
740.00
197.00
315.00
0.00
0.00
0.00
0.00
1.00
3.00
47.00
0.00
0.00
0.00
25.00
0.00
0.00
0.00
462.00
0.00
7.00
0.00
1.00
0.00
584.00
14.00
92.00
0.00
0.00
0.00
0.00
0.00
0.00
0.00
0.00
114.00
11.00
19.00
379.00
550.00
4.00
1258.00
319.00
0.00
0.00
1023.00
0.00
1.00
133.00
3.00
52.00
440.00
274.00
156.00
0.00
124.00
10.00
180.00
298.00
1342.00
48.00
110.00
65.00
2.00
3.00
0.00
5.00
9.00
55.00
7.00
177.00
255.00
326.00
444.00
201.00
285.00
6.00
5.00
7.00
46.00
291.00
168.00
196.00
171.00
80.00
22.00
98.00
207.00
518.00
525.00
825.00
424.00
45.00
45.00
384.00
369.00
190.00
120.00
25.00
134.00
23.00
1.00
11.00
198.00
21.00
32.00
181.00
222.00
141.00
3.00
36.00
81.00
237.00
450.00
55.00
45.00
99.00
223.00
62.00
67.00
50.00
39.00
259.00
210.00
81.00
75.00
146.00
100.00
78.00
36.00
110.00
53.00
314.00
64.00
36.00
266.00
154.00
40.00
7.00
28.00
13.00
90.00
195.00
263.00
45.00
35.00
5.00
1.00
69.00
437.00
239.00
251.00
20.00
54.00
3.00
85.00
107.00
135.00
107.00
153.00
225.00
20.00
16.00
152.00
24.00
3.00
12.00
8.00
8.00
1.00
66.00
109.00
4.00
0.00
9.00
0.00
0.00
2.00
0.00
0.00
14.00
174.00
946.00
971.00
0.00
0.00
2.00
0.00
0.00
0.00
0.00
70.00
104.00
0.00
0.00
0.00
0.00
0.00
0.00
0.00
0.00
0.00
0.00
0.00
0.00
32.00
0.00
5.00
296.00
30.00
24.00
0.00
0.00
4.00
0.00
0.00
5.00
0.00
0.00
0.00
0.00
0.00
0.00
0.00
0.00
0.00
0.00
0.00
0.00
1.00
68.00
808.00
656.00
224.00
0.00
0.00
0.00
0.00
0.00
0.00
0.00
0.00
4.00
0.00
0.00
0.00
0.00
0.00
0.00
0.00
0.00
0.00
0.00
0.00
0.00
247.00
2.00
0.00
0.00
0.00
0.00
0.00
0.00
0.00
0.00
0.00
0.00
0.00
0.00
0.00
0.00
0.00
0.00
0.00
0.00
0.00
0.00
0.00
0.00
0.00
0.00
0.00
0.00
0.00
0.00
0.00
0.00
0.00
0.00
8.00
0.00
44.00
647.00
349.00
477.00
242.00
69.00
0.00
120.00
116.00
0.00
0.00
0.00
0.00
0.00
6.00
0.00
0.00
0.00
0.00
0.00
262.00
0.00
0.00
0.00
0.00
0.00
0.00
6.00
1.00
0.00
0.00
0.00
0.00
0.00
0.00
0.00
0.00
0.00
247.00
8.00
0.00
0.00
0.00
0.00
2.00
0.00
1.00
27.00
1.00
12.00
0.00
0.00
135.00
265.00
0.00
54.00
0.00
1.00
64.00
6.00
230.00
2.00
17.00
0.00
162.00
75.00
0.00
198.00
0.00
22.00
303.00
2.00
9.00
11.00
1.00
323.00
0.00
0.00
1.00
2.00
0.00
0.00
167.00
138.00
21.00
267.00
23.00
29.00
931.00
38.00
2.00
4.00
0.00
237.00
725.00
11.00
32.00
2.00
0.00
160.00
0.00
336.00
85.00
61.00
542.00
0.00
147.00
16.00
53.00
0.00
0.00
4.00
1.00
70.00
1203.00
1134.00
2.00
8.00
235.00
11.00
0.00
2.00
32.00
261.00
383.00
284.00
977.00
12.00
26.00
163.00
42.00
4.00
0.00
250.00
71.00
11.00
43.00
149.00
262.00
56.00
4.00
11.00
6.00
3.00
53.00
6.00
70.00
411.00
109.00
23.00
5.00
4.00
1.00
11.00
9.00
22.00
2.00
173.00
131.00
19.00
5.00
41.00
31.00
5.00
43.00
94.00
44.00
138.00
254.00
338.00
195.00
42.00
234.00
41.00
24.00
20.00
20.00
48.00
39.00
40.00
172.00
52.00
9.00
41.00
5.00
25.00
21.00
17.00
41.00
245.00
37.00
31.00
383.00
122.00
187.00
300.00
194.00
9.00
5.00
160.00
82.00
36.00
13.00
32.00
12.00
7.00
33.00
12.00
34.00
29.00
130.00
0.00
6.00
0.00
0.00
8.00
35.00
11.00
85.00
16.00
72.00
36.00
4.00
0.00
25.00
50.00
160.00
13.00
0.00
1.00
10.00
366.00
0.00
45.00
0.00
0.00
0.00
0.00
0.00
0.00
0.00
0.00
0.00
0.00
0.00
105.00
530.00
380.00
557.00
249.00
0.00
0.00
0.00
0.00
0.00
0.00
0.00
0.00
0.00
0.00
0.00
0.00
0.00
6.00
69.00
132.00
12.00
4.00
0.00
0.00
0.00
0.00
0.00
0.00
0.00
0.00
0.00
0.00
0.00
0.00
0.00
0.00
0.00
0.00
0.00
0.00
0.00
0.00
0.00
0.00
0.00
0.00
0.00
0.00
0.00
0.00
0.00
0.00
0.00
0.00
0.00
0.00
1.00
1.00
0.00
0.00
0.00
0.00
0.00
0.00
0.00
0.00
0.00
62.00
50.00
11.00
0.00
0.00
0.00
0.00
0.00
0.00
0.00
0.00
0.00
0.00
0.00
0.00
0.00
0.00
0.00
0.00
0.00
0.00
0.00
0.00
0.00
0.00
0.00
0.00
0.00
0.00
0.00
0.00
0.00
0.00
0.00
0.00
0.00
0.00
0.00
0.00
3.00
3.00
0.00
0.00
0.00
0.00
0.00
0.00
0.00
0.00
0.00
0.00
0.00
0.00
0.00
1.00
0.00
0.00
0.00
0.00
0.00
0.00
0.00
5.00
1.00
0.00
0.00
0.00
0.00
0.00
1.80
0.50
74.30
58.70
50.80
12.30
0.00
0.00
0.10
2.10
12.20
0.00
0.00
0.00
0.00
0.00
7.70
0.00
0.00
0.10
7.90
2.60
34.40
0.90
0.00
0.80
0.00
3.90
0.00
0.00
0.00
0.00
0.90
0.00
0.00
0.00
20.60
0.60
75.20
80.50
0.10
0.00
19.80
2.50
0.40
24.90
4.70
11.40
0.30
15.20
0.00
0.00
0.60
0.00
0.00
0.00
0.00
0.90
0.00
0.00
0.00
0.00
0.00
0.00
0.00
0.00
0.00
0.00
0.70
140.30
32.90
0.00
0.00
0.00
0.00
0.00
0.00
0.00
0.00
17.10
3.30
0.60
0.00
0.00
0.00
0.00
0.00
0.00
38.80
38.80
24.50
22.00
0.00
0.00
0.00
0.00
0.00
0.90
1.20
31.20
16.70
21.20
5.80
2.90
10.50
5.40
3.40
0.00
0.00
0.00
24.70
2.70
127.20
0.10
20.30
2.40
6.30
2.20
0.70
2.20
0.20
1.00
4.00
7.80
1.10
8.10
2.30
4.80
1.00
12.00
1.10
0.80
1.10
7.00
17.50
18.80
36.00
36.00
21.10
21.10
63.60
1.40
1.40
1.70
7.80
1.40
1.40
1.40
1.50
8.00
2.30
6.00
59.60
13.40
9.50
0.70
7.00
21.80
4.80
1.10
5.10
4.50
27.20
50.10
11.20
12.50
9.10
9.10
1.20
37.70
14.70
63.00
45.10
33.00
11.60
2.50
0.50
3.70
5.90
2.90
21.30
33.50
24.10
9.50
2.80
2.60
3.10
1.30
3.20
29.20
34.90
37.40
6.90
10.20
1.00
2.70
9.90
48.00
4.80
15.30
3.40
40.70
16.50
0.70
2.80
4.80
1.30
0.50
0.70
13.30
4.20
9.50
1.30
26.10
34.10
9.60
2.80
24.00
52.90
25.10
25.10
12.70
2.90
9.80
3.60
6.60
4.10
0.20
13.10
30.50
0.00
1.60
0.00
0.10
0.50
9.80
0.00
0.20
1.50
0.30
0.30
4.20
3.80
0.30
0.00
1.50
