20160101
0.00
0.00
0.00
0.00
0.00
0.00
0.00
0.00
13.00
0.00
0.00
0.00
1.00
0.00
0.00
0.00
0.00
0.00
0.00
0.00
1.00
0.00
0.00
0.00
0.00
0.00
0.00
0.00
0.00
0.00
0.00
0.00
0.00
0.00
0.00
0.00
0.00
0.00
0.00
0.00
0.00
0.00
0.00
0.00
0.00
0.00
0.00
0.00
0.00
0.00
0.00
0.00
3.00
15.00
35.00
0.00
17.00
0.00
0.00
0.00
0.00
0.00
1.00
0.00
0.00
17.00
0.00
0.00
0.00
0.00
0.00
0.00
0.00
0.00
0.00
19.00
0.00
0.00
0.00
0.00
13.00
0.00
21.00
0.00
0.00
0.00
0.00
244.00
0.00
124.00
406.00
60.00
5.00
37.00
256.00
103.00
9.00
0.00
0.00
0.00
0.00
0.00
0.00
0.00
70.00
75.00
207.00
109.00
1.00
58.00
9.00
53.00
122.00
0.00
0.00
148.00
0.00
41.00
0.00
0.00
32.00
86.00
178.00
14.00
178.00
2.00
3.00
0.00
0.00
0.00
0.00
0.00
76.00
2.00
0.00
5.00
2.00
99.00
258.00
62.00
213.00
720.00
0.00
24.00
51.00
12.00
0.00
0.00
62.00
12.00
0.00
57.00
0.00
0.00
38.00
246.00
2.00
60.00
8.00
11.00
51.00
156.00
37.00
35.00
25.00
0.00
91.00
29.00
232.00
48.00
13.00
22.00
56.00
119.00
6.00
53.00
21.00
27.00
9.00
11.00
97.00
10.00
107.00
22.00
38.00
3.00
0.00
3.00
107.00
55.00
64.00
15.00
26.00
21.00
2.00
25.00
65.00
102.00
19.00
1.00
4.00
8.00
11.00
24.00
47.00
33.00
282.00
5.00
1.00
41.00
121.00
22.00
77.00
87.00
2.00
5.00
5.00
59.00
119.00
124.00
41.00
10.00
3.00
48.00
398.00
134.00
48.00
3.00
16.00
0.00
3.00
4.00
391.00
11.00
0.00
37.00
0.00
168.00
0.00
6.00
8.00
17.00
213.00
90.00
5.00
0.00
24.00
21.00
4.00
3.00
7.00
18.00
56.00
18.00
21.00
36.00
20.00
26.00
166.00
152.00
87.00
37.00
16.00
102.00
44.00
48.00
114.00
46.00
84.00
5.00
368.00
0.00
4.00
119.00
0.00
2.00
0.00
11.00
10.00
32.00
97.00
14.00
6.00
4.00
6.00
208.00
0.00
0.00
0.00
55.00
0.00
0.00
0.00
0.00
0.00
0.00
0.00
0.00
0.00
0.00
78.00
34.00
67.00
3.00
1.00
0.00
28.00
1.00
106.00
351.00
135.00
0.00
0.00
0.00
0.00
0.00
0.00
0.00
0.00
0.00
0.00
0.00
0.00
0.00
0.00
0.00
0.00
0.00
0.00
0.00
0.00
0.00
0.00
0.00
0.00
0.00
0.00
0.00
0.00
0.00
0.00
0.00
0.00
0.00
0.00
0.00
0.00
0.00
0.00
0.00
0.00
0.00
0.00
0.00
0.00
0.00
0.00
0.00
0.00
0.00
0.00
0.00
0.00
0.00
0.00
0.00
0.00
0.00
0.00
0.00
0.00
0.00
0.00
0.00
0.00
0.00
0.00
0.00
0.00
0.00
0.00
0.00
0.00
0.00
0.00
0.00
0.00
0.00
0.00
0.00
0.00
0.00
7.00
0.00
0.00
0.00
0.00
0.00
0.00
0.00
0.00
0.00
0.00
0.00
0.00
0.00
0.00
0.00
0.00
0.00
0.00
0.00
0.00
0.00
0.00
0.00
0.00
0.00
0.00
0.00
0.00
0.00
0.00
0.00
0.00
0.00
0.00
0.00
0.00
67.00
21.00
0.00
266.00
0.00
211.00
41.00
2.00
0.00
0.00
0.00
0.00
0.00
129.00
0.00
84.00
0.00
0.00
0.00
0.00
69.00
0.00
0.00
4.00
31.00
177.00
17.00
7.00
0.00
426.00
150.00
59.00
0.00
0.00
0.00
0.00
0.00
0.00
0.00
0.00
0.00
50.00
5.00
4.00
7.00
227.00
280.00
82.00
112.00
87.00
51.00
25.00
0.00
0.00
12.00
1.00
1.00
68.00
0.00
0.00
20.00
0.00
8.00
0.00
0.00
102.00
0.00
0.00
0.00
35.00
3.00
245.00
6.00
45.00
0.00
27.00
0.00
122.00
0.00
0.00
0.00
0.00
19.00
73.00
75.00
169.00
350.00
15.00
236.00
102.00
139.00
79.00
0.00
77.00
65.00
256.00
640.00
189.00
191.00
125.00
124.00
0.00
163.00
5.00
95.00
11.00
16.00
0.00
0.00
2.00
75.00
29.00
49.00
159.00
87.00
96.00
117.00
373.00
18.00
2.00
34.00
48.00
80.00
18.00
25.00
12.00
38.00
10.00
233.00
31.00
173.00
196.00
46.00
6.00
99.00
98.00
28.00
25.00
59.00
21.00
90.00
115.00
37.00
44.00
26.00
46.00
98.00
53.00
129.00
30.00
5.00
85.00
48.00
71.00
22.00
1.00
3.00
0.00
27.00
184.00
53.00
5.00
2.00
90.00
31.00
5.00
23.00
12.00
116.00
25.00
43.00
26.00
43.00
60.00
377.00
8.00
96.00
65.00
57.00
55.00
3.00
9.00
0.00
1.00
3.00
43.00
43.00
47.00
3.00
39.00
4.00
1.00
72.00
191.00
42.00
16.00
271.00
86.00
63.00
59.00
5.00
6.00
16.00
3.00
5.00
365.00
21.00
149.00
0.00
1.00
30.00
217.00
45.00
1.00
19.00
40.00
28.00
49.00
21.00
12.00
8.00
10.00
0.00
0.00
0.00
0.00
0.00
61.00
157.00
79.00
306.00
1.00
0.00
0.00
0.00
0.00
0.00
4.00
318.00
146.00
0.00
0.00
0.00
0.00
0.00
0.00
0.00
0.00
0.00
0.00
0.00
0.00
88.00
0.00
8.00
135.00
38.00
9.00
0.00
0.00
0.00
0.00
0.00
0.00
0.00
0.00
0.00
0.00
0.00
0.00
0.00
0.00
0.00
0.00
0.00
0.00
2.00
50.00
295.00
195.00
136.00
0.00
0.00
0.00
0.00
0.00
0.00
0.00
0.00
6.00
0.00
0.00
0.00
0.00
0.00
0.00
0.00
0.00
0.00
0.00
0.00
41.00
196.00
110.00
0.00
0.00
0.00
0.00
0.00
0.00
0.00
0.00
0.00
0.00
0.00
0.00
0.00
0.00
0.00
0.00
0.00
0.00
0.00
0.00
0.00
0.00
0.00
0.00
0.00
0.00
0.00
0.00
0.00
0.00
0.00
0.00
0.00
0.00
0.00
8.00
7.00
224.00
0.00
16.00
0.00
0.00
0.00
0.00
0.00
0.00
0.00
0.00
0.00
0.00
0.00
0.00
0.00
0.00
103.00
0.00
0.00
0.00
0.00
0.00
0.00
2.00
0.00
0.00
0.00
0.00
0.00
0.00
0.00
51.00
0.00
0.00
0.00
179.00
3.00
0.00
0.00
0.00
0.00
0.00
0.00
0.00
0.00
0.00
0.00
0.00
22.00
14.00
0.00
24.00
160.00
0.00
12.00
0.00
2.00
24.00
0.00
0.00
0.00
2.00
0.00
5.00
0.00
0.00
82.00
13.00
18.00
0.00
97.00
4.00
0.00
0.00
16.00
24.00
52.00
78.00
73.00
129.00
1.00
173.00
0.00
38.00
192.00
574.00
629.00
322.00
281.00
342.00
468.00
0.00
57.00
0.00
0.00
0.00
0.00
0.00
0.00
0.00
0.00
3.00
0.00
108.00
0.00
0.00
0.00
2.00
52.00
0.00
9.00
2.00
132.00
509.00
440.00
179.00
3.00
14.00
113.00
119.00
278.00
552.00
292.00
172.00
104.00
57.00
0.00
0.00
3.00
0.00
0.00
58.00
52.00
1.00
1.00
2.00
49.00
73.00
9.00
2.00
1.00
7.00
35.00
3.00
0.00
9.00
5.00
101.00
4.00
17.00
48.00
75.00
34.00
52.00
37.00
56.00
2.00
27.00
4.00
12.00
11.00
93.00
12.00
20.00
56.00
9.00
0.00
33.00
1.00
137.00
99.00
174.00
21.00
3.00
0.00
51.00
76.00
49.00
7.00
170.00
36.00
8.00
139.00
145.00
16.00
90.00
42.00
3.00
93.00
10.00
24.00
149.00
55.00
0.00
80.00
41.00
46.00
51.00
9.00
45.00
2.00
22.00
47.00
18.00
0.00
14.00
18.00
9.00
1.00
0.00
48.00
273.00
38.00
0.00
0.00
0.00
0.00
81.00
14.00
25.00
112.00
56.00
1.00
54.00
0.00
98.00
28.00
1.00
2.00
31.00
0.00
0.00
0.00
0.00
0.00
0.00
0.00
0.00
0.00
1.00
0.00
141.00
83.00
542.00
352.00
30.00
0.00
0.00
0.00
0.00
0.00
0.00
0.00
1.00
0.00
0.00
0.00
0.00
0.00
151.00
52.00
129.00
99.00
62.00
2.00
0.00
0.00
0.00
0.00
3.00
0.00
0.00
0.00
0.00
0.00
2.00
0.00
0.00
0.00
0.00
0.00
0.00
0.00
0.00
0.00
0.00
0.00
0.00
0.00
0.00
0.00
0.00
0.00
0.00
0.00
0.00
0.00
0.00
0.00
0.00
0.00
0.00
0.00
0.00
0.00
0.00
0.00
5.00
0.00
15.00
32.00
181.00
0.00
0.00
0.00
0.00
0.00
0.00
0.00
0.00
0.00
0.00
0.00
0.00
0.00
0.00
0.00
0.00
0.00
0.00
0.00
0.00
0.00
0.00
0.00
0.00
0.00
0.00
0.00
0.00
0.00
0.00
0.00
0.00
0.00
0.00
0.00
0.00
0.00
0.00
0.00
0.00
0.00
4.00
0.00
0.00
0.00
0.00
0.00
0.00
0.00
0.00
0.00
0.00
0.00
0.00
0.00
0.00
0.00
0.00
0.00
1.00
3.00
0.00
0.00
0.00
0.00
0.00
0.00
0.00
176.70
204.50
128.00
64.90
0.00
0.00
0.00
0.60
40.90
0.00
0.00
0.00
0.00
0.00
0.00
0.00
0.00
0.00
0.00
0.70
22.10
3.40
0.00
0.00
0.00
2.60
0.00
0.00
0.00
0.00
0.10
0.00
0.00
0.00
86.00
26.60
133.00
6.60
2.30
2.50
1.80
0.00
20.20
48.30
0.80
1.10
0.00
0.00
0.00
0.00
0.00
0.00
0.00
0.00
0.00
0.00
1.90
0.00
0.00
0.00
0.00
0.00
0.00
0.10
0.00
0.00
0.30
0.00
12.60
0.00
0.00
0.00
0.00
0.00
0.00
0.00
0.00
0.00
7.20
0.20
1.50
1.70
3.60
0.80
0.80
0.00
1.30
1.30
39.10
1.80
0.20
0.00
0.00
0.00
0.00
19.00
4.90
0.00
0.10
5.80
0.00
4.70
9.30
0.00
3.80
0.10
0.00
9.80
1.90
5.90
1.90
0.00
0.00
0.00
10.20
14.00
17.60
0.10
0.20
3.50
7.30
8.70
3.20
0.40
2.40
0.10
5.10
7.40
0.20
8.50
3.60
6.50
4.40
1.50
2.60
2.60
4.60
4.60
5.70
2.60
2.60
0.00
9.10
2.60
2.60
2.60
0.80
2.40
1.80
0.70
24.50
10.60
7.30
1.40
0.30
7.00
0.50
2.60
7.10
41.00
1.90
28.30
7.30
2.30
8.10
0.20
1.90
3.90
3.90
5.50
5.00
6.70
0.80
2.40
0.20
1.80
9.60
0.50
3.20
14.50
38.90
0.30
0.00
0.10
12.40
0.00
0.80
0.30
10.60
0.60
1.20
0.90
13.10
10.20
4.30
2.50
1.70
5.80
15.70
2.60
1.40
0.20
15.50
6.80
1.20
1.60
8.30
7.20
7.10
28.00
30.20
24.80
17.40
4.00
9.70
28.50
13.00
1.20
1.20
0.70
0.00
0.00
0.30
4.00
12.20
8.20
6.50
4.50
0.20
0.00
0.00
2.00
14.00
2.20
0.50
0.10
0.00
0.00
1.00
9.20
3.90
0.30
1.00
1.30
