20160101
0.00
0.00
0.00
0.00
0.00
0.00
0.00
0.00
0.00
0.00
0.00
0.00
5.00
0.00
0.00
0.00
0.00
0.00
29.00
8.00
0.00
0.00
0.00
0.00
0.00
0.00
3.00
0.00
0.00
0.00
0.00
0.00
0.00
0.00
0.00
0.00
0.00
0.00
11.00
0.00
0.00
0.00
0.00
0.00
0.00
0.00
0.00
0.00
0.00
0.00
3.00
0.00
2.00
0.00
118.00
0.00
26.00
0.00
0.00
0.00
3.00
0.00
0.00
0.00
0.00
365.00
0.00
0.00
0.00
0.00
0.00
0.00
1.00
5.00
0.00
0.00
0.00
132.00
2.00
0.00
0.00
0.00
0.00
0.00
0.00
0.00
0.00
2.00
1173.00
166.00
507.00
0.00
19.00
121.00
0.00
62.00
0.00
0.00
0.00
0.00
0.00
0.00
0.00
0.00
0.00
0.00
87.00
0.00
0.00
0.00
0.00
0.00
0.00
0.00
0.00
0.00
0.00
0.00
0.00
0.00
0.00
64.00
0.00
0.00
0.00
0.00
2.00
174.00
27.00
4.00
10.00
0.00
598.00
74.00
17.00
7.00
1.00
6.00
12.00
10.00
40.00
127.00
0.00
0.00
216.00
28.00
0.00
39.00
114.00
0.00
62.00
228.00
0.00
0.00
0.00
0.00
18.00
95.00
866.00
0.00
8.00
0.00
391.00
714.00
4.00
38.00
55.00
17.00
9.00
1.00
1.00
3.00
24.00
49.00
26.00
65.00
1.00
508.00
34.00
2.00
5.00
4.00
24.00
201.00
235.00
30.00
254.00
134.00
88.00
178.00
37.00
10.00
5.00
7.00
11.00
1.00
70.00
255.00
37.00
181.00
177.00
25.00
11.00
64.00
49.00
64.00
63.00
45.00
6.00
32.00
147.00
85.00
103.00
279.00
62.00
36.00
50.00
75.00
16.00
27.00
24.00
19.00
181.00
20.00
10.00
10.00
97.00
91.00
344.00
179.00
9.00
1.00
68.00
396.00
5.00
2.00
18.00
523.00
12.00
10.00
30.00
3.00
71.00
9.00
59.00
853.00
37.00
10.00
6.00
3.00
25.00
13.00
2.00
76.00
26.00
186.00
327.00
20.00
35.00
32.00
105.00
115.00
64.00
233.00
246.00
24.00
42.00
60.00
120.00
164.00
5.00
11.00
55.00
1.00
0.00
158.00
1.00
0.00
14.00
3.00
4.00
57.00
2.00
26.00
87.00
32.00
0.00
0.00
0.00
0.00
0.00
0.00
0.00
0.00
0.00
0.00
0.00
13.00
0.00
0.00
76.00
20.00
1.00
0.00
0.00
9.00
0.00
59.00
371.00
265.00
0.00
0.00
0.00
0.00
0.00
0.00
0.00
0.00
0.00
0.00
0.00
0.00
0.00
0.00
0.00
0.00
0.00
0.00
0.00
0.00
0.00
0.00
0.00
0.00
0.00
0.00
0.00
0.00
0.00
0.00
0.00
0.00
0.00
0.00
0.00
0.00
0.00
0.00
0.00
0.00
0.00
0.00
0.00
0.00
0.00
0.00
0.00
0.00
0.00
0.00
11.00
0.00
0.00
0.00
0.00
5.00
0.00
0.00
0.00
0.00
0.00
0.00
0.00
0.00
0.00
0.00
0.00
0.00
0.00
0.00
0.00
0.00
0.00
0.00
0.00
0.00
0.00
0.00
0.00
0.00
0.00
1.00
17.00
0.00
0.00
0.00
0.00
0.00
0.00
0.00
0.00
0.00
0.00
0.00
0.00
0.00
0.00
0.00
0.00
0.00
0.00
0.00
0.00
0.00
0.00
0.00
0.00
0.00
0.00
0.00
0.00
0.00
0.00
0.00
0.00
0.00
0.00
14.00
3.00
45.00
0.00
0.00
22.00
0.00
239.00
23.00
0.00
0.00
0.00
0.00
0.00
1.00
76.00
182.00
149.00
0.00
0.00
0.00
0.00
28.00
0.00
3.00
9.00
162.00
75.00
0.00
227.00
13.00
275.00
0.00
127.00
0.00
35.00
3.00
0.00
0.00
0.00
0.00
0.00
0.00
25.00
0.00
0.00
26.00
585.00
2.00
343.00
658.00
269.00
140.00
180.00
0.00
2.00
0.00
239.00
414.00
336.00
0.00
0.00
0.00
126.00
26.00
0.00
0.00
89.00
0.00
3.00
0.00
38.00
204.00
822.00
0.00
632.00
1.00
0.00
0.00
0.00
0.00
0.00
0.00
0.00
43.00
0.00
50.00
58.00
50.00
11.00
195.00
195.00
9.00
0.00
385.00
0.00
1.00
109.00
30.00
5.00
262.00
647.00
12.00
43.00
105.00
185.00
221.00
317.00
499.00
0.00
4.00
52.00
0.00
9.00
2.00
4.00
2.00
4.00
14.00
53.00
95.00
149.00
130.00
292.00
147.00
18.00
5.00
1.00
77.00
134.00
149.00
144.00
41.00
8.00
26.00
15.00
368.00
62.00
346.00
159.00
161.00
24.00
62.00
1009.00
99.00
268.00
141.00
7.00
56.00
57.00
37.00
64.00
107.00
269.00
179.00
33.00
63.00
24.00
8.00
19.00
297.00
842.00
147.00
48.00
74.00
114.00
38.00
137.00
21.00
43.00
25.00
103.00
451.00
41.00
19.00
23.00
440.00
166.00
33.00
28.00
28.00
186.00
62.00
155.00
52.00
9.00
174.00
3.00
23.00
8.00
24.00
322.00
255.00
2.00
25.00
36.00
9.00
6.00
77.00
223.00
111.00
115.00
27.00
4.00
1.00
0.00
11.00
4.00
171.00
308.00
162.00
111.00
97.00
2.00
0.00
2.00
10.00
356.00
112.00
37.00
75.00
0.00
0.00
0.00
0.00
4.00
0.00
0.00
0.00
12.00
34.00
835.00
354.00
0.00
0.00
0.00
0.00
0.00
0.00
0.00
0.00
8.00
0.00
0.00
0.00
0.00
0.00
0.00
0.00
0.00
0.00
0.00
0.00
0.00
34.00
2.00
1.00
382.00
74.00
3.00
0.00
0.00
0.00
0.00
0.00
0.00
0.00
0.00
0.00
0.00
0.00
0.00
0.00
0.00
0.00
0.00
0.00
0.00
0.00
0.00
1.00
20.00
0.00
0.00
0.00
0.00
0.00
0.00
0.00
0.00
0.00
38.00
0.00
0.00
0.00
0.00
0.00
0.00
0.00
0.00
0.00
0.00
0.00
0.00
39.00
0.00
0.00
0.00
0.00
0.00
0.00
0.00
0.00
0.00
0.00
0.00
0.00
0.00
0.00
0.00
0.00
0.00
0.00
0.00
0.00
0.00
0.00
0.00
0.00
0.00
0.00
0.00
0.00
0.00
0.00
0.00
0.00
0.00
3.00
0.00
0.00
962.00
290.00
237.00
28.00
286.00
0.00
563.00
352.00
0.00
0.00
0.00
0.00
0.00
0.00
0.00
0.00
0.00
0.00
622.00
256.00
22.00
0.00
0.00
0.00
0.00
0.00
253.00
0.00
0.00
0.00
0.00
0.00
0.00
0.00
0.00
0.00
95.00
131.00
0.00
0.00
0.00
0.00
0.00
0.00
0.00
23.00
57.00
3.00
0.00
78.00
4.00
413.00
438.00
3.00
9.00
0.00
0.00
57.00
213.00
180.00
1.00
32.00
0.00
245.00
58.00
1.00
52.00
0.00
31.00
53.00
64.00
92.00
63.00
71.00
14.00
0.00
0.00
335.00
119.00
0.00
62.00
189.00
81.00
0.00
243.00
4.00
23.00
969.00
214.00
5.00
40.00
5.00
64.00
194.00
0.00
13.00
0.00
2.00
23.00
0.00
10.00
0.00
226.00
42.00
28.00
307.00
2.00
59.00
0.00
0.00
54.00
0.00
93.00
20.00
191.00
0.00
433.00
0.00
0.00
2.00
0.00
0.00
445.00
36.00
1.00
168.00
0.00
85.00
110.00
167.00
35.00
5.00
88.00
0.00
0.00
0.00
70.00
58.00
110.00
204.00
1.00
0.00
0.00
1.00
137.00
243.00
145.00
148.00
0.00
0.00
12.00
0.00
17.00
4.00
31.00
20.00
38.00
140.00
71.00
0.00
15.00
1.00
1.00
119.00
36.00
39.00
156.00
149.00
261.00
6.00
209.00
45.00
19.00
102.00
27.00
232.00
17.00
7.00
104.00
33.00
752.00
14.00
3.00
17.00
13.00
23.00
92.00
92.00
101.00
54.00
40.00
46.00
30.00
98.00
109.00
40.00
11.00
148.00
87.00
39.00
64.00
10.00
2.00
7.00
7.00
13.00
2.00
220.00
66.00
220.00
21.00
0.00
0.00
6.00
8.00
3.00
168.00
103.00
375.00
21.00
12.00
8.00
3.00
22.00
191.00
186.00
33.00
7.00
3.00
17.00
116.00
122.00
83.00
0.00
0.00
0.00
0.00
0.00
0.00
0.00
0.00
0.00
0.00
0.00
3.00
18.00
199.00
111.00
9.00
0.00
0.00
0.00
0.00
0.00
0.00
0.00
0.00
0.00
0.00
0.00
0.00
0.00
5.00
21.00
21.00
2.00
0.00
0.00
0.00
0.00
0.00
4.00
0.00
0.00
0.00
0.00
0.00
0.00
2.00
0.00
0.00
0.00
0.00
0.00
0.00
0.00
0.00
0.00
0.00
0.00
0.00
0.00
0.00
0.00
0.00
0.00
0.00
0.00
0.00
0.00
0.00
1.00
0.00
0.00
0.00
0.00
0.00
0.00
0.00
0.00
0.00
0.00
10.00
185.00
15.00
0.00
0.00
0.00
0.00
0.00
0.00
0.00
0.00
0.00
0.00
0.00
0.00
0.00
0.00
0.00
0.00
0.00
0.00
0.00
0.00
0.00
0.00
0.00
0.00
0.00
0.00
0.00
0.00
0.00
0.00
0.00
0.00
0.00
0.00
0.00
0.00
0.00
0.00
0.00
0.00
0.00
0.00
0.00
0.00
0.00
0.00
0.00
0.00
0.00
0.00
0.00
1.00
0.00
0.00
0.00
0.00
0.00
0.00
0.00
2.00
0.00
0.00
0.00
0.00
0.00
0.00
0.00
2.00
17.80
4.40
24.00
1.30
0.00
0.00
0.00
21.20
0.20
0.00
0.00
0.00
0.00
0.00
0.00
0.00
0.00
0.20
1.70
0.00
17.80
1.90
2.90
0.00
0.00
0.00
0.00
0.00
0.00
15.60
6.20
0.00
3.30
7.70
65.40
0.20
5.50
0.10
0.00
0.00
85.00
0.00
4.50
15.40
0.00
34.40
7.30
18.30
0.00
0.00
12.80
0.00
0.00
0.00
0.00
9.40
0.00
0.00
0.00
0.00
0.00
0.00
0.00
0.00
0.00
0.00
0.00
72.50
4.10
0.00
0.00
0.00
0.00
0.00
0.00
0.00
0.00
14.90
1.90
13.00
0.30
3.70
0.00
0.00
0.00
0.00
23.10
23.10
26.20
0.70
0.00
0.80
1.40
0.00
2.10
5.00
0.90
31.10
0.10
3.60
21.00
0.00
0.00
0.10
0.00
0.00
0.00
0.00
0.60
1.70
15.80
0.00
45.40
0.10
0.00
2.90
9.30
2.00
0.00
0.00
0.70
15.70
32.70
37.10
0.40
3.10
4.30
2.10
0.20
1.30
4.40
2.40
12.30
13.00
11.40
11.40
45.10
45.10
58.40
0.10
0.10
3.20
0.60
0.10
0.10
0.10
3.30
4.70
12.00
29.40
8.30
33.70
5.80
1.60
3.00
1.60
5.80
2.80
8.10
3.10
2.00
15.60
3.60
4.70
31.40
9.20
2.40
9.40
25.50
8.70
16.50
18.00
42.60
1.60
0.90
0.90
2.40
0.90
60.00
22.40
4.40
1.80
0.10
0.20
3.80
0.00
1.90
4.80
84.60
28.50
7.00
5.80
3.30
0.60
0.10
1.10
19.00
1.30
1.80
4.30
40.00
1.20
2.20
3.80
1.90
1.50
1.40
0.60
3.80
23.60
0.60
13.50
86.60
7.10
2.20
16.50
8.80
20.40
20.40
0.00
0.80
0.50
0.30
3.80
2.70
15.10
16.40
2.40
0.00
0.10
0.00
0.00
0.10
4.30
0.00
0.20
0.20
0.20
0.20
3.40
1.20
0.10
0.00
3.40
