20160101
0.00
0.00
0.00
0.00
0.00
0.00
0.00
0.00
61.00
0.00
0.00
0.00
0.00
0.00
0.00
0.00
0.00
0.00
1.00
10.00
0.00
0.00
0.00
0.00
0.00
0.00
0.00
0.00
0.00
0.00
0.00
0.00
0.00
0.00
0.00
0.00
0.00
0.00
0.00
0.00
0.00
0.00
0.00
0.00
0.00
0.00
0.00
0.00
0.00
0.00
5.00
8.00
3.00
6.00
245.00
10.00
14.00
0.00
0.00
0.00
0.00
0.00
0.00
32.00
0.00
2.00
0.00
0.00
132.00
22.00
26.00
0.00
0.00
1.00
2.00
0.00
0.00
0.00
3.00
1.00
5.00
0.00
0.00
0.00
0.00
0.00
0.00
680.00
66.00
231.00
216.00
0.00
0.00
223.00
196.00
259.00
140.00
107.00
207.00
12.00
0.00
112.00
25.00
139.00
299.00
191.00
527.00
188.00
328.00
426.00
85.00
273.00
333.00
649.00
280.00
40.00
229.00
250.00
216.00
5.00
86.00
40.00
92.00
5.00
139.00
1.00
16.00
3.00
1.00
0.00
0.00
11.00
111.00
188.00
289.00
93.00
816.00
1907.00
309.00
36.00
45.00
579.00
0.00
0.00
105.00
71.00
4.00
0.00
2.00
1.00
26.00
5.00
0.00
0.00
0.00
0.00
24.00
642.00
188.00
17.00
201.00
12.00
115.00
106.00
0.00
30.00
29.00
95.00
211.00
139.00
2.00
3.00
81.00
256.00
43.00
10.00
37.00
8.00
4.00
1.00
115.00
180.00
345.00
257.00
223.00
31.00
4.00
97.00
0.00
6.00
68.00
2.00
20.00
70.00
2.00
23.00
77.00
150.00
0.00
2.00
15.00
2.00
10.00
100.00
87.00
83.00
196.00
1.00
24.00
77.00
82.00
59.00
21.00
37.00
0.00
0.00
0.00
15.00
70.00
47.00
26.00
78.00
95.00
19.00
218.00
16.00
47.00
1.00
13.00
1.00
0.00
2.00
251.00
38.00
2.00
15.00
0.00
322.00
0.00
66.00
94.00
232.00
908.00
434.00
60.00
14.00
204.00
243.00
203.00
265.00
907.00
41.00
3.00
56.00
1.00
46.00
117.00
21.00
0.00
184.00
961.00
53.00
225.00
133.00
379.00
149.00
98.00
770.00
69.00
9.00
13.00
873.00
1.00
153.00
151.00
0.00
0.00
10.00
0.00
17.00
11.00
163.00
295.00
388.00
25.00
176.00
0.00
0.00
0.00
0.00
0.00
0.00
0.00
0.00
0.00
0.00
0.00
0.00
0.00
0.00
121.00
54.00
8.00
5.00
0.00
0.00
0.00
9.00
147.00
190.00
163.00
0.00
0.00
0.00
0.00
0.00
0.00
0.00
0.00
0.00
0.00
0.00
0.00
0.00
0.00
0.00
0.00
0.00
0.00
0.00
0.00
0.00
0.00
0.00
0.00
20.00
0.00
0.00
0.00
0.00
0.00
0.00
0.00
0.00
0.00
0.00
0.00
0.00
0.00
0.00
0.00
0.00
0.00
0.00
0.00
0.00
0.00
0.00
0.00
0.00
181.00
0.00
0.00
0.00
0.00
0.00
0.00
0.00
0.00
0.00
0.00
0.00
0.00
0.00
0.00
0.00
0.00
0.00
0.00
0.00
0.00
0.00
0.00
0.00
0.00
1.00
0.00
0.00
0.00
0.00
0.00
0.00
0.00
0.00
0.00
0.00
0.00
0.00
0.00
0.00
0.00
0.00
0.00
0.00
0.00
0.00
0.00
0.00
0.00
0.00
0.00
0.00
0.00
0.00
0.00
0.00
6.00
642.00
130.00
0.00
0.00
0.00
0.00
0.00
0.00
0.00
0.00
0.00
15.00
171.00
0.00
0.00
69.00
0.00
300.00
51.00
0.00
0.00
0.00
0.00
0.00
15.00
226.00
9.00
101.00
0.00
0.00
0.00
0.00
47.00
0.00
9.00
14.00
903.00
803.00
943.00
613.00
599.00
537.00
475.00
7.00
0.00
25.00
164.00
188.00
17.00
14.00
0.00
0.00
0.00
51.00
10.00
0.00
12.00
369.00
73.00
79.00
47.00
2.00
48.00
749.00
193.00
14.00
89.00
13.00
309.00
137.00
0.00
0.00
9.00
292.00
144.00
4.00
1.00
44.00
0.00
0.00
0.00
1.00
191.00
197.00
8.00
0.00
94.00
157.00
70.00
59.00
19.00
0.00
99.00
89.00
134.00
1.00
57.00
135.00
601.00
262.00
390.00
108.00
542.00
2.00
0.00
0.00
5.00
322.00
61.00
216.00
383.00
122.00
32.00
6.00
18.00
13.00
231.00
428.00
156.00
0.00
42.00
66.00
67.00
585.00
280.00
131.00
7.00
69.00
233.00
243.00
236.00
26.00
158.00
22.00
132.00
15.00
110.00
139.00
89.00
45.00
148.00
127.00
52.00
289.00
8.00
2.00
5.00
16.00
289.00
70.00
0.00
0.00
91.00
38.00
15.00
50.00
5.00
74.00
55.00
100.00
59.00
41.00
20.00
131.00
12.00
53.00
63.00
65.00
38.00
3.00
22.00
341.00
137.00
114.00
17.00
55.00
63.00
13.00
2.00
67.00
0.00
178.00
9.00
0.00
58.00
123.00
197.00
1.00
164.00
80.00
25.00
124.00
79.00
82.00
106.00
7.00
0.00
0.00
96.00
82.00
83.00
156.00
96.00
115.00
113.00
32.00
1.00
0.00
277.00
77.00
105.00
185.00
94.00
28.00
0.00
0.00
0.00
21.00
164.00
199.00
291.00
285.00
52.00
0.00
0.00
0.00
22.00
130.00
92.00
271.00
53.00
98.00
66.00
154.00
133.00
28.00
2.00
0.00
0.00
16.00
315.00
363.00
1030.00
0.00
0.00
0.00
0.00
0.00
0.00
0.00
468.00
1105.00
0.00
0.00
0.00
0.00
0.00
0.00
0.00
0.00
0.00
0.00
0.00
0.00
18.00
0.00
8.00
158.00
11.00
0.00
0.00
0.00
0.00
0.00
0.00
0.00
0.00
0.00
0.00
0.00
0.00
0.00
0.00
0.00
0.00
0.00
0.00
0.00
0.00
0.00
236.00
712.00
202.00
3.00
0.00
0.00
0.00
0.00
0.00
0.00
0.00
169.00
0.00
0.00
0.00
0.00
0.00
0.00
0.00
0.00
0.00
0.00
0.00
88.00
91.00
0.00
21.00
0.00
0.00
0.00
0.00
0.00
0.00
0.00
0.00
0.00
0.00
0.00
0.00
0.00
0.00
0.00
0.00
0.00
0.00
0.00
0.00
0.00
0.00
0.00
0.00
0.00
0.00
0.00
0.00
0.00
0.00
0.00
0.00
0.00
0.00
8.00
4.00
45.00
10.00
9.00
0.00
0.00
0.00
0.00
0.00
0.00
0.00
0.00
0.00
0.00
0.00
0.00
1.00
60.00
864.00
0.00
0.00
0.00
0.00
405.00
0.00
0.00
0.00
0.00
0.00
0.00
0.00
0.00
77.00
1678.00
0.00
881.00
203.00
669.00
24.00
0.00
0.00
0.00
0.00
0.00
0.00
0.00
50.00
5.00
46.00
104.00
652.00
3.00
0.00
12.00
0.00
0.00
0.00
14.00
0.00
0.00
14.00
75.00
150.00
36.00
0.00
139.00
0.00
0.00
159.00
8.00
5.00
44.00
187.00
0.00
0.00
9.00
45.00
0.00
0.00
76.00
14.00
236.00
3.00
117.00
16.00
165.00
413.00
501.00
351.00
165.00
596.00
557.00
96.00
0.00
26.00
3.00
41.00
0.00
0.00
0.00
0.00
0.00
0.00
0.00
71.00
130.00
251.00
254.00
250.00
36.00
92.00
40.00
2.00
127.00
114.00
10.00
340.00
106.00
0.00
5.00
24.00
20.00
12.00
284.00
939.00
56.00
753.00
108.00
22.00
1.00
18.00
0.00
1.00
54.00
60.00
45.00
25.00
7.00
30.00
57.00
16.00
12.00
26.00
4.00
7.00
17.00
7.00
1.00
39.00
196.00
55.00
10.00
704.00
94.00
64.00
3.00
18.00
19.00
3.00
0.00
2.00
0.00
34.00
64.00
62.00
97.00
309.00
190.00
15.00
53.00
23.00
76.00
61.00
296.00
143.00
1.00
43.00
50.00
40.00
65.00
1.00
5.00
52.00
39.00
193.00
636.00
22.00
6.00
3.00
17.00
2.00
16.00
15.00
122.00
43.00
9.00
252.00
45.00
68.00
16.00
16.00
93.00
8.00
18.00
3.00
23.00
0.00
5.00
18.00
0.00
0.00
14.00
3.00
80.00
17.00
5.00
75.00
2.00
0.00
104.00
2.00
1.00
16.00
4.00
0.00
106.00
0.00
6.00
1.00
64.00
0.00
104.00
0.00
0.00
0.00
0.00
0.00
0.00
0.00
0.00
0.00
0.00
0.00
0.00
16.00
99.00
209.00
64.00
0.00
0.00
0.00
0.00
0.00
0.00
0.00
0.00
0.00
0.00
0.00
0.00
0.00
1201.00
290.00
59.00
66.00
7.00
0.00
0.00
0.00
6.00
17.00
0.00
0.00
0.00
0.00
0.00
0.00
0.00
0.00
0.00
0.00
0.00
0.00
0.00
0.00
0.00
0.00
0.00
0.00
0.00
0.00
0.00
0.00
0.00
0.00
0.00
0.00
0.00
0.00
0.00
0.00
0.00
0.00
0.00
0.00
0.00
0.00
0.00
0.00
0.00
0.00
0.00
32.00
36.00
0.00
0.00
0.00
0.00
0.00
0.00
0.00
0.00
0.00
0.00
0.00
0.00
0.00
0.00
0.00
0.00
0.00
0.00
0.00
0.00
0.00
0.00
0.00
0.00
0.00
0.00
0.00
0.00
0.00
0.00
0.00
0.00
0.00
0.00
0.00
0.00
0.00
0.00
0.00
0.00
0.00
1.00
0.00
0.00
0.00
0.00
0.00
0.00
0.00
0.00
0.00
0.00
0.00
0.00
0.00
0.00
0.00
0.00
0.00
0.00
13.00
0.00
0.00
0.00
0.00
0.00
3.20
0.00
29.70
13.80
47.70
17.80
0.00
0.00
0.00
0.00
3.00
0.00
0.00
0.00
0.00
0.00
0.00
0.00
0.00
0.00
0.40
0.00
6.90
1.30
11.20
0.30
1.10
35.30
0.00
0.00
0.00
5.90
3.70
0.00
0.00
0.00
40.70
47.60
73.60
0.00
77.20
11.20
8.90
0.90
28.00
12.80
0.00
0.00
0.20
0.00
0.00
39.60
0.10
8.20
0.00
0.00
13.20
0.00
0.20
0.00
0.00
0.00
0.10
1.00
28.90
39.30
9.80
9.80
0.10
16.80
34.00
0.00
0.00
0.20
3.30
14.70
0.00
5.70
30.50
5.00
7.40
9.00
13.20
10.60
10.50
0.70
0.70
1.30
33.90
33.90
43.30
0.00
2.80
2.60
0.00
0.00
5.80
8.00
0.00
0.00
2.30
1.80
0.00
19.70
20.20
2.90
4.00
0.00
0.00
0.10
0.00
33.00
14.00
2.00
18.50
40.20
16.80
18.20
24.00
1.70
2.00
1.90
22.50
31.30
25.40
7.00
0.10
0.10
0.10
77.00
2.00
22.60
4.60
31.00
15.70
0.80
4.90
4.90
26.40
26.40
12.20
11.20
11.20
0.00
0.00
11.20
11.20
11.20
15.20
2.10
22.90
23.90
26.90
39.50
6.80
0.80
0.20
0.90
3.20
15.00
89.40
2.50
0.30
1.40
4.50
0.10
25.00
0.80
1.10
0.30
2.70
3.40
22.50
1.50
2.80
2.80
0.10
0.00
2.70
8.00
8.80
2.40
2.70
0.30
0.00
0.70
3.10
0.00
0.40
0.70
0.20
0.70
0.80
2.00
28.30
44.00
17.10
3.80
3.50
22.10
13.70
15.00
1.60
0.50
5.50
18.80
0.40
0.00
0.00
0.10
5.70
18.30
14.20
16.10
6.40
1.80
0.90
7.40
15.40
6.80
6.80
6.40
0.00
0.00
0.10
14.90
31.10
6.70
12.90
0.30
0.00
0.00
0.00
0.00
16.80
0.10
0.00
0.00
0.00
0.00
4.30
7.20
6.10
0.30
0.30
1.30
