20160101
0.00
0.00
0.00
0.00
0.00
0.00
0.00
0.00
17.00
0.00
0.00
0.00
2.00
0.00
0.00
0.00
0.00
0.00
6.00
0.00
0.00
0.00
0.00
0.00
0.00
1.00
0.00
0.00
0.00
0.00
0.00
0.00
0.00
0.00
0.00
0.00
0.00
0.00
0.00
0.00
36.00
0.00
0.00
0.00
0.00
0.00
0.00
0.00
0.00
0.00
7.00
1.00
0.00
173.00
389.00
0.00
22.00
0.00
0.00
0.00
0.00
0.00
0.00
64.00
0.00
3.00
1.00
3.00
5.00
167.00
24.00
0.00
0.00
0.00
0.00
0.00
0.00
0.00
30.00
74.00
73.00
0.00
33.00
0.00
0.00
0.00
0.00
577.00
4.00
297.00
517.00
3.00
0.00
254.00
52.00
271.00
109.00
20.00
102.00
9.00
0.00
48.00
149.00
61.00
191.00
158.00
234.00
89.00
226.00
196.00
28.00
147.00
207.00
566.00
251.00
30.00
191.00
103.00
308.00
0.00
48.00
20.00
31.00
0.00
39.00
2.00
6.00
1.00
0.00
3.00
6.00
8.00
173.00
295.00
101.00
54.00
291.00
973.00
193.00
30.00
42.00
742.00
0.00
8.00
55.00
35.00
1.00
0.00
16.00
25.00
26.00
13.00
0.00
0.00
0.00
92.00
20.00
122.00
151.00
49.00
136.00
41.00
12.00
60.00
16.00
0.00
22.00
9.00
52.00
61.00
15.00
36.00
51.00
29.00
59.00
23.00
38.00
36.00
24.00
9.00
348.00
260.00
382.00
287.00
154.00
5.00
6.00
41.00
15.00
77.00
26.00
59.00
0.00
46.00
14.00
78.00
174.00
183.00
2.00
0.00
26.00
4.00
7.00
57.00
39.00
40.00
205.00
5.00
200.00
55.00
42.00
20.00
98.00
19.00
7.00
4.00
13.00
63.00
83.00
36.00
7.00
135.00
70.00
129.00
7.00
40.00
9.00
13.00
115.00
51.00
5.00
0.00
294.00
26.00
17.00
108.00
0.00
157.00
0.00
20.00
8.00
7.00
80.00
572.00
50.00
4.00
0.00
4.00
23.00
0.00
74.00
6.00
7.00
15.00
5.00
13.00
7.00
0.00
0.00
30.00
162.00
97.00
69.00
150.00
256.00
81.00
40.00
82.00
348.00
0.00
55.00
239.00
0.00
44.00
13.00
0.00
0.00
0.00
1.00
47.00
3.00
244.00
202.00
153.00
3.00
146.00
7.00
7.00
0.00
0.00
0.00
0.00
0.00
0.00
0.00
0.00
0.00
0.00
11.00
0.00
151.00
204.00
56.00
0.00
0.00
0.00
1.00
62.00
142.00
206.00
70.00
0.00
0.00
0.00
0.00
0.00
0.00
0.00
0.00
0.00
0.00
0.00
0.00
0.00
0.00
0.00
0.00
0.00
0.00
0.00
0.00
0.00
0.00
0.00
0.00
7.00
0.00
0.00
0.00
0.00
0.00
0.00
0.00
0.00
0.00
0.00
0.00
0.00
0.00
0.00
0.00
0.00
0.00
0.00
0.00
0.00
0.00
0.00
0.00
0.00
58.00
0.00
0.00
0.00
0.00
0.00
0.00
0.00
3.00
8.00
0.00
0.00
0.00
0.00
0.00
0.00
0.00
0.00
0.00
0.00
0.00
0.00
0.00
0.00
0.00
0.00
0.00
0.00
0.00
0.00
0.00
0.00
0.00
0.00
0.00
0.00
0.00
0.00
0.00
0.00
0.00
0.00
0.00
0.00
0.00
0.00
0.00
0.00
0.00
0.00
0.00
0.00
0.00
0.00
0.00
0.00
98.00
72.00
70.00
3.00
0.00
0.00
0.00
0.00
0.00
0.00
0.00
0.00
8.00
144.00
3.00
0.00
74.00
1.00
131.00
76.00
1.00
0.00
0.00
0.00
0.00
0.00
119.00
7.00
111.00
0.00
0.00
0.00
0.00
11.00
0.00
0.00
4.00
343.00
382.00
410.00
340.00
211.00
290.00
292.00
18.00
0.00
2.00
0.00
69.00
0.00
0.00
0.00
0.00
0.00
84.00
0.00
0.00
1.00
198.00
22.00
99.00
51.00
4.00
30.00
267.00
18.00
21.00
73.00
4.00
205.00
129.00
0.00
0.00
12.00
104.00
50.00
1.00
0.00
57.00
0.00
1.00
0.00
0.00
54.00
159.00
4.00
7.00
24.00
67.00
10.00
31.00
0.00
0.00
68.00
4.00
62.00
139.00
74.00
58.00
425.00
51.00
58.00
70.00
114.00
6.00
0.00
0.00
1.00
179.00
391.00
78.00
324.00
125.00
21.00
12.00
23.00
80.00
77.00
32.00
39.00
0.00
75.00
154.00
61.00
16.00
26.00
24.00
43.00
159.00
74.00
448.00
115.00
14.00
64.00
51.00
58.00
19.00
143.00
137.00
100.00
53.00
89.00
60.00
1.00
237.00
30.00
27.00
32.00
126.00
72.00
107.00
0.00
56.00
71.00
4.00
49.00
25.00
16.00
118.00
3.00
3.00
2.00
12.00
25.00
264.00
23.00
25.00
55.00
17.00
3.00
1.00
13.00
93.00
110.00
24.00
36.00
111.00
30.00
3.00
42.00
29.00
9.00
12.00
27.00
5.00
7.00
58.00
264.00
33.00
9.00
100.00
13.00
30.00
16.00
76.00
12.00
9.00
0.00
14.00
0.00
24.00
75.00
40.00
39.00
75.00
100.00
64.00
19.00
8.00
495.00
111.00
193.00
164.00
0.00
3.00
0.00
1.00
3.00
105.00
81.00
50.00
38.00
102.00
5.00
0.00
10.00
0.00
1.00
36.00
0.00
65.00
33.00
0.00
9.00
105.00
113.00
0.00
0.00
0.00
2.00
16.00
124.00
102.00
750.00
0.00
0.00
0.00
0.00
9.00
1.00
7.00
1390.00
453.00
0.00
0.00
0.00
0.00
0.00
0.00
5.00
0.00
0.00
0.00
0.00
0.00
53.00
0.00
0.00
40.00
8.00
9.00
5.00
0.00
0.00
0.00
0.00
0.00
0.00
0.00
0.00
0.00
0.00
0.00
0.00
0.00
0.00
0.00
0.00
0.00
0.00
45.00
268.00
518.00
131.00
2.00
0.00
0.00
0.00
0.00
0.00
0.00
0.00
73.00
0.00
0.00
0.00
0.00
0.00
0.00
0.00
0.00
0.00
0.00
0.00
11.00
139.00
54.00
0.00
0.00
0.00
0.00
0.00
0.00
0.00
0.00
0.00
0.00
0.00
0.00
0.00
0.00
0.00
0.00
0.00
0.00
0.00
0.00
0.00
0.00
0.00
0.00
0.00
0.00
0.00
0.00
0.00
0.00
0.00
0.00
0.00
0.00
1.00
40.00
54.00
29.00
2.00
0.00
0.00
0.00
12.00
0.00
0.00
0.00
0.00
0.00
1.00
0.00
0.00
0.00
0.00
0.00
570.00
0.00
0.00
0.00
0.00
100.00
0.00
0.00
0.00
0.00
0.00
0.00
0.00
0.00
72.00
652.00
0.00
475.00
108.00
39.00
98.00
0.00
0.00
0.00
0.00
0.00
0.00
0.00
40.00
11.00
0.00
30.00
359.00
2.00
2.00
29.00
17.00
0.00
3.00
2.00
0.00
52.00
11.00
188.00
244.00
107.00
27.00
148.00
0.00
4.00
50.00
15.00
14.00
60.00
129.00
22.00
0.00
2.00
23.00
0.00
3.00
192.00
19.00
117.00
7.00
209.00
5.00
133.00
474.00
351.00
317.00
139.00
472.00
479.00
119.00
40.00
38.00
0.00
15.00
0.00
0.00
0.00
77.00
0.00
0.00
0.00
24.00
65.00
13.00
12.00
18.00
0.00
135.00
1.00
3.00
5.00
84.00
124.00
82.00
114.00
7.00
0.00
7.00
26.00
66.00
367.00
592.00
11.00
84.00
11.00
9.00
0.00
1.00
3.00
8.00
145.00
5.00
96.00
5.00
7.00
47.00
36.00
28.00
11.00
19.00
9.00
1.00
3.00
0.00
3.00
24.00
44.00
75.00
44.00
176.00
28.00
8.00
29.00
14.00
22.00
4.00
2.00
10.00
1.00
11.00
39.00
79.00
40.00
80.00
147.00
57.00
38.00
57.00
198.00
143.00
53.00
263.00
18.00
76.00
56.00
105.00
221.00
21.00
95.00
120.00
43.00
64.00
37.00
21.00
7.00
14.00
3.00
14.00
49.00
9.00
83.00
382.00
52.00
230.00
27.00
5.00
0.00
59.00
68.00
54.00
0.00
2.00
89.00
0.00
1.00
20.00
1.00
0.00
0.00
3.00
15.00
5.00
0.00
5.00
5.00
2.00
11.00
4.00
0.00
21.00
8.00
4.00
8.00
0.00
23.00
6.00
1.00
0.00
1.00
3.00
0.00
0.00
0.00
21.00
0.00
0.00
0.00
0.00
0.00
0.00
51.00
32.00
203.00
200.00
87.00
14.00
0.00
0.00
0.00
0.00
1.00
0.00
0.00
0.00
0.00
0.00
0.00
0.00
306.00
146.00
223.00
131.00
52.00
0.00
0.00
0.00
0.00
0.00
0.00
0.00
0.00
0.00
0.00
0.00
0.00
0.00
0.00
0.00
0.00
0.00
0.00
0.00
0.00
0.00
0.00
0.00
0.00
0.00
0.00
0.00
0.00
0.00
0.00
0.00
0.00
0.00
0.00
7.00
0.00
0.00
0.00
0.00
0.00
98.00
0.00
0.00
0.00
3.00
43.00
16.00
4.00
0.00
0.00
0.00
0.00
0.00
0.00
0.00
0.00
0.00
0.00
0.00
0.00
0.00
0.00
0.00
0.00
0.00
0.00
0.00
0.00
0.00
0.00
0.00
0.00
0.00
0.00
0.00
0.00
0.00
0.00
0.00
0.00
0.00
0.00
0.00
0.00
0.00
0.00
1.00
1.00
1.00
6.00
0.00
0.00
0.00
0.00
0.00
0.00
0.00
0.00
0.00
0.00
0.00
0.00
0.00
0.00
0.00
0.00
0.00
0.00
12.00
0.00
0.00
0.00
0.00
0.00
2.40
0.00
47.00
23.80
41.80
17.80
0.00
0.00
0.00
0.00
2.90
0.70
0.00
0.00
0.00
0.00
0.00
0.00
0.00
0.00
0.70
0.30
68.10
2.00
15.70
0.70
0.00
13.90
0.00
0.00
0.00
0.50
8.70
0.00
0.00
0.00
28.90
46.20
119.30
0.00
64.10
5.20
1.70
0.10
32.10
16.80
0.10
0.00
0.80
1.80
0.00
6.60
0.00
17.70
0.00
0.00
5.00
0.00
2.20
0.00
0.00
0.00
0.20
0.00
12.70
16.30
1.00
1.00
0.00
6.40
4.10
0.00
0.50
0.20
0.50
0.10
0.00
0.70
2.10
0.90
7.30
5.10
0.30
7.60
1.10
0.10
0.10
0.10
3.30
3.30
22.40
0.40
3.60
0.00
0.00
0.00
0.00
2.80
0.20
0.00
3.90
3.80
1.70
4.30
10.10
1.10
19.60
0.50
0.00
0.10
0.60
13.70
5.20
0.00
11.50
0.70
5.10
4.20
9.30
11.50
1.40
0.00
0.50
9.90
4.30
0.80
0.30
2.10
0.60
0.00
0.00
2.20
0.10
2.80
2.40
3.60
2.00
2.00
6.30
6.30
0.20
11.50
11.50
0.00
0.50
11.50
11.50
11.50
12.30
1.00
1.60
1.80
10.50
27.70
13.60
0.00
0.70
7.70
3.70
3.80
14.30
0.20
0.50
7.80
2.90
1.30
13.90
3.40
7.60
0.30
14.90
5.20
9.60
12.90
0.40
5.10
0.00
1.80
5.60
7.70
11.50
7.60
3.40
1.30
0.00
0.80
14.80
0.40
1.40
1.20
5.10
2.20
0.20
1.20
1.20
0.20
3.80
2.30
4.00
2.20
8.10
16.60
0.20
1.10
11.50
15.10
0.10
0.60
1.00
0.20
19.70
19.00
31.30
21.10
9.20
4.20
0.40
5.50
12.90
0.20
0.20
6.00
0.00
0.00
0.50
0.10
12.70
45.90
5.50
6.80
0.00
0.00
0.00
0.00
22.40
1.30
0.00
0.00
0.90
0.50
5.70
23.00
1.30
0.20
1.80
0.70
