20160101
0.00
0.00
0.00
0.00
0.00
0.00
0.00
0.00
0.00
0.00
0.00
0.00
1.00
0.00
0.00
0.00
0.00
0.00
0.00
0.00
0.00
0.00
0.00
0.00
0.00
0.00
0.00
0.00
0.00
0.00
0.00
0.00
0.00
0.00
0.00
0.00
0.00
0.00
0.00
3.00
4.00
0.00
3.00
0.00
0.00
0.00
0.00
0.00
0.00
0.00
0.00
0.00
0.00
55.00
225.00
1.00
14.00
0.00
0.00
0.00
0.00
0.00
0.00
62.00
0.00
9.00
0.00
1.00
1.00
2.00
1.00
0.00
0.00
0.00
0.00
26.00
0.00
0.00
32.00
4.00
24.00
0.00
95.00
0.00
0.00
0.00
0.00
571.00
3.00
111.00
560.00
4.00
0.00
130.00
167.00
468.00
74.00
3.00
29.00
2.00
5.00
0.00
0.00
66.00
116.00
86.00
355.00
187.00
0.00
230.00
218.00
357.00
260.00
29.00
137.00
228.00
58.00
32.00
48.00
0.00
36.00
25.00
111.00
12.00
73.00
2.00
0.00
0.00
0.00
0.00
0.00
87.00
155.00
269.00
20.00
34.00
13.00
418.00
323.00
8.00
135.00
1048.00
0.00
31.00
5.00
116.00
2.00
155.00
12.00
71.00
102.00
15.00
0.00
0.00
0.00
149.00
43.00
223.00
44.00
25.00
266.00
59.00
6.00
44.00
18.00
0.00
42.00
4.00
106.00
146.00
19.00
21.00
127.00
19.00
19.00
39.00
76.00
6.00
77.00
0.00
144.00
64.00
246.00
252.00
63.00
29.00
4.00
21.00
5.00
64.00
70.00
60.00
45.00
13.00
5.00
66.00
128.00
118.00
7.00
4.00
14.00
6.00
3.00
47.00
60.00
57.00
293.00
1.00
65.00
21.00
30.00
25.00
132.00
97.00
6.00
1.00
3.00
93.00
131.00
45.00
10.00
28.00
46.00
152.00
39.00
11.00
52.00
3.00
79.00
14.00
4.00
4.00
336.00
13.00
0.00
68.00
0.00
271.00
0.00
11.00
39.00
59.00
161.00
579.00
11.00
1.00
0.00
37.00
87.00
2.00
120.00
1.00
22.00
22.00
6.00
22.00
77.00
0.00
3.00
224.00
169.00
45.00
236.00
88.00
980.00
76.00
273.00
58.00
39.00
4.00
151.00
306.00
0.00
66.00
3.00
0.00
0.00
23.00
7.00
248.00
91.00
290.00
106.00
163.00
10.00
178.00
20.00
0.00
0.00
0.00
0.00
0.00
0.00
0.00
0.00
0.00
0.00
0.00
1.00
8.00
168.00
76.00
228.00
2.00
0.00
0.00
0.00
16.00
137.00
343.00
82.00
0.00
0.00
0.00
0.00
0.00
0.00
0.00
0.00
0.00
0.00
0.00
0.00
0.00
0.00
0.00
0.00
0.00
0.00
0.00
0.00
0.00
0.00
0.00
0.00
1.00
0.00
0.00
0.00
0.00
0.00
0.00
1.00
0.00
0.00
0.00
0.00
0.00
0.00
0.00
0.00
0.00
0.00
0.00
0.00
0.00
0.00
0.00
0.00
0.00
0.00
0.00
0.00
0.00
0.00
0.00
0.00
0.00
0.00
0.00
0.00
0.00
0.00
0.00
0.00
0.00
0.00
0.00
0.00
0.00
0.00
0.00
0.00
0.00
0.00
0.00
0.00
0.00
0.00
0.00
0.00
0.00
2.00
0.00
0.00
0.00
0.00
0.00
0.00
0.00
0.00
0.00
0.00
0.00
0.00
0.00
0.00
0.00
0.00
0.00
0.00
0.00
0.00
0.00
0.00
0.00
0.00
3.00
0.00
0.00
0.00
0.00
0.00
0.00
0.00
0.00
0.00
0.00
0.00
49.00
14.00
0.00
137.00
0.00
47.00
93.00
0.00
0.00
0.00
0.00
0.00
0.00
93.00
0.00
106.00
0.00
0.00
0.00
0.00
26.00
0.00
4.00
4.00
159.00
457.00
866.00
192.00
118.00
183.00
388.00
33.00
0.00
0.00
0.00
0.00
2.00
0.00
0.00
0.00
0.00
83.00
4.00
0.00
0.00
382.00
148.00
141.00
223.00
84.00
79.00
187.00
0.00
13.00
47.00
1.00
82.00
79.00
0.00
0.00
31.00
115.00
33.00
0.00
0.00
163.00
0.00
0.00
0.00
62.00
100.00
273.00
37.00
3.00
0.00
92.00
22.00
63.00
23.00
0.00
11.00
0.00
31.00
60.00
119.00
180.00
383.00
3.00
116.00
227.00
116.00
8.00
0.00
0.00
32.00
147.00
326.00
149.00
282.00
147.00
28.00
4.00
90.00
21.00
45.00
2.00
40.00
137.00
59.00
27.00
24.00
0.00
193.00
161.00
12.00
133.00
84.00
339.00
58.00
20.00
30.00
39.00
13.00
41.00
123.00
126.00
76.00
50.00
148.00
184.00
115.00
139.00
8.00
3.00
114.00
77.00
151.00
163.00
17.00
19.00
164.00
28.00
11.00
44.00
16.00
36.00
8.00
26.00
1.00
14.00
91.00
178.00
21.00
46.00
37.00
11.00
1.00
1.00
14.00
162.00
104.00
9.00
3.00
89.00
31.00
4.00
12.00
25.00
30.00
80.00
16.00
9.00
53.00
76.00
304.00
32.00
29.00
35.00
12.00
21.00
4.00
10.00
40.00
21.00
8.00
8.00
2.00
40.00
16.00
28.00
12.00
74.00
33.00
5.00
0.00
17.00
281.00
84.00
108.00
182.00
0.00
1.00
3.00
0.00
0.00
93.00
108.00
38.00
34.00
156.00
39.00
131.00
14.00
4.00
5.00
88.00
52.00
73.00
39.00
62.00
64.00
246.00
96.00
0.00
0.00
0.00
0.00
93.00
361.00
162.00
568.00
0.00
0.00
0.00
0.00
0.00
0.00
7.00
725.00
651.00
0.00
0.00
0.00
0.00
0.00
0.00
0.00
0.00
0.00
0.00
0.00
0.00
126.00
5.00
5.00
56.00
33.00
9.00
0.00
0.00
0.00
0.00
0.00
0.00
0.00
0.00
0.00
0.00
0.00
0.00
0.00
0.00
0.00
0.00
0.00
0.00
0.00
3.00
191.00
138.00
125.00
0.00
0.00
0.00
0.00
0.00
0.00
0.00
0.00
3.00
0.00
0.00
0.00
0.00
0.00
0.00
0.00
0.00
0.00
0.00
0.00
96.00
135.00
118.00
0.00
0.00
0.00
0.00
0.00
0.00
0.00
0.00
0.00
0.00
0.00
0.00
0.00
0.00
0.00
0.00
0.00
0.00
0.00
0.00
0.00
0.00
0.00
0.00
0.00
0.00
0.00
0.00
0.00
0.00
0.00
0.00
0.00
0.00
0.00
7.00
2.00
93.00
0.00
44.00
0.00
0.00
14.00
0.00
0.00
0.00
0.00
0.00
0.00
0.00
0.00
3.00
4.00
0.00
240.00
0.00
0.00
0.00
0.00
2.00
0.00
0.00
0.00
0.00
0.00
0.00
0.00
0.00
100.00
457.00
0.00
33.00
59.00
104.00
0.00
0.00
0.00
0.00
0.00
0.00
0.00
0.00
125.00
89.00
0.00
74.00
121.00
1.00
0.00
65.00
7.00
20.00
9.00
5.00
0.00
163.00
0.00
8.00
116.00
2.00
1.00
78.00
2.00
0.00
53.00
18.00
8.00
33.00
134.00
19.00
0.00
0.00
67.00
0.00
22.00
4.00
43.00
154.00
14.00
78.00
0.00
108.00
167.00
409.00
382.00
359.00
481.00
436.00
160.00
0.00
133.00
1.00
96.00
2.00
2.00
0.00
14.00
0.00
1.00
2.00
19.00
168.00
0.00
26.00
0.00
0.00
100.00
1.00
67.00
0.00
239.00
127.00
100.00
126.00
17.00
5.00
12.00
18.00
159.00
374.00
404.00
22.00
69.00
34.00
1.00
123.00
0.00
10.00
9.00
150.00
55.00
46.00
0.00
1.00
23.00
6.00
91.00
10.00
20.00
0.00
1.00
6.00
0.00
1.00
12.00
93.00
101.00
10.00
88.00
41.00
44.00
39.00
16.00
14.00
4.00
6.00
0.00
15.00
2.00
79.00
61.00
95.00
85.00
156.00
46.00
25.00
39.00
125.00
275.00
40.00
124.00
2.00
7.00
10.00
50.00
106.00
20.00
3.00
10.00
8.00
58.00
143.00
5.00
20.00
11.00
13.00
54.00
15.00
24.00
330.00
211.00
11.00
154.00
11.00
15.00
26.00
31.00
97.00
42.00
2.00
14.00
40.00
20.00
2.00
11.00
1.00
19.00
1.00
4.00
68.00
44.00
0.00
11.00
0.00
3.00
54.00
0.00
0.00
8.00
19.00
13.00
26.00
0.00
15.00
16.00
2.00
0.00
25.00
0.00
0.00
0.00
28.00
4.00
1.00
0.00
1.00
0.00
0.00
34.00
63.00
153.00
350.00
189.00
11.00
6.00
0.00
0.00
0.00
0.00
0.00
0.00
0.00
0.00
0.00
0.00
0.00
0.00
330.00
120.00
217.00
134.00
62.00
0.00
0.00
0.00
0.00
0.00
0.00
0.00
0.00
0.00
0.00
0.00
4.00
0.00
1.00
0.00
0.00
0.00
0.00
0.00
0.00
0.00
0.00
0.00
0.00
0.00
0.00
0.00
0.00
0.00
0.00
0.00
0.00
0.00
0.00
1.00
11.00
0.00
0.00
0.00
0.00
0.00
0.00
0.00
12.00
6.00
4.00
14.00
0.00
0.00
0.00
0.00
0.00
0.00
0.00
0.00
0.00
0.00
0.00
0.00
0.00
0.00
0.00
0.00
0.00
0.00
0.00
0.00
0.00
0.00
0.00
0.00
0.00
0.00
0.00
0.00
0.00
0.00
0.00
0.00
0.00
0.00
0.00
0.00
0.00
0.00
0.00
0.00
0.00
0.00
7.00
0.00
0.00
0.00
0.00
0.00
0.00
0.00
0.00
0.00
0.00
0.00
0.00
0.00
0.00
0.00
0.00
0.00
1.00
5.00
0.00
0.00
0.00
0.00
0.00
0.00
0.00
75.70
49.60
94.00
67.60
0.00
0.00
0.00
1.00
32.00
0.00
0.00
0.00
0.00
0.00
0.00
0.00
0.00
0.00
0.00
0.00
11.60
4.50
0.10
0.00
0.00
17.40
0.00
0.00
0.00
0.00
6.90
0.00
0.00
0.00
35.80
7.60
93.10
1.90
30.40
0.50
3.60
1.70
31.30
21.90
0.10
0.00
0.00
0.80
0.00
7.80
0.00
5.10
0.00
0.00
6.90
0.00
1.90
0.00
0.00
0.00
0.00
0.00
18.80
3.90
0.30
0.30
0.00
15.20
12.20
0.30
0.10
0.00
0.00
0.00
0.00
0.70
0.00
2.20
3.20
0.40
0.30
5.70
3.50
0.80
0.80
1.60
1.10
1.10
60.70
6.60
0.90
0.00
3.30
0.00
0.00
14.10
5.20
0.10
1.40
9.80
1.80
13.40
10.50
6.80
18.50
2.40
1.40
4.80
0.70
29.70
7.80
0.00
3.60
4.30
4.70
20.50
22.00
7.80
2.10
0.00
4.80
4.30
1.00
0.20
1.20
0.70
10.20
0.10
1.30
2.60
0.20
23.30
1.90
4.10
0.70
0.70
4.80
4.80
3.70
1.80
1.80
0.00
0.00
1.80
1.80
1.80
3.50
9.10
2.10
11.60
26.50
42.10
6.70
0.80
1.60
11.20
5.30
30.40
9.20
18.20
0.40
10.70
6.30
3.10
12.30
0.60
1.40
1.70
2.80
11.30
2.30
3.80
2.90
2.80
0.40
2.10
7.80
5.20
11.10
7.90
8.30
0.10
0.80
0.40
15.40
0.10
1.20
0.50
3.20
1.70
0.30
0.10
50.60
1.50
6.80
1.40
1.80
10.10
27.70
21.20
2.90
0.80
14.80
11.60
2.40
1.80
11.30
9.10
23.60
32.00
28.70
38.60
16.20
1.70
6.60
17.50
19.00
14.50
14.50
2.70
0.00
0.20
0.30
6.10
39.10
5.70
9.30
9.30
0.00
0.00
0.00
0.00
10.70
2.40
0.00
0.30
0.20
0.10
5.00
17.40
3.40
0.50
0.10
0.70
