20160101
0.00
0.00
0.00
0.00
0.00
0.00
0.00
0.00
0.00
0.00
0.00
0.00
3.00
0.00
0.00
0.00
0.00
1.00
1.00
14.00
0.00
0.00
0.00
0.00
0.00
0.00
0.00
0.00
0.00
0.00
0.00
0.00
0.00
0.00
0.00
0.00
0.00
0.00
0.00
0.00
0.00
0.00
0.00
0.00
0.00
0.00
0.00
0.00
0.00
0.00
1.00
0.00
19.00
60.00
398.00
0.00
23.00
0.00
0.00
0.00
0.00
4.00
0.00
46.00
0.00
17.00
0.00
0.00
0.00
0.00
7.00
0.00
0.00
3.00
0.00
2.00
0.00
0.00
1.00
0.00
100.00
0.00
1.00
0.00
0.00
0.00
0.00
522.00
34.00
12.00
640.00
20.00
0.00
575.00
401.00
624.00
239.00
0.00
10.00
0.00
0.00
0.00
0.00
118.00
34.00
172.00
276.00
735.00
16.00
302.00
181.00
456.00
394.00
0.00
44.00
122.00
170.00
66.00
0.00
0.00
175.00
67.00
166.00
142.00
216.00
199.00
70.00
26.00
0.00
2.00
4.00
10.00
248.00
110.00
250.00
109.00
14.00
454.00
354.00
40.00
181.00
772.00
0.00
0.00
0.00
62.00
0.00
0.00
54.00
136.00
24.00
118.00
0.00
0.00
38.00
82.00
24.00
74.00
170.00
19.00
44.00
164.00
42.00
63.00
161.00
2.00
56.00
330.00
926.00
35.00
0.00
1.00
24.00
53.00
172.00
55.00
66.00
68.00
168.00
31.00
244.00
42.00
149.00
195.00
181.00
62.00
0.00
6.00
70.00
216.00
207.00
48.00
54.00
4.00
2.00
40.00
501.00
17.00
2.00
16.00
114.00
5.00
12.00
78.00
174.00
100.00
141.00
68.00
7.00
68.00
189.00
161.00
9.00
51.00
19.00
56.00
261.00
220.00
48.00
216.00
220.00
88.00
31.00
12.00
20.00
20.00
266.00
593.00
10.00
148.00
121.00
0.00
245.00
24.00
0.00
7.00
0.00
553.00
24.00
59.00
121.00
185.00
413.00
310.00
10.00
2.00
147.00
80.00
191.00
129.00
43.00
8.00
35.00
14.00
39.00
453.00
1395.00
378.00
0.00
38.00
35.00
158.00
125.00
65.00
566.00
68.00
34.00
9.00
124.00
11.00
1.00
198.00
31.00
9.00
2.00
0.00
0.00
11.00
87.00
27.00
43.00
27.00
28.00
62.00
114.00
127.00
16.00
0.00
0.00
0.00
0.00
0.00
0.00
0.00
0.00
0.00
0.00
0.00
0.00
0.00
87.00
8.00
25.00
0.00
0.00
0.00
1.00
21.00
197.00
404.00
332.00
0.00
0.00
0.00
0.00
0.00
0.00
0.00
0.00
0.00
0.00
0.00
0.00
0.00
0.00
0.00
0.00
0.00
0.00
0.00
0.00
0.00
0.00
0.00
0.00
4.00
0.00
0.00
0.00
0.00
0.00
0.00
0.00
0.00
0.00
0.00
0.00
0.00
0.00
0.00
0.00
0.00
0.00
0.00
0.00
0.00
0.00
0.00
0.00
0.00
0.00
0.00
0.00
0.00
0.00
0.00
0.00
0.00
0.00
0.00
0.00
0.00
0.00
0.00
0.00
0.00
0.00
0.00
0.00
0.00
0.00
0.00
0.00
0.00
0.00
0.00
0.00
0.00
0.00
0.00
0.00
0.00
2.00
0.00
0.00
0.00
0.00
0.00
0.00
0.00
0.00
0.00
0.00
0.00
0.00
0.00
0.00
0.00
0.00
0.00
0.00
0.00
0.00
0.00
0.00
0.00
0.00
1.00
0.00
0.00
0.00
0.00
0.00
0.00
0.00
0.00
0.00
0.00
1.00
51.00
0.00
0.00
78.00
0.00
155.00
66.00
4.00
0.00
0.00
0.00
0.00
7.00
61.00
0.00
69.00
0.00
0.00
0.00
0.00
103.00
29.00
2.00
49.00
203.00
601.00
340.00
100.00
130.00
183.00
631.00
491.00
0.00
0.00
0.00
0.00
2.00
0.00
0.00
0.00
0.00
51.00
33.00
0.00
1.00
652.00
541.00
276.00
769.00
31.00
279.00
83.00
12.00
0.00
158.00
23.00
32.00
207.00
0.00
0.00
71.00
98.00
109.00
0.00
0.00
56.00
0.00
29.00
0.00
33.00
212.00
416.00
0.00
65.00
23.00
183.00
70.00
64.00
19.00
0.00
0.00
24.00
57.00
0.00
1.00
126.00
472.00
522.00
694.00
79.00
483.00
310.00
38.00
0.00
0.00
82.00
89.00
597.00
204.00
301.00
59.00
164.00
14.00
93.00
196.00
791.00
475.00
113.00
5.00
17.00
316.00
360.00
841.00
295.00
204.00
252.00
35.00
104.00
230.00
3.00
62.00
12.00
174.00
103.00
79.00
38.00
81.00
46.00
90.00
483.00
304.00
45.00
432.00
159.00
18.00
144.00
85.00
61.00
75.00
241.00
119.00
336.00
31.00
25.00
78.00
60.00
17.00
24.00
80.00
144.00
89.00
175.00
227.00
176.00
57.00
27.00
7.00
3.00
67.00
602.00
268.00
42.00
16.00
31.00
19.00
87.00
13.00
318.00
193.00
111.00
56.00
268.00
121.00
202.00
201.00
61.00
184.00
156.00
202.00
99.00
18.00
1.00
18.00
29.00
9.00
140.00
335.00
19.00
33.00
208.00
154.00
0.00
87.00
21.00
0.00
2.00
261.00
236.00
287.00
8.00
26.00
0.00
0.00
0.00
0.00
106.00
158.00
388.00
33.00
93.00
126.00
0.00
0.00
4.00
215.00
389.00
20.00
45.00
3.00
0.00
0.00
147.00
9.00
0.00
0.00
0.00
121.00
200.00
487.00
591.00
1521.00
0.00
0.00
0.00
0.00
0.00
0.00
2.00
492.00
562.00
0.00
0.00
0.00
0.00
0.00
1.00
0.00
0.00
0.00
0.00
0.00
0.00
44.00
4.00
0.00
174.00
20.00
15.00
0.00
0.00
0.00
0.00
0.00
0.00
0.00
0.00
0.00
0.00
0.00
0.00
0.00
0.00
0.00
0.00
0.00
0.00
0.00
93.00
424.00
297.00
329.00
0.00
0.00
0.00
0.00
0.00
0.00
0.00
0.00
30.00
0.00
0.00
0.00
0.00
0.00
0.00
0.00
0.00
0.00
0.00
0.00
119.00
246.00
1.00
0.00
0.00
0.00
0.00
0.00
0.00
0.00
0.00
0.00
0.00
0.00
0.00
0.00
0.00
0.00
0.00
0.00
0.00
0.00
0.00
0.00
0.00
0.00
0.00
0.00
0.00
0.00
0.00
0.00
0.00
0.00
0.00
0.00
0.00
0.00
45.00
49.00
74.00
22.00
4.00
0.00
3.00
0.00
0.00
0.00
0.00
0.00
0.00
0.00
0.00
0.00
0.00
0.00
80.00
430.00
0.00
0.00
0.00
0.00
0.00
0.00
0.00
0.00
0.00
0.00
0.00
0.00
0.00
0.00
24.00
0.00
0.00
35.00
2.00
0.00
0.00
0.00
0.00
0.00
0.00
0.00
44.00
95.00
24.00
148.00
310.00
298.00
1.00
0.00
28.00
11.00
0.00
159.00
53.00
18.00
72.00
113.00
13.00
99.00
65.00
1.00
70.00
0.00
0.00
70.00
52.00
42.00
100.00
443.00
153.00
0.00
1.00
40.00
9.00
1.00
338.00
41.00
367.00
5.00
270.00
166.00
193.00
423.00
812.00
896.00
613.00
414.00
303.00
349.00
0.00
56.00
258.00
227.00
91.00
0.00
57.00
52.00
31.00
23.00
26.00
26.00
115.00
5.00
1.00
39.00
66.00
15.00
56.00
155.00
58.00
15.00
25.00
58.00
313.00
215.00
2.00
220.00
192.00
128.00
461.00
376.00
45.00
844.00
367.00
2.00
59.00
1.00
7.00
0.00
19.00
112.00
27.00
58.00
20.00
360.00
57.00
3.00
4.00
14.00
0.00
4.00
37.00
0.00
0.00
13.00
110.00
52.00
34.00
295.00
7.00
132.00
37.00
20.00
73.00
19.00
131.00
50.00
89.00
162.00
418.00
38.00
37.00
131.00
20.00
15.00
21.00
133.00
224.00
455.00
279.00
37.00
16.00
9.00
381.00
299.00
20.00
93.00
209.00
113.00
58.00
117.00
511.00
1035.00
486.00
389.00
298.00
36.00
1.00
2.00
212.00
133.00
3.00
270.00
31.00
116.00
179.00
81.00
22.00
6.00
82.00
34.00
128.00
0.00
21.00
132.00
22.00
4.00
0.00
3.00
103.00
19.00
0.00
8.00
1.00
6.00
3.00
168.00
15.00
55.00
180.00
45.00
112.00
0.00
33.00
0.00
23.00
23.00
94.00
0.00
0.00
0.00
0.00
0.00
0.00
0.00
3.00
0.00
0.00
0.00
11.00
133.00
351.00
201.00
3.00
7.00
0.00
0.00
0.00
0.00
0.00
0.00
0.00
0.00
0.00
0.00
0.00
0.00
1058.00
343.00
210.00
115.00
64.00
0.00
0.00
23.00
3.00
7.00
1.00
0.00
0.00
0.00
0.00
0.00
31.00
0.00
0.00
0.00
0.00
0.00
0.00
0.00
0.00
0.00
0.00
0.00
0.00
0.00
0.00
0.00
0.00
0.00
0.00
0.00
0.00
0.00
0.00
0.00
0.00
0.00
0.00
0.00
0.00
0.00
0.00
0.00
0.00
0.00
29.00
47.00
14.00
0.00
0.00
0.00
0.00
0.00
0.00
0.00
0.00
0.00
0.00
0.00
0.00
0.00
0.00
0.00
0.00
0.00
0.00
0.00
0.00
0.00
0.00
0.00
0.00
0.00
0.00
0.00
0.00
0.00
0.00
0.00
0.00
0.00
0.00
0.00
0.00
0.00
0.00
0.00
0.00
0.00
0.00
0.00
0.00
0.00
0.00
0.00
0.00
0.00
0.00
0.00
0.00
0.00
0.00
0.00
0.00
0.00
0.00
0.00
0.00
2.00
0.00
0.00
0.00
0.00
0.00
0.00
7.00
78.90
25.30
54.60
38.70
0.00
0.00
0.00
2.20
12.30
0.00
0.00
0.00
0.00
0.00
0.00
0.00
0.00
0.00
0.60
0.00
52.20
2.40
0.00
0.10
0.00
33.90
0.00
0.00
0.00
1.00
20.90
0.00
0.00
0.00
89.40
22.10
151.20
5.10
34.70
2.70
21.40
0.00
23.10
14.00
0.00
0.00
3.40
0.50
0.00
19.40
0.00
0.20
0.00
0.00
13.70
0.00
0.00
0.00
0.00
0.00
0.00
4.40
17.30
2.30
0.00
0.00
2.80
50.90
41.00
0.00
0.00
0.00
0.00
0.00
0.00
1.80
0.80
29.30
7.60
17.50
25.20
34.80
10.50
0.00
0.00
2.60
5.10
5.10
81.50
2.40
2.70
2.10
0.00
0.00
0.00
52.30
37.10
0.00
12.90
59.70
2.10
18.10
27.00
16.90
0.70
2.00
0.00
1.60
46.40
52.80
8.80
0.00
0.00
0.00
131.80
5.50
17.60
0.80
0.20
0.40
13.60
20.50
1.10
5.40
13.50
23.50
20.30
17.20
9.70
60.20
18.20
16.20
2.30
10.40
40.90
40.90
32.70
32.70
11.00
16.80
16.80
0.20
0.00
16.80
16.80
16.80
16.10
7.90
8.10
12.90
73.40
22.00
23.20
6.10
6.30
11.20
3.40
5.90
39.00
38.10
18.50
3.50
3.80
32.80
4.50
0.40
0.10
0.00
16.60
21.70
8.20
7.10
12.60
7.60
0.10
0.60
3.60
7.60
54.00
16.50
44.80
29.40
6.30
5.70
1.70
0.30
7.60
3.20
2.60
0.60
27.40
47.70
24.50
28.00
15.80
1.70
1.80
11.10
15.00
12.40
3.30
0.80
3.70
11.70
0.00
0.00
0.20
0.20
28.90
38.60
12.20
21.70
17.50
1.30
7.50
1.10
23.10
6.20
6.20
1.30
0.00
0.40
0.10
35.80
2.50
11.00
29.10
24.30
0.00
0.00
0.00
0.00
5.30
8.30
0.00
0.00
0.00
0.00
5.00
17.40
3.40
0.50
0.10
0.70
