20160101
0.00
0.00
0.00
0.00
0.00
0.00
0.00
0.00
1.00
0.00
0.00
0.00
1.00
0.00
0.00
0.00
0.00
0.00
0.00
2.00
0.00
0.00
0.00
0.00
0.00
0.00
0.00
0.00
0.00
0.00
0.00
0.00
0.00
0.00
0.00
0.00
0.00
1.00
0.00
0.00
0.00
0.00
49.00
0.00
0.00
0.00
0.00
0.00
0.00
0.00
3.00
0.00
0.00
49.00
91.00
0.00
10.00
0.00
0.00
0.00
0.00
0.00
0.00
129.00
0.00
62.00
0.00
10.00
0.00
0.00
0.00
0.00
0.00
0.00
0.00
116.00
0.00
0.00
2.00
0.00
90.00
0.00
25.00
0.00
0.00
0.00
0.00
521.00
2.00
156.00
462.00
42.00
0.00
142.00
467.00
937.00
170.00
0.00
7.00
0.00
0.00
0.00
0.00
24.00
96.00
107.00
459.00
317.00
0.00
184.00
151.00
454.00
390.00
0.00
16.00
125.00
29.00
30.00
1.00
0.00
49.00
47.00
560.00
34.00
191.00
10.00
1.00
7.00
0.00
1.00
1.00
11.00
70.00
160.00
22.00
123.00
1.00
376.00
335.00
21.00
215.00
1170.00
0.00
5.00
0.00
4.00
0.00
30.00
19.00
77.00
44.00
3.00
0.00
14.00
5.00
142.00
51.00
80.00
109.00
34.00
48.00
311.00
66.00
34.00
36.00
0.00
68.00
215.00
228.00
39.00
8.00
13.00
86.00
32.00
1.00
12.00
58.00
12.00
69.00
1.00
117.00
11.00
95.00
41.00
18.00
3.00
10.00
10.00
7.00
16.00
199.00
192.00
44.00
3.00
6.00
51.00
253.00
56.00
11.00
1.00
15.00
8.00
1.00
36.00
131.00
94.00
326.00
2.00
50.00
15.00
132.00
12.00
39.00
26.00
0.00
42.00
18.00
77.00
81.00
286.00
141.00
20.00
5.00
111.00
120.00
20.00
104.00
7.00
37.00
12.00
17.00
3.00
520.00
8.00
0.00
20.00
0.00
449.00
3.00
4.00
2.00
5.00
275.00
460.00
24.00
0.00
88.00
75.00
51.00
67.00
167.00
3.00
6.00
20.00
47.00
316.00
275.00
34.00
0.00
451.00
171.00
108.00
58.00
122.00
284.00
82.00
452.00
26.00
90.00
7.00
154.00
174.00
0.00
171.00
0.00
0.00
0.00
22.00
186.00
296.00
353.00
121.00
0.00
41.00
105.00
212.00
9.00
1.00
0.00
0.00
0.00
0.00
0.00
0.00
0.00
0.00
0.00
0.00
91.00
0.00
146.00
18.00
129.00
88.00
7.00
0.00
20.00
21.00
146.00
455.00
121.00
0.00
0.00
0.00
0.00
0.00
0.00
0.00
0.00
0.00
0.00
0.00
0.00
0.00
0.00
0.00
0.00
0.00
0.00
0.00
0.00
0.00
0.00
0.00
0.00
0.00
0.00
0.00
0.00
0.00
0.00
0.00
1.00
0.00
0.00
0.00
0.00
0.00
0.00
0.00
0.00
0.00
0.00
0.00
0.00
0.00
0.00
0.00
0.00
0.00
0.00
0.00
0.00
0.00
0.00
0.00
0.00
0.00
0.00
0.00
0.00
0.00
0.00
0.00
0.00
0.00
0.00
0.00
0.00
0.00
0.00
0.00
0.00
0.00
0.00
0.00
0.00
0.00
0.00
0.00
0.00
0.00
20.00
0.00
0.00
0.00
0.00
0.00
0.00
0.00
0.00
0.00
0.00
0.00
0.00
0.00
0.00
0.00
0.00
0.00
0.00
0.00
0.00
0.00
0.00
0.00
0.00
0.00
0.00
0.00
0.00
0.00
0.00
0.00
0.00
0.00
0.00
0.00
0.00
30.00
0.00
0.00
127.00
0.00
68.00
124.00
0.00
0.00
0.00
0.00
0.00
0.00
124.00
2.00
101.00
0.00
0.00
0.00
0.00
65.00
0.00
0.00
2.00
80.00
672.00
242.00
53.00
53.00
385.00
139.00
176.00
0.00
0.00
0.00
0.00
0.00
0.00
0.00
0.00
0.00
134.00
14.00
0.00
10.00
319.00
392.00
139.00
475.00
73.00
120.00
87.00
0.00
0.00
101.00
0.00
31.00
165.00
0.00
0.00
44.00
13.00
20.00
0.00
0.00
260.00
0.00
0.00
0.00
19.00
87.00
409.00
1.00
28.00
0.00
29.00
4.00
123.00
21.00
0.00
0.00
2.00
89.00
120.00
134.00
175.00
690.00
23.00
267.00
296.00
210.00
159.00
10.00
1.00
10.00
90.00
533.00
790.00
376.00
171.00
55.00
4.00
65.00
39.00
53.00
32.00
184.00
12.00
5.00
7.00
20.00
44.00
421.00
632.00
57.00
219.00
21.00
256.00
80.00
15.00
64.00
17.00
62.00
75.00
122.00
17.00
52.00
85.00
85.00
188.00
240.00
216.00
55.00
15.00
15.00
74.00
46.00
29.00
111.00
2.00
151.00
131.00
5.00
92.00
3.00
100.00
20.00
54.00
31.00
19.00
206.00
485.00
12.00
71.00
77.00
9.00
0.00
16.00
16.00
346.00
81.00
14.00
11.00
60.00
28.00
17.00
3.00
73.00
256.00
58.00
80.00
78.00
40.00
49.00
335.00
3.00
63.00
201.00
22.00
31.00
8.00
19.00
9.00
0.00
7.00
12.00
66.00
80.00
2.00
39.00
126.00
74.00
52.00
25.00
5.00
20.00
337.00
71.00
151.00
50.00
0.00
1.00
1.00
0.00
0.00
55.00
140.00
244.00
13.00
72.00
12.00
238.00
3.00
23.00
83.00
144.00
259.00
192.00
66.00
16.00
39.00
17.00
14.00
0.00
0.00
0.00
16.00
422.00
243.00
273.00
997.00
0.00
0.00
0.00
0.00
0.00
0.00
11.00
936.00
424.00
0.00
0.00
0.00
0.00
0.00
0.00
0.00
0.00
0.00
0.00
0.00
0.00
99.00
0.00
1.00
100.00
33.00
7.00
0.00
0.00
0.00
0.00
0.00
0.00
0.00
0.00
0.00
0.00
0.00
0.00
0.00
0.00
0.00
0.00
0.00
0.00
0.00
38.00
234.00
291.00
303.00
0.00
0.00
0.00
0.00
0.00
0.00
0.00
0.00
4.00
0.00
0.00
0.00
0.00
0.00
0.00
0.00
0.00
0.00
0.00
0.00
154.00
224.00
108.00
0.00
0.00
0.00
0.00
0.00
0.00
0.00
0.00
0.00
0.00
0.00
0.00
0.00
0.00
0.00
0.00
0.00
0.00
0.00
0.00
0.00
0.00
0.00
0.00
0.00
0.00
0.00
0.00
0.00
0.00
0.00
0.00
0.00
0.00
0.00
14.00
20.00
246.00
0.00
67.00
0.00
1.00
11.00
0.00
0.00
0.00
0.00
0.00
2.00
0.00
0.00
11.00
0.00
0.00
273.00
0.00
0.00
0.00
0.00
0.00
0.00
0.00
0.00
0.00
0.00
0.00
0.00
0.00
0.00
1.00
0.00
0.00
3.00
39.00
148.00
0.00
0.00
0.00
0.00
0.00
0.00
0.00
245.00
11.00
0.00
91.00
93.00
1.00
0.00
18.00
13.00
0.00
85.00
1.00
21.00
226.00
0.00
26.00
29.00
9.00
0.00
76.00
1.00
0.00
269.00
28.00
1.00
10.00
206.00
117.00
0.00
0.00
24.00
9.00
34.00
38.00
81.00
185.00
2.00
89.00
3.00
108.00
317.00
464.00
442.00
396.00
448.00
302.00
138.00
0.00
272.00
14.00
172.00
1.00
7.00
0.00
6.00
9.00
0.00
1.00
0.00
94.00
15.00
2.00
16.00
12.00
133.00
3.00
66.00
8.00
131.00
180.00
122.00
191.00
97.00
0.00
181.00
151.00
299.00
598.00
774.00
1.00
318.00
164.00
0.00
9.00
1.00
14.00
5.00
119.00
117.00
12.00
0.00
0.00
55.00
33.00
4.00
17.00
15.00
0.00
227.00
23.00
1.00
1.00
21.00
64.00
75.00
49.00
214.00
50.00
157.00
49.00
18.00
191.00
18.00
27.00
3.00
23.00
5.00
61.00
37.00
65.00
48.00
52.00
14.00
0.00
20.00
195.00
313.00
144.00
15.00
4.00
9.00
332.00
57.00
47.00
237.00
62.00
3.00
7.00
130.00
173.00
228.00
13.00
263.00
106.00
115.00
9.00
4.00
659.00
149.00
0.00
100.00
48.00
81.00
50.00
6.00
80.00
18.00
82.00
69.00
129.00
0.00
1.00
24.00
15.00
2.00
0.00
2.00
143.00
16.00
0.00
1.00
0.00
1.00
113.00
0.00
0.00
12.00
44.00
10.00
125.00
0.00
27.00
103.00
17.00
3.00
33.00
0.00
0.00
0.00
0.00
0.00
1.00
0.00
0.00
0.00
0.00
0.00
49.00
143.00
380.00
277.00
8.00
0.00
0.00
0.00
0.00
0.00
0.00
0.00
0.00
0.00
0.00
0.00
0.00
0.00
297.00
177.00
231.00
117.00
57.00
0.00
0.00
0.00
0.00
0.00
0.00
0.00
0.00
0.00
0.00
0.00
0.00
0.00
0.00
0.00
0.00
0.00
0.00
0.00
7.00
0.00
0.00
0.00
0.00
0.00
0.00
0.00
0.00
0.00
0.00
0.00
0.00
0.00
0.00
11.00
8.00
0.00
0.00
0.00
0.00
0.00
0.00
0.00
4.00
4.00
1.00
25.00
1.00
0.00
0.00
0.00
0.00
0.00
0.00
0.00
0.00
0.00
0.00
0.00
0.00
0.00
0.00
0.00
0.00
0.00
0.00
0.00
0.00
0.00
0.00
0.00
0.00
0.00
0.00
0.00
0.00
0.00
0.00
0.00
0.00
0.00
0.00
0.00
0.00
0.00
0.00
0.00
0.00
0.00
2.00
0.00
0.00
0.00
0.00
0.00
0.00
0.00
0.00
0.00
0.00
0.00
0.00
0.00
0.00
0.00
0.00
0.00
1.00
4.00
0.00
0.00
0.00
0.00
0.00
0.00
0.00
115.90
76.80
96.90
80.30
0.00
0.00
0.00
16.30
34.90
0.00
0.00
0.00
0.00
0.00
0.00
0.00
0.00
0.00
0.50
0.00
48.00
11.20
0.20
0.00
0.00
19.70
0.00
0.00
0.00
0.00
5.70
0.00
0.00
0.00
75.70
16.80
144.10
14.10
7.80
0.00
6.10
0.40
29.10
26.70
0.00
0.20
0.50
0.00
0.00
1.70
0.00
0.00
0.00
0.00
2.00
0.00
1.30
0.00
0.00
0.00
0.00
0.40
8.60
1.60
0.00
0.00
1.20
7.30
12.00
0.00
0.00
0.00
0.00
0.00
0.00
0.30
0.00
13.40
1.60
0.50
0.10
13.80
6.60
1.20
1.20
0.00
3.20
3.20
57.40
0.40
2.40
0.00
0.00
0.00
0.00
18.10
24.80
0.60
1.40
3.70
1.50
8.80
12.70
1.30
7.60
0.00
0.00
0.90
87.50
22.80
13.80
0.00
2.10
2.20
16.30
35.20
10.60
5.10
0.00
0.10
3.00
1.30
0.50
0.50
2.70
11.60
8.20
0.00
9.60
35.30
16.90
6.60
6.70
3.60
4.90
4.90
8.60
8.60
3.90
10.60
10.60
0.00
0.60
10.60
10.60
10.60
0.90
10.00
2.10
6.90
45.70
26.10
12.40
7.20
0.50
20.40
2.70
19.40
15.10
28.80
0.70
7.00
4.30
68.20
5.70
0.70
0.50
0.50
1.60
19.90
14.80
5.00
3.60
14.50
0.10
0.40
5.10
4.20
18.40
14.80
14.90
0.40
6.80
0.30
7.50
0.00
1.90
2.20
0.90
1.80
0.30
9.50
15.90
25.10
27.90
0.80
1.40
26.60
15.90
9.80
0.50
0.20
7.80
22.40
0.30
0.50
19.70
2.20
15.60
37.60
20.90
28.70
16.60
0.40
11.40
26.80
13.60
2.70
2.70
0.10
0.00
0.10
0.30
13.70
69.20
1.60
24.70
20.00
0.00
0.00
0.00
2.90
9.80
3.90
0.00
0.10
0.00
0.00
0.70
9.20
4.80
0.20
0.90
1.70
