20160101
0.00
0.00
0.00
0.00
0.00
0.00
0.00
0.00
65.00
0.00
0.00
0.00
0.00
0.00
0.00
0.00
0.00
0.00
1.00
29.00
0.00
0.00
0.00
0.00
0.00
0.00
0.00
0.00
0.00
0.00
0.00
0.00
0.00
0.00
0.00
0.00
0.00
0.00
0.00
0.00
0.00
39.00
0.00
0.00
0.00
0.00
0.00
0.00
0.00
0.00
0.00
4.00
0.00
6.00
114.00
0.00
22.00
0.00
0.00
0.00
0.00
0.00
0.00
20.00
0.00
1.00
0.00
0.00
247.00
0.00
26.00
0.00
0.00
0.00
0.00
0.00
0.00
0.00
3.00
14.00
29.00
0.00
0.00
0.00
0.00
0.00
9.00
775.00
138.00
112.00
225.00
6.00
0.00
306.00
480.00
762.00
114.00
135.00
254.00
41.00
1.00
193.00
11.00
172.00
615.00
153.00
778.00
584.00
428.00
815.00
220.00
956.00
305.00
911.00
243.00
90.00
176.00
373.00
131.00
12.00
153.00
47.00
104.00
31.00
241.00
20.00
192.00
22.00
8.00
0.00
2.00
29.00
131.00
117.00
279.00
142.00
364.00
1592.00
593.00
50.00
33.00
665.00
0.00
0.00
34.00
139.00
18.00
11.00
25.00
0.00
29.00
36.00
0.00
0.00
0.00
0.00
75.00
748.00
1111.00
13.00
165.00
122.00
104.00
38.00
6.00
4.00
57.00
66.00
488.00
94.00
8.00
8.00
292.00
143.00
20.00
1.00
26.00
13.00
74.00
23.00
321.00
85.00
465.00
221.00
197.00
85.00
1.00
58.00
2.00
15.00
344.00
22.00
17.00
50.00
3.00
3.00
353.00
191.00
0.00
8.00
17.00
5.00
10.00
95.00
172.00
88.00
160.00
15.00
8.00
91.00
57.00
82.00
14.00
9.00
0.00
0.00
81.00
178.00
39.00
208.00
241.00
71.00
12.00
1.00
206.00
86.00
396.00
9.00
1.00
0.00
0.00
0.00
327.00
33.00
0.00
7.00
0.00
242.00
1.00
81.00
63.00
772.00
768.00
512.00
110.00
11.00
447.00
139.00
372.00
950.00
501.00
4.00
8.00
3.00
29.00
69.00
520.00
141.00
0.00
4.00
215.00
110.00
56.00
266.00
550.00
173.00
19.00
276.00
184.00
7.00
0.00
894.00
48.00
267.00
155.00
1.00
0.00
1.00
0.00
99.00
31.00
530.00
310.00
177.00
0.00
124.00
0.00
0.00
0.00
0.00
0.00
0.00
0.00
0.00
0.00
0.00
0.00
3.00
0.00
0.00
144.00
15.00
8.00
0.00
0.00
0.00
0.00
11.00
169.00
307.00
386.00
4.00
0.00
0.00
0.00
0.00
0.00
0.00
0.00
0.00
0.00
0.00
0.00
0.00
0.00
0.00
0.00
0.00
0.00
0.00
0.00
0.00
0.00
0.00
0.00
0.00
0.00
0.00
0.00
0.00
0.00
0.00
0.00
0.00
0.00
0.00
0.00
0.00
0.00
0.00
0.00
0.00
0.00
0.00
0.00
0.00
0.00
0.00
0.00
0.00
76.00
0.00
0.00
0.00
0.00
0.00
0.00
0.00
0.00
0.00
0.00
0.00
0.00
0.00
0.00
0.00
0.00
0.00
0.00
0.00
0.00
0.00
0.00
0.00
0.00
0.00
0.00
0.00
0.00
0.00
0.00
0.00
3.00
0.00
0.00
0.00
0.00
0.00
0.00
0.00
0.00
0.00
0.00
0.00
0.00
0.00
0.00
0.00
0.00
0.00
0.00
0.00
0.00
0.00
0.00
0.00
69.00
501.00
28.00
0.00
0.00
0.00
0.00
0.00
0.00
0.00
0.00
0.00
11.00
103.00
0.00
0.00
75.00
0.00
389.00
52.00
0.00
0.00
0.00
0.00
0.00
68.00
141.00
1.00
124.00
0.00
0.00
0.00
0.00
78.00
0.00
17.00
37.00
896.00
655.00
1190.00
680.00
527.00
629.00
468.00
30.00
0.00
45.00
148.00
418.00
49.00
0.00
0.00
0.00
0.00
224.00
15.00
0.00
13.00
413.00
161.00
191.00
58.00
4.00
61.00
1157.00
201.00
11.00
123.00
20.00
169.00
132.00
0.00
0.00
36.00
441.00
148.00
0.00
7.00
51.00
0.00
2.00
0.00
11.00
281.00
256.00
4.00
0.00
165.00
178.00
85.00
181.00
18.00
0.00
153.00
138.00
297.00
2.00
10.00
175.00
632.00
300.00
914.00
132.00
702.00
39.00
0.00
0.00
6.00
265.00
62.00
305.00
529.00
163.00
131.00
10.00
36.00
33.00
354.00
544.00
489.00
28.00
30.00
9.00
577.00
794.00
263.00
342.00
35.00
67.00
148.00
223.00
150.00
28.00
158.00
50.00
142.00
47.00
117.00
73.00
118.00
100.00
252.00
581.00
38.00
59.00
240.00
3.00
4.00
86.00
393.00
14.00
0.00
36.00
146.00
78.00
2.00
107.00
3.00
90.00
24.00
429.00
75.00
98.00
23.00
124.00
12.00
238.00
136.00
77.00
38.00
15.00
42.00
556.00
270.00
109.00
50.00
209.00
22.00
46.00
7.00
316.00
0.00
132.00
86.00
14.00
239.00
219.00
203.00
11.00
151.00
42.00
128.00
157.00
108.00
49.00
245.00
12.00
0.00
0.00
99.00
258.00
92.00
167.00
0.00
18.00
182.00
348.00
0.00
4.00
200.00
9.00
122.00
118.00
108.00
2.00
0.00
0.00
0.00
21.00
83.00
188.00
92.00
310.00
44.00
5.00
0.00
0.00
48.00
183.00
463.00
1162.00
7.00
0.00
0.00
114.00
143.00
2.00
35.00
0.00
6.00
59.00
260.00
440.00
1380.00
0.00
0.00
0.00
0.00
0.00
0.00
0.00
388.00
730.00
0.00
0.00
0.00
0.00
0.00
2.00
0.00
0.00
0.00
0.00
0.00
0.00
4.00
0.00
4.00
201.00
50.00
0.00
0.00
0.00
0.00
0.00
0.00
0.00
0.00
0.00
0.00
0.00
0.00
0.00
0.00
0.00
0.00
0.00
0.00
0.00
0.00
0.00
100.00
723.00
511.00
0.00
0.00
0.00
0.00
0.00
0.00
0.00
0.00
150.00
0.00
0.00
0.00
0.00
0.00
0.00
0.00
0.00
0.00
0.00
0.00
38.00
204.00
53.00
3.00
0.00
0.00
0.00
0.00
0.00
0.00
0.00
0.00
0.00
0.00
0.00
0.00
0.00
0.00
0.00
0.00
0.00
0.00
0.00
0.00
0.00
0.00
0.00
0.00
0.00
0.00
0.00
0.00
0.00
0.00
0.00
0.00
0.00
0.00
10.00
2.00
53.00
38.00
4.00
7.00
0.00
0.00
0.00
0.00
0.00
0.00
0.00
0.00
0.00
0.00
5.00
22.00
98.00
425.00
0.00
0.00
0.00
0.00
195.00
0.00
0.00
0.00
0.00
0.00
0.00
0.00
0.00
85.00
736.00
0.00
601.00
95.00
705.00
7.00
0.00
0.00
0.00
0.00
0.00
0.00
1.00
98.00
4.00
141.00
207.00
360.00
24.00
0.00
1.00
0.00
0.00
0.00
10.00
0.00
2.00
80.00
122.00
117.00
31.00
0.00
169.00
0.00
0.00
222.00
13.00
18.00
40.00
208.00
3.00
0.00
31.00
96.00
0.00
0.00
44.00
18.00
379.00
4.00
215.00
17.00
103.00
445.00
673.00
315.00
181.00
486.00
639.00
182.00
0.00
38.00
23.00
111.00
2.00
0.00
44.00
0.00
18.00
1.00
0.00
24.00
372.00
499.00
378.00
104.00
2.00
6.00
247.00
9.00
50.00
51.00
67.00
257.00
186.00
26.00
2.00
48.00
26.00
22.00
318.00
645.00
195.00
873.00
460.00
43.00
14.00
105.00
2.00
0.00
228.00
95.00
31.00
19.00
24.00
79.00
254.00
4.00
96.00
45.00
2.00
5.00
98.00
39.00
0.00
15.00
285.00
46.00
3.00
201.00
61.00
42.00
48.00
16.00
3.00
176.00
23.00
2.00
0.00
46.00
90.00
44.00
127.00
107.00
119.00
9.00
40.00
124.00
276.00
118.00
431.00
124.00
3.00
22.00
11.00
79.00
27.00
18.00
29.00
41.00
187.00
216.00
296.00
238.00
8.00
40.00
55.00
26.00
2.00
1.00
93.00
40.00
20.00
287.00
26.00
219.00
144.00
215.00
52.00
0.00
33.00
45.00
52.00
0.00
146.00
34.00
0.00
0.00
2.00
14.00
94.00
47.00
55.00
46.00
28.00
0.00
24.00
8.00
1.00
40.00
19.00
0.00
131.00
0.00
28.00
5.00
304.00
3.00
27.00
0.00
0.00
0.00
0.00
0.00
0.00
0.00
0.00
0.00
0.00
0.00
0.00
37.00
65.00
329.00
169.00
0.00
0.00
0.00
0.00
0.00
0.00
0.00
0.00
0.00
0.00
0.00
0.00
0.00
839.00
301.00
77.00
50.00
0.00
0.00
0.00
0.00
25.00
8.00
0.00
0.00
0.00
0.00
0.00
0.00
0.00
0.00
0.00
0.00
0.00
0.00
0.00
0.00
0.00
0.00
0.00
0.00
0.00
0.00
0.00
0.00
0.00
0.00
0.00
0.00
0.00
0.00
0.00
11.00
0.00
0.00
0.00
0.00
0.00
0.00
0.00
0.00
0.00
0.00
8.00
40.00
100.00
0.00
0.00
0.00
0.00
0.00
0.00
0.00
0.00
0.00
0.00
0.00
0.00
0.00
0.00
0.00
0.00
0.00
0.00
0.00
0.00
0.00
0.00
0.00
0.00
0.00
0.00
0.00
0.00
0.00
0.00
0.00
0.00
0.00
0.00
0.00
0.00
0.00
0.00
0.00
0.00
0.00
0.00
0.00
0.00
0.00
0.00
0.00
0.00
0.00
0.00
0.00
0.00
3.00
0.00
0.00
0.00
0.00
0.00
0.00
0.00
6.00
0.00
0.00
0.00
0.00
0.00
3.20
0.00
61.70
7.90
52.40
15.10
0.00
0.00
0.00
0.00
5.90
0.00
0.00
0.00
0.00
0.00
0.00
0.00
0.00
0.00
0.10
0.20
3.70
0.80
3.40
0.00
8.60
34.30
0.00
0.00
0.00
17.20
1.00
0.00
0.00
0.00
61.00
29.60
46.10
0.00
53.20
12.40
24.20
1.80
36.20
17.00
0.00
0.00
1.80
0.00
0.00
23.00
1.90
5.70
0.00
0.00
3.90
0.00
1.20
0.00
0.00
0.00
0.00
15.40
32.10
26.50
11.20
11.20
3.50
22.90
46.90
0.00
0.00
2.40
10.60
21.20
0.40
18.70
6.30
3.00
6.30
20.00
24.70
25.30
11.70
0.00
0.00
6.20
44.90
44.90
34.10
0.40
13.30
2.60
0.00
0.00
3.20
18.30
1.40
0.00
0.00
12.10
0.60
36.50
42.00
10.80
0.70
14.10
0.00
0.00
8.00
41.10
13.30
3.10
83.70
31.10
18.10
24.70
60.20
1.60
0.00
11.70
62.10
54.60
20.70
13.10
0.00
0.00
6.80
59.20
6.00
2.90
91.30
26.10
12.60
2.80
12.90
12.90
50.80
50.80
22.00
5.60
5.60
0.00
0.10
5.60
5.60
5.60
18.50
23.10
19.40
12.40
49.10
43.40
5.10
2.00
2.20
22.50
6.10
11.90
75.30
6.10
4.10
1.60
5.90
2.80
10.40
0.00
2.10
0.00
3.90
2.50
5.40
7.70
5.80
10.80
1.70
0.00
0.90
10.60
89.00
17.70
7.50
0.00
0.00
13.60
4.90
0.00
1.20
8.00
0.10
0.80
1.70
50.50
34.40
76.20
10.70
1.80
0.00
4.90
16.70
11.40
1.50
1.00
1.40
19.40
0.00
0.00
0.00
0.00
17.50
45.90
17.00
13.90
10.50
2.30
2.50
7.60
9.00
2.10
2.10
6.50
1.10
2.20
0.90
7.10
3.50
6.90
12.80
1.90
0.00
0.00
0.00
0.00
21.50
0.00
0.00
0.00
0.00
0.00
4.30
7.20
6.10
0.30
0.30
1.30
