20160101
0.00
0.00
0.00
0.00
0.00
0.00
0.00
0.00
113.00
0.00
0.00
0.00
0.00
0.00
0.00
0.00
0.00
0.00
1.00
15.00
0.00
0.00
0.00
0.00
0.00
0.00
0.00
0.00
0.00
0.00
0.00
0.00
0.00
0.00
0.00
0.00
0.00
0.00
0.00
0.00
0.00
30.00
0.00
0.00
0.00
0.00
0.00
0.00
0.00
0.00
3.00
10.00
12.00
6.00
166.00
0.00
17.00
0.00
0.00
0.00
0.00
0.00
0.00
1.00
0.00
0.00
0.00
0.00
103.00
5.00
29.00
0.00
0.00
0.00
1.00
0.00
0.00
0.00
18.00
3.00
18.00
0.00
0.00
0.00
0.00
0.00
0.00
708.00
134.00
131.00
231.00
4.00
1.00
252.00
216.00
619.00
109.00
165.00
157.00
30.00
1.00
142.00
22.00
247.00
338.00
156.00
540.00
372.00
315.00
817.00
129.00
562.00
400.00
945.00
423.00
78.00
219.00
294.00
139.00
7.00
125.00
48.00
131.00
14.00
218.00
14.00
75.00
13.00
5.00
0.00
0.00
19.00
126.00
166.00
303.00
122.00
509.00
1949.00
443.00
50.00
28.00
573.00
0.00
0.00
72.00
149.00
9.00
3.00
13.00
13.00
18.00
15.00
0.00
0.00
0.00
0.00
53.00
1031.00
449.00
25.00
164.00
33.00
288.00
25.00
1.00
26.00
50.00
109.00
367.00
136.00
10.00
6.00
166.00
178.00
11.00
2.00
22.00
5.00
41.00
17.00
624.00
110.00
384.00
271.00
98.00
103.00
4.00
62.00
2.00
3.00
317.00
12.00
12.00
59.00
3.00
5.00
255.00
243.00
0.00
25.00
18.00
7.00
0.00
81.00
106.00
92.00
160.00
16.00
12.00
64.00
57.00
73.00
12.00
6.00
0.00
0.00
20.00
71.00
37.00
162.00
149.00
77.00
52.00
20.00
196.00
14.00
108.00
1.00
2.00
1.00
0.00
2.00
378.00
39.00
1.00
8.00
0.00
325.00
0.00
63.00
113.00
741.00
982.00
535.00
121.00
9.00
375.00
223.00
297.00
881.00
727.00
25.00
7.00
21.00
8.00
33.00
339.00
76.00
0.00
62.00
964.00
167.00
72.00
192.00
491.00
149.00
47.00
468.00
72.00
16.00
0.00
990.00
30.00
216.00
188.00
0.00
0.00
4.00
0.00
12.00
31.00
400.00
228.00
214.00
5.00
156.00
0.00
0.00
0.00
0.00
0.00
0.00
0.00
0.00
0.00
0.00
0.00
0.00
0.00
0.00
135.00
34.00
15.00
0.00
0.00
0.00
0.00
10.00
148.00
258.00
264.00
0.00
0.00
0.00
0.00
0.00
0.00
0.00
0.00
0.00
0.00
0.00
0.00
0.00
0.00
0.00
0.00
0.00
0.00
0.00
0.00
0.00
0.00
0.00
0.00
3.00
0.00
0.00
0.00
0.00
0.00
0.00
0.00
0.00
0.00
0.00
0.00
0.00
0.00
0.00
0.00
0.00
0.00
0.00
0.00
0.00
0.00
0.00
0.00
0.00
116.00
0.00
0.00
0.00
0.00
0.00
0.00
0.00
0.00
0.00
0.00
0.00
0.00
0.00
0.00
0.00
0.00
0.00
0.00
0.00
0.00
0.00
0.00
0.00
0.00
0.00
0.00
0.00
0.00
0.00
0.00
0.00
2.00
0.00
0.00
0.00
0.00
0.00
0.00
0.00
0.00
0.00
0.00
0.00
0.00
0.00
0.00
0.00
0.00
0.00
0.00
0.00
0.00
0.00
0.00
0.00
41.00
720.00
25.00
0.00
0.00
0.00
0.00
0.00
0.00
0.00
0.00
0.00
13.00
104.00
0.00
0.00
73.00
0.00
361.00
47.00
0.00
0.00
0.00
0.00
0.00
64.00
190.00
4.00
116.00
0.00
0.00
0.00
0.00
65.00
0.00
10.00
19.00
950.00
519.00
1076.00
586.00
527.00
586.00
547.00
29.00
0.00
29.00
61.00
444.00
42.00
12.00
0.00
0.00
0.00
134.00
20.00
0.00
11.00
366.00
158.00
114.00
54.00
12.00
57.00
1155.00
170.00
8.00
87.00
4.00
321.00
148.00
0.00
0.00
22.00
325.00
134.00
1.00
4.00
47.00
0.00
0.00
0.00
1.00
244.00
227.00
4.00
1.00
152.00
169.00
76.00
110.00
16.00
0.00
134.00
102.00
214.00
8.00
197.00
159.00
669.00
335.00
847.00
114.00
611.00
24.00
0.00
0.00
1.00
326.00
74.00
290.00
541.00
149.00
66.00
1.00
10.00
53.00
407.00
625.00
184.00
0.00
25.00
26.00
340.00
777.00
362.00
360.00
16.00
71.00
168.00
368.00
189.00
33.00
117.00
17.00
139.00
37.00
115.00
123.00
100.00
99.00
235.00
330.00
19.00
126.00
7.00
1.00
3.00
76.00
382.00
26.00
0.00
11.00
146.00
13.00
7.00
92.00
5.00
75.00
51.00
340.00
54.00
83.00
16.00
115.00
20.00
146.00
113.00
68.00
47.00
17.00
27.00
429.00
257.00
96.00
31.00
101.00
32.00
10.00
7.00
55.00
0.00
162.00
34.00
3.00
251.00
203.00
217.00
0.00
119.00
52.00
27.00
159.00
106.00
58.00
200.00
0.00
0.00
0.00
153.00
178.00
41.00
54.00
55.00
90.00
75.00
153.00
0.00
1.00
238.00
25.00
123.00
113.00
126.00
6.00
0.00
0.00
0.00
30.00
125.00
191.00
128.00
373.00
51.00
4.00
0.00
0.00
32.00
179.00
223.00
551.00
24.00
13.00
7.00
108.00
113.00
3.00
11.00
0.00
1.00
43.00
208.00
413.00
1263.00
0.00
0.00
0.00
0.00
0.00
0.00
0.00
364.00
965.00
0.00
0.00
0.00
0.00
0.00
1.00
0.00
0.00
0.00
0.00
0.00
0.00
8.00
0.00
2.00
187.00
44.00
7.00
0.00
0.00
0.00
0.00
0.00
0.00
0.00
0.00
0.00
0.00
0.00
0.00
0.00
0.00
0.00
0.00
0.00
0.00
0.00
0.00
191.00
668.00
368.00
3.00
0.00
0.00
0.00
0.00
0.00
0.00
0.00
164.00
0.00
0.00
0.00
0.00
0.00
0.00
0.00
0.00
0.00
0.00
0.00
27.00
185.00
63.00
51.00
0.00
0.00
0.00
0.00
0.00
0.00
0.00
0.00
0.00
0.00
0.00
0.00
0.00
0.00
0.00
0.00
0.00
0.00
0.00
0.00
0.00
0.00
0.00
0.00
0.00
0.00
0.00
0.00
0.00
0.00
0.00
0.00
0.00
0.00
5.00
4.00
46.00
43.00
11.00
3.00
0.00
0.00
0.00
0.00
0.00
0.00
0.00
0.00
0.00
0.00
2.00
11.00
93.00
650.00
0.00
0.00
0.00
0.00
605.00
0.00
0.00
0.00
0.00
0.00
0.00
0.00
0.00
87.00
1106.00
0.00
628.00
80.00
877.00
5.00
0.00
0.00
0.00
0.00
0.00
0.00
0.00
92.00
6.00
97.00
153.00
366.00
11.00
0.00
6.00
0.00
0.00
0.00
13.00
0.00
0.00
35.00
63.00
113.00
34.00
0.00
164.00
0.00
0.00
223.00
12.00
11.00
23.00
169.00
3.00
0.00
19.00
57.00
0.00
0.00
50.00
14.00
326.00
0.00
170.00
8.00
131.00
426.00
582.00
294.00
236.00
597.00
658.00
122.00
0.00
43.00
16.00
74.00
0.00
33.00
30.00
0.00
0.00
0.00
0.00
24.00
128.00
342.00
910.00
133.00
1.00
25.00
122.00
4.00
96.00
74.00
38.00
297.00
233.00
0.00
1.00
56.00
22.00
17.00
315.00
714.00
93.00
920.00
195.00
45.00
36.00
22.00
0.00
2.00
159.00
49.00
54.00
7.00
37.00
52.00
159.00
7.00
39.00
21.00
2.00
7.00
42.00
14.00
0.00
17.00
251.00
51.00
8.00
332.00
99.00
87.00
4.00
18.00
7.00
79.00
11.00
2.00
0.00
38.00
79.00
172.00
60.00
108.00
139.00
9.00
33.00
112.00
208.00
98.00
427.00
166.00
0.00
52.00
15.00
53.00
24.00
4.00
4.00
29.00
133.00
220.00
630.00
122.00
9.00
1.00
25.00
4.00
4.00
7.00
118.00
33.00
2.00
225.00
34.00
128.00
90.00
201.00
67.00
4.00
38.00
38.00
38.00
0.00
56.00
26.00
0.00
0.00
37.00
26.00
107.00
43.00
12.00
21.00
30.00
0.00
34.00
6.00
0.00
93.00
5.00
0.00
186.00
0.00
21.00
2.00
160.00
1.00
50.00
0.00
0.00
0.00
0.00
0.00
0.00
0.00
0.00
0.00
0.00
0.00
0.00
32.00
59.00
276.00
118.00
0.00
0.00
0.00
0.00
0.00
0.00
0.00
0.00
0.00
0.00
0.00
0.00
0.00
1375.00
322.00
59.00
67.00
2.00
0.00
0.00
0.00
5.00
20.00
0.00
0.00
0.00
0.00
0.00
0.00
0.00
0.00
0.00
0.00
0.00
0.00
0.00
0.00
0.00
0.00
0.00
0.00
0.00
0.00
0.00
0.00
0.00
0.00
0.00
0.00
0.00
0.00
0.00
11.00
0.00
0.00
0.00
0.00
0.00
0.00
0.00
0.00
0.00
0.00
0.00
33.00
54.00
0.00
0.00
0.00
0.00
0.00
0.00
0.00
0.00
0.00
0.00
0.00
0.00
0.00
0.00
0.00
0.00
0.00
0.00
0.00
0.00
0.00
0.00
0.00
0.00
0.00
0.00
0.00
0.00
0.00
0.00
0.00
0.00
0.00
0.00
0.00
0.00
0.00
0.00
0.00
0.00
0.00
0.00
0.00
0.00
0.00
0.00
0.00
0.00
0.00
0.00
0.00
0.00
1.00
0.00
0.00
0.00
0.00
0.00
0.00
0.00
7.00
0.00
0.00
0.00
0.00
0.00
3.20
0.00
44.60
11.60
56.40
15.80
0.00
0.00
0.00
0.00
3.60
0.30
0.00
0.00
0.00
0.00
0.00
0.80
0.00
0.00
0.50
0.00
4.40
1.40
9.60
0.50
3.40
55.90
0.00
0.00
0.00
10.40
1.60
0.00
0.00
0.00
54.00
26.00
54.10
0.00
62.20
12.30
8.50
1.60
17.60
15.30
0.00
0.00
1.10
0.00
0.00
15.70
1.10
6.90
0.00
0.00
5.20
0.00
0.10
0.00
0.00
0.00
0.00
3.70
39.90
27.40
12.80
12.80
2.60
20.50
41.00
0.00
0.00
0.20
7.40
20.20
0.00
11.50
20.50
3.00
6.00
12.60
15.90
18.00
5.80
0.20
0.20
4.00
24.40
24.40
42.80
0.20
11.90
1.60
0.00
0.00
2.70
11.10
0.60
0.00
0.00
7.10
0.30
32.30
41.20
9.70
0.80
4.40
0.00
0.00
0.60
36.10
20.80
4.00
34.00
29.40
7.10
26.30
40.70
3.10
0.10
3.80
27.80
46.80
17.10
4.50
0.00
0.10
1.40
44.00
3.20
20.00
34.20
33.40
15.70
1.10
7.60
7.60
49.10
49.10
18.50
7.80
7.80
0.00
0.00
7.80
7.80
7.80
17.40
12.30
26.40
29.90
37.10
46.60
4.80
0.30
0.90
6.00
10.10
13.00
65.90
7.20
2.80
1.60
6.30
0.50
11.20
1.10
1.00
0.10
3.80
0.90
15.80
3.40
2.30
2.20
0.00
0.00
1.70
11.00
45.30
15.80
1.60
0.20
0.00
4.10
3.00
0.00
1.00
1.40
0.00
0.90
1.50
14.30
36.10
80.40
19.60
1.40
0.00
4.40
17.50
9.30
2.50
0.00
3.70
25.00
1.20
0.00
0.00
0.00
8.60
20.70
9.30
14.70
7.20
0.20
2.20
11.60
14.70
4.60
4.60
3.30
0.00
0.30
0.10
13.30
5.20
13.00
9.90
1.40
0.00
0.00
0.00
0.00
18.30
0.00
0.00
0.00
0.00
0.00
5.00
17.40
3.40
0.50
0.10
0.70
