20160101
0.00
0.00
0.00
0.00
0.00
0.00
0.00
0.00
0.00
0.00
0.00
0.00
0.00
0.00
0.00
0.00
0.00
0.00
59.00
16.00
0.00
0.00
0.00
0.00
0.00
0.00
0.00
0.00
0.00
0.00
0.00
0.00
0.00
0.00
0.00
0.00
0.00
0.00
8.00
0.00
0.00
0.00
0.00
0.00
0.00
0.00
9.00
1.00
0.00
1.00
15.00
0.00
0.00
0.00
0.00
0.00
5.00
1.00
0.00
0.00
0.00
0.00
0.00
0.00
0.00
86.00
0.00
1.00
0.00
0.00
0.00
0.00
20.00
20.00
0.00
0.00
0.00
0.00
0.00
0.00
0.00
0.00
0.00
0.00
0.00
0.00
5.00
3.00
2.00
35.00
328.00
20.00
0.00
0.00
0.00
2.00
0.00
0.00
0.00
0.00
0.00
0.00
0.00
0.00
0.00
0.00
53.00
0.00
0.00
0.00
0.00
0.00
0.00
0.00
0.00
0.00
0.00
84.00
0.00
1.00
0.00
0.00
29.00
32.00
0.00
0.00
0.00
277.00
35.00
27.00
159.00
5.00
94.00
82.00
274.00
46.00
44.00
90.00
72.00
313.00
56.00
11.00
0.00
0.00
110.00
89.00
0.00
4.00
0.00
1.00
8.00
207.00
0.00
0.00
0.00
0.00
0.00
13.00
18.00
0.00
10.00
0.00
135.00
11.00
8.00
438.00
68.00
359.00
14.00
11.00
81.00
3.00
47.00
84.00
134.00
34.00
20.00
73.00
93.00
2.00
2.00
13.00
22.00
321.00
200.00
135.00
130.00
2.00
42.00
181.00
68.00
19.00
13.00
26.00
202.00
47.00
17.00
50.00
583.00
147.00
152.00
72.00
127.00
29.00
115.00
51.00
144.00
30.00
15.00
29.00
143.00
127.00
71.00
283.00
148.00
35.00
202.00
79.00
31.00
31.00
16.00
0.00
250.00
8.00
1.00
52.00
143.00
160.00
222.00
121.00
10.00
0.00
15.00
94.00
1.00
0.00
0.00
540.00
4.00
9.00
64.00
32.00
54.00
42.00
26.00
281.00
35.00
58.00
13.00
3.00
12.00
3.00
0.00
4.00
20.00
170.00
78.00
11.00
3.00
41.00
103.00
37.00
84.00
61.00
92.00
0.00
72.00
15.00
416.00
169.00
0.00
26.00
21.00
0.00
13.00
0.00
0.00
1.00
2.00
6.00
1.00
0.00
780.00
334.00
136.00
37.00
0.00
0.00
0.00
0.00
0.00
0.00
0.00
0.00
0.00
0.00
0.00
0.00
0.00
0.00
60.00
0.00
0.00
0.00
0.00
0.00
0.00
1.00
123.00
69.00
0.00
0.00
0.00
0.00
0.00
0.00
0.00
0.00
0.00
0.00
0.00
0.00
0.00
0.00
0.00
0.00
0.00
0.00
0.00
0.00
0.00
0.00
0.00
0.00
0.00
5.00
0.00
0.00
0.00
0.00
0.00
0.00
0.00
0.00
0.00
0.00
0.00
0.00
0.00
0.00
0.00
0.00
0.00
0.00
0.00
0.00
0.00
0.00
0.00
0.00
13.00
0.00
0.00
0.00
0.00
0.00
0.00
0.00
0.00
7.00
0.00
0.00
0.00
0.00
0.00
237.00
0.00
0.00
0.00
0.00
0.00
0.00
0.00
0.00
0.00
0.00
0.00
0.00
0.00
0.00
0.00
20.00
47.00
44.00
0.00
0.00
0.00
0.00
0.00
0.00
0.00
0.00
0.00
0.00
0.00
0.00
0.00
0.00
0.00
0.00
0.00
0.00
0.00
0.00
0.00
0.00
0.00
0.00
0.00
0.00
0.00
0.00
0.00
0.00
0.00
0.00
0.00
2.00
269.00
5.00
0.00
0.00
5.00
2.00
140.00
0.00
0.00
0.00
0.00
0.00
0.00
57.00
3.00
49.00
381.00
0.00
0.00
0.00
9.00
219.00
0.00
0.00
307.00
60.00
0.00
0.00
0.00
21.00
18.00
0.00
11.00
4.00
30.00
119.00
0.00
0.00
0.00
0.00
0.00
0.00
253.00
276.00
0.00
0.00
304.00
26.00
498.00
983.00
0.00
65.00
102.00
0.00
0.00
0.00
14.00
363.00
43.00
0.00
73.00
78.00
82.00
62.00
0.00
15.00
394.00
0.00
35.00
0.00
55.00
500.00
587.00
0.00
96.00
112.00
0.00
38.00
8.00
23.00
0.00
0.00
10.00
280.00
0.00
6.00
85.00
53.00
38.00
31.00
738.00
274.00
6.00
90.00
0.00
1.00
48.00
4.00
12.00
20.00
540.00
14.00
41.00
6.00
322.00
97.00
1333.00
287.00
0.00
29.00
12.00
15.00
35.00
5.00
0.00
3.00
6.00
14.00
218.00
198.00
38.00
316.00
182.00
170.00
6.00
30.00
45.00
103.00
92.00
150.00
434.00
10.00
14.00
7.00
27.00
38.00
213.00
60.00
61.00
36.00
90.00
53.00
567.00
51.00
25.00
7.00
15.00
248.00
71.00
0.00
349.00
100.00
123.00
76.00
140.00
136.00
3.00
19.00
98.00
401.00
969.00
426.00
205.00
120.00
47.00
26.00
77.00
27.00
50.00
93.00
202.00
269.00
90.00
34.00
8.00
525.00
84.00
31.00
185.00
21.00
256.00
238.00
414.00
32.00
7.00
12.00
73.00
39.00
115.00
301.00
164.00
193.00
19.00
24.00
29.00
5.00
3.00
427.00
136.00
45.00
77.00
48.00
3.00
4.00
22.00
5.00
0.00
60.00
109.00
363.00
310.00
96.00
189.00
1.00
0.00
0.00
20.00
0.00
2.00
2.00
0.00
0.00
60.00
36.00
136.00
0.00
0.00
0.00
2.00
2.00
1005.00
721.00
0.00
0.00
0.00
0.00
0.00
0.00
0.00
0.00
78.00
0.00
0.00
0.00
0.00
0.00
0.00
0.00
0.00
0.00
0.00
0.00
0.00
0.00
1.00
3.00
178.00
83.00
1.00
0.00
0.00
0.00
0.00
0.00
0.00
0.00
0.00
0.00
0.00
0.00
0.00
0.00
0.00
0.00
0.00
0.00
0.00
0.00
0.00
0.00
88.00
0.00
0.00
0.00
0.00
0.00
0.00
0.00
0.00
2.00
14.00
0.00
0.00
0.00
0.00
0.00
0.00
0.00
0.00
0.00
0.00
0.00
0.00
1.00
0.00
0.00
0.00
0.00
0.00
0.00
0.00
0.00
0.00
0.00
0.00
0.00
0.00
0.00
0.00
0.00
0.00
0.00
0.00
0.00
0.00
0.00
0.00
0.00
0.00
0.00
0.00
0.00
0.00
0.00
0.00
0.00
0.00
0.00
0.00
0.00
1107.00
119.00
42.00
34.00
1.00
335.00
1051.00
575.00
0.00
0.00
0.00
0.00
0.00
0.00
0.00
0.00
0.00
0.00
224.00
140.00
0.00
0.00
0.00
0.00
0.00
0.00
28.00
0.00
0.00
0.00
0.00
0.00
0.00
67.00
0.00
0.00
1.00
16.00
0.00
0.00
0.00
0.00
0.00
0.00
0.00
0.00
8.00
20.00
0.00
25.00
55.00
387.00
158.00
0.00
0.00
0.00
0.00
53.00
0.00
9.00
2.00
9.00
0.00
0.00
5.00
0.00
18.00
0.00
0.00
55.00
56.00
64.00
21.00
6.00
0.00
13.00
59.00
148.00
16.00
0.00
325.00
269.00
384.00
50.00
106.00
0.00
340.00
50.00
309.00
0.00
0.00
326.00
16.00
0.00
0.00
9.00
0.00
151.00
77.00
0.00
0.00
0.00
0.00
0.00
61.00
83.00
28.00
49.00
4.00
18.00
113.00
0.00
164.00
46.00
51.00
0.00
12.00
0.00
24.00
32.00
21.00
44.00
8.00
29.00
1.00
69.00
9.00
148.00
0.00
0.00
3.00
788.00
117.00
0.00
0.00
0.00
1.00
148.00
17.00
2.00
11.00
7.00
1.00
64.00
230.00
324.00
173.00
61.00
0.00
1.00
0.00
0.00
8.00
16.00
1.00
27.00
31.00
39.00
2.00
4.00
13.00
1.00
1.00
319.00
25.00
48.00
83.00
244.00
7.00
14.00
126.00
64.00
139.00
46.00
271.00
277.00
83.00
201.00
19.00
91.00
196.00
29.00
30.00
4.00
1.00
27.00
18.00
52.00
148.00
408.00
29.00
5.00
0.00
54.00
206.00
36.00
47.00
679.00
349.00
26.00
10.00
4.00
11.00
1.00
7.00
44.00
8.00
151.00
236.00
101.00
35.00
1.00
0.00
0.00
2.00
36.00
104.00
629.00
195.00
1.00
1.00
1.00
0.00
3.00
309.00
401.00
1.00
1.00
0.00
15.00
8.00
390.00
10.00
152.00
0.00
0.00
0.00
0.00
0.00
0.00
0.00
0.00
0.00
0.00
0.00
0.00
713.00
47.00
2.00
0.00
0.00
0.00
0.00
0.00
0.00
0.00
0.00
0.00
0.00
0.00
0.00
0.00
0.00
0.00
0.00
0.00
0.00
0.00
0.00
0.00
0.00
0.00
0.00
0.00
0.00
0.00
0.00
0.00
0.00
0.00
0.00
0.00
0.00
0.00
0.00
0.00
0.00
0.00
0.00
0.00
0.00
0.00
0.00
0.00
0.00
0.00
0.00
0.00
0.00
0.00
0.00
3.00
1.00
0.00
0.00
0.00
0.00
0.00
0.00
0.00
0.00
0.00
1.00
111.00
456.00
0.00
0.00
0.00
0.00
0.00
0.00
0.00
0.00
0.00
0.00
0.00
0.00
0.00
0.00
0.00
0.00
0.00
0.00
0.00
0.00
0.00
0.00
0.00
0.00
0.00
0.00
0.00
0.00
0.00
0.00
0.00
0.00
0.00
0.00
0.00
0.00
0.00
0.00
1.00
1.00
0.00
0.00
0.00
0.00
0.00
0.00
0.00
0.00
0.00
0.00
2.00
15.00
0.00
0.00
0.00
4.00
0.00
0.00
12.00
5.00
0.00
0.00
0.00
0.00
0.00
0.00
0.00
0.10
11.60
0.20
24.90
0.20
0.00
0.00
0.00
3.90
0.00
0.00
0.00
0.00
0.00
0.00
0.00
0.00
0.00
1.20
2.30
0.10
2.70
3.40
0.00
0.00
0.00
9.50
0.00
0.00
0.00
4.70
0.00
0.00
72.70
0.00
54.50
0.10
25.70
0.00
20.20
9.40
14.10
0.00
3.00
22.50
0.00
1.30
0.00
10.20
0.80
9.70
4.00
0.00
0.00
0.60
0.00
3.50
0.00
0.00
0.00
0.00
11.70
8.10
0.00
0.00
24.70
24.70
2.30
46.30
39.60
0.00
0.00
0.00
0.00
0.00
8.50
0.00
0.00
10.30
0.80
31.90
0.00
24.30
79.00
8.60
8.60
0.00
25.20
25.20
41.70
3.50
0.00
33.40
13.90
0.70
5.00
18.80
15.70
61.90
0.70
0.10
0.00
0.00
0.90
0.00
0.00
0.00
9.70
0.00
8.40
21.00
19.20
5.80
44.90
0.00
6.10
3.30
11.30
0.00
0.00
0.60
19.30
52.20
10.40
11.30
0.00
1.10
4.00
0.00
0.30
3.40
6.80
5.90
44.00
35.10
96.30
96.30
60.90
60.90
55.70
3.40
3.40
1.70
1.80
3.40
3.40
3.40
4.50
25.20
90.50
9.50
4.90
34.70
13.60
4.50
17.70
6.60
4.90
7.40
11.80
2.60
10.20
7.40
8.10
7.20
7.20
3.40
2.70
1.40
49.70
18.40
19.10
6.50
34.30
0.80
0.40
0.50
1.10
0.90
50.60
8.70
1.50
0.20
0.10
0.50
6.80
5.20
4.00
9.60
3.90
3.60
6.10
2.10
0.00
0.30
4.90
0.00
24.20
14.60
1.00
1.60
21.90
11.30
23.50
45.30
34.00
0.40
0.40
0.50
0.20
4.90
4.70
16.80
65.50
2.40
0.50
26.70
24.70
69.80
69.80
0.00
0.90
0.00
6.70
9.20
25.70
65.70
20.90
0.20
0.00
0.00
0.00
0.00
0.00
0.30
0.00
0.00
0.00
0.20
0.10
0.10
0.00
0.30
22.00
120.00
