20160101
0.00
0.00
0.00
0.00
0.00
0.00
0.00
0.00
81.00
0.00
0.00
0.00
0.00
0.00
0.00
0.00
0.00
0.00
0.00
41.00
0.00
0.00
0.00
0.00
0.00
0.00
0.00
0.00
0.00
0.00
0.00
0.00
0.00
0.00
0.00
0.00
0.00
0.00
0.00
0.00
0.00
40.00
0.00
0.00
0.00
0.00
0.00
0.00
0.00
0.00
0.00
6.00
0.00
1.00
127.00
0.00
16.00
0.00
0.00
0.00
0.00
0.00
0.00
24.00
0.00
0.00
0.00
0.00
242.00
7.00
9.00
0.00
0.00
0.00
0.00
0.00
0.00
0.00
10.00
15.00
18.00
0.00
0.00
0.00
0.00
0.00
20.00
683.00
230.00
164.00
216.00
5.00
1.00
107.00
125.00
406.00
156.00
186.00
129.00
39.00
2.00
224.00
74.00
308.00
376.00
228.00
723.00
368.00
411.00
650.00
201.00
438.00
184.00
1662.00
517.00
25.00
130.00
212.00
275.00
50.00
219.00
45.00
79.00
23.00
179.00
5.00
118.00
19.00
1.00
0.00
2.00
28.00
123.00
144.00
267.00
193.00
909.00
1264.00
384.00
23.00
38.00
683.00
0.00
0.00
84.00
31.00
18.00
48.00
42.00
28.00
33.00
46.00
0.00
0.00
0.00
9.00
38.00
592.00
576.00
17.00
56.00
147.00
230.00
37.00
0.00
1.00
116.00
95.00
328.00
66.00
1.00
5.00
181.00
145.00
5.00
2.00
25.00
3.00
101.00
28.00
110.00
50.00
438.00
226.00
179.00
94.00
0.00
53.00
0.00
6.00
370.00
27.00
17.00
32.00
3.00
1.00
352.00
209.00
1.00
9.00
10.00
1.00
50.00
97.00
127.00
74.00
139.00
8.00
2.00
125.00
20.00
110.00
14.00
8.00
0.00
0.00
47.00
111.00
43.00
142.00
135.00
38.00
3.00
9.00
184.00
12.00
118.00
2.00
0.00
1.00
16.00
0.00
386.00
38.00
0.00
4.00
0.00
243.00
0.00
65.00
96.00
677.00
527.00
532.00
101.00
20.00
463.00
150.00
324.00
904.00
466.00
12.00
12.00
13.00
4.00
109.00
261.00
87.00
0.00
40.00
149.00
62.00
45.00
236.00
592.00
152.00
45.00
212.00
160.00
5.00
0.00
928.00
18.00
150.00
106.00
1.00
0.00
1.00
0.00
54.00
47.00
414.00
235.00
172.00
4.00
127.00
0.00
0.00
0.00
0.00
0.00
0.00
0.00
0.00
0.00
0.00
0.00
0.00
0.00
0.00
153.00
3.00
1.00
0.00
0.00
0.00
0.00
8.00
135.00
360.00
483.00
20.00
0.00
0.00
0.00
0.00
0.00
0.00
0.00
0.00
0.00
0.00
0.00
0.00
0.00
0.00
0.00
0.00
0.00
0.00
0.00
0.00
0.00
0.00
0.00
24.00
0.00
0.00
0.00
0.00
0.00
0.00
0.00
0.00
0.00
0.00
0.00
0.00
0.00
0.00
0.00
0.00
0.00
0.00
0.00
0.00
0.00
0.00
0.00
0.00
94.00
0.00
0.00
0.00
0.00
0.00
0.00
0.00
0.00
0.00
0.00
0.00
0.00
0.00
0.00
0.00
0.00
0.00
0.00
0.00
0.00
0.00
0.00
0.00
0.00
0.00
0.00
0.00
0.00
0.00
0.00
0.00
3.00
0.00
0.00
0.00
0.00
0.00
0.00
0.00
0.00
0.00
0.00
0.00
0.00
0.00
0.00
0.00
0.00
0.00
0.00
0.00
0.00
0.00
0.00
0.00
55.00
501.00
131.00
9.00
0.00
0.00
0.00
0.00
0.00
0.00
0.00
0.00
17.00
60.00
0.00
0.00
79.00
1.00
268.00
45.00
0.00
0.00
0.00
0.00
0.00
86.00
208.00
0.00
134.00
0.00
0.00
0.00
0.00
79.00
0.00
25.00
21.00
780.00
379.00
1100.00
1195.00
672.00
826.00
453.00
11.00
0.00
83.00
125.00
280.00
43.00
0.00
0.00
0.00
0.00
146.00
3.00
0.00
46.00
367.00
87.00
125.00
37.00
0.00
26.00
1156.00
187.00
63.00
198.00
25.00
219.00
108.00
0.00
0.00
23.00
389.00
171.00
0.00
9.00
21.00
0.00
1.00
0.00
0.00
206.00
187.00
6.00
11.00
197.00
201.00
117.00
147.00
47.00
9.00
197.00
112.00
178.00
0.00
22.00
175.00
615.00
288.00
813.00
98.00
655.00
17.00
5.00
0.00
6.00
276.00
22.00
302.00
517.00
207.00
186.00
22.00
22.00
37.00
628.00
637.00
306.00
16.00
139.00
9.00
226.00
1255.00
289.00
245.00
32.00
99.00
88.00
189.00
90.00
20.00
66.00
103.00
169.00
94.00
81.00
41.00
69.00
96.00
88.00
202.00
11.00
45.00
159.00
12.00
2.00
69.00
327.00
21.00
0.00
30.00
140.00
25.00
2.00
83.00
9.00
89.00
27.00
304.00
59.00
71.00
31.00
99.00
14.00
295.00
55.00
67.00
23.00
15.00
43.00
525.00
268.00
108.00
25.00
244.00
56.00
15.00
6.00
3.00
6.00
91.00
50.00
8.00
156.00
279.00
155.00
3.00
165.00
53.00
22.00
120.00
136.00
66.00
133.00
17.00
0.00
0.00
98.00
292.00
92.00
105.00
29.00
9.00
100.00
354.00
2.00
1.00
202.00
10.00
90.00
88.00
74.00
7.00
0.00
1.00
0.00
34.00
157.00
212.00
120.00
329.00
71.00
8.00
0.00
0.00
24.00
154.00
489.00
768.00
8.00
2.00
0.00
47.00
179.00
34.00
26.00
0.00
2.00
63.00
288.00
477.00
1376.00
0.00
0.00
0.00
0.00
0.00
0.00
0.00
311.00
873.00
0.00
0.00
0.00
0.00
0.00
0.00
0.00
0.00
0.00
0.00
0.00
0.00
0.00
0.00
15.00
189.00
10.00
0.00
0.00
0.00
0.00
0.00
0.00
0.00
0.00
0.00
0.00
0.00
0.00
0.00
0.00
0.00
0.00
0.00
0.00
0.00
0.00
0.00
133.00
789.00
213.00
0.00
0.00
0.00
0.00
0.00
0.00
0.00
0.00
77.00
0.00
0.00
0.00
0.00
0.00
0.00
0.00
0.00
0.00
0.00
0.00
27.00
211.00
5.00
0.00
0.00
0.00
0.00
0.00
0.00
0.00
0.00
0.00
0.00
0.00
0.00
0.00
0.00
0.00
0.00
0.00
0.00
0.00
0.00
0.00
0.00
0.00
0.00
0.00
0.00
0.00
0.00
0.00
0.00
0.00
0.00
0.00
0.00
0.00
3.00
0.00
41.00
52.00
0.00
15.00
2.00
0.00
0.00
0.00
0.00
0.00
0.00
0.00
0.00
0.00
0.00
1.00
116.00
700.00
0.00
0.00
0.00
0.00
384.00
0.00
50.00
0.00
0.00
0.00
0.00
0.00
0.00
444.00
889.00
0.00
594.00
133.00
537.00
2.00
0.00
0.00
0.00
0.00
0.00
0.00
0.00
38.00
5.00
7.00
141.00
334.00
26.00
0.00
11.00
0.00
0.00
0.00
2.00
0.00
10.00
27.00
97.00
129.00
53.00
0.00
143.00
0.00
0.00
270.00
9.00
21.00
74.00
145.00
17.00
0.00
2.00
84.00
0.00
0.00
75.00
10.00
262.00
10.00
78.00
0.00
69.00
393.00
482.00
211.00
137.00
551.00
544.00
113.00
0.00
39.00
0.00
48.00
1.00
0.00
24.00
0.00
0.00
0.00
0.00
25.00
208.00
387.00
731.00
182.00
42.00
14.00
114.00
5.00
7.00
120.00
17.00
149.00
66.00
0.00
0.00
5.00
14.00
17.00
187.00
704.00
601.00
720.00
397.00
58.00
15.00
24.00
0.00
0.00
35.00
123.00
34.00
30.00
26.00
87.00
125.00
6.00
52.00
33.00
1.00
26.00
81.00
91.00
0.00
2.00
130.00
50.00
1.00
129.00
69.00
51.00
14.00
18.00
2.00
50.00
17.00
2.00
0.00
83.00
135.00
52.00
128.00
71.00
213.00
4.00
25.00
90.00
161.00
97.00
347.00
108.00
1.00
44.00
14.00
37.00
25.00
27.00
23.00
12.00
47.00
232.00
210.00
119.00
0.00
4.00
44.00
7.00
3.00
0.00
109.00
23.00
1.00
144.00
67.00
157.00
125.00
33.00
26.00
0.00
0.00
50.00
18.00
0.00
44.00
52.00
0.00
0.00
12.00
0.00
21.00
34.00
93.00
304.00
26.00
0.00
70.00
0.00
1.00
18.00
75.00
0.00
12.00
0.00
19.00
1.00
209.00
0.00
16.00
0.00
0.00
0.00
0.00
0.00
0.00
0.00
0.00
0.00
0.00
0.00
0.00
22.00
34.00
398.00
97.00
15.00
0.00
0.00
0.00
0.00
0.00
0.00
0.00
0.00
0.00
0.00
0.00
0.00
655.00
183.00
103.00
82.00
0.00
0.00
0.00
0.00
28.00
0.00
0.00
0.00
0.00
0.00
0.00
0.00
0.00
0.00
0.00
0.00
0.00
0.00
0.00
0.00
0.00
0.00
0.00
0.00
0.00
0.00
0.00
0.00
0.00
0.00
0.00
0.00
0.00
0.00
0.00
53.00
1.00
0.00
0.00
0.00
0.00
0.00
0.00
0.00
0.00
0.00
0.00
29.00
255.00
0.00
0.00
0.00
0.00
0.00
0.00
0.00
0.00
0.00
0.00
0.00
0.00
0.00
0.00
0.00
0.00
0.00
0.00
0.00
0.00
0.00
0.00
0.00
0.00
0.00
0.00
0.00
0.00
0.00
0.00
0.00
0.00
0.00
0.00
0.00
0.00
0.00
0.00
0.00
0.00
0.00
0.00
0.00
0.00
0.00
0.00
0.00
0.00
0.00
0.00
0.00
0.00
6.00
0.00
0.00
0.00
0.00
0.00
0.00
0.00
2.00
0.00
0.00
0.00
0.00
0.00
3.20
0.00
61.30
11.40
67.20
12.90
0.00
0.00
0.00
0.00
2.70
0.00
0.00
0.00
0.00
0.00
0.00
0.00
0.00
0.00
0.70
0.00
3.20
0.40
10.90
0.00
2.70
12.90
0.00
0.00
0.00
17.70
0.70
0.00
0.00
0.00
52.90
43.50
35.90
0.00
51.60
13.50
63.50
3.60
27.00
16.10
0.00
0.00
2.90
0.00
0.00
26.00
2.10
13.10
0.00
0.00
2.30
0.00
3.10
0.00
0.00
0.00
0.00
2.60
29.90
29.90
54.40
54.40
1.10
22.10
50.10
0.00
0.00
1.50
8.60
26.40
1.30
13.70
23.10
2.30
5.60
18.00
8.30
26.40
11.10
0.00
0.00
22.80
43.80
43.80
22.60
1.30
14.90
3.60
0.00
0.50
5.60
12.40
0.40
0.00
0.30
13.10
0.00
14.40
32.90
0.40
0.70
7.50
0.60
0.00
3.20
36.00
28.50
2.90
25.80
36.00
10.50
22.20
50.90
2.60
0.00
17.10
53.40
59.70
25.10
18.60
0.00
0.00
1.30
45.50
7.90
1.30
69.70
46.80
15.80
1.30
8.60
8.60
69.40
69.40
32.60
9.50
9.50
0.00
0.00
9.50
9.50
9.50
11.00
18.40
18.00
8.10
45.00
47.10
5.80
1.10
0.90
6.60
6.30
12.80
89.90
6.50
4.20
0.40
6.20
2.60
10.90
0.20
1.40
0.10
5.00
1.10
12.00
9.20
6.70
2.50
0.00
2.50
1.40
5.30
16.80
13.10
3.50
0.10
0.00
2.80
1.70
0.00
1.80
1.00
0.50
1.20
2.50
38.70
26.50
88.60
11.90
0.60
0.00
4.70
17.80
13.60
1.10
0.00
5.00
15.80
0.80
0.00
0.00
0.00
9.00
26.90
10.10
14.80
8.90
0.10
0.00
10.80
13.70
4.10
4.10
5.20
0.00
1.00
0.10
5.70
2.90
3.80
11.60
3.70
0.00
0.00
0.00
0.00
7.50
0.00
0.00
0.00
0.00
0.00
4.30
7.20
6.10
0.30
0.30
1.30
