20160101
0.00
0.00
0.00
0.00
0.00
0.00
0.00
0.00
1.00
0.00
0.00
0.00
0.00
0.00
0.00
0.00
0.00
0.00
40.00
29.00
0.00
0.00
0.00
0.00
0.00
0.00
0.00
0.00
0.00
0.00
0.00
0.00
0.00
0.00
0.00
0.00
0.00
0.00
23.00
0.00
0.00
0.00
0.00
0.00
0.00
0.00
0.00
0.00
0.00
0.00
6.00
0.00
0.00
0.00
10.00
0.00
5.00
0.00
0.00
0.00
1.00
0.00
0.00
0.00
0.00
386.00
0.00
0.00
0.00
1.00
0.00
0.00
0.00
6.00
0.00
0.00
0.00
0.00
0.00
0.00
2.00
0.00
0.00
0.00
0.00
0.00
0.00
15.00
444.00
449.00
236.00
7.00
0.00
153.00
11.00
6.00
0.00
0.00
0.00
0.00
0.00
0.00
0.00
0.00
0.00
0.00
704.00
0.00
0.00
0.00
0.00
0.00
0.00
0.00
0.00
0.00
0.00
27.00
0.00
0.00
0.00
18.00
1.00
22.00
0.00
1.00
19.00
161.00
3.00
15.00
27.00
3.00
1027.00
714.00
40.00
661.00
1.00
32.00
17.00
24.00
28.00
430.00
0.00
0.00
205.00
49.00
0.00
44.00
112.00
0.00
69.00
50.00
0.00
0.00
0.00
0.00
0.00
48.00
987.00
0.00
14.00
0.00
207.00
296.00
0.00
130.00
89.00
106.00
28.00
2.00
31.00
37.00
97.00
103.00
105.00
39.00
19.00
149.00
106.00
6.00
16.00
50.00
37.00
217.00
63.00
209.00
176.00
46.00
210.00
401.00
108.00
14.00
19.00
12.00
1.00
11.00
110.00
330.00
57.00
380.00
133.00
39.00
25.00
193.00
45.00
234.00
110.00
45.00
68.00
33.00
135.00
47.00
181.00
495.00
126.00
151.00
113.00
55.00
9.00
14.00
69.00
4.00
283.00
2.00
3.00
71.00
274.00
271.00
302.00
22.00
4.00
0.00
132.00
84.00
3.00
5.00
3.00
1040.00
14.00
6.00
103.00
25.00
63.00
62.00
54.00
438.00
106.00
5.00
7.00
6.00
4.00
3.00
1.00
69.00
65.00
297.00
534.00
48.00
1.00
45.00
56.00
75.00
166.00
645.00
32.00
0.00
80.00
9.00
143.00
242.00
0.00
0.00
0.00
49.00
41.00
11.00
0.00
2.00
39.00
1.00
277.00
153.00
201.00
90.00
35.00
2.00
0.00
0.00
0.00
0.00
0.00
0.00
0.00
0.00
0.00
0.00
0.00
28.00
0.00
0.00
138.00
15.00
0.00
0.00
0.00
13.00
0.00
13.00
162.00
189.00
0.00
0.00
0.00
0.00
0.00
0.00
0.00
0.00
0.00
0.00
0.00
1.00
0.00
0.00
0.00
0.00
0.00
0.00
0.00
0.00
0.00
0.00
0.00
0.00
0.00
0.00
0.00
0.00
0.00
0.00
0.00
0.00
0.00
0.00
0.00
0.00
0.00
0.00
0.00
0.00
0.00
0.00
0.00
0.00
0.00
0.00
0.00
0.00
0.00
0.00
0.00
0.00
0.00
0.00
0.00
0.00
5.00
0.00
0.00
0.00
0.00
0.00
0.00
0.00
0.00
0.00
0.00
0.00
0.00
0.00
0.00
0.00
0.00
0.00
0.00
0.00
0.00
0.00
0.00
0.00
0.00
0.00
9.00
0.00
0.00
0.00
0.00
0.00
0.00
0.00
0.00
0.00
0.00
0.00
0.00
0.00
0.00
0.00
0.00
0.00
0.00
0.00
0.00
0.00
0.00
0.00
0.00
0.00
3.00
0.00
0.00
0.00
0.00
0.00
0.00
0.00
0.00
1.00
37.00
8.00
0.00
0.00
22.00
0.00
225.00
46.00
0.00
0.00
0.00
0.00
0.00
6.00
15.00
12.00
198.00
0.00
0.00
0.00
0.00
68.00
0.00
1.00
161.00
176.00
9.00
0.00
270.00
18.00
194.00
0.00
53.00
0.00
12.00
0.00
0.00
0.00
0.00
0.00
0.00
0.00
87.00
2.00
0.00
18.00
905.00
37.00
32.00
744.00
4.00
236.00
349.00
0.00
2.00
0.00
44.00
139.00
313.00
0.00
0.00
12.00
113.00
173.00
0.00
0.00
24.00
1.00
44.00
0.00
59.00
242.00
667.00
0.00
202.00
0.00
35.00
14.00
0.00
3.00
0.00
0.00
0.00
66.00
1.00
3.00
128.00
222.00
209.00
692.00
413.00
499.00
0.00
135.00
0.00
0.00
61.00
4.00
59.00
211.00
1067.00
8.00
207.00
14.00
190.00
231.00
545.00
1036.00
17.00
0.00
70.00
0.00
67.00
2.00
38.00
17.00
45.00
38.00
146.00
63.00
53.00
282.00
382.00
138.00
58.00
15.00
21.00
109.00
116.00
125.00
111.00
72.00
10.00
42.00
37.00
566.00
75.00
124.00
28.00
152.00
136.00
32.00
549.00
11.00
254.00
80.00
41.00
130.00
44.00
45.00
112.00
71.00
283.00
442.00
76.00
58.00
9.00
26.00
22.00
377.00
780.00
552.00
125.00
91.00
107.00
57.00
205.00
28.00
66.00
26.00
116.00
467.00
63.00
137.00
94.00
556.00
402.00
28.00
65.00
42.00
253.00
8.00
142.00
37.00
19.00
102.00
61.00
141.00
13.00
114.00
295.00
153.00
108.00
56.00
50.00
1.00
3.00
78.00
103.00
155.00
124.00
41.00
12.00
9.00
3.00
9.00
4.00
147.00
436.00
211.00
123.00
136.00
128.00
0.00
1.00
5.00
847.00
64.00
26.00
10.00
0.00
0.00
2.00
0.00
662.00
0.00
0.00
0.00
0.00
80.00
909.00
780.00
0.00
0.00
0.00
0.00
0.00
0.00
0.00
1.00
9.00
3.00
1.00
0.00
0.00
0.00
0.00
0.00
0.00
0.00
0.00
0.00
0.00
16.00
1.00
8.00
396.00
40.00
5.00
1.00
0.00
0.00
0.00
0.00
0.00
0.00
0.00
0.00
0.00
0.00
0.00
0.00
0.00
0.00
0.00
0.00
0.00
0.00
0.00
20.00
335.00
0.00
0.00
0.00
0.00
0.00
0.00
0.00
0.00
0.00
13.00
0.00
0.00
0.00
0.00
0.00
0.00
0.00
0.00
0.00
0.00
0.00
0.00
74.00
0.00
0.00
0.00
0.00
0.00
0.00
0.00
0.00
0.00
0.00
0.00
0.00
0.00
0.00
0.00
0.00
0.00
0.00
0.00
0.00
0.00
0.00
0.00
0.00
0.00
0.00
0.00
0.00
0.00
0.00
0.00
0.00
0.00
0.00
12.00
0.00
809.00
325.00
261.00
23.00
170.00
0.00
297.00
263.00
0.00
0.00
0.00
0.00
0.00
0.00
0.00
0.00
0.00
0.00
653.00
284.00
0.00
0.00
0.00
0.00
0.00
0.00
63.00
0.00
0.00
0.00
0.00
0.00
0.00
0.00
0.00
0.00
27.00
127.00
0.00
0.00
0.00
0.00
0.00
0.00
0.00
12.00
121.00
115.00
0.00
293.00
19.00
477.00
600.00
0.00
14.00
0.00
0.00
19.00
135.00
127.00
13.00
2.00
0.00
192.00
8.00
2.00
176.00
0.00
239.00
64.00
36.00
64.00
35.00
84.00
8.00
0.00
0.00
330.00
107.00
0.00
84.00
266.00
73.00
0.00
182.00
1.00
52.00
812.00
360.00
36.00
77.00
137.00
48.00
183.00
0.00
4.00
0.00
130.00
30.00
13.00
62.00
1.00
159.00
8.00
54.00
21.00
20.00
33.00
0.00
0.00
136.00
0.00
237.00
69.00
101.00
0.00
109.00
16.00
0.00
0.00
32.00
24.00
529.00
2.00
10.00
450.00
0.00
658.00
20.00
0.00
50.00
91.00
160.00
0.00
0.00
1.00
38.00
125.00
9.00
84.00
15.00
6.00
1.00
3.00
25.00
214.00
48.00
136.00
0.00
6.00
34.00
0.00
23.00
6.00
49.00
47.00
82.00
270.00
92.00
6.00
22.00
1.00
7.00
203.00
49.00
23.00
288.00
252.00
168.00
3.00
64.00
3.00
39.00
108.00
58.00
92.00
40.00
3.00
63.00
131.00
502.00
41.00
4.00
54.00
102.00
43.00
277.00
148.00
53.00
142.00
173.00
42.00
62.00
225.00
76.00
66.00
23.00
218.00
134.00
80.00
155.00
34.00
3.00
34.00
3.00
7.00
16.00
213.00
60.00
102.00
38.00
0.00
0.00
8.00
39.00
28.00
194.00
184.00
368.00
68.00
6.00
1.00
0.00
7.00
195.00
139.00
3.00
3.00
4.00
23.00
52.00
22.00
151.00
0.00
10.00
0.00
0.00
0.00
13.00
4.00
0.00
0.00
0.00
0.00
0.00
17.00
93.00
225.00
7.00
0.00
0.00
0.00
0.00
0.00
0.00
0.00
0.00
1.00
0.00
0.00
0.00
0.00
2.00
46.00
27.00
15.00
0.00
0.00
0.00
0.00
0.00
52.00
0.00
0.00
0.00
0.00
0.00
0.00
0.00
0.00
0.00
0.00
0.00
0.00
0.00
0.00
0.00
0.00
0.00
0.00
0.00
0.00
0.00
0.00
0.00
0.00
0.00
0.00
0.00
0.00
0.00
41.00
0.00
0.00
0.00
0.00
0.00
0.00
0.00
0.00
0.00
0.00
15.00
65.00
13.00
0.00
0.00
0.00
0.00
0.00
0.00
0.00
0.00
0.00
0.00
0.00
0.00
0.00
0.00
0.00
0.00
0.00
0.00
0.00
0.00
0.00
0.00
0.00
0.00
0.00
0.00
0.00
0.00
0.00
0.00
0.00
0.00
0.00
0.00
0.00
0.00
0.00
0.00
0.00
0.00
0.00
0.00
0.00
0.00
0.00
0.00
0.00
0.00
0.00
0.00
0.00
0.00
0.00
0.00
0.00
0.00
0.00
0.00
0.00
2.00
0.00
0.00
0.00
0.00
0.00
0.00
0.00
2.60
14.60
4.50
32.00
3.70
0.00
0.00
0.00
1.20
0.80
0.00
0.00
0.00
0.00
0.00
0.00
0.00
0.00
3.40
1.00
0.00
20.00
0.40
0.70
0.00
0.00
5.20
0.00
0.00
0.00
9.00
12.00
0.00
0.10
13.50
94.70
6.20
13.40
0.00
5.50
0.00
58.80
0.00
13.50
47.90
0.00
9.60
6.50
51.40
0.00
0.00
6.00
0.00
0.00
0.00
0.00
9.70
0.10
0.00
0.00
0.00
0.00
9.70
0.00
0.10
0.00
0.00
0.00
33.90
19.20
0.00
0.00
0.00
0.00
0.00
0.00
0.70
0.00
19.70
0.80
6.20
0.10
6.20
14.40
1.60
1.60
0.00
14.30
14.30
22.00
3.00
0.00
2.30
0.00
0.00
1.10
14.00
7.20
12.20
35.30
11.10
13.20
0.40
0.00
0.00
3.70
0.00
0.00
0.00
0.20
7.90
34.00
0.10
359.60
1.00
7.50
1.80
5.40
6.80
0.00
0.00
6.90
34.50
16.40
42.30
10.40
17.00
6.50
0.20
0.30
0.40
2.90
11.00
13.50
26.90
35.00
35.00
41.40
41.40
53.70
0.00
0.00
2.80
0.00
0.00
0.00
0.00
15.10
2.70
3.20
20.10
18.50
11.60
1.90
0.00
1.90
9.00
5.90
0.80
6.80
1.50
6.20
16.90
1.60
5.50
8.80
2.00
1.00
5.00
28.50
4.80
5.70
17.70
67.70
0.00
0.00
0.00
4.00
1.70
18.80
28.50
2.20
0.40
0.00
0.00
1.70
1.80
0.60
3.50
59.90
56.50
16.00
13.40
6.90
5.80
1.30
1.10
9.30
3.00
1.90
4.50
11.50
3.30
8.10
13.00
1.20
0.00
0.00
0.00
20.50
96.20
6.00
37.10
42.80
2.10
3.10
9.40
3.60
18.90
18.90
4.00
0.00
1.00
16.40
2.50
11.70
2.60
19.40
3.00
0.00
0.00
0.00
0.00
0.00
0.00
0.00
0.00
0.00
0.00
0.00
4.20
1.50
0.10
0.00
3.60
