20160101
0.00
0.00
0.00
0.00
0.00
0.00
0.00
0.00
0.00
0.00
0.00
0.00
0.00
0.00
0.00
0.00
0.00
0.00
0.00
0.00
0.00
0.00
0.00
0.00
0.00
1.00
0.00
0.00
0.00
0.00
0.00
0.00
0.00
0.00
0.00
0.00
0.00
0.00
0.00
0.00
7.00
0.00
0.00
0.00
0.00
0.00
0.00
0.00
0.00
45.00
3.00
0.00
0.00
13.00
155.00
3.00
19.00
0.00
0.00
0.00
0.00
0.00
0.00
8.00
0.00
3.00
0.00
8.00
3.00
15.00
1.00
0.00
0.00
9.00
1.00
48.00
0.00
0.00
22.00
8.00
56.00
0.00
2.00
0.00
0.00
0.00
0.00
387.00
0.00
157.00
457.00
24.00
0.00
56.00
32.00
189.00
20.00
1.00
30.00
0.00
3.00
0.00
0.00
154.00
102.00
31.00
231.00
86.00
14.00
71.00
23.00
144.00
129.00
118.00
65.00
80.00
146.00
12.00
12.00
0.00
15.00
38.00
15.00
0.00
72.00
1.00
0.00
0.00
0.00
0.00
0.00
70.00
39.00
172.00
2.00
34.00
37.00
279.00
272.00
5.00
126.00
1157.00
0.00
10.00
13.00
2.00
0.00
0.00
0.00
14.00
0.00
5.00
0.00
0.00
0.00
103.00
24.00
107.00
132.00
49.00
261.00
21.00
21.00
20.00
5.00
1.00
278.00
118.00
72.00
219.00
21.00
17.00
44.00
109.00
27.00
56.00
53.00
33.00
83.00
0.00
110.00
78.00
189.00
127.00
30.00
27.00
1.00
29.00
62.00
166.00
55.00
65.00
24.00
48.00
12.00
38.00
102.00
321.00
0.00
0.00
20.00
13.00
85.00
110.00
105.00
39.00
211.00
0.00
3.00
22.00
36.00
14.00
135.00
50.00
12.00
0.00
17.00
163.00
163.00
10.00
2.00
13.00
99.00
29.00
18.00
39.00
0.00
53.00
199.00
27.00
0.00
0.00
321.00
0.00
4.00
62.00
0.00
64.00
0.00
50.00
6.00
25.00
19.00
208.00
22.00
14.00
10.00
274.00
29.00
0.00
18.00
50.00
127.00
67.00
23.00
0.00
0.00
0.00
31.00
4.00
33.00
8.00
57.00
106.00
0.00
4.00
13.00
26.00
16.00
0.00
13.00
38.00
0.00
22.00
0.00
0.00
0.00
0.00
0.00
0.00
114.00
48.00
50.00
286.00
1.00
75.00
30.00
0.00
0.00
0.00
0.00
0.00
0.00
0.00
0.00
0.00
0.00
0.00
0.00
0.00
254.00
194.00
11.00
6.00
0.00
9.00
0.00
3.00
112.00
177.00
41.00
0.00
0.00
0.00
0.00
0.00
0.00
0.00
0.00
0.00
0.00
0.00
0.00
0.00
0.00
0.00
0.00
0.00
0.00
0.00
0.00
0.00
0.00
0.00
0.00
0.00
0.00
0.00
0.00
0.00
0.00
0.00
0.00
0.00
0.00
0.00
0.00
0.00
0.00
0.00
0.00
0.00
0.00
0.00
0.00
0.00
0.00
0.00
0.00
0.00
0.00
0.00
0.00
0.00
0.00
0.00
0.00
0.00
0.00
0.00
0.00
0.00
0.00
0.00
0.00
0.00
0.00
0.00
0.00
0.00
0.00
0.00
0.00
0.00
0.00
0.00
0.00
0.00
0.00
0.00
0.00
0.00
46.00
0.00
0.00
0.00
0.00
0.00
0.00
0.00
0.00
0.00
0.00
0.00
0.00
0.00
0.00
0.00
0.00
0.00
0.00
0.00
0.00
0.00
0.00
0.00
0.00
0.00
0.00
0.00
0.00
0.00
0.00
0.00
0.00
0.00
0.00
0.00
0.00
31.00
0.00
0.00
68.00
0.00
16.00
49.00
1.00
0.00
0.00
0.00
0.00
0.00
34.00
0.00
80.00
0.00
0.00
0.00
0.00
9.00
0.00
0.00
1.00
147.00
376.00
352.00
156.00
94.00
279.00
424.00
7.00
0.00
0.00
0.00
0.00
0.00
0.00
0.00
0.00
0.00
51.00
4.00
0.00
0.00
138.00
25.00
91.00
112.00
28.00
55.00
73.00
0.00
19.00
5.00
0.00
27.00
82.00
0.00
0.00
8.00
78.00
46.00
0.00
0.00
176.00
0.00
0.00
0.00
20.00
26.00
82.00
15.00
4.00
1.00
0.00
0.00
6.00
3.00
0.00
8.00
0.00
1.00
20.00
119.00
124.00
147.00
8.00
54.00
50.00
32.00
2.00
0.00
17.00
0.00
32.00
74.00
19.00
494.00
147.00
6.00
0.00
42.00
146.00
4.00
0.00
1.00
0.00
66.00
88.00
24.00
5.00
7.00
6.00
67.00
32.00
317.00
128.00
114.00
133.00
172.00
185.00
43.00
9.00
48.00
216.00
106.00
71.00
105.00
37.00
20.00
29.00
19.00
58.00
312.00
117.00
92.00
76.00
54.00
189.00
225.00
37.00
37.00
33.00
3.00
45.00
2.00
5.00
1.00
73.00
3.00
141.00
34.00
189.00
65.00
2.00
8.00
4.00
22.00
8.00
22.00
20.00
33.00
91.00
64.00
7.00
26.00
101.00
7.00
12.00
29.00
0.00
0.00
129.00
420.00
46.00
31.00
6.00
23.00
34.00
105.00
155.00
21.00
7.00
1.00
5.00
31.00
21.00
17.00
12.00
30.00
53.00
86.00
42.00
0.00
275.00
624.00
248.00
317.00
138.00
1.00
1.00
18.00
0.00
0.00
67.00
37.00
166.00
155.00
20.00
20.00
3.00
5.00
0.00
0.00
18.00
0.00
13.00
1.00
0.00
0.00
18.00
12.00
0.00
0.00
0.00
0.00
0.00
21.00
62.00
520.00
0.00
0.00
0.00
0.00
0.00
0.00
0.00
305.00
182.00
0.00
0.00
0.00
0.00
0.00
0.00
0.00
0.00
0.00
0.00
0.00
0.00
19.00
0.00
0.00
34.00
108.00
24.00
0.00
0.00
0.00
0.00
0.00
0.00
0.00
0.00
0.00
0.00
0.00
0.00
0.00
0.00
0.00
0.00
0.00
0.00
4.00
12.00
157.00
113.00
63.00
0.00
0.00
0.00
0.00
0.00
0.00
0.00
0.00
0.00
0.00
0.00
0.00
0.00
0.00
0.00
0.00
0.00
0.00
0.00
0.00
10.00
156.00
57.00
0.00
0.00
0.00
0.00
0.00
0.00
0.00
0.00
0.00
0.00
0.00
0.00
0.00
0.00
0.00
0.00
0.00
0.00
0.00
0.00
0.00
0.00
0.00
0.00
0.00
0.00
0.00
0.00
0.00
0.00
0.00
0.00
0.00
0.00
0.00
0.00
68.00
116.00
0.00
7.00
0.00
0.00
2.00
0.00
0.00
0.00
0.00
0.00
0.00
0.00
0.00
0.00
0.00
0.00
43.00
0.00
0.00
0.00
0.00
5.00
0.00
0.00
0.00
0.00
0.00
0.00
0.00
0.00
33.00
395.00
1.00
26.00
4.00
136.00
0.00
0.00
0.00
0.00
0.00
0.00
0.00
0.00
21.00
7.00
0.00
3.00
27.00
0.00
9.00
27.00
11.00
0.00
171.00
0.00
19.00
195.00
0.00
46.00
28.00
17.00
0.00
29.00
5.00
0.00
101.00
9.00
31.00
134.00
31.00
7.00
0.00
0.00
1.00
3.00
1.00
60.00
13.00
36.00
13.00
58.00
0.00
49.00
84.00
172.00
226.00
192.00
492.00
177.00
148.00
4.00
83.00
0.00
0.00
0.00
0.00
0.00
0.00
0.00
0.00
282.00
31.00
60.00
0.00
47.00
4.00
11.00
63.00
2.00
17.00
0.00
15.00
138.00
105.00
5.00
0.00
1.00
28.00
93.00
94.00
323.00
271.00
1.00
16.00
7.00
0.00
0.00
3.00
0.00
0.00
49.00
10.00
22.00
2.00
0.00
15.00
5.00
13.00
17.00
1.00
1.00
6.00
1.00
1.00
4.00
11.00
21.00
15.00
48.00
44.00
29.00
5.00
89.00
72.00
48.00
2.00
2.00
0.00
45.00
26.00
205.00
44.00
77.00
229.00
12.00
23.00
83.00
46.00
179.00
149.00
175.00
319.00
0.00
0.00
13.00
35.00
119.00
9.00
7.00
33.00
54.00
38.00
90.00
83.00
70.00
21.00
0.00
4.00
20.00
154.00
36.00
152.00
74.00
38.00
73.00
47.00
64.00
124.00
11.00
39.00
14.00
0.00
76.00
3.00
3.00
11.00
0.00
0.00
0.00
21.00
44.00
16.00
0.00
2.00
0.00
54.00
10.00
0.00
0.00
15.00
24.00
1.00
3.00
0.00
10.00
4.00
0.00
0.00
42.00
19.00
0.00
0.00
0.00
1.00
0.00
3.00
0.00
0.00
0.00
0.00
16.00
71.00
229.00
155.00
6.00
1.00
0.00
0.00
0.00
0.00
0.00
0.00
1.00
0.00
0.00
0.00
0.00
0.00
404.00
32.00
121.00
51.00
12.00
0.00
0.00
0.00
0.00
0.00
0.00
0.00
0.00
0.00
0.00
0.00
0.00
0.00
0.00
0.00
0.00
0.00
0.00
0.00
0.00
0.00
0.00
0.00
0.00
0.00
0.00
0.00
0.00
0.00
0.00
0.00
0.00
0.00
0.00
0.00
1.00
0.00
0.00
0.00
0.00
0.00
0.00
0.00
1.00
1.00
11.00
7.00
16.00
0.00
0.00
0.00
0.00
0.00
0.00
0.00
0.00
0.00
0.00
0.00
0.00
0.00
0.00
0.00
0.00
0.00
0.00
0.00
0.00
0.00
0.00
0.00
0.00
0.00
0.00
0.00
0.00
0.00
0.00
0.00
0.00
0.00
0.00
0.00
0.00
0.00
0.00
0.00
0.00
0.00
3.00
0.00
0.00
0.00
0.00
0.00
0.00
0.00
0.00
0.00
0.00
0.00
0.00
0.00
0.00
0.00
0.00
0.00
0.00
1.00
0.00
0.00
0.00
0.00
0.00
0.00
0.20
82.20
66.70
69.70
42.50
0.00
0.00
0.00
6.00
17.40
0.00
0.00
0.00
0.00
0.00
0.00
0.00
0.00
0.00
0.10
0.00
0.60
3.60
0.00
0.00
0.00
7.20
0.00
0.00
0.00
0.00
9.40
0.00
0.00
0.00
21.40
13.70
65.20
0.40
7.90
0.00
1.20
2.30
11.70
47.80
0.10
0.00
0.60
4.50
0.00
3.30
0.00
4.30
0.00
0.00
1.30
0.00
0.60
0.00
0.00
0.00
0.00
0.00
10.10
3.30
0.00
0.00
0.40
14.80
5.70
0.00
0.00
0.00
0.00
0.00
0.00
0.10
0.00
0.10
0.00
0.30
0.00
0.80
0.00
0.00
0.00
0.00
0.00
0.00
18.70
0.20
0.00
0.00
0.00
0.00
0.00
0.20
0.30
1.20
6.40
3.70
0.00
1.80
7.50
9.20
34.20
1.50
0.60
0.00
0.30
26.20
11.90
0.00
0.00
7.80
11.10
7.70
16.30
11.10
0.80
0.00
12.20
4.90
0.00
0.30
1.70
25.40
2.50
0.00
0.00
1.60
6.70
4.10
12.20
0.60
2.00
2.00
1.70
1.70
0.10
2.00
2.00
0.50
0.00
2.00
2.00
2.00
19.30
4.90
14.60
3.00
19.10
42.00
1.90
0.00
4.00
11.70
2.20
0.40
12.50
1.10
0.60
50.20
1.60
2.30
2.60
7.60
4.30
21.40
11.20
4.10
1.60
2.70
0.90
1.20
0.20
0.10
4.90
7.70
29.80
11.10
15.60
0.20
0.10
0.90
27.50
0.20
1.20
0.00
4.80
3.90
4.30
0.40
1.60
0.60
2.70
11.20
10.60
4.50
23.80
8.10
0.80
0.20
5.20
14.60
2.40
0.70
4.70
5.70
7.20
23.00
18.90
24.10
12.70
0.10
0.00
0.70
10.70
0.20
0.20
2.80
0.30
2.80
4.10
5.80
5.40
0.70
5.20
2.30
2.10
0.00
0.00
0.00
5.10
0.10
0.00
0.00
0.00
0.00
0.60
6.40
1.10
0.10
0.80
1.00
