20160101
0.00
0.00
0.00
0.00
0.00
0.00
0.00
0.00
11.00
0.00
0.00
0.00
1.00
0.00
0.00
0.00
0.00
0.00
7.00
5.00
13.00
0.00
0.00
0.00
0.00
4.00
0.00
0.00
0.00
0.00
0.00
0.00
0.00
0.00
0.00
0.00
0.00
7.00
0.00
0.00
0.00
0.00
0.00
0.00
0.00
0.00
0.00
0.00
0.00
0.00
15.00
2.00
0.00
36.00
136.00
0.00
30.00
0.00
0.00
0.00
0.00
0.00
0.00
19.00
0.00
3.00
5.00
6.00
5.00
16.00
6.00
0.00
0.00
2.00
15.00
0.00
0.00
0.00
6.00
41.00
29.00
0.00
1.00
0.00
0.00
0.00
0.00
489.00
3.00
252.00
304.00
10.00
0.00
134.00
17.00
196.00
24.00
14.00
138.00
9.00
0.00
1.00
31.00
15.00
194.00
108.00
252.00
46.00
229.00
129.00
5.00
29.00
82.00
692.00
329.00
60.00
107.00
78.00
106.00
3.00
24.00
14.00
6.00
1.00
12.00
2.00
2.00
1.00
3.00
7.00
5.00
11.00
67.00
123.00
45.00
27.00
313.00
690.00
281.00
35.00
73.00
943.00
1.00
16.00
101.00
3.00
2.00
5.00
4.00
4.00
2.00
19.00
0.00
0.00
0.00
42.00
19.00
17.00
255.00
14.00
56.00
10.00
37.00
13.00
2.00
0.00
72.00
77.00
11.00
41.00
27.00
55.00
18.00
17.00
7.00
30.00
86.00
65.00
36.00
10.00
96.00
80.00
223.00
218.00
39.00
80.00
0.00
45.00
51.00
184.00
24.00
129.00
10.00
57.00
19.00
184.00
196.00
247.00
0.00
1.00
13.00
59.00
34.00
45.00
47.00
39.00
187.00
2.00
120.00
23.00
39.00
16.00
97.00
10.00
2.00
0.00
31.00
171.00
85.00
32.00
3.00
4.00
45.00
2.00
1.00
53.00
0.00
87.00
139.00
73.00
1.00
0.00
571.00
9.00
0.00
189.00
1.00
196.00
0.00
102.00
23.00
1.00
11.00
349.00
8.00
49.00
15.00
1.00
2.00
0.00
26.00
2.00
63.00
117.00
5.00
0.00
22.00
0.00
1.00
22.00
39.00
13.00
2.00
78.00
6.00
7.00
17.00
1.00
57.00
0.00
6.00
30.00
0.00
9.00
0.00
0.00
0.00
0.00
0.00
1.00
2.00
6.00
150.00
43.00
2.00
81.00
0.00
0.00
0.00
0.00
0.00
0.00
0.00
0.00
0.00
0.00
0.00
0.00
4.00
0.00
83.00
73.00
7.00
1.00
0.00
1.00
0.00
28.00
118.00
144.00
89.00
0.00
0.00
0.00
0.00
0.00
0.00
0.00
0.00
0.00
2.00
0.00
0.00
0.00
0.00
0.00
0.00
0.00
0.00
0.00
0.00
0.00
0.00
0.00
0.00
20.00
0.00
0.00
0.00
0.00
0.00
0.00
0.00
0.00
0.00
0.00
0.00
0.00
0.00
0.00
0.00
0.00
0.00
0.00
0.00
0.00
0.00
0.00
0.00
0.00
0.00
0.00
0.00
0.00
0.00
2.00
0.00
0.00
0.00
0.00
0.00
0.00
0.00
0.00
0.00
0.00
0.00
0.00
0.00
0.00
0.00
0.00
0.00
0.00
0.00
0.00
0.00
0.00
0.00
0.00
0.00
0.00
39.00
0.00
0.00
0.00
0.00
0.00
0.00
0.00
0.00
0.00
0.00
0.00
0.00
0.00
0.00
0.00
0.00
0.00
0.00
0.00
0.00
0.00
4.00
0.00
13.00
44.00
24.00
0.00
0.00
0.00
0.00
0.00
0.00
0.00
0.00
0.00
3.00
86.00
0.00
0.00
92.00
14.00
40.00
48.00
0.00
0.00
0.00
0.00
0.00
0.00
93.00
4.00
74.00
0.00
0.00
0.00
0.00
8.00
0.00
0.00
0.00
380.00
341.00
306.00
310.00
135.00
249.00
480.00
13.00
0.00
3.00
0.00
8.00
0.00
0.00
0.00
0.00
0.00
42.00
0.00
0.00
2.00
102.00
15.00
76.00
31.00
0.00
12.00
333.00
32.00
10.00
39.00
15.00
277.00
134.00
3.00
2.00
3.00
44.00
53.00
4.00
0.00
97.00
1.00
1.00
0.00
2.00
26.00
102.00
39.00
20.00
0.00
9.00
5.00
12.00
0.00
0.00
50.00
2.00
39.00
17.00
41.00
59.00
424.00
9.00
104.00
15.00
138.00
30.00
0.00
1.00
5.00
86.00
75.00
18.00
285.00
469.00
0.00
0.00
141.00
139.00
11.00
34.00
3.00
0.00
26.00
12.00
47.00
6.00
8.00
0.00
119.00
44.00
226.00
154.00
99.00
86.00
77.00
201.00
125.00
7.00
68.00
100.00
50.00
152.00
40.00
38.00
12.00
28.00
13.00
21.00
17.00
74.00
31.00
39.00
7.00
34.00
126.00
13.00
20.00
8.00
22.00
134.00
3.00
2.00
4.00
35.00
44.00
276.00
49.00
16.00
69.00
7.00
7.00
2.00
9.00
34.00
63.00
10.00
56.00
225.00
80.00
18.00
54.00
72.00
6.00
5.00
36.00
5.00
5.00
147.00
548.00
23.00
4.00
81.00
10.00
29.00
25.00
139.00
45.00
4.00
2.00
0.00
0.00
43.00
21.00
19.00
166.00
0.00
0.00
1.00
2.00
18.00
426.00
107.00
168.00
91.00
0.00
14.00
1.00
5.00
10.00
163.00
49.00
119.00
128.00
3.00
7.00
0.00
4.00
0.00
4.00
2.00
0.00
10.00
21.00
0.00
0.00
33.00
0.00
0.00
0.00
0.00
0.00
28.00
53.00
114.00
938.00
0.00
0.00
37.00
0.00
0.00
0.00
7.00
610.00
192.00
5.00
0.00
0.00
0.00
0.00
7.00
10.00
0.00
0.00
0.00
0.00
18.00
46.00
6.00
54.00
77.00
17.00
80.00
4.00
0.00
0.00
0.00
34.00
0.00
0.00
0.00
0.00
0.00
0.00
0.00
0.00
0.00
0.00
0.00
0.00
0.00
0.00
142.00
222.00
460.00
42.00
0.00
0.00
0.00
0.00
0.00
0.00
0.00
0.00
12.00
0.00
0.00
0.00
0.00
0.00
0.00
0.00
0.00
0.00
0.00
0.00
25.00
226.00
40.00
0.00
0.00
0.00
0.00
0.00
0.00
0.00
0.00
0.00
0.00
0.00
0.00
0.00
0.00
0.00
0.00
0.00
0.00
0.00
0.00
0.00
0.00
0.00
0.00
0.00
0.00
0.00
0.00
0.00
0.00
0.00
0.00
0.00
0.00
1.00
42.00
3.00
21.00
27.00
29.00
0.00
20.00
16.00
0.00
0.00
0.00
0.00
0.00
4.00
0.00
0.00
0.00
0.00
0.00
174.00
0.00
0.00
0.00
0.00
29.00
0.00
0.00
0.00
0.00
0.00
0.00
0.00
0.00
15.00
483.00
0.00
231.00
61.00
53.00
77.00
0.00
0.00
0.00
0.00
0.00
0.00
0.00
47.00
13.00
0.00
13.00
79.00
17.00
4.00
18.00
0.00
0.00
5.00
3.00
11.00
67.00
2.00
48.00
127.00
73.00
39.00
231.00
0.00
0.00
17.00
8.00
23.00
5.00
51.00
14.00
0.00
0.00
1.00
0.00
1.00
157.00
65.00
116.00
22.00
121.00
2.00
57.00
404.00
179.00
177.00
93.00
411.00
411.00
126.00
14.00
72.00
1.00
16.00
2.00
0.00
0.00
0.00
2.00
0.00
53.00
17.00
15.00
13.00
4.00
0.00
1.00
22.00
2.00
1.00
3.00
27.00
31.00
9.00
9.00
2.00
0.00
30.00
15.00
168.00
496.00
527.00
114.00
11.00
0.00
0.00
0.00
0.00
5.00
13.00
64.00
84.00
56.00
35.00
25.00
21.00
31.00
36.00
18.00
36.00
6.00
10.00
11.00
0.00
4.00
5.00
17.00
13.00
107.00
27.00
17.00
35.00
74.00
27.00
18.00
1.00
0.00
6.00
1.00
23.00
134.00
23.00
20.00
443.00
94.00
10.00
110.00
191.00
327.00
71.00
148.00
246.00
11.00
53.00
24.00
326.00
308.00
16.00
27.00
20.00
62.00
58.00
115.00
34.00
32.00
19.00
1.00
123.00
24.00
134.00
25.00
387.00
163.00
67.00
44.00
25.00
8.00
135.00
7.00
119.00
4.00
1.00
56.00
12.00
5.00
67.00
0.00
0.00
0.00
20.00
8.00
2.00
0.00
0.00
0.00
2.00
2.00
0.00
0.00
1.00
9.00
32.00
0.00
3.00
15.00
23.00
0.00
0.00
19.00
2.00
0.00
0.00
0.00
0.00
0.00
0.00
14.00
0.00
0.00
0.00
30.00
25.00
141.00
249.00
48.00
13.00
0.00
0.00
0.00
0.00
0.00
0.00
0.00
0.00
0.00
0.00
0.00
0.00
280.00
128.00
88.00
120.00
20.00
0.00
0.00
0.00
0.00
0.00
0.00
0.00
0.00
0.00
21.00
0.00
42.00
0.00
1.00
0.00
0.00
0.00
0.00
0.00
0.00
0.00
0.00
0.00
0.00
0.00
0.00
0.00
0.00
0.00
0.00
0.00
0.00
0.00
0.00
5.00
24.00
0.00
0.00
0.00
0.00
4.00
0.00
0.00
16.00
4.00
83.00
14.00
1.00
0.00
0.00
0.00
0.00
0.00
0.00
0.00
0.00
0.00
0.00
0.00
0.00
0.00
0.00
0.00
0.00
0.00
0.00
0.00
0.00
0.00
0.00
0.00
0.00
0.00
0.00
0.00
0.00
0.00
0.00
0.00
0.00
0.00
0.00
0.00
0.00
0.00
0.00
0.00
0.00
0.00
5.00
0.00
0.00
0.00
0.00
0.00
0.00
0.00
0.00
0.00
2.00
0.00
0.00
0.00
0.00
0.00
0.00
0.00
8.00
10.00
0.00
0.00
0.00
0.00
0.00
0.00
0.00
63.80
37.80
30.90
8.40
0.00
0.00
0.10
1.70
1.00
0.10
0.00
0.00
0.00
0.00
0.00
0.00
0.00
0.00
1.20
0.30
7.40
2.80
11.20
0.00
0.00
2.30
0.00
0.00
0.00
0.00
8.90
0.00
0.00
0.60
11.50
90.70
63.60
0.00
52.30
2.30
4.50
2.00
14.90
9.20
0.00
0.00
0.10
0.40
0.00
5.50
0.00
12.50
0.00
0.00
3.10
0.00
0.20
0.00
0.00
0.00
0.00
0.00
2.10
1.90
1.50
1.50
0.00
2.60
6.40
0.00
0.00
0.00
0.00
0.00
0.00
2.10
0.70
6.50
1.70
1.70
0.00
3.10
0.00
0.00
0.00
0.00
0.00
0.00
10.10
0.00
0.00
0.00
0.00
0.00
0.00
1.40
2.30
0.00
0.00
0.00
0.00
0.10
13.90
21.60
45.30
4.80
0.00
0.00
0.30
14.50
24.20
0.00
1.30
1.00
3.60
1.60
8.30
2.80
0.00
0.80
0.20
1.40
0.50
0.00
4.10
0.50
2.40
0.00
0.00
4.00
7.60
2.90
3.40
0.70
0.10
0.10
2.40
2.40
0.10
6.50
6.50
0.00
0.00
6.50
6.50
6.50
4.10
2.90
0.80
0.70
6.90
14.40
1.50
0.00
0.70
12.30
0.70
0.10
1.20
0.00
0.00
18.00
1.60
2.60
0.10
9.50
1.60
0.60
9.80
1.20
5.90
0.40
2.50
0.00
0.00
1.00
6.00
11.00
16.60
19.60
6.50
0.00
0.00
0.30
24.00
0.20
1.30
0.20
2.70
11.10
0.70
0.00
0.30
0.00
0.20
5.10
3.80
1.80
10.60
17.30
1.30
0.70
2.10
11.30
0.00
0.00
0.00
0.00
16.00
20.10
18.60
14.40
6.80
5.70
1.50
0.70
6.20
0.00
0.00
1.30
0.00
0.00
18.10
0.60
0.30
3.70
0.10
4.50
0.00
0.00
0.00
0.00
8.90
0.20
0.00
0.00
0.00
0.00
0.40
7.20
0.20
0.10
1.40
1.70
