20160101
0.00
0.00
0.00
0.00
0.00
0.00
0.00
0.00
1.00
0.00
0.00
0.00
0.00
0.00
0.00
0.00
0.00
0.00
22.00
36.00
0.00
0.00
0.00
0.00
0.00
0.00
0.00
0.00
0.00
0.00
0.00
0.00
0.00
0.00
0.00
0.00
0.00
0.00
10.00
0.00
0.00
3.00
0.00
0.00
0.00
0.00
0.00
0.00
0.00
1.00
8.00
0.00
0.00
0.00
8.00
0.00
6.00
0.00
0.00
0.00
0.00
0.00
0.00
0.00
0.00
75.00
0.00
0.00
0.00
0.00
0.00
1.00
3.00
6.00
2.00
0.00
0.00
0.00
0.00
0.00
0.00
0.00
0.00
0.00
0.00
0.00
0.00
49.00
11.00
97.00
440.00
2.00
1.00
11.00
3.00
15.00
0.00
0.00
0.00
0.00
0.00
0.00
0.00
0.00
315.00
20.00
77.00
24.00
0.00
0.00
0.00
0.00
0.00
0.00
0.00
0.00
0.00
157.00
0.00
0.00
0.00
40.00
1.00
126.00
0.00
118.00
15.00
120.00
12.00
16.00
86.00
10.00
916.00
659.00
177.00
632.00
33.00
8.00
282.00
20.00
54.00
403.00
0.00
0.00
81.00
120.00
3.00
83.00
5.00
15.00
57.00
15.00
0.00
0.00
0.00
0.00
0.00
96.00
627.00
0.00
14.00
2.00
194.00
12.00
0.00
301.00
52.00
288.00
173.00
18.00
199.00
154.00
122.00
84.00
179.00
113.00
32.00
224.00
50.00
91.00
154.00
134.00
66.00
35.00
47.00
316.00
160.00
30.00
144.00
521.00
199.00
51.00
64.00
14.00
50.00
55.00
56.00
263.00
173.00
141.00
198.00
125.00
88.00
210.00
72.00
303.00
153.00
34.00
39.00
27.00
266.00
34.00
143.00
241.00
139.00
233.00
328.00
138.00
16.00
35.00
93.00
2.00
225.00
12.00
11.00
477.00
374.00
395.00
79.00
36.00
33.00
2.00
136.00
50.00
9.00
15.00
8.00
708.00
29.00
11.00
112.00
46.00
281.00
99.00
198.00
339.00
107.00
34.00
43.00
45.00
24.00
12.00
4.00
173.00
83.00
336.00
443.00
31.00
6.00
14.00
94.00
153.00
298.00
841.00
83.00
0.00
204.00
50.00
216.00
214.00
2.00
3.00
0.00
11.00
20.00
30.00
0.00
1.00
103.00
20.00
35.00
47.00
66.00
38.00
79.00
3.00
0.00
0.00
0.00
0.00
0.00
0.00
0.00
0.00
0.00
0.00
0.00
2.00
0.00
0.00
104.00
3.00
0.00
1.00
0.00
0.00
0.00
4.00
53.00
183.00
0.00
0.00
0.00
0.00
0.00
0.00
0.00
0.00
0.00
0.00
0.00
0.00
0.00
0.00
0.00
0.00
0.00
0.00
0.00
0.00
0.00
0.00
0.00
0.00
0.00
7.00
0.00
0.00
0.00
0.00
0.00
0.00
0.00
0.00
0.00
0.00
0.00
0.00
0.00
0.00
0.00
0.00
0.00
0.00
0.00
0.00
0.00
0.00
0.00
0.00
0.00
0.00
0.00
0.00
0.00
0.00
0.00
0.00
0.00
0.00
0.00
0.00
0.00
0.00
0.00
2.00
0.00
0.00
0.00
0.00
0.00
0.00
0.00
0.00
0.00
0.00
0.00
0.00
0.00
0.00
0.00
0.00
11.00
0.00
0.00
0.00
0.00
0.00
0.00
0.00
0.00
0.00
0.00
0.00
0.00
0.00
0.00
0.00
0.00
0.00
0.00
0.00
0.00
0.00
0.00
0.00
0.00
0.00
61.00
0.00
0.00
0.00
0.00
0.00
0.00
0.00
0.00
0.00
78.00
42.00
0.00
0.00
42.00
0.00
109.00
13.00
0.00
0.00
0.00
0.00
0.00
18.00
14.00
33.00
192.00
0.00
0.00
0.00
39.00
117.00
0.00
8.00
364.00
425.00
81.00
9.00
169.00
11.00
39.00
0.00
50.00
0.00
9.00
0.00
0.00
0.00
0.00
0.00
0.00
0.00
310.00
124.00
0.00
2.00
553.00
323.00
8.00
633.00
0.00
304.00
324.00
0.00
0.00
0.00
5.00
107.00
419.00
0.00
2.00
50.00
95.00
245.00
0.00
0.00
30.00
3.00
83.00
0.00
95.00
511.00
739.00
1.00
65.00
0.00
39.00
132.00
0.00
232.00
0.00
12.00
110.00
116.00
3.00
8.00
142.00
133.00
507.00
463.00
562.00
358.00
7.00
25.00
0.00
0.00
2.00
0.00
154.00
90.00
1312.00
30.00
168.00
18.00
261.00
191.00
790.00
1372.00
161.00
17.00
155.00
14.00
157.00
11.00
18.00
15.00
170.00
23.00
297.00
120.00
226.00
360.00
147.00
100.00
26.00
85.00
29.00
152.00
57.00
152.00
141.00
141.00
31.00
142.00
98.00
26.00
156.00
48.00
61.00
102.00
358.00
16.00
194.00
178.00
82.00
24.00
100.00
111.00
87.00
71.00
334.00
250.00
278.00
441.00
267.00
45.00
16.00
47.00
90.00
441.00
1372.00
874.00
255.00
125.00
187.00
40.00
288.00
95.00
113.00
82.00
453.00
337.00
303.00
249.00
238.00
1126.00
399.00
35.00
87.00
102.00
317.00
72.00
72.00
26.00
16.00
131.00
97.00
112.00
153.00
372.00
693.00
2.00
0.00
160.00
129.00
3.00
3.00
345.00
209.00
220.00
170.00
274.00
14.00
9.00
36.00
35.00
5.00
281.00
452.00
210.00
383.00
517.00
7.00
0.00
4.00
0.00
234.00
4.00
3.00
5.00
0.00
1.00
5.00
0.00
31.00
0.00
0.00
0.00
1.00
16.00
843.00
494.00
0.00
0.00
0.00
0.00
0.00
0.00
0.00
0.00
13.00
3.00
0.00
0.00
0.00
0.00
0.00
1.00
0.00
0.00
0.00
0.00
0.00
12.00
0.00
7.00
409.00
112.00
14.00
6.00
0.00
0.00
0.00
0.00
0.00
0.00
0.00
0.00
0.00
0.00
0.00
0.00
0.00
0.00
0.00
0.00
0.00
0.00
0.00
12.00
236.00
62.00
0.00
0.00
0.00
0.00
0.00
0.00
0.00
0.00
29.00
4.00
0.00
0.00
0.00
0.00
0.00
0.00
0.00
0.00
0.00
0.00
0.00
140.00
0.00
0.00
0.00
0.00
0.00
0.00
0.00
0.00
0.00
0.00
0.00
0.00
0.00
0.00
0.00
0.00
0.00
0.00
0.00
0.00
0.00
0.00
0.00
0.00
0.00
0.00
0.00
0.00
0.00
0.00
0.00
0.00
0.00
0.00
0.00
0.00
953.00
393.00
384.00
37.00
6.00
104.00
611.00
249.00
0.00
0.00
0.00
0.00
0.00
0.00
0.00
0.00
0.00
0.00
623.00
52.00
0.00
0.00
0.00
0.00
0.00
0.00
2.00
0.00
0.00
0.00
0.00
0.00
0.00
0.00
1.00
0.00
0.00
64.00
4.00
0.00
0.00
0.00
0.00
0.00
18.00
0.00
65.00
17.00
0.00
146.00
149.00
364.00
694.00
0.00
3.00
0.00
0.00
45.00
76.00
72.00
42.00
2.00
0.00
91.00
0.00
0.00
187.00
0.00
168.00
29.00
16.00
0.00
9.00
117.00
0.00
0.00
32.00
124.00
50.00
0.00
95.00
138.00
180.00
0.00
111.00
0.00
88.00
634.00
990.00
2.00
143.00
177.00
49.00
32.00
0.00
1.00
0.00
168.00
6.00
29.00
0.00
0.00
1.00
182.00
620.00
71.00
156.00
381.00
26.00
0.00
241.00
5.00
233.00
54.00
194.00
0.00
28.00
20.00
5.00
52.00
92.00
3.00
208.00
9.00
52.00
188.00
13.00
397.00
69.00
0.00
3.00
96.00
137.00
0.00
12.00
3.00
9.00
190.00
78.00
93.00
29.00
22.00
1.00
34.00
130.00
96.00
19.00
143.00
37.00
15.00
29.00
26.00
65.00
40.00
38.00
149.00
172.00
202.00
129.00
11.00
52.00
12.00
9.00
168.00
87.00
39.00
342.00
292.00
112.00
6.00
150.00
59.00
141.00
530.00
136.00
87.00
45.00
12.00
115.00
155.00
687.00
88.00
29.00
106.00
194.00
253.00
491.00
148.00
54.00
509.00
203.00
9.00
24.00
309.00
95.00
96.00
46.00
366.00
320.00
295.00
187.00
115.00
16.00
31.00
3.00
131.00
45.00
80.00
280.00
148.00
65.00
4.00
1.00
34.00
76.00
85.00
292.00
216.00
95.00
118.00
0.00
0.00
0.00
9.00
71.00
119.00
9.00
1.00
18.00
89.00
51.00
91.00
4.00
0.00
0.00
0.00
0.00
0.00
66.00
0.00
0.00
0.00
0.00
0.00
1.00
4.00
73.00
169.00
2.00
0.00
0.00
20.00
0.00
0.00
0.00
0.00
0.00
0.00
0.00
0.00
0.00
0.00
2.00
39.00
45.00
7.00
0.00
0.00
0.00
0.00
0.00
20.00
0.00
0.00
0.00
0.00
0.00
0.00
0.00
0.00
0.00
0.00
0.00
0.00
0.00
0.00
0.00
0.00
0.00
0.00
0.00
0.00
0.00
0.00
0.00
0.00
0.00
0.00
0.00
7.00
0.00
3.00
0.00
0.00
0.00
0.00
0.00
0.00
0.00
0.00
0.00
0.00
4.00
109.00
28.00
0.00
0.00
0.00
0.00
0.00
0.00
0.00
0.00
0.00
0.00
0.00
0.00
0.00
0.00
0.00
0.00
0.00
0.00
0.00
0.00
0.00
0.00
0.00
0.00
0.00
0.00
0.00
0.00
0.00
0.00
0.00
0.00
0.00
0.00
0.00
0.00
0.00
0.00
5.00
5.00
0.00
0.00
0.00
0.00
0.00
0.00
0.00
0.00
0.00
0.00
0.00
4.00
0.00
0.00
0.00
1.00
0.00
0.00
0.00
3.00
3.00
0.00
0.00
0.00
0.00
0.00
0.00
0.00
16.60
2.30
42.50
6.20
0.00
0.00
0.00
0.00
0.00
0.00
0.00
0.00
0.00
0.00
0.00
0.00
0.00
0.00
1.30
0.00
16.60
1.50
0.00
0.00
0.40
1.30
0.00
0.00
0.00
28.10
14.80
0.00
4.20
0.90
128.30
0.80
45.30
0.00
23.30
1.50
27.50
0.00
3.60
36.50
0.00
4.00
0.70
15.90
0.00
0.00
0.30
0.00
0.00
0.00
0.20
6.80
0.20
0.00
0.00
0.00
0.80
6.90
0.00
19.40
0.90
0.90
0.00
108.10
28.90
0.00
0.00
0.00
0.00
25.20
2.70
0.30
0.00
30.00
1.00
25.40
0.00
47.50
72.40
9.70
9.70
0.00
27.10
27.10
30.70
4.20
0.00
10.00
0.00
0.00
35.30
65.20
37.10
47.20
11.40
0.00
13.80
0.80
0.70
0.00
1.10
0.00
0.00
0.10
9.20
29.10
57.90
0.00
47.00
0.70
24.20
11.90
25.80
0.30
0.00
0.00
24.50
52.40
22.30
70.20
2.70
8.50
2.20
0.00
0.00
4.50
7.60
19.70
9.70
46.80
67.40
67.40
59.20
59.20
21.30
0.00
0.00
1.10
0.50
0.00
0.00
0.00
13.40
16.60
21.70
61.00
25.50
74.70
2.30
1.50
2.80
3.80
9.20
3.70
11.60
9.10
1.60
22.20
4.10
4.20
5.80
13.00
4.60
1.60
82.20
19.40
3.00
14.40
47.60
2.00
0.30
1.10
1.60
7.20
33.80
31.30
8.80
0.30
1.50
1.10
3.70
0.10
4.40
18.50
39.50
61.60
44.40
21.40
13.00
10.50
2.00
0.20
9.60
5.40
0.90
9.60
20.00
4.70
60.60
13.50
6.60
7.60
0.00
0.00
0.20
6.30
12.60
45.40
33.90
0.20
8.10
8.10
2.70
26.10
26.10
3.60
0.00
0.00
16.60
12.10
64.30
6.60
19.80
0.90
0.00
0.00
0.00
0.00
0.00
0.00
0.00
0.00
0.00
0.00
1.70
0.10
0.00
0.50
8.00
72.20
