20160101
0.00
0.00
0.00
0.00
0.00
0.00
0.00
0.00
0.00
0.00
0.00
0.00
1.00
0.00
0.00
0.00
0.00
4.00
8.00
78.00
0.00
0.00
0.00
0.00
0.00
0.00
0.00
0.00
0.00
0.00
0.00
0.00
0.00
0.00
0.00
0.00
0.00
0.00
0.00
0.00
0.00
102.00
0.00
0.00
0.00
0.00
0.00
0.00
0.00
0.00
3.00
0.00
0.00
0.00
106.00
0.00
17.00
0.00
0.00
0.00
0.00
0.00
0.00
1.00
0.00
74.00
0.00
0.00
0.00
0.00
0.00
0.00
0.00
0.00
4.00
0.00
0.00
0.00
1.00
0.00
33.00
0.00
0.00
0.00
0.00
0.00
0.00
444.00
78.00
64.00
496.00
6.00
0.00
277.00
29.00
44.00
44.00
0.00
0.00
0.00
0.00
0.00
0.00
0.00
117.00
75.00
154.00
1125.00
26.00
356.00
22.00
0.00
0.00
0.00
0.00
0.00
259.00
111.00
3.00
0.00
4.00
267.00
98.00
475.00
19.00
101.00
15.00
96.00
7.00
3.00
20.00
16.00
419.00
430.00
203.00
89.00
13.00
34.00
172.00
170.00
47.00
460.00
5.00
5.00
29.00
126.00
35.00
37.00
134.00
11.00
51.00
49.00
1.00
0.00
54.00
139.00
3.00
64.00
311.00
28.00
26.00
949.00
223.00
124.00
195.00
335.00
65.00
462.00
154.00
65.00
63.00
59.00
342.00
443.00
591.00
56.00
42.00
81.00
104.00
96.00
114.00
74.00
90.00
201.00
241.00
6.00
137.00
35.00
254.00
691.00
119.00
71.00
120.00
24.00
22.00
56.00
120.00
230.00
4.00
91.00
253.00
72.00
65.00
81.00
74.00
104.00
158.00
61.00
261.00
18.00
276.00
131.00
68.00
229.00
208.00
175.00
219.00
65.00
34.00
129.00
329.00
67.00
561.00
44.00
65.00
446.00
451.00
515.00
49.00
137.00
43.00
1.00
45.00
35.00
7.00
29.00
4.00
149.00
28.00
51.00
32.00
445.00
236.00
323.00
126.00
109.00
75.00
81.00
126.00
58.00
55.00
30.00
113.00
137.00
218.00
531.00
515.00
319.00
7.00
124.00
138.00
325.00
175.00
445.00
121.00
17.00
293.00
15.00
62.00
160.00
13.00
111.00
62.00
15.00
5.00
20.00
6.00
159.00
278.00
157.00
449.00
49.00
84.00
173.00
62.00
47.00
0.00
0.00
0.00
0.00
0.00
0.00
0.00
0.00
0.00
0.00
0.00
26.00
0.00
0.00
99.00
1.00
1.00
0.00
0.00
0.00
0.00
7.00
254.00
290.00
122.00
0.00
0.00
0.00
0.00
0.00
0.00
0.00
0.00
0.00
0.00
0.00
0.00
0.00
0.00
0.00
0.00
0.00
0.00
0.00
0.00
16.00
0.00
2.00
0.00
1.00
0.00
0.00
0.00
0.00
0.00
0.00
0.00
0.00
0.00
0.00
0.00
0.00
0.00
0.00
0.00
0.00
0.00
0.00
0.00
0.00
0.00
40.00
12.00
0.00
0.00
0.00
0.00
0.00
71.00
30.00
11.00
0.00
94.00
10.00
0.00
0.00
0.00
0.00
0.00
1.00
0.00
0.00
0.00
0.00
0.00
0.00
0.00
0.00
0.00
0.00
0.00
0.00
0.00
0.00
0.00
0.00
6.00
0.00
0.00
0.00
0.00
0.00
0.00
0.00
0.00
0.00
0.00
0.00
0.00
0.00
0.00
0.00
0.00
0.00
0.00
0.00
0.00
0.00
0.00
0.00
0.00
0.00
3.00
0.00
0.00
0.00
0.00
0.00
0.00
0.00
0.00
0.00
21.00
55.00
2.00
0.00
17.00
0.00
185.00
67.00
0.00
0.00
0.00
0.00
0.00
9.00
8.00
11.00
102.00
0.00
0.00
0.00
100.00
215.00
12.00
1.00
64.00
553.00
208.00
13.00
23.00
29.00
39.00
219.00
422.00
2.00
5.00
8.00
0.00
0.00
0.00
0.00
0.00
0.00
110.00
2.00
0.00
12.00
1088.00
536.00
30.00
570.00
7.00
287.00
285.00
0.00
0.00
3.00
15.00
74.00
583.00
0.00
10.00
87.00
121.00
98.00
0.00
6.00
34.00
4.00
184.00
2.00
133.00
277.00
602.00
0.00
51.00
132.00
138.00
164.00
5.00
130.00
2.00
26.00
3.00
31.00
24.00
19.00
214.00
349.00
532.00
335.00
202.00
513.00
130.00
50.00
0.00
26.00
129.00
36.00
137.00
309.00
758.00
89.00
271.00
400.00
180.00
668.00
1227.00
404.00
90.00
303.00
224.00
525.00
400.00
78.00
82.00
137.00
389.00
85.00
389.00
104.00
176.00
89.00
299.00
68.00
76.00
53.00
47.00
187.00
390.00
562.00
223.00
383.00
67.00
183.00
64.00
88.00
192.00
136.00
106.00
198.00
495.00
126.00
174.00
117.00
56.00
83.00
9.00
160.00
118.00
132.00
230.00
104.00
386.00
788.00
191.00
48.00
7.00
23.00
52.00
890.00
1796.00
583.00
326.00
149.00
290.00
33.00
522.00
85.00
131.00
71.00
307.00
140.00
521.00
457.00
943.00
258.00
851.00
142.00
124.00
224.00
264.00
343.00
110.00
239.00
111.00
137.00
406.00
384.00
244.00
473.00
947.00
96.00
16.00
260.00
385.00
48.00
105.00
342.00
68.00
151.00
87.00
69.00
21.00
57.00
33.00
106.00
64.00
399.00
248.00
314.00
347.00
315.00
163.00
24.00
39.00
32.00
212.00
64.00
76.00
42.00
14.00
6.00
85.00
58.00
28.00
12.00
12.00
46.00
714.00
238.00
740.00
1208.00
0.00
0.00
0.00
0.00
28.00
0.00
15.00
41.00
166.00
9.00
0.00
0.00
15.00
7.00
10.00
3.00
57.00
0.00
0.00
0.00
0.00
22.00
0.00
5.00
413.00
92.00
10.00
2.00
14.00
2.00
0.00
0.00
0.00
0.00
0.00
0.00
0.00
0.00
0.00
0.00
0.00
0.00
0.00
0.00
0.00
0.00
16.00
159.00
345.00
143.00
0.00
0.00
0.00
0.00
0.00
0.00
0.00
0.00
30.00
6.00
6.00
6.00
0.00
0.00
0.00
0.00
0.00
0.00
0.00
0.00
19.00
168.00
18.00
0.00
0.00
0.00
0.00
0.00
0.00
0.00
0.00
0.00
0.00
0.00
0.00
0.00
0.00
0.00
0.00
0.00
0.00
0.00
0.00
0.00
0.00
0.00
0.00
0.00
0.00
0.00
0.00
0.00
0.00
0.00
0.00
4.00
0.00
0.00
568.00
259.00
240.00
130.00
213.00
0.00
54.00
65.00
0.00
0.00
0.00
0.00
0.00
0.00
0.00
0.00
0.00
0.00
343.00
421.00
0.00
0.00
0.00
0.00
0.00
0.00
0.00
0.00
0.00
0.00
0.00
0.00
0.00
0.00
5.00
0.00
0.00
58.00
24.00
0.00
0.00
0.00
0.00
8.00
8.00
14.00
27.00
181.00
0.00
89.00
550.00
221.00
266.00
9.00
20.00
0.00
0.00
125.00
45.00
97.00
1.00
0.00
0.00
109.00
21.00
0.00
249.00
0.00
3.00
164.00
174.00
10.00
35.00
151.00
69.00
0.00
19.00
377.00
52.00
0.00
245.00
356.00
194.00
0.00
52.00
0.00
207.00
557.00
1056.00
430.00
481.00
672.00
291.00
236.00
0.00
0.00
6.00
365.00
2.00
8.00
0.00
0.00
0.00
67.00
143.00
67.00
152.00
350.00
543.00
2.00
303.00
16.00
128.00
224.00
110.00
0.00
20.00
65.00
441.00
238.00
449.00
7.00
385.00
60.00
215.00
433.00
126.00
448.00
284.00
15.00
19.00
116.00
95.00
5.00
142.00
11.00
23.00
64.00
42.00
76.00
64.00
21.00
39.00
39.00
125.00
172.00
46.00
66.00
5.00
42.00
91.00
62.00
65.00
22.00
15.00
144.00
89.00
744.00
159.00
28.00
111.00
18.00
27.00
98.00
216.00
83.00
871.00
453.00
324.00
24.00
12.00
78.00
65.00
201.00
403.00
141.00
100.00
9.00
72.00
331.00
233.00
95.00
38.00
174.00
239.00
264.00
268.00
198.00
245.00
281.00
486.00
97.00
52.00
193.00
112.00
35.00
19.00
266.00
213.00
76.00
159.00
96.00
12.00
24.00
18.00
89.00
68.00
37.00
94.00
193.00
88.00
14.00
4.00
24.00
113.00
72.00
182.00
100.00
151.00
176.00
4.00
2.00
1.00
19.00
107.00
274.00
2.00
28.00
32.00
156.00
158.00
78.00
77.00
0.00
2.00
0.00
0.00
1.00
1.00
10.00
0.00
0.00
0.00
0.00
1.00
33.00
120.00
447.00
2.00
0.00
0.00
0.00
0.00
0.00
0.00
0.00
0.00
0.00
0.00
0.00
0.00
2.00
151.00
145.00
205.00
24.00
0.00
0.00
0.00
0.00
17.00
35.00
0.00
0.00
0.00
0.00
0.00
0.00
0.00
0.00
0.00
0.00
0.00
0.00
0.00
0.00
0.00
0.00
0.00
0.00
0.00
0.00
0.00
0.00
0.00
0.00
0.00
0.00
0.00
0.00
0.00
73.00
0.00
0.00
0.00
0.00
0.00
0.00
0.00
0.00
0.00
0.00
1.00
87.00
31.00
0.00
0.00
0.00
0.00
0.00
0.00
0.00
0.00
0.00
0.00
0.00
0.00
0.00
0.00
0.00
0.00
0.00
0.00
0.00
0.00
0.00
0.00
0.00
0.00
0.00
0.00
0.00
0.00
0.00
0.00
0.00
0.00
0.00
0.00
0.00
0.00
0.00
0.00
13.00
13.00
2.00
1.00
0.00
0.00
0.00
0.00
0.00
0.00
0.00
0.00
0.00
0.00
0.00
0.00
0.00
0.00
0.00
0.00
0.00
0.00
6.00
0.00
0.00
0.00
0.00
0.00
0.00
0.00
18.70
9.60
26.90
23.70
0.00
0.00
0.00
7.10
1.30
0.00
0.00
0.00
0.00
0.00
0.00
0.00
0.00
0.00
0.30
0.00
19.70
0.10
2.40
0.00
1.70
12.00
0.00
0.00
0.00
3.80
7.20
0.00
2.10
0.30
164.30
9.50
77.10
0.00
33.20
40.40
52.60
0.20
42.10
57.40
0.00
2.20
4.90
1.70
0.00
0.20
0.30
0.00
0.00
0.00
0.00
9.30
0.30
0.00
0.00
0.00
0.00
8.00
4.00
9.90
4.10
4.10
6.90
91.90
56.10
0.00
0.00
0.00
7.10
4.60
0.00
3.90
2.10
32.30
3.90
6.50
1.00
21.50
13.40
7.00
7.00
3.00
20.80
20.80
6.50
1.20
8.20
11.90
2.40
0.10
1.80
42.70
50.90
33.00
22.40
63.50
26.70
8.30
6.80
12.20
2.30
9.50
1.10
0.80
44.10
55.70
37.60
3.40
0.20
3.60
9.00
18.30
14.50
1.50
0.90
0.90
45.50
64.60
115.70
32.80
4.80
13.00
9.60
3.00
4.90
15.60
11.70
9.20
17.90
22.20
60.90
60.90
90.10
90.10
102.30
5.90
5.90
3.80
6.10
5.90
5.90
5.90
12.60
58.30
31.80
59.30
38.60
11.20
21.90
6.70
10.40
10.40
9.00
19.60
29.80
14.20
4.80
9.80
5.80
39.00
12.70
5.50
8.40
2.80
48.00
37.20
7.80
19.70
38.10
9.60
4.30
5.30
4.80
13.00
81.40
57.00
21.70
5.70
10.20
7.00
11.10
7.00
5.20
17.00
69.00
50.80
48.40
45.90
10.00
52.30
17.60
9.40
4.60
11.30
14.20
6.90
14.60
9.00
13.60
9.70
7.50
3.40
5.50
8.10
20.20
48.30
14.70
64.50
41.10
3.20
14.50
7.50
14.20
34.90
34.90
14.10
2.90
3.20
22.90
9.90
11.30
3.20
14.00
4.30
1.60
1.90
0.00
1.20
1.90
1.60
0.10
0.50
3.10
0.50
0.10
5.90
0.70
0.20
0.20
0.70
