20160101
0.00
0.00
0.00
0.00
0.00
0.00
0.00
0.00
0.00
0.00
0.00
0.00
0.00
0.00
0.00
0.00
0.00
0.00
0.00
34.00
0.00
0.00
0.00
0.00
0.00
0.00
0.00
0.00
0.00
0.00
0.00
0.00
0.00
0.00
0.00
0.00
0.00
0.00
0.00
0.00
0.00
0.00
1.00
0.00
0.00
0.00
0.00
0.00
0.00
0.00
13.00
0.00
2.00
5.00
113.00
0.00
37.00
0.00
0.00
0.00
0.00
15.00
0.00
1.00
0.00
332.00
0.00
0.00
2.00
0.00
0.00
0.00
0.00
2.00
5.00
2.00
0.00
0.00
0.00
0.00
14.00
0.00
0.00
0.00
0.00
0.00
0.00
195.00
529.00
58.00
815.00
22.00
7.00
634.00
267.00
6.00
0.00
0.00
0.00
0.00
0.00
0.00
0.00
0.00
144.00
24.00
258.00
475.00
0.00
1.00
0.00
0.00
0.00
0.00
0.00
0.00
0.00
67.00
0.00
0.00
0.00
184.00
53.00
94.00
14.00
27.00
205.00
84.00
0.00
9.00
3.00
28.00
745.00
157.00
143.00
230.00
1.00
7.00
38.00
15.00
172.00
578.00
0.00
0.00
55.00
56.00
20.00
0.00
215.00
6.00
35.00
211.00
0.00
0.00
0.00
2.00
3.00
17.00
125.00
1.00
8.00
83.00
407.00
41.00
13.00
114.00
40.00
93.00
87.00
3.00
6.00
24.00
16.00
110.00
171.00
5.00
27.00
109.00
187.00
81.00
50.00
2.00
61.00
310.00
146.00
60.00
17.00
14.00
229.00
268.00
173.00
26.00
3.00
5.00
2.00
4.00
95.00
248.00
10.00
31.00
66.00
64.00
1.00
34.00
55.00
32.00
105.00
26.00
141.00
36.00
208.00
124.00
223.00
313.00
77.00
132.00
72.00
60.00
5.00
54.00
72.00
21.00
221.00
8.00
8.00
248.00
413.00
371.00
256.00
46.00
13.00
0.00
47.00
17.00
2.00
3.00
0.00
526.00
9.00
19.00
100.00
338.00
67.00
132.00
56.00
44.00
39.00
10.00
44.00
7.00
10.00
14.00
10.00
13.00
85.00
403.00
381.00
578.00
51.00
80.00
110.00
54.00
119.00
122.00
97.00
14.00
130.00
17.00
140.00
22.00
10.00
144.00
0.00
331.00
7.00
5.00
0.00
89.00
207.00
585.00
207.00
15.00
0.00
3.00
10.00
81.00
0.00
0.00
0.00
0.00
0.00
0.00
0.00
0.00
0.00
0.00
0.00
14.00
0.00
0.00
98.00
7.00
10.00
0.00
0.00
0.00
0.00
26.00
318.00
374.00
17.00
0.00
0.00
0.00
0.00
0.00
0.00
0.00
0.00
0.00
0.00
0.00
0.00
0.00
0.00
0.00
0.00
0.00
0.00
0.00
0.00
0.00
0.00
9.00
0.00
0.00
0.00
0.00
0.00
0.00
0.00
0.00
0.00
0.00
0.00
0.00
0.00
0.00
0.00
0.00
0.00
0.00
0.00
4.00
0.00
0.00
0.00
0.00
78.00
0.00
0.00
0.00
0.00
0.00
0.00
0.00
0.00
0.00
0.00
0.00
0.00
0.00
0.00
0.00
0.00
0.00
0.00
0.00
0.00
0.00
0.00
0.00
0.00
0.00
0.00
1.00
0.00
0.00
0.00
0.00
0.00
0.00
5.00
0.00
0.00
0.00
0.00
0.00
0.00
0.00
0.00
0.00
0.00
0.00
0.00
0.00
0.00
0.00
0.00
0.00
0.00
0.00
0.00
0.00
0.00
0.00
0.00
0.00
36.00
0.00
0.00
0.00
0.00
0.00
0.00
0.00
0.00
0.00
1.00
42.00
0.00
0.00
19.00
0.00
346.00
128.00
0.00
0.00
0.00
0.00
0.00
0.00
10.00
7.00
60.00
0.00
0.00
0.00
0.00
161.00
0.00
0.00
52.00
284.00
394.00
58.00
6.00
0.00
52.00
40.00
207.00
0.00
3.00
0.00
0.00
0.00
0.00
0.00
0.00
0.00
16.00
49.00
0.00
10.00
845.00
243.00
16.00
914.00
2.00
354.00
291.00
0.00
0.00
0.00
146.00
4.00
464.00
0.00
0.00
16.00
17.00
34.00
0.00
0.00
86.00
0.00
12.00
0.00
47.00
122.00
487.00
0.00
80.00
0.00
108.00
21.00
0.00
0.00
0.00
0.00
0.00
153.00
0.00
1.00
137.00
159.00
581.00
792.00
172.00
164.00
262.00
59.00
5.00
0.00
57.00
89.00
176.00
175.00
428.00
70.00
203.00
185.00
415.00
391.00
1528.00
860.00
87.00
83.00
128.00
65.00
231.00
47.00
44.00
87.00
171.00
90.00
217.00
113.00
85.00
21.00
182.00
53.00
6.00
14.00
20.00
56.00
239.00
254.00
101.00
79.00
27.00
155.00
69.00
89.00
79.00
114.00
392.00
144.00
104.00
66.00
191.00
59.00
120.00
45.00
58.00
64.00
60.00
123.00
55.00
57.00
274.00
452.00
38.00
50.00
18.00
29.00
147.00
278.00
1164.00
449.00
197.00
71.00
111.00
13.00
519.00
205.00
298.00
52.00
128.00
308.00
171.00
149.00
276.00
98.00
332.00
42.00
34.00
157.00
267.00
140.00
523.00
410.00
39.00
103.00
98.00
171.00
79.00
53.00
716.00
314.00
18.00
156.00
40.00
17.00
87.00
122.00
124.00
206.00
34.00
20.00
9.00
10.00
22.00
130.00
69.00
236.00
630.00
342.00
124.00
182.00
22.00
13.00
18.00
24.00
847.00
83.00
11.00
16.00
13.00
0.00
3.00
0.00
0.00
10.00
2.00
103.00
116.00
531.00
1038.00
1115.00
0.00
0.00
0.00
0.00
0.00
0.00
0.00
30.00
173.00
0.00
0.00
0.00
0.00
0.00
0.00
0.00
0.00
0.00
0.00
0.00
0.00
100.00
0.00
0.00
380.00
29.00
0.00
0.00
0.00
0.00
0.00
0.00
0.00
0.00
0.00
0.00
0.00
0.00
0.00
0.00
0.00
0.00
0.00
0.00
0.00
0.00
1.00
256.00
102.00
263.00
0.00
0.00
0.00
0.00
0.00
0.00
0.00
0.00
0.00
0.00
0.00
0.00
0.00
0.00
0.00
0.00
0.00
0.00
0.00
0.00
0.00
173.00
0.00
0.00
0.00
0.00
0.00
0.00
0.00
0.00
0.00
0.00
0.00
0.00
0.00
0.00
0.00
0.00
0.00
0.00
0.00
0.00
0.00
0.00
0.00
0.00
0.00
0.00
0.00
0.00
0.00
0.00
0.00
0.00
0.00
10.00
0.00
0.00
658.00
301.00
355.00
192.00
145.00
0.00
110.00
136.00
0.00
0.00
0.00
0.00
0.00
9.00
0.00
0.00
0.00
0.00
268.00
288.00
0.00
0.00
0.00
0.00
0.00
0.00
28.00
0.00
0.00
0.00
0.00
0.00
0.00
0.00
1.00
0.00
3.00
69.00
4.00
0.00
0.00
0.00
0.00
0.00
1.00
10.00
14.00
233.00
1.00
52.00
65.00
520.00
166.00
4.00
97.00
0.00
0.00
171.00
115.00
117.00
5.00
11.00
0.00
52.00
5.00
0.00
428.00
0.00
50.00
162.00
108.00
95.00
118.00
312.00
30.00
0.00
0.00
524.00
266.00
4.00
168.00
287.00
70.00
0.00
168.00
15.00
154.00
763.00
1008.00
131.00
156.00
481.00
178.00
57.00
0.00
2.00
256.00
131.00
21.00
327.00
182.00
20.00
17.00
83.00
20.00
28.00
17.00
264.00
8.00
0.00
126.00
4.00
60.00
209.00
1283.00
44.00
22.00
154.00
16.00
13.00
3.00
156.00
986.00
152.00
50.00
509.00
7.00
665.00
214.00
20.00
14.00
2.00
178.00
0.00
0.00
17.00
1.00
1.00
0.00
70.00
9.00
0.00
27.00
0.00
60.00
94.00
37.00
24.00
0.00
1.00
64.00
4.00
7.00
10.00
1.00
123.00
270.00
313.00
161.00
13.00
3.00
14.00
33.00
236.00
95.00
19.00
237.00
171.00
57.00
4.00
18.00
55.00
14.00
21.00
211.00
46.00
27.00
4.00
14.00
186.00
129.00
30.00
6.00
5.00
56.00
103.00
38.00
475.00
360.00
140.00
688.00
28.00
224.00
188.00
84.00
74.00
21.00
109.00
86.00
140.00
95.00
56.00
20.00
4.00
6.00
18.00
20.00
4.00
30.00
217.00
372.00
1.00
2.00
3.00
17.00
17.00
120.00
44.00
1.00
64.00
5.00
10.00
0.00
32.00
166.00
319.00
55.00
2.00
15.00
6.00
158.00
24.00
137.00
0.00
1.00
0.00
0.00
0.00
0.00
48.00
22.00
0.00
0.00
0.00
28.00
52.00
103.00
86.00
3.00
0.00
0.00
0.00
0.00
0.00
0.00
0.00
0.00
0.00
0.00
0.00
0.00
0.00
0.00
71.00
92.00
34.00
0.00
0.00
0.00
0.00
26.00
48.00
6.00
0.00
0.00
0.00
0.00
0.00
1.00
0.00
0.00
0.00
0.00
0.00
0.00
0.00
0.00
0.00
0.00
0.00
0.00
0.00
0.00
0.00
0.00
0.00
0.00
0.00
0.00
0.00
0.00
1.00
7.00
0.00
0.00
0.00
0.00
0.00
0.00
0.00
0.00
0.00
49.00
112.00
27.00
0.00
0.00
0.00
0.00
0.00
0.00
0.00
0.00
0.00
0.00
0.00
0.00
0.00
0.00
0.00
0.00
0.00
0.00
0.00
0.00
0.00
0.00
0.00
0.00
0.00
0.00
0.00
0.00
0.00
0.00
0.00
0.00
0.00
0.00
0.00
0.00
0.00
0.00
3.00
3.00
1.00
0.00
0.00
0.00
0.00
0.00
0.00
0.00
0.00
0.00
0.00
0.00
1.00
0.00
0.00
0.00
0.00
0.00
0.00
1.00
7.00
0.00
0.00
0.00
0.00
0.20
0.00
4.00
19.80
24.80
54.40
17.10
0.00
0.00
0.00
0.10
3.30
0.00
0.00
0.00
0.00
0.00
0.00
0.00
0.00
0.50
2.40
0.00
27.70
1.40
0.00
0.00
0.00
26.20
0.00
0.00
0.00
4.30
40.80
0.00
1.50
7.80
78.60
5.20
66.30
7.80
0.00
0.10
79.20
0.10
19.10
30.40
0.40
1.60
11.40
3.90
0.00
0.00
5.00
0.00
0.00
0.00
0.10
4.80
0.40
0.00
0.00
0.00
0.00
0.00
0.00
1.30
0.00
0.00
5.00
51.20
54.30
0.00
0.00
0.00
0.00
0.00
0.00
1.40
0.00
22.80
6.30
0.40
0.00
12.30
28.80
7.30
7.30
0.00
24.80
24.80
18.30
3.50
0.00
86.00
0.00
0.00
1.40
53.00
24.10
24.30
17.80
42.90
15.30
3.00
7.40
14.60
0.60
0.00
0.00
2.40
20.10
61.10
29.20
0.00
3.70
0.50
33.50
12.60
11.80
0.50
0.10
0.20
11.90
16.70
17.80
33.10
1.40
9.40
3.40
1.70
1.20
9.50
7.80
2.10
16.20
28.20
26.40
26.40
62.10
62.10
72.40
1.90
1.90
2.60
2.70
1.90
1.90
1.90
14.80
20.50
7.40
39.90
21.00
6.10
6.50
3.70
6.00
12.40
13.30
3.60
20.40
10.10
49.00
29.80
4.20
12.60
5.00
0.10
2.80
5.80
52.40
15.30
36.80
17.30
4.20
2.10
0.50
1.70
5.10
18.70
32.30
59.00
18.50
6.00
3.20
3.30
13.80
0.60
1.90
9.90
58.90
91.90
18.60
23.30
8.80
5.70
15.70
7.80
0.90
3.60
5.60
6.30
15.30
3.10
4.70
3.40
1.80
1.20
3.50
3.90
6.20
22.90
6.20
51.00
34.10
2.80
4.80
5.70
19.90
9.40
9.40
8.90
2.20
5.40
6.30
1.70
4.60
0.80
14.80
12.50
0.00
3.00
0.00
1.40
1.10
2.70
0.00
0.10
0.90
0.70
0.30
7.40
0.90
0.10
0.00
1.00
