20160101
0.00
0.00
0.00
0.00
0.00
0.00
0.00
0.00
0.00
0.00
0.00
0.00
1.00
0.00
0.00
0.00
0.00
0.00
68.00
54.00
0.00
0.00
0.00
0.00
0.00
0.00
4.00
0.00
0.00
0.00
0.00
0.00
0.00
0.00
0.00
0.00
0.00
0.00
7.00
0.00
0.00
4.00
0.00
0.00
0.00
0.00
4.00
1.00
0.00
2.00
14.00
0.00
0.00
0.00
0.00
0.00
9.00
2.00
0.00
0.00
0.00
0.00
0.00
0.00
0.00
80.00
0.00
1.00
0.00
0.00
0.00
0.00
1.00
8.00
0.00
0.00
1.00
0.00
0.00
3.00
0.00
0.00
0.00
0.00
0.00
0.00
3.00
21.00
13.00
86.00
347.00
1.00
0.00
16.00
0.00
1.00
0.00
0.00
0.00
0.00
0.00
0.00
0.00
0.00
3.00
0.00
53.00
0.00
15.00
0.00
0.00
0.00
0.00
0.00
0.00
0.00
0.00
175.00
0.00
0.00
0.00
0.00
1.00
63.00
0.00
29.00
2.00
266.00
10.00
22.00
90.00
6.00
252.00
120.00
185.00
71.00
46.00
55.00
54.00
334.00
41.00
18.00
0.00
0.00
116.00
138.00
0.00
2.00
0.00
9.00
30.00
462.00
0.00
0.00
0.00
29.00
0.00
36.00
87.00
0.00
44.00
0.00
257.00
14.00
0.00
624.00
122.00
204.00
34.00
81.00
198.00
96.00
39.00
158.00
298.00
72.00
35.00
97.00
53.00
6.00
19.00
21.00
46.00
221.00
122.00
200.00
189.00
1.00
192.00
348.00
99.00
16.00
42.00
42.00
340.00
200.00
66.00
159.00
605.00
174.00
148.00
262.00
104.00
59.00
275.00
38.00
419.00
11.00
5.00
115.00
92.00
82.00
25.00
288.00
180.00
54.00
245.00
126.00
45.00
19.00
2.00
6.00
86.00
0.00
9.00
98.00
288.00
293.00
265.00
125.00
51.00
0.00
18.00
55.00
2.00
1.00
0.00
212.00
12.00
2.00
73.00
29.00
172.00
32.00
54.00
808.00
61.00
75.00
12.00
15.00
47.00
63.00
0.00
94.00
22.00
156.00
173.00
1.00
25.00
40.00
169.00
56.00
199.00
287.00
57.00
0.00
243.00
16.00
600.00
172.00
0.00
81.00
100.00
0.00
10.00
5.00
2.00
0.00
5.00
19.00
0.00
5.00
302.00
374.00
54.00
0.00
0.00
0.00
0.00
0.00
0.00
0.00
0.00
0.00
0.00
0.00
0.00
0.00
0.00
0.00
123.00
0.00
0.00
0.00
0.00
0.00
9.00
0.00
35.00
129.00
0.00
0.00
0.00
0.00
0.00
0.00
0.00
0.00
0.00
0.00
0.00
0.00
0.00
0.00
0.00
0.00
0.00
0.00
0.00
0.00
0.00
0.00
0.00
0.00
0.00
13.00
0.00
0.00
0.00
0.00
0.00
0.00
0.00
0.00
0.00
0.00
0.00
0.00
0.00
0.00
0.00
0.00
0.00
0.00
0.00
0.00
0.00
0.00
0.00
0.00
36.00
0.00
0.00
0.00
0.00
0.00
0.00
0.00
0.00
0.00
0.00
0.00
0.00
0.00
0.00
98.00
0.00
0.00
0.00
0.00
0.00
0.00
0.00
0.00
0.00
0.00
0.00
0.00
0.00
0.00
0.00
2.00
24.00
25.00
0.00
0.00
0.00
0.00
0.00
0.00
0.00
0.00
0.00
0.00
0.00
0.00
0.00
0.00
0.00
0.00
0.00
0.00
0.00
0.00
0.00
0.00
0.00
0.00
3.00
0.00
0.00
0.00
0.00
0.00
0.00
0.00
0.00
0.00
174.00
0.00
0.00
0.00
14.00
0.00
89.00
0.00
0.00
0.00
0.00
0.00
0.00
24.00
28.00
32.00
98.00
0.00
0.00
0.00
1.00
250.00
0.00
12.00
540.00
148.00
4.00
29.00
3.00
61.00
72.00
11.00
61.00
3.00
8.00
63.00
0.00
0.00
0.00
0.00
0.00
0.00
392.00
162.00
0.00
0.00
287.00
86.00
101.00
641.00
0.00
140.00
139.00
0.00
0.00
1.00
0.00
154.00
45.00
0.00
51.00
109.00
47.00
158.00
0.00
9.00
275.00
1.00
127.00
5.00
19.00
863.00
803.00
0.00
43.00
106.00
74.00
83.00
5.00
35.00
0.00
3.00
0.00
272.00
14.00
3.00
91.00
47.00
47.00
250.00
770.00
203.00
4.00
5.00
0.00
0.00
20.00
1.00
162.00
66.00
954.00
49.00
73.00
1.00
190.00
154.00
736.00
719.00
3.00
79.00
67.00
3.00
104.00
6.00
7.00
42.00
17.00
114.00
93.00
130.00
42.00
463.00
198.00
36.00
19.00
55.00
95.00
151.00
184.00
240.00
96.00
10.00
19.00
15.00
16.00
13.00
293.00
79.00
10.00
55.00
256.00
101.00
203.00
85.00
21.00
21.00
28.00
315.00
12.00
1.00
490.00
240.00
133.00
134.00
281.00
282.00
16.00
28.00
90.00
235.00
1081.00
411.00
180.00
148.00
57.00
26.00
131.00
27.00
65.00
76.00
346.00
249.00
275.00
45.00
58.00
574.00
127.00
27.00
131.00
50.00
197.00
185.00
521.00
74.00
1.00
38.00
15.00
76.00
124.00
405.00
317.00
9.00
0.00
15.00
40.00
0.00
1.00
373.00
183.00
120.00
63.00
66.00
5.00
12.00
48.00
3.00
0.00
238.00
75.00
367.00
346.00
154.00
57.00
2.00
0.00
0.00
28.00
8.00
1.00
0.00
0.00
0.00
25.00
50.00
48.00
1.00
0.00
0.00
0.00
10.00
814.00
438.00
0.00
0.00
0.00
0.00
0.00
0.00
0.00
0.00
1.00
0.00
0.00
0.00
0.00
0.00
0.00
0.00
0.00
0.00
0.00
0.00
0.00
0.00
0.00
5.00
186.00
61.00
4.00
0.00
0.00
0.00
0.00
0.00
0.00
0.00
0.00
0.00
0.00
0.00
0.00
0.00
0.00
0.00
0.00
0.00
0.00
0.00
2.00
0.00
53.00
16.00
0.00
0.00
0.00
0.00
0.00
0.00
0.00
0.00
13.00
0.00
0.00
0.00
0.00
0.00
0.00
0.00
0.00
0.00
0.00
0.00
0.00
0.00
0.00
0.00
0.00
0.00
0.00
0.00
0.00
0.00
0.00
0.00
0.00
0.00
0.00
0.00
0.00
0.00
0.00
0.00
0.00
0.00
0.00
0.00
0.00
0.00
0.00
0.00
0.00
0.00
0.00
0.00
0.00
0.00
0.00
0.00
0.00
0.00
1049.00
290.00
31.00
29.00
11.00
307.00
994.00
538.00
0.00
0.00
0.00
0.00
0.00
7.00
0.00
0.00
0.00
0.00
277.00
6.00
0.00
0.00
0.00
0.00
0.00
0.00
1.00
0.00
0.00
0.00
0.00
0.00
0.00
8.00
0.00
0.00
0.00
20.00
0.00
0.00
0.00
0.00
0.00
0.00
0.00
0.00
26.00
4.00
0.00
37.00
361.00
508.00
167.00
0.00
2.00
0.00
0.00
80.00
4.00
12.00
56.00
0.00
0.00
10.00
1.00
0.00
91.00
0.00
161.00
108.00
1.00
37.00
25.00
14.00
0.00
1.00
28.00
48.00
7.00
0.00
206.00
228.00
373.00
19.00
240.00
0.00
217.00
53.00
817.00
10.00
11.00
191.00
21.00
0.00
0.00
4.00
0.00
204.00
18.00
0.00
0.00
0.00
0.00
21.00
40.00
92.00
49.00
203.00
17.00
0.00
154.00
0.00
127.00
38.00
52.00
5.00
13.00
0.00
11.00
11.00
12.00
2.00
42.00
55.00
4.00
15.00
4.00
109.00
0.00
12.00
0.00
114.00
86.00
1.00
1.00
0.00
50.00
292.00
46.00
5.00
20.00
11.00
3.00
226.00
225.00
529.00
93.00
50.00
5.00
3.00
2.00
2.00
9.00
30.00
29.00
125.00
104.00
52.00
6.00
6.00
9.00
2.00
1.00
339.00
26.00
2.00
163.00
174.00
110.00
1.00
217.00
179.00
131.00
227.00
319.00
613.00
73.00
18.00
31.00
25.00
133.00
77.00
80.00
6.00
10.00
44.00
44.00
99.00
127.00
457.00
31.00
3.00
3.00
94.00
90.00
4.00
147.00
955.00
243.00
208.00
47.00
15.00
9.00
21.00
14.00
67.00
30.00
109.00
605.00
190.00
18.00
1.00
0.00
0.00
3.00
34.00
337.00
1261.00
26.00
81.00
0.00
0.00
0.00
2.00
587.00
368.00
0.00
22.00
1.00
36.00
42.00
114.00
0.00
171.00
0.00
0.00
0.00
0.00
0.00
0.00
0.00
0.00
0.00
0.00
22.00
3.00
447.00
107.00
25.00
0.00
0.00
4.00
0.00
0.00
0.00
0.00
0.00
0.00
0.00
0.00
0.00
0.00
0.00
2.00
0.00
0.00
0.00
0.00
0.00
0.00
16.00
0.00
0.00
0.00
0.00
0.00
0.00
0.00
0.00
0.00
0.00
0.00
0.00
0.00
0.00
0.00
0.00
0.00
1.00
0.00
0.00
0.00
0.00
0.00
0.00
0.00
0.00
0.00
0.00
0.00
0.00
24.00
0.00
0.00
0.00
0.00
0.00
0.00
0.00
0.00
0.00
0.00
11.00
68.00
185.00
0.00
0.00
0.00
0.00
0.00
0.00
0.00
0.00
0.00
0.00
0.00
0.00
0.00
0.00
0.00
0.00
0.00
1.00
0.00
0.00
0.00
0.00
0.00
0.00
0.00
0.00
0.00
0.00
0.00
0.00
0.00
0.00
0.00
0.00
0.00
0.00
0.00
0.00
2.00
2.00
0.00
0.00
0.00
0.00
0.00
0.00
0.00
0.00
0.00
0.00
1.00
10.00
0.00
0.00
0.00
4.00
0.00
0.00
6.00
5.00
0.00
0.00
0.00
0.00
0.00
0.00
0.00
0.00
11.30
0.20
34.20
1.80
0.00
0.00
0.00
5.00
0.00
0.00
0.00
0.00
0.00
0.00
0.00
0.00
0.00
0.20
1.10
0.10
1.90
3.80
0.00
0.00
0.00
1.70
0.00
0.00
0.00
6.40
0.00
0.00
53.70
0.00
46.10
1.40
24.30
0.00
8.00
37.10
22.90
0.10
2.10
29.00
0.00
6.70
0.00
7.20
0.00
20.10
1.80
0.00
0.00
0.10
0.00
5.80
0.00
0.00
0.00
0.00
9.50
2.40
0.00
3.40
12.70
12.70
0.30
64.70
36.00
0.00
0.00
0.00
0.00
30.70
32.40
6.40
0.00
8.10
0.80
33.20
0.00
30.10
41.50
0.30
0.30
0.00
19.90
19.90
21.70
3.20
0.00
29.30
5.10
1.30
8.00
34.10
21.80
26.20
4.50
0.40
0.10
0.10
0.10
0.00
0.00
0.00
11.20
1.70
4.50
6.70
18.20
26.00
16.70
0.00
19.90
4.30
4.80
0.10
0.00
1.30
29.50
71.60
18.20
2.60
0.00
3.30
1.40
0.00
4.30
3.30
8.00
6.10
3.60
42.40
177.80
177.80
61.10
61.10
21.00
1.90
1.90
3.00
0.90
1.90
1.90
1.90
2.50
17.30
49.10
7.70
8.60
35.40
14.50
2.20
10.80
8.30
12.00
4.20
2.40
3.10
20.10
5.30
8.70
5.10
4.90
1.40
2.80
2.40
59.70
24.20
12.60
7.00
41.50
1.00
0.80
0.00
0.70
2.30
23.80
12.40
5.70
2.10
0.40
3.50
4.90
1.90
4.30
14.20
4.50
5.10
7.80
7.80
0.40
0.80
5.00
0.10
37.10
22.30
2.30
3.70
55.00
13.80
7.40
50.20
33.30
0.00
0.20
0.20
0.10
3.80
15.00
42.90
29.90
0.10
3.00
18.60
12.30
52.50
52.50
0.00
0.20
3.80
15.50
4.20
50.20
43.10
17.30
0.00
0.00
0.00
0.00
0.00
0.00
1.10
0.00
0.00
0.00
0.00
4.40
1.10
0.30
0.20
15.80
125.60
