20160101
0.00
0.00
0.00
0.00
0.00
0.00
0.00
0.00
0.00
0.00
0.00
0.00
1.00
0.00
0.00
0.00
0.00
0.00
0.00
0.00
0.00
0.00
0.00
0.00
0.00
0.00
0.00
0.00
0.00
0.00
0.00
0.00
0.00
0.00
0.00
0.00
0.00
0.00
0.00
0.00
0.00
0.00
1.00
0.00
0.00
0.00
0.00
0.00
0.00
0.00
0.00
0.00
0.00
40.00
167.00
1.00
14.00
0.00
0.00
0.00
0.00
0.00
0.00
68.00
0.00
4.00
0.00
33.00
1.00
3.00
0.00
0.00
0.00
0.00
0.00
45.00
0.00
0.00
24.00
0.00
14.00
0.00
59.00
0.00
0.00
0.00
0.00
432.00
1.00
121.00
414.00
9.00
0.00
123.00
178.00
428.00
74.00
0.00
8.00
1.00
10.00
0.00
0.00
107.00
99.00
85.00
464.00
195.00
0.00
271.00
310.00
428.00
305.00
2.00
89.00
217.00
36.00
24.00
15.00
0.00
19.00
26.00
287.00
16.00
71.00
3.00
0.00
0.00
0.00
0.00
0.00
76.00
149.00
240.00
14.00
58.00
5.00
407.00
315.00
5.00
148.00
1043.00
0.00
25.00
0.00
16.00
0.00
97.00
9.00
59.00
49.00
10.00
0.00
0.00
0.00
167.00
34.00
149.00
50.00
13.00
267.00
48.00
18.00
23.00
0.00
0.00
46.00
16.00
146.00
181.00
9.00
15.00
113.00
36.00
5.00
25.00
100.00
6.00
69.00
0.00
104.00
38.00
210.00
200.00
52.00
34.00
1.00
26.00
6.00
85.00
90.00
72.00
41.00
8.00
9.00
77.00
110.00
122.00
11.00
0.00
7.00
6.00
1.00
51.00
66.00
61.00
295.00
1.00
35.00
10.00
40.00
27.00
138.00
64.00
3.00
2.00
3.00
79.00
110.00
41.00
9.00
22.00
21.00
172.00
29.00
11.00
65.00
4.00
73.00
14.00
12.00
1.00
343.00
5.00
0.00
53.00
0.00
254.00
0.00
8.00
33.00
39.00
115.00
448.00
4.00
0.00
1.00
13.00
59.00
35.00
80.00
17.00
47.00
16.00
19.00
20.00
66.00
0.00
0.00
242.00
221.00
40.00
170.00
123.00
704.00
166.00
203.00
56.00
48.00
1.00
132.00
186.00
0.00
65.00
0.00
0.00
0.00
12.00
16.00
227.00
84.00
197.00
40.00
166.00
16.00
171.00
24.00
0.00
0.00
0.00
0.00
0.00
0.00
0.00
0.00
0.00
0.00
0.00
0.00
6.00
159.00
74.00
197.00
9.00
1.00
0.00
2.00
20.00
143.00
351.00
90.00
0.00
0.00
0.00
0.00
0.00
0.00
0.00
0.00
0.00
0.00
0.00
0.00
0.00
0.00
0.00
0.00
0.00
0.00
0.00
0.00
0.00
0.00
0.00
0.00
0.00
0.00
0.00
0.00
0.00
0.00
0.00
1.00
0.00
0.00
0.00
0.00
0.00
0.00
0.00
0.00
0.00
0.00
0.00
0.00
0.00
0.00
0.00
0.00
0.00
0.00
0.00
0.00
0.00
0.00
0.00
0.00
0.00
0.00
0.00
0.00
0.00
0.00
0.00
0.00
0.00
0.00
0.00
0.00
0.00
0.00
0.00
0.00
0.00
0.00
0.00
0.00
0.00
0.00
0.00
0.00
0.00
38.00
0.00
0.00
0.00
0.00
0.00
0.00
0.00
0.00
0.00
0.00
0.00
0.00
0.00
0.00
0.00
0.00
0.00
0.00
0.00
0.00
0.00
0.00
0.00
0.00
0.00
0.00
0.00
0.00
0.00
0.00
0.00
0.00
0.00
0.00
0.00
0.00
40.00
6.00
0.00
122.00
0.00
45.00
113.00
1.00
0.00
0.00
0.00
0.00
0.00
91.00
1.00
111.00
0.00
0.00
0.00
0.00
30.00
0.00
3.00
2.00
131.00
523.00
738.00
175.00
94.00
248.00
378.00
37.00
0.00
0.00
0.00
0.00
1.00
0.00
0.00
0.00
0.00
105.00
4.00
112.00
1.00
346.00
203.00
110.00
186.00
102.00
77.00
152.00
0.00
8.00
109.00
2.00
103.00
246.00
0.00
0.00
25.00
63.00
29.00
0.00
0.00
138.00
0.00
0.00
0.00
54.00
55.00
249.00
8.00
11.00
0.00
40.00
0.00
55.00
33.00
0.00
9.00
0.00
25.00
87.00
133.00
207.00
363.00
13.00
136.00
191.00
100.00
9.00
0.00
1.00
28.00
151.00
382.00
170.00
307.00
123.00
61.00
6.00
42.00
36.00
21.00
9.00
43.00
95.00
75.00
11.00
44.00
0.00
122.00
192.00
4.00
107.00
109.00
337.00
83.00
25.00
24.00
53.00
20.00
26.00
111.00
104.00
62.00
49.00
211.00
82.00
108.00
103.00
1.00
3.00
101.00
70.00
180.00
135.00
9.00
26.00
154.00
32.00
16.00
43.00
17.00
40.00
39.00
15.00
11.00
20.00
37.00
166.00
19.00
61.00
51.00
7.00
0.00
1.00
15.00
141.00
73.00
13.00
17.00
93.00
22.00
5.00
8.00
81.00
30.00
79.00
31.00
9.00
19.00
57.00
326.00
17.00
57.00
21.00
8.00
42.00
11.00
8.00
46.00
13.00
10.00
1.00
9.00
4.00
16.00
23.00
25.00
22.00
19.00
25.00
0.00
23.00
319.00
111.00
84.00
168.00
0.00
5.00
4.00
0.00
0.00
91.00
134.00
35.00
9.00
112.00
31.00
211.00
6.00
3.00
5.00
82.00
63.00
38.00
43.00
62.00
96.00
118.00
87.00
0.00
0.00
0.00
0.00
115.00
175.00
241.00
572.00
0.00
0.00
0.00
0.00
0.00
0.00
9.00
836.00
682.00
0.00
0.00
0.00
0.00
0.00
0.00
0.00
0.00
0.00
0.00
0.00
0.00
148.00
1.00
1.00
60.00
45.00
13.00
0.00
0.00
0.00
0.00
0.00
0.00
0.00
0.00
0.00
0.00
0.00
0.00
0.00
0.00
0.00
0.00
0.00
0.00
0.00
3.00
108.00
159.00
96.00
1.00
0.00
0.00
0.00
0.00
0.00
0.00
0.00
10.00
0.00
0.00
0.00
0.00
0.00
0.00
0.00
0.00
0.00
0.00
0.00
132.00
143.00
86.00
0.00
0.00
0.00
0.00
0.00
0.00
0.00
0.00
0.00
0.00
0.00
0.00
0.00
0.00
0.00
0.00
0.00
0.00
0.00
0.00
0.00
0.00
0.00
0.00
0.00
0.00
0.00
0.00
0.00
0.00
0.00
0.00
0.00
0.00
0.00
5.00
5.00
86.00
0.00
28.00
0.00
0.00
0.00
0.00
0.00
0.00
0.00
0.00
0.00
0.00
0.00
0.00
5.00
0.00
221.00
0.00
0.00
0.00
0.00
0.00
0.00
0.00
0.00
0.00
0.00
0.00
0.00
0.00
0.00
159.00
0.00
9.00
20.00
135.00
0.00
0.00
0.00
0.00
0.00
0.00
0.00
0.00
95.00
34.00
0.00
68.00
107.00
0.00
0.00
38.00
34.00
73.00
10.00
1.00
0.00
303.00
0.00
8.00
8.00
1.00
0.00
60.00
0.00
0.00
49.00
13.00
9.00
23.00
146.00
39.00
0.00
0.00
22.00
0.00
27.00
4.00
37.00
101.00
31.00
84.00
0.00
138.00
163.00
390.00
324.00
375.00
476.00
352.00
187.00
0.00
135.00
9.00
83.00
1.00
2.00
0.00
12.00
0.00
1.00
3.00
5.00
159.00
0.00
6.00
0.00
0.00
64.00
3.00
47.00
0.00
300.00
304.00
90.00
151.00
19.00
20.00
13.00
51.00
304.00
488.00
426.00
16.00
79.00
73.00
0.00
0.00
0.00
13.00
7.00
115.00
50.00
33.00
0.00
0.00
40.00
58.00
18.00
11.00
19.00
0.00
4.00
2.00
0.00
7.00
14.00
115.00
56.00
16.00
101.00
57.00
46.00
35.00
6.00
30.00
9.00
8.00
0.00
16.00
2.00
70.00
74.00
61.00
94.00
153.00
49.00
12.00
29.00
162.00
263.00
52.00
129.00
1.00
1.00
23.00
32.00
90.00
38.00
5.00
5.00
12.00
46.00
214.00
11.00
9.00
1.00
5.00
57.00
14.00
8.00
339.00
204.00
1.00
132.00
16.00
27.00
51.00
23.00
75.00
36.00
17.00
55.00
52.00
6.00
6.00
1.00
0.00
5.00
0.00
4.00
74.00
19.00
1.00
4.00
0.00
4.00
52.00
0.00
1.00
17.00
12.00
14.00
32.00
0.00
4.00
2.00
2.00
0.00
9.00
0.00
0.00
0.00
23.00
4.00
0.00
5.00
0.00
0.00
0.00
2.00
55.00
128.00
346.00
205.00
7.00
5.00
0.00
0.00
0.00
0.00
0.00
0.00
0.00
0.00
0.00
0.00
0.00
0.00
299.00
163.00
194.00
139.00
39.00
0.00
0.00
0.00
0.00
3.00
0.00
0.00
0.00
0.00
0.00
0.00
1.00
0.00
0.00
0.00
0.00
0.00
0.00
0.00
0.00
0.00
0.00
0.00
0.00
0.00
0.00
0.00
0.00
0.00
0.00
0.00
0.00
0.00
0.00
1.00
16.00
0.00
0.00
0.00
0.00
0.00
0.00
0.00
7.00
5.00
6.00
13.00
0.00
0.00
0.00
0.00
0.00
0.00
0.00
0.00
0.00
0.00
0.00
0.00
0.00
0.00
0.00
0.00
0.00
0.00
0.00
0.00
0.00
0.00
0.00
0.00
0.00
0.00
0.00
0.00
0.00
0.00
0.00
0.00
0.00
0.00
0.00
0.00
0.00
0.00
0.00
0.00
0.00
0.00
3.00
0.00
0.00
0.00
0.00
0.00
0.00
0.00
0.00
0.00
0.00
0.00
0.00
0.00
0.00
0.00
0.00
0.00
1.00
3.00
0.00
0.00
0.00
0.00
0.00
0.00
0.00
98.10
61.80
97.00
62.00
0.00
0.00
0.10
1.20
36.80
0.00
0.00
0.00
0.00
0.00
0.00
0.00
0.00
0.00
0.20
0.10
26.60
4.20
0.10
0.00
0.00
12.20
0.00
0.00
0.00
0.00
8.10
0.00
0.00
0.00
40.10
7.10
107.20
2.80
20.50
0.00
2.40
1.70
41.60
30.80
0.10
0.00
0.50
1.20
0.00
7.80
0.00
4.40
0.00
0.00
0.10
0.00
2.10
0.00
0.00
0.00
0.00
0.00
15.60
2.30
0.10
0.10
0.00
12.60
15.80
0.00
0.00
0.00
0.00
0.00
0.00
0.40
0.00
0.90
5.70
1.50
0.20
2.90
4.10
1.00
1.00
0.00
1.70
1.70
46.70
5.10
0.10
0.00
0.30
0.00
0.00
17.80
9.80
0.40
3.10
12.00
2.20
13.30
14.10
3.10
18.80
0.40
0.00
5.10
0.50
21.50
6.90
0.00
0.10
16.10
12.20
20.00
39.60
7.00
0.00
0.40
9.50
6.50
1.80
0.10
1.30
2.10
11.80
0.20
0.60
3.10
7.40
6.90
2.50
3.30
2.30
2.30
5.80
5.80
4.20
1.40
1.40
0.00
0.00
1.40
1.40
1.40
2.60
5.50
2.40
7.80
19.30
29.60
4.80
0.60
0.50
12.20
1.80
32.90
10.40
43.40
2.90
13.60
8.60
11.40
14.90
1.20
1.80
0.80
3.20
13.00
0.20
8.60
1.50
3.60
0.20
0.80
7.40
6.70
12.40
9.00
10.00
0.40
0.90
0.00
18.40
0.00
1.60
0.50
2.90
2.20
0.40
0.80
54.40
1.50
8.20
1.20
2.40
11.70
28.90
19.80
3.20
0.60
22.90
12.00
3.80
0.70
11.20
9.10
11.60
26.20
29.20
38.60
16.20
3.60
7.30
11.00
18.10
15.40
15.40
2.90
0.00
0.20
0.10
5.10
34.20
12.50
10.00
5.20
0.00
0.00
0.00
0.00
7.30
0.90
0.10
0.00
0.20
0.10
1.00
9.20
3.90
0.30
1.00
1.30
