20160101
0.00
0.00
0.00
0.00
0.00
0.00
0.00
0.00
0.00
0.00
0.00
0.00
4.00
0.00
0.00
0.00
0.00
1.00
74.00
103.00
0.00
0.00
0.00
0.00
0.00
0.00
1.00
0.00
0.00
0.00
0.00
0.00
0.00
0.00
0.00
0.00
0.00
0.00
20.00
0.00
0.00
0.00
0.00
0.00
0.00
0.00
7.00
2.00
0.00
0.00
14.00
0.00
0.00
0.00
0.00
0.00
22.00
1.00
0.00
0.00
0.00
0.00
0.00
0.00
0.00
196.00
0.00
0.00
0.00
0.00
0.00
0.00
15.00
24.00
0.00
0.00
0.00
0.00
0.00
0.00
0.00
0.00
0.00
0.00
0.00
0.00
0.00
1.00
24.00
106.00
141.00
15.00
0.00
15.00
1.00
3.00
0.00
2.00
0.00
0.00
0.00
0.00
0.00
0.00
0.00
0.00
100.00
0.00
0.00
0.00
0.00
0.00
0.00
0.00
0.00
0.00
0.00
0.00
0.00
0.00
0.00
1.00
5.00
106.00
0.00
0.00
0.00
211.00
31.00
59.00
165.00
5.00
317.00
27.00
82.00
113.00
47.00
3.00
521.00
196.00
97.00
3.00
0.00
3.00
43.00
48.00
0.00
55.00
5.00
4.00
1.00
397.00
0.00
0.00
0.00
0.00
0.00
33.00
110.00
0.00
0.00
0.00
40.00
88.00
5.00
280.00
61.00
279.00
13.00
6.00
96.00
34.00
41.00
78.00
36.00
33.00
9.00
115.00
29.00
1.00
4.00
5.00
21.00
234.00
132.00
60.00
285.00
26.00
22.00
178.00
42.00
3.00
6.00
1.00
126.00
75.00
32.00
231.00
657.00
101.00
143.00
131.00
78.00
49.00
248.00
58.00
260.00
24.00
8.00
63.00
70.00
66.00
25.00
282.00
118.00
70.00
172.00
128.00
5.00
37.00
12.00
2.00
144.00
24.00
0.00
87.00
236.00
104.00
249.00
79.00
15.00
0.00
40.00
39.00
0.00
1.00
0.00
535.00
19.00
0.00
59.00
3.00
100.00
12.00
16.00
504.00
56.00
21.00
6.00
3.00
5.00
19.00
0.00
40.00
8.00
236.00
366.00
0.00
4.00
5.00
236.00
40.00
212.00
268.00
48.00
2.00
13.00
22.00
330.00
144.00
0.00
27.00
142.00
0.00
21.00
1.00
0.00
1.00
1.00
1.00
0.00
2.00
129.00
282.00
53.00
32.00
0.00
0.00
0.00
0.00
0.00
0.00
0.00
0.00
0.00
0.00
0.00
0.00
0.00
0.00
101.00
0.00
0.00
22.00
0.00
6.00
0.00
12.00
150.00
251.00
0.00
0.00
0.00
0.00
0.00
0.00
0.00
0.00
0.00
0.00
0.00
0.00
0.00
0.00
0.00
0.00
0.00
0.00
0.00
0.00
0.00
0.00
0.00
0.00
0.00
85.00
0.00
0.00
0.00
0.00
0.00
0.00
0.00
0.00
0.00
0.00
0.00
0.00
0.00
0.00
0.00
0.00
0.00
0.00
0.00
0.00
0.00
0.00
0.00
0.00
0.00
0.00
0.00
0.00
0.00
0.00
7.00
0.00
0.00
0.00
0.00
0.00
0.00
0.00
0.00
111.00
0.00
0.00
0.00
0.00
0.00
0.00
0.00
0.00
0.00
0.00
0.00
0.00
0.00
0.00
0.00
3.00
36.00
0.00
0.00
0.00
0.00
0.00
0.00
0.00
0.00
0.00
0.00
0.00
0.00
0.00
0.00
0.00
0.00
0.00
0.00
0.00
0.00
0.00
0.00
0.00
0.00
0.00
315.00
0.00
0.00
0.00
0.00
0.00
0.00
0.00
0.00
0.00
182.00
12.00
0.00
0.00
29.00
1.00
160.00
0.00
0.00
0.00
0.00
0.00
0.00
76.00
0.00
88.00
264.00
0.00
0.00
0.00
0.00
142.00
0.00
0.00
309.00
120.00
0.00
0.00
48.00
72.00
16.00
0.00
12.00
1.00
32.00
44.00
0.00
0.00
0.00
0.00
0.00
0.00
297.00
176.00
0.00
4.00
773.00
52.00
197.00
628.00
0.00
81.00
267.00
0.00
0.00
0.00
17.00
460.00
137.00
0.00
1.00
24.00
109.00
92.00
1.00
3.00
128.00
0.00
66.00
0.00
123.00
435.00
594.00
26.00
92.00
0.00
0.00
2.00
0.00
13.00
0.00
1.00
2.00
173.00
0.00
0.00
164.00
37.00
12.00
76.00
585.00
50.00
0.00
62.00
0.00
7.00
99.00
1.00
246.00
21.00
464.00
46.00
43.00
17.00
448.00
94.00
1271.00
382.00
0.00
7.00
56.00
42.00
5.00
3.00
0.00
9.00
17.00
33.00
103.00
16.00
85.00
487.00
307.00
106.00
2.00
47.00
51.00
59.00
40.00
134.00
233.00
31.00
15.00
16.00
42.00
21.00
164.00
52.00
47.00
101.00
80.00
46.00
612.00
58.00
38.00
44.00
73.00
242.00
41.00
17.00
264.00
114.00
109.00
118.00
92.00
23.00
66.00
30.00
24.00
346.00
886.00
358.00
124.00
85.00
40.00
16.00
132.00
34.00
27.00
35.00
184.00
255.00
141.00
17.00
6.00
854.00
100.00
35.00
88.00
47.00
50.00
865.00
284.00
25.00
8.00
50.00
115.00
10.00
70.00
93.00
146.00
45.00
14.00
39.00
26.00
2.00
14.00
293.00
72.00
40.00
90.00
135.00
1.00
11.00
5.00
1.00
1.00
97.00
94.00
169.00
202.00
74.00
61.00
1.00
0.00
0.00
329.00
9.00
1.00
14.00
1.00
0.00
18.00
0.00
80.00
0.00
0.00
0.00
0.00
0.00
898.00
257.00
0.00
0.00
0.00
0.00
0.00
0.00
0.00
0.00
0.00
0.00
0.00
0.00
0.00
0.00
0.00
0.00
0.00
0.00
0.00
0.00
0.00
0.00
0.00
7.00
264.00
132.00
4.00
0.00
0.00
0.00
0.00
0.00
0.00
0.00
0.00
0.00
0.00
0.00
0.00
0.00
0.00
0.00
0.00
0.00
0.00
0.00
2.00
0.00
311.00
2.00
0.00
0.00
0.00
0.00
0.00
0.00
0.00
14.00
3.00
0.00
0.00
0.00
0.00
0.00
0.00
0.00
0.00
0.00
0.00
0.00
0.00
0.00
0.00
0.00
0.00
0.00
0.00
0.00
0.00
0.00
0.00
0.00
0.00
0.00
0.00
0.00
0.00
0.00
0.00
0.00
0.00
0.00
0.00
0.00
0.00
0.00
0.00
0.00
0.00
0.00
0.00
0.00
0.00
0.00
0.00
0.00
0.00
0.00
1173.00
330.00
74.00
40.00
16.00
194.00
1065.00
543.00
0.00
0.00
0.00
0.00
0.00
0.00
0.00
0.00
0.00
0.00
338.00
313.00
0.00
0.00
0.00
0.00
0.00
0.00
72.00
0.00
0.00
0.00
0.00
0.00
0.00
0.00
0.00
0.00
1.00
31.00
0.00
0.00
0.00
0.00
0.00
0.00
0.00
0.00
272.00
31.00
0.00
7.00
14.00
460.00
219.00
0.00
5.00
0.00
0.00
132.00
17.00
37.00
0.00
7.00
0.00
12.00
18.00
0.00
41.00
0.00
0.00
17.00
16.00
0.00
42.00
91.00
1.00
0.00
1.00
165.00
53.00
0.00
235.00
263.00
307.00
0.00
197.00
0.00
74.00
535.00
502.00
4.00
15.00
197.00
30.00
0.00
0.00
5.00
0.00
52.00
108.00
0.00
0.00
0.00
21.00
2.00
238.00
53.00
81.00
20.00
0.00
0.00
91.00
0.00
196.00
64.00
50.00
43.00
30.00
0.00
1.00
41.00
181.00
69.00
78.00
1.00
3.00
17.00
0.00
224.00
6.00
0.00
39.00
63.00
132.00
0.00
0.00
1.00
13.00
211.00
20.00
20.00
12.00
7.00
1.00
72.00
114.00
347.00
172.00
28.00
0.00
4.00
4.00
3.00
3.00
129.00
0.00
67.00
51.00
62.00
22.00
12.00
9.00
0.00
3.00
410.00
8.00
48.00
108.00
469.00
19.00
7.00
73.00
81.00
145.00
85.00
283.00
191.00
30.00
61.00
7.00
31.00
362.00
39.00
33.00
29.00
22.00
12.00
36.00
60.00
41.00
399.00
30.00
6.00
1.00
75.00
44.00
4.00
36.00
555.00
187.00
173.00
34.00
6.00
3.00
6.00
4.00
98.00
3.00
206.00
88.00
66.00
25.00
2.00
0.00
2.00
9.00
5.00
147.00
982.00
112.00
18.00
3.00
8.00
0.00
3.00
529.00
363.00
49.00
1.00
1.00
2.00
11.00
51.00
0.00
0.00
0.00
0.00
0.00
0.00
0.00
0.00
0.00
0.00
0.00
0.00
0.00
0.00
525.00
95.00
7.00
0.00
0.00
0.00
0.00
0.00
0.00
0.00
0.00
0.00
0.00
0.00
0.00
0.00
0.00
9.00
1.00
0.00
0.00
0.00
0.00
0.00
0.00
0.00
0.00
0.00
0.00
0.00
0.00
0.00
0.00
0.00
0.00
0.00
0.00
0.00
0.00
0.00
0.00
0.00
0.00
0.00
0.00
0.00
0.00
0.00
0.00
0.00
0.00
0.00
0.00
0.00
0.00
5.00
0.00
0.00
0.00
0.00
0.00
0.00
0.00
0.00
0.00
0.00
2.00
65.00
157.00
0.00
0.00
0.00
0.00
0.00
0.00
0.00
0.00
0.00
0.00
0.00
0.00
0.00
0.00
0.00
0.00
0.00
0.00
0.00
0.00
0.00
0.00
0.00
0.00
0.00
0.00
0.00
0.00
0.00
0.00
0.00
0.00
0.00
0.00
0.00
0.00
0.00
0.00
10.00
10.00
0.00
0.00
0.00
0.00
0.00
0.00
0.00
0.00
0.00
0.00
0.00
4.00
0.00
0.00
0.00
0.00
0.00
0.00
3.00
2.00
0.00
0.00
0.00
0.00
0.00
0.00
0.00
0.10
18.40
0.00
22.10
0.20
0.00
0.00
0.00
7.30
0.00
0.00
0.00
0.00
0.00
0.00
0.00
0.00
0.00
1.30
3.90
0.00
5.20
2.70
0.00
0.00
0.00
0.30
0.00
0.00
0.00
7.90
0.20
0.00
29.10
0.60
61.10
0.20
26.60
0.00
50.30
0.00
21.90
0.00
8.50
17.10
0.00
4.30
0.00
24.20
0.00
1.10
2.40
0.00
0.00
0.00
0.00
5.30
0.00
0.00
0.00
0.00
1.40
0.40
0.00
2.10
1.00
1.00
1.00
78.80
28.50
0.00
0.00
0.00
0.00
0.00
0.00
0.00
0.00
16.40
1.40
20.30
0.10
33.80
31.90
3.20
3.20
0.00
50.50
50.50
99.40
1.90
0.00
10.20
18.20
0.00
8.80
5.90
16.90
61.20
0.30
0.10
0.00
0.00
0.00
0.00
0.00
0.00
0.00
2.00
0.90
8.80
22.10
0.00
60.50
0.10
4.00
0.40
56.90
1.70
0.00
0.00
14.80
40.60
12.70
2.80
0.00
44.60
2.80
0.00
0.50
0.90
11.70
128.60
18.20
41.60
180.70
180.70
48.50
48.50
64.10
2.10
2.10
2.10
1.50
2.10
2.10
2.10
3.70
12.60
40.80
27.60
5.30
35.50
6.40
3.00
5.80
7.30
3.30
4.10
6.20
3.70
6.30
8.30
4.20
4.70
13.70
7.80
3.80
0.50
36.90
10.70
8.80
4.90
24.20
3.00
0.80
1.40
1.00
1.60
38.30
9.80
2.70
1.10
1.10
1.00
3.30
4.60
3.40
15.10
16.30
12.30
7.20
3.90
0.90
1.10
6.40
1.20
13.50
18.30
2.00
5.70
34.80
2.40
5.40
27.90
8.40
0.10
1.50
0.60
2.10
2.00
11.20
27.50
63.10
3.30
1.90
18.90
13.70
52.00
52.00
0.00
1.80
0.50
8.20
3.00
14.30
56.40
16.80
0.00
0.00
0.00
0.00
0.00
0.10
0.00
0.00
0.00
0.00
0.10
1.70
0.10
0.00
0.50
8.00
72.20
