20160101
0.00
0.00
0.00
0.00
0.00
0.00
0.00
0.00
3.00
0.00
0.00
0.00
6.00
0.00
0.00
0.00
0.00
0.00
15.00
38.00
0.00
0.00
0.00
0.00
0.00
0.00
0.00
0.00
0.00
0.00
0.00
0.00
0.00
0.00
0.00
0.00
0.00
0.00
4.00
0.00
0.00
0.00
0.00
0.00
0.00
0.00
0.00
0.00
0.00
0.00
2.00
1.00
0.00
0.00
7.00
0.00
10.00
0.00
0.00
0.00
0.00
0.00
0.00
0.00
0.00
188.00
0.00
0.00
0.00
0.00
0.00
0.00
1.00
4.00
0.00
0.00
0.00
0.00
0.00
0.00
2.00
0.00
0.00
0.00
0.00
0.00
0.00
242.00
204.00
178.00
668.00
11.00
1.00
20.00
66.00
19.00
0.00
0.00
0.00
0.00
0.00
0.00
0.00
0.00
14.00
331.00
149.00
29.00
0.00
0.00
0.00
0.00
0.00
0.00
0.00
0.00
0.00
147.00
0.00
0.00
0.00
39.00
0.00
523.00
1.00
58.00
32.00
94.00
8.00
13.00
33.00
9.00
755.00
216.00
76.00
645.00
14.00
3.00
143.00
33.00
26.00
461.00
0.00
0.00
45.00
116.00
4.00
198.00
44.00
9.00
48.00
50.00
0.00
0.00
0.00
0.00
0.00
64.00
1006.00
0.00
6.00
0.00
172.00
22.00
2.00
363.00
59.00
138.00
44.00
16.00
77.00
148.00
204.00
151.00
223.00
118.00
36.00
145.00
120.00
14.00
55.00
96.00
105.00
61.00
118.00
146.00
53.00
11.00
289.00
581.00
113.00
23.00
48.00
13.00
3.00
18.00
60.00
278.00
62.00
172.00
169.00
83.00
53.00
326.00
67.00
245.00
191.00
53.00
246.00
31.00
201.00
78.00
210.00
289.00
121.00
253.00
164.00
57.00
7.00
54.00
96.00
2.00
192.00
13.00
25.00
293.00
409.00
370.00
119.00
58.00
63.00
2.00
191.00
60.00
11.00
25.00
13.00
612.00
29.00
29.00
115.00
118.00
110.00
185.00
110.00
215.00
67.00
33.00
12.00
32.00
40.00
35.00
16.00
136.00
82.00
515.00
793.00
163.00
20.00
32.00
55.00
160.00
214.00
1067.00
81.00
0.00
58.00
22.00
265.00
99.00
14.00
17.00
0.00
48.00
17.00
28.00
2.00
26.00
206.00
36.00
134.00
40.00
79.00
16.00
78.00
1.00
0.00
0.00
0.00
0.00
0.00
0.00
0.00
0.00
0.00
0.00
0.00
22.00
0.00
0.00
126.00
2.00
10.00
0.00
0.00
0.00
0.00
3.00
111.00
199.00
0.00
0.00
0.00
0.00
0.00
0.00
0.00
0.00
0.00
0.00
0.00
6.00
0.00
0.00
0.00
0.00
0.00
0.00
0.00
0.00
0.00
0.00
0.00
0.00
0.00
1.00
0.00
0.00
0.00
0.00
0.00
0.00
0.00
0.00
0.00
0.00
0.00
0.00
0.00
0.00
0.00
0.00
0.00
0.00
0.00
0.00
0.00
0.00
0.00
0.00
0.00
0.00
0.00
0.00
0.00
0.00
0.00
0.00
0.00
0.00
0.00
0.00
0.00
0.00
0.00
1.00
0.00
0.00
0.00
0.00
0.00
0.00
0.00
0.00
0.00
0.00
0.00
0.00
0.00
0.00
0.00
0.00
10.00
0.00
0.00
0.00
0.00
0.00
0.00
0.00
0.00
0.00
0.00
0.00
0.00
0.00
0.00
0.00
0.00
0.00
0.00
0.00
0.00
0.00
0.00
0.00
0.00
0.00
37.00
0.00
0.00
0.00
0.00
0.00
0.00
0.00
0.00
0.00
29.00
22.00
0.00
0.00
39.00
0.00
259.00
56.00
0.00
0.00
0.00
0.00
0.00
0.00
5.00
31.00
165.00
0.00
0.00
0.00
41.00
104.00
0.00
7.00
216.00
386.00
249.00
11.00
150.00
10.00
86.00
0.00
71.00
0.00
9.00
0.00
0.00
0.00
0.00
0.00
0.00
0.00
56.00
33.00
0.00
14.00
722.00
92.00
8.00
762.00
2.00
365.00
245.00
0.00
1.00
0.00
6.00
84.00
732.00
0.00
2.00
73.00
98.00
311.00
0.00
0.00
15.00
4.00
25.00
0.00
77.00
425.00
682.00
0.00
67.00
0.00
27.00
36.00
0.00
163.00
0.00
2.00
1.00
46.00
0.00
4.00
123.00
175.00
575.00
643.00
410.00
317.00
103.00
32.00
0.00
0.00
2.00
3.00
328.00
223.00
790.00
27.00
231.00
7.00
303.00
329.00
1146.00
1275.00
9.00
1.00
227.00
16.00
149.00
14.00
24.00
30.00
147.00
39.00
288.00
126.00
247.00
281.00
253.00
110.00
73.00
36.00
51.00
135.00
52.00
83.00
168.00
49.00
38.00
97.00
100.00
87.00
161.00
123.00
80.00
319.00
219.00
25.00
328.00
128.00
119.00
60.00
77.00
221.00
99.00
36.00
231.00
102.00
309.00
746.00
193.00
30.00
9.00
21.00
46.00
550.00
765.00
510.00
335.00
102.00
137.00
109.00
249.00
76.00
113.00
62.00
259.00
348.00
276.00
271.00
424.00
634.00
540.00
55.00
73.00
164.00
325.00
71.00
59.00
125.00
69.00
140.00
187.00
95.00
215.00
302.00
433.00
41.00
62.00
275.00
134.00
10.00
16.00
162.00
143.00
243.00
142.00
80.00
7.00
18.00
22.00
51.00
11.00
370.00
550.00
209.00
224.00
650.00
33.00
0.00
10.00
2.00
890.00
19.00
10.00
11.00
0.00
4.00
5.00
0.00
137.00
0.00
0.00
0.00
12.00
83.00
1089.00
825.00
0.00
0.00
0.00
0.00
0.00
0.00
0.00
3.00
14.00
2.00
1.00
0.00
0.00
1.00
0.00
1.00
0.00
0.00
0.00
0.00
0.00
35.00
0.00
17.00
443.00
46.00
16.00
1.00
0.00
0.00
0.00
1.00
0.00
0.00
0.00
0.00
0.00
0.00
0.00
0.00
0.00
0.00
0.00
0.00
0.00
0.00
0.00
29.00
211.00
5.00
0.00
0.00
0.00
0.00
0.00
0.00
0.00
0.00
24.00
2.00
0.00
0.00
0.00
0.00
0.00
0.00
0.00
0.00
0.00
0.00
0.00
254.00
1.00
0.00
0.00
0.00
0.00
0.00
0.00
0.00
0.00
0.00
0.00
0.00
0.00
0.00
0.00
0.00
0.00
0.00
0.00
0.00
0.00
0.00
0.00
0.00
0.00
0.00
0.00
0.00
0.00
0.00
0.00
0.00
0.00
0.00
8.00
0.00
931.00
422.00
255.00
28.00
25.00
0.00
300.00
226.00
0.00
0.00
0.00
0.00
0.00
0.00
0.00
0.00
0.00
0.00
635.00
294.00
0.00
0.00
0.00
0.00
0.00
0.00
17.00
0.00
0.00
0.00
0.00
0.00
0.00
0.00
9.00
0.00
0.00
80.00
0.00
0.00
0.00
0.00
0.00
0.00
4.00
6.00
167.00
7.00
0.00
259.00
338.00
383.00
637.00
0.00
6.00
0.00
0.00
56.00
96.00
111.00
36.00
0.00
0.00
171.00
1.00
0.00
291.00
0.00
207.00
47.00
91.00
3.00
50.00
218.00
28.00
0.00
2.00
219.00
101.00
0.00
114.00
154.00
100.00
0.00
83.00
0.00
72.00
707.00
1035.00
19.00
163.00
206.00
69.00
182.00
0.00
6.00
0.00
325.00
15.00
1.00
2.00
7.00
15.00
59.00
171.00
42.00
361.00
57.00
2.00
0.00
267.00
0.00
251.00
125.00
120.00
0.00
48.00
54.00
7.00
105.00
61.00
26.00
244.00
7.00
33.00
340.00
2.00
776.00
89.00
2.00
178.00
114.00
219.00
1.00
27.00
6.00
8.00
122.00
56.00
78.00
24.00
14.00
8.00
15.00
99.00
138.00
8.00
229.00
8.00
38.00
39.00
13.00
36.00
26.00
72.00
91.00
157.00
330.00
113.00
12.00
57.00
10.00
23.00
271.00
106.00
59.00
365.00
187.00
126.00
19.00
118.00
20.00
75.00
147.00
125.00
91.00
69.00
6.00
104.00
228.00
572.00
73.00
20.00
129.00
263.00
241.00
377.00
176.00
31.00
287.00
373.00
26.00
122.00
594.00
138.00
94.00
49.00
181.00
319.00
208.00
195.00
72.00
12.00
60.00
16.00
77.00
39.00
17.00
85.00
126.00
94.00
9.00
3.00
20.00
44.00
56.00
187.00
108.00
91.00
125.00
2.00
2.00
0.00
13.00
109.00
130.00
15.00
2.00
33.00
309.00
141.00
51.00
84.00
0.00
1.00
0.00
0.00
0.00
20.00
3.00
0.00
0.00
0.00
0.00
0.00
12.00
63.00
272.00
2.00
0.00
0.00
0.00
0.00
0.00
0.00
0.00
0.00
2.00
0.00
0.00
0.00
0.00
98.00
94.00
51.00
18.00
0.00
0.00
0.00
0.00
0.00
8.00
0.00
0.00
0.00
0.00
0.00
0.00
0.00
0.00
10.00
0.00
0.00
0.00
0.00
0.00
0.00
0.00
0.00
0.00
0.00
0.00
0.00
0.00
0.00
0.00
0.00
0.00
0.00
2.00
0.00
32.00
0.00
0.00
0.00
0.00
0.00
0.00
0.00
0.00
0.00
0.00
9.00
59.00
22.00
0.00
0.00
0.00
0.00
0.00
0.00
0.00
0.00
0.00
0.00
0.00
0.00
0.00
0.00
0.00
0.00
0.00
0.00
0.00
0.00
0.00
0.00
0.00
0.00
0.00
0.00
0.00
0.00
0.00
0.00
0.00
0.00
0.00
0.00
0.00
0.00
0.00
0.00
2.00
2.00
0.00
0.00
0.00
0.00
0.00
0.00
0.00
0.00
0.00
0.00
0.00
1.00
0.00
0.00
0.00
0.00
0.00
0.00
0.00
1.00
1.00
0.00
0.00
0.00
0.00
0.00
0.00
0.00
12.60
6.70
38.70
9.80
0.00
0.00
0.00
1.50
0.50
0.00
0.00
0.00
0.00
0.00
0.00
0.00
0.00
0.00
1.30
0.00
18.10
0.70
1.50
0.00
0.00
4.50
0.00
0.00
0.00
14.90
13.30
0.00
0.40
3.50
145.30
5.90
54.30
0.00
20.90
0.60
32.00
0.00
6.40
49.70
0.10
1.90
2.10
14.20
0.00
0.00
1.50
0.00
0.00
0.00
0.00
10.20
0.30
0.00
0.00
0.00
0.00
6.40
0.00
11.80
0.50
0.50
0.00
69.60
27.00
0.00
0.00
0.00
0.00
0.30
0.00
1.30
0.10
42.50
0.40
6.80
0.50
15.70
57.50
3.00
3.00
0.60
21.20
21.20
24.50
4.70
0.00
9.00
0.00
0.00
21.40
27.30
12.70
56.90
18.10
5.40
37.60
0.50
1.00
0.10
1.10
0.00
0.00
0.10
5.20
20.80
95.70
0.00
171.80
1.90
17.80
10.50
21.30
0.00
0.00
0.00
19.70
104.50
12.50
25.90
0.20
5.80
10.60
0.20
0.10
3.60
4.10
19.00
13.20
43.60
41.90
41.90
64.00
64.00
44.00
0.20
0.20
2.40
0.30
0.20
0.20
0.20
12.80
6.40
5.20
26.10
28.80
4.80
6.50
1.00
2.20
15.00
9.50
10.80
17.30
6.60
4.00
17.00
3.20
6.80
5.40
2.30
2.90
4.10
37.20
14.30
4.00
19.20
88.10
0.60
0.30
0.00
2.60
7.40
35.10
32.10
4.10
0.40
1.00
3.10
5.70
3.70
0.70
11.70
59.00
83.50
39.30
18.30
8.80
6.50
0.50
1.70
9.30
5.70
2.00
3.70
10.20
2.00
13.60
9.60
4.30
0.00
0.00
0.00
8.50
20.70
9.50
47.10
37.50
2.00
18.90
8.70
3.90
20.60
20.60
13.60
0.00
0.70
9.30
7.60
22.20
1.60
18.80
0.80
0.00
0.00
0.00
0.00
0.00
0.00
0.00
0.00
0.00
0.00
0.10
4.30
1.60
0.10
0.00
3.20
