20160101
0.00
0.00
0.00
0.00
0.00
0.00
0.00
0.00
28.00
0.00
0.00
0.00
0.00
0.00
0.00
0.00
0.00
2.00
4.00
38.00
0.00
0.00
0.00
0.00
0.00
0.00
0.00
0.00
0.00
0.00
0.00
0.00
0.00
0.00
0.00
0.00
0.00
0.00
0.00
0.00
0.00
0.00
0.00
0.00
0.00
0.00
0.00
0.00
0.00
0.00
3.00
56.00
0.00
15.00
235.00
0.00
24.00
0.00
0.00
0.00
0.00
0.00
0.00
133.00
0.00
27.00
0.00
0.00
0.00
0.00
33.00
0.00
0.00
1.00
9.00
0.00
0.00
0.00
9.00
7.00
65.00
0.00
0.00
0.00
0.00
0.00
0.00
630.00
26.00
20.00
447.00
17.00
0.00
740.00
605.00
920.00
290.00
0.00
114.00
14.00
10.00
0.00
0.00
74.00
62.00
180.00
480.00
872.00
23.00
660.00
171.00
660.00
472.00
14.00
10.00
242.00
316.00
149.00
11.00
0.00
460.00
90.00
96.00
165.00
139.00
38.00
109.00
33.00
8.00
2.00
48.00
89.00
194.00
23.00
570.00
176.00
56.00
1133.00
126.00
71.00
78.00
781.00
2.00
0.00
6.00
143.00
92.00
33.00
94.00
36.00
132.00
135.00
0.00
0.00
44.00
13.00
1.00
0.00
182.00
5.00
92.00
83.00
27.00
26.00
289.00
63.00
23.00
396.00
640.00
39.00
41.00
6.00
109.00
407.00
268.00
11.00
15.00
53.00
124.00
3.00
109.00
40.00
78.00
208.00
105.00
45.00
4.00
37.00
58.00
128.00
330.00
25.00
66.00
33.00
5.00
31.00
273.00
32.00
3.00
20.00
55.00
24.00
17.00
72.00
106.00
116.00
118.00
21.00
12.00
126.00
183.00
199.00
10.00
16.00
17.00
36.00
235.00
152.00
53.00
85.00
130.00
188.00
63.00
4.00
19.00
7.00
241.00
708.00
5.00
265.00
298.00
0.00
208.00
51.00
0.00
2.00
0.00
209.00
51.00
255.00
82.00
285.00
457.00
186.00
52.00
13.00
333.00
66.00
245.00
103.00
46.00
7.00
24.00
36.00
84.00
540.00
699.00
263.00
0.00
67.00
10.00
223.00
55.00
178.00
563.00
34.00
145.00
76.00
283.00
1.00
0.00
196.00
2.00
5.00
0.00
2.00
0.00
128.00
29.00
12.00
137.00
84.00
100.00
27.00
8.00
69.00
14.00
0.00
0.00
0.00
0.00
0.00
0.00
0.00
0.00
0.00
0.00
1.00
0.00
8.00
29.00
5.00
2.00
0.00
0.00
0.00
0.00
12.00
165.00
516.00
369.00
0.00
0.00
0.00
0.00
0.00
0.00
0.00
0.00
0.00
0.00
0.00
0.00
0.00
0.00
0.00
0.00
0.00
0.00
0.00
0.00
0.00
0.00
0.00
0.00
0.00
0.00
0.00
0.00
0.00
0.00
0.00
0.00
0.00
0.00
0.00
0.00
0.00
0.00
0.00
0.00
0.00
0.00
0.00
0.00
0.00
0.00
0.00
0.00
0.00
0.00
0.00
0.00
0.00
0.00
0.00
0.00
0.00
0.00
0.00
0.00
0.00
0.00
0.00
0.00
0.00
0.00
0.00
0.00
0.00
0.00
0.00
0.00
0.00
0.00
0.00
0.00
0.00
0.00
0.00
0.00
0.00
3.00
0.00
0.00
0.00
0.00
0.00
0.00
0.00
0.00
0.00
0.00
0.00
0.00
0.00
0.00
0.00
0.00
0.00
0.00
0.00
0.00
0.00
0.00
0.00
0.00
0.00
0.00
0.00
0.00
0.00
0.00
0.00
0.00
0.00
0.00
0.00
1.00
71.00
0.00
0.00
74.00
0.00
582.00
42.00
0.00
0.00
0.00
0.00
0.00
18.00
32.00
1.00
74.00
0.00
0.00
0.00
0.00
133.00
20.00
1.00
80.00
492.00
566.00
958.00
60.00
279.00
223.00
449.00
534.00
0.00
11.00
0.00
19.00
0.00
0.00
0.00
0.00
0.00
275.00
2.00
0.00
5.00
629.00
909.00
235.00
275.00
20.00
239.00
174.00
1.00
0.00
182.00
9.00
71.00
273.00
0.00
5.00
39.00
166.00
112.00
0.00
0.00
68.00
0.00
38.00
0.00
157.00
281.00
327.00
8.00
47.00
50.00
137.00
162.00
64.00
123.00
0.00
65.00
2.00
28.00
1.00
28.00
184.00
394.00
390.00
1176.00
76.00
815.00
450.00
78.00
1.00
6.00
46.00
68.00
213.00
291.00
669.00
21.00
335.00
1.00
111.00
472.00
787.00
1176.00
95.00
112.00
94.00
387.00
451.00
498.00
205.00
191.00
669.00
79.00
137.00
234.00
9.00
34.00
95.00
144.00
67.00
145.00
17.00
117.00
19.00
115.00
425.00
352.00
18.00
415.00
95.00
17.00
16.00
44.00
245.00
186.00
405.00
95.00
183.00
48.00
58.00
11.00
14.00
11.00
56.00
199.00
300.00
55.00
305.00
159.00
138.00
83.00
31.00
13.00
1.00
169.00
687.00
232.00
11.00
114.00
53.00
14.00
300.00
24.00
203.00
25.00
221.00
70.00
919.00
161.00
165.00
134.00
364.00
187.00
101.00
315.00
49.00
142.00
5.00
124.00
160.00
39.00
84.00
95.00
98.00
198.00
165.00
119.00
1.00
110.00
95.00
2.00
0.00
181.00
53.00
393.00
49.00
55.00
0.00
0.00
1.00
0.00
39.00
175.00
349.00
57.00
46.00
183.00
8.00
0.00
4.00
89.00
132.00
10.00
4.00
4.00
0.00
0.00
125.00
7.00
1.00
49.00
0.00
108.00
222.00
423.00
641.00
1369.00
0.00
0.00
0.00
0.00
0.00
0.00
0.00
125.00
243.00
0.00
0.00
0.00
0.00
0.00
2.00
1.00
0.00
0.00
0.00
0.00
8.00
6.00
5.00
2.00
171.00
30.00
0.00
0.00
0.00
0.00
0.00
0.00
0.00
0.00
0.00
0.00
0.00
0.00
0.00
0.00
0.00
0.00
0.00
0.00
0.00
0.00
0.00
219.00
291.00
305.00
0.00
0.00
0.00
0.00
0.00
0.00
0.00
0.00
46.00
1.00
0.00
1.00
2.00
0.00
0.00
0.00
0.00
0.00
0.00
0.00
0.00
267.00
86.00
0.00
0.00
0.00
0.00
0.00
0.00
0.00
0.00
0.00
0.00
0.00
0.00
0.00
0.00
0.00
0.00
0.00
0.00
0.00
0.00
0.00
0.00
0.00
0.00
0.00
0.00
0.00
0.00
0.00
0.00
0.00
0.00
0.00
0.00
0.00
96.00
38.00
99.00
9.00
0.00
1.00
15.00
3.00
0.00
0.00
0.00
0.00
0.00
0.00
0.00
0.00
53.00
0.00
226.00
386.00
0.00
0.00
0.00
0.00
0.00
0.00
0.00
0.00
0.00
0.00
0.00
0.00
0.00
0.00
22.00
0.00
50.00
60.00
222.00
0.00
0.00
0.00
0.00
0.00
2.00
0.00
57.00
153.00
2.00
24.00
697.00
238.00
31.00
0.00
9.00
0.00
0.00
243.00
31.00
44.00
21.00
9.00
15.00
86.00
187.00
0.00
160.00
0.00
0.00
64.00
57.00
15.00
57.00
285.00
54.00
0.00
3.00
72.00
10.00
3.00
323.00
35.00
310.00
0.00
320.00
172.00
119.00
375.00
1167.00
830.00
499.00
309.00
288.00
70.00
0.00
6.00
66.00
294.00
32.00
19.00
72.00
2.00
4.00
52.00
15.00
16.00
99.00
134.00
34.00
26.00
46.00
23.00
227.00
301.00
60.00
8.00
229.00
164.00
137.00
355.00
83.00
31.00
95.00
121.00
414.00
181.00
70.00
867.00
502.00
23.00
64.00
6.00
9.00
21.00
81.00
106.00
22.00
63.00
6.00
97.00
100.00
17.00
45.00
23.00
3.00
8.00
82.00
0.00
0.00
23.00
164.00
52.00
20.00
77.00
14.00
120.00
2.00
136.00
48.00
59.00
142.00
19.00
10.00
22.00
174.00
79.00
127.00
315.00
187.00
37.00
22.00
105.00
183.00
109.00
339.00
59.00
0.00
4.00
9.00
568.00
20.00
114.00
108.00
145.00
63.00
170.00
97.00
521.00
445.00
196.00
384.00
2.00
0.00
0.00
38.00
108.00
6.00
267.00
35.00
176.00
182.00
152.00
26.00
4.00
56.00
14.00
91.00
0.00
27.00
318.00
13.00
0.00
4.00
2.00
247.00
25.00
39.00
7.00
14.00
0.00
2.00
11.00
3.00
142.00
141.00
24.00
38.00
2.00
29.00
12.00
41.00
41.00
155.00
0.00
0.00
10.00
0.00
0.00
0.00
0.00
0.00
0.00
0.00
0.00
2.00
127.00
229.00
179.00
15.00
0.00
1.00
0.00
0.00
0.00
0.00
0.00
0.00
0.00
0.00
0.00
0.00
0.00
532.00
276.00
76.00
66.00
0.00
0.00
0.00
0.00
7.00
0.00
0.00
0.00
0.00
0.00
0.00
0.00
0.00
0.00
0.00
0.00
0.00
0.00
0.00
0.00
0.00
0.00
0.00
0.00
0.00
0.00
0.00
0.00
0.00
0.00
0.00
0.00
0.00
0.00
0.00
16.00
0.00
0.00
0.00
0.00
0.00
0.00
0.00
0.00
0.00
0.00
12.00
77.00
27.00
0.00
0.00
0.00
0.00
0.00
0.00
0.00
0.00
0.00
0.00
0.00
0.00
0.00
0.00
0.00
0.00
0.00
0.00
0.00
0.00
0.00
0.00
0.00
0.00
0.00
0.00
0.00
0.00
0.00
0.00
0.00
0.00
0.00
0.00
0.00
0.00
0.00
0.00
0.00
0.00
0.00
0.00
0.00
0.00
0.00
0.00
0.00
0.00
0.00
0.00
0.00
0.00
0.00
0.00
0.00
0.00
0.00
0.00
0.00
0.00
5.00
0.00
0.00
0.00
0.00
0.00
0.00
0.60
49.90
15.30
45.40
15.50
0.00
0.00
0.00
17.70
15.70
11.50
0.00
0.00
0.00
0.00
0.00
0.00
0.00
0.00
0.90
0.10
37.30
1.10
0.00
0.00
0.00
34.10
0.00
0.00
0.00
3.90
17.80
0.00
0.00
0.00
127.70
18.10
97.50
1.00
36.90
9.90
21.00
0.00
15.10
10.80
0.00
0.10
6.20
0.00
0.00
3.00
17.20
0.20
0.00
0.00
1.20
0.00
0.00
0.00
0.00
0.00
0.00
16.50
23.80
12.10
2.20
2.20
7.20
37.50
49.80
0.00
0.00
0.00
15.90
0.80
0.00
1.50
0.40
26.60
2.60
16.70
7.40
40.70
21.80
0.00
0.00
0.30
8.50
8.50
64.60
2.00
19.00
1.00
0.00
0.00
0.00
30.50
32.50
0.90
1.40
42.50
11.60
0.00
11.40
11.30
2.60
13.70
0.00
1.20
15.70
34.00
2.30
7.90
0.50
3.10
29.60
13.20
6.00
0.90
0.00
0.50
53.80
52.20
15.50
45.90
4.90
15.70
20.40
10.30
13.80
21.70
16.40
15.60
4.30
5.80
44.90
44.90
62.50
62.50
8.70
22.00
22.00
0.20
0.10
22.00
22.00
22.00
2.50
17.70
17.90
47.10
82.50
16.50
10.10
3.30
0.90
22.50
6.30
9.00
50.60
18.70
1.50
1.10
1.10
15.90
3.60
2.10
0.20
0.00
20.90
26.70
15.30
15.50
16.90
0.50
3.60
0.00
3.20
12.20
32.00
8.20
32.20
1.80
6.60
11.30
2.00
0.00
2.20
8.70
0.90
0.40
28.20
38.50
17.20
23.80
11.20
1.00
0.70
4.30
2.90
4.30
4.70
0.20
1.90
18.10
6.10
0.00
0.00
0.00
11.50
18.30
12.80
17.30
19.20
0.20
0.20
0.00
16.40
8.40
8.40
6.10
0.00
4.40
0.00
41.70
3.70
0.50
28.90
13.30
0.00
0.00
0.00
0.00
4.10
1.10
0.00
0.00
0.00
0.00
2.60
4.40
1.00
0.20
0.00
5.10
