20160101
0.00
0.00
0.00
0.00
0.00
0.00
0.00
0.00
9.00
0.00
0.00
0.00
0.00
0.00
0.00
0.00
0.00
0.00
6.00
0.00
0.00
0.00
0.00
0.00
0.00
5.00
0.00
0.00
0.00
0.00
0.00
0.00
0.00
0.00
0.00
0.00
0.00
1.00
0.00
0.00
80.00
0.00
0.00
0.00
0.00
0.00
0.00
0.00
0.00
0.00
0.00
1.00
0.00
30.00
242.00
5.00
16.00
0.00
0.00
5.00
0.00
0.00
0.00
8.00
0.00
7.00
0.00
4.00
3.00
4.00
6.00
0.00
0.00
11.00
0.00
19.00
0.00
0.00
27.00
4.00
67.00
0.00
35.00
0.00
0.00
0.00
0.00
526.00
2.00
174.00
539.00
21.00
0.00
98.00
50.00
379.00
55.00
6.00
46.00
4.00
0.00
0.00
0.00
118.00
182.00
50.00
206.00
89.00
39.00
69.00
34.00
202.00
163.00
439.00
135.00
72.00
126.00
25.00
144.00
0.00
54.00
20.00
28.00
0.00
93.00
1.00
0.00
1.00
0.00
0.00
0.00
30.00
157.00
212.00
10.00
32.00
58.00
457.00
218.00
20.00
100.00
1066.00
0.00
36.00
39.00
23.00
6.00
38.00
0.00
148.00
26.00
18.00
0.00
0.00
0.00
156.00
68.00
219.00
158.00
22.00
237.00
50.00
17.00
27.00
35.00
1.00
89.00
38.00
59.00
127.00
34.00
12.00
51.00
20.00
4.00
28.00
45.00
18.00
99.00
3.00
66.00
98.00
244.00
177.00
79.00
6.00
8.00
38.00
35.00
118.00
31.00
96.00
10.00
55.00
2.00
58.00
97.00
197.00
1.00
1.00
24.00
11.00
14.00
60.00
59.00
30.00
244.00
1.00
63.00
18.00
57.00
9.00
205.00
17.00
0.00
6.00
11.00
118.00
108.00
13.00
4.00
28.00
83.00
107.00
1.00
41.00
1.00
21.00
137.00
30.00
3.00
0.00
280.00
6.00
2.00
94.00
0.00
151.00
0.00
35.00
12.00
26.00
45.00
313.00
54.00
16.00
0.00
22.00
28.00
0.00
29.00
22.00
75.00
30.00
14.00
2.00
2.00
0.00
14.00
29.00
49.00
110.00
101.00
89.00
74.00
4.00
172.00
38.00
121.00
0.00
67.00
119.00
90.00
44.00
0.00
0.00
0.00
0.00
0.00
18.00
174.00
119.00
87.00
402.00
0.00
91.00
0.00
0.00
0.00
0.00
0.00
0.00
0.00
0.00
0.00
0.00
0.00
0.00
0.00
0.00
325.00
73.00
35.00
1.00
0.00
0.00
0.00
10.00
130.00
236.00
69.00
0.00
0.00
0.00
0.00
0.00
0.00
0.00
0.00
0.00
0.00
0.00
0.00
0.00
0.00
1.00
0.00
0.00
0.00
0.00
0.00
0.00
0.00
0.00
0.00
0.00
0.00
0.00
0.00
0.00
0.00
0.00
0.00
0.00
0.00
0.00
0.00
0.00
0.00
0.00
0.00
0.00
0.00
0.00
0.00
0.00
0.00
0.00
0.00
0.00
0.00
0.00
0.00
0.00
4.00
0.00
0.00
0.00
2.00
0.00
0.00
0.00
0.00
0.00
0.00
0.00
0.00
0.00
0.00
0.00
0.00
0.00
0.00
0.00
0.00
0.00
0.00
0.00
0.00
0.00
0.00
0.00
3.00
0.00
0.00
0.00
0.00
0.00
0.00
0.00
0.00
0.00
0.00
0.00
0.00
0.00
0.00
0.00
0.00
0.00
0.00
0.00
0.00
0.00
0.00
0.00
1.00
10.00
9.00
0.00
0.00
0.00
0.00
0.00
0.00
0.00
0.00
0.00
0.00
57.00
9.00
0.00
93.00
0.00
31.00
64.00
0.00
0.00
0.00
0.00
0.00
0.00
74.00
1.00
99.00
0.00
0.00
0.00
0.00
8.00
0.00
0.00
2.00
213.00
464.00
496.00
141.00
95.00
255.00
537.00
2.00
0.00
0.00
0.00
0.00
0.00
0.00
0.00
0.00
0.00
66.00
0.00
0.00
0.00
172.00
71.00
117.00
103.00
20.00
89.00
136.00
0.00
25.00
41.00
0.00
67.00
213.00
0.00
0.00
11.00
99.00
32.00
0.00
0.00
120.00
0.00
0.00
0.00
12.00
61.00
153.00
28.00
11.00
3.00
33.00
7.00
22.00
20.00
0.00
13.00
0.00
24.00
30.00
95.00
128.00
282.00
4.00
61.00
81.00
53.00
1.00
0.00
2.00
3.00
151.00
260.00
25.00
217.00
125.00
37.00
0.00
51.00
14.00
32.00
21.00
8.00
12.00
94.00
50.00
26.00
4.00
17.00
16.00
40.00
98.00
126.00
372.00
151.00
38.00
43.00
121.00
8.00
6.00
65.00
146.00
98.00
70.00
114.00
91.00
17.00
35.00
31.00
26.00
296.00
117.00
89.00
168.00
39.00
103.00
158.00
48.00
28.00
23.00
5.00
68.00
7.00
5.00
0.00
20.00
17.00
204.00
32.00
58.00
48.00
2.00
3.00
1.00
26.00
18.00
37.00
11.00
17.00
121.00
65.00
6.00
9.00
49.00
14.00
17.00
5.00
11.00
0.00
98.00
311.00
51.00
14.00
37.00
13.00
118.00
25.00
85.00
18.00
2.00
1.00
6.00
1.00
18.00
10.00
0.00
32.00
73.00
34.00
65.00
0.00
38.00
557.00
177.00
283.00
189.00
0.00
3.00
15.00
0.00
5.00
77.00
48.00
51.00
87.00
115.00
34.00
12.00
9.00
0.00
1.00
48.00
6.00
38.00
84.00
20.00
0.00
48.00
119.00
0.00
0.00
0.00
2.00
5.00
69.00
72.00
496.00
0.00
0.00
0.00
0.00
0.00
0.00
6.00
640.00
358.00
0.00
0.00
0.00
0.00
0.00
0.00
0.00
0.00
0.00
0.00
0.00
0.00
60.00
0.00
7.00
33.00
42.00
16.00
2.00
0.00
0.00
0.00
0.00
0.00
0.00
0.00
0.00
0.00
0.00
0.00
0.00
0.00
0.00
0.00
0.00
0.00
0.00
16.00
199.00
165.00
113.00
0.00
0.00
0.00
0.00
0.00
0.00
0.00
0.00
2.00
0.00
0.00
0.00
0.00
0.00
7.00
0.00
0.00
0.00
0.00
0.00
133.00
200.00
33.00
0.00
0.00
0.00
0.00
0.00
0.00
0.00
0.00
0.00
0.00
0.00
0.00
0.00
0.00
0.00
0.00
0.00
0.00
0.00
0.00
0.00
0.00
0.00
0.00
0.00
0.00
0.00
0.00
0.00
0.00
0.00
0.00
0.00
0.00
0.00
67.00
30.00
18.00
0.00
6.00
0.00
17.00
0.00
0.00
0.00
0.00
0.00
0.00
0.00
0.00
0.00
0.00
0.00
0.00
163.00
0.00
0.00
0.00
0.00
34.00
0.00
0.00
0.00
0.00
0.00
0.00
0.00
0.00
113.00
286.00
0.00
45.00
29.00
69.00
28.00
0.00
0.00
0.00
0.00
0.00
0.00
0.00
64.00
27.00
0.00
27.00
88.00
0.00
0.00
49.00
0.00
0.00
162.00
0.00
1.00
164.00
0.00
49.00
28.00
136.00
10.00
76.00
15.00
0.00
118.00
17.00
22.00
43.00
66.00
67.00
0.00
0.00
26.00
0.00
3.00
24.00
12.00
68.00
53.00
160.00
0.00
91.00
286.00
259.00
240.00
287.00
478.00
348.00
117.00
11.00
133.00
7.00
3.00
0.00
0.00
0.00
0.00
1.00
0.00
51.00
12.00
73.00
15.00
7.00
20.00
5.00
50.00
5.00
31.00
1.00
83.00
141.00
59.00
43.00
15.00
0.00
40.00
25.00
75.00
355.00
474.00
1.00
14.00
12.00
12.00
0.00
0.00
0.00
3.00
90.00
37.00
63.00
0.00
2.00
19.00
14.00
3.00
15.00
20.00
0.00
14.00
14.00
0.00
16.00
11.00
41.00
32.00
31.00
31.00
84.00
19.00
56.00
16.00
17.00
2.00
5.00
2.00
14.00
9.00
145.00
69.00
88.00
72.00
79.00
47.00
32.00
80.00
212.00
146.00
57.00
219.00
4.00
10.00
10.00
67.00
168.00
21.00
4.00
38.00
42.00
40.00
83.00
9.00
31.00
31.00
0.00
11.00
10.00
107.00
47.00
286.00
62.00
104.00
41.00
25.00
92.00
67.00
49.00
69.00
16.00
0.00
64.00
4.00
1.00
9.00
0.00
0.00
0.00
14.00
53.00
13.00
0.00
0.00
0.00
12.00
13.00
0.00
0.00
26.00
17.00
12.00
0.00
0.00
1.00
1.00
0.00
0.00
7.00
1.00
8.00
0.00
1.00
20.00
0.00
0.00
0.00
0.00
0.00
16.00
35.00
104.00
248.00
192.00
27.00
19.00
0.00
0.00
0.00
0.00
0.00
0.00
0.00
0.00
0.00
0.00
0.00
0.00
475.00
64.00
215.00
100.00
28.00
0.00
0.00
0.00
0.00
0.00
4.00
0.00
0.00
0.00
0.00
0.00
0.00
0.00
0.00
0.00
0.00
0.00
0.00
0.00
0.00
0.00
0.00
0.00
0.00
0.00
0.00
0.00
0.00
0.00
0.00
0.00
0.00
0.00
0.00
1.00
18.00
0.00
0.00
0.00
0.00
0.00
0.00
0.00
0.00
5.00
8.00
5.00
1.00
0.00
0.00
0.00
0.00
0.00
0.00
0.00
0.00
0.00
0.00
0.00
0.00
0.00
0.00
0.00
0.00
0.00
0.00
0.00
0.00
0.00
0.00
0.00
0.00
0.00
0.00
0.00
0.00
0.00
0.00
0.00
0.00
0.00
0.00
0.00
0.00
0.00
0.00
0.00
0.00
0.00
11.00
0.00
0.00
0.00
0.00
0.00
0.00
0.00
0.00
0.00
1.00
0.00
0.00
0.00
0.00
0.00
0.00
0.00
0.00
11.00
0.00
0.00
0.00
0.00
0.00
0.00
0.00
74.20
58.90
83.40
39.70
0.00
0.00
0.00
6.20
17.90
0.00
0.00
0.00
0.00
0.00
0.00
0.00
0.00
0.00
0.20
0.10
11.60
4.10
3.10
2.40
0.00
12.20
0.00
0.00
0.00
0.00
8.00
0.00
0.30
0.00
21.80
41.10
92.60
0.60
23.10
0.50
3.30
0.50
28.90
28.80
0.00
0.00
0.00
0.00
0.00
8.90
0.00
18.30
0.00
0.00
2.10
0.00
0.50
0.00
0.00
0.00
0.00
0.00
21.00
7.30
0.20
0.20
0.00
14.40
2.70
0.00
0.00
0.00
0.00
0.00
0.00
0.90
0.00
6.10
1.40
0.90
0.10
9.10
0.00
1.30
1.30
3.30
0.10
0.10
42.60
0.00
1.80
0.00
0.00
0.00
0.00
3.60
1.30
2.10
0.00
6.50
0.00
1.10
22.10
7.00
40.30
0.00
1.10
0.00
0.10
19.20
15.50
0.00
0.50
11.80
5.00
8.70
2.30
12.30
0.20
0.10
6.10
2.70
0.00
0.00
3.00
13.70
1.20
0.00
0.00
0.10
1.80
10.70
6.10
0.10
1.70
1.70
1.90
1.90
0.40
8.80
8.80
0.70
0.30
8.80
8.80
8.80
5.90
1.10
4.30
0.20
10.50
53.70
4.80
0.00
3.20
9.00
2.10
1.00
1.00
0.20
0.00
23.40
2.20
2.20
11.20
6.90
3.40
8.30
10.00
6.80
3.90
0.90
0.70
2.80
0.00
3.00
11.40
11.60
22.20
12.50
8.30
0.60
0.40
1.80
29.30
0.00
1.50
1.20
7.20
5.40
0.80
0.00
0.70
0.10
7.00
4.00
2.90
6.10
15.10
25.30
0.20
0.70
10.40
9.20
0.60
0.00
1.10
4.60
14.20
25.90
27.30
32.20
11.20
0.10
0.10
7.20
12.20
5.20
5.20
2.10
0.20
1.50
0.40
3.10
5.60
1.20
8.30
4.10
0.00
0.00
0.00
0.00
7.30
0.70
0.00
0.00
0.00
0.00
0.40
7.20
0.20
0.10
1.40
1.70
