20160101
0.00
0.00
0.00
0.00
0.00
0.00
0.00
0.00
0.00
0.00
0.00
0.00
0.00
0.00
0.00
0.00
0.00
0.00
0.00
6.00
0.00
0.00
0.00
0.00
0.00
0.00
0.00
0.00
0.00
0.00
0.00
0.00
0.00
0.00
0.00
0.00
0.00
0.00
10.00
0.00
0.00
37.00
18.00
0.00
0.00
0.00
0.00
0.00
0.00
0.00
2.00
2.00
12.00
74.00
242.00
0.00
19.00
0.00
0.00
0.00
0.00
3.00
0.00
56.00
0.00
11.00
0.00
2.00
1.00
0.00
0.00
0.00
0.00
0.00
0.00
15.00
0.00
0.00
5.00
0.00
66.00
0.00
22.00
0.00
0.00
0.00
0.00
646.00
9.00
22.00
362.00
19.00
0.00
274.00
587.00
797.00
206.00
0.00
2.00
0.00
0.00
0.00
0.00
100.00
44.00
185.00
278.00
674.00
3.00
509.00
223.00
369.00
419.00
8.00
42.00
127.00
105.00
39.00
0.00
0.00
126.00
50.00
188.00
58.00
299.00
38.00
65.00
9.00
0.00
0.00
4.00
21.00
88.00
116.00
67.00
120.00
8.00
400.00
194.00
29.00
185.00
744.00
0.00
10.00
6.00
24.00
0.00
11.00
9.00
156.00
14.00
61.00
0.00
0.00
1.00
186.00
7.00
12.00
84.00
17.00
15.00
103.00
37.00
68.00
35.00
0.00
26.00
496.00
851.00
153.00
1.00
0.00
18.00
55.00
141.00
43.00
45.00
57.00
76.00
1.00
491.00
65.00
70.00
92.00
49.00
24.00
5.00
12.00
88.00
35.00
132.00
31.00
51.00
1.00
6.00
32.00
447.00
31.00
0.00
8.00
57.00
1.00
25.00
137.00
213.00
137.00
272.00
29.00
13.00
73.00
149.00
67.00
2.00
47.00
4.00
83.00
192.00
170.00
59.00
227.00
184.00
55.00
24.00
35.00
35.00
124.00
37.00
165.00
10.00
70.00
50.00
2.00
469.00
26.00
0.00
17.00
0.00
753.00
11.00
2.00
62.00
172.00
368.00
385.00
223.00
7.00
118.00
142.00
194.00
138.00
31.00
20.00
11.00
2.00
85.00
634.00
804.00
317.00
0.00
59.00
225.00
96.00
163.00
118.00
1109.00
32.00
139.00
5.00
58.00
160.00
6.00
746.00
3.00
105.00
6.00
0.00
0.00
24.00
367.00
132.00
108.00
16.00
9.00
71.00
207.00
212.00
9.00
0.00
0.00
0.00
0.00
0.00
0.00
0.00
0.00
0.00
0.00
0.00
0.00
0.00
97.00
7.00
45.00
6.00
0.00
0.00
10.00
38.00
194.00
445.00
282.00
0.00
0.00
0.00
0.00
0.00
0.00
0.00
0.00
0.00
0.00
0.00
0.00
0.00
0.00
0.00
0.00
0.00
0.00
0.00
0.00
0.00
0.00
0.00
0.00
2.00
0.00
0.00
0.00
0.00
0.00
0.00
0.00
0.00
0.00
0.00
0.00
0.00
0.00
0.00
0.00
0.00
0.00
0.00
0.00
0.00
0.00
0.00
0.00
0.00
12.00
0.00
0.00
0.00
0.00
0.00
0.00
0.00
0.00
0.00
0.00
0.00
0.00
0.00
0.00
0.00
0.00
0.00
0.00
0.00
0.00
0.00
0.00
0.00
0.00
6.00
0.00
0.00
0.00
0.00
0.00
0.00
0.00
0.00
0.00
0.00
0.00
0.00
0.00
0.00
0.00
0.00
0.00
0.00
0.00
0.00
0.00
0.00
0.00
0.00
0.00
0.00
0.00
0.00
0.00
0.00
0.00
0.00
15.00
0.00
0.00
0.00
0.00
0.00
0.00
0.00
0.00
0.00
1.00
58.00
2.00
0.00
122.00
0.00
106.00
107.00
1.00
0.00
0.00
0.00
0.00
0.00
76.00
0.00
92.00
0.00
0.00
0.00
0.00
107.00
2.00
0.00
8.00
196.00
663.00
280.00
75.00
78.00
231.00
552.00
403.00
0.00
0.00
0.00
1.00
16.00
0.00
0.00
0.00
0.00
16.00
25.00
0.00
2.00
512.00
337.00
257.00
559.00
30.00
227.00
55.00
0.00
0.00
87.00
9.00
20.00
204.00
0.00
0.00
57.00
57.00
104.00
0.00
0.00
62.00
0.00
27.00
0.00
15.00
159.00
458.00
0.00
51.00
10.00
162.00
199.00
85.00
24.00
0.00
1.00
10.00
40.00
216.00
166.00
140.00
881.00
301.00
404.00
132.00
329.00
243.00
31.00
0.00
2.00
137.00
339.00
775.00
187.00
262.00
53.00
18.00
20.00
67.00
121.00
122.00
437.00
5.00
2.00
80.00
169.00
132.00
765.00
492.00
177.00
493.00
173.00
193.00
133.00
4.00
55.00
7.00
125.00
114.00
54.00
57.00
47.00
84.00
70.00
488.00
211.00
323.00
257.00
94.00
5.00
57.00
69.00
48.00
28.00
263.00
120.00
347.00
5.00
21.00
34.00
60.00
38.00
31.00
82.00
112.00
93.00
99.00
70.00
140.00
38.00
47.00
10.00
1.00
33.00
709.00
223.00
13.00
34.00
45.00
26.00
28.00
28.00
602.00
413.00
116.00
77.00
147.00
83.00
222.00
352.00
1.00
124.00
159.00
95.00
70.00
15.00
0.00
25.00
1.00
37.00
81.00
210.00
36.00
4.00
309.00
55.00
1.00
79.00
28.00
0.00
31.00
211.00
463.00
99.00
10.00
4.00
0.00
0.00
0.00
1.00
111.00
226.00
332.00
44.00
155.00
125.00
22.00
0.00
1.00
610.00
139.00
52.00
139.00
12.00
8.00
0.00
70.00
0.00
0.00
0.00
0.00
73.00
205.00
324.00
379.00
1561.00
0.00
0.00
0.00
0.00
0.00
0.00
4.00
742.00
516.00
0.00
0.00
0.00
0.00
0.00
0.00
0.00
0.00
0.00
0.00
0.00
0.00
92.00
0.00
0.00
145.00
18.00
12.00
0.00
0.00
0.00
0.00
0.00
0.00
0.00
0.00
0.00
0.00
0.00
0.00
0.00
0.00
0.00
0.00
0.00
0.00
0.00
57.00
325.00
283.00
263.00
0.00
0.00
0.00
0.00
0.00
0.00
0.00
0.00
4.00
0.00
0.00
0.00
0.00
0.00
0.00
0.00
0.00
0.00
0.00
0.00
12.00
173.00
7.00
0.00
0.00
0.00
0.00
0.00
0.00
0.00
0.00
0.00
0.00
0.00
0.00
0.00
0.00
0.00
0.00
0.00
0.00
0.00
0.00
0.00
0.00
0.00
0.00
0.00
0.00
0.00
0.00
0.00
0.00
0.00
0.00
0.00
0.00
0.00
21.00
12.00
123.00
20.00
55.00
0.00
4.00
0.00
0.00
0.00
0.00
0.00
0.00
5.00
0.00
0.00
0.00
0.00
2.00
385.00
0.00
0.00
0.00
0.00
0.00
0.00
0.00
0.00
0.00
0.00
0.00
0.00
0.00
0.00
0.00
0.00
0.00
8.00
29.00
367.00
0.00
0.00
0.00
0.00
0.00
0.00
15.00
107.00
12.00
12.00
217.00
292.00
0.00
0.00
35.00
30.00
0.00
138.00
8.00
12.00
141.00
3.00
20.00
60.00
75.00
1.00
136.00
0.00
0.00
95.00
29.00
4.00
37.00
277.00
103.00
0.00
2.00
18.00
6.00
3.00
160.00
48.00
320.00
5.00
75.00
61.00
132.00
452.00
620.00
614.00
619.00
473.00
267.00
392.00
0.00
117.00
107.00
161.00
45.00
17.00
0.00
0.00
40.00
12.00
10.00
17.00
29.00
29.00
0.00
4.00
46.00
74.00
14.00
101.00
5.00
11.00
50.00
56.00
436.00
86.00
31.00
552.00
235.00
131.00
951.00
870.00
9.00
504.00
206.00
4.00
21.00
0.00
6.00
0.00
37.00
92.00
178.00
56.00
2.00
236.00
67.00
10.00
1.00
23.00
0.00
0.00
621.00
2.00
6.00
22.00
109.00
88.00
45.00
173.00
26.00
82.00
51.00
45.00
316.00
21.00
50.00
57.00
147.00
50.00
393.00
19.00
71.00
77.00
53.00
35.00
9.00
99.00
269.00
511.00
153.00
34.00
3.00
4.00
360.00
254.00
33.00
99.00
192.00
244.00
10.00
59.00
163.00
751.00
379.00
622.00
117.00
80.00
2.00
1.00
462.00
181.00
7.00
269.00
81.00
91.00
209.00
19.00
28.00
8.00
57.00
93.00
109.00
2.00
5.00
90.00
14.00
38.00
0.00
1.00
64.00
9.00
0.00
14.00
14.00
0.00
37.00
131.00
22.00
0.00
238.00
29.00
270.00
0.00
24.00
61.00
21.00
5.00
267.00
0.00
0.00
0.00
0.00
0.00
0.00
0.00
0.00
0.00
0.00
0.00
11.00
157.00
327.00
231.00
5.00
9.00
0.00
0.00
0.00
0.00
0.00
0.00
0.00
0.00
0.00
0.00
0.00
0.00
727.00
328.00
269.00
124.00
48.00
0.00
0.00
3.00
0.00
0.00
2.00
0.00
0.00
0.00
0.00
0.00
11.00
0.00
0.00
0.00
0.00
0.00
0.00
0.00
0.00
0.00
0.00
0.00
0.00
0.00
0.00
0.00
0.00
0.00
0.00
0.00
0.00
0.00
0.00
0.00
0.00
0.00
0.00
0.00
0.00
0.00
0.00
0.00
0.00
0.00
6.00
30.00
3.00
0.00
0.00
0.00
0.00
0.00
0.00
0.00
0.00
0.00
0.00
0.00
0.00
0.00
0.00
0.00
0.00
0.00
0.00
0.00
0.00
0.00
0.00
0.00
0.00
0.00
0.00
0.00
0.00
0.00
0.00
0.00
0.00
0.00
0.00
0.00
0.00
0.00
0.00
0.00
0.00
0.00
3.00
0.00
0.00
0.00
0.00
0.00
0.00
0.00
0.00
0.00
0.00
0.00
0.00
0.00
0.00
0.00
0.00
0.00
0.00
4.00
0.00
0.00
0.00
0.00
0.00
0.00
1.30
99.40
53.30
69.30
54.50
0.00
0.00
0.00
3.80
24.50
0.00
0.00
0.00
0.00
0.00
0.00
0.00
0.00
0.00
0.30
0.00
41.60
6.40
0.00
0.50
0.00
35.00
0.00
0.00
0.00
0.50
13.10
0.00
0.00
0.00
92.00
15.50
190.80
18.00
24.00
1.10
10.90
0.10
29.30
13.10
0.10
0.00
1.50
0.90
0.00
0.70
0.00
0.10
0.00
0.00
5.00
0.00
0.90
0.00
0.00
0.00
0.00
0.90
22.00
1.00
0.00
0.00
0.40
14.00
30.30
0.00
0.00
0.00
0.00
0.00
0.00
15.70
0.00
34.10
1.10
15.80
23.90
23.50
3.90
0.00
0.00
10.70
6.70
6.70
71.00
1.10
5.00
0.00
0.00
0.00
0.00
40.70
26.00
0.20
2.00
13.60
1.10
14.00
7.50
0.60
1.30
0.00
0.00
2.70
27.30
51.20
2.30
0.00
0.10
0.80
21.10
11.00
7.80
2.40
0.40
0.20
0.50
6.70
0.30
2.40
18.80
9.10
11.10
40.60
11.90
46.60
21.10
14.30
1.80
34.10
22.80
22.80
26.30
26.30
2.90
7.10
7.10
0.00
0.90
7.10
7.10
7.10
6.80
3.70
3.10
8.80
61.20
21.50
57.30
5.00
0.40
6.60
1.80
7.50
32.90
11.20
22.20
9.00
1.50
32.60
3.40
1.20
0.40
0.30
1.60
27.90
7.60
8.10
2.90
4.60
0.10
0.40
5.50
4.40
118.90
74.00
45.70
6.50
11.90
6.40
3.60
1.80
3.50
1.60
0.20
1.30
42.30
52.50
28.70
23.50
25.10
1.20
0.20
23.60
10.10
14.20
1.30
0.90
4.70
8.20
0.30
0.00
0.20
0.40
13.40
21.40
15.50
20.60
18.20
0.20
4.10
26.10
22.20
13.20
13.20
0.50
0.00
0.10
0.00
38.70
4.30
5.60
39.80
24.90
0.40
0.00
0.00
0.00
12.10
9.50
0.00
0.00
0.00
0.00
0.30
7.40
0.90
0.10
0.00
1.00
