20160101
0.00
0.00
0.00
0.00
0.00
0.00
0.00
0.00
81.00
0.00
0.00
0.00
0.00
0.00
0.00
0.00
0.00
0.00
2.00
10.00
0.00
0.00
0.00
0.00
0.00
14.00
0.00
0.00
0.00
0.00
0.00
0.00
0.00
0.00
0.00
0.00
0.00
0.00
0.00
0.00
50.00
0.00
1.00
0.00
0.00
0.00
0.00
0.00
0.00
0.00
9.00
0.00
0.00
42.00
412.00
0.00
24.00
0.00
0.00
0.00
0.00
0.00
0.00
209.00
0.00
4.00
0.00
0.00
0.00
0.00
65.00
0.00
0.00
0.00
0.00
2.00
0.00
0.00
0.00
0.00
89.00
0.00
38.00
0.00
0.00
0.00
0.00
798.00
11.00
35.00
496.00
15.00
0.00
573.00
472.00
1090.00
139.00
42.00
187.00
9.00
38.00
28.00
0.00
51.00
114.00
345.00
438.00
669.00
89.00
590.00
104.00
892.00
637.00
146.00
160.00
171.00
200.00
166.00
12.00
0.00
109.00
57.00
200.00
48.00
253.00
9.00
13.00
5.00
0.00
0.00
5.00
136.00
328.00
111.00
171.00
109.00
155.00
1432.00
358.00
35.00
67.00
1204.00
0.00
6.00
46.00
48.00
22.00
19.00
11.00
72.00
33.00
63.00
0.00
0.00
9.00
0.00
129.00
80.00
165.00
149.00
374.00
33.00
21.00
63.00
19.00
0.00
95.00
98.00
819.00
96.00
14.00
1.00
92.00
17.00
58.00
45.00
21.00
32.00
81.00
13.00
318.00
125.00
171.00
237.00
65.00
20.00
23.00
52.00
1.00
14.00
217.00
72.00
68.00
66.00
10.00
109.00
365.00
84.00
1.00
25.00
73.00
2.00
27.00
111.00
158.00
126.00
186.00
2.00
16.00
108.00
188.00
75.00
6.00
10.00
0.00
0.00
88.00
158.00
55.00
200.00
200.00
76.00
32.00
37.00
134.00
23.00
21.00
92.00
12.00
29.00
6.00
0.00
583.00
69.00
1.00
31.00
0.00
483.00
0.00
141.00
147.00
217.00
1033.00
434.00
65.00
3.00
208.00
391.00
355.00
417.00
341.00
5.00
35.00
2.00
103.00
293.00
706.00
161.00
0.00
21.00
132.00
39.00
121.00
55.00
1001.00
340.00
5.00
83.00
11.00
239.00
15.00
1116.00
17.00
174.00
153.00
0.00
0.00
18.00
121.00
41.00
14.00
194.00
176.00
82.00
29.00
195.00
85.00
0.00
0.00
0.00
0.00
0.00
0.00
0.00
0.00
0.00
0.00
0.00
0.00
0.00
250.00
56.00
26.00
2.00
0.00
0.00
0.00
9.00
166.00
298.00
291.00
0.00
0.00
0.00
0.00
0.00
0.00
0.00
0.00
0.00
0.00
0.00
0.00
0.00
0.00
0.00
0.00
0.00
0.00
0.00
0.00
0.00
0.00
0.00
0.00
14.00
0.00
0.00
0.00
0.00
0.00
0.00
0.00
0.00
0.00
0.00
0.00
0.00
0.00
0.00
0.00
0.00
0.00
0.00
0.00
0.00
0.00
0.00
0.00
0.00
0.00
0.00
0.00
0.00
0.00
0.00
0.00
0.00
0.00
0.00
0.00
0.00
0.00
0.00
0.00
0.00
0.00
0.00
0.00
0.00
0.00
0.00
0.00
0.00
0.00
0.00
0.00
0.00
0.00
0.00
0.00
0.00
2.00
0.00
0.00
0.00
0.00
0.00
0.00
0.00
0.00
0.00
0.00
0.00
0.00
0.00
0.00
0.00
0.00
0.00
0.00
0.00
0.00
0.00
0.00
0.00
244.00
6.00
0.00
0.00
0.00
0.00
0.00
0.00
0.00
0.00
0.00
0.00
4.00
156.00
29.00
0.00
80.00
0.00
228.00
44.00
0.00
0.00
0.00
0.00
0.00
4.00
125.00
0.00
97.00
0.00
0.00
0.00
0.00
78.00
7.00
20.00
15.00
599.00
750.00
1050.00
612.00
298.00
263.00
471.00
128.00
0.00
0.00
0.00
50.00
0.00
0.00
0.00
0.00
0.00
35.00
20.00
0.00
4.00
488.00
658.00
203.00
140.00
136.00
86.00
273.00
10.00
40.00
94.00
0.00
327.00
134.00
0.00
0.00
44.00
251.00
142.00
0.00
0.00
136.00
0.00
0.00
0.00
37.00
337.00
320.00
13.00
1.00
13.00
125.00
110.00
167.00
17.00
0.00
61.00
49.00
199.00
0.00
18.00
166.00
627.00
198.00
877.00
52.00
411.00
65.00
0.00
0.00
10.00
112.00
23.00
565.00
413.00
258.00
83.00
8.00
100.00
41.00
171.00
603.00
394.00
0.00
51.00
57.00
390.00
419.00
1052.00
342.00
65.00
58.00
154.00
368.00
270.00
34.00
89.00
5.00
171.00
73.00
254.00
131.00
82.00
105.00
70.00
491.00
290.00
172.00
35.00
0.00
1.00
37.00
345.00
51.00
1.00
36.00
404.00
76.00
43.00
114.00
4.00
45.00
17.00
15.00
71.00
142.00
26.00
176.00
21.00
155.00
47.00
60.00
9.00
6.00
24.00
449.00
237.00
45.00
42.00
48.00
19.00
51.00
6.00
42.00
13.00
214.00
66.00
154.00
374.00
155.00
287.00
5.00
72.00
87.00
200.00
102.00
5.00
23.00
83.00
130.00
0.00
13.00
73.00
45.00
33.00
107.00
82.00
34.00
11.00
88.00
0.00
0.00
186.00
11.00
549.00
92.00
108.00
0.00
1.00
6.00
0.00
4.00
209.00
99.00
21.00
440.00
51.00
2.00
0.00
0.00
59.00
150.00
1027.00
964.00
17.00
23.00
1.00
477.00
119.00
0.00
0.00
0.00
13.00
81.00
740.00
487.00
1280.00
0.00
0.00
0.00
0.00
0.00
0.00
5.00
591.00
787.00
0.00
0.00
0.00
0.00
0.00
0.00
0.00
0.00
0.00
0.00
0.00
0.00
58.00
0.00
7.00
161.00
14.00
28.00
32.00
0.00
0.00
0.00
0.00
0.00
0.00
0.00
0.00
0.00
0.00
0.00
0.00
0.00
0.00
0.00
0.00
0.00
0.00
0.00
372.00
528.00
495.00
17.00
0.00
0.00
0.00
0.00
0.00
0.00
0.00
143.00
0.00
0.00
0.00
1.00
0.00
0.00
0.00
0.00
0.00
0.00
0.00
127.00
26.00
112.00
0.00
0.00
0.00
0.00
0.00
0.00
0.00
0.00
0.00
0.00
0.00
0.00
0.00
0.00
0.00
0.00
0.00
0.00
0.00
0.00
0.00
0.00
0.00
0.00
0.00
0.00
0.00
0.00
0.00
0.00
0.00
0.00
0.00
0.00
0.00
30.00
7.00
50.00
13.00
0.00
0.00
0.00
0.00
0.00
0.00
0.00
0.00
0.00
0.00
0.00
0.00
19.00
0.00
98.00
552.00
0.00
0.00
0.00
0.00
0.00
0.00
0.00
0.00
0.00
0.00
0.00
0.00
0.00
7.00
1087.00
0.00
480.00
54.00
575.00
2.00
0.00
0.00
0.00
0.00
0.00
0.00
0.00
205.00
27.00
12.00
182.00
267.00
14.00
13.00
13.00
0.00
0.00
0.00
26.00
0.00
21.00
139.00
2.00
85.00
27.00
0.00
157.00
0.00
0.00
271.00
95.00
0.00
16.00
303.00
54.00
0.00
9.00
50.00
0.00
7.00
75.00
30.00
387.00
5.00
239.00
61.00
189.00
295.00
646.00
795.00
332.00
507.00
457.00
223.00
0.00
5.00
18.00
209.00
2.00
0.00
0.00
56.00
0.00
4.00
40.00
35.00
309.00
541.00
74.00
254.00
19.00
56.00
86.00
47.00
27.00
54.00
21.00
298.00
569.00
187.00
17.00
18.00
8.00
67.00
817.00
678.00
40.00
216.00
308.00
44.00
16.00
15.00
20.00
1.00
146.00
24.00
25.00
50.00
98.00
55.00
124.00
62.00
42.00
27.00
0.00
1.00
20.00
0.00
2.00
67.00
133.00
39.00
33.00
486.00
81.00
74.00
7.00
1.00
14.00
42.00
20.00
14.00
14.00
23.00
114.00
91.00
82.00
104.00
121.00
37.00
66.00
203.00
214.00
358.00
322.00
30.00
3.00
53.00
87.00
133.00
30.00
71.00
44.00
118.00
272.00
167.00
276.00
121.00
4.00
2.00
99.00
6.00
1.00
2.00
221.00
75.00
15.00
314.00
77.00
148.00
156.00
4.00
59.00
23.00
317.00
28.00
159.00
0.00
255.00
57.00
0.00
45.00
2.00
13.00
190.00
63.00
0.00
14.00
31.00
0.00
5.00
134.00
26.00
86.00
44.00
1.00
223.00
0.00
7.00
20.00
53.00
4.00
101.00
0.00
0.00
0.00
2.00
0.00
0.00
0.00
0.00
0.00
0.00
0.00
7.00
130.00
213.00
107.00
48.00
3.00
0.00
0.00
0.00
0.00
0.00
0.00
0.00
0.00
0.00
0.00
0.00
0.00
1492.00
335.00
125.00
79.00
33.00
0.00
0.00
2.00
7.00
1.00
0.00
0.00
0.00
0.00
0.00
0.00
0.00
0.00
0.00
0.00
0.00
0.00
0.00
0.00
0.00
0.00
0.00
0.00
0.00
0.00
0.00
0.00
0.00
0.00
0.00
0.00
0.00
0.00
0.00
0.00
1.00
0.00
0.00
0.00
0.00
0.00
0.00
0.00
0.00
0.00
24.00
32.00
10.00
0.00
0.00
0.00
0.00
0.00
0.00
0.00
0.00
0.00
0.00
0.00
0.00
0.00
0.00
0.00
0.00
0.00
0.00
0.00
0.00
0.00
0.00
0.00
0.00
0.00
0.00
0.00
0.00
0.00
0.00
0.00
0.00
0.00
0.00
0.00
0.00
0.00
0.00
0.00
0.00
0.00
0.00
0.00
0.00
0.00
0.00
0.00
0.00
0.00
0.00
0.00
0.00
0.00
0.00
0.00
0.00
0.00
0.00
0.00
0.00
11.00
0.00
0.00
0.00
0.00
0.00
0.00
0.00
52.60
12.80
43.20
32.40
0.00
0.00
0.00
6.70
14.00
10.50
0.00
0.00
0.00
0.00
0.00
0.00
0.00
0.00
0.70
0.10
24.20
3.00
0.10
0.00
0.00
7.50
0.00
0.00
0.00
3.40
33.20
0.00
0.00
0.00
98.80
15.10
122.40
0.20
25.20
9.80
7.20
0.10
25.00
10.50
0.20
0.00
1.80
0.00
0.00
16.30
0.70
2.50
0.00
0.00
13.50
0.00
0.70
0.00
0.00
0.00
0.00
5.00
26.50
9.80
2.10
2.10
1.20
23.60
30.70
0.00
0.00
2.30
0.90
0.60
0.00
3.80
3.30
11.10
1.80
10.50
16.30
23.60
1.40
0.00
0.00
2.00
15.50
15.50
87.50
0.10
10.20
9.00
0.00
0.00
0.00
23.30
5.00
0.00
0.00
19.50
1.30
51.00
35.20
11.30
2.20
11.30
0.50
0.10
14.80
72.00
30.60
1.10
4.90
15.90
105.30
18.30
6.20
9.80
0.00
0.30
9.20
49.30
8.70
3.30
3.10
2.60
8.50
40.20
38.20
83.30
28.20
44.30
11.60
4.30
11.10
11.10
28.10
28.10
4.80
3.50
3.50
0.20
0.00
3.50
3.50
3.50
5.70
2.70
18.40
15.10
60.90
38.70
6.00
6.20
8.00
11.70
6.50
17.30
44.60
48.10
0.00
1.70
0.20
4.60
6.00
1.10
0.20
0.00
0.80
10.20
9.20
2.00
9.50
2.10
1.90
2.90
1.30
5.20
9.60
19.10
14.90
0.00
3.00
17.30
3.20
0.30
2.40
1.70
6.40
0.50
0.80
55.70
29.10
58.80
4.20
8.50
0.00
8.30
15.30
7.10
2.90
0.50
0.50
37.80
0.00
0.00
0.30
0.00
5.40
37.60
16.90
15.60
14.40
1.00
7.30
4.70
11.80
11.50
11.50
1.80
0.00
2.80
0.20
63.20
23.20
6.80
12.10
11.80
8.60
0.00
0.00
0.00
19.60
0.30
0.00
0.00
0.00
0.00
5.70
23.00
1.30
0.20
1.80
0.70
