20160101
0.00
0.00
0.00
0.00
0.00
0.00
0.00
0.00
8.00
0.00
0.00
0.00
0.00
0.00
0.00
0.00
0.00
5.00
1.00
63.00
0.00
0.00
0.00
0.00
0.00
0.00
0.00
0.00
0.00
0.00
0.00
0.00
0.00
0.00
0.00
0.00
0.00
0.00
0.00
0.00
0.00
68.00
0.00
0.00
0.00
0.00
0.00
0.00
0.00
0.00
2.00
0.00
0.00
0.00
269.00
0.00
19.00
0.00
0.00
0.00
0.00
1.00
0.00
3.00
0.00
59.00
0.00
0.00
0.00
1.00
5.00
0.00
0.00
0.00
5.00
0.00
0.00
1.00
1.00
0.00
33.00
0.00
0.00
0.00
0.00
0.00
0.00
436.00
270.00
123.00
486.00
17.00
0.00
532.00
40.00
95.00
59.00
0.00
0.00
0.00
0.00
0.00
0.00
13.00
57.00
88.00
137.00
985.00
37.00
299.00
28.00
0.00
0.00
0.00
0.00
5.00
311.00
126.00
2.00
0.00
0.00
293.00
165.00
669.00
22.00
45.00
316.00
83.00
3.00
1.00
14.00
10.00
374.00
113.00
189.00
111.00
8.00
36.00
130.00
195.00
70.00
585.00
6.00
4.00
15.00
27.00
21.00
3.00
103.00
13.00
34.00
89.00
1.00
69.00
227.00
68.00
7.00
1.00
133.00
10.00
26.00
422.00
230.00
81.00
27.00
275.00
78.00
221.00
148.00
10.00
48.00
39.00
149.00
376.00
324.00
33.00
24.00
66.00
197.00
38.00
97.00
20.00
95.00
97.00
250.00
21.00
61.00
3.00
176.00
756.00
210.00
53.00
65.00
30.00
11.00
13.00
100.00
91.00
4.00
36.00
116.00
34.00
21.00
29.00
41.00
105.00
118.00
45.00
124.00
16.00
229.00
152.00
50.00
166.00
161.00
113.00
141.00
59.00
22.00
89.00
181.00
11.00
241.00
8.00
10.00
854.00
446.00
434.00
16.00
94.00
17.00
0.00
62.00
29.00
1.00
10.00
0.00
184.00
8.00
47.00
62.00
463.00
181.00
82.00
78.00
43.00
99.00
26.00
111.00
21.00
23.00
11.00
19.00
108.00
88.00
241.00
473.00
413.00
4.00
391.00
142.00
146.00
121.00
199.00
219.00
3.00
274.00
1.00
36.00
102.00
1.00
171.00
109.00
22.00
2.00
2.00
2.00
221.00
367.00
142.00
302.00
173.00
56.00
14.00
29.00
29.00
0.00
0.00
0.00
0.00
0.00
0.00
0.00
0.00
0.00
0.00
0.00
13.00
0.00
0.00
19.00
4.00
8.00
0.00
0.00
0.00
0.00
13.00
241.00
421.00
104.00
0.00
0.00
0.00
0.00
0.00
0.00
0.00
0.00
0.00
0.00
0.00
0.00
0.00
0.00
0.00
0.00
0.00
0.00
0.00
0.00
0.00
0.00
0.00
0.00
2.00
0.00
0.00
0.00
48.00
0.00
0.00
0.00
0.00
0.00
0.00
0.00
0.00
0.00
0.00
0.00
0.00
0.00
0.00
0.00
0.00
14.00
0.00
0.00
0.00
7.00
0.00
0.00
0.00
36.00
22.00
0.00
0.00
43.00
0.00
0.00
0.00
0.00
0.00
0.00
0.00
0.00
0.00
0.00
0.00
0.00
0.00
0.00
0.00
0.00
0.00
0.00
0.00
0.00
0.00
0.00
0.00
1.00
0.00
0.00
0.00
0.00
0.00
0.00
0.00
0.00
0.00
0.00
0.00
0.00
0.00
0.00
0.00
0.00
0.00
0.00
0.00
0.00
0.00
0.00
0.00
0.00
0.00
0.00
0.00
0.00
0.00
0.00
0.00
0.00
0.00
0.00
0.00
10.00
17.00
0.00
0.00
26.00
0.00
273.00
78.00
0.00
0.00
0.00
0.00
0.00
1.00
8.00
21.00
91.00
0.00
0.00
0.00
34.00
197.00
10.00
2.00
35.00
635.00
237.00
20.00
8.00
26.00
58.00
423.00
437.00
0.00
11.00
3.00
0.00
0.00
0.00
0.00
0.00
0.00
51.00
2.00
0.00
7.00
966.00
546.00
78.00
428.00
9.00
282.00
245.00
1.00
0.00
4.00
46.00
86.00
336.00
0.00
6.00
91.00
125.00
53.00
0.00
0.00
12.00
2.00
191.00
2.00
119.00
154.00
450.00
0.00
55.00
38.00
111.00
361.00
0.00
89.00
1.00
10.00
1.00
14.00
5.00
2.00
189.00
374.00
1276.00
973.00
265.00
494.00
132.00
200.00
4.00
17.00
103.00
23.00
206.00
222.00
665.00
30.00
304.00
282.00
110.00
373.00
1403.00
1258.00
72.00
189.00
142.00
400.00
368.00
128.00
56.00
133.00
392.00
105.00
259.00
83.00
70.00
84.00
120.00
40.00
81.00
36.00
34.00
127.00
214.00
222.00
187.00
319.00
16.00
229.00
68.00
104.00
100.00
46.00
36.00
180.00
254.00
85.00
106.00
43.00
16.00
50.00
20.00
112.00
45.00
94.00
136.00
17.00
320.00
724.00
74.00
53.00
8.00
6.00
1.00
671.00
1863.00
405.00
74.00
82.00
183.00
10.00
468.00
62.00
156.00
40.00
242.00
51.00
708.00
285.00
410.00
162.00
574.00
71.00
115.00
144.00
206.00
218.00
72.00
223.00
90.00
183.00
1165.00
463.00
209.00
308.00
800.00
73.00
39.00
264.00
261.00
16.00
96.00
173.00
51.00
147.00
43.00
36.00
1.00
7.00
19.00
156.00
26.00
295.00
467.00
129.00
153.00
244.00
16.00
12.00
23.00
19.00
163.00
40.00
7.00
6.00
5.00
0.00
26.00
58.00
43.00
105.00
0.00
122.00
761.00
283.00
773.00
1088.00
0.00
0.00
0.00
0.00
0.00
0.00
6.00
31.00
221.00
3.00
0.00
0.00
0.00
0.00
6.00
5.00
0.00
0.00
0.00
0.00
0.00
17.00
0.00
1.00
415.00
66.00
1.00
0.00
4.00
0.00
0.00
0.00
0.00
0.00
0.00
0.00
0.00
0.00
0.00
0.00
0.00
0.00
0.00
0.00
0.00
0.00
2.00
192.00
286.00
271.00
0.00
0.00
0.00
0.00
0.00
0.00
0.00
0.00
12.00
1.00
4.00
0.00
0.00
0.00
0.00
0.00
0.00
0.00
0.00
0.00
77.00
148.00
3.00
0.00
0.00
0.00
0.00
0.00
0.00
0.00
0.00
0.00
0.00
0.00
0.00
0.00
0.00
0.00
0.00
0.00
0.00
0.00
0.00
0.00
0.00
0.00
0.00
0.00
0.00
0.00
0.00
0.00
0.00
0.00
0.00
3.00
0.00
0.00
472.00
155.00
287.00
98.00
38.00
0.00
51.00
51.00
0.00
0.00
0.00
0.00
0.00
0.00
0.00
0.00
0.00
0.00
242.00
474.00
0.00
0.00
0.00
0.00
0.00
0.00
0.00
0.00
0.00
0.00
0.00
0.00
0.00
0.00
17.00
0.00
0.00
46.00
12.00
0.00
0.00
0.00
0.00
5.00
5.00
15.00
43.00
184.00
0.00
82.00
424.00
185.00
126.00
8.00
6.00
0.00
0.00
62.00
22.00
147.00
1.00
0.00
4.00
34.00
14.00
0.00
252.00
0.00
1.00
167.00
179.00
2.00
28.00
262.00
134.00
0.00
44.00
485.00
87.00
0.00
227.00
265.00
272.00
0.00
97.00
1.00
313.00
588.00
941.00
394.00
608.00
421.00
282.00
501.00
1.00
2.00
4.00
334.00
12.00
18.00
9.00
0.00
0.00
12.00
61.00
26.00
337.00
81.00
59.00
29.00
258.00
8.00
68.00
230.00
166.00
171.00
63.00
69.00
606.00
119.00
75.00
53.00
612.00
62.00
136.00
258.00
40.00
466.00
282.00
17.00
62.00
90.00
105.00
1.00
162.00
10.00
4.00
25.00
7.00
39.00
50.00
9.00
5.00
19.00
71.00
115.00
28.00
11.00
2.00
29.00
89.00
25.00
7.00
10.00
14.00
97.00
40.00
341.00
127.00
12.00
53.00
3.00
28.00
26.00
203.00
48.00
330.00
286.00
172.00
5.00
4.00
37.00
42.00
170.00
312.00
81.00
32.00
2.00
12.00
277.00
107.00
44.00
34.00
91.00
121.00
109.00
95.00
197.00
188.00
306.00
554.00
53.00
23.00
94.00
88.00
46.00
25.00
222.00
85.00
65.00
70.00
113.00
16.00
12.00
17.00
47.00
49.00
5.00
94.00
161.00
95.00
10.00
3.00
16.00
54.00
21.00
150.00
24.00
40.00
27.00
3.00
1.00
0.00
12.00
87.00
500.00
5.00
16.00
51.00
110.00
157.00
102.00
254.00
0.00
1.00
0.00
0.00
0.00
0.00
22.00
0.00
0.00
0.00
0.00
0.00
49.00
54.00
311.00
7.00
0.00
0.00
0.00
0.00
0.00
0.00
0.00
0.00
0.00
0.00
0.00
0.00
0.00
18.00
153.00
52.00
34.00
0.00
0.00
0.00
0.00
10.00
20.00
0.00
0.00
0.00
0.00
0.00
0.00
0.00
0.00
0.00
0.00
0.00
0.00
0.00
0.00
0.00
0.00
0.00
0.00
0.00
0.00
0.00
0.00
0.00
0.00
0.00
0.00
0.00
0.00
0.00
3.00
0.00
0.00
0.00
0.00
0.00
0.00
0.00
0.00
0.00
0.00
5.00
78.00
42.00
0.00
0.00
0.00
0.00
0.00
0.00
0.00
0.00
0.00
0.00
0.00
0.00
0.00
0.00
0.00
0.00
0.00
0.00
0.00
0.00
0.00
0.00
0.00
0.00
0.00
0.00
0.00
0.00
0.00
0.00
0.00
0.00
0.00
0.00
0.00
0.00
0.00
0.00
5.00
5.00
1.00
0.00
0.00
0.00
0.00
0.00
0.00
0.00
0.00
0.00
0.00
0.00
0.00
0.00
0.00
0.00
0.00
0.00
0.00
1.00
7.00
0.00
0.00
0.00
0.00
0.00
0.00
0.00
26.90
12.10
34.80
23.70
0.00
0.00
0.00
7.60
3.30
0.00
0.00
0.00
0.00
0.00
0.00
0.00
0.00
0.00
2.00
0.00
24.70
0.10
0.10
0.00
0.00
26.10
0.00
0.00
0.00
2.10
6.50
0.00
1.10
0.00
132.70
17.20
92.50
0.00
32.30
13.20
50.90
0.00
41.00
32.80
0.00
0.10
2.20
1.70
0.00
0.50
0.10
0.00
0.00
0.00
1.00
3.10
0.10
0.00
0.00
0.00
0.00
3.90
5.00
6.50
0.50
0.50
2.90
58.80
64.20
0.00
0.00
0.00
0.50
0.30
0.00
0.40
0.80
33.30
0.90
5.40
0.00
19.90
10.20
6.10
6.10
0.70
25.00
25.00
10.70
1.20
2.50
2.70
2.90
3.20
0.10
76.90
68.40
36.30
23.90
43.70
49.50
4.60
3.80
12.10
2.80
6.10
0.00
0.50
96.20
108.20
47.40
0.40
0.10
1.80
10.90
15.70
21.10
0.10
0.30
0.20
32.60
42.80
28.30
29.00
1.30
12.20
16.20
3.00
1.90
12.60
7.00
5.80
9.70
28.30
31.10
31.10
78.10
78.10
81.80
3.20
3.20
1.00
2.90
3.20
3.20
3.20
3.50
27.70
37.30
39.20
33.10
7.40
9.90
2.00
2.40
7.90
15.90
6.80
23.60
10.60
4.70
1.40
3.60
24.80
7.00
2.70
5.00
1.00
44.90
27.60
11.00
25.90
17.40
1.50
1.60
0.20
3.70
8.20
68.90
52.80
26.10
1.20
9.40
3.40
5.70
2.20
2.80
11.80
46.40
26.00
43.90
37.60
10.30
9.70
10.60
2.50
0.80
7.70
4.40
2.10
3.80
2.90
24.50
13.30
3.10
1.50
2.30
1.40
11.90
29.80
24.30
63.70
33.40
1.70
3.20
1.60
26.80
34.60
34.60
10.70
3.00
8.30
3.20
16.70
5.60
4.90
15.10
3.10
0.00
0.70
0.00
0.00
0.90
1.70
0.00
0.00
0.30
0.00
0.30
7.40
0.90
0.10
0.00
1.00
