20160101
0.00
0.00
0.00
0.00
0.00
0.00
0.00
0.00
0.00
0.00
0.00
0.00
0.00
0.00
0.00
0.00
0.00
0.00
0.00
5.00
0.00
0.00
0.00
0.00
0.00
0.00
0.00
0.00
0.00
0.00
0.00
0.00
0.00
0.00
0.00
0.00
0.00
0.00
10.00
2.00
0.00
38.00
30.00
0.00
0.00
0.00
0.00
0.00
0.00
0.00
0.00
1.00
2.00
65.00
47.00
0.00
15.00
0.00
0.00
0.00
0.00
4.00
0.00
60.00
0.00
93.00
0.00
2.00
0.00
1.00
0.00
0.00
0.00
0.00
0.00
25.00
0.00
0.00
1.00
2.00
100.00
0.00
31.00
0.00
0.00
0.00
0.00
683.00
7.00
43.00
241.00
32.00
0.00
236.00
748.00
532.00
182.00
0.00
0.00
0.00
0.00
0.00
0.00
40.00
70.00
116.00
332.00
441.00
1.00
124.00
141.00
250.00
293.00
0.00
7.00
129.00
30.00
26.00
1.00
0.00
17.00
77.00
167.00
76.00
315.00
21.00
25.00
11.00
0.00
0.00
3.00
5.00
77.00
104.00
44.00
143.00
0.00
221.00
366.00
28.00
231.00
784.00
0.00
16.00
2.00
20.00
1.00
0.00
26.00
127.00
22.00
36.00
3.00
3.00
4.00
499.00
1.00
52.00
89.00
8.00
7.00
193.00
44.00
70.00
27.00
0.00
77.00
281.00
560.00
19.00
0.00
7.00
12.00
36.00
5.00
32.00
42.00
35.00
57.00
2.00
185.00
19.00
61.00
60.00
26.00
21.00
2.00
4.00
38.00
42.00
211.00
52.00
40.00
0.00
5.00
36.00
299.00
72.00
4.00
8.00
27.00
2.00
16.00
139.00
202.00
94.00
246.00
34.00
10.00
46.00
142.00
36.00
11.00
84.00
5.00
105.00
114.00
149.00
37.00
253.00
185.00
57.00
16.00
25.00
58.00
39.00
88.00
136.00
18.00
59.00
44.00
2.00
153.00
19.00
0.00
8.00
0.00
640.00
36.00
3.00
35.00
31.00
280.00
482.00
321.00
4.00
111.00
69.00
101.00
80.00
92.00
11.00
3.00
1.00
62.00
439.00
537.00
211.00
0.00
105.00
176.00
115.00
96.00
258.00
463.00
46.00
347.00
5.00
297.00
102.00
73.00
421.00
0.00
326.00
0.00
0.00
0.00
72.00
396.00
189.00
132.00
2.00
1.00
76.00
271.00
201.00
13.00
0.00
0.00
0.00
0.00
0.00
0.00
0.00
0.00
0.00
0.00
0.00
0.00
0.00
81.00
5.00
60.00
17.00
0.00
0.00
22.00
33.00
206.00
508.00
395.00
0.00
0.00
0.00
0.00
0.00
0.00
0.00
0.00
0.00
0.00
0.00
0.00
0.00
0.00
0.00
0.00
0.00
0.00
0.00
0.00
0.00
0.00
0.00
0.00
0.00
0.00
0.00
0.00
0.00
0.00
0.00
0.00
0.00
0.00
0.00
0.00
0.00
0.00
0.00
0.00
0.00
0.00
0.00
0.00
0.00
0.00
0.00
0.00
0.00
0.00
0.00
0.00
0.00
0.00
0.00
0.00
0.00
0.00
0.00
0.00
0.00
0.00
0.00
0.00
0.00
0.00
0.00
0.00
0.00
0.00
0.00
0.00
0.00
0.00
0.00
0.00
0.00
0.00
0.00
0.00
0.00
1.00
0.00
0.00
0.00
0.00
0.00
0.00
0.00
0.00
0.00
0.00
0.00
0.00
0.00
0.00
0.00
0.00
0.00
0.00
0.00
0.00
0.00
0.00
0.00
0.00
0.00
10.00
3.00
0.00
0.00
0.00
0.00
0.00
0.00
0.00
0.00
1.00
53.00
1.00
0.00
163.00
0.00
59.00
154.00
0.00
0.00
0.00
0.00
0.00
0.00
74.00
0.00
99.00
0.00
0.00
0.00
0.00
109.00
0.00
0.00
9.00
82.00
545.00
66.00
23.00
38.00
439.00
206.00
444.00
0.00
0.00
0.00
0.00
0.00
0.00
0.00
0.00
0.00
31.00
24.00
0.00
1.00
667.00
339.00
217.00
550.00
17.00
342.00
55.00
1.00
0.00
103.00
2.00
30.00
263.00
0.00
0.00
68.00
17.00
74.00
0.00
0.00
112.00
0.00
20.00
0.00
27.00
107.00
417.00
1.00
46.00
2.00
79.00
48.00
100.00
19.00
0.00
0.00
4.00
24.00
244.00
27.00
144.00
748.00
297.00
425.00
168.00
386.00
263.00
23.00
0.00
5.00
105.00
320.00
842.00
184.00
153.00
49.00
46.00
192.00
48.00
87.00
63.00
405.00
5.00
11.00
37.00
83.00
45.00
610.00
464.00
120.00
180.00
56.00
184.00
102.00
7.00
49.00
6.00
95.00
154.00
49.00
29.00
21.00
86.00
62.00
455.00
227.00
315.00
256.00
49.00
6.00
40.00
23.00
85.00
23.00
123.00
102.00
204.00
23.00
69.00
35.00
241.00
61.00
72.00
25.00
13.00
89.00
205.00
51.00
96.00
101.00
14.00
2.00
0.00
46.00
732.00
568.00
8.00
23.00
41.00
42.00
18.00
112.00
261.00
187.00
140.00
69.00
688.00
38.00
298.00
345.00
12.00
93.00
109.00
32.00
32.00
8.00
30.00
29.00
0.00
37.00
61.00
189.00
32.00
0.00
168.00
4.00
8.00
49.00
21.00
0.00
98.00
240.00
539.00
111.00
15.00
4.00
1.00
0.00
0.00
8.00
170.00
145.00
330.00
78.00
41.00
336.00
18.00
1.00
3.00
386.00
148.00
100.00
67.00
7.00
16.00
0.00
50.00
0.00
0.00
0.00
0.00
103.00
254.00
270.00
379.00
1456.00
0.00
0.00
0.00
0.00
0.00
0.00
2.00
791.00
468.00
0.00
0.00
0.00
0.00
0.00
0.00
0.00
0.00
0.00
0.00
0.00
0.00
98.00
0.00
0.00
119.00
31.00
4.00
0.00
0.00
0.00
0.00
0.00
0.00
0.00
0.00
0.00
0.00
0.00
0.00
0.00
0.00
0.00
0.00
0.00
0.00
2.00
132.00
333.00
355.00
244.00
0.00
0.00
0.00
0.00
0.00
0.00
0.00
0.00
21.00
0.00
0.00
0.00
0.00
0.00
0.00
0.00
0.00
0.00
0.00
0.00
51.00
199.00
9.00
0.00
0.00
0.00
0.00
0.00
0.00
0.00
0.00
0.00
0.00
0.00
0.00
0.00
0.00
0.00
0.00
0.00
0.00
0.00
0.00
0.00
0.00
0.00
0.00
0.00
0.00
0.00
0.00
0.00
0.00
0.00
0.00
0.00
0.00
0.00
63.00
26.00
239.00
9.00
100.00
0.00
2.00
0.00
0.00
0.00
0.00
0.00
0.00
4.00
0.00
0.00
0.00
0.00
1.00
371.00
0.00
0.00
0.00
0.00
0.00
0.00
0.00
0.00
0.00
0.00
0.00
0.00
0.00
0.00
18.00
0.00
0.00
4.00
49.00
32.00
0.00
0.00
0.00
0.00
0.00
0.00
16.00
249.00
34.00
0.00
163.00
230.00
0.00
0.00
31.00
38.00
0.00
144.00
1.00
2.00
132.00
0.00
34.00
28.00
55.00
0.00
27.00
0.00
0.00
65.00
52.00
8.00
17.00
251.00
55.00
0.00
2.00
14.00
3.00
1.00
72.00
130.00
361.00
1.00
86.00
5.00
130.00
538.00
596.00
580.00
685.00
550.00
295.00
180.00
0.00
102.00
50.00
135.00
58.00
11.00
0.00
0.00
106.00
6.00
1.00
16.00
52.00
2.00
0.00
0.00
62.00
151.00
1.00
96.00
14.00
38.00
85.00
131.00
396.00
64.00
31.00
740.00
167.00
532.00
394.00
595.00
0.00
596.00
289.00
3.00
0.00
0.00
6.00
0.00
20.00
81.00
5.00
16.00
1.00
413.00
93.00
9.00
0.00
9.00
0.00
3.00
93.00
7.00
0.00
20.00
42.00
32.00
49.00
185.00
53.00
134.00
175.00
55.00
305.00
16.00
32.00
187.00
44.00
35.00
97.00
20.00
59.00
51.00
22.00
5.00
3.00
59.00
174.00
285.00
128.00
33.00
8.00
3.00
510.00
145.00
35.00
106.00
148.00
73.00
39.00
72.00
290.00
491.00
115.00
753.00
148.00
102.00
7.00
0.00
433.00
176.00
5.00
140.00
61.00
69.00
181.00
37.00
33.00
8.00
19.00
97.00
88.00
0.00
2.00
62.00
107.00
36.00
0.00
0.00
77.00
1.00
3.00
18.00
1.00
0.00
61.00
67.00
32.00
2.00
218.00
25.00
256.00
0.00
31.00
62.00
22.00
3.00
380.00
0.00
0.00
0.00
0.00
0.00
0.00
0.00
0.00
10.00
0.00
0.00
33.00
150.00
386.00
270.00
3.00
1.00
0.00
0.00
0.00
0.00
0.00
0.00
0.00
0.00
0.00
0.00
0.00
0.00
391.00
324.00
285.00
152.00
30.00
0.00
0.00
0.00
0.00
0.00
3.00
0.00
0.00
0.00
0.00
0.00
0.00
0.00
0.00
0.00
0.00
0.00
0.00
0.00
1.00
0.00
0.00
0.00
0.00
0.00
0.00
0.00
0.00
0.00
0.00
0.00
0.00
0.00
0.00
0.00
2.00
0.00
0.00
0.00
0.00
0.00
0.00
0.00
1.00
0.00
2.00
33.00
1.00
0.00
0.00
0.00
0.00
0.00
0.00
0.00
0.00
0.00
0.00
0.00
0.00
0.00
0.00
0.00
0.00
0.00
0.00
0.00
0.00
0.00
0.00
0.00
0.00
0.00
0.00
0.00
0.00
0.00
0.00
0.00
0.00
0.00
0.00
0.00
0.00
0.00
0.00
0.00
0.00
0.00
4.00
0.00
0.00
0.00
0.00
0.00
0.00
0.00
0.00
0.00
0.00
0.00
0.00
0.00
0.00
0.00
0.00
0.00
1.00
9.00
0.00
0.00
0.00
0.00
0.00
0.00
0.00
101.00
59.90
77.30
66.00
0.00
0.00
0.00
3.90
25.40
0.00
0.00
0.00
0.00
0.00
0.00
0.00
0.00
0.00
0.80
0.00
77.20
7.90
0.10
1.40
0.00
32.20
0.00
0.00
0.00
0.20
12.00
0.00
0.00
0.00
82.80
11.50
236.50
23.30
7.50
0.00
11.10
0.00
18.90
12.30
0.00
0.30
0.10
0.20
0.00
0.30
0.00
0.00
0.00
0.00
2.80
0.00
1.20
0.00
0.00
0.00
0.00
0.00
22.10
0.40
0.00
0.00
0.20
8.60
29.10
0.00
0.00
0.00
0.00
0.00
0.00
12.20
0.00
27.10
6.40
10.10
14.10
20.80
3.60
0.00
0.00
2.80
15.10
15.10
74.90
0.40
4.80
0.00
0.00
0.00
0.00
35.30
46.80
0.40
10.90
13.90
0.10
14.40
8.70
4.70
1.90
0.00
0.00
2.70
30.40
25.50
1.30
0.10
0.00
5.20
36.10
10.00
13.40
2.20
0.10
0.20
0.10
2.00
0.20
1.40
8.00
7.10
9.70
3.50
8.30
45.60
21.40
13.30
0.70
10.30
22.70
22.70
20.60
20.60
5.80
4.40
4.40
0.00
0.50
4.40
4.40
4.40
3.50
1.60
2.00
3.30
60.90
20.20
33.20
5.70
1.30
14.10
3.00
9.00
26.30
62.20
20.60
7.20
0.30
19.60
3.20
0.80
0.50
0.30
4.80
11.70
7.20
4.50
0.00
4.30
0.10
0.30
5.00
3.40
154.60
64.80
31.10
5.90
10.80
1.90
2.70
0.50
2.70
4.20
0.50
2.30
24.90
30.00
28.30
18.40
35.10
0.70
0.60
22.90
12.60
8.60
0.70
0.30
6.10
11.10
0.10
0.00
1.10
0.80
12.70
18.10
14.40
25.00
18.50
0.40
9.60
24.90
26.20
8.20
8.20
2.80
0.00
0.20
0.10
26.30
3.20
12.00
49.80
18.70
2.00
0.00
0.00
0.00
10.80
7.90
0.00
0.00
0.00
0.00
1.00
9.20
3.90
0.30
1.00
1.30
