20160101
0.00
0.00
0.00
0.00
0.00
0.00
0.00
0.00
0.00
0.00
0.00
0.00
2.00
0.00
0.00
0.00
0.00
0.00
4.00
107.00
0.00
0.00
0.00
0.00
0.00
8.00
0.00
0.00
0.00
0.00
0.00
0.00
0.00
0.00
0.00
0.00
0.00
0.00
6.00
0.00
0.00
0.00
0.00
0.00
0.00
0.00
0.00
0.00
0.00
0.00
3.00
50.00
0.00
0.00
76.00
0.00
22.00
0.00
0.00
0.00
0.00
0.00
0.00
0.00
0.00
12.00
0.00
0.00
0.00
0.00
5.00
1.00
1.00
1.00
3.00
0.00
1.00
0.00
17.00
22.00
21.00
0.00
0.00
0.00
0.00
0.00
28.00
696.00
79.00
85.00
212.00
10.00
0.00
254.00
319.00
940.00
165.00
111.00
244.00
130.00
9.00
59.00
0.00
2.00
287.00
202.00
815.00
950.00
78.00
694.00
167.00
1302.00
610.00
81.00
10.00
67.00
352.00
650.00
77.00
1.00
365.00
145.00
77.00
80.00
224.00
140.00
89.00
77.00
10.00
4.00
8.00
65.00
115.00
76.00
279.00
348.00
82.00
1560.00
977.00
66.00
30.00
646.00
9.00
10.00
96.00
110.00
11.00
200.00
68.00
13.00
13.00
123.00
2.00
0.00
2.00
4.00
274.00
79.00
610.00
119.00
93.00
60.00
5.00
1.00
2.00
141.00
48.00
58.00
117.00
19.00
26.00
14.00
421.00
499.00
419.00
23.00
23.00
385.00
175.00
18.00
93.00
69.00
72.00
47.00
84.00
63.00
0.00
32.00
143.00
100.00
215.00
123.00
42.00
67.00
18.00
9.00
133.00
52.00
10.00
22.00
91.00
34.00
75.00
19.00
244.00
102.00
93.00
27.00
17.00
89.00
134.00
149.00
20.00
14.00
2.00
64.00
286.00
173.00
41.00
105.00
118.00
125.00
49.00
17.00
38.00
110.00
134.00
97.00
8.00
62.00
12.00
0.00
76.00
94.00
0.00
27.00
0.00
174.00
19.00
157.00
109.00
108.00
987.00
689.00
266.00
9.00
235.00
84.00
321.00
174.00
91.00
11.00
2.00
28.00
251.00
423.00
367.00
17.00
0.00
6.00
140.00
404.00
33.00
271.00
436.00
60.00
25.00
600.00
415.00
39.00
0.00
567.00
11.00
42.00
1.00
45.00
0.00
4.00
14.00
32.00
68.00
90.00
255.00
161.00
111.00
58.00
0.00
0.00
0.00
0.00
0.00
0.00
0.00
0.00
0.00
0.00
0.00
3.00
0.00
0.00
231.00
3.00
0.00
0.00
2.00
0.00
0.00
13.00
257.00
421.00
189.00
3.00
0.00
0.00
0.00
0.00
0.00
0.00
0.00
0.00
0.00
0.00
0.00
0.00
0.00
0.00
0.00
0.00
0.00
0.00
0.00
0.00
0.00
0.00
0.00
36.00
0.00
0.00
0.00
0.00
0.00
0.00
0.00
0.00
0.00
0.00
0.00
0.00
0.00
0.00
0.00
0.00
0.00
0.00
0.00
0.00
0.00
0.00
0.00
0.00
0.00
0.00
0.00
0.00
0.00
13.00
0.00
0.00
0.00
0.00
0.00
0.00
0.00
0.00
0.00
0.00
0.00
0.00
0.00
0.00
0.00
0.00
0.00
0.00
0.00
0.00
0.00
0.00
0.00
0.00
0.00
2.00
8.00
0.00
0.00
0.00
0.00
0.00
0.00
0.00
0.00
0.00
0.00
0.00
0.00
0.00
0.00
0.00
0.00
0.00
0.00
0.00
0.00
0.00
0.00
0.00
356.00
1.00
0.00
0.00
0.00
0.00
0.00
0.00
0.00
0.00
0.00
0.00
54.00
57.00
0.00
0.00
98.00
0.00
314.00
26.00
0.00
0.00
0.00
0.00
0.00
32.00
125.00
20.00
145.00
0.00
0.00
0.00
12.00
289.00
0.00
56.00
114.00
632.00
386.00
1151.00
517.00
854.00
657.00
199.00
110.00
2.00
7.00
112.00
240.00
0.00
0.00
0.00
0.00
0.00
219.00
4.00
0.00
3.00
575.00
469.00
366.00
53.00
49.00
72.00
369.00
196.00
3.00
97.00
10.00
88.00
144.00
1.00
9.00
49.00
1026.00
296.00
0.00
55.00
159.00
3.00
14.00
0.00
49.00
375.00
316.00
20.00
9.00
411.00
177.00
274.00
198.00
221.00
1.00
127.00
276.00
162.00
3.00
19.00
193.00
401.00
119.00
680.00
326.00
263.00
194.00
55.00
3.00
15.00
25.00
7.00
1135.00
523.00
513.00
1035.00
478.00
52.00
197.00
1272.00
572.00
854.00
13.00
34.00
257.00
339.00
760.00
299.00
194.00
274.00
451.00
109.00
586.00
215.00
94.00
21.00
51.00
92.00
205.00
79.00
52.00
166.00
71.00
83.00
488.00
144.00
162.00
404.00
19.00
36.00
52.00
256.00
344.00
223.00
610.00
162.00
41.00
91.00
205.00
57.00
42.00
56.00
72.00
192.00
268.00
138.00
359.00
111.00
506.00
107.00
71.00
38.00
14.00
276.00
678.00
408.00
26.00
289.00
385.00
19.00
379.00
28.00
153.00
27.00
282.00
139.00
222.00
174.00
103.00
157.00
48.00
105.00
202.00
315.00
85.00
100.00
97.00
512.00
158.00
33.00
48.00
105.00
451.00
710.00
369.00
41.00
21.00
216.00
416.00
12.00
4.00
161.00
18.00
152.00
167.00
6.00
3.00
5.00
3.00
0.00
114.00
167.00
369.00
538.00
374.00
355.00
7.00
3.00
0.00
313.00
108.00
393.00
97.00
11.00
0.00
0.00
254.00
250.00
56.00
158.00
0.00
37.00
196.00
526.00
576.00
1573.00
11.00
0.00
0.00
0.00
0.00
0.00
1.00
92.00
244.00
2.00
0.00
0.00
0.00
0.00
7.00
3.00
0.00
0.00
0.00
0.00
1.00
9.00
1.00
7.00
305.00
54.00
1.00
1.00
1.00
0.00
0.00
0.00
0.00
0.00
0.00
0.00
0.00
0.00
0.00
0.00
0.00
0.00
0.00
0.00
0.00
0.00
0.00
49.00
760.00
475.00
4.00
0.00
0.00
0.00
0.00
0.00
0.00
39.00
121.00
1.00
0.00
0.00
0.00
0.00
0.00
0.00
0.00
0.00
0.00
0.00
1.00
231.00
25.00
0.00
0.00
0.00
0.00
0.00
0.00
0.00
0.00
0.00
0.00
0.00
0.00
0.00
0.00
0.00
0.00
0.00
0.00
0.00
0.00
0.00
0.00
0.00
0.00
0.00
0.00
0.00
0.00
0.00
0.00
0.00
0.00
0.00
0.00
0.00
62.00
20.00
94.00
50.00
1.00
0.00
19.00
6.00
0.00
0.00
0.00
0.00
0.00
0.00
0.00
0.00
26.00
0.00
322.00
459.00
0.00
0.00
0.00
0.00
1.00
0.00
0.00
0.00
0.00
0.00
0.00
0.00
0.00
0.00
158.00
0.00
39.00
26.00
25.00
0.00
0.00
0.00
0.00
0.00
0.00
0.00
1.00
64.00
0.00
242.00
678.00
250.00
77.00
0.00
2.00
0.00
0.00
6.00
10.00
9.00
20.00
61.00
160.00
285.00
56.00
1.00
104.00
0.00
0.00
25.00
34.00
4.00
60.00
85.00
8.00
0.00
36.00
62.00
6.00
24.00
230.00
25.00
387.00
8.00
165.00
0.00
242.00
117.00
867.00
383.00
332.00
629.00
328.00
181.00
8.00
4.00
0.00
155.00
4.00
0.00
53.00
4.00
0.00
2.00
1.00
2.00
54.00
538.00
202.00
6.00
112.00
11.00
166.00
182.00
0.00
0.00
133.00
137.00
95.00
101.00
2.00
4.00
1.00
40.00
144.00
545.00
282.00
950.00
238.00
15.00
21.00
32.00
13.00
40.00
295.00
5.00
31.00
306.00
11.00
132.00
149.00
18.00
114.00
40.00
255.00
81.00
54.00
26.00
13.00
6.00
110.00
69.00
11.00
20.00
92.00
32.00
174.00
339.00
101.00
61.00
74.00
27.00
0.00
69.00
116.00
62.00
192.00
592.00
183.00
86.00
101.00
211.00
176.00
283.00
321.00
100.00
33.00
7.00
27.00
405.00
36.00
80.00
376.00
28.00
272.00
493.00
37.00
370.00
113.00
113.00
171.00
2.00
0.00
2.00
48.00
23.00
36.00
261.00
39.00
182.00
250.00
97.00
55.00
16.00
2.00
257.00
137.00
49.00
442.00
124.00
0.00
0.00
0.00
1.00
3.00
2.00
142.00
401.00
18.00
32.00
0.00
0.00
0.00
279.00
132.00
2.00
46.00
0.00
35.00
74.00
217.00
52.00
8.00
0.00
0.00
21.00
12.00
0.00
0.00
0.00
0.00
0.00
0.00
0.00
0.00
27.00
51.00
516.00
142.00
0.00
0.00
5.00
0.00
3.00
0.00
0.00
0.00
0.00
0.00
0.00
0.00
0.00
4.00
228.00
106.00
51.00
0.00
0.00
0.00
0.00
10.00
0.00
0.00
0.00
0.00
0.00
0.00
0.00
0.00
0.00
0.00
0.00
0.00
0.00
0.00
0.00
0.00
0.00
1.00
0.00
0.00
0.00
0.00
0.00
0.00
0.00
0.00
0.00
0.00
0.00
0.00
49.00
0.00
0.00
0.00
0.00
0.00
0.00
0.00
0.00
0.00
0.00
5.00
120.00
155.00
0.00
0.00
0.00
0.00
0.00
0.00
0.00
0.00
0.00
0.00
0.00
0.00
0.00
0.00
0.00
0.00
0.00
3.00
0.00
0.00
0.00
0.00
0.00
0.00
0.00
0.00
0.00
0.00
0.00
0.00
0.00
0.00
0.00
0.00
0.00
0.00
0.00
0.00
0.00
0.00
0.00
0.00
0.00
0.00
0.00
0.00
0.00
0.00
0.00
0.00
0.00
0.00
5.00
0.00
0.00
0.00
0.00
0.00
0.00
0.00
14.00
0.00
0.00
0.00
0.00
0.00
0.00
0.00
55.60
6.00
42.10
21.80
0.00
0.00
0.00
15.30
2.80
0.00
0.00
0.00
0.00
0.00
0.00
0.00
0.00
0.00
0.80
0.00
2.10
0.10
0.00
0.00
5.40
28.60
0.00
0.00
0.00
0.80
5.10
0.00
0.00
0.00
111.70
29.80
34.40
0.00
54.20
34.10
46.10
1.10
5.40
12.50
0.00
0.00
6.00
0.00
0.00
21.60
39.20
5.90
0.00
0.00
6.50
0.20
1.00
0.00
0.00
0.00
0.00
23.20
17.20
28.30
7.20
7.20
3.60
46.90
93.30
7.20
8.70
11.20
26.60
25.00
3.90
21.00
21.80
11.70
1.80
24.10
10.40
26.60
17.50
0.00
0.00
34.30
70.30
70.30
30.70
4.90
11.80
2.20
0.20
0.00
9.00
7.10
8.80
1.50
8.80
21.60
0.10
14.50
9.70
7.50
11.10
0.80
0.00
0.00
46.30
58.00
23.40
15.30
9.60
8.80
14.40
32.70
26.40
5.50
0.00
5.30
170.50
85.90
49.60
129.90
1.20
20.80
15.00
22.00
3.10
12.20
14.90
15.40
9.60
21.30
22.70
22.70
86.70
86.70
41.60
5.50
5.50
0.70
4.10
5.50
5.50
5.50
57.30
46.60
36.30
16.10
42.50
10.50
7.50
2.30
3.80
41.80
3.10
10.90
81.60
13.30
3.90
4.10
0.90
53.50
1.70
4.70
5.60
0.00
6.40
12.30
17.30
32.90
35.30
8.10
0.80
0.00
0.60
17.70
35.60
30.60
18.70
1.20
0.50
25.90
3.30
0.80
2.70
6.20
1.60
2.00
4.90
33.00
12.60
47.80
17.30
9.30
0.80
11.80
2.90
9.30
6.00
1.00
6.40
10.70
0.40
0.00
0.00
0.00
4.20
38.80
31.40
20.20
30.20
0.00
7.80
2.90
29.30
12.40
12.40
32.90
0.90
2.40
0.10
9.40
1.80
0.00
18.50
3.80
0.00
0.00
0.00
0.00
1.90
0.00
0.00
0.00
0.00
0.00
2.60
4.40
1.00
0.20
0.00
5.10
