20160101
0.00
0.00
0.00
0.00
0.00
0.00
0.00
0.00
0.00
0.00
0.00
0.00
0.00
0.00
0.00
0.00
0.00
0.00
5.00
34.00
0.00
0.00
0.00
0.00
0.00
0.00
0.00
0.00
0.00
0.00
0.00
0.00
0.00
0.00
0.00
0.00
0.00
0.00
2.00
0.00
0.00
138.00
0.00
0.00
0.00
0.00
0.00
0.00
0.00
1.00
13.00
0.00
0.00
0.00
6.00
0.00
8.00
1.00
0.00
0.00
0.00
0.00
0.00
0.00
0.00
62.00
0.00
0.00
0.00
0.00
0.00
0.00
2.00
1.00
0.00
0.00
0.00
0.00
0.00
0.00
1.00
0.00
0.00
0.00
0.00
0.00
3.00
36.00
9.00
76.00
455.00
1.00
0.00
349.00
16.00
3.00
0.00
0.00
0.00
0.00
0.00
0.00
0.00
0.00
232.00
4.00
45.00
172.00
4.00
0.00
7.00
0.00
0.00
0.00
0.00
0.00
22.00
172.00
3.00
0.00
1.00
30.00
0.00
205.00
2.00
204.00
10.00
143.00
7.00
24.00
40.00
12.00
896.00
535.00
247.00
91.00
96.00
20.00
132.00
34.00
71.00
404.00
1.00
2.00
42.00
165.00
2.00
41.00
10.00
14.00
71.00
24.00
0.00
3.00
0.00
0.00
0.00
106.00
811.00
0.00
16.00
0.00
145.00
60.00
2.00
237.00
74.00
336.00
141.00
49.00
241.00
316.00
277.00
274.00
396.00
132.00
42.00
266.00
44.00
107.00
245.00
214.00
141.00
81.00
174.00
145.00
131.00
41.00
206.00
591.00
353.00
100.00
114.00
81.00
159.00
159.00
120.00
261.00
52.00
106.00
223.00
141.00
128.00
321.00
88.00
547.00
272.00
66.00
63.00
37.00
173.00
25.00
88.00
286.00
168.00
217.00
471.00
216.00
20.00
61.00
30.00
58.00
318.00
51.00
48.00
708.00
263.00
436.00
65.00
90.00
68.00
4.00
128.00
52.00
14.00
31.00
3.00
276.00
18.00
10.00
350.00
151.00
638.00
347.00
491.00
447.00
235.00
121.00
60.00
140.00
106.00
34.00
12.00
320.00
160.00
432.00
413.00
137.00
52.00
140.00
144.00
164.00
267.00
927.00
22.00
6.00
138.00
41.00
469.00
349.00
20.00
22.00
10.00
12.00
7.00
21.00
0.00
13.00
174.00
46.00
169.00
66.00
131.00
67.00
108.00
25.00
0.00
0.00
0.00
0.00
0.00
0.00
0.00
0.00
0.00
0.00
0.00
6.00
0.00
0.00
89.00
0.00
0.00
0.00
0.00
0.00
0.00
3.00
37.00
177.00
0.00
0.00
0.00
0.00
0.00
12.00
0.00
0.00
0.00
0.00
0.00
0.00
0.00
0.00
0.00
0.00
0.00
0.00
0.00
0.00
0.00
0.00
0.00
0.00
0.00
38.00
0.00
0.00
0.00
0.00
0.00
0.00
0.00
0.00
0.00
0.00
0.00
0.00
0.00
0.00
0.00
0.00
0.00
0.00
0.00
0.00
1.00
0.00
0.00
0.00
19.00
0.00
0.00
0.00
0.00
0.00
0.00
0.00
0.00
0.00
0.00
0.00
0.00
0.00
0.00
7.00
0.00
0.00
0.00
0.00
0.00
0.00
0.00
0.00
0.00
0.00
0.00
0.00
0.00
0.00
0.00
0.00
8.00
0.00
0.00
0.00
0.00
0.00
0.00
0.00
0.00
0.00
0.00
0.00
0.00
0.00
0.00
0.00
0.00
0.00
0.00
0.00
0.00
0.00
0.00
0.00
0.00
0.00
26.00
0.00
0.00
0.00
0.00
0.00
0.00
0.00
0.00
0.00
122.00
7.00
0.00
0.00
32.00
0.00
136.00
8.00
0.00
0.00
0.00
0.00
0.00
110.00
2.00
43.00
163.00
0.00
0.00
0.00
166.00
151.00
0.00
15.00
197.00
451.00
72.00
58.00
27.00
85.00
51.00
27.00
97.00
14.00
0.00
14.00
0.00
0.00
0.00
0.00
0.00
0.00
281.00
87.00
0.00
0.00
666.00
538.00
32.00
586.00
0.00
313.00
298.00
0.00
0.00
0.00
0.00
72.00
302.00
0.00
45.00
81.00
92.00
217.00
0.00
0.00
106.00
5.00
25.00
2.00
86.00
708.00
704.00
1.00
41.00
29.00
41.00
111.00
0.00
190.00
0.00
172.00
110.00
140.00
3.00
6.00
184.00
142.00
920.00
253.00
415.00
343.00
14.00
2.00
0.00
66.00
5.00
0.00
136.00
88.00
1078.00
89.00
141.00
28.00
199.00
235.00
833.00
894.00
20.00
64.00
278.00
93.00
159.00
38.00
27.00
30.00
178.00
26.00
594.00
193.00
345.00
305.00
184.00
127.00
37.00
139.00
59.00
131.00
47.00
201.00
211.00
247.00
94.00
254.00
98.00
52.00
169.00
98.00
26.00
113.00
515.00
133.00
108.00
159.00
80.00
35.00
123.00
112.00
154.00
122.00
490.00
310.00
346.00
382.00
537.00
103.00
45.00
84.00
72.00
592.00
893.00
1281.00
471.00
228.00
183.00
24.00
325.00
147.00
195.00
140.00
839.00
258.00
769.00
395.00
423.00
1252.00
555.00
55.00
172.00
328.00
486.00
198.00
158.00
105.00
134.00
196.00
131.00
108.00
517.00
885.00
554.00
18.00
13.00
291.00
208.00
18.00
33.00
649.00
278.00
306.00
165.00
49.00
32.00
57.00
27.00
52.00
19.00
268.00
620.00
250.00
347.00
158.00
21.00
0.00
24.00
0.00
18.00
10.00
0.00
10.00
0.00
1.00
43.00
18.00
30.00
5.00
0.00
1.00
3.00
53.00
711.00
2074.00
10.00
0.00
0.00
0.00
0.00
0.00
0.00
1.00
31.00
0.00
1.00
0.00
0.00
0.00
0.00
3.00
0.00
0.00
0.00
0.00
0.00
1.00
0.00
16.00
393.00
74.00
16.00
8.00
1.00
0.00
0.00
0.00
0.00
0.00
0.00
0.00
0.00
0.00
0.00
0.00
0.00
0.00
0.00
0.00
0.00
0.00
0.00
50.00
164.00
112.00
0.00
0.00
0.00
0.00
0.00
0.00
0.00
0.00
12.00
6.00
4.00
0.00
0.00
0.00
0.00
0.00
0.00
0.00
0.00
0.00
0.00
191.00
3.00
0.00
0.00
0.00
0.00
0.00
0.00
0.00
0.00
0.00
0.00
0.00
0.00
0.00
0.00
0.00
0.00
0.00
0.00
0.00
0.00
0.00
0.00
0.00
0.00
0.00
0.00
0.00
0.00
0.00
0.00
0.00
0.00
0.00
0.00
0.00
839.00
373.00
291.00
25.00
1.00
71.00
482.00
213.00
0.00
0.00
0.00
0.00
0.00
0.00
0.00
0.00
0.00
0.00
557.00
44.00
0.00
0.00
0.00
0.00
0.00
0.00
1.00
0.00
0.00
0.00
0.00
0.00
0.00
0.00
0.00
0.00
0.00
106.00
0.00
0.00
0.00
0.00
0.00
0.00
3.00
0.00
24.00
6.00
0.00
20.00
178.00
308.00
777.00
0.00
4.00
0.00
0.00
90.00
23.00
51.00
52.00
2.00
0.00
87.00
0.00
0.00
188.00
0.00
91.00
191.00
5.00
43.00
23.00
161.00
0.00
0.00
87.00
89.00
47.00
0.00
124.00
132.00
271.00
2.00
26.00
0.00
104.00
473.00
966.00
98.00
108.00
194.00
127.00
109.00
0.00
1.00
0.00
574.00
4.00
0.00
0.00
0.00
10.00
397.00
643.00
170.00
84.00
820.00
58.00
0.00
202.00
2.00
133.00
89.00
171.00
0.00
35.00
1.00
11.00
57.00
208.00
3.00
158.00
22.00
127.00
134.00
142.00
125.00
23.00
19.00
2.00
100.00
113.00
1.00
42.00
50.00
50.00
492.00
136.00
71.00
42.00
42.00
18.00
110.00
267.00
152.00
26.00
231.00
84.00
47.00
83.00
73.00
102.00
99.00
28.00
226.00
255.00
214.00
184.00
43.00
109.00
33.00
25.00
249.00
106.00
56.00
383.00
298.00
290.00
75.00
196.00
149.00
145.00
1039.00
188.00
149.00
110.00
31.00
168.00
247.00
591.00
304.00
78.00
239.00
366.00
436.00
515.00
223.00
194.00
602.00
203.00
23.00
24.00
209.00
80.00
119.00
79.00
447.00
402.00
334.00
215.00
144.00
59.00
41.00
31.00
206.00
91.00
130.00
321.00
181.00
52.00
20.00
4.00
59.00
105.00
232.00
272.00
221.00
84.00
772.00
4.00
4.00
0.00
7.00
61.00
55.00
22.00
21.00
33.00
94.00
96.00
95.00
4.00
32.00
0.00
0.00
0.00
0.00
76.00
2.00
0.00
0.00
0.00
0.00
2.00
2.00
62.00
157.00
34.00
2.00
0.00
5.00
0.00
1.00
2.00
0.00
0.00
0.00
0.00
0.00
0.00
0.00
4.00
16.00
12.00
3.00
0.00
0.00
0.00
0.00
5.00
2.00
0.00
0.00
0.00
0.00
0.00
0.00
0.00
0.00
0.00
0.00
0.00
0.00
0.00
0.00
0.00
0.00
0.00
0.00
0.00
0.00
0.00
0.00
0.00
0.00
0.00
0.00
0.00
3.00
0.00
21.00
0.00
0.00
0.00
0.00
0.00
0.00
0.00
0.00
0.00
0.00
7.00
93.00
28.00
0.00
0.00
0.00
0.00
0.00
0.00
0.00
0.00
0.00
0.00
0.00
0.00
0.00
0.00
0.00
0.00
0.00
0.00
0.00
0.00
0.00
0.00
0.00
0.00
0.00
0.00
0.00
0.00
0.00
0.00
0.00
0.00
0.00
0.00
0.00
0.00
0.00
0.00
15.00
15.00
1.00
0.00
0.00
0.00
0.00
0.00
0.00
0.00
0.00
0.00
0.00
10.00
3.00
0.00
0.00
3.00
0.00
0.00
0.00
11.00
0.00
0.00
0.00
0.00
0.00
0.00
0.00
0.00
19.00
3.10
53.20
10.70
0.00
0.00
0.00
1.30
0.00
0.00
0.00
0.00
0.00
0.00
0.00
0.00
0.00
0.00
0.50
0.00
14.90
0.50
2.30
0.00
0.00
4.00
0.00
0.00
0.00
20.40
3.90
0.00
0.00
0.00
133.90
0.30
22.40
0.00
25.00
6.90
34.80
0.00
2.50
82.60
0.00
3.50
0.70
4.30
0.00
0.20
0.00
0.00
0.00
0.00
1.70
5.90
0.70
0.00
0.00
0.00
1.00
2.10
6.30
12.20
5.60
5.60
0.00
136.00
33.20
0.00
0.00
0.00
9.00
52.90
21.40
7.50
0.00
52.20
2.20
19.60
0.50
42.80
35.30
4.40
4.40
9.10
40.20
40.20
22.40
5.50
0.00
12.50
0.00
0.50
16.70
27.70
98.70
29.90
17.80
0.40
1.60
1.00
1.30
0.00
0.40
0.00
0.00
1.20
10.80
30.80
35.90
0.20
21.20
0.80
37.00
30.40
29.30
0.00
0.20
0.10
41.80
48.90
40.30
17.10
0.30
4.80
4.80
1.60
0.60
7.40
4.70
9.00
18.70
46.30
86.40
86.40
77.00
77.00
35.00
3.40
3.40
2.40
2.10
3.40
3.40
3.40
19.20
31.60
24.70
20.90
32.60
46.80
6.10
4.20
5.00
4.80
14.80
10.40
21.50
17.00
1.60
8.80
3.10
9.90
4.60
2.70
3.80
1.90
102.90
70.10
12.00
18.00
36.70
3.90
1.20
0.70
5.00
7.30
40.10
39.40
7.70
6.90
3.50
4.60
5.70
2.90
16.20
9.60
31.20
58.70
25.60
32.80
18.70
10.00
11.80
4.70
13.50
13.60
4.30
12.70
20.00
10.80
37.00
58.40
22.60
6.70
0.70
0.70
0.90
8.10
8.00
30.50
42.10
1.20
21.60
16.80
6.20
30.20
30.20
18.30
0.30
0.00
16.20
11.30
23.30
10.70
28.40
3.00
2.40
0.00
0.00
0.00
0.60
0.00
0.00
0.00
0.00
0.10
4.40
1.10
0.30
0.20
15.80
125.60
