20160101
0.00
0.00
0.00
0.00
0.00
0.00
0.00
0.00
0.00
0.00
0.00
0.00
0.00
0.00
0.00
0.00
0.00
0.00
7.00
21.00
0.00
0.00
0.00
0.00
0.00
0.00
0.00
0.00
0.00
0.00
0.00
0.00
0.00
0.00
0.00
0.00
0.00
0.00
0.00
0.00
0.00
0.00
0.00
0.00
0.00
0.00
0.00
0.00
0.00
0.00
4.00
0.00
1.00
0.00
145.00
0.00
28.00
0.00
0.00
0.00
0.00
0.00
0.00
0.00
0.00
411.00
0.00
0.00
1.00
1.00
0.00
0.00
0.00
2.00
4.00
0.00
0.00
86.00
0.00
0.00
0.00
0.00
0.00
0.00
0.00
0.00
0.00
14.00
505.00
149.00
867.00
3.00
1.00
209.00
123.00
6.00
0.00
0.00
0.00
0.00
0.00
0.00
0.00
0.00
0.00
1.00
629.00
11.00
0.00
0.00
0.00
0.00
0.00
0.00
0.00
0.00
0.00
73.00
0.00
0.00
0.00
31.00
7.00
42.00
3.00
20.00
70.00
140.00
1.00
135.00
0.00
2.00
458.00
223.00
34.00
248.00
0.00
4.00
14.00
8.00
90.00
686.00
1.00
0.00
78.00
60.00
10.00
381.00
65.00
13.00
44.00
105.00
0.00
0.00
0.00
0.00
0.00
96.00
1004.00
0.00
23.00
0.00
354.00
37.00
0.00
93.00
7.00
106.00
66.00
2.00
8.00
6.00
34.00
140.00
134.00
61.00
7.00
628.00
70.00
35.00
20.00
28.00
43.00
48.00
119.00
46.00
108.00
81.00
195.00
307.00
55.00
14.00
5.00
1.00
0.00
1.00
64.00
304.00
4.00
56.00
154.00
42.00
34.00
77.00
38.00
40.00
241.00
19.00
119.00
57.00
391.00
187.00
503.00
339.00
73.00
95.00
58.00
26.00
2.00
42.00
114.00
4.00
204.00
1.00
0.00
123.00
251.00
336.00
533.00
42.00
1.00
0.00
56.00
29.00
1.00
2.00
3.00
1041.00
19.00
22.00
211.00
32.00
16.00
103.00
21.00
85.00
85.00
4.00
9.00
3.00
2.00
7.00
2.00
37.00
78.00
304.00
523.00
126.00
34.00
17.00
202.00
37.00
233.00
385.00
11.00
9.00
32.00
8.00
166.00
49.00
4.00
19.00
0.00
179.00
26.00
3.00
0.00
88.00
151.00
89.00
173.00
5.00
0.00
53.00
11.00
1.00
0.00
0.00
0.00
0.00
0.00
0.00
0.00
0.00
0.00
0.00
0.00
37.00
0.00
10.00
144.00
9.00
2.00
0.00
0.00
0.00
0.00
6.00
377.00
283.00
0.00
0.00
0.00
0.00
0.00
0.00
0.00
0.00
0.00
0.00
0.00
0.00
0.00
0.00
0.00
0.00
0.00
0.00
0.00
0.00
0.00
0.00
0.00
0.00
0.00
0.00
0.00
0.00
0.00
0.00
0.00
17.00
0.00
0.00
0.00
10.00
0.00
0.00
0.00
0.00
0.00
0.00
0.00
0.00
0.00
0.00
0.00
0.00
0.00
0.00
0.00
0.00
0.00
0.00
0.00
0.00
0.00
0.00
39.00
0.00
0.00
0.00
0.00
0.00
0.00
1.00
0.00
0.00
0.00
0.00
0.00
0.00
0.00
0.00
0.00
0.00
0.00
0.00
0.00
0.00
0.00
0.00
3.00
0.00
0.00
0.00
0.00
0.00
0.00
0.00
0.00
0.00
0.00
0.00
0.00
0.00
0.00
0.00
0.00
0.00
0.00
0.00
0.00
0.00
0.00
0.00
0.00
0.00
0.00
0.00
0.00
0.00
0.00
0.00
0.00
0.00
0.00
0.00
2.00
79.00
0.00
0.00
20.00
0.00
329.00
82.00
0.00
0.00
0.00
0.00
0.00
0.00
8.00
20.00
101.00
0.00
0.00
0.00
0.00
134.00
0.00
6.00
92.00
160.00
162.00
7.00
104.00
1.00
108.00
0.00
146.00
0.00
11.00
0.00
0.00
0.00
0.00
0.00
0.00
0.00
9.00
0.00
0.00
29.00
520.00
2.00
24.00
885.00
20.00
406.00
255.00
0.00
4.00
0.00
105.00
87.00
491.00
0.00
0.00
6.00
64.00
44.00
0.00
0.00
5.00
1.00
23.00
0.00
26.00
129.00
597.00
1.00
207.00
6.00
31.00
0.00
0.00
1.00
0.00
0.00
0.00
54.00
0.00
0.00
92.00
188.00
630.00
575.00
313.00
106.00
11.00
176.00
0.00
0.00
38.00
5.00
278.00
321.00
809.00
11.00
188.00
35.00
435.00
559.00
922.00
816.00
0.00
13.00
259.00
5.00
83.00
4.00
48.00
33.00
88.00
41.00
121.00
114.00
109.00
197.00
276.00
114.00
20.00
9.00
48.00
72.00
130.00
151.00
153.00
22.00
24.00
40.00
61.00
213.00
66.00
157.00
280.00
134.00
52.00
66.00
124.00
33.00
174.00
22.00
9.00
167.00
19.00
100.00
99.00
129.00
284.00
396.00
54.00
31.00
14.00
17.00
90.00
402.00
1013.00
429.00
111.00
154.00
264.00
23.00
284.00
64.00
114.00
20.00
95.00
420.00
196.00
226.00
140.00
260.00
416.00
15.00
23.00
71.00
309.00
29.00
187.00
187.00
62.00
42.00
75.00
21.00
22.00
80.00
628.00
343.00
1.00
62.00
14.00
5.00
3.00
72.00
148.00
480.00
91.00
9.00
3.00
8.00
10.00
46.00
17.00
428.00
777.00
310.00
47.00
143.00
16.00
2.00
2.00
7.00
636.00
54.00
8.00
96.00
0.00
0.00
3.00
0.00
49.00
0.00
0.00
5.00
42.00
245.00
1255.00
695.00
5.00
0.00
0.00
0.00
0.00
0.00
0.00
13.00
30.00
0.00
0.00
0.00
0.00
0.00
0.00
0.00
0.00
0.00
0.00
0.00
0.00
78.00
0.00
1.00
540.00
39.00
1.00
0.00
0.00
0.00
0.00
0.00
0.00
0.00
0.00
0.00
0.00
0.00
0.00
0.00
0.00
0.00
0.00
0.00
0.00
2.00
0.00
50.00
64.00
30.00
0.00
0.00
0.00
0.00
0.00
0.00
0.00
0.00
17.00
0.00
0.00
0.00
0.00
0.00
0.00
0.00
0.00
0.00
0.00
0.00
0.00
213.00
2.00
0.00
0.00
0.00
0.00
0.00
0.00
0.00
0.00
0.00
0.00
0.00
0.00
0.00
0.00
0.00
0.00
0.00
0.00
0.00
0.00
0.00
0.00
0.00
0.00
0.00
0.00
0.00
0.00
0.00
0.00
0.00
0.00
0.00
0.00
0.00
829.00
403.00
241.00
163.00
100.00
0.00
134.00
173.00
0.00
0.00
0.00
0.00
0.00
2.00
0.00
0.00
0.00
0.00
545.00
448.00
0.00
0.00
0.00
0.00
0.00
0.00
40.00
0.00
0.00
0.00
0.00
0.00
0.00
0.00
0.00
0.00
28.00
82.00
0.00
0.00
0.00
0.00
0.00
7.00
5.00
0.00
12.00
248.00
0.00
33.00
14.00
429.00
394.00
1.00
23.00
0.00
0.00
46.00
114.00
211.00
15.00
32.00
0.00
111.00
22.00
0.00
461.00
0.00
77.00
205.00
6.00
103.00
81.00
326.00
9.00
0.00
0.00
327.00
184.00
0.00
32.00
368.00
66.00
0.00
132.00
3.00
75.00
901.00
468.00
41.00
25.00
217.00
65.00
199.00
0.00
47.00
0.00
216.00
22.00
0.00
57.00
11.00
164.00
130.00
36.00
12.00
26.00
74.00
0.00
0.00
88.00
0.00
101.00
347.00
323.00
0.00
40.00
57.00
0.00
0.00
25.00
57.00
264.00
8.00
34.00
564.00
1.00
423.00
26.00
46.00
111.00
63.00
204.00
1.00
1.00
3.00
14.00
4.00
22.00
77.00
4.00
0.00
99.00
2.00
80.00
95.00
72.00
138.00
1.00
2.00
8.00
1.00
13.00
20.00
38.00
107.00
196.00
525.00
145.00
4.00
10.00
0.00
28.00
339.00
81.00
16.00
348.00
375.00
72.00
17.00
102.00
100.00
4.00
46.00
134.00
69.00
66.00
0.00
43.00
167.00
288.00
24.00
1.00
10.00
48.00
46.00
44.00
175.00
281.00
113.00
455.00
94.00
162.00
173.00
62.00
17.00
12.00
85.00
102.00
70.00
47.00
22.00
5.00
14.00
1.00
14.00
13.00
12.00
33.00
146.00
105.00
0.00
0.00
3.00
7.00
20.00
157.00
27.00
107.00
136.00
2.00
0.00
0.00
41.00
187.00
431.00
10.00
1.00
10.00
25.00
52.00
39.00
311.00
0.00
1.00
0.00
0.00
0.00
4.00
13.00
0.00
0.00
0.00
0.00
9.00
22.00
64.00
108.00
11.00
0.00
0.00
0.00
0.00
0.00
0.00
0.00
0.00
0.00
0.00
0.00
0.00
0.00
44.00
83.00
89.00
38.00
0.00
0.00
0.00
0.00
0.00
13.00
0.00
0.00
0.00
0.00
0.00
0.00
0.00
0.00
0.00
0.00
0.00
0.00
0.00
0.00
0.00
0.00
0.00
0.00
0.00
0.00
0.00
0.00
0.00
0.00
0.00
0.00
0.00
0.00
0.00
28.00
0.00
0.00
0.00
0.00
0.00
0.00
0.00
0.00
0.00
0.00
31.00
67.00
14.00
0.00
0.00
0.00
0.00
0.00
0.00
0.00
0.00
0.00
0.00
0.00
0.00
0.00
0.00
0.00
0.00
0.00
0.00
0.00
0.00
0.00
0.00
0.00
0.00
0.00
0.00
0.00
0.00
0.00
0.00
0.00
0.00
0.00
0.00
0.00
0.00
0.00
0.00
0.00
0.00
0.00
0.00
0.00
0.00
0.00
0.00
0.00
0.00
0.00
0.00
0.00
6.00
0.00
0.00
0.00
0.00
0.00
0.00
0.00
1.00
2.00
0.00
0.00
0.00
0.00
0.00
0.00
1.80
15.10
11.00
40.50
9.90
0.00
0.00
0.00
0.50
0.90
0.00
0.00
0.00
0.00
0.00
0.00
0.00
0.00
0.30
3.40
0.00
25.10
0.60
5.70
0.00
0.00
0.50
0.00
0.00
0.00
3.80
12.00
0.00
0.00
8.00
105.20
2.30
29.50
0.00
0.00
0.10
96.50
0.00
8.00
44.10
0.40
4.40
10.70
13.40
0.00
0.00
18.50
0.00
0.00
0.00
0.00
10.60
0.10
0.00
0.00
0.00
0.00
1.60
0.00
0.00
0.10
0.10
0.70
55.10
29.90
0.00
0.00
0.00
0.00
0.00
0.00
0.80
0.00
24.50
0.60
3.00
0.50
4.30
11.90
13.90
13.90
0.30
25.10
25.10
27.10
4.60
0.00
9.10
0.00
0.00
8.90
12.20
9.20
34.00
5.30
24.40
28.80
0.20
0.10
0.20
0.80
0.00
0.00
0.00
4.70
17.40
45.20
0.00
151.30
0.80
18.50
5.90
7.00
10.20
0.00
0.00
7.70
24.50
6.10
40.20
2.20
3.30
0.70
0.60
0.20
3.20
1.80
2.30
7.20
29.70
4.10
4.10
43.00
43.00
90.70
0.00
0.00
2.60
0.00
0.00
0.00
0.00
2.30
1.80
0.60
17.50
36.70
3.40
4.20
0.40
0.10
18.40
1.80
5.90
11.60
1.90
4.60
12.90
2.50
6.40
9.00
0.50
2.90
9.30
47.60
7.20
27.00
27.40
22.70
0.00
0.00
0.20
1.10
4.00
19.20
23.60
4.90
0.30
0.00
0.00
0.80
0.00
1.60
8.60
71.50
75.60
17.00
13.40
1.20
1.20
0.40
0.70
11.10
4.70
3.20
12.90
17.00
0.50
1.00
7.30
0.00
0.00
0.00
0.00
2.90
22.90
4.00
34.60
35.30
1.20
3.00
4.70
13.80
9.50
9.50
18.50
0.10
0.30
28.50
15.70
5.40
4.50
8.60
1.80
0.00
0.00
0.00
0.00
0.00
5.90
0.00
0.00
0.00
0.00
0.20
5.10
1.20
0.00
0.20
2.80
