20160101
0.00
0.00
0.00
0.00
0.00
0.00
0.00
0.00
0.00
0.00
0.00
0.00
0.00
0.00
0.00
0.00
0.00
0.00
0.00
3.00
0.00
0.00
0.00
0.00
0.00
0.00
0.00
0.00
0.00
0.00
0.00
0.00
0.00
0.00
0.00
0.00
0.00
0.00
0.00
0.00
0.00
0.00
35.00
0.00
0.00
0.00
0.00
0.00
0.00
0.00
1.00
0.00
0.00
54.00
58.00
0.00
10.00
0.00
0.00
0.00
0.00
0.00
0.00
117.00
0.00
50.00
0.00
17.00
3.00
0.00
0.00
0.00
0.00
0.00
0.00
25.00
0.00
0.00
1.00
0.00
73.00
0.00
21.00
0.00
0.00
0.00
0.00
446.00
2.00
186.00
539.00
35.00
0.00
167.00
482.00
836.00
128.00
0.00
5.00
0.00
0.00
0.00
0.00
9.00
104.00
115.00
406.00
268.00
0.00
272.00
199.00
472.00
538.00
0.00
17.00
141.00
26.00
24.00
0.00
0.00
34.00
42.00
524.00
27.00
157.00
6.00
2.00
4.00
0.00
0.00
0.00
25.00
87.00
189.00
18.00
95.00
4.00
513.00
334.00
17.00
188.00
1072.00
0.00
4.00
0.00
12.00
0.00
38.00
20.00
45.00
48.00
3.00
0.00
14.00
15.00
160.00
76.00
98.00
160.00
15.00
70.00
260.00
58.00
39.00
23.00
0.00
52.00
117.00
151.00
78.00
12.00
13.00
87.00
35.00
1.00
15.00
55.00
1.00
46.00
0.00
112.00
14.00
130.00
49.00
27.00
12.00
13.00
10.00
9.00
34.00
181.00
167.00
38.00
3.00
8.00
42.00
255.00
55.00
10.00
1.00
12.00
7.00
0.00
34.00
82.00
97.00
340.00
2.00
58.00
3.00
107.00
5.00
44.00
52.00
0.00
24.00
0.00
50.00
81.00
233.00
90.00
16.00
7.00
130.00
163.00
54.00
92.00
8.00
22.00
8.00
36.00
1.00
342.00
11.00
0.00
20.00
0.00
342.00
3.00
5.00
3.00
5.00
230.00
288.00
9.00
0.00
40.00
46.00
48.00
58.00
183.00
5.00
25.00
13.00
52.00
110.00
167.00
5.00
0.00
426.00
176.00
43.00
80.00
172.00
399.00
123.00
382.00
24.00
129.00
1.00
154.00
100.00
0.00
84.00
0.00
0.00
0.00
30.00
149.00
241.00
345.00
143.00
9.00
57.00
68.00
195.00
11.00
4.00
0.00
0.00
0.00
0.00
0.00
0.00
0.00
0.00
0.00
0.00
3.00
0.00
144.00
29.00
149.00
58.00
2.00
0.00
17.00
14.00
130.00
423.00
100.00
0.00
0.00
0.00
0.00
0.00
0.00
0.00
0.00
0.00
0.00
0.00
0.00
0.00
0.00
0.00
0.00
0.00
0.00
0.00
0.00
0.00
0.00
0.00
0.00
0.00
0.00
0.00
0.00
0.00
0.00
0.00
0.00
0.00
0.00
0.00
0.00
0.00
0.00
0.00
0.00
0.00
0.00
0.00
0.00
0.00
0.00
0.00
0.00
0.00
0.00
0.00
0.00
0.00
0.00
0.00
0.00
0.00
0.00
0.00
0.00
0.00
0.00
0.00
0.00
0.00
0.00
0.00
0.00
0.00
0.00
0.00
0.00
0.00
0.00
0.00
0.00
0.00
0.00
0.00
0.00
0.00
21.00
0.00
0.00
0.00
0.00
0.00
0.00
0.00
0.00
0.00
0.00
0.00
0.00
0.00
0.00
0.00
0.00
0.00
0.00
0.00
0.00
0.00
0.00
0.00
0.00
0.00
0.00
0.00
0.00
0.00
0.00
0.00
0.00
0.00
0.00
0.00
0.00
29.00
7.00
0.00
131.00
0.00
88.00
108.00
0.00
0.00
0.00
0.00
0.00
0.00
102.00
0.00
103.00
0.00
0.00
0.00
0.00
47.00
0.00
0.00
0.00
81.00
507.00
315.00
50.00
75.00
367.00
172.00
124.00
0.00
0.00
0.00
0.00
0.00
0.00
0.00
0.00
0.00
78.00
13.00
0.00
3.00
278.00
431.00
140.00
336.00
103.00
87.00
112.00
0.00
0.00
51.00
0.00
43.00
121.00
0.00
0.00
37.00
24.00
20.00
0.00
0.00
300.00
0.00
0.00
0.00
20.00
70.00
315.00
0.00
26.00
0.00
49.00
3.00
99.00
7.00
0.00
0.00
2.00
73.00
102.00
156.00
176.00
472.00
11.00
237.00
276.00
142.00
137.00
11.00
2.00
28.00
77.00
423.00
558.00
241.00
164.00
50.00
0.00
103.00
35.00
30.00
30.00
77.00
15.00
1.00
11.00
17.00
7.00
363.00
694.00
28.00
182.00
39.00
304.00
97.00
17.00
60.00
16.00
61.00
57.00
114.00
23.00
32.00
28.00
176.00
165.00
251.00
175.00
13.00
2.00
34.00
101.00
78.00
74.00
118.00
2.00
181.00
81.00
4.00
92.00
5.00
54.00
43.00
72.00
53.00
20.00
132.00
206.00
10.00
72.00
35.00
9.00
1.00
2.00
14.00
284.00
69.00
4.00
14.00
62.00
28.00
13.00
3.00
94.00
143.00
65.00
66.00
53.00
9.00
40.00
343.00
3.00
86.00
135.00
9.00
39.00
4.00
7.00
20.00
1.00
3.00
10.00
31.00
52.00
0.00
39.00
20.00
56.00
46.00
42.00
4.00
11.00
232.00
51.00
114.00
70.00
0.00
1.00
0.00
0.00
0.00
78.00
135.00
259.00
37.00
60.00
8.00
303.00
2.00
9.00
20.00
116.00
142.00
148.00
39.00
15.00
56.00
15.00
13.00
0.00
0.00
0.00
4.00
283.00
225.00
294.00
830.00
0.00
0.00
0.00
0.00
0.00
0.00
7.00
1011.00
444.00
0.00
0.00
0.00
0.00
0.00
0.00
0.00
0.00
0.00
0.00
0.00
0.00
88.00
0.00
0.00
107.00
34.00
15.00
0.00
0.00
0.00
0.00
0.00
0.00
0.00
0.00
0.00
0.00
0.00
0.00
0.00
0.00
0.00
0.00
0.00
0.00
0.00
32.00
180.00
266.00
240.00
0.00
0.00
0.00
0.00
0.00
0.00
0.00
0.00
4.00
0.00
0.00
0.00
0.00
0.00
0.00
0.00
0.00
0.00
0.00
0.00
151.00
200.00
169.00
0.00
0.00
0.00
0.00
0.00
0.00
0.00
0.00
0.00
0.00
0.00
0.00
0.00
0.00
0.00
0.00
0.00
0.00
0.00
0.00
0.00
0.00
0.00
0.00
0.00
0.00
0.00
0.00
0.00
0.00
0.00
0.00
0.00
0.00
0.00
5.00
7.00
240.00
0.00
82.00
0.00
0.00
0.00
0.00
0.00
0.00
0.00
0.00
0.00
0.00
0.00
9.00
3.00
0.00
306.00
0.00
0.00
0.00
0.00
0.00
0.00
0.00
0.00
0.00
0.00
0.00
0.00
0.00
0.00
1.00
0.00
0.00
20.00
23.00
63.00
0.00
0.00
0.00
0.00
0.00
0.00
0.00
300.00
4.00
0.00
85.00
123.00
1.00
0.00
12.00
79.00
0.00
56.00
0.00
2.00
324.00
0.00
13.00
20.00
3.00
0.00
123.00
1.00
0.00
196.00
41.00
5.00
3.00
189.00
27.00
0.00
0.00
21.00
5.00
41.00
29.00
71.00
186.00
10.00
134.00
0.00
118.00
246.00
442.00
414.00
419.00
343.00
379.00
156.00
0.00
181.00
9.00
137.00
0.00
12.00
0.00
10.00
0.00
2.00
0.00
0.00
84.00
16.00
3.00
12.00
7.00
92.00
1.00
58.00
2.00
167.00
288.00
112.00
142.00
46.00
7.00
76.00
123.00
288.00
598.00
585.00
6.00
208.00
164.00
0.00
8.00
1.00
17.00
7.00
228.00
69.00
13.00
0.00
0.00
63.00
57.00
3.00
15.00
13.00
0.00
56.00
10.00
0.00
5.00
19.00
81.00
55.00
43.00
161.00
75.00
71.00
31.00
8.00
161.00
10.00
24.00
4.00
14.00
3.00
72.00
106.00
46.00
52.00
90.00
9.00
3.00
19.00
148.00
169.00
101.00
23.00
3.00
9.00
78.00
53.00
53.00
367.00
33.00
3.00
26.00
155.00
238.00
11.00
5.00
152.00
65.00
171.00
13.00
8.00
626.00
143.00
0.00
97.00
21.00
72.00
59.00
11.00
96.00
22.00
239.00
110.00
145.00
2.00
1.00
6.00
19.00
4.00
0.00
2.00
109.00
26.00
0.00
3.00
0.00
2.00
102.00
0.00
0.00
35.00
50.00
11.00
88.00
0.00
28.00
67.00
9.00
1.00
1.00
0.00
0.00
0.00
0.00
0.00
2.00
10.00
0.00
0.00
0.00
0.00
64.00
141.00
418.00
283.00
6.00
0.00
0.00
0.00
0.00
0.00
0.00
0.00
0.00
0.00
0.00
0.00
0.00
0.00
451.00
133.00
186.00
115.00
46.00
0.00
0.00
0.00
0.00
0.00
0.00
0.00
0.00
0.00
0.00
0.00
0.00
0.00
0.00
0.00
0.00
0.00
0.00
0.00
1.00
0.00
0.00
0.00
0.00
0.00
0.00
0.00
0.00
0.00
0.00
0.00
0.00
0.00
0.00
15.00
7.00
0.00
0.00
0.00
0.00
0.00
0.00
0.00
6.00
4.00
4.00
22.00
1.00
0.00
0.00
0.00
0.00
0.00
0.00
0.00
0.00
0.00
0.00
0.00
0.00
0.00
0.00
0.00
0.00
0.00
0.00
0.00
0.00
0.00
0.00
0.00
0.00
0.00
0.00
0.00
0.00
0.00
0.00
0.00
0.00
0.00
0.00
0.00
0.00
0.00
0.00
0.00
0.00
0.00
1.00
0.00
0.00
0.00
0.00
0.00
0.00
0.00
0.00
0.00
0.00
0.00
0.00
0.00
0.00
0.00
0.00
0.00
1.00
2.00
0.00
0.00
0.00
0.00
0.00
0.00
0.00
128.70
83.40
109.30
83.40
0.00
0.00
0.00
15.60
40.80
0.10
0.00
0.00
0.00
0.00
0.00
0.00
0.00
0.00
0.40
0.00
37.30
6.50
0.30
0.00
0.00
13.20
0.00
0.00
0.00
0.00
4.30
0.00
0.00
0.00
83.30
8.60
128.90
8.50
7.50
0.00
6.10
0.90
44.40
38.30
0.00
0.20
0.90
0.00
0.00
2.80
0.00
0.20
0.00
0.00
0.50
0.00
0.60
0.00
0.00
0.00
0.00
0.10
9.60
1.30
0.00
0.00
0.00
7.40
12.70
0.00
0.00
0.00
0.00
0.00
0.00
0.30
0.00
1.60
5.00
0.60
0.10
7.70
6.50
1.30
1.30
0.00
3.00
3.00
45.70
0.50
1.50
0.00
0.00
0.00
0.00
13.90
14.90
0.30
1.00
3.70
2.10
15.00
9.00
2.60
10.60
0.00
0.00
7.60
64.30
21.40
11.80
0.80
11.40
1.50
9.70
30.70
11.40
5.20
0.00
0.00
5.50
0.80
0.50
0.20
1.60
8.60
10.30
0.30
2.50
20.50
10.20
4.70
5.40
4.40
3.00
3.00
8.00
8.00
1.00
5.40
5.40
0.10
1.20
5.40
5.40
5.40
0.60
11.90
1.80
13.00
40.70
22.30
9.00
5.40
0.70
21.90
3.60
19.80
11.90
27.30
0.40
8.60
3.60
12.10
9.30
0.90
0.90
1.20
1.70
21.50
9.80
6.70
5.00
3.60
0.00
0.70
5.90
3.20
9.60
14.40
15.90
0.20
2.50
1.90
10.00
0.30
1.70
0.50
1.10
2.60
0.30
10.10
23.10
22.20
26.70
0.50
0.60
26.20
14.30
12.70
0.10
0.00
9.30
15.10
3.20
0.40
12.90
1.90
9.60
35.60
16.70
23.90
19.20
0.30
32.60
32.40
11.70
3.60
3.60
0.10
0.00
0.00
0.40
14.30
39.00
2.70
16.10
15.60
0.00
0.00
0.00
3.40
12.90
4.40
0.00
0.00
0.00
0.00
0.70
9.20
4.80
0.20
0.90
1.70
