20160101
0.00
0.00
0.00
0.00
0.00
0.00
0.00
0.00
1.00
0.00
0.00
0.00
2.00
0.00
0.00
0.00
0.00
1.00
26.00
41.00
0.00
0.00
0.00
0.00
0.00
0.00
0.00
0.00
0.00
0.00
0.00
0.00
0.00
0.00
0.00
0.00
0.00
0.00
1.00
0.00
0.00
6.00
0.00
0.00
0.00
0.00
0.00
0.00
0.00
0.00
4.00
0.00
0.00
0.00
26.00
0.00
6.00
0.00
0.00
0.00
0.00
0.00
0.00
0.00
0.00
267.00
0.00
0.00
0.00
0.00
0.00
0.00
0.00
2.00
0.00
0.00
1.00
0.00
0.00
0.00
4.00
0.00
0.00
0.00
0.00
0.00
0.00
196.00
69.00
106.00
506.00
5.00
0.00
54.00
229.00
3.00
0.00
0.00
0.00
0.00
0.00
0.00
0.00
0.00
328.00
107.00
186.00
163.00
0.00
6.00
0.00
0.00
0.00
0.00
0.00
0.00
7.00
187.00
0.00
0.00
0.00
65.00
0.00
211.00
2.00
117.00
33.00
88.00
3.00
13.00
27.00
22.00
1046.00
322.00
577.00
219.00
20.00
3.00
186.00
42.00
41.00
483.00
1.00
2.00
42.00
176.00
3.00
33.00
48.00
0.00
82.00
50.00
1.00
0.00
0.00
10.00
1.00
8.00
666.00
10.00
5.00
11.00
159.00
56.00
17.00
219.00
115.00
214.00
87.00
45.00
135.00
312.00
286.00
262.00
495.00
118.00
54.00
188.00
92.00
53.00
127.00
136.00
161.00
37.00
190.00
113.00
112.00
15.00
360.00
598.00
221.00
40.00
82.00
21.00
31.00
50.00
91.00
239.00
34.00
139.00
221.00
106.00
119.00
265.00
97.00
251.00
336.00
73.00
287.00
87.00
326.00
71.00
99.00
205.00
200.00
257.00
256.00
103.00
21.00
121.00
276.00
26.00
212.00
58.00
47.00
514.00
680.00
410.00
89.00
136.00
107.00
5.00
111.00
66.00
24.00
41.00
29.00
286.00
49.00
51.00
295.00
217.00
384.00
520.00
218.00
191.00
117.00
69.00
44.00
59.00
80.00
84.00
54.00
197.00
279.00
637.00
704.00
196.00
84.00
90.00
92.00
305.00
262.00
808.00
103.00
16.00
69.00
75.00
491.00
289.00
36.00
158.00
310.00
54.00
49.00
56.00
14.00
66.00
300.00
101.00
289.00
11.00
42.00
2.00
56.00
157.00
0.00
0.00
0.00
0.00
0.00
0.00
0.00
0.00
0.00
0.00
0.00
21.00
0.00
0.00
106.00
0.00
0.00
0.00
0.00
0.00
0.00
2.00
123.00
292.00
0.00
0.00
0.00
0.00
0.00
0.00
0.00
0.00
0.00
0.00
1.00
6.00
0.00
0.00
0.00
0.00
0.00
0.00
0.00
0.00
0.00
0.00
0.00
124.00
0.00
3.00
0.00
0.00
0.00
1.00
0.00
0.00
0.00
0.00
0.00
0.00
0.00
0.00
0.00
0.00
0.00
0.00
0.00
3.00
0.00
2.00
56.00
73.00
56.00
0.00
27.00
0.00
0.00
0.00
0.00
0.00
0.00
6.00
41.00
0.00
0.00
0.00
0.00
0.00
0.00
2.00
0.00
0.00
0.00
0.00
0.00
0.00
0.00
0.00
0.00
0.00
0.00
0.00
0.00
0.00
0.00
0.00
2.00
0.00
0.00
0.00
0.00
0.00
0.00
0.00
0.00
0.00
0.00
0.00
0.00
0.00
0.00
0.00
0.00
0.00
0.00
0.00
0.00
0.00
0.00
0.00
0.00
0.00
32.00
0.00
0.00
0.00
0.00
0.00
0.00
0.00
0.00
0.00
43.00
62.00
0.00
0.00
24.00
0.00
157.00
34.00
0.00
0.00
0.00
0.00
0.00
12.00
1.00
37.00
140.00
0.00
0.00
0.00
95.00
220.00
0.00
7.00
162.00
280.00
359.00
118.00
102.00
13.00
24.00
1.00
93.00
1.00
14.00
0.00
0.00
0.00
0.00
0.00
0.00
0.00
48.00
3.00
0.00
8.00
762.00
381.00
6.00
753.00
1.00
339.00
247.00
0.00
0.00
0.00
7.00
59.00
819.00
0.00
13.00
98.00
95.00
264.00
0.00
4.00
64.00
7.00
11.00
0.00
292.00
854.00
638.00
0.00
57.00
30.00
49.00
137.00
1.00
234.00
0.00
74.00
2.00
67.00
18.00
6.00
102.00
175.00
814.00
502.00
343.00
227.00
81.00
14.00
2.00
1.00
4.00
8.00
146.00
188.00
712.00
80.00
239.00
51.00
321.00
377.00
2015.00
1519.00
47.00
164.00
350.00
133.00
206.00
37.00
43.00
48.00
249.00
53.00
448.00
178.00
372.00
242.00
307.00
110.00
47.00
168.00
75.00
216.00
126.00
145.00
301.00
180.00
109.00
141.00
144.00
61.00
218.00
94.00
95.00
196.00
413.00
64.00
104.00
136.00
96.00
65.00
102.00
270.00
80.00
110.00
325.00
141.00
351.00
1399.00
362.00
36.00
20.00
38.00
53.00
642.00
1143.00
694.00
494.00
146.00
241.00
17.00
327.00
136.00
176.00
116.00
428.00
325.00
643.00
389.00
907.00
937.00
557.00
98.00
126.00
193.00
451.00
175.00
111.00
175.00
105.00
171.00
213.00
309.00
1022.00
473.00
961.00
37.00
15.00
526.00
157.00
40.00
68.00
306.00
180.00
224.00
139.00
79.00
19.00
37.00
29.00
94.00
44.00
447.00
720.00
330.00
310.00
254.00
62.00
14.00
31.00
24.00
264.00
15.00
35.00
40.00
10.00
10.00
14.00
1.00
24.00
6.00
5.00
5.00
20.00
80.00
876.00
542.00
0.00
0.00
0.00
0.00
0.00
0.00
0.00
13.00
42.00
4.00
2.00
0.00
0.00
2.00
3.00
1.00
0.00
0.00
0.00
0.00
0.00
19.00
0.00
6.00
505.00
27.00
22.00
4.00
0.00
0.00
0.00
1.00
0.00
0.00
0.00
0.00
0.00
0.00
0.00
0.00
0.00
0.00
0.00
0.00
0.00
0.00
2.00
81.00
176.00
247.00
0.00
0.00
0.00
0.00
0.00
0.00
0.00
0.00
19.00
4.00
2.00
0.00
0.00
0.00
0.00
0.00
0.00
0.00
0.00
0.00
0.00
213.00
5.00
0.00
0.00
0.00
0.00
0.00
0.00
0.00
0.00
0.00
0.00
0.00
0.00
0.00
0.00
0.00
0.00
0.00
0.00
0.00
0.00
0.00
0.00
0.00
0.00
0.00
0.00
0.00
0.00
0.00
2.00
0.00
0.00
4.00
0.00
0.00
832.00
368.00
319.00
81.00
78.00
0.00
244.00
183.00
0.00
0.00
0.00
0.00
0.00
0.00
0.00
0.00
0.00
0.00
585.00
212.00
0.00
0.00
0.00
0.00
0.00
0.00
14.00
0.00
0.00
0.00
0.00
0.00
0.00
0.00
0.00
0.00
0.00
85.00
0.00
0.00
0.00
0.00
0.00
0.00
15.00
13.00
45.00
6.00
0.00
71.00
371.00
354.00
772.00
1.00
9.00
0.00
0.00
164.00
77.00
121.00
22.00
0.00
0.00
129.00
0.00
0.00
238.00
0.00
275.00
90.00
140.00
4.00
23.00
241.00
46.00
0.00
26.00
233.00
102.00
0.00
161.00
164.00
147.00
0.00
51.00
0.00
163.00
566.00
968.00
81.00
286.00
187.00
93.00
277.00
0.00
9.00
0.00
711.00
16.00
152.00
3.00
0.00
0.00
138.00
276.00
41.00
63.00
544.00
16.00
0.00
337.00
2.00
125.00
235.00
115.00
0.00
47.00
13.00
93.00
515.00
232.00
27.00
258.00
22.00
128.00
322.00
6.00
305.00
104.00
21.00
20.00
89.00
189.00
4.00
18.00
12.00
24.00
306.00
96.00
88.00
33.00
35.00
36.00
40.00
172.00
190.00
10.00
171.00
72.00
34.00
61.00
44.00
110.00
81.00
52.00
128.00
201.00
390.00
139.00
12.00
109.00
26.00
16.00
405.00
194.00
102.00
395.00
289.00
185.00
61.00
106.00
62.00
88.00
153.00
225.00
121.00
163.00
18.00
193.00
314.00
703.00
136.00
60.00
161.00
431.00
430.00
379.00
224.00
115.00
610.00
453.00
35.00
53.00
694.00
148.00
119.00
66.00
213.00
272.00
393.00
140.00
127.00
20.00
90.00
24.00
124.00
43.00
30.00
343.00
136.00
76.00
24.00
10.00
38.00
89.00
86.00
218.00
83.00
76.00
218.00
9.00
23.00
5.00
21.00
61.00
93.00
16.00
24.00
93.00
95.00
180.00
55.00
16.00
4.00
12.00
0.00
0.00
0.00
113.00
0.00
0.00
0.00
0.00
0.00
0.00
17.00
73.00
222.00
6.00
6.00
0.00
0.00
0.00
0.00
0.00
0.00
0.00
1.00
0.00
0.00
0.00
1.00
90.00
150.00
128.00
21.00
0.00
0.00
0.00
0.00
41.00
148.00
0.00
0.00
0.00
0.00
0.00
0.00
0.00
0.00
17.00
0.00
0.00
0.00
0.00
0.00
0.00
0.00
0.00
0.00
0.00
0.00
0.00
0.00
0.00
0.00
0.00
0.00
0.00
0.00
0.00
11.00
0.00
0.00
0.00
0.00
0.00
0.00
0.00
0.00
0.00
0.00
9.00
71.00
20.00
0.00
0.00
0.00
0.00
0.00
0.00
0.00
0.00
0.00
0.00
0.00
0.00
0.00
0.00
0.00
0.00
0.00
8.00
0.00
0.00
0.00
0.00
0.00
0.00
0.00
0.00
0.00
0.00
0.00
0.00
0.00
0.00
0.00
0.00
0.00
0.00
0.00
0.00
12.00
12.00
1.00
0.00
0.00
0.00
0.00
0.00
0.00
0.00
0.00
0.00
0.00
2.00
0.00
0.00
0.00
0.00
0.00
0.00
0.00
0.00
1.00
0.00
0.00
0.00
0.00
0.00
0.00
0.00
12.70
6.70
39.30
13.30
0.00
0.00
0.00
3.10
0.00
0.00
0.00
0.00
0.00
0.00
0.00
0.00
0.00
0.00
0.10
0.00
19.00
0.00
0.10
0.00
0.00
7.50
0.00
0.00
0.00
19.60
10.50
0.00
1.60
0.10
136.30
4.40
50.70
0.00
57.50
5.90
37.60
0.00
5.30
75.70
0.00
3.20
2.60
4.30
0.00
0.00
0.10
0.00
0.00
0.00
0.00
11.60
0.40
0.00
0.00
0.00
0.00
2.30
0.10
11.50
1.30
1.30
0.80
81.70
38.70
0.00
0.00
0.00
0.30
11.90
0.20
2.00
0.00
46.40
2.30
9.50
0.10
24.20
22.30
4.20
4.20
1.00
27.10
27.10
15.60
4.10
0.00
11.90
0.00
0.00
21.80
32.50
41.10
33.60
33.10
1.20
15.90
1.90
3.40
1.30
1.50
0.30
0.10
11.70
15.60
35.70
44.50
0.50
112.50
1.40
46.80
25.70
14.00
1.10
0.30
0.00
31.90
90.90
32.50
24.70
1.30
7.00
6.30
1.20
0.20
8.20
12.20
14.00
14.70
62.20
43.10
43.10
67.70
67.70
37.40
1.50
1.50
4.20
3.80
1.50
1.50
1.50
21.00
18.60
15.40
17.80
13.50
8.30
9.50
5.10
4.30
2.80
10.30
15.50
22.50
13.60
1.90
12.40
1.30
10.30
8.20
1.70
4.90
3.60
63.70
19.00
6.80
25.10
47.70
2.40
2.60
2.80
6.10
10.40
53.80
40.90
8.50
3.90
4.10
14.70
17.30
6.10
7.70
25.60
63.10
90.50
38.00
27.00
16.90
9.20
9.50
7.70
5.10
9.40
11.20
5.40
11.90
5.40
17.40
10.90
3.70
3.80
4.00
1.30
13.50
21.90
4.90
55.20
46.30
3.00
29.70
8.40
26.70
22.40
22.40
8.20
3.00
0.40
18.20
8.30
17.60
2.60
21.20
2.00
0.20
0.40
0.10
0.10
1.90
0.30
1.60
0.30
0.60
2.10
1.20
0.80
1.10
0.00
1.80
45.80
