20160101
0.00
0.00
0.00
0.00
0.00
0.00
0.00
0.00
0.00
0.00
0.00
0.00
0.00
0.00
0.00
0.00
0.00
0.00
0.00
0.00
7.00
0.00
0.00
0.00
0.00
1.00
0.00
0.00
0.00
0.00
0.00
0.00
0.00
0.00
0.00
0.00
0.00
0.00
0.00
0.00
77.00
0.00
0.00
0.00
0.00
0.00
0.00
0.00
0.00
0.00
0.00
0.00
0.00
114.00
385.00
9.00
12.00
0.00
0.00
0.00
0.00
0.00
0.00
77.00
0.00
14.00
0.00
0.00
2.00
0.00
5.00
0.00
0.00
2.00
1.00
44.00
0.00
0.00
25.00
2.00
26.00
0.00
72.00
0.00
0.00
0.00
0.00
569.00
3.00
98.00
547.00
11.00
0.00
162.00
157.00
581.00
63.00
16.00
32.00
1.00
3.00
14.00
0.00
82.00
144.00
86.00
344.00
160.00
13.00
153.00
78.00
221.00
265.00
174.00
118.00
132.00
76.00
40.00
105.00
0.00
55.00
16.00
126.00
6.00
162.00
1.00
4.00
3.00
0.00
1.00
0.00
88.00
185.00
271.00
27.00
35.00
51.00
722.00
208.00
17.00
103.00
1065.00
0.00
19.00
20.00
118.00
2.00
125.00
12.00
57.00
94.00
19.00
0.00
0.00
0.00
75.00
38.00
283.00
53.00
53.00
493.00
63.00
6.00
30.00
18.00
0.00
31.00
13.00
80.00
86.00
35.00
28.00
100.00
31.00
31.00
44.00
63.00
8.00
34.00
0.00
147.00
242.00
261.00
321.00
94.00
26.00
3.00
18.00
6.00
58.00
28.00
70.00
53.00
33.00
1.00
120.00
159.00
108.00
8.00
4.00
7.00
1.00
26.00
50.00
52.00
41.00
270.00
1.00
105.00
51.00
55.00
20.00
102.00
85.00
6.00
1.00
7.00
78.00
74.00
48.00
7.00
40.00
75.00
131.00
67.00
10.00
14.00
3.00
79.00
8.00
2.00
5.00
346.00
5.00
3.00
95.00
0.00
255.00
0.00
25.00
71.00
70.00
180.00
559.00
19.00
5.00
1.00
35.00
92.00
17.00
172.00
1.00
3.00
36.00
16.00
20.00
133.00
0.00
0.00
135.00
226.00
31.00
276.00
72.00
664.00
57.00
215.00
151.00
209.00
4.00
123.00
333.00
0.00
90.00
3.00
0.00
0.00
0.00
18.00
221.00
89.00
291.00
115.00
184.00
14.00
167.00
13.00
0.00
0.00
0.00
0.00
0.00
0.00
0.00
0.00
0.00
0.00
0.00
28.00
0.00
183.00
63.00
187.00
2.00
0.00
0.00
2.00
24.00
150.00
291.00
80.00
0.00
0.00
0.00
0.00
0.00
0.00
0.00
0.00
0.00
1.00
0.00
0.00
0.00
0.00
0.00
0.00
0.00
0.00
0.00
0.00
0.00
0.00
0.00
0.00
12.00
0.00
0.00
0.00
0.00
0.00
0.00
0.00
0.00
0.00
0.00
0.00
0.00
0.00
0.00
0.00
0.00
0.00
0.00
0.00
0.00
0.00
0.00
0.00
0.00
0.00
0.00
0.00
0.00
0.00
0.00
0.00
0.00
0.00
0.00
0.00
0.00
0.00
0.00
0.00
0.00
0.00
0.00
0.00
0.00
0.00
0.00
0.00
0.00
0.00
0.00
0.00
0.00
0.00
0.00
0.00
0.00
0.00
0.00
0.00
0.00
0.00
0.00
0.00
0.00
0.00
0.00
0.00
0.00
0.00
0.00
0.00
0.00
0.00
0.00
0.00
0.00
0.00
0.00
0.00
0.00
0.00
28.00
1.00
0.00
0.00
0.00
0.00
0.00
0.00
0.00
0.00
0.00
0.00
68.00
17.00
0.00
107.00
0.00
61.00
59.00
0.00
0.00
0.00
0.00
0.00
0.00
95.00
0.00
111.00
0.00
0.00
0.00
0.00
24.00
0.00
4.00
4.00
420.00
633.00
912.00
224.00
138.00
165.00
442.00
26.00
1.00
0.00
0.00
6.00
1.00
0.00
0.00
0.00
0.00
83.00
11.00
9.00
0.00
340.00
100.00
137.00
199.00
19.00
131.00
147.00
4.00
16.00
51.00
0.00
12.00
109.00
0.00
0.00
25.00
63.00
42.00
0.00
0.00
134.00
1.00
0.00
0.00
59.00
145.00
265.00
47.00
1.00
1.00
108.00
14.00
66.00
19.00
0.00
19.00
0.00
77.00
43.00
86.00
139.00
443.00
98.00
65.00
218.00
166.00
8.00
0.00
0.00
69.00
132.00
428.00
153.00
347.00
100.00
4.00
31.00
86.00
7.00
121.00
29.00
50.00
142.00
73.00
90.00
16.00
4.00
256.00
169.00
24.00
180.00
42.00
309.00
84.00
18.00
53.00
32.00
12.00
40.00
156.00
194.00
71.00
37.00
133.00
186.00
132.00
217.00
23.00
6.00
129.00
83.00
142.00
296.00
55.00
33.00
149.00
50.00
17.00
50.00
17.00
84.00
23.00
38.00
5.00
11.00
112.00
216.00
17.00
41.00
37.00
16.00
1.00
0.00
5.00
171.00
119.00
7.00
3.00
75.00
26.00
3.00
14.00
9.00
27.00
88.00
2.00
2.00
44.00
81.00
262.00
37.00
24.00
63.00
21.00
15.00
18.00
10.00
21.00
2.00
6.00
16.00
0.00
49.00
29.00
23.00
55.00
142.00
37.00
6.00
0.00
13.00
286.00
86.00
153.00
138.00
24.00
0.00
2.00
0.00
0.00
49.00
158.00
29.00
15.00
192.00
33.00
56.00
7.00
1.00
4.00
100.00
51.00
81.00
60.00
95.00
96.00
444.00
133.00
0.00
0.00
0.00
2.00
48.00
296.00
138.00
566.00
0.00
0.00
0.00
0.00
0.00
0.00
4.00
834.00
647.00
0.00
0.00
0.00
0.00
0.00
0.00
0.00
0.00
0.00
0.00
0.00
0.00
71.00
7.00
7.00
57.00
24.00
9.00
8.00
0.00
0.00
0.00
0.00
0.00
0.00
0.00
0.00
0.00
0.00
0.00
0.00
0.00
0.00
0.00
0.00
0.00
0.00
4.00
302.00
205.00
168.00
2.00
0.00
0.00
0.00
0.00
0.00
0.00
0.00
7.00
0.00
0.00
0.00
0.00
0.00
0.00
0.00
0.00
0.00
0.00
0.00
65.00
128.00
115.00
0.00
0.00
0.00
0.00
0.00
0.00
0.00
0.00
0.00
0.00
0.00
0.00
0.00
0.00
0.00
0.00
0.00
0.00
0.00
0.00
0.00
0.00
0.00
0.00
0.00
0.00
0.00
0.00
0.00
0.00
0.00
0.00
0.00
0.00
0.00
8.00
24.00
60.00
2.00
31.00
0.00
0.00
0.00
0.00
0.00
0.00
0.00
0.00
0.00
0.00
0.00
6.00
1.00
0.00
539.00
0.00
0.00
0.00
0.00
40.00
0.00
0.00
0.00
0.00
0.00
0.00
0.00
0.00
111.00
917.00
0.00
133.00
96.00
77.00
10.00
0.00
0.00
0.00
0.00
0.00
0.00
0.00
286.00
59.00
0.00
109.00
207.00
0.00
0.00
27.00
6.00
0.00
3.00
10.00
0.00
90.00
0.00
14.00
117.00
31.00
4.00
88.00
7.00
0.00
101.00
30.00
7.00
44.00
145.00
27.00
0.00
5.00
56.00
1.00
11.00
33.00
41.00
116.00
15.00
146.00
11.00
110.00
283.00
497.00
421.00
297.00
567.00
391.00
131.00
0.00
101.00
0.00
52.00
0.00
0.00
0.00
3.00
0.00
0.00
0.00
16.00
175.00
1.00
68.00
5.00
0.00
147.00
6.00
36.00
1.00
214.00
46.00
99.00
141.00
0.00
0.00
8.00
16.00
97.00
481.00
453.00
28.00
92.00
37.00
12.00
2.00
0.00
3.00
2.00
153.00
42.00
72.00
10.00
2.00
22.00
7.00
75.00
6.00
16.00
0.00
0.00
16.00
0.00
2.00
7.00
85.00
67.00
35.00
82.00
42.00
15.00
41.00
18.00
21.00
7.00
6.00
2.00
0.00
3.00
112.00
60.00
88.00
58.00
122.00
48.00
34.00
46.00
142.00
171.00
23.00
111.00
8.00
38.00
33.00
61.00
117.00
24.00
6.00
14.00
17.00
118.00
117.00
14.00
29.00
25.00
21.00
8.00
21.00
9.00
309.00
208.00
36.00
184.00
17.00
5.00
5.00
32.00
178.00
45.00
2.00
18.00
146.00
30.00
1.00
6.00
11.00
2.00
1.00
4.00
41.00
23.00
3.00
3.00
0.00
2.00
46.00
23.00
0.00
2.00
21.00
18.00
128.00
0.00
11.00
51.00
5.00
0.00
1.00
0.00
2.00
0.00
76.00
14.00
8.00
7.00
0.00
0.00
0.00
60.00
50.00
126.00
318.00
178.00
18.00
16.00
0.00
0.00
0.00
0.00
0.00
0.00
0.00
0.00
0.00
0.00
0.00
0.00
271.00
137.00
196.00
151.00
80.00
0.00
0.00
0.00
0.00
0.00
0.00
0.00
0.00
0.00
6.00
0.00
0.00
0.00
2.00
0.00
0.00
0.00
0.00
0.00
0.00
0.00
0.00
0.00
0.00
0.00
0.00
0.00
0.00
0.00
0.00
0.00
0.00
0.00
0.00
0.00
6.00
0.00
0.00
0.00
0.00
8.00
0.00
0.00
16.00
0.00
11.00
13.00
1.00
0.00
0.00
0.00
0.00
0.00
0.00
0.00
0.00
0.00
0.00
0.00
0.00
0.00
0.00
0.00
0.00
0.00
0.00
0.00
0.00
0.00
0.00
0.00
0.00
0.00
0.00
0.00
0.00
0.00
0.00
0.00
0.00
0.00
0.00
0.00
0.00
0.00
0.00
0.00
0.00
0.00
13.00
0.00
0.00
0.00
0.00
0.00
0.00
0.00
0.00
0.00
0.00
0.00
0.00
0.00
0.00
0.00
0.00
0.00
2.00
7.00
0.00
0.00
0.00
0.00
0.00
1.30
0.20
61.00
36.20
72.20
57.20
0.00
0.00
0.00
1.20
30.50
0.50
0.00
0.00
0.00
0.00
0.00
0.00
0.00
0.00
0.10
0.00
14.00
6.20
2.50
0.00
0.00
14.20
0.00
0.00
0.00
0.00
6.80
0.00
0.70
0.00
32.80
5.30
98.80
1.10
43.60
2.40
5.10
1.60
49.00
33.20
0.30
0.00
0.20
0.00
0.00
12.80
0.00
9.10
0.00
0.00
4.40
0.00
1.90
0.00
0.00
0.00
0.00
0.00
12.70
6.10
0.70
0.70
0.10
5.50
8.60
0.00
0.10
0.00
0.00
0.00
0.00
0.90
0.00
2.60
4.30
0.90
0.20
2.50
3.70
0.80
0.80
6.30
1.30
1.30
52.30
3.80
2.90
0.10
6.30
0.00
0.00
11.50
2.50
0.70
2.80
8.30
3.80
14.00
7.90
4.70
23.40
8.90
0.20
3.60
0.70
31.80
4.40
0.00
7.20
4.50
6.30
19.40
35.30
6.70
3.50
0.00
2.40
3.30
2.50
1.10
0.00
0.50
2.90
0.00
4.60
4.80
2.70
19.70
2.20
3.90
0.30
0.30
4.60
4.60
4.80
4.90
4.90
0.00
0.20
4.90
4.90
4.90
3.80
9.70
2.00
10.60
30.90
31.90
6.90
0.80
1.90
9.60
7.40
28.20
20.50
15.00
0.60
9.30
8.90
1.20
7.90
1.60
0.70
1.30
5.00
20.90
7.20
1.10
4.40
5.30
0.00
4.00
7.30
5.70
10.30
5.10
8.60
2.50
0.00
1.00
13.40
0.10
1.30
1.90
2.40
1.30
0.60
1.30
36.90
2.70
5.80
3.00
2.80
9.10
25.80
28.30
1.50
0.60
9.30
7.30
1.00
0.20
9.90
1.80
32.30
35.00
37.00
40.90
15.50
5.00
1.00
15.80
23.20
8.90
8.90
6.20
0.10
0.20
0.10
11.90
35.50
7.40
8.10
16.70
0.10
0.00
0.00
0.00
23.50
2.30
0.30
0.20
0.60
0.50
5.70
23.00
1.30
0.20
1.80
0.70
