20160101
0.00
0.00
0.00
0.00
0.00
0.00
0.00
0.00
3.00
0.00
0.00
0.00
0.00
0.00
0.00
0.00
0.00
4.00
1.00
49.00
0.00
0.00
0.00
0.00
0.00
0.00
0.00
0.00
0.00
0.00
0.00
0.00
0.00
0.00
0.00
0.00
0.00
0.00
0.00
0.00
0.00
28.00
3.00
0.00
0.00
0.00
0.00
0.00
0.00
0.00
1.00
11.00
0.00
6.00
205.00
0.00
28.00
0.00
0.00
0.00
0.00
0.00
0.00
4.00
0.00
49.00
0.00
0.00
0.00
0.00
0.00
0.00
0.00
1.00
11.00
5.00
0.00
0.00
2.00
0.00
74.00
0.00
0.00
0.00
0.00
0.00
0.00
425.00
86.00
61.00
534.00
10.00
1.00
726.00
178.00
545.00
193.00
0.00
0.00
0.00
2.00
0.00
0.00
16.00
56.00
162.00
227.00
492.00
56.00
513.00
103.00
5.00
50.00
0.00
0.00
171.00
368.00
134.00
6.00
0.00
100.00
178.00
198.00
285.00
124.00
50.00
282.00
45.00
2.00
2.00
26.00
3.00
228.00
50.00
352.00
105.00
19.00
212.00
118.00
147.00
71.00
786.00
3.00
0.00
3.00
52.00
75.00
1.00
164.00
24.00
36.00
58.00
0.00
5.00
322.00
62.00
1.00
0.00
72.00
1.00
11.00
515.00
123.00
19.00
108.00
111.00
62.00
416.00
288.00
11.00
44.00
10.00
80.00
306.00
198.00
30.00
19.00
53.00
168.00
28.00
99.00
22.00
43.00
162.00
46.00
51.00
10.00
9.00
129.00
265.00
333.00
44.00
71.00
11.00
6.00
5.00
182.00
49.00
4.00
29.00
71.00
31.00
5.00
51.00
84.00
129.00
59.00
44.00
17.00
32.00
186.00
160.00
3.00
67.00
64.00
124.00
224.00
105.00
37.00
57.00
182.00
16.00
216.00
2.00
5.00
294.00
391.00
491.00
8.00
182.00
66.00
3.00
81.00
44.00
0.00
2.00
0.00
284.00
22.00
73.00
124.00
404.00
232.00
166.00
80.00
8.00
149.00
42.00
154.00
43.00
14.00
4.00
16.00
46.00
139.00
214.00
505.00
437.00
3.00
59.00
33.00
202.00
31.00
103.00
118.00
0.00
161.00
3.00
378.00
56.00
0.00
47.00
2.00
16.00
0.00
0.00
0.00
768.00
116.00
182.00
312.00
256.00
53.00
17.00
33.00
62.00
10.00
0.00
0.00
0.00
0.00
0.00
0.00
0.00
0.00
0.00
0.00
1.00
0.00
4.00
10.00
4.00
14.00
0.00
0.00
0.00
0.00
15.00
193.00
598.00
162.00
0.00
0.00
0.00
0.00
0.00
0.00
0.00
0.00
0.00
0.00
0.00
0.00
0.00
0.00
0.00
0.00
0.00
0.00
0.00
0.00
0.00
0.00
0.00
0.00
2.00
0.00
0.00
0.00
0.00
0.00
3.00
0.00
7.00
0.00
0.00
0.00
0.00
0.00
0.00
0.00
0.00
0.00
0.00
0.00
0.00
0.00
0.00
0.00
0.00
0.00
0.00
0.00
0.00
0.00
0.00
0.00
0.00
0.00
0.00
0.00
0.00
0.00
0.00
0.00
0.00
0.00
0.00
0.00
0.00
0.00
0.00
0.00
0.00
0.00
0.00
0.00
0.00
0.00
0.00
0.00
0.00
1.00
0.00
0.00
0.00
0.00
0.00
0.00
0.00
0.00
0.00
0.00
0.00
0.00
0.00
0.00
0.00
0.00
0.00
0.00
0.00
0.00
0.00
0.00
0.00
0.00
0.00
0.00
0.00
0.00
0.00
0.00
0.00
0.00
0.00
0.00
0.00
4.00
27.00
0.00
0.00
30.00
0.00
473.00
51.00
0.00
0.00
0.00
0.00
0.00
10.00
6.00
4.00
58.00
0.00
0.00
0.00
15.00
379.00
65.00
10.00
4.00
261.00
480.00
45.00
4.00
56.00
92.00
415.00
776.00
4.00
2.00
0.00
0.00
0.00
0.00
0.00
0.00
0.00
50.00
0.00
0.00
2.00
633.00
789.00
591.00
492.00
4.00
256.00
211.00
1.00
0.00
78.00
77.00
47.00
320.00
0.00
5.00
87.00
135.00
89.00
0.00
0.00
4.00
1.00
60.00
0.00
102.00
131.00
444.00
1.00
59.00
49.00
89.00
461.00
8.00
109.00
0.00
13.00
1.00
10.00
1.00
2.00
217.00
368.00
358.00
1169.00
326.00
875.00
440.00
272.00
3.00
80.00
80.00
168.00
127.00
183.00
548.00
7.00
360.00
97.00
206.00
280.00
1180.00
523.00
42.00
17.00
138.00
361.00
345.00
326.00
76.00
201.00
430.00
152.00
275.00
133.00
10.00
27.00
102.00
124.00
51.00
88.00
17.00
115.00
136.00
129.00
292.00
370.00
23.00
248.00
162.00
68.00
88.00
14.00
58.00
170.00
448.00
100.00
139.00
47.00
66.00
29.00
8.00
9.00
23.00
127.00
149.00
37.00
253.00
674.00
160.00
56.00
25.00
7.00
12.00
298.00
814.00
439.00
6.00
44.00
113.00
5.00
525.00
33.00
196.00
50.00
261.00
42.00
637.00
256.00
237.00
107.00
467.00
126.00
114.00
154.00
164.00
180.00
8.00
136.00
91.00
355.00
381.00
272.00
224.00
208.00
283.00
82.00
0.00
180.00
122.00
4.00
76.00
145.00
101.00
161.00
33.00
11.00
0.00
2.00
69.00
109.00
23.00
192.00
306.00
44.00
98.00
218.00
0.00
14.00
20.00
49.00
216.00
72.00
2.00
2.00
0.00
0.00
83.00
29.00
2.00
83.00
0.00
417.00
941.00
357.00
590.00
1219.00
0.00
0.00
0.00
0.00
0.00
0.00
0.00
54.00
264.00
0.00
0.00
0.00
0.00
0.00
5.00
3.00
0.00
0.00
0.00
0.00
0.00
5.00
8.00
6.00
279.00
38.00
0.00
0.00
0.00
0.00
0.00
0.00
0.00
0.00
0.00
0.00
0.00
0.00
0.00
0.00
0.00
0.00
0.00
0.00
0.00
0.00
0.00
385.00
315.00
343.00
124.00
0.00
0.00
0.00
0.00
0.00
0.00
0.00
45.00
0.00
1.00
1.00
0.00
0.00
0.00
0.00
0.00
0.00
0.00
0.00
0.00
298.00
11.00
0.00
0.00
0.00
0.00
0.00
0.00
0.00
0.00
0.00
0.00
0.00
0.00
0.00
0.00
0.00
0.00
0.00
0.00
0.00
0.00
0.00
0.00
0.00
0.00
0.00
0.00
0.00
0.00
0.00
0.00
0.00
0.00
0.00
0.00
0.00
223.00
111.00
203.00
49.00
7.00
0.00
34.00
17.00
0.00
0.00
0.00
0.00
0.00
8.00
0.00
0.00
0.00
0.00
330.00
381.00
0.00
0.00
0.00
0.00
0.00
0.00
0.00
0.00
0.00
0.00
0.00
0.00
0.00
0.00
22.00
0.00
1.00
29.00
17.00
0.00
0.00
0.00
0.00
0.00
3.00
2.00
83.00
129.00
8.00
134.00
466.00
204.00
56.00
1.00
15.00
0.00
0.00
239.00
39.00
73.00
3.00
2.00
9.00
99.00
41.00
0.00
84.00
0.00
0.00
112.00
200.00
33.00
39.00
267.00
146.00
0.00
15.00
220.00
47.00
6.00
239.00
191.00
166.00
0.00
166.00
10.00
230.00
588.00
1191.00
790.00
427.00
334.00
278.00
163.00
1.00
3.00
15.00
210.00
2.00
2.00
29.00
0.00
0.00
40.00
184.00
19.00
196.00
37.00
44.00
29.00
112.00
1.00
56.00
212.00
57.00
101.00
286.00
102.00
131.00
505.00
731.00
146.00
510.00
52.00
136.00
243.00
68.00
679.00
495.00
10.00
38.00
10.00
75.00
1.00
149.00
13.00
6.00
25.00
63.00
51.00
61.00
6.00
18.00
10.00
4.00
100.00
79.00
0.00
0.00
11.00
79.00
26.00
8.00
35.00
4.00
126.00
39.00
197.00
129.00
49.00
37.00
17.00
26.00
39.00
256.00
52.00
128.00
262.00
147.00
11.00
7.00
53.00
122.00
102.00
264.00
39.00
3.00
4.00
5.00
340.00
61.00
74.00
59.00
73.00
57.00
152.00
33.00
277.00
388.00
258.00
470.00
53.00
4.00
1.00
33.00
72.00
19.00
277.00
37.00
81.00
116.00
184.00
35.00
3.00
19.00
46.00
73.00
1.00
46.00
155.00
112.00
2.00
0.00
4.00
98.00
22.00
107.00
4.00
57.00
6.00
1.00
0.00
0.00
71.00
87.00
778.00
20.00
23.00
53.00
17.00
122.00
319.00
180.00
0.00
230.00
2.00
0.00
0.00
0.00
0.00
4.00
0.00
0.00
0.00
1.00
77.00
108.00
198.00
7.00
0.00
0.00
0.00
0.00
0.00
0.00
0.00
0.00
0.00
0.00
0.00
0.00
0.00
67.00
119.00
59.00
60.00
0.00
0.00
0.00
0.00
8.00
19.00
0.00
0.00
0.00
0.00
0.00
0.00
0.00
0.00
0.00
0.00
0.00
0.00
0.00
0.00
0.00
0.00
0.00
0.00
0.00
0.00
0.00
0.00
0.00
0.00
0.00
0.00
0.00
0.00
0.00
1.00
0.00
0.00
0.00
0.00
0.00
0.00
0.00
0.00
0.00
0.00
6.00
104.00
58.00
0.00
0.00
0.00
0.00
0.00
0.00
0.00
0.00
0.00
0.00
0.00
0.00
0.00
0.00
0.00
0.00
0.00
0.00
0.00
0.00
0.00
0.00
0.00
0.00
0.00
0.00
0.00
0.00
0.00
0.00
0.00
0.00
0.00
0.00
0.00
0.00
0.00
0.00
1.00
1.00
0.00
0.00
0.00
0.00
0.00
0.00
0.00
0.00
0.00
0.00
0.00
0.00
0.00
0.00
0.00
0.00
0.00
0.00
0.00
0.00
5.00
0.00
0.00
0.00
0.00
0.00
0.00
0.00
36.30
16.70
39.60
21.70
0.00
0.00
0.00
18.80
6.60
0.00
0.00
0.00
0.00
0.00
0.00
0.00
0.00
0.00
2.30
0.10
48.40
0.20
0.00
0.00
0.00
37.10
0.00
0.00
0.00
6.50
8.00
0.00
0.00
0.00
117.60
19.40
75.00
0.00
20.90
8.30
45.10
0.50
22.20
22.70
0.00
0.70
1.80
0.20
0.00
1.80
6.60
0.00
0.00
0.00
1.80
0.60
0.10
0.00
0.00
0.00
0.00
5.30
14.20
4.60
0.10
0.10
0.60
61.30
108.10
0.00
0.00
0.00
0.20
0.10
0.00
0.10
3.80
44.40
9.10
7.00
2.60
42.70
23.40
0.30
0.30
0.00
12.10
12.10
42.20
1.80
23.50
0.00
0.00
0.90
0.00
58.20
46.40
4.40
25.70
43.00
10.90
0.40
8.80
27.40
21.40
8.70
0.00
3.40
67.10
87.40
22.20
1.70
3.00
0.20
11.90
11.90
7.40
1.40
0.00
0.00
34.50
26.50
13.40
27.70
3.20
13.00
6.10
3.00
4.60
11.90
16.50
6.90
9.00
18.20
41.20
41.20
101.20
101.20
37.10
11.80
11.80
0.80
0.10
11.80
11.80
11.80
0.80
9.40
50.70
19.60
55.50
9.00
2.90
2.20
0.30
32.70
3.30
7.20
36.60
17.10
17.80
0.50
2.10
16.50
3.90
0.60
2.50
0.40
17.20
31.60
18.10
118.80
12.10
0.20
4.10
0.00
3.60
9.60
39.20
21.30
29.00
0.70
12.70
4.30
6.70
0.00
0.00
4.00
27.70
2.40
52.30
39.20
11.40
11.50
6.80
2.90
1.20
5.50
2.70
5.60
2.90
0.50
0.80
27.60
9.60
0.00
0.20
0.20
13.90
16.50
38.60
40.50
27.70
0.00
0.60
0.30
17.30
13.40
13.40
7.30
0.30
6.10
1.40
34.40
1.20
3.20
13.80
11.30
0.00
0.00
0.00
0.00
2.30
5.10
0.00
0.00
0.00
0.00
0.10
5.90
0.70
0.20
0.20
0.70
