20160101
0.00
0.00
0.00
0.00
0.00
0.00
0.00
0.00
0.00
0.00
0.00
0.00
4.00
0.00
0.00
0.00
0.00
0.00
62.00
40.00
0.00
0.00
0.00
0.00
0.00
0.00
0.00
0.00
0.00
0.00
0.00
0.00
0.00
0.00
0.00
0.00
0.00
0.00
21.00
0.00
0.00
0.00
0.00
0.00
0.00
0.00
0.00
0.00
0.00
0.00
3.00
2.00
0.00
0.00
2.00
0.00
5.00
1.00
0.00
0.00
0.00
9.00
0.00
0.00
0.00
336.00
0.00
0.00
0.00
0.00
0.00
0.00
3.00
7.00
0.00
0.00
1.00
0.00
0.00
0.00
0.00
0.00
0.00
0.00
0.00
0.00
0.00
8.00
40.00
115.00
122.00
9.00
0.00
43.00
6.00
2.00
0.00
0.00
0.00
0.00
0.00
0.00
0.00
0.00
66.00
0.00
328.00
0.00
0.00
0.00
0.00
0.00
0.00
0.00
0.00
0.00
0.00
14.00
0.00
0.00
0.00
14.00
0.00
86.00
0.00
18.00
3.00
115.00
20.00
16.00
184.00
10.00
595.00
205.00
59.00
762.00
35.00
13.00
180.00
10.00
26.00
67.00
0.00
1.00
174.00
41.00
0.00
112.00
85.00
17.00
16.00
37.00
2.00
0.00
0.00
0.00
1.00
14.00
285.00
0.00
27.00
0.00
87.00
173.00
0.00
159.00
46.00
187.00
71.00
3.00
164.00
79.00
23.00
123.00
68.00
18.00
46.00
127.00
33.00
24.00
13.00
39.00
25.00
162.00
47.00
104.00
154.00
55.00
73.00
303.00
130.00
26.00
12.00
15.00
27.00
29.00
65.00
302.00
167.00
215.00
158.00
156.00
57.00
100.00
41.00
152.00
167.00
28.00
1.00
79.00
88.00
48.00
171.00
256.00
87.00
179.00
195.00
92.00
3.00
24.00
8.00
5.00
152.00
5.00
2.00
138.00
218.00
286.00
88.00
32.00
21.00
2.00
131.00
54.00
4.00
3.00
2.00
1013.00
7.00
7.00
28.00
3.00
56.00
17.00
44.00
859.00
97.00
3.00
18.00
14.00
6.00
1.00
0.00
73.00
5.00
259.00
326.00
5.00
1.00
26.00
133.00
184.00
155.00
332.00
151.00
8.00
74.00
203.00
420.00
331.00
0.00
0.00
55.00
35.00
41.00
3.00
0.00
0.00
3.00
0.00
86.00
150.00
69.00
66.00
18.00
3.00
0.00
0.00
0.00
0.00
0.00
0.00
0.00
0.00
0.00
0.00
0.00
10.00
0.00
0.00
81.00
1.00
0.00
2.00
0.00
0.00
0.00
0.00
81.00
318.00
0.00
0.00
0.00
0.00
0.00
0.00
0.00
0.00
0.00
0.00
0.00
0.00
0.00
0.00
0.00
0.00
0.00
0.00
0.00
0.00
0.00
0.00
0.00
0.00
0.00
3.00
0.00
0.00
0.00
0.00
0.00
0.00
0.00
0.00
0.00
0.00
0.00
0.00
0.00
0.00
0.00
0.00
0.00
0.00
0.00
0.00
0.00
0.00
0.00
0.00
0.00
0.00
0.00
0.00
0.00
0.00
0.00
0.00
0.00
0.00
0.00
0.00
0.00
0.00
0.00
3.00
0.00
0.00
0.00
0.00
0.00
0.00
0.00
0.00
0.00
0.00
0.00
0.00
0.00
0.00
0.00
0.00
9.00
0.00
0.00
0.00
0.00
0.00
0.00
0.00
0.00
0.00
0.00
0.00
0.00
0.00
0.00
0.00
0.00
0.00
0.00
0.00
0.00
0.00
0.00
0.00
0.00
0.00
13.00
0.00
0.00
0.00
0.00
0.00
0.00
0.00
0.00
0.00
62.00
224.00
0.00
0.00
33.00
0.00
130.00
3.00
0.00
0.00
0.00
0.00
0.00
51.00
16.00
40.00
268.00
0.00
0.00
0.00
0.00
130.00
0.00
0.00
305.00
306.00
0.00
0.00
288.00
46.00
64.00
0.00
1.00
4.00
21.00
1.00
0.00
0.00
0.00
0.00
0.00
0.00
64.00
65.00
0.00
17.00
959.00
43.00
59.00
553.00
0.00
177.00
326.00
0.00
0.00
0.00
32.00
175.00
283.00
0.00
0.00
8.00
117.00
136.00
0.00
0.00
30.00
1.00
121.00
0.00
75.00
366.00
636.00
20.00
296.00
0.00
79.00
2.00
0.00
9.00
0.00
0.00
1.00
268.00
0.00
5.00
77.00
89.00
68.00
137.00
361.00
97.00
0.00
35.00
0.00
2.00
112.00
0.00
40.00
60.00
1008.00
26.00
124.00
26.00
159.00
149.00
426.00
581.00
65.00
10.00
74.00
74.00
70.00
3.00
4.00
17.00
33.00
20.00
157.00
124.00
61.00
451.00
304.00
206.00
19.00
47.00
10.00
150.00
106.00
145.00
216.00
149.00
6.00
30.00
24.00
134.00
145.00
70.00
2.00
211.00
102.00
85.00
512.00
54.00
157.00
16.00
51.00
103.00
58.00
33.00
140.00
39.00
136.00
456.00
129.00
6.00
10.00
35.00
18.00
395.00
1003.00
314.00
118.00
89.00
65.00
44.00
196.00
47.00
53.00
35.00
197.00
250.00
23.00
42.00
66.00
1006.00
266.00
23.00
71.00
169.00
127.00
114.00
191.00
6.00
1.00
211.00
4.00
64.00
2.00
210.00
368.00
31.00
391.00
46.00
84.00
1.00
0.00
68.00
167.00
65.00
118.00
58.00
7.00
2.00
26.00
6.00
4.00
155.00
223.00
152.00
183.00
195.00
184.00
0.00
0.00
2.00
100.00
32.00
3.00
1.00
0.00
0.00
25.00
0.00
9.00
0.00
0.00
0.00
3.00
5.00
989.00
432.00
0.00
0.00
0.00
0.00
0.00
0.00
0.00
1.00
6.00
0.00
0.00
0.00
0.00
0.00
0.00
0.00
0.00
0.00
0.00
0.00
0.00
1.00
0.00
3.00
365.00
98.00
4.00
0.00
0.00
0.00
0.00
0.00
0.00
0.00
0.00
0.00
0.00
0.00
0.00
0.00
0.00
0.00
0.00
0.00
0.00
0.00
0.00
7.00
48.00
0.00
0.00
0.00
0.00
0.00
0.00
0.00
0.00
0.00
27.00
0.00
0.00
0.00
0.00
0.00
0.00
0.00
0.00
0.00
0.00
0.00
0.00
19.00
0.00
0.00
0.00
0.00
0.00
0.00
0.00
0.00
0.00
0.00
0.00
0.00
0.00
0.00
0.00
0.00
0.00
0.00
0.00
0.00
0.00
0.00
0.00
0.00
0.00
0.00
0.00
0.00
0.00
0.00
0.00
0.00
0.00
0.00
17.00
0.00
1116.00
310.00
246.00
57.00
30.00
1.00
810.00
395.00
0.00
0.00
0.00
0.00
0.00
0.00
0.00
0.00
0.00
0.00
408.00
67.00
0.00
0.00
0.00
0.00
0.00
0.00
100.00
0.00
0.00
0.00
0.00
0.00
0.00
0.00
0.00
0.00
8.00
32.00
0.00
0.00
0.00
0.00
0.00
10.00
26.00
4.00
102.00
39.00
0.00
87.00
9.00
542.00
493.00
0.00
14.00
0.00
0.00
50.00
130.00
90.00
22.00
34.00
0.00
107.00
2.00
0.00
79.00
0.00
66.00
4.00
79.00
1.00
18.00
66.00
0.00
0.00
0.00
314.00
189.00
0.00
146.00
200.00
238.00
0.00
314.00
0.00
40.00
601.00
563.00
3.00
124.00
179.00
25.00
4.00
0.00
1.00
0.00
70.00
42.00
7.00
2.00
0.00
55.00
112.00
422.00
64.00
12.00
151.00
1.00
0.00
81.00
12.00
276.00
40.00
65.00
0.00
139.00
0.00
1.00
0.00
59.00
16.00
322.00
2.00
11.00
143.00
0.00
370.00
43.00
0.00
15.00
71.00
195.00
0.00
2.00
3.00
7.00
198.00
13.00
49.00
15.00
11.00
0.00
26.00
83.00
551.00
64.00
79.00
5.00
17.00
27.00
5.00
21.00
26.00
7.00
74.00
55.00
138.00
78.00
17.00
39.00
2.00
2.00
176.00
31.00
20.00
132.00
387.00
132.00
1.00
141.00
9.00
92.00
313.00
92.00
86.00
33.00
13.00
48.00
78.00
395.00
39.00
21.00
82.00
62.00
44.00
147.00
121.00
52.00
282.00
87.00
5.00
4.00
165.00
29.00
44.00
10.00
417.00
220.00
138.00
92.00
40.00
10.00
8.00
1.00
91.00
22.00
136.00
67.00
95.00
42.00
1.00
1.00
54.00
18.00
8.00
184.00
591.00
407.00
79.00
0.00
0.00
0.00
3.00
261.00
153.00
13.00
1.00
11.00
21.00
15.00
18.00
2.00
0.00
0.00
0.00
0.00
0.00
17.00
0.00
0.00
0.00
0.00
0.00
0.00
3.00
290.00
119.00
3.00
0.00
0.00
0.00
0.00
0.00
0.00
0.00
0.00
0.00
0.00
0.00
0.00
0.00
7.00
7.00
34.00
4.00
0.00
0.00
0.00
0.00
0.00
5.00
0.00
0.00
0.00
0.00
0.00
0.00
0.00
0.00
0.00
0.00
0.00
0.00
0.00
0.00
0.00
0.00
0.00
0.00
0.00
0.00
0.00
0.00
0.00
0.00
0.00
0.00
0.00
2.00
0.00
1.00
0.00
0.00
0.00
0.00
0.00
0.00
0.00
0.00
0.00
0.00
2.00
95.00
38.00
0.00
0.00
0.00
0.00
0.00
0.00
0.00
0.00
0.00
0.00
0.00
0.00
0.00
0.00
0.00
0.00
0.00
0.00
0.00
0.00
0.00
0.00
0.00
0.00
0.00
0.00
0.00
0.00
0.00
0.00
0.00
0.00
0.00
0.00
0.00
0.00
0.00
0.00
5.00
5.00
0.00
0.00
0.00
0.00
0.00
0.00
0.00
0.00
0.00
0.00
0.00
1.00
0.00
0.00
0.00
0.00
0.00
0.00
0.00
1.00
1.00
0.00
0.00
0.00
0.00
0.00
0.00
0.00
15.30
1.60
30.90
2.20
0.00
0.00
0.00
0.00
0.00
0.00
0.00
0.00
0.00
0.00
0.00
0.00
0.00
0.00
0.60
0.00
9.60
2.10
0.00
0.00
0.00
0.80
0.00
0.00
0.00
7.70
7.60
0.00
9.60
13.10
125.20
0.30
56.60
0.00
48.30
1.20
85.70
0.00
7.50
24.50
0.00
5.50
0.00
31.40
0.00
0.00
2.70
0.00
0.00
0.00
0.00
6.80
0.00
0.00
0.00
0.00
0.60
2.90
0.00
1.90
0.80
0.80
0.00
40.60
15.10
0.00
0.00
0.00
0.00
0.00
0.00
0.40
0.00
23.40
0.10
22.70
0.00
37.90
15.90
10.10
10.10
0.00
22.80
22.80
33.60
4.90
0.00
4.60
2.20
0.00
7.60
27.80
22.20
18.40
5.20
0.00
5.10
0.00
0.30
0.00
0.00
0.00
0.00
1.80
3.90
5.70
27.10
0.00
49.70
0.20
9.90
8.90
11.20
0.00
0.00
0.00
8.80
21.50
16.50
9.30
1.40
10.70
2.00
0.30
0.00
0.80
14.40
2.00
7.50
7.30
23.40
23.40
26.70
26.70
52.30
0.00
0.00
1.30
0.00
0.00
0.00
0.00
12.10
4.30
18.50
16.40
7.90
26.00
0.90
0.00
0.10
0.60
7.50
1.30
6.90
2.30
3.80
14.20
2.20
2.30
7.00
18.30
1.90
2.00
27.00
4.00
3.50
15.30
69.90
1.70
0.00
0.00
2.00
2.80
45.50
16.70
2.20
5.10
0.00
0.00
2.80
0.70
4.40
12.20
32.20
33.70
25.90
13.10
7.10
7.10
2.60
0.50
17.80
5.40
1.20
8.30
20.70
1.20
10.20
12.00
4.00
0.00
0.00
0.00
4.60
42.20
0.80
23.90
49.20
3.00
3.70
11.30
5.30
31.60
31.60
0.00
0.00
0.10
14.10
6.40
27.10
19.60
18.20
0.00
0.00
0.00
0.00
0.00
0.00
0.00
0.00
0.00
0.00
0.00
0.00
4.20
1.50
0.10
0.00
3.60
