20160101
0.00
0.00
0.00
0.00
0.00
0.00
0.00
0.00
0.00
0.00
0.00
0.00
6.00
0.00
0.00
0.00
0.00
3.00
19.00
76.00
0.00
0.00
0.00
0.00
0.00
13.00
0.00
0.00
0.00
0.00
0.00
0.00
0.00
0.00
0.00
0.00
0.00
2.00
10.00
0.00
0.00
38.00
0.00
0.00
0.00
0.00
0.00
0.00
0.00
0.00
7.00
0.00
0.00
0.00
39.00
0.00
13.00
0.00
0.00
0.00
0.00
0.00
0.00
0.00
0.00
16.00
0.00
0.00
0.00
0.00
0.00
0.00
1.00
1.00
0.00
0.00
0.00
0.00
24.00
110.00
25.00
0.00
0.00
0.00
0.00
0.00
36.00
288.00
38.00
28.00
310.00
0.00
0.00
106.00
91.00
432.00
85.00
1.00
0.00
40.00
0.00
0.00
0.00
0.00
95.00
151.00
190.00
997.00
11.00
315.00
120.00
69.00
38.00
0.00
0.00
49.00
482.00
169.00
23.00
2.00
7.00
107.00
38.00
117.00
58.00
143.00
77.00
313.00
30.00
31.00
103.00
16.00
533.00
199.00
275.00
119.00
152.00
659.00
1020.00
49.00
77.00
233.00
6.00
23.00
324.00
126.00
10.00
29.00
35.00
18.00
61.00
27.00
11.00
4.00
248.00
240.00
131.00
411.00
520.00
31.00
299.00
62.00
128.00
56.00
58.00
460.00
289.00
243.00
245.00
206.00
774.00
705.00
702.00
691.00
920.00
422.00
64.00
967.00
127.00
157.00
281.00
389.00
153.00
469.00
407.00
301.00
312.00
74.00
370.00
794.00
290.00
148.00
69.00
174.00
154.00
286.00
268.00
315.00
186.00
221.00
441.00
146.00
274.00
285.00
355.00
444.00
440.00
143.00
157.00
62.00
151.00
25.00
59.00
135.00
68.00
145.00
595.00
221.00
51.00
182.00
249.00
840.00
545.00
145.00
220.00
236.00
537.00
415.00
79.00
196.00
183.00
30.00
49.00
92.00
0.00
34.00
12.00
128.00
30.00
13.00
300.00
473.00
987.00
1116.00
1494.00
265.00
341.00
150.00
158.00
227.00
155.00
82.00
60.00
189.00
296.00
942.00
272.00
240.00
78.00
318.00
139.00
289.00
161.00
302.00
431.00
194.00
281.00
92.00
152.00
105.00
68.00
132.00
182.00
5.00
99.00
71.00
7.00
1.00
115.00
142.00
244.00
229.00
360.00
119.00
215.00
125.00
1.00
0.00
0.00
0.00
0.00
0.00
0.00
119.00
30.00
0.00
0.00
7.00
2.00
39.00
35.00
0.00
0.00
0.00
4.00
0.00
0.00
4.00
91.00
208.00
1.00
0.00
75.00
0.00
0.00
0.00
0.00
0.00
0.00
0.00
9.00
62.00
360.00
7.00
4.00
0.00
0.00
0.00
0.00
0.00
6.00
0.00
0.00
75.00
0.00
79.00
0.00
0.00
8.00
0.00
0.00
0.00
0.00
0.00
0.00
0.00
0.00
0.00
0.00
0.00
0.00
0.00
0.00
0.00
0.00
0.00
7.00
6.00
1.00
0.00
17.00
0.00
0.00
0.00
18.00
117.00
0.00
0.00
47.00
7.00
0.00
0.00
0.00
0.00
0.00
13.00
0.00
0.00
0.00
0.00
0.00
0.00
0.00
0.00
0.00
0.00
0.00
0.00
0.00
0.00
0.00
0.00
17.00
0.00
0.00
0.00
0.00
0.00
0.00
0.00
0.00
0.00
0.00
0.00
0.00
0.00
0.00
0.00
0.00
0.00
0.00
0.00
0.00
0.00
0.00
0.00
42.00
0.00
0.00
0.00
0.00
0.00
0.00
0.00
0.00
0.00
0.00
0.00
86.00
2.00
0.00
0.00
27.00
0.00
267.00
7.00
0.00
0.00
0.00
0.00
0.00
116.00
61.00
30.00
123.00
0.00
0.00
0.00
43.00
243.00
0.00
52.00
105.00
470.00
223.00
114.00
48.00
748.00
527.00
336.00
462.00
3.00
0.00
77.00
15.00
0.00
0.00
0.00
0.00
1.00
356.00
70.00
0.00
11.00
855.00
576.00
395.00
420.00
0.00
170.00
232.00
114.00
0.00
82.00
22.00
86.00
230.00
2.00
60.00
201.00
225.00
599.00
1.00
64.00
87.00
25.00
361.00
119.00
56.00
255.00
470.00
7.00
40.00
511.00
119.00
340.00
341.00
160.00
33.00
88.00
274.00
79.00
42.00
30.00
222.00
348.00
184.00
328.00
221.00
175.00
314.00
46.00
3.00
80.00
115.00
130.00
158.00
476.00
944.00
419.00
486.00
292.00
608.00
1041.00
697.00
260.00
177.00
254.00
472.00
570.00
384.00
122.00
108.00
166.00
458.00
53.00
514.00
371.00
318.00
317.00
545.00
91.00
79.00
139.00
87.00
374.00
413.00
269.00
336.00
227.00
258.00
244.00
149.00
74.00
164.00
250.00
367.00
490.00
781.00
230.00
533.00
306.00
173.00
120.00
94.00
173.00
54.00
562.00
1034.00
683.00
498.00
338.00
547.00
312.00
139.00
149.00
188.00
1336.00
839.00
1219.00
1098.00
188.00
423.00
148.00
412.00
265.00
426.00
656.00
563.00
305.00
369.00
261.00
281.00
691.00
805.00
94.00
226.00
680.00
352.00
230.00
518.00
623.00
300.00
119.00
258.00
118.00
738.00
1659.00
545.00
180.00
121.00
454.00
202.00
104.00
107.00
393.00
125.00
480.00
303.00
115.00
56.00
190.00
74.00
51.00
85.00
354.00
204.00
339.00
611.00
261.00
122.00
40.00
48.00
21.00
119.00
356.00
100.00
49.00
35.00
16.00
108.00
106.00
487.00
25.00
4.00
10.00
145.00
214.00
924.00
499.00
32.00
0.00
0.00
0.00
157.00
332.00
332.00
40.00
105.00
40.00
14.00
103.00
174.00
52.00
47.00
30.00
243.00
55.00
40.00
36.00
7.00
19.00
17.00
326.00
354.00
110.00
45.00
17.00
21.00
25.00
14.00
9.00
10.00
8.00
138.00
2.00
24.00
17.00
27.00
27.00
15.00
0.00
0.00
0.00
0.00
1.00
47.00
364.00
116.00
242.00
0.00
8.00
0.00
0.00
0.00
0.00
0.00
33.00
56.00
37.00
34.00
13.00
8.00
1.00
0.00
0.00
0.00
0.00
0.00
0.00
0.00
257.00
44.00
0.00
0.00
0.00
0.00
0.00
0.00
0.00
0.00
0.00
0.00
0.00
0.00
0.00
0.00
0.00
0.00
0.00
0.00
0.00
0.00
0.00
0.00
0.00
0.00
0.00
0.00
0.00
0.00
0.00
0.00
0.00
0.00
0.00
0.00
0.00
511.00
150.00
239.00
49.00
8.00
0.00
135.00
53.00
0.00
0.00
0.00
0.00
0.00
0.00
0.00
0.00
0.00
0.00
406.00
416.00
0.00
0.00
0.00
0.00
0.00
0.00
0.00
0.00
0.00
0.00
0.00
0.00
0.00
0.00
0.00
0.00
0.00
48.00
0.00
0.00
0.00
0.00
0.00
0.00
93.00
0.00
42.00
85.00
0.00
42.00
251.00
364.00
410.00
0.00
13.00
0.00
0.00
198.00
2.00
40.00
132.00
264.00
13.00
135.00
7.00
0.00
74.00
1.00
1.00
68.00
3.00
96.00
55.00
142.00
2.00
0.00
129.00
17.00
8.00
0.00
224.00
98.00
164.00
1.00
95.00
0.00
210.00
181.00
662.00
611.00
226.00
329.00
179.00
241.00
0.00
2.00
0.00
232.00
0.00
0.00
0.00
0.00
0.00
460.00
537.00
77.00
116.00
276.00
142.00
0.00
239.00
21.00
109.00
259.00
32.00
0.00
20.00
475.00
111.00
168.00
0.00
34.00
39.00
100.00
198.00
357.00
712.00
986.00
515.00
95.00
115.00
333.00
261.00
20.00
57.00
10.00
345.00
594.00
212.00
191.00
113.00
131.00
198.00
137.00
805.00
332.00
303.00
444.00
100.00
49.00
128.00
206.00
185.00
245.00
93.00
435.00
371.00
525.00
303.00
99.00
150.00
50.00
8.00
343.00
205.00
125.00
362.00
626.00
230.00
173.00
437.00
527.00
282.00
720.00
446.00
141.00
190.00
117.00
140.00
398.00
263.00
446.00
167.00
443.00
486.00
617.00
620.00
417.00
648.00
634.00
242.00
83.00
24.00
149.00
74.00
120.00
81.00
413.00
282.00
195.00
426.00
194.00
109.00
66.00
59.00
255.00
204.00
237.00
715.00
308.00
13.00
58.00
24.00
30.00
285.00
383.00
657.00
643.00
605.00
247.00
7.00
5.00
0.00
22.00
107.00
260.00
15.00
18.00
106.00
211.00
118.00
43.00
159.00
3.00
6.00
4.00
5.00
6.00
11.00
3.00
0.00
0.00
0.00
0.00
2.00
39.00
178.00
240.00
76.00
19.00
0.00
81.00
14.00
13.00
1.00
0.00
18.00
6.00
0.00
0.00
0.00
12.00
74.00
136.00
166.00
23.00
24.00
3.00
14.00
212.00
24.00
11.00
0.00
5.00
3.00
9.00
4.00
0.00
0.00
0.00
0.00
0.00
0.00
4.00
0.00
0.00
0.00
0.00
2.00
0.00
0.00
0.00
0.00
0.00
0.00
0.00
0.00
0.00
0.00
0.00
0.00
38.00
0.00
0.00
0.00
0.00
0.00
0.00
0.00
0.00
0.00
4.00
12.00
105.00
47.00
0.00
0.00
0.00
0.00
0.00
0.00
0.00
0.00
0.00
0.00
0.00
0.00
0.00
0.00
0.00
0.00
0.00
14.00
0.00
0.00
0.00
0.00
0.00
0.00
0.00
0.00
0.00
0.00
0.00
0.00
0.00
0.00
0.00
0.00
0.00
0.00
0.00
0.00
7.00
7.00
1.00
0.00
0.00
0.00
0.00
0.00
0.00
0.00
0.00
0.00
0.00
9.00
1.00
0.00
0.00
4.00
0.00
0.00
0.00
4.00
5.00
0.00
0.00
0.00
0.00
0.00
0.00
0.30
21.90
4.50
46.90
32.30
0.00
0.00
0.00
5.70
0.20
0.00
0.00
0.00
0.00
0.00
0.00
0.00
0.00
0.00
0.00
0.00
14.30
0.70
7.90
0.00
9.80
2.30
0.00
0.00
0.00
6.30
7.50
0.00
0.00
1.30
152.20
10.80
53.70
0.00
19.80
13.50
44.20
0.10
0.70
60.00
0.00
0.40
2.70
1.30
0.00
4.10
5.60
0.00
0.00
0.00
12.70
18.60
0.60
0.00
0.00
0.00
0.00
14.00
12.80
21.10
16.00
16.00
1.50
269.60
58.80
43.20
1.20
13.80
73.90
48.90
13.10
27.10
3.10
26.00
9.10
14.70
1.90
36.80
42.60
3.30
3.30
32.70
41.70
41.70
16.60
7.90
5.70
8.00
5.70
1.50
5.10
34.50
7.20
5.70
64.60
28.90
1.20
7.10
17.60
5.90
4.60
8.80
0.50
1.20
64.90
49.50
47.50
76.70
0.60
4.60
20.90
94.50
9.00
8.00
1.80
3.80
125.30
165.20
178.00
74.30
19.20
70.20
46.40
33.40
15.40
14.60
20.10
177.80
60.80
121.30
105.10
105.10
110.50
110.50
85.20
35.00
35.00
9.20
9.50
35.00
35.00
35.00
71.90
142.70
118.10
49.50
73.20
37.90
43.00
12.60
25.00
18.50
26.60
19.60
47.90
31.20
13.40
16.80
13.40
67.90
27.70
20.00
55.10
4.50
27.30
77.70
27.60
56.90
37.60
2.30
9.50
5.80
22.30
13.30
59.20
77.60
19.00
10.70
11.00
18.80
24.20
5.20
12.10
25.90
14.00
22.40
81.50
49.50
36.40
33.40
29.10
39.90
60.20
37.80
37.20
28.50
37.50
28.60
27.10
21.70
11.80
2.90
4.90
3.60
19.30
43.60
21.50
25.70
63.10
7.60
13.30
10.50
22.30
41.90
41.90
18.90
6.00
5.30
27.90
15.00
27.40
8.20
12.40
10.90
5.00
4.90
0.20
0.90
6.60
3.50
0.00
0.90
4.00
4.90
2.60
4.40
1.00
0.20
0.00
5.10
