20160101
0.00
0.00
0.00
0.00
0.00
0.00
0.00
0.00
2.00
0.00
0.00
0.00
0.00
0.00
0.00
0.00
0.00
0.00
1.00
19.00
0.00
0.00
0.00
0.00
0.00
8.00
0.00
0.00
0.00
0.00
0.00
0.00
0.00
0.00
0.00
0.00
0.00
0.00
0.00
5.00
3.00
0.00
2.00
0.00
0.00
0.00
0.00
0.00
0.00
0.00
1.00
13.00
0.00
65.00
414.00
0.00
29.00
0.00
0.00
0.00
0.00
0.00
0.00
301.00
0.00
6.00
0.00
2.00
0.00
0.00
26.00
0.00
0.00
0.00
3.00
3.00
0.00
0.00
2.00
0.00
45.00
0.00
5.00
0.00
0.00
0.00
0.00
718.00
17.00
18.00
490.00
19.00
0.00
647.00
448.00
815.00
191.00
9.00
195.00
8.00
115.00
2.00
0.00
62.00
111.00
337.00
334.00
1040.00
16.00
730.00
126.00
1140.00
572.00
205.00
48.00
426.00
197.00
134.00
2.00
0.00
119.00
48.00
235.00
63.00
287.00
32.00
27.00
6.00
1.00
0.00
18.00
135.00
340.00
128.00
345.00
52.00
114.00
1472.00
214.00
31.00
88.00
1127.00
0.00
0.00
22.00
70.00
16.00
1.00
6.00
83.00
35.00
64.00
0.00
0.00
116.00
2.00
109.00
33.00
182.00
85.00
316.00
40.00
17.00
29.00
39.00
0.00
70.00
99.00
1031.00
88.00
8.00
0.00
30.00
36.00
58.00
62.00
32.00
47.00
114.00
20.00
250.00
83.00
192.00
334.00
59.00
26.00
7.00
37.00
0.00
31.00
194.00
57.00
59.00
36.00
2.00
95.00
823.00
30.00
0.00
18.00
76.00
1.00
15.00
98.00
174.00
123.00
166.00
34.00
11.00
85.00
242.00
113.00
3.00
9.00
0.00
1.00
141.00
183.00
37.00
243.00
250.00
92.00
13.00
47.00
80.00
22.00
25.00
368.00
40.00
67.00
19.00
0.00
689.00
63.00
0.00
21.00
0.00
424.00
11.00
75.00
78.00
157.00
771.00
493.00
44.00
3.00
147.00
143.00
389.00
194.00
118.00
62.00
41.00
7.00
71.00
603.00
864.00
163.00
0.00
7.00
81.00
56.00
87.00
99.00
459.00
132.00
15.00
67.00
7.00
128.00
19.00
792.00
12.00
159.00
160.00
0.00
0.00
9.00
111.00
29.00
31.00
165.00
67.00
48.00
76.00
185.00
27.00
0.00
0.00
0.00
0.00
0.00
0.00
0.00
0.00
0.00
0.00
0.00
0.00
0.00
124.00
28.00
35.00
1.00
0.00
0.00
0.00
14.00
173.00
333.00
364.00
0.00
0.00
0.00
0.00
0.00
0.00
0.00
0.00
0.00
0.00
0.00
0.00
0.00
0.00
0.00
0.00
0.00
0.00
0.00
0.00
0.00
0.00
0.00
0.00
1.00
0.00
0.00
0.00
0.00
0.00
0.00
0.00
0.00
0.00
0.00
0.00
0.00
0.00
0.00
0.00
0.00
0.00
0.00
0.00
0.00
0.00
0.00
0.00
0.00
41.00
0.00
0.00
0.00
0.00
0.00
0.00
0.00
0.00
0.00
0.00
0.00
0.00
0.00
0.00
0.00
0.00
0.00
0.00
0.00
0.00
0.00
0.00
0.00
0.00
0.00
0.00
0.00
0.00
0.00
0.00
0.00
2.00
0.00
0.00
0.00
0.00
0.00
0.00
0.00
0.00
0.00
0.00
0.00
0.00
0.00
0.00
0.00
0.00
0.00
0.00
0.00
0.00
0.00
0.00
0.00
87.00
2.00
0.00
0.00
0.00
0.00
0.00
0.00
0.00
0.00
0.00
0.00
2.00
89.00
22.00
0.00
79.00
0.00
231.00
62.00
0.00
0.00
0.00
0.00
0.00
10.00
156.00
0.00
94.00
0.00
0.00
0.00
0.00
93.00
5.00
1.00
21.00
546.00
791.00
995.00
316.00
322.00
182.00
507.00
160.00
0.00
6.00
0.00
36.00
0.00
0.00
0.00
0.00
0.00
19.00
18.00
0.00
7.00
427.00
515.00
261.00
372.00
62.00
143.00
259.00
0.00
82.00
120.00
1.00
110.00
133.00
0.00
0.00
35.00
136.00
123.00
0.00
0.00
215.00
0.00
1.00
0.00
79.00
505.00
358.00
1.00
14.00
29.00
127.00
35.00
66.00
19.00
0.00
30.00
30.00
207.00
2.00
35.00
137.00
642.00
167.00
594.00
44.00
314.00
181.00
1.00
0.00
5.00
111.00
15.00
623.00
273.00
302.00
56.00
40.00
31.00
36.00
171.00
661.00
258.00
0.00
34.00
53.00
399.00
367.00
696.00
264.00
205.00
65.00
112.00
295.00
264.00
38.00
80.00
9.00
189.00
70.00
178.00
60.00
89.00
88.00
72.00
406.00
408.00
154.00
158.00
0.00
4.00
59.00
272.00
73.00
14.00
55.00
939.00
99.00
37.00
86.00
6.00
26.00
26.00
13.00
93.00
155.00
51.00
156.00
24.00
142.00
70.00
38.00
10.00
0.00
38.00
669.00
227.00
57.00
46.00
42.00
1.00
44.00
2.00
95.00
36.00
188.00
52.00
189.00
487.00
116.00
509.00
13.00
156.00
94.00
200.00
118.00
8.00
7.00
31.00
77.00
1.00
31.00
53.00
34.00
29.00
225.00
27.00
2.00
48.00
52.00
0.00
3.00
155.00
10.00
660.00
54.00
138.00
0.00
0.00
6.00
5.00
5.00
191.00
91.00
2.00
309.00
1.00
12.00
0.00
0.00
134.00
173.00
382.00
129.00
3.00
10.00
0.00
221.00
69.00
0.00
0.00
0.00
42.00
166.00
663.00
410.00
1613.00
0.00
0.00
0.00
0.00
0.00
0.00
3.00
708.00
771.00
0.00
0.00
0.00
0.00
0.00
0.00
0.00
0.00
0.00
0.00
0.00
0.00
31.00
1.00
0.00
160.00
11.00
19.00
18.00
0.00
0.00
0.00
0.00
0.00
0.00
0.00
0.00
0.00
0.00
0.00
0.00
0.00
0.00
0.00
0.00
0.00
0.00
1.00
278.00
331.00
321.00
9.00
0.00
0.00
0.00
0.00
0.00
0.00
0.00
124.00
0.00
0.00
0.00
1.00
0.00
0.00
0.00
0.00
0.00
0.00
0.00
178.00
95.00
83.00
0.00
0.00
0.00
0.00
0.00
0.00
0.00
0.00
0.00
0.00
0.00
0.00
0.00
0.00
0.00
0.00
0.00
0.00
0.00
0.00
0.00
0.00
0.00
0.00
0.00
0.00
0.00
0.00
0.00
0.00
0.00
0.00
0.00
0.00
0.00
23.00
12.00
62.00
8.00
22.00
0.00
2.00
0.00
0.00
0.00
0.00
0.00
0.00
0.00
0.00
0.00
105.00
0.00
123.00
498.00
0.00
0.00
0.00
0.00
0.00
0.00
0.00
0.00
0.00
0.00
0.00
0.00
0.00
21.00
692.00
0.00
300.00
139.00
105.00
0.00
0.00
0.00
0.00
0.00
1.00
0.00
0.00
244.00
24.00
279.00
248.00
290.00
7.00
8.00
12.00
0.00
0.00
2.00
54.00
0.00
45.00
66.00
10.00
39.00
76.00
0.00
300.00
0.00
0.00
250.00
98.00
0.00
36.00
320.00
113.00
0.00
9.00
70.00
9.00
5.00
82.00
24.00
363.00
8.00
217.00
60.00
175.00
373.00
791.00
836.00
370.00
425.00
324.00
240.00
0.00
76.00
81.00
200.00
7.00
2.00
11.00
38.00
0.00
11.00
59.00
24.00
256.00
347.00
31.00
251.00
5.00
20.00
69.00
46.00
39.00
101.00
45.00
205.00
431.00
252.00
9.00
115.00
93.00
748.00
1494.00
426.00
18.00
644.00
353.00
32.00
9.00
39.00
25.00
0.00
66.00
127.00
35.00
30.00
56.00
71.00
77.00
34.00
35.00
22.00
0.00
1.00
14.00
0.00
0.00
47.00
235.00
55.00
44.00
541.00
85.00
142.00
3.00
5.00
20.00
47.00
60.00
48.00
10.00
35.00
95.00
76.00
70.00
125.00
120.00
27.00
46.00
125.00
248.00
484.00
301.00
25.00
5.00
27.00
144.00
156.00
26.00
118.00
45.00
151.00
148.00
89.00
327.00
867.00
13.00
25.00
168.00
8.00
3.00
2.00
217.00
99.00
10.00
217.00
59.00
110.00
191.00
46.00
46.00
18.00
215.00
17.00
192.00
4.00
372.00
79.00
10.00
65.00
0.00
12.00
174.00
62.00
0.00
1.00
33.00
0.00
2.00
98.00
29.00
100.00
116.00
14.00
200.00
0.00
14.00
13.00
10.00
14.00
71.00
0.00
0.00
0.00
3.00
0.00
0.00
0.00
0.00
2.00
0.00
0.00
11.00
132.00
226.00
136.00
16.00
2.00
0.00
0.00
0.00
0.00
0.00
0.00
0.00
0.00
0.00
0.00
0.00
0.00
1427.00
325.00
132.00
132.00
25.00
0.00
0.00
8.00
24.00
0.00
0.00
0.00
0.00
0.00
0.00
0.00
8.00
0.00
0.00
0.00
0.00
0.00
0.00
0.00
0.00
0.00
0.00
0.00
0.00
0.00
0.00
0.00
0.00
0.00
0.00
0.00
0.00
0.00
0.00
0.00
0.00
0.00
0.00
0.00
0.00
0.00
0.00
0.00
0.00
0.00
50.00
41.00
12.00
0.00
0.00
0.00
0.00
0.00
0.00
0.00
0.00
0.00
0.00
0.00
0.00
0.00
0.00
0.00
0.00
0.00
0.00
0.00
0.00
0.00
0.00
0.00
0.00
0.00
0.00
0.00
0.00
0.00
0.00
0.00
0.00
0.00
0.00
0.00
0.00
0.00
0.00
0.00
0.00
0.00
0.00
0.00
0.00
0.00
0.00
0.00
0.00
0.00
0.00
0.00
0.00
0.00
0.00
0.00
0.00
0.00
0.00
0.00
0.00
6.00
0.00
0.00
0.00
0.00
0.00
0.00
0.20
63.40
21.50
45.70
33.70
0.00
0.00
0.00
1.90
28.40
3.60
0.00
0.00
0.00
0.00
0.00
0.00
0.00
0.00
0.80
0.00
34.40
3.00
0.00
0.30
0.00
9.00
0.00
0.00
0.00
1.40
41.80
0.00
0.00
0.00
111.80
13.90
126.40
6.40
36.80
8.50
7.90
0.00
47.40
14.00
0.10
0.00
2.20
0.00
0.00
3.10
8.20
1.60
0.00
0.00
22.70
0.00
0.20
0.00
0.00
0.00
0.00
18.20
33.10
8.30
0.10
0.10
0.50
19.20
33.70
0.00
0.00
0.40
0.60
0.10
0.00
15.90
0.70
16.70
1.90
20.50
34.50
59.30
1.70
0.00
0.00
1.80
19.60
19.60
93.10
0.50
2.90
3.40
0.00
0.00
0.00
31.10
9.40
0.10
0.10
12.60
0.50
23.90
16.40
30.30
0.90
5.60
0.00
0.30
24.20
73.50
30.70
1.10
8.90
42.90
149.90
14.90
4.40
4.70
0.70
0.20
5.90
46.40
5.80
5.10
2.50
4.30
16.30
36.60
30.20
44.90
15.70
20.60
5.50
0.40
9.60
9.60
56.10
56.10
0.10
4.40
4.40
0.00
8.30
4.40
4.40
4.40
5.10
0.70
11.10
11.70
94.90
79.50
8.10
2.30
1.90
2.50
5.30
12.20
36.90
37.90
6.70
0.90
0.10
4.20
5.10
2.20
0.10
0.10
0.20
40.10
14.30
6.10
4.00
3.00
2.30
2.00
3.00
6.40
63.10
26.40
22.10
6.50
5.90
18.80
2.90
2.50
4.90
1.30
29.40
0.70
3.80
47.20
31.50
46.20
10.00
9.30
0.50
8.80
13.60
9.40
3.00
1.40
3.70
16.50
0.40
0.00
0.30
1.20
6.70
31.10
9.50
26.50
18.10
0.10
6.70
3.00
14.70
9.50
9.50
1.40
0.00
2.60
0.00
32.50
19.90
9.60
17.90
21.50
0.30
0.00
0.00
0.00
18.10
0.60
0.00
0.00
0.00
0.00
0.30
7.40
0.90
0.10
0.00
1.00
