20160101
0.00
0.00
0.00
0.00
0.00
0.00
0.00
0.00
0.00
0.00
0.00
0.00
18.00
0.00
0.00
0.00
0.00
3.00
15.00
109.00
0.00
0.00
0.00
0.00
0.00
11.00
0.00
0.00
0.00
0.00
0.00
0.00
0.00
0.00
0.00
0.00
0.00
2.00
15.00
0.00
0.00
0.00
0.00
0.00
0.00
0.00
0.00
0.00
0.00
0.00
6.00
0.00
0.00
0.00
15.00
0.00
13.00
0.00
0.00
0.00
0.00
0.00
0.00
0.00
0.00
13.00
0.00
0.00
0.00
0.00
0.00
0.00
0.00
0.00
0.00
0.00
0.00
0.00
28.00
0.00
26.00
0.00
0.00
0.00
0.00
0.00
6.00
424.00
76.00
10.00
302.00
0.00
0.00
25.00
64.00
372.00
85.00
7.00
0.00
78.00
0.00
0.00
0.00
0.00
56.00
104.00
164.00
799.00
31.00
245.00
192.00
65.00
13.00
0.00
0.00
60.00
612.00
182.00
27.00
0.00
1.00
90.00
1.00
266.00
58.00
106.00
43.00
527.00
20.00
23.00
55.00
14.00
391.00
127.00
229.00
162.00
71.00
382.00
775.00
45.00
69.00
240.00
11.00
27.00
490.00
64.00
4.00
27.00
16.00
12.00
64.00
103.00
8.00
11.00
218.00
276.00
102.00
305.00
238.00
40.00
243.00
20.00
49.00
13.00
25.00
404.00
265.00
293.00
95.00
287.00
392.00
685.00
600.00
632.00
928.00
316.00
80.00
289.00
132.00
119.00
136.00
318.00
70.00
739.00
590.00
103.00
129.00
47.00
497.00
436.00
317.00
57.00
24.00
68.00
174.00
362.00
174.00
215.00
189.00
107.00
423.00
459.00
207.00
375.00
174.00
519.00
446.00
91.00
109.00
58.00
97.00
56.00
72.00
148.00
95.00
348.00
527.00
306.00
46.00
86.00
221.00
303.00
340.00
79.00
183.00
208.00
393.00
218.00
79.00
168.00
128.00
2.00
52.00
99.00
8.00
36.00
7.00
151.00
30.00
20.00
213.00
411.00
812.00
903.00
1476.00
414.00
167.00
59.00
100.00
175.00
173.00
85.00
25.00
395.00
235.00
380.00
283.00
96.00
77.00
216.00
191.00
226.00
163.00
341.00
272.00
241.00
109.00
197.00
348.00
162.00
50.00
54.00
113.00
9.00
95.00
118.00
25.00
6.00
111.00
122.00
62.00
243.00
298.00
98.00
214.00
101.00
0.00
2.00
0.00
0.00
0.00
0.00
0.00
72.00
0.00
99.00
0.00
21.00
0.00
4.00
35.00
1.00
0.00
3.00
1.00
0.00
1.00
0.00
46.00
138.00
0.00
0.00
0.00
0.00
0.00
16.00
0.00
0.00
0.00
0.00
0.00
61.00
5.00
0.00
2.00
0.00
0.00
0.00
0.00
0.00
0.00
133.00
0.00
0.00
0.00
34.00
0.00
0.00
11.00
0.00
0.00
0.00
0.00
0.00
0.00
0.00
0.00
0.00
0.00
0.00
0.00
0.00
0.00
0.00
0.00
0.00
0.00
5.00
0.00
0.00
85.00
0.00
0.00
0.00
14.00
0.00
0.00
0.00
15.00
8.00
0.00
0.00
0.00
0.00
0.00
35.00
0.00
0.00
0.00
0.00
0.00
0.00
0.00
0.00
0.00
0.00
0.00
0.00
0.00
0.00
0.00
0.00
17.00
0.00
0.00
0.00
0.00
0.00
0.00
0.00
0.00
0.00
0.00
0.00
0.00
0.00
0.00
0.00
0.00
0.00
0.00
0.00
0.00
0.00
0.00
0.00
0.00
0.00
0.00
0.00
0.00
0.00
0.00
0.00
0.00
0.00
0.00
0.00
108.00
0.00
0.00
0.00
59.00
0.00
227.00
1.00
0.00
0.00
0.00
0.00
0.00
119.00
55.00
72.00
136.00
0.00
0.00
0.00
137.00
206.00
0.00
61.00
132.00
289.00
132.00
185.00
118.00
615.00
401.00
74.00
267.00
1.00
0.00
62.00
17.00
0.00
0.00
0.00
0.00
0.00
301.00
78.00
0.00
10.00
602.00
481.00
401.00
495.00
0.00
194.00
153.00
150.00
0.00
79.00
6.00
74.00
175.00
1.00
117.00
213.00
182.00
383.00
13.00
63.00
141.00
23.00
250.00
251.00
5.00
235.00
505.00
7.00
30.00
455.00
140.00
404.00
215.00
92.00
64.00
18.00
420.00
90.00
36.00
25.00
161.00
342.00
135.00
489.00
366.00
114.00
123.00
41.00
7.00
38.00
97.00
40.00
212.00
413.00
1374.00
572.00
545.00
316.00
640.00
188.00
524.00
401.00
66.00
293.00
635.00
286.00
408.00
74.00
38.00
73.00
318.00
61.00
758.00
329.00
268.00
265.00
252.00
81.00
69.00
143.00
77.00
177.00
202.00
249.00
218.00
192.00
75.00
155.00
97.00
79.00
236.00
142.00
262.00
410.00
466.00
168.00
309.00
223.00
69.00
69.00
80.00
129.00
42.00
297.00
974.00
399.00
287.00
219.00
462.00
340.00
228.00
245.00
90.00
1050.00
1268.00
1095.00
845.00
353.00
170.00
74.00
384.00
173.00
249.00
181.00
305.00
285.00
438.00
428.00
217.00
629.00
350.00
63.00
235.00
402.00
292.00
263.00
788.00
329.00
245.00
114.00
149.00
92.00
451.00
1606.00
471.00
127.00
116.00
145.00
129.00
61.00
88.00
391.00
145.00
346.00
236.00
97.00
46.00
149.00
33.00
26.00
62.00
256.00
167.00
382.00
666.00
434.00
76.00
18.00
45.00
6.00
204.00
37.00
80.00
55.00
23.00
15.00
45.00
53.00
343.00
19.00
13.00
1.00
56.00
145.00
582.00
1332.00
6.00
0.00
13.00
19.00
210.00
110.00
356.00
30.00
63.00
0.00
4.00
68.00
9.00
58.00
15.00
15.00
213.00
144.00
35.00
16.00
0.00
7.00
0.00
221.00
313.00
164.00
32.00
18.00
19.00
16.00
20.00
0.00
0.00
0.00
62.00
3.00
0.00
23.00
13.00
13.00
0.00
0.00
0.00
0.00
0.00
0.00
21.00
234.00
83.00
98.00
0.00
0.00
0.00
0.00
0.00
0.00
0.00
0.00
29.00
15.00
40.00
7.00
8.00
0.00
0.00
0.00
0.00
0.00
0.00
0.00
0.00
271.00
25.00
0.00
0.00
0.00
0.00
0.00
0.00
0.00
0.00
0.00
0.00
0.00
0.00
0.00
0.00
0.00
0.00
0.00
0.00
0.00
0.00
0.00
0.00
0.00
0.00
0.00
0.00
0.00
0.00
0.00
0.00
0.00
0.00
0.00
0.00
0.00
585.00
127.00
146.00
12.00
40.00
55.00
244.00
148.00
0.00
0.00
0.00
0.00
0.00
0.00
0.00
0.00
0.00
0.00
327.00
212.00
0.00
0.00
0.00
0.00
0.00
0.00
0.00
0.00
0.00
0.00
0.00
0.00
0.00
17.00
0.00
0.00
0.00
18.00
0.00
0.00
0.00
0.00
0.00
0.00
0.00
0.00
1.00
109.00
0.00
135.00
537.00
305.00
543.00
0.00
3.00
0.00
0.00
189.00
13.00
39.00
173.00
146.00
0.00
104.00
0.00
0.00
75.00
1.00
2.00
51.00
5.00
67.00
64.00
84.00
0.00
0.00
238.00
5.00
2.00
0.00
173.00
77.00
149.00
33.00
71.00
0.00
171.00
40.00
445.00
529.00
90.00
242.00
122.00
361.00
0.00
1.00
0.00
216.00
0.00
8.00
0.00
0.00
0.00
114.00
267.00
383.00
55.00
377.00
633.00
2.00
226.00
15.00
184.00
96.00
20.00
0.00
49.00
340.00
239.00
50.00
0.00
70.00
44.00
209.00
143.00
330.00
583.00
480.00
160.00
37.00
180.00
155.00
80.00
49.00
62.00
14.00
507.00
507.00
150.00
144.00
147.00
49.00
145.00
213.00
816.00
174.00
333.00
164.00
42.00
38.00
86.00
94.00
151.00
115.00
40.00
439.00
322.00
324.00
192.00
178.00
72.00
40.00
9.00
473.00
109.00
58.00
257.00
516.00
470.00
103.00
316.00
385.00
185.00
495.00
184.00
431.00
822.00
53.00
95.00
277.00
142.00
471.00
96.00
340.00
374.00
587.00
325.00
359.00
532.00
604.00
125.00
23.00
17.00
52.00
54.00
47.00
69.00
486.00
403.00
342.00
273.00
138.00
92.00
36.00
57.00
127.00
130.00
342.00
520.00
318.00
35.00
49.00
12.00
35.00
250.00
680.00
874.00
548.00
302.00
212.00
9.00
21.00
0.00
12.00
110.00
74.00
3.00
28.00
6.00
150.00
145.00
128.00
28.00
3.00
23.00
0.00
0.00
1.00
22.00
0.00
0.00
0.00
0.00
0.00
0.00
20.00
36.00
104.00
77.00
21.00
0.00
231.00
3.00
12.00
15.00
0.00
0.00
0.00
0.00
0.00
0.00
2.00
7.00
45.00
76.00
23.00
14.00
0.00
3.00
20.00
25.00
0.00
0.00
10.00
84.00
0.00
6.00
0.00
0.00
0.00
0.00
0.00
0.00
15.00
0.00
0.00
0.00
0.00
0.00
0.00
0.00
0.00
0.00
0.00
0.00
0.00
0.00
0.00
0.00
0.00
2.00
45.00
0.00
0.00
0.00
0.00
0.00
0.00
0.00
0.00
0.00
0.00
4.00
78.00
43.00
0.00
0.00
0.00
0.00
0.00
0.00
0.00
0.00
0.00
0.00
0.00
0.00
0.00
0.00
0.00
0.00
0.00
14.00
0.00
0.00
0.00
0.00
0.00
0.00
0.00
0.00
0.00
0.00
0.00
0.00
0.00
0.00
0.00
0.00
0.00
0.00
0.00
0.00
3.00
3.00
1.00
0.00
0.00
0.00
0.00
0.00
0.00
0.00
0.00
0.00
0.00
16.00
0.00
0.00
0.00
4.00
0.00
0.00
0.00
4.00
1.00
0.00
0.00
0.00
0.00
0.00
0.00
1.90
22.20
4.20
49.80
18.30
0.00
0.00
0.00
0.00
0.00
0.00
0.00
0.00
0.00
0.00
0.00
0.00
0.00
0.00
0.00
0.00
7.70
0.40
10.90
0.00
18.50
5.10
0.00
0.00
0.00
12.70
1.70
0.00
0.80
0.20
150.20
5.70
35.70
0.00
13.30
4.70
34.00
0.10
0.40
47.70
0.00
0.70
0.70
1.30
0.00
5.90
5.10
0.00
0.00
0.00
1.50
22.00
1.30
0.00
0.00
0.00
0.00
8.70
28.70
23.70
16.60
16.60
1.80
223.60
58.60
22.30
0.10
15.10
68.30
39.20
32.60
21.00
14.40
27.90
6.30
13.60
1.00
60.10
85.10
1.80
1.80
25.90
50.70
50.70
6.40
4.20
25.30
9.30
9.20
2.10
24.60
23.90
12.50
6.10
65.50
5.40
0.90
10.20
12.30
4.70
2.60
0.20
1.40
0.90
43.00
41.00
20.10
51.30
4.00
8.10
12.10
78.50
91.30
4.70
6.10
11.90
123.10
114.80
121.90
57.20
19.90
30.80
22.60
22.40
24.40
16.40
15.20
57.50
41.10
130.30
92.70
92.70
81.50
81.50
46.40
17.20
17.20
6.80
5.20
17.20
17.20
17.20
44.60
84.20
51.00
22.30
35.60
28.40
28.10
11.90
15.80
9.90
42.50
9.80
133.80
24.60
7.50
12.90
17.50
26.10
14.70
38.20
27.70
4.00
40.50
41.10
34.10
54.30
34.70
1.30
3.20
4.10
7.60
10.30
79.70
71.30
17.30
9.30
10.40
18.80
12.80
5.20
11.50
16.40
20.00
48.80
71.90
52.10
35.70
19.80
31.30
22.50
77.30
34.40
25.30
15.90
41.70
29.90
31.70
85.40
25.10
7.30
9.30
2.30
13.60
34.00
11.20
46.00
41.50
10.40
14.70
21.00
15.50
72.70
72.70
60.40
7.70
3.80
36.20
6.10
89.60
29.60
11.80
12.90
1.30
4.50
4.30
2.00
7.50
5.60
3.70
1.30
4.60
6.30
2.60
0.00
0.30
1.80
20.20
109.10
