20160101
0.00
0.00
0.00
0.00
0.00
0.00
0.00
0.00
0.00
0.00
0.00
0.00
3.00
0.00
0.00
0.00
0.00
0.00
0.00
10.00
0.00
0.00
0.00
0.00
0.00
0.00
0.00
0.00
0.00
0.00
0.00
0.00
0.00
0.00
0.00
0.00
0.00
0.00
2.00
0.00
0.00
3.00
13.00
0.00
0.00
0.00
0.00
0.00
0.00
0.00
3.00
2.00
50.00
65.00
294.00
0.00
23.00
0.00
0.00
0.00
0.00
5.00
0.00
28.00
0.00
17.00
0.00
0.00
1.00
1.00
0.00
0.00
0.00
2.00
0.00
3.00
1.00
0.00
3.00
1.00
108.00
0.00
8.00
0.00
0.00
0.00
0.00
484.00
30.00
5.00
241.00
19.00
0.00
440.00
537.00
455.00
192.00
0.00
0.00
0.00
0.00
0.00
0.00
103.00
29.00
166.00
180.00
628.00
14.00
204.00
251.00
118.00
359.00
0.00
61.00
101.00
100.00
60.00
0.00
0.00
177.00
88.00
233.00
129.00
191.00
80.00
66.00
24.00
0.00
3.00
6.00
2.00
167.00
102.00
113.00
173.00
10.00
216.00
256.00
31.00
226.00
654.00
0.00
20.00
0.00
73.00
0.00
18.00
45.00
200.00
21.00
155.00
0.00
13.00
52.00
185.00
32.00
64.00
206.00
12.00
7.00
236.00
77.00
98.00
103.00
1.00
68.00
330.00
980.00
10.00
0.00
2.00
26.00
57.00
94.00
46.00
47.00
67.00
132.00
17.00
360.00
45.00
123.00
150.00
29.00
53.00
13.00
4.00
184.00
117.00
190.00
22.00
49.00
0.00
5.00
31.00
427.00
10.00
17.00
23.00
113.00
5.00
29.00
71.00
236.00
127.00
177.00
81.00
2.00
68.00
169.00
103.00
0.00
58.00
29.00
99.00
211.00
196.00
39.00
199.00
435.00
65.00
44.00
10.00
28.00
48.00
171.00
318.00
10.00
144.00
99.00
0.00
290.00
21.00
0.00
8.00
0.00
884.00
21.00
42.00
74.00
212.00
351.00
298.00
31.00
7.00
121.00
80.00
215.00
103.00
22.00
40.00
25.00
12.00
27.00
399.00
1302.00
385.00
0.00
52.00
100.00
210.00
156.00
104.00
755.00
8.00
62.00
2.00
112.00
18.00
2.00
196.00
23.00
22.00
4.00
0.00
0.00
27.00
223.00
48.00
36.00
36.00
20.00
60.00
281.00
169.00
0.00
0.00
0.00
0.00
0.00
0.00
0.00
0.00
0.00
0.00
0.00
0.00
0.00
0.00
62.00
4.00
29.00
0.00
0.00
0.00
4.00
37.00
195.00
434.00
406.00
0.00
0.00
0.00
0.00
0.00
0.00
0.00
0.00
0.00
0.00
0.00
0.00
0.00
0.00
0.00
0.00
0.00
0.00
0.00
0.00
0.00
0.00
0.00
0.00
1.00
0.00
0.00
0.00
0.00
0.00
0.00
0.00
0.00
0.00
0.00
0.00
0.00
0.00
0.00
0.00
0.00
0.00
0.00
0.00
0.00
0.00
0.00
0.00
0.00
0.00
0.00
0.00
0.00
0.00
0.00
0.00
0.00
0.00
0.00
0.00
0.00
0.00
0.00
0.00
0.00
0.00
0.00
0.00
0.00
0.00
0.00
0.00
0.00
0.00
0.00
0.00
0.00
0.00
0.00
0.00
0.00
1.00
0.00
0.00
0.00
0.00
0.00
0.00
0.00
0.00
0.00
0.00
0.00
0.00
0.00
0.00
0.00
0.00
0.00
0.00
0.00
0.00
0.00
0.00
0.00
0.00
1.00
33.00
0.00
0.00
0.00
0.00
0.00
0.00
0.00
0.00
0.00
1.00
46.00
2.00
0.00
94.00
0.00
125.00
68.00
1.00
0.00
0.00
0.00
0.00
1.00
65.00
0.00
67.00
0.00
0.00
0.00
0.00
157.00
20.00
4.00
35.00
131.00
482.00
180.00
58.00
81.00
272.00
444.00
560.00
0.00
0.00
0.00
0.00
0.00
0.00
0.00
0.00
0.00
41.00
42.00
0.00
1.00
794.00
521.00
271.00
785.00
30.00
359.00
95.00
7.00
0.00
55.00
31.00
20.00
189.00
0.00
0.00
54.00
65.00
118.00
0.00
0.00
120.00
0.00
42.00
0.00
25.00
181.00
401.00
0.00
77.00
16.00
166.00
42.00
63.00
19.00
0.00
0.00
18.00
18.00
4.00
1.00
132.00
529.00
482.00
666.00
95.00
347.00
331.00
36.00
0.00
0.00
69.00
224.00
661.00
174.00
193.00
41.00
146.00
72.00
116.00
165.00
318.00
513.00
13.00
2.00
34.00
315.00
233.00
561.00
328.00
221.00
268.00
22.00
108.00
176.00
1.00
60.00
9.00
140.00
91.00
65.00
34.00
75.00
50.00
79.00
439.00
251.00
70.00
385.00
222.00
14.00
70.00
59.00
117.00
73.00
337.00
95.00
305.00
30.00
13.00
65.00
53.00
17.00
35.00
72.00
84.00
118.00
316.00
239.00
135.00
41.00
26.00
10.00
2.00
68.00
650.00
290.00
26.00
41.00
37.00
26.00
79.00
39.00
480.00
379.00
128.00
60.00
465.00
53.00
251.00
222.00
26.00
169.00
158.00
151.00
111.00
17.00
0.00
50.00
10.00
38.00
176.00
338.00
11.00
27.00
172.00
151.00
0.00
75.00
11.00
0.00
14.00
431.00
305.00
89.00
7.00
9.00
0.00
0.00
0.00
0.00
142.00
242.00
268.00
112.00
100.00
204.00
0.00
0.00
11.00
314.00
197.00
87.00
32.00
2.00
0.00
0.00
149.00
2.00
0.00
0.00
0.00
149.00
237.00
366.00
561.00
1808.00
0.00
0.00
0.00
0.00
0.00
0.00
4.00
633.00
613.00
0.00
0.00
0.00
0.00
0.00
0.00
0.00
0.00
0.00
0.00
0.00
0.00
62.00
1.00
0.00
184.00
17.00
15.00
0.00
0.00
0.00
0.00
0.00
0.00
0.00
0.00
0.00
0.00
0.00
0.00
0.00
0.00
0.00
0.00
0.00
0.00
0.00
147.00
444.00
316.00
269.00
0.00
0.00
0.00
0.00
0.00
0.00
0.00
0.00
12.00
0.00
0.00
0.00
0.00
0.00
0.00
0.00
0.00
0.00
0.00
0.00
64.00
278.00
1.00
0.00
0.00
0.00
0.00
0.00
0.00
0.00
0.00
0.00
0.00
0.00
0.00
0.00
0.00
0.00
0.00
0.00
0.00
0.00
0.00
0.00
0.00
0.00
0.00
0.00
0.00
0.00
0.00
0.00
0.00
0.00
0.00
0.00
0.00
0.00
41.00
42.00
72.00
11.00
9.00
0.00
3.00
0.00
0.00
0.00
0.00
0.00
0.00
0.00
0.00
0.00
0.00
0.00
45.00
381.00
0.00
0.00
0.00
0.00
0.00
0.00
0.00
0.00
0.00
0.00
0.00
0.00
0.00
0.00
4.00
0.00
0.00
15.00
12.00
0.00
0.00
0.00
0.00
0.00
0.00
0.00
44.00
174.00
71.00
30.00
262.00
333.00
0.00
0.00
35.00
45.00
0.00
328.00
4.00
27.00
90.00
6.00
50.00
108.00
39.00
1.00
37.00
0.00
0.00
56.00
54.00
48.00
46.00
371.00
123.00
0.00
2.00
40.00
9.00
1.00
340.00
57.00
397.00
5.00
282.00
47.00
208.00
462.00
840.00
728.00
693.00
451.00
298.00
385.00
0.00
64.00
292.00
197.00
98.00
0.00
47.00
33.00
47.00
9.00
12.00
21.00
80.00
2.00
0.00
26.00
72.00
41.00
34.00
92.00
6.00
16.00
25.00
44.00
350.00
220.00
101.00
219.00
206.00
107.00
503.00
532.00
27.00
921.00
370.00
6.00
53.00
0.00
14.00
0.00
9.00
143.00
40.00
57.00
12.00
407.00
54.00
0.00
0.00
11.00
0.00
0.00
83.00
1.00
2.00
14.00
65.00
47.00
20.00
144.00
12.00
116.00
107.00
34.00
406.00
8.00
100.00
33.00
113.00
117.00
411.00
22.00
37.00
117.00
21.00
10.00
24.00
99.00
243.00
368.00
205.00
24.00
13.00
3.00
399.00
389.00
35.00
98.00
165.00
143.00
22.00
93.00
528.00
646.00
583.00
633.00
284.00
41.00
1.00
1.00
357.00
157.00
7.00
193.00
42.00
148.00
176.00
70.00
42.00
6.00
27.00
52.00
123.00
1.00
3.00
64.00
127.00
59.00
0.00
4.00
107.00
15.00
0.00
13.00
0.00
0.00
7.00
167.00
19.00
30.00
470.00
69.00
189.00
0.00
34.00
4.00
38.00
29.00
246.00
0.00
0.00
0.00
0.00
0.00
0.00
0.00
3.00
0.00
0.00
0.00
11.00
143.00
356.00
202.00
5.00
16.00
0.00
0.00
0.00
0.00
0.00
0.00
0.00
0.00
0.00
0.00
0.00
0.00
1014.00
280.00
251.00
115.00
68.00
0.00
0.00
8.00
0.00
2.00
1.00
0.00
0.00
0.00
0.00
0.00
8.00
0.00
0.00
0.00
0.00
0.00
0.00
0.00
0.00
0.00
0.00
0.00
0.00
0.00
0.00
0.00
0.00
0.00
0.00
0.00
0.00
0.00
0.00
0.00
0.00
0.00
0.00
0.00
0.00
0.00
0.00
0.00
0.00
0.00
4.00
42.00
12.00
0.00
0.00
0.00
0.00
0.00
0.00
0.00
0.00
0.00
0.00
0.00
0.00
0.00
0.00
0.00
0.00
0.00
0.00
0.00
0.00
0.00
0.00
0.00
0.00
0.00
0.00
0.00
0.00
0.00
0.00
0.00
0.00
0.00
0.00
0.00
0.00
0.00
0.00
0.00
0.00
0.00
0.00
0.00
0.00
0.00
0.00
0.00
0.00
0.00
0.00
0.00
0.00
0.00
0.00
0.00
0.00
0.00
0.00
0.00
1.00
4.00
0.00
0.00
0.00
0.00
0.00
0.00
3.40
77.40
30.00
57.90
47.10
0.00
0.00
0.00
7.20
10.60
0.00
0.00
0.00
0.00
0.00
0.00
0.00
0.00
0.00
0.60
0.00
44.00
3.00
0.00
0.90
0.00
34.90
0.00
0.00
0.00
1.50
14.00
0.00
0.00
0.00
93.30
21.80
168.60
30.00
25.50
1.60
21.10
0.10
22.40
11.10
0.00
0.00
1.40
0.70
0.00
0.80
0.00
0.30
0.00
0.00
5.20
0.00
0.10
0.00
0.00
0.00
0.00
2.40
15.20
0.90
0.00
0.00
0.40
32.00
43.90
0.00
0.00
0.00
0.00
0.00
0.00
2.10
0.00
22.10
11.20
10.50
12.80
34.00
7.10
0.00
0.00
1.20
14.20
14.20
84.00
2.80
4.40
1.70
0.00
0.00
0.00
68.40
50.50
1.10
18.70
60.00
0.60
19.60
21.80
12.10
1.60
0.90
0.00
2.80
57.50
38.20
11.70
0.00
0.00
0.00
82.50
5.00
16.80
0.70
0.70
0.30
2.90
11.20
2.00
8.70
9.10
78.10
10.10
8.80
11.40
60.40
15.80
16.00
1.40
13.80
50.70
50.70
34.00
34.00
12.80
5.20
5.20
0.70
0.00
5.20
5.20
5.20
12.00
9.00
5.80
8.50
65.70
24.20
13.70
6.00
0.90
3.40
1.70
5.70
36.40
26.90
37.30
5.20
1.70
34.10
5.20
0.40
0.10
0.00
14.60
19.20
9.60
11.90
10.50
6.90
0.00
0.60
5.30
5.30
131.80
37.90
48.40
5.90
5.20
5.80
3.30
0.10
7.60
1.60
4.00
9.20
23.20
62.40
22.60
30.60
13.70
2.10
1.70
15.40
8.30
10.50
2.20
0.60
3.70
10.60
0.40
0.00
0.20
0.20
30.40
28.90
19.30
19.70
21.30
0.80
7.10
1.20
30.90
6.60
6.60
0.20
0.00
0.00
0.10
28.30
1.00
5.60
32.70
27.90
0.00
0.00
0.00
0.00
8.80
11.90
0.00
0.00
0.00
0.00
0.10
5.90
0.70
0.20
0.20
0.70
