20160101
0.00
0.00
0.00
0.00
0.00
0.00
0.00
0.00
0.00
0.00
0.00
0.00
16.00
0.00
0.00
0.00
0.00
0.00
2.00
38.00
0.00
0.00
0.00
0.00
0.00
8.00
0.00
0.00
0.00
0.00
0.00
0.00
0.00
0.00
0.00
0.00
0.00
0.00
3.00
0.00
0.00
35.00
0.00
0.00
0.00
0.00
0.00
0.00
0.00
0.00
7.00
2.00
0.00
0.00
15.00
0.00
11.00
0.00
0.00
0.00
0.00
0.00
0.00
0.00
0.00
46.00
0.00
0.00
0.00
0.00
0.00
1.00
0.00
1.00
0.00
0.00
0.00
0.00
0.00
0.00
6.00
0.00
0.00
0.00
0.00
0.00
0.00
133.00
15.00
51.00
326.00
3.00
0.00
313.00
31.00
13.00
0.00
1.00
0.00
0.00
0.00
0.00
0.00
0.00
264.00
2.00
33.00
484.00
6.00
94.00
43.00
0.00
0.00
0.00
0.00
0.00
204.00
199.00
5.00
1.00
0.00
54.00
36.00
164.00
16.00
317.00
13.00
137.00
15.00
32.00
38.00
19.00
723.00
159.00
228.00
83.00
104.00
38.00
239.00
37.00
58.00
327.00
6.00
7.00
29.00
135.00
5.00
50.00
60.00
5.00
80.00
17.00
4.00
15.00
0.00
103.00
12.00
114.00
1260.00
54.00
44.00
29.00
113.00
131.00
50.00
524.00
236.00
388.00
107.00
391.00
295.00
476.00
590.00
507.00
806.00
197.00
55.00
339.00
112.00
178.00
251.00
319.00
339.00
173.00
496.00
250.00
239.00
71.00
314.00
540.00
435.00
148.00
122.00
138.00
206.00
193.00
222.00
488.00
52.00
171.00
475.00
158.00
119.00
320.00
144.00
512.00
329.00
130.00
163.00
91.00
180.00
94.00
81.00
224.00
159.00
228.00
456.00
294.00
53.00
212.00
99.00
220.00
404.00
88.00
111.00
260.00
353.00
568.00
123.00
191.00
179.00
20.00
133.00
111.00
18.00
72.00
7.00
184.00
36.00
29.00
469.00
303.00
967.00
864.00
655.00
257.00
305.00
247.00
108.00
197.00
170.00
88.00
31.00
334.00
345.00
634.00
544.00
317.00
88.00
229.00
161.00
286.00
235.00
786.00
135.00
55.00
299.00
65.00
1176.00
419.00
67.00
86.00
358.00
40.00
34.00
30.00
8.00
30.00
339.00
139.00
323.00
85.00
406.00
93.00
149.00
139.00
0.00
0.00
0.00
0.00
0.00
0.00
0.00
24.00
0.00
15.00
7.00
37.00
3.00
0.00
103.00
0.00
0.00
2.00
4.00
0.00
0.00
0.00
50.00
188.00
0.00
0.00
0.00
10.00
0.00
11.00
0.00
0.00
0.00
0.00
0.00
12.00
0.00
0.00
1.00
0.00
0.00
0.00
0.00
0.00
0.00
0.00
0.00
0.00
0.00
15.00
0.00
0.00
0.00
0.00
0.00
0.00
0.00
0.00
0.00
0.00
0.00
0.00
0.00
0.00
0.00
0.00
0.00
0.00
0.00
0.00
3.00
2.00
0.00
0.00
21.00
0.00
0.00
0.00
0.00
0.00
0.00
0.00
0.00
0.00
0.00
0.00
0.00
0.00
0.00
4.00
0.00
0.00
0.00
0.00
0.00
0.00
0.00
0.00
0.00
0.00
0.00
0.00
0.00
0.00
0.00
0.00
14.00
0.00
0.00
0.00
0.00
0.00
0.00
0.00
0.00
0.00
0.00
0.00
0.00
0.00
0.00
0.00
0.00
0.00
0.00
0.00
0.00
0.00
0.00
0.00
0.00
0.00
1.00
0.00
0.00
0.00
0.00
0.00
0.00
0.00
0.00
0.00
79.00
7.00
0.00
0.00
20.00
0.00
163.00
10.00
0.00
0.00
0.00
0.00
0.00
151.00
1.00
33.00
143.00
0.00
0.00
0.00
176.00
190.00
0.00
10.00
123.00
517.00
119.00
52.00
24.00
129.00
116.00
148.00
198.00
15.00
0.00
31.00
0.00
0.00
0.00
0.00
0.00
1.00
301.00
44.00
0.00
3.00
547.00
506.00
10.00
939.00
0.00
315.00
235.00
0.00
0.00
10.00
3.00
39.00
513.00
0.00
105.00
184.00
107.00
551.00
0.00
1.00
158.00
18.00
57.00
4.00
117.00
611.00
651.00
2.00
56.00
157.00
50.00
52.00
17.00
187.00
1.00
173.00
31.00
78.00
29.00
14.00
201.00
248.00
567.00
425.00
405.00
348.00
73.00
2.00
4.00
3.00
94.00
13.00
164.00
189.00
876.00
178.00
381.00
163.00
314.00
600.00
1247.00
1054.00
157.00
172.00
409.00
241.00
216.00
82.00
59.00
77.00
288.00
57.00
596.00
358.00
425.00
305.00
355.00
163.00
48.00
198.00
92.00
266.00
358.00
275.00
527.00
584.00
132.00
212.00
108.00
89.00
180.00
194.00
221.00
359.00
618.00
164.00
130.00
326.00
139.00
49.00
169.00
211.00
128.00
365.00
660.00
645.00
492.00
418.00
382.00
161.00
35.00
87.00
157.00
719.00
850.00
1777.00
680.00
235.00
381.00
47.00
393.00
247.00
256.00
208.00
857.00
196.00
580.00
762.00
507.00
1129.00
825.00
97.00
211.00
554.00
505.00
477.00
298.00
266.00
236.00
160.00
251.00
226.00
675.00
869.00
592.00
116.00
40.00
486.00
291.00
100.00
110.00
801.00
275.00
459.00
170.00
84.00
32.00
118.00
72.00
75.00
47.00
306.00
350.00
516.00
419.00
182.00
93.00
28.00
75.00
19.00
85.00
79.00
40.00
68.00
26.00
7.00
38.00
8.00
22.00
10.00
3.00
1.00
125.00
140.00
652.00
857.00
8.00
0.00
16.00
0.00
54.00
0.00
126.00
10.00
58.00
29.00
3.00
0.00
66.00
24.00
13.00
19.00
12.00
49.00
0.00
0.00
0.00
15.00
0.00
14.00
414.00
74.00
25.00
12.00
4.00
0.00
0.00
0.00
0.00
0.00
0.00
0.00
0.00
0.00
0.00
0.00
0.00
0.00
0.00
0.00
0.00
0.00
5.00
165.00
191.00
182.00
0.00
0.00
0.00
0.00
0.00
0.00
0.00
0.00
32.00
12.00
12.00
5.00
0.00
0.00
0.00
0.00
0.00
0.00
0.00
0.00
0.00
209.00
14.00
0.00
0.00
0.00
0.00
0.00
0.00
0.00
0.00
0.00
0.00
0.00
0.00
0.00
0.00
0.00
0.00
0.00
0.00
0.00
0.00
0.00
0.00
0.00
0.00
0.00
0.00
0.00
0.00
0.00
0.00
0.00
0.00
0.00
0.00
0.00
734.00
316.00
270.00
30.00
25.00
22.00
347.00
172.00
0.00
0.00
0.00
0.00
0.00
0.00
0.00
0.00
0.00
0.00
536.00
116.00
0.00
0.00
0.00
0.00
0.00
0.00
1.00
0.00
0.00
0.00
0.00
0.00
0.00
0.00
0.00
0.00
0.00
62.00
1.00
0.00
0.00
0.00
0.00
0.00
7.00
0.00
9.00
12.00
0.00
10.00
222.00
400.00
705.00
0.00
10.00
0.00
0.00
210.00
13.00
79.00
38.00
19.00
0.00
105.00
1.00
0.00
122.00
0.00
31.00
189.00
18.00
48.00
3.00
203.00
5.00
0.00
259.00
77.00
37.00
0.00
201.00
163.00
201.00
2.00
29.00
0.00
171.00
440.00
1112.00
278.00
223.00
241.00
181.00
256.00
0.00
7.00
0.00
582.00
0.00
0.00
0.00
0.00
1.00
379.00
1050.00
123.00
298.00
498.00
149.00
0.00
249.00
7.00
81.00
110.00
84.00
0.00
25.00
66.00
112.00
61.00
123.00
22.00
78.00
186.00
87.00
216.00
58.00
469.00
48.00
40.00
22.00
160.00
144.00
10.00
55.00
9.00
81.00
444.00
165.00
88.00
73.00
76.00
64.00
98.00
486.00
346.00
59.00
347.00
125.00
49.00
109.00
178.00
211.00
179.00
83.00
278.00
469.00
518.00
236.00
49.00
109.00
78.00
14.00
279.00
162.00
120.00
347.00
582.00
355.00
93.00
326.00
195.00
168.00
738.00
295.00
174.00
261.00
34.00
252.00
421.00
625.00
369.00
133.00
249.00
1091.00
685.00
526.00
415.00
230.00
600.00
320.00
36.00
33.00
289.00
128.00
161.00
103.00
342.00
340.00
244.00
252.00
214.00
111.00
86.00
53.00
214.00
176.00
118.00
530.00
273.00
104.00
45.00
17.00
42.00
155.00
379.00
514.00
140.00
338.00
745.00
22.00
10.00
1.00
34.00
67.00
125.00
14.00
5.00
50.00
132.00
166.00
73.00
16.00
50.00
9.00
0.00
0.00
4.00
52.00
65.00
0.00
0.00
0.00
0.00
3.00
9.00
129.00
265.00
16.00
17.00
0.00
7.00
0.00
5.00
2.00
1.00
0.00
4.00
0.00
0.00
0.00
8.00
80.00
113.00
58.00
14.00
0.00
0.00
0.00
0.00
4.00
5.00
0.00
4.00
4.00
0.00
0.00
0.00
0.00
0.00
0.00
0.00
0.00
0.00
0.00
0.00
0.00
0.00
0.00
0.00
0.00
0.00
0.00
0.00
0.00
0.00
0.00
0.00
0.00
4.00
0.00
3.00
0.00
0.00
0.00
0.00
0.00
0.00
0.00
0.00
0.00
0.00
7.00
85.00
41.00
0.00
0.00
0.00
0.00
0.00
0.00
0.00
0.00
0.00
0.00
0.00
0.00
0.00
0.00
0.00
0.00
0.00
2.00
0.00
0.00
0.00
0.00
0.00
0.00
0.00
0.00
0.00
0.00
0.00
0.00
0.00
0.00
0.00
0.00
0.00
0.00
0.00
0.00
14.00
14.00
1.00
0.00
0.00
0.00
0.00
0.00
0.00
0.00
0.00
0.00
0.00
7.00
0.00
0.00
0.00
3.00
0.00
0.00
0.00
7.00
0.00
0.00
0.00
0.00
0.00
0.00
0.00
0.00
19.30
5.10
53.00
15.80
0.00
0.00
0.00
2.80
0.00
0.00
0.00
0.00
0.00
0.00
0.00
0.00
0.00
0.00
0.30
0.00
16.60
0.50
3.60
0.00
0.90
5.60
0.00
0.00
0.00
14.60
5.60
0.00
0.10
0.00
160.10
2.40
23.00
0.00
22.70
21.90
32.90
0.00
1.20
76.20
0.00
4.10
2.20
2.90
0.00
0.40
0.30
0.00
0.00
0.00
3.50
9.10
0.60
0.00
0.00
0.00
0.10
4.10
7.60
16.10
5.90
5.90
4.20
113.20
44.80
0.00
0.00
0.00
31.50
32.60
11.40
13.90
0.00
52.70
0.50
12.10
0.00
35.40
62.60
5.80
5.80
18.00
44.60
44.60
18.90
4.10
0.00
13.30
7.00
0.10
12.10
28.00
99.60
25.50
34.20
2.40
0.80
5.00
6.80
2.80
1.00
2.50
0.70
6.70
45.60
40.20
29.90
2.90
23.80
6.20
86.00
36.90
5.80
2.40
2.00
1.10
81.20
91.10
108.20
35.20
5.50
15.50
17.50
6.70
9.00
14.50
12.80
16.90
46.50
72.40
72.70
72.70
71.40
71.40
40.10
6.50
6.50
3.80
6.80
6.50
6.50
6.50
23.10
71.20
46.90
21.10
25.10
28.10
15.60
10.20
11.40
6.30
13.20
16.20
34.70
21.40
6.90
13.20
3.60
13.60
16.90
7.60
10.90
3.70
73.80
52.20
11.40
26.90
37.10
4.30
4.40
5.80
8.00
9.80
48.90
56.40
10.50
10.80
6.80
9.50
16.20
8.80
21.80
27.80
28.90
61.00
31.20
52.20
28.60
37.40
13.30
15.50
14.00
12.20
21.80
6.30
25.60
24.10
18.60
33.20
17.30
3.70
8.90
5.20
10.40
34.80
9.50
27.00
49.80
5.60
10.40
16.60
15.40
30.80
30.80
5.10
3.40
3.20
12.30
3.30
26.30
4.30
11.20
7.40
2.30
2.40
13.90
4.50
0.60
3.80
0.40
0.20
4.60
4.90
4.40
1.10
0.30
0.20
15.80
125.60
