20160101
0.00
0.00
0.00
0.00
0.00
0.00
0.00
0.00
12.00
0.00
0.00
0.00
1.00
0.00
0.00
0.00
0.00
0.00
4.00
82.00
0.00
0.00
0.00
0.00
0.00
2.00
0.00
0.00
0.00
0.00
0.00
0.00
0.00
0.00
0.00
0.00
0.00
0.00
3.00
5.00
0.00
0.00
1.00
0.00
0.00
0.00
0.00
0.00
0.00
0.00
1.00
24.00
0.00
0.00
103.00
0.00
17.00
0.00
0.00
0.00
0.00
0.00
0.00
69.00
0.00
31.00
0.00
0.00
0.00
0.00
6.00
1.00
1.00
1.00
4.00
0.00
0.00
0.00
16.00
7.00
9.00
0.00
0.00
0.00
0.00
0.00
23.00
794.00
29.00
70.00
264.00
9.00
0.00
405.00
372.00
1167.00
166.00
0.00
278.00
93.00
15.00
3.00
0.00
2.00
235.00
180.00
814.00
962.00
22.00
522.00
141.00
1535.00
891.00
13.00
23.00
57.00
348.00
440.00
53.00
1.00
372.00
97.00
76.00
103.00
237.00
76.00
107.00
80.00
12.00
6.00
22.00
29.00
151.00
61.00
389.00
401.00
80.00
1296.00
574.00
146.00
34.00
660.00
3.00
15.00
89.00
117.00
23.00
189.00
71.00
19.00
25.00
74.00
7.00
0.00
12.00
23.00
66.00
104.00
886.00
49.00
239.00
75.00
21.00
10.00
63.00
124.00
26.00
174.00
123.00
32.00
49.00
31.00
360.00
795.00
393.00
37.00
19.00
339.00
152.00
20.00
120.00
57.00
45.00
103.00
44.00
18.00
0.00
53.00
187.00
192.00
213.00
78.00
101.00
93.00
41.00
13.00
182.00
105.00
2.00
17.00
110.00
21.00
44.00
22.00
213.00
135.00
85.00
28.00
6.00
92.00
186.00
165.00
10.00
28.00
5.00
28.00
304.00
174.00
46.00
89.00
116.00
171.00
106.00
30.00
90.00
90.00
140.00
151.00
6.00
175.00
17.00
0.00
69.00
145.00
0.00
18.00
0.00
145.00
15.00
133.00
144.00
135.00
1144.00
589.00
227.00
14.00
275.00
48.00
327.00
145.00
70.00
20.00
1.00
29.00
231.00
666.00
458.00
30.00
0.00
37.00
66.00
361.00
27.00
79.00
665.00
1.00
68.00
171.00
633.00
16.00
0.00
321.00
54.00
37.00
1.00
39.00
0.00
16.00
36.00
109.00
85.00
57.00
141.00
181.00
74.00
40.00
0.00
0.00
0.00
0.00
0.00
0.00
0.00
0.00
0.00
0.00
0.00
6.00
0.00
0.00
262.00
1.00
0.00
0.00
2.00
0.00
0.00
9.00
313.00
423.00
150.00
0.00
0.00
0.00
0.00
0.00
0.00
0.00
0.00
0.00
0.00
0.00
0.00
0.00
1.00
0.00
0.00
0.00
0.00
0.00
0.00
0.00
0.00
0.00
0.00
9.00
0.00
0.00
0.00
0.00
0.00
0.00
0.00
0.00
0.00
0.00
0.00
0.00
0.00
0.00
0.00
0.00
0.00
0.00
0.00
0.00
0.00
0.00
0.00
0.00
0.00
0.00
0.00
0.00
0.00
14.00
0.00
0.00
0.00
0.00
0.00
0.00
0.00
0.00
0.00
0.00
0.00
0.00
0.00
0.00
0.00
0.00
0.00
0.00
0.00
0.00
0.00
0.00
0.00
0.00
0.00
0.00
2.00
0.00
0.00
0.00
0.00
0.00
0.00
0.00
0.00
0.00
0.00
0.00
0.00
0.00
0.00
0.00
0.00
0.00
0.00
0.00
0.00
0.00
0.00
0.00
216.00
5.00
0.00
0.00
0.00
0.00
0.00
0.00
0.00
0.00
0.00
0.00
26.00
76.00
0.00
0.00
92.00
0.00
265.00
28.00
0.00
0.00
0.00
0.00
0.00
27.00
137.00
15.00
136.00
0.00
0.00
0.00
6.00
345.00
2.00
60.00
108.00
633.00
452.00
974.00
474.00
785.00
582.00
369.00
238.00
1.00
4.00
34.00
84.00
0.00
0.00
0.00
0.00
0.00
162.00
12.00
0.00
2.00
589.00
501.00
570.00
49.00
77.00
92.00
229.00
113.00
3.00
107.00
18.00
67.00
196.00
1.00
10.00
49.00
720.00
278.00
0.00
162.00
43.00
4.00
47.00
1.00
82.00
401.00
294.00
11.00
18.00
336.00
197.00
328.00
131.00
226.00
1.00
116.00
116.00
171.00
4.00
33.00
208.00
475.00
217.00
705.00
302.00
274.00
453.00
88.00
10.00
19.00
38.00
31.00
538.00
317.00
583.00
250.00
430.00
51.00
203.00
1126.00
670.00
733.00
16.00
40.00
219.00
658.00
505.00
480.00
163.00
262.00
578.00
72.00
439.00
199.00
92.00
17.00
41.00
72.00
166.00
75.00
52.00
166.00
96.00
77.00
716.00
212.00
184.00
300.00
18.00
45.00
26.00
265.00
222.00
302.00
651.00
147.00
71.00
105.00
149.00
82.00
30.00
61.00
94.00
266.00
292.00
73.00
395.00
97.00
476.00
152.00
71.00
39.00
11.00
313.00
719.00
289.00
48.00
273.00
725.00
14.00
353.00
35.00
162.00
27.00
339.00
198.00
319.00
235.00
124.00
186.00
135.00
132.00
186.00
810.00
110.00
250.00
65.00
603.00
146.00
34.00
143.00
74.00
485.00
581.00
350.00
44.00
9.00
416.00
337.00
24.00
7.00
208.00
28.00
174.00
138.00
6.00
2.00
10.00
29.00
1.00
87.00
159.00
663.00
285.00
317.00
301.00
11.00
8.00
17.00
105.00
115.00
133.00
29.00
12.00
3.00
0.00
155.00
131.00
97.00
180.00
0.00
56.00
203.00
675.00
548.00
1758.00
0.00
0.00
0.00
0.00
0.00
0.00
1.00
82.00
393.00
2.00
0.00
0.00
0.00
0.00
9.00
5.00
0.00
0.00
0.00
0.00
2.00
18.00
0.00
8.00
312.00
69.00
2.00
1.00
0.00
0.00
0.00
0.00
0.00
0.00
0.00
0.00
0.00
0.00
0.00
0.00
0.00
0.00
0.00
0.00
0.00
0.00
0.00
67.00
751.00
432.00
0.00
0.00
0.00
0.00
0.00
0.00
0.00
69.00
88.00
4.00
2.00
1.00
1.00
0.00
0.00
0.00
0.00
0.00
0.00
0.00
2.00
256.00
21.00
0.00
0.00
0.00
0.00
0.00
0.00
0.00
0.00
0.00
0.00
0.00
0.00
0.00
0.00
0.00
0.00
0.00
0.00
0.00
0.00
0.00
0.00
0.00
0.00
0.00
0.00
0.00
0.00
0.00
0.00
0.00
0.00
0.00
0.00
0.00
87.00
24.00
112.00
44.00
0.00
0.00
25.00
9.00
0.00
0.00
0.00
0.00
0.00
0.00
0.00
0.00
168.00
0.00
251.00
457.00
0.00
0.00
0.00
0.00
0.00
0.00
0.00
0.00
0.00
0.00
0.00
0.00
0.00
0.00
10.00
0.00
2.00
56.00
18.00
0.00
0.00
0.00
0.00
0.00
0.00
0.00
0.00
73.00
0.00
203.00
711.00
250.00
58.00
0.00
4.00
0.00
0.00
19.00
17.00
26.00
5.00
55.00
44.00
200.00
88.00
1.00
117.00
0.00
0.00
40.00
34.00
7.00
30.00
101.00
33.00
0.00
18.00
31.00
14.00
7.00
257.00
15.00
278.00
6.00
163.00
1.00
272.00
136.00
1002.00
417.00
416.00
434.00
378.00
188.00
6.00
14.00
0.00
223.00
6.00
0.00
19.00
0.00
0.00
4.00
7.00
3.00
178.00
510.00
198.00
4.00
178.00
15.00
237.00
235.00
10.00
10.00
97.00
195.00
61.00
340.00
27.00
4.00
4.00
62.00
96.00
418.00
219.00
723.00
263.00
19.00
59.00
30.00
8.00
485.00
416.00
4.00
31.00
302.00
19.00
61.00
127.00
27.00
128.00
54.00
68.00
102.00
43.00
14.00
2.00
13.00
153.00
61.00
9.00
60.00
50.00
21.00
96.00
329.00
123.00
53.00
73.00
29.00
0.00
54.00
124.00
55.00
230.00
338.00
162.00
142.00
61.00
192.00
214.00
279.00
186.00
100.00
10.00
8.00
32.00
444.00
38.00
103.00
293.00
116.00
244.00
403.00
50.00
415.00
115.00
175.00
140.00
4.00
2.00
7.00
43.00
35.00
23.00
298.00
31.00
137.00
211.00
81.00
55.00
19.00
6.00
236.00
229.00
61.00
205.00
148.00
1.00
1.00
0.00
4.00
1.00
5.00
134.00
593.00
19.00
15.00
0.00
0.00
0.00
93.00
147.00
3.00
47.00
0.00
42.00
43.00
239.00
60.00
60.00
0.00
0.00
48.00
20.00
0.00
0.00
0.00
0.00
0.00
0.00
0.00
0.00
25.00
50.00
371.00
88.00
0.00
0.00
4.00
0.00
3.00
0.00
0.00
0.00
0.00
0.00
0.00
0.00
0.00
45.00
162.00
97.00
61.00
0.00
0.00
0.00
0.00
32.00
0.00
0.00
0.00
0.00
0.00
0.00
0.00
0.00
0.00
0.00
0.00
0.00
0.00
0.00
0.00
0.00
0.00
0.00
0.00
0.00
0.00
0.00
0.00
0.00
0.00
0.00
0.00
0.00
0.00
0.00
83.00
0.00
0.00
0.00
0.00
0.00
0.00
0.00
0.00
0.00
0.00
30.00
102.00
78.00
0.00
0.00
0.00
0.00
0.00
0.00
0.00
0.00
0.00
0.00
0.00
0.00
0.00
0.00
0.00
0.00
0.00
0.00
0.00
0.00
0.00
0.00
0.00
0.00
0.00
0.00
0.00
0.00
0.00
0.00
0.00
0.00
0.00
0.00
0.00
0.00
0.00
0.00
0.00
0.00
0.00
0.00
0.00
0.00
0.00
0.00
0.00
0.00
0.00
0.00
0.00
0.00
4.00
0.00
0.00
0.00
0.00
0.00
0.00
1.00
17.00
0.00
0.00
0.00
0.00
0.00
0.00
0.00
55.50
5.20
34.40
21.70
0.00
0.00
0.00
12.90
7.00
0.00
0.00
0.00
0.00
0.00
0.00
0.00
0.00
0.00
0.50
1.50
3.80
0.10
0.00
0.00
0.00
26.70
0.00
0.00
0.00
0.40
12.50
0.00
0.00
0.00
125.20
18.10
29.80
0.00
103.90
37.90
38.30
0.20
6.00
15.60
0.00
0.00
1.80
0.10
0.00
9.40
33.70
0.10
0.00
0.00
7.30
0.30
1.20
0.00
0.00
0.00
0.00
22.40
19.60
20.50
7.70
7.70
4.40
82.50
70.90
13.80
11.90
5.60
26.10
16.80
0.50
16.20
19.30
16.20
22.80
27.60
8.10
23.50
24.60
0.00
0.00
16.40
45.00
45.00
32.20
0.50
12.90
0.20
0.20
0.10
1.20
22.70
16.00
1.70
7.90
18.90
2.60
1.80
12.40
17.30
9.30
0.20
0.00
0.00
46.60
58.40
16.70
11.00
40.20
1.20
16.60
39.70
24.70
3.10
0.10
1.90
110.50
74.60
81.90
162.00
2.20
10.00
8.40
22.00
1.00
9.40
10.40
19.10
15.20
13.70
23.50
23.50
81.20
81.20
48.10
2.60
2.60
1.60
3.80
2.60
2.60
2.60
41.90
45.60
16.40
31.90
34.30
7.50
8.60
3.60
4.10
32.10
3.70
17.60
63.10
17.60
2.00
5.80
3.10
119.40
3.10
2.60
4.30
0.20
7.00
18.40
15.30
22.00
52.50
5.40
5.10
0.40
1.20
22.20
49.40
26.40
16.10
2.40
0.90
24.90
3.50
3.00
1.40
10.50
1.10
2.70
17.80
33.50
12.30
23.10
20.00
12.80
0.60
9.20
4.40
7.50
10.30
5.00
2.40
23.30
0.40
0.70
0.30
0.00
6.00
34.80
21.00
19.50
33.50
0.60
0.80
2.90
24.00
14.80
14.80
21.40
18.60
1.00
0.40
16.30
2.80
0.10
19.20
3.40
0.00
0.00
0.00
0.00
0.50
0.00
0.30
0.00
0.00
0.00
2.60
4.40
1.00
0.20
0.00
5.10
