20160101
0.00
0.00
0.00
0.00
0.00
0.00
0.00
0.00
43.00
0.00
0.00
0.00
1.00
0.00
0.00
0.00
0.00
0.00
1.00
0.00
7.00
0.00
0.00
0.00
0.00
2.00
0.00
0.00
0.00
0.00
0.00
0.00
0.00
0.00
0.00
0.00
0.00
0.00
0.00
0.00
139.00
1.00
0.00
0.00
0.00
0.00
0.00
0.00
0.00
0.00
0.00
1.00
0.00
46.00
334.00
11.00
13.00
0.00
0.00
0.00
0.00
0.00
0.00
79.00
0.00
9.00
0.00
4.00
2.00
4.00
22.00
0.00
0.00
0.00
1.00
26.00
0.00
0.00
35.00
17.00
30.00
0.00
28.00
0.00
0.00
0.00
0.00
696.00
3.00
178.00
665.00
20.00
0.00
143.00
155.00
578.00
84.00
25.00
55.00
10.00
0.00
25.00
0.00
92.00
226.00
83.00
390.00
148.00
26.00
130.00
58.00
187.00
250.00
483.00
107.00
87.00
90.00
54.00
239.00
0.00
102.00
13.00
97.00
2.00
153.00
2.00
3.00
3.00
0.00
1.00
0.00
56.00
153.00
282.00
53.00
23.00
76.00
652.00
276.00
19.00
88.00
943.00
0.00
12.00
60.00
78.00
0.00
88.00
23.00
77.00
71.00
19.00
0.00
0.00
0.00
69.00
18.00
243.00
128.00
59.00
228.00
64.00
14.00
39.00
20.00
0.00
15.00
16.00
73.00
65.00
41.00
23.00
88.00
40.00
61.00
43.00
32.00
61.00
53.00
11.00
134.00
197.00
337.00
250.00
102.00
9.00
10.00
32.00
4.00
67.00
16.00
80.00
17.00
51.00
1.00
101.00
122.00
133.00
0.00
4.00
8.00
1.00
14.00
46.00
56.00
34.00
236.00
2.00
130.00
47.00
34.00
14.00
103.00
51.00
1.00
0.00
15.00
62.00
81.00
25.00
14.00
50.00
120.00
110.00
16.00
24.00
3.00
13.00
97.00
5.00
1.00
1.00
194.00
12.00
2.00
114.00
0.00
215.00
0.00
29.00
61.00
54.00
145.00
456.00
21.00
1.00
7.00
37.00
110.00
22.00
223.00
0.00
2.00
37.00
10.00
19.00
64.00
1.00
0.00
75.00
200.00
75.00
157.00
395.00
707.00
55.00
187.00
318.00
353.00
1.00
83.00
284.00
0.00
76.00
1.00
0.00
0.00
0.00
0.00
230.00
86.00
178.00
156.00
282.00
0.00
134.00
13.00
0.00
0.00
0.00
0.00
0.00
0.00
0.00
0.00
0.00
0.00
0.00
39.00
6.00
218.00
105.00
119.00
5.00
0.00
0.00
2.00
23.00
157.00
263.00
72.00
0.00
0.00
0.00
0.00
0.00
0.00
0.00
0.00
0.00
1.00
0.00
0.00
0.00
0.00
0.00
0.00
0.00
0.00
0.00
0.00
0.00
0.00
0.00
0.00
10.00
0.00
0.00
0.00
0.00
0.00
0.00
0.00
0.00
0.00
0.00
0.00
0.00
0.00
0.00
0.00
0.00
0.00
0.00
0.00
0.00
0.00
0.00
0.00
0.00
0.00
0.00
0.00
0.00
0.00
0.00
0.00
0.00
0.00
0.00
0.00
0.00
0.00
0.00
0.00
0.00
0.00
0.00
0.00
0.00
0.00
0.00
0.00
0.00
0.00
0.00
0.00
0.00
0.00
0.00
0.00
0.00
0.00
0.00
0.00
0.00
0.00
0.00
0.00
0.00
0.00
0.00
0.00
0.00
0.00
0.00
0.00
0.00
0.00
0.00
0.00
0.00
0.00
0.00
0.00
0.00
22.00
24.00
6.00
0.00
0.00
0.00
0.00
0.00
0.00
0.00
0.00
0.00
0.00
66.00
19.00
0.00
97.00
0.00
64.00
53.00
0.00
0.00
0.00
0.00
0.00
0.00
99.00
0.00
101.00
0.00
0.00
0.00
0.00
22.00
0.00
3.00
3.00
426.00
695.00
844.00
419.00
205.00
227.00
572.00
8.00
0.00
0.00
0.00
12.00
0.00
0.00
0.00
0.00
0.00
86.00
5.00
9.00
2.00
255.00
85.00
128.00
118.00
3.00
79.00
194.00
4.00
15.00
52.00
1.00
24.00
117.00
0.00
0.00
19.00
83.00
54.00
0.00
0.00
128.00
0.00
0.00
0.00
9.00
98.00
222.00
28.00
3.00
1.00
78.00
5.00
51.00
1.00
0.00
35.00
0.00
91.00
85.00
50.00
105.00
392.00
23.00
87.00
147.00
156.00
2.00
0.00
0.00
38.00
114.00
505.00
132.00
295.00
70.00
13.00
21.00
45.00
19.00
96.00
43.00
45.00
90.00
80.00
174.00
8.00
4.00
191.00
81.00
29.00
186.00
43.00
323.00
64.00
16.00
48.00
27.00
9.00
15.00
165.00
144.00
66.00
47.00
108.00
69.00
62.00
207.00
17.00
5.00
77.00
83.00
122.00
280.00
33.00
57.00
95.00
72.00
26.00
60.00
17.00
102.00
23.00
23.00
1.00
3.00
69.00
301.00
19.00
42.00
34.00
17.00
1.00
0.00
2.00
148.00
104.00
13.00
7.00
80.00
23.00
2.00
25.00
21.00
19.00
54.00
11.00
1.00
7.00
35.00
250.00
48.00
4.00
72.00
16.00
12.00
7.00
27.00
52.00
7.00
1.00
8.00
0.00
16.00
43.00
14.00
0.00
162.00
60.00
25.00
0.00
9.00
409.00
119.00
175.00
144.00
17.00
0.00
2.00
1.00
0.00
39.00
155.00
81.00
14.00
189.00
64.00
48.00
14.00
0.00
4.00
94.00
19.00
96.00
161.00
80.00
36.00
408.00
272.00
0.00
0.00
0.00
5.00
14.00
170.00
101.00
660.00
0.00
0.00
0.00
0.00
0.00
0.00
3.00
952.00
600.00
0.00
0.00
0.00
0.00
0.00
0.00
0.00
0.00
0.00
0.00
0.00
0.00
56.00
9.00
1.00
62.00
22.00
12.00
11.00
0.00
0.00
0.00
0.00
0.00
0.00
0.00
0.00
0.00
0.00
0.00
0.00
0.00
0.00
0.00
0.00
0.00
0.00
7.00
240.00
276.00
135.00
1.00
0.00
0.00
0.00
0.00
0.00
0.00
0.00
13.00
0.00
0.00
0.00
0.00
0.00
0.00
0.00
0.00
0.00
0.00
0.00
14.00
113.00
104.00
0.00
0.00
0.00
0.00
0.00
0.00
0.00
0.00
0.00
0.00
0.00
0.00
0.00
0.00
0.00
0.00
0.00
0.00
0.00
0.00
0.00
0.00
0.00
0.00
0.00
0.00
0.00
0.00
0.00
0.00
0.00
0.00
0.00
0.00
0.00
17.00
30.00
32.00
13.00
7.00
0.00
0.00
0.00
0.00
0.00
0.00
0.00
0.00
0.00
0.00
0.00
0.00
0.00
0.00
558.00
0.00
0.00
0.00
0.00
46.00
0.00
0.00
0.00
0.00
0.00
0.00
0.00
0.00
44.00
738.00
0.00
321.00
82.00
115.00
27.00
0.00
0.00
0.00
0.00
0.00
0.00
0.00
139.00
6.00
0.00
110.00
305.00
1.00
0.00
19.00
10.00
0.00
0.00
15.00
0.00
55.00
0.00
49.00
261.00
1.00
27.00
150.00
6.00
0.00
169.00
21.00
8.00
88.00
146.00
17.00
0.00
4.00
74.00
0.00
4.00
36.00
38.00
139.00
10.00
108.00
26.00
109.00
360.00
452.00
316.00
233.00
529.00
415.00
124.00
0.00
153.00
0.00
47.00
0.00
0.00
0.00
44.00
0.00
0.00
2.00
25.00
160.00
3.00
105.00
14.00
0.00
139.00
14.00
17.00
8.00
204.00
136.00
116.00
191.00
0.00
0.00
13.00
31.00
59.00
394.00
509.00
0.00
99.00
11.00
51.00
18.00
0.00
3.00
3.00
177.00
44.00
94.00
3.00
5.00
40.00
22.00
36.00
5.00
17.00
0.00
0.00
0.00
0.00
5.00
8.00
65.00
51.00
41.00
63.00
60.00
8.00
43.00
17.00
17.00
6.00
5.00
8.00
5.00
0.00
108.00
71.00
82.00
73.00
139.00
26.00
39.00
48.00
129.00
97.00
56.00
149.00
14.00
67.00
39.00
54.00
138.00
16.00
7.00
21.00
23.00
98.00
102.00
15.00
22.00
31.00
14.00
7.00
23.00
32.00
104.00
194.00
32.00
199.00
27.00
2.00
2.00
39.00
246.00
41.00
3.00
7.00
86.00
13.00
2.00
3.00
1.00
0.00
0.00
8.00
34.00
19.00
0.00
25.00
6.00
0.00
54.00
7.00
0.00
8.00
17.00
19.00
9.00
0.00
7.00
21.00
12.00
0.00
21.00
2.00
0.00
0.00
1.00
0.00
4.00
0.00
0.00
0.00
0.00
24.00
54.00
87.00
241.00
238.00
46.00
24.00
0.00
0.00
0.00
0.00
0.00
0.00
0.00
0.00
0.00
0.00
0.00
0.00
318.00
156.00
212.00
142.00
78.00
0.00
0.00
0.00
0.00
0.00
4.00
0.00
0.00
0.00
0.00
0.00
0.00
0.00
2.00
0.00
0.00
0.00
0.00
0.00
0.00
0.00
0.00
0.00
0.00
0.00
0.00
0.00
0.00
0.00
0.00
0.00
0.00
0.00
0.00
0.00
4.00
0.00
0.00
0.00
0.00
20.00
0.00
0.00
7.00
12.00
13.00
9.00
2.00
0.00
0.00
0.00
0.00
0.00
0.00
0.00
0.00
0.00
0.00
0.00
0.00
0.00
0.00
0.00
0.00
0.00
0.00
0.00
0.00
0.00
0.00
0.00
0.00
0.00
0.00
0.00
0.00
0.00
0.00
0.00
0.00
0.00
0.00
0.00
0.00
0.00
0.00
0.00
0.00
0.00
18.00
0.00
0.00
0.00
0.00
0.00
0.00
0.00
0.00
0.00
0.00
0.00
0.00
0.00
0.00
0.00
0.00
0.00
3.00
11.00
0.00
0.00
0.00
0.00
0.00
0.00
0.00
48.10
23.80
76.40
37.30
0.00
0.00
0.00
0.10
15.40
0.50
0.00
0.00
0.00
0.00
0.00
0.00
0.00
0.00
0.00
0.30
42.80
5.30
4.70
0.60
0.10
14.30
0.00
0.00
0.00
0.00
11.40
0.00
1.00
0.00
39.50
34.90
123.30
0.20
46.60
3.40
3.00
1.30
44.70
18.50
1.20
0.00
0.50
0.00
0.00
15.40
0.00
7.30
0.00
0.00
6.60
0.00
2.00
0.00
0.00
0.00
0.00
0.00
15.10
12.60
0.70
0.70
0.00
11.60
5.80
0.00
1.90
0.00
0.00
0.00
0.00
0.70
0.00
1.50
3.40
1.10
0.10
5.40
3.40
0.70
0.70
1.90
3.70
3.70
40.50
1.80
1.40
0.00
1.00
0.00
0.00
2.20
0.20
0.10
1.00
10.30
3.20
12.60
14.00
0.00
22.80
6.20
1.50
2.30
1.80
20.70
4.40
0.00
12.50
4.60
4.00
10.40
15.10
13.00
3.20
0.00
0.60
7.30
1.70
0.90
0.00
1.40
1.50
0.10
0.00
0.10
5.60
11.90
5.50
2.60
2.20
2.20
2.80
2.80
4.70
11.40
11.40
0.00
0.20
11.40
11.40
11.40
7.10
4.10
4.00
16.40
33.20
26.80
5.60
0.00
4.90
4.00
3.80
17.20
22.50
6.40
0.40
7.60
7.60
0.80
11.50
0.90
1.30
0.20
6.30
18.30
17.10
2.00
2.40
3.60
0.30
2.40
6.70
6.30
10.60
5.40
6.90
0.90
0.30
0.50
11.00
0.20
2.90
1.20
2.30
1.40
0.30
0.30
14.60
0.40
8.40
3.60
2.90
6.00
10.50
32.70
0.80
0.50
12.80
13.70
1.70
0.10
7.80
0.40
142.20
30.80
36.30
35.70
9.40
1.50
0.30
16.20
16.00
8.30
8.30
4.20
0.10
0.00
0.00
5.50
23.80
11.60
7.20
12.30
0.00
0.00
0.00
0.00
29.40
2.10
0.00
0.10
0.10
0.00
5.00
17.40
3.40
0.50
0.10
0.70
