20160101
0.00
0.00
0.00
0.00
0.00
0.00
0.00
0.00
30.00
0.00
0.00
0.00
0.00
0.00
0.00
0.00
0.00
0.00
0.00
8.00
0.00
0.00
0.00
0.00
0.00
0.00
0.00
0.00
0.00
0.00
0.00
0.00
0.00
0.00
0.00
0.00
0.00
0.00
6.00
4.00
0.00
20.00
32.00
0.00
0.00
0.00
0.00
0.00
0.00
0.00
10.00
2.00
0.00
68.00
110.00
0.00
24.00
0.00
0.00
0.00
0.00
6.00
0.00
4.00
0.00
191.00
0.00
0.00
11.00
2.00
0.00
0.00
0.00
2.00
0.00
7.00
0.00
0.00
2.00
0.00
82.00
0.00
6.00
0.00
0.00
0.00
0.00
729.00
8.00
24.00
236.00
42.00
0.00
416.00
697.00
338.00
35.00
0.00
0.00
0.00
0.00
0.00
0.00
67.00
42.00
148.00
156.00
423.00
4.00
40.00
55.00
5.00
159.00
0.00
0.00
102.00
29.00
40.00
0.00
0.00
7.00
116.00
186.00
166.00
198.00
42.00
41.00
31.00
0.00
0.00
8.00
3.00
173.00
85.00
107.00
202.00
0.00
102.00
165.00
55.00
294.00
629.00
0.00
59.00
6.00
68.00
0.00
14.00
42.00
173.00
23.00
181.00
3.00
0.00
90.00
516.00
16.00
16.00
53.00
18.00
23.00
222.00
107.00
78.00
26.00
0.00
15.00
257.00
504.00
4.00
1.00
5.00
12.00
34.00
108.00
25.00
84.00
51.00
85.00
29.00
295.00
20.00
129.00
96.00
157.00
102.00
3.00
1.00
209.00
54.00
141.00
28.00
46.00
2.00
1.00
8.00
219.00
24.00
30.00
23.00
83.00
2.00
20.00
76.00
177.00
104.00
218.00
64.00
1.00
65.00
154.00
92.00
2.00
153.00
55.00
116.00
190.00
170.00
28.00
198.00
154.00
41.00
59.00
10.00
59.00
46.00
681.00
193.00
58.00
120.00
61.00
0.00
210.00
35.00
0.00
6.00
0.00
821.00
17.00
74.00
44.00
304.00
322.00
243.00
67.00
8.00
106.00
44.00
203.00
85.00
12.00
107.00
5.00
7.00
20.00
260.00
942.00
490.00
0.00
47.00
171.00
242.00
136.00
246.00
134.00
7.00
67.00
0.00
251.00
88.00
12.00
204.00
104.00
149.00
0.00
0.00
0.00
161.00
163.00
52.00
38.00
62.00
3.00
75.00
346.00
142.00
0.00
0.00
0.00
0.00
0.00
0.00
0.00
0.00
0.00
0.00
0.00
0.00
0.00
0.00
40.00
0.00
83.00
2.00
0.00
0.00
4.00
97.00
201.00
458.00
854.00
0.00
0.00
0.00
0.00
0.00
0.00
0.00
0.00
0.00
0.00
0.00
0.00
0.00
0.00
0.00
0.00
0.00
0.00
0.00
0.00
0.00
0.00
0.00
0.00
0.00
0.00
0.00
0.00
0.00
0.00
0.00
0.00
0.00
0.00
0.00
0.00
0.00
0.00
0.00
0.00
0.00
0.00
0.00
0.00
0.00
0.00
0.00
0.00
0.00
0.00
0.00
0.00
0.00
0.00
0.00
0.00
0.00
0.00
0.00
0.00
0.00
0.00
0.00
0.00
0.00
0.00
0.00
0.00
0.00
0.00
0.00
0.00
0.00
0.00
0.00
0.00
0.00
0.00
0.00
0.00
0.00
1.00
0.00
0.00
0.00
0.00
0.00
0.00
0.00
0.00
0.00
0.00
0.00
0.00
0.00
0.00
0.00
0.00
0.00
0.00
0.00
0.00
0.00
0.00
0.00
0.00
0.00
39.00
0.00
0.00
0.00
0.00
0.00
0.00
0.00
0.00
0.00
1.00
45.00
7.00
0.00
137.00
0.00
107.00
120.00
0.00
0.00
0.00
0.00
0.00
0.00
82.00
0.00
75.00
0.00
0.00
0.00
0.00
132.00
5.00
0.00
17.00
77.00
302.00
33.00
38.00
4.00
292.00
452.00
586.00
0.00
0.00
0.00
0.00
0.00
0.00
0.00
0.00
0.00
119.00
36.00
0.00
6.00
928.00
709.00
313.00
598.00
39.00
582.00
76.00
0.00
0.00
39.00
23.00
100.00
251.00
0.00
0.00
96.00
36.00
111.00
0.00
0.00
64.00
0.00
25.00
0.00
16.00
93.00
354.00
1.00
92.00
3.00
171.00
51.00
64.00
25.00
0.00
0.00
5.00
32.00
79.00
19.00
136.00
598.00
271.00
400.00
116.00
452.00
357.00
39.00
0.00
1.00
103.00
413.00
1007.00
69.00
268.00
56.00
27.00
188.00
125.00
153.00
186.00
513.00
114.00
0.00
57.00
288.00
245.00
465.00
360.00
148.00
236.00
26.00
123.00
100.00
1.00
46.00
11.00
108.00
104.00
28.00
37.00
52.00
64.00
66.00
447.00
244.00
120.00
365.00
402.00
37.00
60.00
64.00
85.00
129.00
278.00
86.00
476.00
42.00
51.00
62.00
303.00
35.00
27.00
66.00
29.00
74.00
181.00
223.00
124.00
46.00
14.00
5.00
0.00
68.00
648.00
283.00
11.00
10.00
24.00
44.00
85.00
63.00
369.00
373.00
115.00
77.00
422.00
98.00
326.00
248.00
43.00
230.00
129.00
71.00
88.00
9.00
22.00
32.00
0.00
76.00
61.00
275.00
7.00
6.00
114.00
160.00
0.00
52.00
7.00
0.00
43.00
502.00
326.00
62.00
2.00
11.00
0.00
0.00
0.00
10.00
147.00
285.00
197.00
169.00
51.00
497.00
2.00
0.00
6.00
162.00
827.00
120.00
3.00
0.00
1.00
0.00
46.00
0.00
0.00
0.00
0.00
301.00
389.00
308.00
509.00
1553.00
0.00
0.00
0.00
0.00
0.00
0.00
0.00
584.00
624.00
0.00
0.00
0.00
0.00
0.00
0.00
0.00
0.00
0.00
0.00
0.00
0.00
90.00
0.00
2.00
156.00
21.00
11.00
3.00
0.00
0.00
0.00
0.00
0.00
0.00
0.00
0.00
0.00
0.00
0.00
0.00
0.00
0.00
0.00
0.00
0.00
0.00
121.00
548.00
391.00
307.00
0.00
0.00
0.00
0.00
0.00
0.00
0.00
0.00
8.00
0.00
0.00
0.00
0.00
0.00
0.00
0.00
0.00
0.00
0.00
0.00
16.00
237.00
3.00
0.00
0.00
0.00
0.00
0.00
0.00
0.00
0.00
0.00
0.00
0.00
0.00
0.00
0.00
0.00
0.00
0.00
0.00
0.00
0.00
0.00
0.00
0.00
0.00
0.00
0.00
0.00
0.00
0.00
0.00
0.00
0.00
0.00
0.00
0.00
60.00
59.00
196.00
3.00
80.00
0.00
9.00
3.00
0.00
0.00
0.00
0.00
0.00
0.00
0.00
0.00
0.00
0.00
1.00
458.00
0.00
0.00
0.00
0.00
0.00
0.00
0.00
0.00
0.00
0.00
0.00
0.00
0.00
0.00
18.00
0.00
0.00
25.00
19.00
0.00
0.00
0.00
0.00
0.00
0.00
0.00
40.00
355.00
79.00
1.00
72.00
396.00
0.00
5.00
27.00
20.00
0.00
271.00
1.00
26.00
107.00
0.00
55.00
17.00
27.00
0.00
28.00
0.00
0.00
40.00
69.00
44.00
48.00
210.00
91.00
0.00
10.00
32.00
11.00
3.00
272.00
140.00
361.00
1.00
204.00
38.00
264.00
585.00
882.00
667.00
644.00
480.00
285.00
571.00
0.00
42.00
212.00
156.00
77.00
0.00
75.00
1.00
108.00
16.00
8.00
8.00
62.00
0.00
0.00
6.00
131.00
44.00
1.00
154.00
9.00
37.00
32.00
73.00
322.00
235.00
63.00
464.00
210.00
178.00
535.00
506.00
24.00
874.00
499.00
4.00
118.00
0.00
18.00
0.00
3.00
104.00
31.00
50.00
4.00
236.00
112.00
2.00
0.00
1.00
0.00
0.00
113.00
8.00
0.00
9.00
28.00
11.00
15.00
69.00
15.00
107.00
131.00
73.00
248.00
22.00
41.00
40.00
44.00
107.00
275.00
14.00
50.00
91.00
7.00
7.00
5.00
55.00
201.00
242.00
159.00
25.00
7.00
0.00
235.00
177.00
87.00
70.00
164.00
352.00
3.00
79.00
393.00
688.00
282.00
505.00
612.00
47.00
4.00
2.00
161.00
188.00
0.00
107.00
38.00
126.00
213.00
54.00
18.00
6.00
22.00
29.00
63.00
0.00
11.00
91.00
218.00
47.00
0.00
2.00
48.00
5.00
0.00
43.00
0.00
0.00
15.00
90.00
21.00
16.00
166.00
150.00
146.00
0.00
26.00
7.00
69.00
8.00
18.00
0.00
0.00
0.00
0.00
0.00
0.00
0.00
0.00
0.00
0.00
0.00
22.00
120.00
354.00
299.00
6.00
8.00
0.00
0.00
0.00
0.00
0.00
0.00
0.00
0.00
0.00
0.00
0.00
0.00
475.00
253.00
283.00
121.00
27.00
0.00
59.00
8.00
0.00
0.00
1.00
0.00
0.00
0.00
0.00
0.00
1.00
0.00
0.00
0.00
0.00
0.00
0.00
0.00
0.00
0.00
0.00
0.00
0.00
0.00
0.00
0.00
0.00
0.00
0.00
0.00
0.00
0.00
0.00
0.00
0.00
0.00
0.00
0.00
0.00
0.00
0.00
0.00
0.00
0.00
2.00
66.00
3.00
0.00
0.00
0.00
0.00
0.00
0.00
0.00
0.00
0.00
0.00
0.00
0.00
0.00
0.00
0.00
0.00
0.00
0.00
0.00
0.00
0.00
0.00
0.00
0.00
0.00
0.00
0.00
0.00
0.00
0.00
0.00
0.00
0.00
0.00
0.00
0.00
0.00
0.00
0.00
0.00
0.00
0.00
0.00
0.00
0.00
0.00
0.00
0.00
0.00
0.00
0.00
0.00
0.00
0.00
0.00
0.00
0.00
0.00
0.00
0.00
10.00
0.00
0.00
0.00
0.00
0.00
0.00
0.30
83.30
53.40
63.20
49.70
0.00
0.00
0.00
9.10
14.00
0.00
0.00
0.00
0.00
0.00
0.00
0.00
0.00
0.00
0.60
0.10
89.00
3.10
0.00
1.40
0.00
39.00
0.00
0.00
0.00
0.40
10.40
0.00
0.00
0.00
100.50
18.30
214.10
28.70
6.60
0.20
16.50
0.10
15.90
13.00
0.00
0.10
1.50
0.40
0.00
0.00
0.00
0.20
0.00
0.00
1.90
0.00
0.10
0.00
0.00
0.00
0.00
0.00
7.00
0.00
0.00
0.00
0.60
33.70
48.20
0.00
0.00
0.00
0.00
0.00
0.00
0.80
0.00
33.80
16.10
6.10
8.20
22.80
6.40
0.20
0.20
0.00
2.40
2.40
80.60
4.10
2.60
1.80
0.00
0.00
0.00
52.60
51.70
3.80
7.40
53.60
0.10
4.20
3.60
10.10
2.90
1.50
0.00
4.00
60.30
59.40
10.40
0.20
0.00
1.20
83.00
7.60
6.10
0.40
2.60
0.60
2.80
4.50
4.20
5.00
11.80
106.30
7.90
3.70
11.60
38.40
17.00
19.70
2.30
17.60
45.40
45.40
34.10
34.10
20.10
1.90
1.90
0.40
0.10
1.90
1.90
1.90
22.30
6.30
1.50
2.50
66.60
19.00
8.30
6.10
0.60
6.40
1.60
6.10
27.10
24.30
49.70
3.40
0.10
26.80
4.30
0.50
0.20
0.20
23.70
18.60
6.10
11.20
5.10
6.70
0.00
0.80
5.40
4.30
83.90
40.70
31.70
5.80
3.30
1.50
3.30
0.40
6.20
2.10
5.80
4.50
17.20
48.30
19.40
29.50
9.00
1.80
3.00
18.10
8.20
7.80
1.20
0.60
4.20
13.80
0.00
0.00
0.20
0.30
40.90
29.00
20.50
21.00
24.00
0.10
7.10
0.50
26.30
3.40
3.40
6.80
0.20
0.60
0.10
20.30
0.60
2.80
28.20
18.00
0.00
0.00
0.00
0.00
9.60
10.60
0.00
0.00
0.20
0.00
0.30
13.20
1.40
0.30
0.30
1.60
