20160101
0.00
0.00
0.00
0.00
0.00
0.00
0.00
0.00
0.00
0.00
0.00
0.00
4.00
0.00
0.00
0.00
0.00
0.00
76.00
32.00
0.00
0.00
0.00
0.00
0.00
0.00
2.00
0.00
0.00
0.00
0.00
0.00
0.00
0.00
0.00
0.00
0.00
0.00
7.00
0.00
0.00
3.00
0.00
0.00
0.00
0.00
4.00
0.00
0.00
1.00
19.00
0.00
0.00
0.00
0.00
0.00
8.00
0.00
0.00
0.00
0.00
0.00
0.00
0.00
0.00
66.00
1.00
1.00
0.00
0.00
0.00
0.00
1.00
8.00
0.00
0.00
0.00
0.00
0.00
1.00
0.00
0.00
0.00
0.00
0.00
0.00
1.00
14.00
10.00
85.00
355.00
2.00
0.00
21.00
0.00
1.00
0.00
0.00
0.00
0.00
0.00
0.00
0.00
0.00
0.00
0.00
55.00
0.00
0.00
0.00
0.00
0.00
0.00
0.00
0.00
0.00
0.00
150.00
0.00
0.00
0.00
0.00
7.00
48.00
0.00
15.00
0.00
277.00
9.00
22.00
116.00
6.00
215.00
98.00
157.00
63.00
54.00
53.00
57.00
375.00
48.00
9.00
0.00
0.00
141.00
134.00
0.00
2.00
0.00
2.00
19.00
454.00
0.00
0.00
0.00
35.00
0.00
38.00
100.00
0.00
4.00
106.00
305.00
35.00
0.00
663.00
97.00
231.00
27.00
56.00
178.00
74.00
30.00
103.00
227.00
32.00
24.00
97.00
62.00
7.00
13.00
19.00
20.00
212.00
77.00
161.00
223.00
2.00
110.00
295.00
88.00
19.00
45.00
42.00
332.00
159.00
20.00
121.00
589.00
159.00
167.00
199.00
140.00
45.00
277.00
35.00
330.00
12.00
7.00
90.00
97.00
106.00
22.00
284.00
136.00
44.00
277.00
125.00
41.00
32.00
1.00
1.00
107.00
0.00
3.00
70.00
184.00
280.00
269.00
116.00
24.00
0.00
22.00
47.00
1.00
1.00
0.00
187.00
9.00
3.00
74.00
15.00
129.00
18.00
24.00
709.00
65.00
82.00
19.00
10.00
36.00
65.00
0.00
73.00
15.00
142.00
191.00
3.00
13.00
31.00
147.00
57.00
62.00
255.00
83.00
0.00
337.00
16.00
615.00
177.00
0.00
109.00
56.00
0.00
5.00
6.00
1.00
0.00
6.00
21.00
0.00
2.00
248.00
402.00
55.00
3.00
0.00
0.00
0.00
0.00
0.00
0.00
0.00
0.00
0.00
0.00
0.00
0.00
0.00
0.00
116.00
0.00
0.00
0.00
0.00
0.00
3.00
0.00
32.00
73.00
0.00
0.00
0.00
0.00
0.00
0.00
0.00
0.00
0.00
0.00
0.00
0.00
0.00
0.00
0.00
0.00
0.00
0.00
0.00
0.00
0.00
0.00
0.00
0.00
0.00
7.00
0.00
0.00
0.00
0.00
0.00
0.00
0.00
0.00
0.00
0.00
0.00
0.00
0.00
0.00
0.00
0.00
0.00
0.00
0.00
0.00
0.00
0.00
0.00
0.00
55.00
0.00
0.00
0.00
0.00
0.00
0.00
0.00
0.00
0.00
0.00
0.00
0.00
0.00
0.00
108.00
0.00
0.00
0.00
0.00
0.00
0.00
0.00
0.00
0.00
0.00
0.00
0.00
0.00
0.00
0.00
8.00
23.00
51.00
0.00
0.00
0.00
0.00
0.00
0.00
0.00
0.00
0.00
0.00
0.00
0.00
0.00
0.00
0.00
0.00
0.00
0.00
0.00
0.00
0.00
0.00
0.00
0.00
7.00
0.00
0.00
0.00
0.00
0.00
0.00
0.00
0.00
0.00
169.00
0.00
0.00
0.00
16.00
0.00
88.00
0.00
0.00
0.00
0.00
0.00
0.00
29.00
21.00
28.00
127.00
0.00
0.00
0.00
0.00
251.00
0.00
11.00
500.00
212.00
0.00
12.00
0.00
32.00
86.00
5.00
37.00
1.00
8.00
61.00
0.00
0.00
0.00
0.00
0.00
0.00
346.00
390.00
0.00
0.00
364.00
48.00
123.00
636.00
0.00
127.00
138.00
0.00
0.00
0.00
0.00
158.00
56.00
0.00
83.00
104.00
52.00
232.00
0.00
12.00
195.00
1.00
110.00
2.00
30.00
811.00
559.00
0.00
52.00
72.00
18.00
71.00
2.00
26.00
0.00
0.00
5.00
265.00
8.00
0.00
109.00
62.00
65.00
230.00
602.00
185.00
3.00
6.00
0.00
0.00
24.00
9.00
132.00
41.00
822.00
29.00
63.00
3.00
179.00
149.00
734.00
393.00
2.00
100.00
51.00
0.00
89.00
7.00
1.00
29.00
12.00
37.00
79.00
155.00
48.00
450.00
190.00
76.00
12.00
54.00
48.00
126.00
155.00
259.00
105.00
10.00
17.00
9.00
13.00
15.00
257.00
120.00
15.00
58.00
194.00
75.00
438.00
84.00
18.00
20.00
28.00
275.00
24.00
1.00
631.00
207.00
109.00
131.00
256.00
236.00
16.00
26.00
85.00
237.00
1107.00
310.00
234.00
123.00
58.00
24.00
115.00
26.00
57.00
73.00
254.00
283.00
208.00
37.00
36.00
540.00
113.00
49.00
75.00
41.00
206.00
170.00
469.00
59.00
0.00
32.00
19.00
48.00
125.00
303.00
262.00
16.00
0.00
4.00
64.00
1.00
1.00
295.00
168.00
86.00
41.00
58.00
5.00
11.00
49.00
3.00
1.00
193.00
89.00
324.00
308.00
208.00
38.00
1.00
0.00
0.00
54.00
4.00
1.00
0.00
0.00
0.00
14.00
85.00
47.00
2.00
0.00
0.00
0.00
9.00
817.00
392.00
0.00
0.00
10.00
0.00
0.00
0.00
0.00
0.00
0.00
0.00
0.00
0.00
0.00
0.00
0.00
0.00
0.00
0.00
0.00
0.00
0.00
0.00
0.00
5.00
187.00
85.00
1.00
0.00
0.00
0.00
0.00
0.00
0.00
0.00
0.00
0.00
0.00
0.00
0.00
0.00
0.00
0.00
0.00
0.00
0.00
0.00
1.00
0.00
75.00
11.00
0.00
0.00
0.00
0.00
0.00
0.00
0.00
0.00
14.00
0.00
0.00
0.00
0.00
0.00
0.00
0.00
0.00
0.00
0.00
0.00
0.00
0.00
0.00
0.00
0.00
0.00
0.00
0.00
0.00
0.00
0.00
0.00
0.00
0.00
0.00
0.00
0.00
0.00
0.00
0.00
0.00
0.00
0.00
0.00
0.00
0.00
0.00
0.00
0.00
0.00
0.00
0.00
0.00
0.00
0.00
0.00
0.00
0.00
1092.00
288.00
30.00
36.00
7.00
344.00
1033.00
546.00
0.00
0.00
0.00
0.00
0.00
8.00
0.00
0.00
0.00
0.00
262.00
7.00
0.00
0.00
0.00
0.00
0.00
0.00
9.00
0.00
0.00
0.00
0.00
0.00
0.00
5.00
0.00
0.00
0.00
36.00
1.00
0.00
0.00
0.00
0.00
0.00
0.00
0.00
31.00
10.00
0.00
47.00
265.00
585.00
149.00
0.00
3.00
0.00
0.00
51.00
3.00
11.00
41.00
3.00
0.00
9.00
0.00
0.00
98.00
0.00
50.00
107.00
0.00
46.00
35.00
6.00
0.00
1.00
32.00
49.00
7.00
1.00
219.00
206.00
300.00
34.00
102.00
0.00
404.00
63.00
688.00
8.00
1.00
243.00
13.00
0.00
1.00
2.00
0.00
143.00
36.00
0.00
0.00
0.00
0.00
14.00
43.00
93.00
59.00
207.00
23.00
1.00
168.00
0.00
164.00
49.00
20.00
0.00
3.00
0.00
9.00
27.00
14.00
3.00
62.00
37.00
4.00
22.00
1.00
125.00
0.00
11.00
1.00
160.00
94.00
1.00
3.00
0.00
45.00
224.00
43.00
11.00
23.00
12.00
3.00
198.00
212.00
493.00
155.00
50.00
3.00
3.00
1.00
0.00
14.00
20.00
14.00
112.00
88.00
43.00
3.00
6.00
10.00
1.00
1.00
353.00
39.00
5.00
161.00
180.00
82.00
22.00
139.00
152.00
159.00
157.00
387.00
555.00
89.00
28.00
35.00
17.00
122.00
67.00
63.00
4.00
8.00
49.00
51.00
87.00
111.00
465.00
29.00
6.00
2.00
105.00
88.00
4.00
114.00
788.00
252.00
157.00
32.00
9.00
10.00
7.00
16.00
52.00
17.00
102.00
571.00
168.00
13.00
1.00
0.00
0.00
1.00
27.00
157.00
1395.00
22.00
35.00
1.00
0.00
0.00
5.00
613.00
386.00
2.00
17.00
1.00
30.00
39.00
111.00
0.00
205.00
0.00
0.00
0.00
0.00
0.00
0.00
0.00
0.00
0.00
0.00
23.00
2.00
483.00
98.00
8.00
0.00
0.00
4.00
0.00
0.00
0.00
0.00
0.00
0.00
0.00
0.00
0.00
0.00
0.00
2.00
0.00
0.00
0.00
0.00
0.00
0.00
37.00
0.00
0.00
0.00
0.00
0.00
0.00
0.00
0.00
0.00
0.00
0.00
0.00
0.00
0.00
0.00
0.00
0.00
1.00
0.00
0.00
0.00
0.00
0.00
0.00
0.00
0.00
0.00
0.00
0.00
0.00
29.00
0.00
0.00
0.00
0.00
0.00
0.00
0.00
0.00
0.00
0.00
14.00
81.00
227.00
0.00
0.00
0.00
0.00
0.00
0.00
0.00
0.00
0.00
0.00
0.00
0.00
0.00
0.00
0.00
0.00
0.00
3.00
0.00
0.00
0.00
0.00
0.00
0.00
0.00
0.00
0.00
0.00
0.00
0.00
0.00
0.00
0.00
0.00
0.00
0.00
0.00
0.00
0.00
0.00
0.00
0.00
0.00
0.00
0.00
0.00
0.00
0.00
0.00
0.00
0.00
10.00
1.00
0.00
0.00
4.00
0.00
0.00
7.00
4.00
0.00
0.00
0.00
0.00
0.00
0.00
0.00
0.00
12.40
0.20
35.30
1.10
0.00
0.00
0.00
3.50
0.00
0.00
0.00
0.00
0.00
0.00
0.00
0.00
0.00
0.20
1.80
0.10
1.40
5.20
0.00
0.00
0.00
3.30
0.00
0.00
0.00
10.60
0.00
0.00
55.70
0.00
43.20
0.80
30.10
0.00
9.50
30.40
17.90
0.10
2.40
31.60
0.00
5.00
0.00
9.00
0.00
28.00
1.40
0.00
0.00
0.10
0.00
5.50
0.00
0.00
0.00
0.00
6.70
2.70
0.00
2.70
14.40
14.40
0.20
48.50
33.90
0.00
0.00
0.00
0.00
8.40
56.40
0.90
0.00
6.80
0.20
32.30
0.00
31.80
83.10
1.40
1.40
0.00
22.10
22.10
26.30
4.00
0.00
34.70
9.70
0.50
7.60
32.00
21.20
35.00
4.70
0.10
0.00
0.00
0.60
0.00
0.00
0.00
7.60
0.80
7.80
9.00
15.90
18.70
18.30
0.00
7.10
2.90
7.70
0.10
0.00
1.00
26.50
69.10
16.80
3.30
0.00
1.50
1.70
0.00
1.20
3.00
11.70
4.90
4.80
50.90
171.60
171.60
65.50
65.50
22.40
1.90
1.90
3.60
0.60
1.90
1.90
1.90
3.60
15.40
58.70
7.80
7.30
27.50
15.80
2.40
15.40
7.20
17.40
3.20
1.50
1.20
14.50
7.10
9.10
4.20
6.00
1.80
3.20
2.50
48.00
27.00
14.50
8.50
77.90
0.80
0.70
0.00
0.90
1.00
34.30
7.90
4.10
1.30
0.30
2.70
5.60
34.80
4.40
2.60
3.70
5.40
5.70
5.90
0.40
0.40
5.70
0.10
27.00
22.00
1.40
3.20
48.90
36.10
8.60
58.50
38.10
0.00
0.40
0.20
0.10
3.80
8.90
21.30
35.40
0.10
2.30
17.00
14.60
59.30
59.30
0.00
0.20
0.00
11.90
9.40
37.80
50.80
16.00
0.00
0.00
0.00
0.00
0.00
0.00
1.90
0.00
0.00
0.00
0.00
4.40
1.10
0.30
0.20
15.80
125.60
