20160101
0.00
0.00
0.00
0.00
0.00
0.00
0.00
0.00
113.00
0.00
0.00
0.00
1.00
0.00
0.00
0.00
0.00
0.00
0.00
12.00
0.00
0.00
0.00
0.00
0.00
3.00
0.00
0.00
0.00
0.00
0.00
0.00
0.00
0.00
0.00
0.00
0.00
0.00
0.00
0.00
0.00
0.00
0.00
0.00
0.00
0.00
0.00
0.00
0.00
0.00
4.00
24.00
1.00
149.00
183.00
5.00
14.00
0.00
0.00
0.00
0.00
0.00
0.00
87.00
0.00
4.00
0.00
0.00
123.00
33.00
11.00
0.00
0.00
0.00
2.00
0.00
0.00
0.00
31.00
12.00
2.00
0.00
0.00
0.00
0.00
0.00
0.00
597.00
105.00
292.00
182.00
0.00
0.00
127.00
109.00
171.00
133.00
92.00
198.00
5.00
0.00
79.00
127.00
128.00
254.00
378.00
332.00
176.00
512.00
349.00
46.00
67.00
94.00
1403.00
487.00
13.00
131.00
145.00
339.00
33.00
147.00
47.00
38.00
3.00
86.00
2.00
4.00
4.00
1.00
0.00
0.00
17.00
99.00
198.00
245.00
283.00
1230.00
1151.00
264.00
25.00
52.00
549.00
1.00
0.00
84.00
28.00
7.00
18.00
2.00
19.00
2.00
14.00
0.00
0.00
0.00
7.00
32.00
186.00
140.00
20.00
153.00
34.00
30.00
55.00
0.00
0.00
19.00
59.00
135.00
80.00
2.00
10.00
66.00
165.00
14.00
11.00
31.00
13.00
0.00
1.00
125.00
162.00
480.00
198.00
187.00
19.00
3.00
76.00
0.00
7.00
22.00
1.00
22.00
63.00
3.00
10.00
104.00
102.00
0.00
4.00
7.00
7.00
6.00
85.00
72.00
61.00
198.00
0.00
41.00
63.00
75.00
56.00
47.00
69.00
0.00
0.00
2.00
14.00
67.00
35.00
21.00
8.00
100.00
5.00
147.00
10.00
1.00
6.00
14.00
2.00
25.00
3.00
351.00
63.00
5.00
24.00
0.00
397.00
0.00
68.00
30.00
158.00
722.00
329.00
2.00
3.00
82.00
83.00
83.00
93.00
232.00
27.00
1.00
24.00
6.00
59.00
107.00
5.00
0.00
22.00
770.00
77.00
187.00
48.00
229.00
137.00
139.00
144.00
215.00
2.00
15.00
633.00
0.00
115.00
206.00
0.00
0.00
1.00
0.00
91.00
12.00
92.00
292.00
193.00
14.00
193.00
0.00
0.00
0.00
0.00
0.00
0.00
0.00
0.00
0.00
0.00
0.00
0.00
0.00
0.00
90.00
42.00
8.00
1.00
0.00
0.00
0.00
12.00
137.00
200.00
156.00
0.00
0.00
0.00
0.00
0.00
0.00
0.00
0.00
0.00
0.00
0.00
0.00
0.00
0.00
0.00
0.00
0.00
0.00
0.00
0.00
0.00
0.00
0.00
0.00
23.00
0.00
0.00
0.00
0.00
0.00
0.00
0.00
0.00
0.00
0.00
0.00
0.00
0.00
0.00
0.00
0.00
0.00
0.00
0.00
0.00
0.00
0.00
0.00
0.00
117.00
0.00
0.00
0.00
0.00
0.00
0.00
0.00
0.00
0.00
0.00
0.00
0.00
0.00
0.00
0.00
0.00
0.00
0.00
0.00
0.00
0.00
0.00
0.00
0.00
0.00
0.00
0.00
0.00
0.00
0.00
0.00
1.00
0.00
0.00
0.00
0.00
0.00
0.00
0.00
0.00
0.00
0.00
0.00
0.00
0.00
0.00
0.00
0.00
0.00
0.00
0.00
0.00
0.00
0.00
0.00
13.00
489.00
295.00
15.00
0.00
0.00
0.00
0.00
0.00
0.00
0.00
0.00
24.00
84.00
0.00
0.00
67.00
0.00
305.00
37.00
0.00
0.00
0.00
0.00
0.00
38.00
233.00
16.00
101.00
0.00
0.00
0.00
0.00
47.00
0.00
4.00
13.00
607.00
300.00
583.00
1919.00
753.00
724.00
272.00
0.00
0.00
56.00
166.00
186.00
13.00
4.00
0.00
0.00
0.00
89.00
5.00
0.00
54.00
347.00
33.00
67.00
13.00
0.00
18.00
596.00
222.00
58.00
175.00
29.00
46.00
142.00
0.00
0.00
14.00
322.00
157.00
21.00
3.00
19.00
0.00
0.00
0.00
0.00
152.00
157.00
2.00
7.00
88.00
136.00
37.00
47.00
21.00
0.00
143.00
55.00
82.00
11.00
112.00
114.00
630.00
182.00
280.00
129.00
483.00
1.00
0.00
0.00
11.00
252.00
99.00
164.00
424.00
180.00
35.00
2.00
0.00
6.00
288.00
296.00
168.00
0.00
84.00
104.00
23.00
274.00
257.00
116.00
15.00
67.00
115.00
342.00
186.00
46.00
165.00
48.00
113.00
1.00
53.00
91.00
87.00
37.00
64.00
19.00
16.00
239.00
23.00
4.00
2.00
48.00
219.00
94.00
0.00
22.00
49.00
14.00
1.00
29.00
4.00
79.00
31.00
57.00
81.00
17.00
11.00
109.00
7.00
28.00
74.00
52.00
20.00
2.00
28.00
308.00
197.00
79.00
32.00
128.00
102.00
1.00
5.00
7.00
0.00
94.00
2.00
0.00
8.00
114.00
186.00
7.00
171.00
86.00
22.00
93.00
27.00
73.00
83.00
67.00
0.00
0.00
2.00
77.00
78.00
64.00
83.00
23.00
109.00
65.00
25.00
3.00
244.00
28.00
120.00
165.00
80.00
35.00
0.00
8.00
0.00
34.00
92.00
154.00
159.00
261.00
15.00
0.00
0.00
0.00
11.00
74.00
30.00
183.00
88.00
109.00
98.00
77.00
90.00
16.00
3.00
0.00
0.00
13.00
249.00
366.00
1240.00
0.00
0.00
0.00
0.00
0.00
0.00
0.00
759.00
1073.00
0.00
0.00
0.00
0.00
0.00
0.00
0.00
0.00
0.00
0.00
0.00
0.00
0.00
0.00
0.00
127.00
1.00
0.00
0.00
0.00
0.00
0.00
0.00
0.00
0.00
0.00
0.00
0.00
0.00
0.00
0.00
0.00
0.00
0.00
0.00
0.00
0.00
0.00
97.00
735.00
136.00
0.00
0.00
0.00
0.00
0.00
0.00
0.00
0.00
138.00
0.00
0.00
0.00
0.00
0.00
0.00
0.00
0.00
0.00
0.00
0.00
48.00
97.00
1.00
0.00
0.00
0.00
0.00
0.00
0.00
0.00
0.00
0.00
0.00
0.00
0.00
0.00
0.00
0.00
0.00
0.00
0.00
0.00
0.00
0.00
0.00
0.00
0.00
0.00
0.00
0.00
0.00
0.00
0.00
0.00
0.00
0.00
0.00
0.00
6.00
6.00
21.00
7.00
1.00
1.00
0.00
0.00
0.00
0.00
0.00
0.00
0.00
0.00
0.00
0.00
6.00
0.00
32.00
900.00
0.00
0.00
0.00
0.00
70.00
0.00
9.00
0.00
0.00
0.00
0.00
0.00
0.00
221.00
1608.00
0.00
710.00
170.00
868.00
21.00
0.00
0.00
0.00
0.00
0.00
0.00
0.00
44.00
0.00
44.00
143.00
304.00
8.00
0.00
9.00
0.00
0.00
0.00
1.00
0.00
7.00
20.00
150.00
177.00
19.00
0.00
158.00
0.00
0.00
38.00
10.00
7.00
52.00
242.00
5.00
0.00
5.00
29.00
0.00
1.00
130.00
22.00
157.00
5.00
158.00
9.00
139.00
334.00
436.00
170.00
104.00
664.00
629.00
51.00
1.00
37.00
0.00
24.00
0.00
0.00
0.00
0.00
0.00
0.00
0.00
76.00
129.00
191.00
226.00
272.00
21.00
96.00
12.00
9.00
63.00
169.00
57.00
96.00
36.00
0.00
16.00
26.00
24.00
12.00
222.00
1070.00
195.00
687.00
133.00
14.00
0.00
8.00
0.00
0.00
18.00
48.00
41.00
19.00
7.00
46.00
13.00
5.00
8.00
3.00
1.00
6.00
48.00
4.00
0.00
3.00
143.00
57.00
6.00
389.00
66.00
36.00
1.00
1.00
4.00
3.00
1.00
1.00
0.00
25.00
54.00
33.00
39.00
190.00
226.00
0.00
42.00
28.00
72.00
43.00
334.00
152.00
1.00
43.00
70.00
21.00
51.00
2.00
37.00
10.00
6.00
76.00
431.00
20.00
3.00
1.00
1.00
4.00
17.00
4.00
82.00
27.00
13.00
206.00
29.00
40.00
14.00
10.00
21.00
0.00
0.00
0.00
33.00
1.00
0.00
61.00
0.00
0.00
0.00
1.00
62.00
19.00
19.00
79.00
3.00
0.00
380.00
51.00
0.00
86.00
8.00
0.00
60.00
0.00
11.00
0.00
19.00
0.00
6.00
0.00
0.00
0.00
0.00
0.00
0.00
0.00
0.00
0.00
0.00
0.00
8.00
10.00
63.00
243.00
119.00
12.00
0.00
0.00
0.00
0.00
0.00
0.00
0.00
0.00
0.00
0.00
0.00
0.00
869.00
323.00
42.00
53.00
0.00
0.00
0.00
0.00
0.00
0.00
0.00
0.00
0.00
0.00
0.00
0.00
0.00
0.00
0.00
0.00
0.00
0.00
0.00
0.00
0.00
0.00
0.00
0.00
0.00
0.00
0.00
0.00
0.00
0.00
0.00
0.00
0.00
0.00
0.00
1.00
0.00
0.00
0.00
0.00
0.00
24.00
0.00
0.00
0.00
0.00
0.00
31.00
92.00
0.00
0.00
0.00
0.00
0.00
0.00
0.00
0.00
0.00
0.00
0.00
0.00
0.00
0.00
0.00
0.00
0.00
0.00
0.00
0.00
0.00
0.00
0.00
0.00
0.00
0.00
0.00
0.00
0.00
0.00
0.00
0.00
0.00
0.00
0.00
0.00
0.00
0.00
0.00
0.00
0.00
6.00
0.00
0.00
0.00
0.00
0.00
0.00
0.00
0.00
0.00
0.00
0.00
0.00
0.00
0.00
0.00
0.00
0.00
0.00
7.00
0.00
0.00
0.00
0.00
0.00
3.10
0.00
20.20
18.70
58.30
31.50
0.00
0.00
0.00
0.00
8.50
0.00
0.00
0.00
0.00
0.00
0.00
0.00
0.00
0.00
0.40
0.00
0.00
2.10
22.50
0.10
0.00
9.20
0.00
0.00
0.00
7.10
2.80
0.00
0.00
0.00
36.10
41.30
57.00
0.00
63.40
10.00
9.70
1.20
15.10
9.90
0.10
0.00
0.20
0.00
0.00
16.00
0.70
12.50
0.00
0.00
15.90
0.00
0.20
0.00
0.00
0.00
0.40
1.40
28.00
37.00
44.70
44.70
2.50
20.70
32.40
0.00
0.00
0.00
4.00
15.30
0.20
7.50
30.50
3.70
9.00
8.20
7.40
6.90
9.50
0.70
0.70
1.90
30.60
30.60
36.50
0.90
1.00
0.00
0.00
0.00
2.20
6.60
0.60
0.00
3.50
1.80
0.00
14.80
12.60
0.00
7.60
0.70
0.00
2.40
0.00
46.40
15.40
0.00
23.40
68.30
14.50
20.80
20.90
2.30
0.10
1.90
18.80
38.00
26.50
3.60
0.10
0.10
0.10
68.20
2.80
3.70
0.10
27.50
20.50
0.70
10.60
10.60
23.40
23.40
19.80
22.50
22.50
0.00
0.00
22.50
22.50
22.50
6.00
2.20
2.60
13.10
29.00
31.10
9.00
0.00
0.20
1.90
3.50
14.70
47.80
3.50
0.50
0.90
3.40
0.20
28.60
0.40
1.30
0.30
2.20
9.30
10.60
0.70
2.40
1.80
0.80
0.00
2.40
5.70
2.80
1.50
2.50
0.10
0.00
0.30
4.20
0.00
0.60
1.00
0.30
1.20
1.10
4.80
22.80
14.10
17.90
3.70
5.50
12.00
13.40
13.10
0.60
0.40
1.30
24.40
0.50
0.00
0.00
0.00
8.50
26.30
15.70
7.80
7.20
7.90
1.70
4.10
17.60
3.20
3.20
3.80
0.00
0.00
0.90
13.30
31.40
5.10
8.70
0.10
0.00
0.00
0.00
0.00
7.70
0.10
0.00
0.00
0.10
0.00
6.50
0.70
0.20
0.70
2.40
15.60
