20160101
0.00
0.00
0.00
0.00
0.00
0.00
0.00
0.00
1.00
0.00
0.00
0.00
3.00
0.00
0.00
0.00
0.00
0.00
11.00
40.00
0.00
0.00
0.00
0.00
0.00
0.00
0.00
0.00
0.00
0.00
0.00
0.00
0.00
0.00
0.00
0.00
0.00
0.00
5.00
0.00
0.00
0.00
0.00
0.00
0.00
0.00
0.00
0.00
0.00
0.00
8.00
1.00
0.00
0.00
12.00
0.00
8.00
0.00
0.00
0.00
0.00
21.00
0.00
0.00
0.00
477.00
0.00
0.00
0.00
1.00
0.00
0.00
0.00
3.00
0.00
0.00
0.00
0.00
0.00
0.00
9.00
0.00
0.00
0.00
0.00
0.00
0.00
130.00
564.00
452.00
609.00
9.00
1.00
141.00
212.00
25.00
0.00
0.00
0.00
0.00
0.00
0.00
0.00
0.00
14.00
96.00
204.00
29.00
0.00
0.00
0.00
0.00
0.00
0.00
0.00
0.00
0.00
109.00
0.00
0.00
0.00
34.00
0.00
400.00
2.00
13.00
48.00
96.00
5.00
10.00
16.00
5.00
955.00
202.00
65.00
766.00
0.00
8.00
55.00
26.00
13.00
278.00
2.00
0.00
57.00
62.00
3.00
110.00
49.00
1.00
64.00
77.00
0.00
0.00
1.00
0.00
0.00
52.00
934.00
0.00
19.00
0.00
248.00
27.00
2.00
376.00
43.00
146.00
65.00
7.00
34.00
47.00
69.00
194.00
268.00
17.00
15.00
126.00
70.00
64.00
70.00
66.00
56.00
28.00
146.00
47.00
17.00
22.00
266.00
535.00
72.00
13.00
18.00
9.00
0.00
13.00
69.00
257.00
41.00
90.00
155.00
63.00
45.00
194.00
46.00
87.00
254.00
46.00
256.00
59.00
328.00
105.00
400.00
347.00
161.00
192.00
103.00
49.00
10.00
83.00
96.00
3.00
241.00
14.00
11.00
210.00
311.00
346.00
277.00
47.00
31.00
1.00
184.00
41.00
14.00
9.00
10.00
611.00
20.00
28.00
124.00
104.00
70.00
183.00
40.00
193.00
54.00
19.00
14.00
17.00
25.00
20.00
15.00
95.00
100.00
620.00
961.00
252.00
31.00
48.00
73.00
52.00
195.00
717.00
44.00
118.00
26.00
4.00
118.00
173.00
12.00
35.00
1.00
116.00
20.00
11.00
2.00
49.00
217.00
77.00
155.00
17.00
1.00
29.00
22.00
11.00
0.00
0.00
0.00
0.00
0.00
0.00
0.00
0.00
0.00
0.00
0.00
40.00
0.00
0.00
122.00
18.00
1.00
0.00
0.00
0.00
0.00
30.00
276.00
302.00
0.00
0.00
0.00
0.00
0.00
0.00
0.00
0.00
0.00
0.00
1.00
4.00
0.00
0.00
0.00
0.00
0.00
0.00
0.00
0.00
0.00
0.00
0.00
0.00
0.00
0.00
0.00
0.00
0.00
0.00
0.00
0.00
0.00
0.00
0.00
2.00
0.00
0.00
0.00
0.00
0.00
0.00
0.00
0.00
0.00
0.00
0.00
0.00
0.00
0.00
0.00
0.00
0.00
0.00
0.00
0.00
23.00
0.00
6.00
0.00
0.00
0.00
0.00
0.00
0.00
1.00
0.00
0.00
0.00
0.00
0.00
0.00
0.00
0.00
0.00
0.00
0.00
0.00
0.00
0.00
0.00
0.00
8.00
0.00
0.00
0.00
0.00
0.00
0.00
0.00
0.00
0.00
0.00
0.00
0.00
0.00
0.00
0.00
0.00
0.00
0.00
0.00
0.00
0.00
0.00
0.00
0.00
0.00
6.00
0.00
0.00
0.00
0.00
0.00
0.00
0.00
0.00
0.00
27.00
18.00
0.00
0.00
16.00
0.00
337.00
101.00
0.00
0.00
0.00
0.00
0.00
0.00
2.00
25.00
134.00
0.00
0.00
0.00
0.00
187.00
0.00
3.00
140.00
288.00
382.00
12.00
179.00
1.00
94.00
0.00
105.00
0.00
12.00
0.00
0.00
0.00
0.00
0.00
0.00
0.00
2.00
0.00
0.00
20.00
696.00
69.00
7.00
807.00
3.00
303.00
237.00
0.00
1.00
0.00
26.00
72.00
523.00
0.00
0.00
66.00
77.00
155.00
0.00
0.00
15.00
1.00
22.00
0.00
78.00
262.00
558.00
0.00
119.00
3.00
31.00
2.00
0.00
64.00
0.00
0.00
0.00
29.00
0.00
0.00
62.00
161.00
1130.00
777.00
367.00
249.00
124.00
41.00
0.00
0.00
13.00
3.00
607.00
433.00
703.00
33.00
189.00
8.00
281.00
656.00
1257.00
1492.00
12.00
31.00
263.00
25.00
112.00
16.00
41.00
34.00
131.00
62.00
260.00
105.00
249.00
190.00
173.00
112.00
73.00
47.00
56.00
147.00
112.00
151.00
145.00
37.00
29.00
71.00
76.00
145.00
122.00
105.00
167.00
192.00
119.00
11.00
275.00
104.00
190.00
69.00
41.00
220.00
55.00
12.00
162.00
109.00
295.00
569.00
82.00
30.00
8.00
21.00
122.00
696.00
824.00
532.00
283.00
100.00
211.00
28.00
312.00
45.00
121.00
42.00
162.00
245.00
375.00
329.00
275.00
444.00
435.00
60.00
51.00
122.00
344.00
52.00
130.00
184.00
140.00
122.00
112.00
59.00
122.00
204.00
380.00
175.00
10.00
223.00
94.00
10.00
15.00
107.00
102.00
218.00
83.00
32.00
8.00
8.00
30.00
47.00
20.00
325.00
610.00
359.00
120.00
427.00
41.00
6.00
9.00
3.00
430.00
23.00
8.00
11.00
0.00
1.00
5.00
0.00
174.00
0.00
0.00
1.00
74.00
185.00
1235.00
587.00
12.00
0.00
0.00
0.00
0.00
0.00
0.00
5.00
27.00
0.00
0.00
0.00
0.00
0.00
0.00
0.00
0.00
0.00
0.00
0.00
0.00
38.00
0.00
2.00
512.00
37.00
9.00
4.00
0.00
1.00
0.00
1.00
0.00
0.00
0.00
0.00
0.00
0.00
0.00
0.00
0.00
0.00
0.00
0.00
0.00
4.00
2.00
67.00
311.00
31.00
0.00
0.00
0.00
0.00
0.00
0.00
0.00
0.00
18.00
0.00
0.00
0.00
0.00
0.00
0.00
0.00
0.00
0.00
0.00
0.00
0.00
245.00
1.00
0.00
0.00
0.00
0.00
0.00
0.00
0.00
0.00
0.00
0.00
0.00
0.00
0.00
0.00
0.00
0.00
0.00
0.00
0.00
0.00
0.00
0.00
0.00
0.00
0.00
0.00
0.00
0.00
0.00
0.00
0.00
0.00
5.00
7.00
0.00
838.00
403.00
565.00
45.00
239.00
0.00
221.00
198.00
0.00
0.00
0.00
0.00
0.00
4.00
0.00
0.00
0.00
0.00
574.00
278.00
0.00
0.00
0.00
0.00
0.00
0.00
27.00
0.00
0.00
0.00
0.00
0.00
0.00
0.00
8.00
0.00
6.00
45.00
1.00
0.00
0.00
0.00
0.00
0.00
0.00
14.00
16.00
66.00
0.00
430.00
359.00
432.00
617.00
11.00
19.00
0.00
0.00
96.00
88.00
120.00
1.00
1.00
0.00
151.00
2.00
0.00
530.00
0.00
219.00
72.00
56.00
49.00
63.00
208.00
11.00
0.00
15.00
372.00
155.00
0.00
105.00
250.00
55.00
0.00
135.00
4.00
101.00
798.00
972.00
24.00
54.00
197.00
89.00
126.00
0.00
5.00
0.00
429.00
16.00
9.00
25.00
6.00
93.00
18.00
83.00
44.00
46.00
52.00
1.00
0.00
218.00
1.00
97.00
352.00
225.00
2.00
31.00
18.00
1.00
150.00
13.00
64.00
331.00
12.00
26.00
355.00
0.00
634.00
42.00
10.00
91.00
185.00
219.00
0.00
2.00
3.00
2.00
40.00
12.00
88.00
21.00
9.00
8.00
9.00
58.00
131.00
2.00
245.00
3.00
8.00
39.00
7.00
29.00
9.00
121.00
122.00
184.00
432.00
113.00
6.00
36.00
9.00
38.00
412.00
103.00
45.00
310.00
219.00
114.00
5.00
75.00
19.00
36.00
86.00
139.00
105.00
161.00
11.00
50.00
252.00
207.00
41.00
1.00
89.00
153.00
177.00
183.00
218.00
40.00
259.00
440.00
66.00
168.00
382.00
207.00
19.00
24.00
127.00
182.00
63.00
149.00
49.00
7.00
36.00
14.00
7.00
53.00
57.00
46.00
167.00
82.00
5.00
1.00
15.00
13.00
62.00
144.00
33.00
94.00
94.00
6.00
4.00
0.00
5.00
113.00
127.00
2.00
0.00
29.00
640.00
196.00
63.00
113.00
0.00
7.00
0.00
0.00
0.00
29.00
0.00
0.00
0.00
0.00
0.00
5.00
21.00
72.00
307.00
2.00
0.00
0.00
0.00
0.00
0.00
0.00
0.00
0.00
1.00
0.00
0.00
0.00
0.00
131.00
79.00
80.00
31.00
0.00
0.00
0.00
0.00
0.00
7.00
0.00
0.00
0.00
0.00
0.00
0.00
0.00
0.00
0.00
0.00
0.00
0.00
0.00
0.00
0.00
0.00
0.00
0.00
0.00
0.00
0.00
0.00
0.00
0.00
0.00
0.00
0.00
0.00
0.00
35.00
0.00
0.00
0.00
0.00
0.00
0.00
0.00
0.00
0.00
0.00
9.00
62.00
19.00
0.00
0.00
0.00
0.00
0.00
0.00
0.00
0.00
0.00
0.00
0.00
0.00
0.00
0.00
0.00
0.00
0.00
0.00
0.00
0.00
0.00
0.00
0.00
0.00
0.00
0.00
0.00
0.00
0.00
0.00
0.00
0.00
0.00
0.00
0.00
0.00
0.00
0.00
3.00
3.00
0.00
0.00
0.00
0.00
0.00
0.00
0.00
0.00
0.00
0.00
0.00
2.00
0.00
0.00
0.00
0.00
0.00
0.00
0.00
1.00
1.00
0.00
0.00
0.00
0.00
0.00
0.00
0.00
15.20
8.10
37.00
10.20
0.00
0.00
0.00
2.90
0.50
0.00
0.00
0.00
0.00
0.00
0.00
0.00
0.00
0.00
0.90
0.00
21.10
0.30
0.30
0.00
1.30
13.20
0.00
0.00
0.00
6.80
25.00
0.00
0.90
4.40
129.70
24.80
18.20
0.00
2.90
0.40
44.90
0.20
8.90
56.30
0.40
1.90
6.20
12.70
0.00
0.00
4.30
0.00
0.00
0.00
0.00
9.20
0.10
0.00
0.00
0.00
0.00
4.30
0.00
7.60
0.10
0.10
0.10
70.70
27.90
0.00
0.00
0.00
0.00
0.00
0.00
2.50
0.00
27.70
0.20
5.20
0.30
11.00
8.50
4.00
4.00
2.00
22.60
22.60
23.80
3.40
0.00
15.70
0.00
0.00
22.00
17.40
9.90
59.40
33.00
17.10
29.90
0.70
9.90
1.60
0.70
0.00
0.00
0.70
8.10
26.10
69.30
0.00
150.80
0.30
39.00
7.70
10.00
0.50
0.00
0.00
17.00
64.30
11.70
42.90
0.30
6.40
39.70
1.60
0.20
6.40
1.60
15.50
14.30
27.30
12.30
12.30
65.00
65.00
96.20
0.20
0.20
1.60
1.80
0.20
0.20
0.20
2.70
5.00
6.20
28.40
46.60
5.40
7.10
1.50
1.90
21.30
8.50
10.40
14.40
6.40
3.00
17.70
1.90
9.10
8.00
1.20
3.40
6.50
42.90
7.70
13.90
28.80
67.60
0.70
0.50
0.10
5.60
3.90
29.70
26.70
5.10
3.00
1.70
0.20
23.80
1.10
1.90
14.40
57.60
82.80
19.30
17.90
6.30
2.70
3.80
0.70
5.40
3.10
3.30
4.50
19.00
1.20
8.60
15.00
0.30
0.00
1.30
0.00
3.60
33.10
3.00
45.90
33.60
1.80
7.60
3.30
10.60
12.10
12.10
12.80
1.30
0.20
6.40
7.10
10.60
1.40
9.60
0.60
0.00
0.00
0.00
0.00
0.00
0.10
0.00
0.00
0.00
0.00
1.70
0.10
0.00
0.50
8.00
72.20
