20160101
0.00
0.00
0.00
0.00
0.00
0.00
0.00
0.00
3.00
0.00
0.00
0.00
7.00
0.00
0.00
0.00
0.00
0.00
32.00
35.00
0.00
0.00
0.00
0.00
0.00
0.00
0.00
0.00
0.00
0.00
0.00
0.00
0.00
0.00
0.00
0.00
0.00
0.00
4.00
0.00
0.00
3.00
0.00
0.00
0.00
0.00
0.00
0.00
0.00
0.00
4.00
0.00
0.00
0.00
9.00
0.00
6.00
0.00
0.00
0.00
0.00
0.00
0.00
0.00
0.00
180.00
0.00
0.00
0.00
0.00
0.00
0.00
1.00
3.00
1.00
0.00
0.00
0.00
0.00
0.00
2.00
0.00
0.00
0.00
0.00
0.00
0.00
60.00
33.00
161.00
515.00
4.00
0.00
19.00
76.00
7.00
0.00
0.00
0.00
0.00
0.00
0.00
0.00
0.00
220.00
86.00
138.00
60.00
0.00
0.00
0.00
0.00
0.00
0.00
0.00
0.00
0.00
150.00
0.00
0.00
1.00
42.00
0.00
74.00
1.00
97.00
23.00
89.00
5.00
17.00
45.00
14.00
724.00
361.00
84.00
623.00
22.00
2.00
206.00
26.00
41.00
494.00
0.00
0.00
65.00
129.00
2.00
130.00
27.00
1.00
50.00
15.00
0.00
0.00
0.00
0.00
0.00
54.00
595.00
0.00
2.00
0.00
145.00
14.00
1.00
390.00
94.00
159.00
68.00
28.00
122.00
188.00
220.00
221.00
264.00
144.00
54.00
163.00
74.00
21.00
104.00
121.00
133.00
26.00
87.00
161.00
80.00
16.00
242.00
545.00
156.00
31.00
69.00
21.00
25.00
26.00
45.00
263.00
45.00
135.00
191.00
76.00
60.00
317.00
72.00
308.00
171.00
52.00
175.00
26.00
243.00
71.00
114.00
232.00
209.00
266.00
233.00
98.00
17.00
47.00
67.00
3.00
180.00
14.00
28.00
356.00
519.00
380.00
81.00
56.00
71.00
3.00
112.00
55.00
11.00
25.00
12.00
572.00
31.00
26.00
168.00
127.00
238.00
179.00
154.00
202.00
82.00
51.00
31.00
52.00
47.00
36.00
17.00
170.00
118.00
539.00
524.00
122.00
18.00
32.00
116.00
220.00
225.00
1151.00
88.00
0.00
101.00
31.00
319.00
238.00
13.00
17.00
1.00
25.00
24.00
24.00
2.00
24.00
196.00
19.00
110.00
18.00
72.00
15.00
79.00
2.00
0.00
0.00
0.00
0.00
0.00
0.00
0.00
0.00
0.00
0.00
0.00
4.00
0.00
1.00
126.00
1.00
2.00
0.00
0.00
0.00
0.00
1.00
60.00
214.00
0.00
0.00
0.00
0.00
0.00
0.00
0.00
0.00
0.00
0.00
0.00
6.00
0.00
0.00
0.00
0.00
0.00
0.00
0.00
0.00
0.00
0.00
0.00
0.00
0.00
3.00
0.00
0.00
0.00
0.00
0.00
0.00
0.00
0.00
0.00
0.00
0.00
0.00
0.00
0.00
0.00
0.00
0.00
0.00
0.00
0.00
0.00
0.00
0.00
0.00
0.00
0.00
0.00
0.00
0.00
0.00
0.00
0.00
0.00
0.00
0.00
0.00
0.00
0.00
0.00
1.00
0.00
0.00
0.00
0.00
0.00
0.00
0.00
0.00
0.00
0.00
0.00
0.00
0.00
0.00
0.00
0.00
13.00
0.00
0.00
0.00
0.00
0.00
0.00
0.00
0.00
0.00
0.00
0.00
0.00
0.00
0.00
0.00
0.00
0.00
0.00
0.00
0.00
0.00
0.00
0.00
0.00
0.00
56.00
0.00
0.00
0.00
0.00
0.00
0.00
0.00
0.00
0.00
46.00
84.00
0.00
0.00
35.00
0.00
152.00
39.00
0.00
0.00
0.00
0.00
0.00
2.00
7.00
66.00
170.00
0.00
0.00
0.00
39.00
98.00
0.00
9.00
222.00
367.00
227.00
92.00
138.00
6.00
53.00
0.00
61.00
3.00
11.00
0.00
0.00
0.00
0.00
0.00
0.00
0.00
148.00
58.00
0.00
8.00
755.00
203.00
6.00
684.00
3.00
332.00
260.00
0.00
0.00
0.00
7.00
80.00
760.00
0.00
5.00
111.00
96.00
234.00
0.00
0.00
19.00
4.00
9.00
0.00
112.00
625.00
644.00
1.00
71.00
1.00
25.00
119.00
0.00
238.00
0.00
7.00
1.00
91.00
3.00
8.00
168.00
164.00
716.00
778.00
424.00
331.00
119.00
25.00
0.00
0.00
0.00
1.00
138.00
104.00
907.00
35.00
213.00
12.00
347.00
262.00
1002.00
1360.00
29.00
40.00
265.00
29.00
154.00
20.00
25.00
29.00
202.00
42.00
339.00
137.00
282.00
300.00
211.00
118.00
36.00
97.00
55.00
127.00
50.00
99.00
179.00
107.00
82.00
102.00
172.00
45.00
164.00
73.00
56.00
207.00
302.00
19.00
174.00
171.00
101.00
39.00
93.00
201.00
204.00
77.00
307.00
169.00
341.00
929.00
280.00
23.00
13.00
35.00
61.00
590.00
868.00
590.00
343.00
128.00
209.00
80.00
281.00
101.00
134.00
82.00
358.00
385.00
391.00
218.00
449.00
795.00
519.00
66.00
83.00
132.00
389.00
100.00
72.00
109.00
22.00
130.00
186.00
166.00
389.00
366.00
478.00
16.00
29.00
247.00
145.00
10.00
15.00
261.00
188.00
212.00
131.00
97.00
12.00
19.00
22.00
40.00
14.00
354.00
653.00
168.00
260.00
330.00
34.00
0.00
11.00
2.00
411.00
5.00
9.00
11.00
0.00
5.00
3.00
0.00
54.00
0.00
0.00
0.00
7.00
66.00
805.00
480.00
0.00
0.00
0.00
0.00
0.00
0.00
0.00
3.00
15.00
2.00
1.00
0.00
0.00
1.00
0.00
0.00
0.00
0.00
0.00
0.00
0.00
17.00
0.00
33.00
457.00
58.00
21.00
8.00
0.00
0.00
0.00
1.00
0.00
0.00
0.00
0.00
0.00
0.00
0.00
0.00
0.00
0.00
0.00
0.00
0.00
0.00
0.00
22.00
147.00
76.00
0.00
0.00
0.00
0.00
0.00
0.00
0.00
0.00
28.00
2.00
0.00
0.00
0.00
0.00
0.00
0.00
0.00
0.00
0.00
0.00
0.00
250.00
3.00
0.00
0.00
0.00
0.00
0.00
0.00
0.00
0.00
0.00
0.00
0.00
0.00
0.00
0.00
0.00
0.00
0.00
0.00
0.00
0.00
0.00
0.00
0.00
0.00
0.00
0.00
0.00
0.00
0.00
0.00
0.00
0.00
0.00
0.00
0.00
885.00
447.00
255.00
37.00
12.00
48.00
499.00
218.00
0.00
0.00
0.00
0.00
0.00
0.00
0.00
0.00
0.00
0.00
615.00
205.00
0.00
0.00
0.00
0.00
0.00
0.00
14.00
0.00
0.00
0.00
0.00
0.00
0.00
0.00
0.00
0.00
0.00
75.00
0.00
0.00
0.00
0.00
0.00
0.00
16.00
1.00
198.00
6.00
0.00
95.00
342.00
378.00
742.00
0.00
2.00
0.00
0.00
61.00
93.00
92.00
60.00
0.00
0.00
126.00
0.00
0.00
317.00
0.00
178.00
45.00
60.00
1.00
28.00
133.00
18.00
0.00
12.00
145.00
83.00
0.00
132.00
139.00
201.00
1.00
61.00
0.00
95.00
654.00
1002.00
15.00
123.00
259.00
69.00
122.00
0.00
5.00
0.00
900.00
5.00
19.00
0.00
1.00
2.00
140.00
211.00
56.00
549.00
75.00
7.00
0.00
254.00
1.00
241.00
82.00
176.00
0.00
47.00
54.00
19.00
40.00
123.00
12.00
216.00
10.00
37.00
280.00
5.00
280.00
79.00
19.00
23.00
105.00
163.00
1.00
22.00
10.00
11.00
189.00
71.00
87.00
29.00
23.00
11.00
31.00
97.00
126.00
5.00
159.00
19.00
26.00
47.00
20.00
68.00
38.00
65.00
112.00
139.00
297.00
120.00
18.00
82.00
14.00
5.00
261.00
109.00
56.00
352.00
211.00
108.00
16.00
165.00
65.00
64.00
300.00
162.00
62.00
53.00
8.00
124.00
236.00
706.00
105.00
38.00
127.00
387.00
273.00
397.00
174.00
52.00
458.00
354.00
14.00
41.00
484.00
150.00
102.00
60.00
273.00
432.00
329.00
137.00
87.00
13.00
65.00
10.00
144.00
37.00
26.00
406.00
125.00
90.00
10.00
4.00
21.00
72.00
82.00
207.00
164.00
125.00
139.00
0.00
4.00
0.00
11.00
66.00
103.00
31.00
3.00
37.00
338.00
97.00
147.00
33.00
0.00
1.00
0.00
0.00
0.00
44.00
0.00
0.00
0.00
1.00
0.00
0.00
7.00
57.00
291.00
3.00
2.00
0.00
0.00
0.00
0.00
0.00
0.00
0.00
3.00
0.00
0.00
0.00
0.00
30.00
74.00
75.00
9.00
0.00
0.00
0.00
0.00
10.00
50.00
0.00
0.00
0.00
0.00
0.00
0.00
0.00
0.00
10.00
0.00
0.00
0.00
0.00
0.00
0.00
0.00
0.00
0.00
0.00
0.00
0.00
0.00
0.00
0.00
0.00
0.00
0.00
4.00
0.00
7.00
0.00
0.00
0.00
0.00
0.00
0.00
0.00
0.00
0.00
0.00
14.00
79.00
22.00
0.00
0.00
0.00
0.00
0.00
0.00
0.00
0.00
0.00
0.00
0.00
0.00
0.00
0.00
0.00
0.00
0.00
0.00
0.00
0.00
0.00
0.00
0.00
0.00
0.00
0.00
0.00
0.00
0.00
0.00
0.00
0.00
0.00
0.00
0.00
0.00
0.00
0.00
4.00
4.00
0.00
0.00
0.00
0.00
0.00
0.00
0.00
0.00
0.00
0.00
0.00
1.00
1.00
0.00
0.00
0.00
0.00
0.00
0.00
1.00
0.00
0.00
0.00
0.00
0.00
0.00
0.00
0.00
12.90
5.70
37.90
8.70
0.00
0.00
0.00
1.00
0.00
0.00
0.00
0.00
0.00
0.00
0.00
0.00
0.00
0.00
2.00
0.00
16.80
1.00
0.30
0.00
0.00
4.90
0.00
0.00
0.00
26.90
11.30
0.00
0.00
0.90
146.50
2.30
39.80
0.00
23.90
1.50
28.80
0.00
2.40
53.10
0.00
2.40
0.90
8.90
0.00
0.00
0.30
0.00
0.00
0.00
0.00
9.20
0.40
0.00
0.00
0.00
0.00
5.00
0.00
12.30
0.60
0.60
0.00
90.50
28.60
0.00
0.00
0.00
0.00
4.80
0.20
0.40
0.00
45.00
2.80
11.70
0.10
23.40
34.60
2.50
2.50
0.10
28.40
28.40
23.60
5.00
0.00
10.10
0.00
0.00
31.20
25.50
33.30
57.30
22.20
0.60
30.30
0.60
1.40
0.00
2.20
0.00
0.00
0.00
7.50
25.80
65.50
0.00
136.80
1.80
21.50
14.20
18.00
0.10
0.00
0.00
25.40
62.40
20.20
60.70
0.10
2.20
4.40
0.40
0.00
3.80
4.50
23.40
12.40
72.40
50.60
50.60
65.20
65.20
45.20
0.30
0.30
2.60
0.90
0.30
0.30
0.30
15.60
13.50
8.80
33.90
39.40
16.20
4.80
1.10
3.00
5.20
9.00
10.60
15.40
8.80
1.60
12.10
3.30
5.80
5.90
5.80
3.60
2.80
43.40
13.10
5.80
15.30
88.00
1.50
1.30
1.20
2.70
8.20
38.20
37.40
4.00
0.50
1.40
0.40
11.80
1.20
2.40
11.30
48.00
77.60
43.00
21.70
14.30
15.30
3.90
0.90
8.70
4.10
1.50
4.80
22.10
4.80
42.50
14.60
4.30
0.10
0.00
0.00
8.00
11.10
7.90
45.40
36.30
0.60
20.10
7.30
2.80
22.70
22.70
12.20
0.00
0.20
17.10
12.30
35.20
2.90
24.80
0.10
0.00
0.00
0.00
0.00
0.00
0.00
0.00
0.00
0.00
0.00
0.10
4.30
1.60
0.10
0.00
3.20
