20160101
0.00
0.00
0.00
0.00
0.00
0.00
0.00
0.00
74.00
0.00
0.00
0.00
0.00
0.00
0.00
0.00
0.00
0.00
1.00
3.00
0.00
0.00
0.00
0.00
0.00
1.00
0.00
0.00
0.00
0.00
0.00
0.00
0.00
0.00
0.00
0.00
0.00
0.00
0.00
0.00
25.00
0.00
0.00
0.00
0.00
0.00
0.00
0.00
0.00
0.00
8.00
10.00
8.00
140.00
333.00
19.00
17.00
0.00
0.00
0.00
0.00
0.00
5.00
31.00
0.00
1.00
0.00
0.00
29.00
2.00
27.00
0.00
0.00
1.00
0.00
3.00
0.00
0.00
1.00
27.00
7.00
0.00
0.00
0.00
0.00
0.00
0.00
715.00
22.00
174.00
239.00
0.00
0.00
265.00
143.00
294.00
144.00
44.00
149.00
16.00
0.00
75.00
76.00
146.00
371.00
173.00
399.00
178.00
222.00
339.00
56.00
211.00
290.00
552.00
188.00
29.00
193.00
159.00
204.00
4.00
228.00
48.00
72.00
3.00
125.00
0.00
2.00
2.00
0.00
0.00
0.00
16.00
184.00
229.00
320.00
79.00
636.00
1687.00
391.00
29.00
51.00
662.00
0.00
0.00
73.00
57.00
2.00
14.00
1.00
1.00
31.00
20.00
0.00
0.00
0.00
0.00
42.00
196.00
96.00
46.00
271.00
14.00
86.00
166.00
1.00
2.00
4.00
46.00
202.00
104.00
10.00
5.00
144.00
52.00
144.00
18.00
16.00
9.00
2.00
35.00
282.00
222.00
693.00
309.00
237.00
74.00
11.00
91.00
0.00
5.00
60.00
15.00
37.00
67.00
9.00
89.00
124.00
104.00
6.00
8.00
23.00
1.00
11.00
73.00
93.00
88.00
206.00
0.00
63.00
65.00
134.00
39.00
56.00
57.00
0.00
0.00
15.00
29.00
42.00
30.00
9.00
145.00
119.00
143.00
143.00
19.00
25.00
1.00
56.00
5.00
0.00
2.00
235.00
30.00
0.00
62.00
0.00
306.00
0.00
38.00
37.00
107.00
823.00
720.00
29.00
3.00
119.00
248.00
112.00
101.00
507.00
7.00
6.00
58.00
0.00
32.00
73.00
0.00
0.00
57.00
905.00
30.00
331.00
74.00
340.00
152.00
110.00
786.00
317.00
6.00
32.00
588.00
0.00
127.00
71.00
0.00
0.00
0.00
0.00
116.00
5.00
100.00
267.00
219.00
22.00
212.00
0.00
0.00
0.00
0.00
0.00
0.00
0.00
0.00
0.00
0.00
0.00
0.00
0.00
0.00
204.00
64.00
35.00
11.00
0.00
0.00
0.00
14.00
169.00
202.00
97.00
0.00
0.00
0.00
0.00
0.00
0.00
0.00
0.00
0.00
0.00
0.00
0.00
0.00
0.00
0.00
0.00
0.00
0.00
0.00
0.00
0.00
0.00
0.00
0.00
10.00
0.00
0.00
0.00
0.00
0.00
0.00
0.00
0.00
0.00
0.00
0.00
0.00
0.00
0.00
0.00
0.00
0.00
0.00
0.00
0.00
0.00
0.00
0.00
0.00
53.00
0.00
0.00
0.00
0.00
0.00
0.00
0.00
0.00
0.00
0.00
0.00
0.00
0.00
0.00
0.00
0.00
0.00
0.00
0.00
0.00
0.00
0.00
0.00
0.00
0.00
0.00
0.00
0.00
0.00
0.00
0.00
0.00
0.00
0.00
0.00
0.00
0.00
0.00
0.00
0.00
0.00
0.00
0.00
0.00
0.00
0.00
0.00
0.00
0.00
0.00
0.00
0.00
0.00
0.00
0.00
88.00
451.00
98.00
0.00
0.00
0.00
0.00
0.00
0.00
0.00
0.00
0.00
13.00
184.00
0.00
0.00
70.00
2.00
213.00
83.00
0.00
0.00
0.00
0.00
0.00
2.00
139.00
9.00
92.00
0.00
0.00
0.00
0.00
29.00
0.00
4.00
10.00
713.00
723.00
768.00
545.00
412.00
354.00
399.00
3.00
0.00
19.00
17.00
233.00
1.00
2.00
0.00
0.00
0.00
47.00
5.00
0.00
3.00
402.00
85.00
96.00
44.00
0.00
31.00
403.00
81.00
16.00
75.00
2.00
17.00
124.00
0.00
0.00
14.00
212.00
109.00
3.00
0.00
59.00
0.00
0.00
0.00
0.00
128.00
182.00
9.00
8.00
67.00
145.00
51.00
54.00
11.00
0.00
91.00
27.00
109.00
22.00
86.00
77.00
479.00
109.00
244.00
117.00
340.00
1.00
0.00
0.00
39.00
253.00
179.00
230.00
389.00
110.00
55.00
0.00
8.00
15.00
136.00
304.00
143.00
14.00
35.00
143.00
52.00
241.00
488.00
121.00
39.00
103.00
211.00
455.00
249.00
6.00
137.00
16.00
87.00
15.00
162.00
131.00
76.00
57.00
115.00
163.00
66.00
268.00
8.00
11.00
8.00
11.00
165.00
185.00
1.00
6.00
80.00
34.00
11.00
56.00
8.00
80.00
8.00
32.00
25.00
8.00
30.00
168.00
6.00
33.00
64.00
53.00
7.00
4.00
20.00
230.00
113.00
103.00
33.00
56.00
4.00
1.00
3.00
33.00
22.00
41.00
67.00
0.00
30.00
42.00
223.00
19.00
6.00
100.00
38.00
84.00
29.00
63.00
62.00
0.00
0.00
2.00
21.00
110.00
86.00
39.00
17.00
129.00
149.00
54.00
2.00
2.00
356.00
81.00
118.00
211.00
43.00
81.00
0.00
0.00
0.00
56.00
202.00
195.00
206.00
234.00
65.00
0.00
0.00
0.00
17.00
194.00
27.00
211.00
106.00
83.00
132.00
175.00
270.00
19.00
0.00
0.00
0.00
4.00
237.00
305.00
897.00
0.00
0.00
0.00
0.00
0.00
0.00
3.00
1184.00
609.00
0.00
0.00
0.00
0.00
0.00
0.00
0.00
0.00
0.00
0.00
0.00
0.00
19.00
0.00
5.00
130.00
1.00
4.00
5.00
0.00
0.00
0.00
0.00
0.00
0.00
0.00
0.00
0.00
0.00
0.00
0.00
0.00
0.00
0.00
0.00
0.00
0.00
0.00
238.00
673.00
224.00
5.00
0.00
0.00
0.00
0.00
0.00
0.00
0.00
38.00
0.00
0.00
0.00
0.00
0.00
0.00
0.00
0.00
0.00
0.00
0.00
51.00
64.00
1.00
0.00
0.00
0.00
0.00
0.00
0.00
0.00
0.00
0.00
0.00
0.00
0.00
0.00
0.00
0.00
0.00
0.00
0.00
0.00
0.00
0.00
0.00
0.00
0.00
0.00
0.00
0.00
0.00
0.00
0.00
0.00
0.00
0.00
0.00
0.00
36.00
2.00
49.00
8.00
20.00
0.00
0.00
0.00
0.00
0.00
0.00
0.00
0.00
1.00
0.00
0.00
0.00
0.00
19.00
940.00
0.00
0.00
0.00
0.00
117.00
0.00
0.00
0.00
0.00
0.00
0.00
0.00
0.00
62.00
1512.00
0.00
598.00
252.00
210.00
58.00
0.00
0.00
0.00
0.00
0.00
0.00
0.00
72.00
4.00
24.00
132.00
496.00
2.00
0.00
20.00
2.00
0.00
0.00
17.00
0.00
2.00
12.00
112.00
300.00
9.00
0.00
212.00
1.00
0.00
199.00
4.00
4.00
122.00
168.00
12.00
0.00
1.00
59.00
0.00
0.00
73.00
18.00
255.00
11.00
86.00
19.00
149.00
422.00
467.00
276.00
109.00
466.00
458.00
133.00
0.00
16.00
0.00
43.00
0.00
0.00
0.00
11.00
0.00
0.00
0.00
59.00
164.00
67.00
208.00
200.00
23.00
154.00
10.00
10.00
128.00
68.00
11.00
270.00
206.00
3.00
6.00
38.00
32.00
16.00
436.00
797.00
23.00
313.00
66.00
26.00
0.00
7.00
0.00
0.00
120.00
34.00
53.00
33.00
40.00
47.00
38.00
15.00
12.00
43.00
6.00
1.00
23.00
1.00
4.00
69.00
154.00
56.00
8.00
648.00
88.00
27.00
11.00
9.00
10.00
0.00
0.00
3.00
1.00
11.00
64.00
63.00
40.00
141.00
225.00
79.00
31.00
42.00
166.00
158.00
162.00
66.00
4.00
45.00
89.00
75.00
109.00
7.00
3.00
155.00
25.00
154.00
453.00
26.00
5.00
7.00
13.00
2.00
36.00
1.00
101.00
88.00
9.00
267.00
25.00
12.00
3.00
11.00
237.00
2.00
5.00
0.00
86.00
0.00
4.00
12.00
0.00
0.00
12.00
7.00
58.00
5.00
0.00
32.00
0.00
0.00
76.00
15.00
0.00
5.00
6.00
0.00
100.00
0.00
7.00
10.00
0.00
2.00
104.00
0.00
0.00
0.00
0.00
0.00
0.00
0.00
0.00
0.00
0.00
0.00
16.00
26.00
122.00
151.00
106.00
0.00
0.00
0.00
0.00
0.00
0.00
0.00
0.00
0.00
0.00
0.00
0.00
0.00
782.00
284.00
93.00
103.00
37.00
0.00
0.00
0.00
19.00
70.00
0.00
0.00
0.00
0.00
0.00
0.00
0.00
0.00
0.00
0.00
0.00
0.00
0.00
0.00
0.00
0.00
0.00
0.00
0.00
0.00
0.00
0.00
0.00
0.00
0.00
0.00
0.00
0.00
0.00
0.00
0.00
0.00
0.00
0.00
0.00
29.00
0.00
0.00
0.00
0.00
13.00
46.00
30.00
0.00
0.00
0.00
0.00
0.00
0.00
0.00
0.00
0.00
0.00
0.00
0.00
0.00
0.00
0.00
0.00
0.00
0.00
0.00
0.00
0.00
0.00
0.00
0.00
0.00
0.00
0.00
0.00
0.00
0.00
0.00
0.00
0.00
0.00
0.00
0.00
0.00
0.00
0.00
0.00
0.00
1.00
0.00
0.00
0.00
0.00
0.00
0.00
0.00
0.00
0.00
0.00
1.00
0.00
0.00
0.00
0.00
0.00
0.00
0.00
20.00
0.00
0.00
0.00
0.00
0.00
3.20
0.00
16.40
19.50
41.40
29.00
0.00
0.00
0.00
0.00
4.90
1.30
0.00
0.00
0.00
0.00
0.00
0.00
0.00
0.00
0.40
0.10
7.20
1.00
10.00
4.80
1.50
10.80
0.00
0.00
0.00
1.00
6.70
0.00
0.00
0.00
45.90
35.70
104.40
0.00
82.90
7.90
6.30
0.20
10.10
16.60
0.00
0.00
0.30
0.00
0.00
14.40
0.00
8.10
0.00
0.00
15.00
0.00
0.40
0.00
0.00
0.00
0.90
0.40
29.90
32.20
5.00
5.00
0.20
12.20
23.80
0.10
0.40
0.00
1.40
4.80
0.00
1.40
31.80
3.10
5.40
2.70
3.40
4.70
7.00
0.80
0.80
0.90
28.60
28.60
32.70
0.40
2.10
2.10
1.20
0.00
4.60
6.40
8.00
0.00
5.60
6.90
0.00
21.20
13.20
2.20
9.80
0.00
0.00
1.30
0.00
34.60
6.30
0.10
44.10
34.40
13.90
17.30
21.30
3.70
0.00
0.80
5.10
15.90
13.70
3.80
2.30
0.00
0.20
15.60
2.00
18.10
0.70
11.30
7.80
1.70
4.10
4.10
11.70
11.70
16.00
2.90
2.90
0.00
0.00
2.90
2.90
2.90
5.20
1.50
5.20
9.60
28.40
32.20
7.20
6.00
0.30
2.10
5.40
29.80
144.50
3.00
0.10
2.70
0.80
0.00
14.60
1.90
1.40
0.00
7.90
7.20
25.70
8.10
0.90
0.60
0.00
0.00
1.30
5.00
6.70
2.50
3.20
0.40
0.00
0.30
6.30
0.00
0.80
0.80
0.50
1.20
0.50
0.60
17.70
21.40
10.90
4.10
0.50
2.50
16.80
12.00
0.50
0.40
3.90
17.00
0.50
0.00
0.00
0.00
9.30
22.80
15.80
20.50
8.20
3.10
0.60
10.40
15.50
4.20
4.20
5.10
0.00
0.00
0.00
8.60
48.30
8.50
11.70
3.80
0.00
0.00
0.00
0.00
31.40
0.10
0.00
0.00
0.00
0.00
5.00
17.40
3.40
0.50
0.10
0.70
