20160101
0.00
0.00
0.00
0.00
0.00
0.00
0.00
0.00
2.00
0.00
0.00
0.00
1.00
0.00
0.00
0.00
0.00
0.00
13.00
31.00
0.00
0.00
0.00
0.00
0.00
0.00
0.00
0.00
0.00
0.00
0.00
0.00
0.00
0.00
0.00
0.00
0.00
0.00
1.00
0.00
0.00
0.00
0.00
0.00
0.00
0.00
0.00
0.00
0.00
0.00
4.00
0.00
0.00
0.00
36.00
0.00
13.00
0.00
0.00
0.00
0.00
28.00
0.00
0.00
0.00
496.00
0.00
0.00
0.00
1.00
0.00
0.00
0.00
1.00
12.00
0.00
0.00
0.00
1.00
0.00
6.00
0.00
0.00
0.00
0.00
0.00
0.00
45.00
703.00
575.00
792.00
4.00
0.00
168.00
222.00
19.00
0.00
0.00
0.00
0.00
0.00
0.00
0.00
0.00
19.00
20.00
232.00
91.00
0.00
0.00
0.00
0.00
0.00
0.00
0.00
0.00
0.00
99.00
0.00
0.00
0.00
34.00
5.00
150.00
3.00
22.00
152.00
109.00
1.00
37.00
5.00
6.00
640.00
100.00
56.00
458.00
0.00
11.00
30.00
15.00
59.00
483.00
0.00
0.00
73.00
58.00
5.00
41.00
99.00
31.00
44.00
212.00
0.00
0.00
0.00
0.00
0.00
44.00
355.00
0.00
12.00
12.00
254.00
71.00
11.00
234.00
25.00
190.00
166.00
6.00
24.00
15.00
82.00
156.00
239.00
16.00
24.00
232.00
99.00
62.00
98.00
69.00
67.00
31.00
152.00
39.00
27.00
27.00
235.00
652.00
83.00
6.00
11.00
4.00
0.00
3.00
112.00
233.00
14.00
13.00
106.00
38.00
42.00
98.00
31.00
59.00
204.00
42.00
226.00
62.00
297.00
184.00
169.00
273.00
112.00
155.00
94.00
54.00
13.00
100.00
232.00
9.00
162.00
14.00
21.00
212.00
355.00
345.00
191.00
50.00
18.00
0.00
141.00
25.00
9.00
3.00
5.00
601.00
19.00
39.00
142.00
199.00
96.00
182.00
22.00
153.00
46.00
13.00
13.00
12.00
14.00
20.00
8.00
60.00
139.00
805.00
826.00
311.00
35.00
71.00
144.00
96.00
159.00
439.00
22.00
127.00
30.00
6.00
110.00
166.00
11.00
124.00
1.00
136.00
21.00
5.00
1.00
72.00
239.00
356.00
174.00
19.00
0.00
6.00
56.00
40.00
0.00
0.00
0.00
0.00
0.00
0.00
0.00
0.00
0.00
0.00
0.00
33.00
0.00
0.00
103.00
6.00
0.00
0.00
0.00
0.00
0.00
12.00
356.00
272.00
0.00
0.00
0.00
0.00
0.00
0.00
0.00
0.00
0.00
0.00
0.00
0.00
0.00
0.00
0.00
0.00
0.00
0.00
0.00
0.00
0.00
0.00
0.00
0.00
0.00
0.00
0.00
0.00
0.00
0.00
0.00
0.00
0.00
25.00
0.00
5.00
0.00
0.00
0.00
0.00
0.00
0.00
0.00
0.00
0.00
0.00
0.00
0.00
76.00
0.00
0.00
0.00
0.00
0.00
0.00
0.00
0.00
0.00
36.00
0.00
0.00
0.00
0.00
0.00
0.00
0.00
0.00
0.00
0.00
0.00
0.00
0.00
0.00
0.00
0.00
0.00
0.00
0.00
0.00
0.00
0.00
0.00
7.00
0.00
0.00
0.00
0.00
0.00
0.00
0.00
0.00
0.00
0.00
0.00
0.00
0.00
0.00
0.00
0.00
0.00
0.00
0.00
0.00
0.00
0.00
0.00
0.00
0.00
0.00
0.00
0.00
0.00
0.00
0.00
0.00
0.00
0.00
0.00
5.00
31.00
0.00
0.00
17.00
0.00
377.00
97.00
0.00
0.00
0.00
0.00
0.00
0.00
2.00
13.00
122.00
0.00
0.00
0.00
0.00
227.00
0.00
0.00
94.00
215.00
335.00
28.00
141.00
0.00
56.00
0.00
280.00
0.00
17.00
0.00
0.00
0.00
0.00
0.00
0.00
0.00
21.00
2.00
0.00
19.00
600.00
216.00
12.00
796.00
1.00
294.00
287.00
0.00
2.00
0.00
194.00
41.00
439.00
0.00
0.00
31.00
67.00
111.00
0.00
0.00
44.00
1.00
21.00
0.00
69.00
194.00
531.00
0.00
68.00
4.00
30.00
5.00
1.00
53.00
0.00
0.00
0.00
45.00
0.00
0.00
71.00
184.00
697.00
1160.00
394.00
323.00
114.00
65.00
1.00
0.00
27.00
4.00
207.00
462.00
675.00
26.00
262.00
19.00
282.00
670.00
1376.00
1190.00
11.00
70.00
286.00
45.00
109.00
11.00
50.00
49.00
135.00
84.00
229.00
162.00
224.00
152.00
205.00
104.00
47.00
30.00
61.00
132.00
220.00
206.00
141.00
26.00
29.00
77.00
37.00
181.00
118.00
120.00
195.00
179.00
76.00
39.00
328.00
137.00
110.00
59.00
10.00
192.00
11.00
28.00
136.00
131.00
435.00
487.00
60.00
36.00
12.00
22.00
96.00
584.00
1312.00
690.00
204.00
108.00
305.00
11.00
441.00
44.00
189.00
55.00
113.00
95.00
291.00
285.00
281.00
316.00
414.00
58.00
71.00
110.00
330.00
75.00
168.00
293.00
116.00
80.00
76.00
66.00
137.00
178.00
650.00
309.00
24.00
153.00
45.00
21.00
34.00
166.00
104.00
318.00
69.00
23.00
4.00
8.00
38.00
61.00
25.00
233.00
897.00
428.00
98.00
140.00
28.00
5.00
16.00
4.00
576.00
42.00
15.00
14.00
4.00
1.00
4.00
0.00
17.00
3.00
2.00
14.00
130.00
248.00
1199.00
897.00
44.00
0.00
0.00
0.00
0.00
0.00
0.00
15.00
49.00
0.00
0.00
0.00
0.00
0.00
0.00
0.00
0.00
0.00
0.00
0.00
6.00
49.00
0.00
0.00
536.00
31.00
4.00
0.00
0.00
1.00
0.00
0.00
0.00
0.00
0.00
0.00
0.00
0.00
0.00
0.00
0.00
0.00
0.00
0.00
0.00
2.00
1.00
64.00
261.00
60.00
0.00
0.00
0.00
0.00
0.00
0.00
0.00
0.00
18.00
0.00
0.00
0.00
0.00
0.00
0.00
0.00
0.00
0.00
0.00
0.00
0.00
193.00
7.00
0.00
0.00
0.00
0.00
0.00
0.00
0.00
0.00
0.00
0.00
0.00
0.00
0.00
0.00
0.00
0.00
0.00
0.00
0.00
0.00
0.00
0.00
0.00
0.00
0.00
0.00
0.00
0.00
0.00
0.00
0.00
0.00
10.00
0.00
0.00
783.00
431.00
375.00
156.00
268.00
0.00
156.00
156.00
0.00
0.00
0.00
0.00
0.00
7.00
0.00
0.00
0.00
0.00
370.00
257.00
0.00
0.00
0.00
0.00
0.00
0.00
20.00
0.00
0.00
0.00
0.00
0.00
0.00
0.00
10.00
0.00
0.00
56.00
0.00
0.00
0.00
0.00
0.00
0.00
0.00
14.00
11.00
76.00
0.00
95.00
258.00
631.00
409.00
14.00
22.00
0.00
0.00
87.00
125.00
138.00
10.00
3.00
0.00
78.00
3.00
0.00
602.00
0.00
102.00
100.00
48.00
123.00
97.00
310.00
56.00
0.00
0.00
645.00
175.00
0.00
101.00
193.00
60.00
0.00
116.00
9.00
113.00
795.00
958.00
98.00
121.00
207.00
96.00
118.00
0.00
25.00
0.00
160.00
21.00
44.00
155.00
0.00
122.00
32.00
75.00
27.00
50.00
100.00
1.00
0.00
237.00
1.00
35.00
460.00
525.00
0.00
26.00
34.00
1.00
15.00
26.00
83.00
599.00
13.00
22.00
397.00
1.00
734.00
65.00
7.00
94.00
172.00
233.00
0.00
1.00
4.00
4.00
4.00
3.00
75.00
6.00
2.00
49.00
0.00
35.00
167.00
29.00
97.00
4.00
0.00
16.00
3.00
18.00
22.00
40.00
118.00
228.00
371.00
118.00
2.00
23.00
5.00
49.00
346.00
96.00
39.00
387.00
300.00
123.00
6.00
86.00
56.00
16.00
75.00
215.00
121.00
109.00
7.00
26.00
216.00
147.00
28.00
5.00
36.00
84.00
172.00
127.00
269.00
215.00
169.00
575.00
117.00
216.00
318.00
111.00
23.00
14.00
116.00
108.00
71.00
80.00
47.00
4.00
20.00
7.00
15.00
23.00
3.00
40.00
193.00
91.00
2.00
1.00
7.00
15.00
24.00
228.00
54.00
134.00
108.00
6.00
3.00
0.00
12.00
149.00
319.00
6.00
0.00
18.00
76.00
103.00
103.00
247.00
0.00
4.00
0.00
0.00
0.00
9.00
117.00
6.00
0.00
0.00
0.00
11.00
26.00
25.00
222.00
2.00
0.00
0.00
0.00
0.00
0.00
0.00
0.00
0.00
0.00
0.00
0.00
0.00
0.00
22.00
74.00
138.00
33.00
0.00
0.00
0.00
0.00
17.00
24.00
0.00
0.00
0.00
0.00
0.00
0.00
0.00
0.00
0.00
0.00
0.00
0.00
0.00
0.00
0.00
0.00
0.00
0.00
0.00
0.00
0.00
0.00
0.00
0.00
0.00
0.00
0.00
0.00
0.00
36.00
0.00
0.00
0.00
0.00
0.00
0.00
0.00
0.00
0.00
0.00
10.00
74.00
21.00
0.00
0.00
0.00
0.00
0.00
0.00
0.00
0.00
0.00
0.00
0.00
0.00
0.00
0.00
0.00
0.00
0.00
0.00
0.00
0.00
0.00
0.00
0.00
0.00
0.00
0.00
0.00
0.00
0.00
0.00
0.00
0.00
0.00
0.00
0.00
0.00
0.00
0.00
6.00
6.00
0.00
0.00
0.00
0.00
0.00
0.00
0.00
0.00
0.00
0.00
0.00
4.00
0.00
0.00
0.00
0.00
0.00
0.00
0.00
1.00
2.00
0.00
0.00
0.00
0.00
0.10
0.00
0.10
15.20
12.80
46.50
16.60
0.00
0.00
0.00
2.90
1.60
0.00
0.00
0.00
0.00
0.00
0.00
0.00
0.00
0.10
2.50
0.00
25.30
0.30
0.70
0.00
0.00
21.60
0.00
0.00
0.00
1.20
23.90
0.00
2.20
6.40
83.10
28.60
36.40
0.80
2.60
0.70
51.90
0.10
9.30
53.20
0.50
1.80
8.80
8.40
0.00
0.00
3.90
0.00
0.00
0.00
0.00
8.50
0.30
0.00
0.00
0.00
0.00
2.00
0.00
4.90
0.00
0.00
0.80
61.40
39.00
0.00
0.00
0.00
0.00
0.00
0.00
0.70
0.00
24.60
0.20
4.30
0.00
10.90
18.60
16.50
16.50
9.50
24.70
24.70
37.00
3.30
0.00
25.20
0.00
0.00
14.40
18.00
8.90
38.60
18.40
26.20
28.20
0.70
29.00
2.70
7.50
0.00
0.00
0.80
11.90
48.00
37.20
0.00
71.90
0.80
47.40
11.00
6.20
0.50
0.00
0.00
11.40
50.00
14.10
26.00
3.20
2.80
4.00
0.70
1.30
10.80
2.10
5.00
6.00
13.20
8.90
8.90
55.00
55.00
90.40
1.00
1.00
1.70
1.90
1.00
1.00
1.00
3.00
11.40
4.90
48.80
29.60
6.80
3.70
2.00
1.60
11.10
4.30
8.10
15.00
4.40
5.50
19.20
2.20
11.60
5.10
1.10
4.20
8.50
49.10
10.20
25.80
24.90
52.30
0.30
2.90
1.90
6.20
5.20
30.00
20.30
8.70
6.70
1.50
1.50
4.50
0.30
1.00
16.10
58.70
108.40
17.70
17.90
5.90
1.70
6.00
0.10
4.20
2.10
9.30
5.40
22.30
1.20
3.30
12.10
2.30
0.70
1.20
1.60
2.30
18.00
7.10
46.70
37.80
1.70
10.60
4.30
29.60
7.10
7.10
9.20
1.10
1.60
5.00
6.90
7.90
3.20
24.60
4.80
0.00
0.50
0.00
0.50
0.00
4.50
0.00
0.00
0.80
0.30
0.00
4.20
1.50
0.10
0.00
3.60
