20160101
0.00
0.00
0.00
0.00
0.00
0.00
0.00
0.00
0.00
0.00
0.00
0.00
6.00
0.00
0.00
0.00
0.00
0.00
52.00
33.00
0.00
0.00
0.00
0.00
0.00
0.00
0.00
0.00
0.00
0.00
0.00
0.00
0.00
0.00
0.00
0.00
0.00
2.00
26.00
0.00
0.00
0.00
0.00
0.00
0.00
0.00
0.00
0.00
0.00
0.00
3.00
1.00
0.00
0.00
9.00
0.00
2.00
0.00
0.00
0.00
2.00
0.00
0.00
0.00
0.00
389.00
0.00
0.00
0.00
0.00
0.00
0.00
0.00
8.00
0.00
0.00
0.00
0.00
0.00
0.00
0.00
0.00
0.00
0.00
0.00
0.00
0.00
3.00
357.00
325.00
230.00
3.00
0.00
172.00
34.00
14.00
0.00
0.00
0.00
0.00
0.00
0.00
0.00
0.00
0.00
0.00
555.00
0.00
0.00
0.00
0.00
0.00
0.00
0.00
0.00
0.00
0.00
0.00
0.00
0.00
0.00
24.00
0.00
6.00
0.00
0.00
7.00
168.00
2.00
10.00
32.00
3.00
1281.00
399.00
78.00
272.00
5.00
24.00
12.00
9.00
40.00
250.00
0.00
0.00
302.00
39.00
0.00
63.00
230.00
0.00
92.00
79.00
0.00
0.00
0.00
0.00
1.00
27.00
768.00
0.00
7.00
0.00
223.00
376.00
0.00
95.00
83.00
64.00
31.00
1.00
34.00
47.00
55.00
118.00
79.00
44.00
13.00
130.00
114.00
1.00
10.00
43.00
38.00
310.00
86.00
136.00
206.00
84.00
166.00
305.00
129.00
15.00
12.00
7.00
1.00
9.00
58.00
297.00
69.00
360.00
147.00
43.00
30.00
119.00
23.00
208.00
96.00
45.00
5.00
27.00
104.00
20.00
160.00
519.00
102.00
121.00
121.00
71.00
10.00
10.00
49.00
2.00
194.00
1.00
1.00
58.00
193.00
230.00
237.00
22.00
6.00
0.00
117.00
108.00
2.00
2.00
4.00
1118.00
11.00
5.00
82.00
12.00
64.00
36.00
50.00
656.00
108.00
6.00
5.00
8.00
2.00
2.00
1.00
58.00
24.00
222.00
501.00
7.00
0.00
63.00
61.00
113.00
161.00
416.00
470.00
0.00
100.00
17.00
147.00
583.00
0.00
0.00
0.00
7.00
42.00
70.00
0.00
0.00
18.00
0.00
259.00
99.00
109.00
63.00
10.00
6.00
0.00
0.00
0.00
0.00
0.00
0.00
0.00
0.00
0.00
0.00
0.00
10.00
0.00
0.00
135.00
13.00
0.00
104.00
0.00
5.00
0.00
28.00
123.00
210.00
0.00
0.00
0.00
0.00
0.00
0.00
0.00
0.00
0.00
0.00
0.00
1.00
0.00
0.00
0.00
0.00
0.00
0.00
0.00
0.00
0.00
0.00
0.00
0.00
0.00
0.00
0.00
0.00
0.00
0.00
0.00
0.00
0.00
0.00
0.00
0.00
0.00
0.00
0.00
0.00
0.00
0.00
0.00
0.00
0.00
0.00
0.00
0.00
0.00
0.00
0.00
0.00
0.00
0.00
0.00
0.00
0.00
0.00
0.00
0.00
0.00
0.00
0.00
0.00
0.00
0.00
0.00
0.00
0.00
0.00
0.00
0.00
0.00
0.00
0.00
0.00
0.00
0.00
0.00
0.00
0.00
0.00
14.00
0.00
0.00
0.00
0.00
0.00
0.00
0.00
0.00
0.00
0.00
0.00
0.00
0.00
0.00
0.00
0.00
0.00
0.00
0.00
0.00
0.00
0.00
0.00
0.00
0.00
28.00
0.00
0.00
0.00
0.00
0.00
0.00
0.00
0.00
6.00
29.00
26.00
0.00
0.00
23.00
0.00
251.00
17.00
0.00
0.00
0.00
0.00
0.00
27.00
21.00
23.00
220.00
0.00
0.00
0.00
0.00
65.00
0.00
0.00
173.00
195.00
3.00
13.00
301.00
34.00
150.00
0.00
25.00
0.00
15.00
0.00
0.00
0.00
0.00
0.00
0.00
0.00
351.00
0.00
0.00
23.00
867.00
8.00
71.00
577.00
9.00
146.00
309.00
0.00
3.00
0.00
73.00
176.00
303.00
0.00
0.00
4.00
114.00
104.00
0.00
0.00
19.00
1.00
120.00
0.00
44.00
215.00
639.00
1.00
149.00
0.00
34.00
36.00
0.00
2.00
0.00
0.00
0.00
89.00
0.00
7.00
122.00
174.00
167.00
224.00
384.00
332.00
0.00
125.00
0.00
1.00
92.00
0.00
29.00
228.00
1013.00
6.00
156.00
25.00
114.00
196.00
401.00
647.00
24.00
0.00
55.00
0.00
30.00
0.00
13.00
8.00
20.00
35.00
127.00
50.00
73.00
257.00
481.00
152.00
54.00
9.00
4.00
90.00
198.00
161.00
95.00
85.00
7.00
38.00
24.00
645.00
71.00
143.00
36.00
135.00
103.00
42.00
677.00
10.00
223.00
128.00
28.00
87.00
26.00
47.00
100.00
48.00
250.00
426.00
91.00
27.00
3.00
24.00
4.00
381.00
708.00
360.00
114.00
90.00
56.00
56.00
171.00
22.00
54.00
17.00
169.00
447.00
24.00
88.00
66.00
576.00
321.00
26.00
56.00
59.00
183.00
20.00
145.00
35.00
6.00
144.00
16.00
275.00
1.00
96.00
245.00
137.00
72.00
31.00
26.00
7.00
1.00
52.00
87.00
110.00
123.00
37.00
11.00
2.00
1.00
4.00
3.00
120.00
394.00
265.00
110.00
182.00
126.00
0.00
0.00
21.00
244.00
66.00
22.00
17.00
0.00
0.00
1.00
0.00
7.00
0.00
0.00
0.00
1.00
80.00
887.00
620.00
0.00
0.00
0.00
0.00
0.00
0.00
0.00
0.00
8.00
1.00
1.00
0.00
0.00
0.00
0.00
0.00
0.00
0.00
0.00
0.00
0.00
23.00
1.00
1.00
399.00
44.00
10.00
1.00
0.00
0.00
0.00
0.00
0.00
0.00
0.00
0.00
0.00
0.00
0.00
0.00
0.00
0.00
0.00
0.00
0.00
0.00
0.00
2.00
272.00
0.00
0.00
0.00
0.00
0.00
0.00
0.00
0.00
0.00
15.00
0.00
0.00
0.00
0.00
0.00
0.00
0.00
0.00
0.00
0.00
0.00
0.00
64.00
0.00
0.00
0.00
0.00
0.00
0.00
0.00
0.00
0.00
0.00
0.00
0.00
0.00
0.00
0.00
0.00
0.00
0.00
0.00
0.00
0.00
0.00
0.00
0.00
0.00
0.00
0.00
0.00
0.00
0.00
0.00
0.00
0.00
0.00
0.00
0.00
905.00
319.00
200.00
9.00
99.00
0.00
425.00
323.00
0.00
0.00
0.00
0.00
0.00
0.00
0.00
0.00
0.00
0.00
645.00
251.00
0.00
0.00
0.00
0.00
0.00
0.00
68.00
0.00
0.00
0.00
0.00
0.00
0.00
0.00
0.00
0.00
27.00
99.00
0.00
0.00
0.00
0.00
0.00
0.00
0.00
12.00
78.00
123.00
0.00
254.00
4.00
403.00
536.00
9.00
7.00
0.00
0.00
19.00
125.00
125.00
8.00
2.00
0.00
164.00
9.00
2.00
263.00
0.00
237.00
64.00
52.00
55.00
23.00
69.00
6.00
0.00
0.00
334.00
142.00
0.00
97.00
180.00
77.00
0.00
267.00
1.00
45.00
796.00
390.00
20.00
58.00
87.00
35.00
12.00
0.00
3.00
0.00
95.00
26.00
0.00
31.00
0.00
168.00
17.00
44.00
54.00
4.00
48.00
0.00
0.00
96.00
0.00
125.00
73.00
105.00
0.00
95.00
0.00
0.00
0.00
34.00
14.00
439.00
3.00
25.00
431.00
0.00
462.00
35.00
5.00
45.00
66.00
142.00
0.00
0.00
1.00
24.00
176.00
11.00
64.00
12.00
8.00
1.00
4.00
22.00
275.00
100.00
166.00
0.00
7.00
28.00
1.00
20.00
6.00
42.00
42.00
63.00
191.00
79.00
6.00
16.00
2.00
5.00
149.00
29.00
16.00
213.00
269.00
223.00
7.00
65.00
3.00
31.00
162.00
40.00
91.00
16.00
1.00
51.00
89.00
368.00
37.00
5.00
43.00
67.00
29.00
253.00
135.00
59.00
134.00
130.00
28.00
43.00
130.00
83.00
63.00
19.00
209.00
157.00
99.00
61.00
20.00
0.00
25.00
5.00
11.00
17.00
163.00
38.00
83.00
30.00
0.00
0.00
7.00
41.00
13.00
233.00
159.00
365.00
31.00
5.00
0.00
0.00
1.00
350.00
190.00
18.00
3.00
1.00
10.00
30.00
20.00
98.00
0.00
18.00
0.00
0.00
0.00
0.00
1.00
0.00
0.00
0.00
0.00
0.00
15.00
120.00
192.00
6.00
0.00
0.00
0.00
0.00
0.00
0.00
0.00
0.00
1.00
0.00
0.00
0.00
0.00
1.00
50.00
32.00
7.00
0.00
0.00
0.00
0.00
0.00
26.00
0.00
0.00
0.00
0.00
0.00
0.00
0.00
0.00
0.00
0.00
0.00
0.00
0.00
0.00
0.00
0.00
0.00
0.00
0.00
0.00
0.00
0.00
0.00
0.00
0.00
0.00
0.00
0.00
0.00
15.00
0.00
0.00
0.00
0.00
0.00
0.00
0.00
0.00
0.00
0.00
3.00
71.00
13.00
0.00
0.00
0.00
0.00
0.00
0.00
0.00
0.00
0.00
0.00
0.00
0.00
0.00
0.00
0.00
0.00
0.00
0.00
0.00
0.00
0.00
0.00
0.00
0.00
0.00
0.00
0.00
0.00
0.00
0.00
0.00
0.00
0.00
0.00
0.00
0.00
0.00
0.00
0.00
0.00
0.00
0.00
0.00
0.00
0.00
0.00
0.00
0.00
0.00
0.00
0.00
1.00
0.00
0.00
0.00
0.00
0.00
0.00
0.00
1.00
0.00
0.00
0.00
0.00
0.00
0.00
0.00
1.00
14.60
3.80
26.10
2.20
0.00
0.00
0.00
1.00
0.30
0.00
0.00
0.00
0.00
0.10
0.00
0.00
0.00
0.80
1.10
0.00
17.10
0.40
1.90
0.00
0.00
2.90
0.00
0.00
0.00
7.00
10.60
0.00
0.70
16.70
105.10
2.10
9.70
0.00
11.70
0.00
67.00
0.10
21.60
61.50
0.00
24.30
4.40
59.50
0.00
0.00
12.70
0.00
0.00
0.00
0.00
10.50
0.10
0.00
0.00
0.00
0.00
7.60
0.00
0.00
0.00
0.00
0.00
35.40
19.30
0.00
0.00
0.00
0.00
0.00
0.00
0.40
0.00
14.50
1.00
10.30
0.30
8.20
11.50
1.80
1.80
0.00
14.40
14.40
26.00
2.00
0.00
0.10
0.10
0.00
1.70
12.40
5.30
20.00
35.10
4.30
26.00
0.00
0.00
0.00
0.10
0.00
0.00
0.00
0.00
6.70
20.10
0.00
270.30
0.80
5.70
1.50
6.00
1.30
0.00
0.00
5.30
29.10
18.30
78.80
5.50
13.50
1.50
0.00
0.30
0.30
1.80
1.80
14.00
25.60
61.20
61.20
28.70
28.70
46.50
0.00
0.00
17.80
0.00
0.00
0.00
0.00
14.20
2.20
4.70
18.10
15.30
19.30
2.20
0.10
0.10
7.40
4.60
1.10
4.40
0.90
5.90
14.20
1.80
4.00
6.20
2.10
1.10
4.70
27.00
3.10
7.40
12.40
64.50
0.00
0.00
0.00
4.50
2.20
18.50
32.90
2.00
0.20
0.00
0.00
1.10
0.20
0.90
4.30
61.20
51.70
13.80
12.20
6.40
5.80
1.10
1.00
12.30
3.30
1.60
3.60
8.60
0.80
9.00
11.80
1.90
0.00
0.00
0.00
9.60
76.00
0.30
21.60
48.40
3.20
3.20
9.50
2.20
17.30
17.30
0.00
0.00
2.10
16.70
1.30
3.90
3.40
37.50
2.00
0.00
0.00
0.00
0.00
0.00
0.00
0.00
0.00
0.00
0.00
0.00
4.20
1.50
0.10
0.00
3.60
