20160101
0.00
0.00
0.00
0.00
0.00
0.00
0.00
0.00
0.00
0.00
0.00
0.00
2.00
0.00
0.00
0.00
0.00
0.00
0.00
8.00
0.00
0.00
0.00
0.00
0.00
0.00
0.00
0.00
0.00
0.00
0.00
0.00
0.00
0.00
0.00
0.00
0.00
0.00
6.00
4.00
0.00
2.00
40.00
0.00
0.00
0.00
0.00
0.00
0.00
0.00
10.00
2.00
1.00
106.00
81.00
0.00
22.00
0.00
0.00
0.00
0.00
5.00
0.00
17.00
0.00
180.00
0.00
0.00
2.00
3.00
0.00
0.00
0.00
2.00
0.00
8.00
1.00
0.00
6.00
0.00
86.00
0.00
11.00
0.00
0.00
0.00
0.00
664.00
10.00
23.00
237.00
51.00
0.00
381.00
666.00
505.00
109.00
0.00
0.00
0.00
0.00
0.00
0.00
67.00
45.00
137.00
254.00
400.00
3.00
59.00
102.00
14.00
215.00
0.00
10.00
93.00
31.00
38.00
2.00
0.00
8.00
100.00
213.00
142.00
188.00
30.00
36.00
29.00
0.00
0.00
9.00
3.00
177.00
111.00
63.00
178.00
0.00
129.00
175.00
45.00
302.00
682.00
0.00
60.00
4.00
51.00
0.00
11.00
31.00
178.00
29.00
129.00
4.00
8.00
46.00
422.00
14.00
78.00
148.00
15.00
3.00
276.00
95.00
91.00
26.00
0.00
20.00
219.00
770.00
8.00
2.00
7.00
8.00
30.00
69.00
26.00
71.00
54.00
74.00
6.00
332.00
28.00
115.00
80.00
107.00
83.00
2.00
1.00
141.00
70.00
142.00
36.00
42.00
1.00
1.00
11.00
228.00
34.00
28.00
18.00
66.00
4.00
28.00
62.00
211.00
112.00
232.00
66.00
2.00
52.00
182.00
85.00
4.00
125.00
36.00
101.00
161.00
190.00
29.00
239.00
384.00
48.00
23.00
5.00
59.00
69.00
415.00
182.00
47.00
112.00
65.00
0.00
262.00
29.00
0.00
4.00
0.00
756.00
27.00
28.00
46.00
230.00
252.00
274.00
50.00
9.00
122.00
57.00
225.00
98.00
19.00
102.00
5.00
2.00
12.00
295.00
871.00
395.00
0.00
69.00
179.00
155.00
129.00
318.00
136.00
11.00
100.00
0.00
83.00
13.00
25.00
271.00
44.00
146.00
2.00
0.00
0.00
48.00
193.00
73.00
19.00
39.00
21.00
67.00
390.00
168.00
0.00
0.00
0.00
0.00
0.00
0.00
0.00
0.00
0.00
0.00
0.00
0.00
0.00
0.00
49.00
1.00
76.00
4.00
0.00
0.00
9.00
80.00
212.00
489.00
302.00
0.00
0.00
0.00
0.00
0.00
0.00
0.00
0.00
0.00
0.00
0.00
0.00
0.00
0.00
0.00
0.00
0.00
0.00
0.00
0.00
0.00
0.00
0.00
0.00
0.00
0.00
0.00
0.00
0.00
0.00
0.00
0.00
0.00
0.00
0.00
0.00
0.00
0.00
0.00
0.00
0.00
0.00
0.00
0.00
0.00
0.00
0.00
0.00
0.00
0.00
0.00
0.00
0.00
0.00
0.00
0.00
0.00
0.00
4.00
0.00
0.00
0.00
0.00
0.00
0.00
0.00
0.00
0.00
0.00
0.00
0.00
0.00
0.00
0.00
0.00
0.00
0.00
0.00
0.00
0.00
0.00
1.00
0.00
0.00
0.00
0.00
0.00
0.00
0.00
0.00
0.00
0.00
0.00
0.00
0.00
0.00
0.00
0.00
0.00
0.00
0.00
0.00
0.00
0.00
0.00
0.00
0.00
16.00
5.00
0.00
0.00
0.00
0.00
0.00
0.00
0.00
0.00
1.00
37.00
4.00
0.00
160.00
0.00
84.00
118.00
0.00
0.00
0.00
0.00
0.00
0.00
87.00
0.00
85.00
0.00
0.00
0.00
0.00
113.00
4.00
0.00
16.00
70.00
261.00
35.00
53.00
8.00
421.00
270.00
584.00
0.00
0.00
0.00
0.00
0.00
0.00
0.00
0.00
0.00
15.00
34.00
0.00
7.00
958.00
619.00
263.00
577.00
32.00
452.00
78.00
0.00
0.00
32.00
23.00
68.00
209.00
0.00
0.00
72.00
33.00
103.00
0.00
0.00
66.00
0.00
36.00
0.00
19.00
84.00
384.00
0.00
88.00
3.00
141.00
55.00
148.00
22.00
0.00
0.00
4.00
24.00
139.00
7.00
124.00
512.00
302.00
642.00
129.00
370.00
323.00
23.00
0.00
1.00
84.00
548.00
596.00
101.00
138.00
41.00
13.00
177.00
124.00
138.00
177.00
493.00
78.00
7.00
42.00
248.00
187.00
489.00
276.00
113.00
177.00
33.00
119.00
107.00
2.00
53.00
7.00
108.00
121.00
17.00
40.00
44.00
56.00
76.00
430.00
208.00
121.00
339.00
367.00
24.00
61.00
59.00
121.00
81.00
300.00
54.00
272.00
40.00
52.00
60.00
313.00
55.00
38.00
58.00
31.00
78.00
184.00
142.00
117.00
67.00
19.00
2.00
0.00
69.00
815.00
214.00
11.00
22.00
30.00
46.00
87.00
105.00
318.00
379.00
153.00
86.00
538.00
91.00
384.00
269.00
18.00
177.00
158.00
45.00
77.00
8.00
24.00
39.00
0.00
55.00
67.00
288.00
5.00
1.00
104.00
130.00
0.00
63.00
8.00
1.00
65.00
546.00
363.00
99.00
7.00
14.00
0.00
0.00
0.00
7.00
203.00
298.00
235.00
192.00
53.00
412.00
3.00
0.00
22.00
322.00
185.00
129.00
15.00
1.00
0.00
0.00
122.00
0.00
0.00
0.00
0.00
236.00
295.00
331.00
481.00
1752.00
0.00
0.00
0.00
0.00
0.00
0.00
0.00
735.00
729.00
0.00
0.00
0.00
0.00
0.00
0.00
0.00
0.00
0.00
0.00
0.00
0.00
104.00
0.00
2.00
140.00
24.00
8.00
0.00
0.00
0.00
0.00
0.00
0.00
0.00
0.00
0.00
0.00
0.00
0.00
0.00
0.00
0.00
0.00
0.00
0.00
0.00
141.00
511.00
456.00
310.00
0.00
0.00
0.00
0.00
0.00
0.00
0.00
0.00
2.00
0.00
0.00
0.00
0.00
0.00
0.00
0.00
0.00
0.00
0.00
0.00
42.00
242.00
5.00
0.00
0.00
0.00
0.00
0.00
0.00
0.00
0.00
0.00
0.00
0.00
0.00
0.00
0.00
0.00
0.00
0.00
0.00
0.00
0.00
0.00
0.00
0.00
0.00
0.00
0.00
0.00
0.00
0.00
0.00
0.00
0.00
0.00
0.00
0.00
53.00
65.00
206.00
2.00
108.00
0.00
5.00
1.00
0.00
0.00
0.00
0.00
0.00
0.00
0.00
0.00
0.00
0.00
2.00
399.00
0.00
0.00
0.00
0.00
0.00
0.00
0.00
0.00
0.00
0.00
0.00
0.00
0.00
0.00
12.00
0.00
0.00
23.00
15.00
2.00
0.00
0.00
0.00
0.00
1.00
0.00
32.00
303.00
110.00
0.00
116.00
444.00
0.00
1.00
31.00
66.00
0.00
331.00
2.00
19.00
98.00
0.00
68.00
19.00
24.00
0.00
22.00
0.00
0.00
75.00
52.00
55.00
52.00
268.00
87.00
0.00
6.00
33.00
1.00
1.00
176.00
115.00
420.00
3.00
218.00
51.00
324.00
623.00
768.00
758.00
756.00
574.00
280.00
436.00
0.00
56.00
191.00
166.00
105.00
0.00
30.00
0.00
92.00
9.00
7.00
26.00
73.00
0.00
0.00
11.00
118.00
71.00
1.00
86.00
7.00
15.00
44.00
95.00
299.00
140.00
125.00
472.00
220.00
179.00
709.00
512.00
17.00
767.00
339.00
7.00
44.00
0.00
15.00
0.00
5.00
131.00
55.00
45.00
4.00
213.00
115.00
5.00
0.00
1.00
0.00
0.00
122.00
18.00
0.00
14.00
33.00
17.00
43.00
96.00
31.00
120.00
124.00
85.00
483.00
19.00
42.00
34.00
38.00
119.00
179.00
13.00
59.00
76.00
10.00
5.00
8.00
47.00
217.00
299.00
142.00
31.00
6.00
11.00
438.00
235.00
77.00
72.00
188.00
265.00
3.00
69.00
401.00
751.00
457.00
636.00
342.00
80.00
3.00
10.00
208.00
157.00
0.00
120.00
49.00
133.00
198.00
52.00
25.00
6.00
21.00
53.00
58.00
0.00
3.00
58.00
196.00
61.00
0.00
2.00
57.00
1.00
0.00
29.00
0.00
0.00
24.00
77.00
31.00
19.00
225.00
121.00
147.00
0.00
21.00
14.00
45.00
9.00
266.00
0.00
0.00
0.00
0.00
0.00
0.00
0.00
0.00
123.00
0.00
0.00
26.00
122.00
380.00
268.00
3.00
6.00
0.00
0.00
0.00
0.00
0.00
0.00
0.00
0.00
0.00
0.00
0.00
0.00
458.00
295.00
310.00
134.00
34.00
0.00
0.00
4.00
0.00
0.00
4.00
0.00
0.00
0.00
0.00
0.00
0.00
0.00
0.00
0.00
0.00
0.00
0.00
0.00
0.00
0.00
0.00
0.00
0.00
0.00
0.00
0.00
0.00
0.00
0.00
0.00
0.00
0.00
0.00
0.00
0.00
0.00
0.00
0.00
0.00
0.00
0.00
0.00
0.00
0.00
4.00
64.00
2.00
0.00
0.00
0.00
0.00
0.00
0.00
0.00
0.00
0.00
0.00
0.00
0.00
0.00
0.00
0.00
0.00
0.00
0.00
0.00
0.00
0.00
0.00
0.00
0.00
0.00
0.00
0.00
0.00
0.00
0.00
0.00
0.00
0.00
0.00
0.00
0.00
0.00
0.00
0.00
0.00
0.00
0.00
0.00
0.00
0.00
0.00
0.00
0.00
0.00
0.00
0.00
0.00
0.00
0.00
0.00
0.00
0.00
0.00
0.00
1.00
9.00
0.00
0.00
0.00
0.00
0.00
0.00
0.10
90.00
54.10
71.40
56.60
0.00
0.00
0.00
7.30
13.10
0.00
0.00
0.00
0.00
0.00
0.00
0.00
0.00
0.00
0.70
0.00
92.60
5.00
0.00
2.60
0.00
37.70
0.00
0.00
0.00
0.30
11.10
0.00
0.00
0.00
92.50
17.10
202.80
30.20
4.90
0.10
15.60
0.10
15.90
13.30
0.00
0.30
0.70
0.30
0.00
0.20
0.00
0.00
0.00
0.00
1.70
0.00
0.30
0.00
0.00
0.00
0.00
0.70
18.10
0.00
0.00
0.00
1.10
31.80
48.40
0.00
0.00
0.00
0.00
0.00
0.00
4.00
0.00
23.30
11.30
8.20
11.10
20.00
6.50
0.10
0.10
0.20
3.80
3.80
104.30
2.40
4.30
0.80
0.00
0.00
0.00
38.20
55.90
2.60
21.70
44.40
0.10
19.00
17.70
3.70
3.00
0.30
0.00
1.10
60.50
44.90
12.20
0.10
0.00
0.00
65.80
5.40
7.10
0.40
0.60
0.40
1.50
2.70
1.60
7.80
32.70
36.20
9.20
6.10
11.00
41.90
20.30
14.50
5.00
21.20
48.50
48.50
29.60
29.60
14.10
1.20
1.20
0.00
0.10
1.20
1.20
1.20
17.90
5.10
2.40
2.30
58.00
19.00
11.00
6.70
0.70
7.30
0.80
7.70
27.90
48.50
37.40
4.20
0.90
20.80
7.90
0.30
0.10
0.30
12.40
18.10
5.70
12.20
6.50
7.30
0.10
0.80
5.70
2.80
87.30
27.60
27.50
7.80
4.10
4.20
3.90
0.20
11.40
1.00
2.70
8.60
12.80
49.20
23.20
30.00
12.30
1.70
1.70
19.70
6.40
7.80
1.20
0.60
7.20
10.30
0.40
0.00
0.50
0.40
42.20
31.40
21.50
19.70
19.90
0.40
12.20
1.10
29.60
2.80
2.80
3.30
0.00
0.50
0.10
25.30
1.50
4.10
44.90
20.90
4.40
0.00
0.00
0.00
8.60
11.30
0.00
0.00
0.10
0.00
0.10
5.90
0.70
0.20
0.20
0.70
