20160101
0.00
0.00
0.00
0.00
0.00
0.00
0.00
0.00
0.00
0.00
0.00
0.00
0.00
0.00
0.00
0.00
0.00
0.00
55.00
50.00
0.00
0.00
0.00
0.00
0.00
0.00
2.00
0.00
0.00
0.00
0.00
0.00
0.00
0.00
0.00
0.00
0.00
0.00
8.00
0.00
0.00
4.00
0.00
0.00
0.00
0.00
4.00
1.00
0.00
2.00
14.00
0.00
0.00
0.00
0.00
0.00
10.00
1.00
0.00
0.00
0.00
0.00
0.00
0.00
0.00
60.00
0.00
1.00
0.00
0.00
0.00
0.00
0.00
5.00
0.00
0.00
5.00
0.00
0.00
6.00
1.00
0.00
0.00
0.00
0.00
0.00
4.00
33.00
17.00
74.00
338.00
1.00
0.00
12.00
0.00
1.00
0.00
0.00
0.00
0.00
0.00
0.00
0.00
0.00
6.00
0.00
63.00
0.00
33.00
0.00
0.00
0.00
0.00
0.00
0.00
0.00
0.00
200.00
0.00
0.00
0.00
0.00
0.00
72.00
1.00
41.00
13.00
233.00
8.00
18.00
83.00
6.00
331.00
123.00
130.00
75.00
46.00
56.00
55.00
315.00
27.00
25.00
0.00
0.00
146.00
167.00
0.00
5.00
0.00
17.00
32.00
243.00
0.00
0.00
0.00
11.00
0.00
49.00
131.00
0.00
38.00
141.00
259.00
34.00
1.00
694.00
127.00
246.00
46.00
74.00
237.00
155.00
41.00
181.00
360.00
80.00
42.00
72.00
64.00
11.00
27.00
22.00
69.00
346.00
65.00
296.00
157.00
0.00
162.00
378.00
91.00
25.00
35.00
46.00
369.00
234.00
59.00
186.00
475.00
200.00
133.00
324.00
84.00
59.00
286.00
60.00
520.00
15.00
3.00
121.00
93.00
83.00
29.00
276.00
207.00
63.00
279.00
133.00
42.00
26.00
7.00
11.00
93.00
0.00
18.00
211.00
158.00
321.00
217.00
123.00
50.00
0.00
31.00
22.00
2.00
1.00
0.00
177.00
19.00
11.00
69.00
44.00
281.00
36.00
77.00
880.00
82.00
86.00
6.00
28.00
40.00
50.00
0.00
82.00
36.00
172.00
216.00
0.00
44.00
59.00
158.00
54.00
222.00
470.00
51.00
0.00
184.00
12.00
508.00
172.00
0.00
39.00
75.00
0.00
19.00
7.00
3.00
0.00
2.00
15.00
0.00
7.00
241.00
356.00
54.00
0.00
0.00
0.00
0.00
0.00
0.00
0.00
0.00
0.00
0.00
0.00
0.00
0.00
0.00
0.00
130.00
0.00
0.00
0.00
0.00
0.00
9.00
0.00
26.00
132.00
0.00
0.00
0.00
0.00
0.00
0.00
0.00
0.00
0.00
0.00
0.00
0.00
0.00
0.00
0.00
0.00
0.00
0.00
0.00
0.00
0.00
0.00
0.00
0.00
0.00
17.00
0.00
0.00
0.00
0.00
0.00
0.00
0.00
0.00
0.00
0.00
0.00
0.00
0.00
0.00
0.00
0.00
0.00
0.00
0.00
0.00
0.00
0.00
0.00
0.00
66.00
0.00
0.00
0.00
0.00
0.00
0.00
0.00
0.00
0.00
0.00
0.00
0.00
0.00
0.00
68.00
0.00
0.00
0.00
0.00
0.00
0.00
0.00
0.00
0.00
0.00
0.00
0.00
0.00
0.00
0.00
0.00
16.00
32.00
0.00
0.00
0.00
0.00
0.00
0.00
0.00
0.00
0.00
0.00
0.00
0.00
0.00
0.00
0.00
0.00
0.00
0.00
0.00
0.00
0.00
0.00
0.00
0.00
3.00
0.00
0.00
0.00
0.00
0.00
0.00
0.00
0.00
0.00
156.00
0.00
0.00
0.00
13.00
0.00
40.00
0.00
0.00
0.00
0.00
0.00
0.00
21.00
28.00
28.00
97.00
0.00
0.00
0.00
1.00
182.00
0.00
12.00
656.00
206.00
4.00
36.00
8.00
81.00
68.00
12.00
167.00
7.00
4.00
48.00
0.00
0.00
0.00
0.00
0.00
0.00
306.00
161.00
0.00
0.00
348.00
108.00
122.00
654.00
0.00
146.00
136.00
2.00
0.00
2.00
0.00
147.00
46.00
0.00
62.00
192.00
46.00
266.00
0.00
7.00
218.00
1.00
114.00
6.00
17.00
1164.00
798.00
1.00
36.00
141.00
124.00
100.00
7.00
45.00
0.00
9.00
1.00
221.00
15.00
3.00
76.00
68.00
67.00
298.00
832.00
228.00
4.00
8.00
0.00
0.00
6.00
0.00
167.00
63.00
1071.00
82.00
114.00
1.00
303.00
112.00
606.00
631.00
5.00
125.00
79.00
8.00
123.00
4.00
18.00
49.00
29.00
154.00
117.00
142.00
36.00
557.00
200.00
40.00
26.00
69.00
104.00
266.00
255.00
249.00
152.00
12.00
9.00
18.00
18.00
11.00
321.00
103.00
12.00
51.00
245.00
121.00
182.00
75.00
25.00
16.00
14.00
397.00
12.00
4.00
413.00
260.00
141.00
128.00
316.00
324.00
23.00
34.00
97.00
247.00
963.00
344.00
202.00
157.00
78.00
25.00
164.00
35.00
64.00
75.00
342.00
265.00
307.00
60.00
84.00
561.00
165.00
28.00
97.00
76.00
228.00
161.00
521.00
92.00
2.00
48.00
2.00
133.00
137.00
542.00
352.00
2.00
2.00
43.00
24.00
1.00
2.00
404.00
194.00
142.00
58.00
54.00
6.00
14.00
51.00
4.00
1.00
244.00
54.00
407.00
348.00
175.00
35.00
1.00
0.00
0.00
21.00
6.00
1.00
0.00
0.00
0.00
34.00
43.00
116.00
1.00
0.00
0.00
0.00
16.00
771.00
383.00
0.00
0.00
0.00
0.00
0.00
0.00
0.00
0.00
2.00
0.00
0.00
0.00
0.00
0.00
0.00
0.00
0.00
0.00
0.00
0.00
0.00
0.00
0.00
3.00
208.00
63.00
4.00
0.00
0.00
0.00
0.00
0.00
0.00
0.00
0.00
0.00
0.00
0.00
0.00
0.00
0.00
0.00
0.00
0.00
0.00
0.00
1.00
0.00
137.00
11.00
0.00
0.00
0.00
0.00
0.00
0.00
0.00
0.00
14.00
1.00
0.00
0.00
0.00
0.00
0.00
0.00
0.00
0.00
0.00
0.00
0.00
0.00
0.00
0.00
0.00
0.00
0.00
0.00
0.00
0.00
0.00
0.00
0.00
0.00
0.00
0.00
0.00
0.00
0.00
0.00
0.00
0.00
0.00
0.00
0.00
0.00
0.00
0.00
0.00
0.00
0.00
0.00
0.00
0.00
0.00
0.00
0.00
0.00
1000.00
290.00
17.00
29.00
25.00
349.00
982.00
501.00
0.00
0.00
0.00
0.00
0.00
4.00
0.00
48.00
0.00
0.00
402.00
23.00
0.00
0.00
0.00
0.00
0.00
0.00
1.00
0.00
0.00
0.00
0.00
0.00
0.00
3.00
0.00
0.00
0.00
13.00
0.00
0.00
0.00
0.00
0.00
0.00
0.00
1.00
22.00
0.00
0.00
28.00
374.00
425.00
205.00
0.00
1.00
0.00
0.00
60.00
5.00
11.00
80.00
2.00
0.00
15.00
4.00
0.00
124.00
0.00
217.00
110.00
2.00
56.00
20.00
27.00
0.00
5.00
54.00
49.00
9.00
0.00
138.00
243.00
405.00
15.00
175.00
0.00
223.00
50.00
751.00
115.00
9.00
208.00
22.00
0.00
1.00
4.00
0.00
219.00
14.00
0.00
0.00
0.00
0.00
19.00
46.00
106.00
50.00
410.00
32.00
0.00
148.00
5.00
152.00
16.00
93.00
0.00
22.00
0.00
13.00
24.00
11.00
2.00
47.00
63.00
1.00
15.00
4.00
82.00
1.00
12.00
1.00
117.00
113.00
1.00
0.00
0.00
60.00
411.00
84.00
16.00
28.00
16.00
3.00
311.00
243.00
572.00
72.00
76.00
5.00
4.00
6.00
3.00
4.00
46.00
46.00
133.00
106.00
64.00
8.00
10.00
12.00
1.00
2.00
356.00
20.00
2.00
152.00
156.00
140.00
2.00
215.00
214.00
169.00
324.00
323.00
625.00
86.00
17.00
18.00
24.00
150.00
101.00
68.00
11.00
11.00
30.00
54.00
118.00
129.00
480.00
38.00
1.00
4.00
79.00
79.00
1.00
143.00
974.00
246.00
219.00
59.00
18.00
16.00
24.00
11.00
64.00
32.00
139.00
592.00
217.00
25.00
1.00
1.00
0.00
5.00
49.00
429.00
1009.00
44.00
81.00
0.00
0.00
0.00
1.00
529.00
322.00
1.00
13.00
1.00
39.00
76.00
137.00
0.00
172.00
0.00
0.00
0.00
0.00
0.00
0.00
0.00
0.00
0.00
0.00
40.00
2.00
376.00
101.00
45.00
0.00
0.00
11.00
0.00
0.00
0.00
0.00
0.00
0.00
0.00
0.00
0.00
0.00
0.00
4.00
0.00
0.00
0.00
0.00
0.00
0.00
16.00
0.00
0.00
0.00
0.00
0.00
0.00
0.00
0.00
0.00
0.00
0.00
0.00
0.00
0.00
0.00
0.00
0.00
1.00
0.00
0.00
0.00
0.00
0.00
0.00
0.00
0.00
0.00
0.00
0.00
0.00
17.00
0.00
0.00
0.00
0.00
0.00
0.00
0.00
0.00
0.00
0.00
10.00
57.00
146.00
0.00
0.00
0.00
0.00
0.00
0.00
0.00
0.00
0.00
0.00
0.00
0.00
0.00
0.00
0.00
0.00
0.00
4.00
0.00
0.00
0.00
0.00
0.00
0.00
0.00
0.00
0.00
0.00
0.00
0.00
0.00
0.00
0.00
0.00
0.00
0.00
0.00
0.00
3.00
3.00
0.00
0.00
0.00
0.00
0.00
0.00
0.00
0.00
0.00
0.00
1.00
9.00
1.00
0.00
0.00
4.00
0.00
0.00
5.00
7.00
0.00
0.00
0.00
0.00
0.00
0.00
0.00
0.10
11.30
0.20
41.50
1.80
0.00
0.00
0.00
0.40
0.00
0.00
0.00
0.00
0.00
0.00
0.00
0.00
0.00
0.10
1.10
0.00
1.80
3.10
0.00
0.00
0.00
2.50
0.00
0.00
0.00
4.20
0.00
0.00
48.70
0.00
46.40
1.30
28.70
0.00
7.90
39.80
31.50
0.00
1.70
38.50
0.00
7.40
0.00
6.80
0.00
15.50
1.20
0.00
0.00
0.00
0.00
5.60
0.00
0.00
0.00
0.00
9.40
1.10
0.10
3.50
14.10
14.10
0.30
105.70
38.20
0.00
0.00
0.20
0.00
44.60
38.90
31.70
0.00
9.80
0.90
33.00
0.00
42.00
44.10
0.10
0.10
0.00
24.00
24.00
21.70
4.60
0.00
26.80
3.10
5.00
9.60
35.60
26.00
25.30
11.20
0.60
0.10
0.00
0.10
0.00
0.00
0.00
0.30
2.00
4.20
7.10
17.10
29.20
14.40
0.10
27.90
36.30
5.10
0.10
0.00
1.20
36.70
75.80
19.80
3.30
0.00
2.80
2.00
0.30
1.70
4.90
8.20
7.10
3.80
45.50
141.30
141.30
78.30
78.30
27.40
1.70
1.70
4.00
1.10
1.70
1.70
1.70
2.00
18.80
47.40
7.90
9.40
38.30
11.40
2.60
7.50
8.90
10.70
6.10
7.00
3.50
20.90
5.50
8.20
4.00
4.50
3.20
3.00
1.90
84.30
21.80
31.60
19.30
21.80
1.00
0.90
0.00
0.80
3.00
25.00
16.30
7.20
2.20
0.40
4.40
6.30
1.90
4.50
30.90
3.20
16.90
15.10
13.20
0.60
1.00
5.60
0.20
42.60
24.30
5.60
3.30
76.40
13.80
10.20
82.00
33.60
0.20
0.40
0.30
0.10
5.30
28.10
45.00
29.30
0.00
1.50
24.40
7.90
56.00
56.00
0.00
0.00
0.00
16.70
6.60
41.80
40.80
9.20
0.00
0.00
0.00
0.00
0.00
0.00
0.20
0.00
0.00
0.00
0.00
4.40
1.10
0.30
0.20
15.80
125.60
