20160101
0.00
0.00
0.00
0.00
0.00
0.00
0.00
0.00
0.00
0.00
0.00
0.00
0.00
0.00
0.00
0.00
0.00
0.00
62.00
62.00
0.00
0.00
0.00
0.00
0.00
0.00
9.00
2.00
0.00
0.00
0.00
0.00
0.00
0.00
0.00
0.00
0.00
3.00
29.00
0.00
0.00
0.00
0.00
0.00
0.00
0.00
0.00
0.00
0.00
1.00
6.00
0.00
0.00
0.00
1.00
0.00
10.00
0.00
0.00
0.00
0.00
0.00
0.00
0.00
0.00
250.00
0.00
0.00
0.00
0.00
0.00
0.00
9.00
23.00
0.00
0.00
0.00
0.00
0.00
0.00
0.00
0.00
0.00
0.00
0.00
0.00
0.00
274.00
26.00
307.00
272.00
7.00
0.00
40.00
0.00
5.00
0.00
1.00
0.00
0.00
0.00
0.00
0.00
0.00
0.00
0.00
64.00
0.00
0.00
0.00
0.00
0.00
0.00
0.00
0.00
0.00
0.00
0.00
0.00
0.00
0.00
48.00
0.00
35.00
2.00
0.00
2.00
124.00
23.00
20.00
155.00
5.00
409.00
19.00
36.00
118.00
34.00
3.00
85.00
49.00
71.00
3.00
0.00
1.00
33.00
16.00
0.00
162.00
54.00
105.00
2.00
230.00
2.00
0.00
0.00
0.00
0.00
1.00
33.00
0.00
6.00
0.00
109.00
433.00
4.00
243.00
38.00
152.00
18.00
0.00
71.00
48.00
28.00
96.00
35.00
17.00
34.00
98.00
57.00
5.00
3.00
2.00
33.00
213.00
75.00
99.00
344.00
75.00
16.00
176.00
51.00
13.00
1.00
5.00
16.00
42.00
10.00
360.00
325.00
40.00
115.00
56.00
39.00
30.00
113.00
58.00
220.00
26.00
4.00
49.00
68.00
48.00
35.00
248.00
38.00
67.00
124.00
51.00
12.00
52.00
8.00
5.00
159.00
31.00
3.00
63.00
196.00
127.00
207.00
103.00
24.00
1.00
47.00
216.00
2.00
0.00
0.00
557.00
8.00
10.00
26.00
1.00
121.00
5.00
24.00
598.00
22.00
38.00
5.00
7.00
6.00
3.00
0.00
33.00
6.00
102.00
161.00
5.00
3.00
2.00
127.00
114.00
186.00
471.00
166.00
3.00
5.00
148.00
411.00
368.00
8.00
82.00
52.00
1.00
2.00
55.00
1.00
7.00
0.00
1.00
13.00
24.00
165.00
216.00
30.00
3.00
0.00
0.00
0.00
0.00
0.00
0.00
0.00
0.00
0.00
0.00
0.00
2.00
0.00
0.00
209.00
0.00
0.00
496.00
0.00
20.00
11.00
0.00
246.00
410.00
0.00
0.00
0.00
0.00
0.00
0.00
0.00
0.00
0.00
0.00
0.00
0.00
0.00
0.00
0.00
0.00
0.00
0.00
0.00
0.00
0.00
0.00
0.00
0.00
0.00
10.00
0.00
0.00
0.00
0.00
0.00
0.00
0.00
0.00
0.00
0.00
0.00
0.00
0.00
0.00
0.00
0.00
0.00
0.00
0.00
0.00
62.00
0.00
107.00
2.00
0.00
0.00
0.00
0.00
0.00
0.00
0.00
0.00
0.00
0.00
0.00
0.00
0.00
0.00
1.00
22.00
0.00
0.00
0.00
0.00
0.00
0.00
0.00
0.00
0.00
0.00
0.00
0.00
0.00
0.00
0.00
8.00
5.00
0.00
0.00
0.00
0.00
0.00
0.00
0.00
0.00
0.00
0.00
0.00
0.00
0.00
0.00
0.00
0.00
0.00
0.00
0.00
0.00
0.00
0.00
0.00
0.00
0.00
0.00
0.00
0.00
0.00
0.00
0.00
0.00
0.00
0.00
0.00
69.00
2.00
0.00
0.00
23.00
0.00
267.00
0.00
0.00
0.00
0.00
0.00
0.00
174.00
9.00
58.00
233.00
0.00
0.00
0.00
0.00
132.00
0.00
8.00
97.00
206.00
0.00
0.00
210.00
447.00
57.00
0.00
30.00
0.00
38.00
3.00
0.00
0.00
0.00
0.00
0.00
0.00
253.00
37.00
0.00
38.00
779.00
25.00
60.00
819.00
18.00
337.00
782.00
0.00
0.00
0.00
25.00
239.00
163.00
0.00
0.00
0.00
131.00
92.00
0.00
0.00
57.00
0.00
77.00
0.00
118.00
244.00
701.00
49.00
126.00
0.00
2.00
0.00
0.00
1.00
0.00
0.00
0.00
196.00
0.00
1.00
217.00
53.00
11.00
29.00
790.00
30.00
0.00
86.00
0.00
4.00
95.00
0.00
10.00
26.00
392.00
5.00
45.00
42.00
271.00
211.00
850.00
137.00
0.00
4.00
28.00
101.00
0.00
1.00
0.00
8.00
28.00
18.00
79.00
61.00
90.00
478.00
210.00
100.00
12.00
41.00
25.00
48.00
40.00
145.00
159.00
57.00
8.00
16.00
21.00
93.00
121.00
193.00
56.00
137.00
155.00
53.00
540.00
36.00
63.00
17.00
19.00
209.00
102.00
9.00
180.00
105.00
75.00
130.00
56.00
4.00
2.00
26.00
36.00
282.00
851.00
238.00
223.00
68.00
20.00
24.00
104.00
16.00
40.00
25.00
158.00
221.00
161.00
17.00
17.00
883.00
112.00
36.00
237.00
139.00
54.00
151.00
97.00
43.00
10.00
33.00
3.00
5.00
505.00
74.00
158.00
73.00
3.00
35.00
20.00
2.00
6.00
104.00
75.00
34.00
116.00
37.00
4.00
1.00
5.00
5.00
81.00
134.00
89.00
80.00
181.00
46.00
57.00
3.00
0.00
0.00
56.00
84.00
1.00
18.00
2.00
0.00
0.00
0.00
8.00
0.00
0.00
0.00
0.00
0.00
784.00
217.00
0.00
0.00
0.00
0.00
0.00
0.00
0.00
0.00
0.00
0.00
0.00
0.00
0.00
0.00
0.00
0.00
0.00
0.00
0.00
0.00
0.00
1.00
0.00
5.00
279.00
115.00
2.00
0.00
0.00
0.00
0.00
0.00
0.00
0.00
0.00
0.00
0.00
0.00
0.00
0.00
0.00
0.00
0.00
0.00
0.00
0.00
2.00
1.00
82.00
6.00
0.00
0.00
0.00
0.00
0.00
0.00
0.00
0.00
1.00
0.00
0.00
0.00
0.00
0.00
0.00
0.00
0.00
0.00
0.00
0.00
0.00
2.00
0.00
0.00
0.00
0.00
0.00
0.00
0.00
0.00
0.00
0.00
0.00
0.00
0.00
0.00
0.00
0.00
0.00
0.00
0.00
0.00
0.00
0.00
0.00
0.00
0.00
0.00
0.00
0.00
0.00
0.00
0.00
0.00
0.00
0.00
24.00
0.00
1168.00
315.00
341.00
67.00
22.00
75.00
995.00
535.00
0.00
0.00
0.00
0.00
0.00
0.00
0.00
0.00
0.00
0.00
579.00
594.00
0.00
0.00
0.00
0.00
0.00
0.00
135.00
0.00
0.00
0.00
0.00
0.00
0.00
0.00
0.00
0.00
27.00
11.00
0.00
0.00
0.00
0.00
0.00
0.00
0.00
0.00
67.00
85.00
0.00
294.00
4.00
705.00
291.00
0.00
15.00
0.00
0.00
182.00
82.00
78.00
0.00
0.00
0.00
26.00
33.00
0.00
7.00
0.00
6.00
16.00
18.00
0.00
0.00
197.00
0.00
0.00
0.00
383.00
57.00
0.00
491.00
299.00
192.00
0.00
215.00
0.00
48.00
760.00
306.00
72.00
43.00
40.00
41.00
6.00
0.00
3.00
0.00
19.00
71.00
0.00
0.00
0.00
76.00
1.00
208.00
35.00
70.00
13.00
0.00
5.00
48.00
0.00
155.00
65.00
58.00
120.00
34.00
0.00
0.00
2.00
17.00
93.00
912.00
2.00
29.00
15.00
0.00
264.00
0.00
34.00
642.00
39.00
48.00
0.00
0.00
1.00
9.00
132.00
36.00
97.00
8.00
9.00
0.00
12.00
183.00
350.00
237.00
43.00
0.00
1.00
7.00
1.00
2.00
29.00
0.00
36.00
21.00
54.00
40.00
14.00
20.00
0.00
1.00
171.00
2.00
35.00
152.00
408.00
27.00
34.00
78.00
66.00
151.00
148.00
153.00
146.00
10.00
32.00
12.00
47.00
351.00
25.00
7.00
43.00
22.00
21.00
21.00
63.00
44.00
208.00
32.00
3.00
2.00
138.00
33.00
25.00
2.00
334.00
132.00
66.00
39.00
14.00
2.00
16.00
0.00
29.00
6.00
94.00
27.00
55.00
13.00
1.00
0.00
30.00
3.00
13.00
80.00
766.00
252.00
9.00
2.00
3.00
1.00
8.00
255.00
180.00
64.00
1.00
1.00
4.00
9.00
8.00
0.00
1.00
0.00
0.00
0.00
0.00
1.00
0.00
0.00
0.00
0.00
0.00
4.00
18.00
541.00
134.00
4.00
0.00
0.00
0.00
0.00
0.00
0.00
0.00
0.00
0.00
0.00
0.00
0.00
0.00
0.00
36.00
1.00
0.00
0.00
0.00
0.00
0.00
0.00
0.00
0.00
0.00
0.00
0.00
0.00
0.00
0.00
0.00
0.00
0.00
0.00
0.00
0.00
0.00
0.00
0.00
0.00
0.00
0.00
0.00
0.00
0.00
0.00
0.00
0.00
1.00
0.00
3.00
0.00
11.00
0.00
0.00
0.00
0.00
0.00
0.00
0.00
0.00
0.00
0.00
5.00
96.00
126.00
0.00
0.00
0.00
0.00
0.00
0.00
0.00
0.00
0.00
0.00
0.00
0.00
0.00
0.00
0.00
0.00
0.00
0.00
0.00
0.00
0.00
0.00
0.00
0.00
0.00
0.00
0.00
0.00
0.00
0.00
0.00
0.00
0.00
0.00
0.00
0.00
0.00
0.00
4.00
4.00
0.00
0.00
0.00
0.00
0.00
0.00
0.00
0.00
0.00
0.00
0.00
0.00
0.00
0.00
0.00
0.00
0.00
0.00
1.00
2.00
10.00
0.00
0.00
0.00
0.00
0.00
0.00
1.10
22.60
0.10
21.50
0.40
0.00
0.00
0.00
2.30
0.20
0.00
0.00
0.00
0.00
0.00
0.00
0.00
0.00
0.90
5.30
0.00
4.60
1.50
0.00
0.00
0.00
0.00
0.00
0.00
0.00
12.80
2.00
0.00
18.40
1.70
82.50
0.70
13.90
0.00
58.50
0.30
29.90
0.30
13.60
14.60
0.00
18.60
0.00
18.00
0.00
0.00
2.90
0.00
0.10
0.00
0.00
7.90
0.00
0.00
0.00
0.00
0.50
0.00
0.00
0.00
0.10
0.10
0.10
71.30
14.90
0.00
0.00
0.00
0.00
0.00
0.00
0.00
0.00
17.30
1.90
18.90
0.40
30.40
34.20
0.60
0.60
0.00
49.70
49.70
63.50
1.20
0.00
12.50
19.50
0.00
5.10
1.40
0.60
38.40
0.00
0.00
0.40
0.00
0.00
0.00
0.00
0.00
0.00
6.70
0.90
1.00
19.90
0.00
50.80
0.20
1.70
0.10
12.30
0.10
0.00
0.00
16.30
22.60
17.20
3.70
0.30
146.90
2.70
0.10
0.00
1.70
2.20
17.40
4.10
17.60
50.60
50.60
47.10
47.10
70.90
0.50
0.50
5.10
0.70
0.50
0.50
0.50
3.00
7.90
32.10
69.10
4.20
20.40
4.80
1.00
2.10
17.30
3.60
2.90
5.20
2.70
3.40
10.00
2.40
1.90
17.50
7.60
2.10
1.50
30.80
4.80
11.20
7.90
22.40
2.90
0.40
1.40
1.10
1.60
79.60
7.00
4.50
1.60
0.60
1.10
5.00
0.00
2.70
6.60
17.50
17.40
11.20
3.60
1.10
1.10
10.20
1.60
4.00
8.70
0.40
3.20
34.00
0.30
7.60
8.60
5.00
0.90
0.40
0.10
5.20
21.50
13.80
5.90
68.10
3.40
2.70
19.00
14.60
38.80
38.80
0.00
0.50
0.20
4.30
0.80
0.90
42.50
4.10
0.00
0.00
0.00
0.00
0.00
0.10
3.30
0.00
0.20
0.00
0.00
1.70
0.10
0.00
0.50
8.00
72.20
