20160101
0.00
0.00
0.00
0.00
0.00
0.00
0.00
0.00
0.00
0.00
0.00
0.00
0.00
0.00
0.00
0.00
0.00
0.00
32.00
70.00
0.00
0.00
0.00
0.00
0.00
1.00
0.00
0.00
0.00
0.00
0.00
0.00
0.00
0.00
0.00
0.00
0.00
0.00
11.00
0.00
0.00
47.00
0.00
0.00
0.00
0.00
0.00
0.00
0.00
0.00
14.00
0.00
0.00
0.00
0.00
0.00
16.00
1.00
0.00
0.00
0.00
0.00
0.00
0.00
0.00
1.00
0.00
0.00
0.00
0.00
0.00
0.00
0.00
0.00
0.00
1.00
1.00
0.00
23.00
0.00
0.00
0.00
0.00
0.00
0.00
0.00
1.00
183.00
12.00
37.00
392.00
1.00
0.00
40.00
1.00
15.00
0.00
0.00
0.00
0.00
0.00
0.00
0.00
0.00
18.00
0.00
49.00
186.00
17.00
169.00
38.00
0.00
0.00
0.00
0.00
0.00
130.00
142.00
0.00
0.00
0.00
0.00
0.00
74.00
5.00
108.00
63.00
730.00
5.00
9.00
42.00
9.00
636.00
380.00
315.00
123.00
130.00
83.00
63.00
140.00
66.00
219.00
0.00
1.00
70.00
119.00
1.00
16.00
1.00
32.00
42.00
94.00
0.00
25.00
0.00
15.00
0.00
0.00
335.00
0.00
1.00
8.00
236.00
77.00
1.00
1191.00
256.00
501.00
88.00
72.00
250.00
363.00
95.00
272.00
572.00
211.00
88.00
179.00
223.00
44.00
57.00
103.00
145.00
91.00
176.00
223.00
64.00
2.00
659.00
500.00
223.00
30.00
18.00
121.00
435.00
482.00
256.00
75.00
327.00
275.00
193.00
416.00
142.00
104.00
256.00
117.00
532.00
51.00
12.00
16.00
43.00
60.00
94.00
176.00
419.00
227.00
447.00
107.00
35.00
85.00
61.00
44.00
194.00
40.00
193.00
493.00
226.00
546.00
68.00
60.00
22.00
1.00
30.00
18.00
5.00
5.00
2.00
171.00
13.00
4.00
50.00
256.00
693.00
190.00
499.00
1078.00
96.00
77.00
73.00
136.00
118.00
60.00
3.00
520.00
89.00
176.00
283.00
7.00
29.00
301.00
183.00
7.00
251.00
427.00
69.00
1.00
90.00
77.00
948.00
383.00
10.00
1.00
11.00
2.00
7.00
20.00
6.00
0.00
3.00
11.00
23.00
4.00
21.00
194.00
70.00
0.00
0.00
0.00
0.00
0.00
0.00
0.00
0.00
0.00
0.00
0.00
0.00
0.00
0.00
0.00
75.00
0.00
0.00
0.00
0.00
0.00
0.00
0.00
25.00
133.00
0.00
0.00
0.00
0.00
0.00
0.00
0.00
0.00
0.00
0.00
0.00
0.00
0.00
0.00
0.00
0.00
0.00
0.00
0.00
0.00
0.00
0.00
0.00
0.00
0.00
3.00
0.00
0.00
0.00
0.00
0.00
0.00
0.00
0.00
0.00
0.00
0.00
0.00
0.00
0.00
0.00
0.00
0.00
0.00
0.00
0.00
0.00
0.00
0.00
0.00
0.00
0.00
0.00
0.00
0.00
0.00
0.00
0.00
0.00
5.00
0.00
0.00
0.00
0.00
0.00
30.00
0.00
0.00
0.00
0.00
0.00
0.00
0.00
0.00
0.00
0.00
0.00
0.00
0.00
0.00
0.00
1.00
4.00
12.00
0.00
0.00
0.00
0.00
0.00
0.00
0.00
0.00
0.00
0.00
0.00
0.00
0.00
0.00
0.00
0.00
0.00
0.00
0.00
0.00
0.00
0.00
0.00
0.00
41.00
0.00
0.00
0.00
0.00
0.00
0.00
0.00
0.00
0.00
116.00
0.00
0.00
0.00
34.00
0.00
97.00
1.00
0.00
0.00
0.00
0.00
0.00
82.00
41.00
33.00
87.00
0.00
0.00
0.00
44.00
158.00
0.00
26.00
257.00
313.00
41.00
359.00
54.00
336.00
141.00
12.00
382.00
11.00
2.00
39.00
0.00
0.00
0.00
0.00
0.00
0.00
262.00
152.00
0.00
1.00
353.00
468.00
76.00
703.00
0.00
205.00
147.00
160.00
0.00
26.00
0.00
64.00
66.00
0.00
160.00
145.00
52.00
256.00
1.00
4.00
179.00
3.00
148.00
17.00
14.00
577.00
592.00
3.00
21.00
761.00
603.00
368.00
0.00
194.00
37.00
99.00
21.00
160.00
7.00
7.00
130.00
132.00
172.00
300.00
643.00
201.00
3.00
0.00
0.00
36.00
67.00
0.00
74.00
70.00
1444.00
268.00
163.00
29.00
364.00
116.00
465.00
722.00
31.00
244.00
406.00
140.00
196.00
13.00
28.00
85.00
87.00
159.00
615.00
196.00
92.00
470.00
257.00
74.00
86.00
59.00
163.00
157.00
125.00
467.00
261.00
111.00
86.00
261.00
38.00
38.00
729.00
39.00
4.00
67.00
838.00
55.00
162.00
113.00
54.00
78.00
32.00
181.00
39.00
35.00
329.00
247.00
295.00
176.00
407.00
444.00
82.00
84.00
305.00
806.00
1071.00
740.00
237.00
241.00
122.00
23.00
295.00
76.00
155.00
90.00
480.00
287.00
576.00
170.00
339.00
931.00
332.00
46.00
197.00
458.00
307.00
142.00
577.00
336.00
97.00
59.00
34.00
76.00
306.00
1220.00
1160.00
11.00
12.00
148.00
117.00
13.00
25.00
391.00
287.00
270.00
118.00
64.00
37.00
78.00
8.00
17.00
10.00
235.00
164.00
188.00
585.00
86.00
15.00
2.00
20.00
0.00
6.00
2.00
5.00
6.00
0.00
0.00
5.00
74.00
132.00
4.00
0.00
0.00
0.00
84.00
719.00
1112.00
0.00
0.00
0.00
0.00
0.00
0.00
0.00
2.00
12.00
0.00
0.00
0.00
0.00
0.00
0.00
0.00
0.00
0.00
0.00
0.00
0.00
3.00
0.00
10.00
238.00
217.00
11.00
1.00
0.00
0.00
0.00
0.00
0.00
0.00
0.00
0.00
0.00
0.00
0.00
0.00
0.00
0.00
0.00
0.00
0.00
0.00
0.00
42.00
52.00
10.00
0.00
0.00
0.00
0.00
0.00
0.00
0.00
0.00
17.00
7.00
4.00
0.00
0.00
0.00
0.00
0.00
0.00
0.00
0.00
0.00
0.00
1.00
1.00
0.00
0.00
0.00
0.00
0.00
0.00
0.00
0.00
0.00
0.00
0.00
0.00
0.00
0.00
0.00
0.00
0.00
0.00
0.00
0.00
0.00
0.00
0.00
0.00
0.00
0.00
0.00
0.00
0.00
0.00
0.00
0.00
0.00
0.00
0.00
828.00
234.00
279.00
14.00
76.00
187.00
482.00
328.00
0.00
0.00
0.00
0.00
0.00
0.00
0.00
0.00
0.00
0.00
499.00
18.00
0.00
0.00
0.00
0.00
0.00
0.00
0.00
0.00
0.00
0.00
0.00
0.00
0.00
0.00
0.00
0.00
0.00
51.00
0.00
0.00
0.00
0.00
0.00
0.00
0.00
41.00
8.00
0.00
0.00
9.00
815.00
424.00
475.00
0.00
18.00
0.00
0.00
129.00
6.00
25.00
113.00
10.00
0.00
37.00
5.00
0.00
110.00
0.00
53.00
281.00
3.00
91.00
70.00
104.00
0.00
1.00
74.00
6.00
24.00
0.00
63.00
102.00
300.00
20.00
17.00
0.00
140.00
31.00
519.00
505.00
23.00
110.00
71.00
19.00
0.00
0.00
0.00
439.00
1.00
0.00
0.00
0.00
0.00
68.00
130.00
81.00
138.00
259.00
95.00
8.00
151.00
2.00
127.00
26.00
138.00
0.00
31.00
1.00
45.00
86.00
1.00
40.00
43.00
35.00
101.00
84.00
331.00
141.00
38.00
194.00
132.00
121.00
51.00
44.00
5.00
8.00
329.00
762.00
215.00
56.00
59.00
15.00
16.00
326.00
423.00
316.00
91.00
96.00
29.00
23.00
49.00
20.00
12.00
40.00
36.00
259.00
336.00
145.00
47.00
51.00
55.00
10.00
6.00
299.00
59.00
3.00
270.00
316.00
380.00
23.00
359.00
472.00
173.00
614.00
175.00
606.00
174.00
8.00
33.00
98.00
175.00
253.00
55.00
59.00
114.00
67.00
224.00
324.00
195.00
640.00
67.00
11.00
7.00
21.00
45.00
3.00
39.00
985.00
394.00
341.00
90.00
51.00
48.00
6.00
63.00
92.00
69.00
168.00
552.00
275.00
22.00
17.00
7.00
32.00
15.00
251.00
1146.00
407.00
72.00
66.00
2.00
1.00
0.00
3.00
86.00
133.00
0.00
1.00
4.00
351.00
165.00
83.00
4.00
71.00
0.00
0.00
0.00
0.00
5.00
0.00
0.00
0.00
0.00
0.00
9.00
5.00
90.00
79.00
130.00
0.00
0.00
23.00
0.00
0.00
0.00
0.00
0.00
0.00
0.00
0.00
0.00
0.00
9.00
8.00
26.00
4.00
0.00
0.00
0.00
0.00
32.00
0.00
0.00
0.00
0.00
0.00
0.00
0.00
0.00
0.00
0.00
0.00
0.00
0.00
0.00
0.00
0.00
0.00
0.00
0.00
0.00
0.00
0.00
0.00
0.00
0.00
0.00
0.00
0.00
0.00
0.00
1.00
0.00
0.00
0.00
0.00
0.00
0.00
0.00
0.00
0.00
0.00
1.00
56.00
405.00
0.00
0.00
0.00
0.00
0.00
0.00
0.00
0.00
0.00
0.00
0.00
0.00
0.00
0.00
0.00
0.00
0.00
0.00
0.00
0.00
0.00
0.00
0.00
0.00
0.00
0.00
0.00
0.00
0.00
0.00
0.00
0.00
0.00
0.00
0.00
0.00
0.00
0.00
11.00
11.00
0.00
0.00
0.00
0.00
0.00
0.00
0.00
0.00
0.00
0.00
0.00
20.00
4.00
0.00
0.00
5.00
0.00
0.00
1.00
11.00
0.00
0.00
0.00
0.00
0.00
0.00
0.00
3.20
19.40
0.70
53.60
7.20
0.00
0.00
0.00
0.00
0.00
0.00
0.00
0.00
0.00
0.00
0.00
0.00
0.00
4.00
0.30
0.00
12.00
2.50
2.30
0.00
1.70
0.70
0.00
0.00
0.00
10.10
0.40
0.00
26.90
0.40
95.40
0.30
18.90
0.00
13.40
3.10
33.00
0.00
5.40
44.50
0.00
3.30
0.00
4.00
0.00
7.40
0.60
0.00
0.00
0.00
0.50
6.00
0.00
0.00
0.00
0.00
3.80
0.50
16.80
11.40
7.70
7.70
0.20
223.10
43.00
0.00
0.00
11.00
4.40
49.10
40.60
16.10
3.60
20.30
0.90
19.20
0.00
47.20
32.20
1.40
1.40
6.70
52.70
52.70
24.10
3.20
0.00
13.90
2.10
32.70
12.80
24.00
25.70
21.70
31.40
2.90
0.00
1.00
0.70
0.00
14.80
0.00
0.10
0.20
6.00
19.90
10.30
27.10
8.50
0.00
24.10
85.60
32.80
0.50
1.00
3.30
50.30
82.10
63.70
50.80
1.30
3.20
2.40
0.00
1.10
12.80
22.60
7.90
21.90
52.80
143.90
143.90
71.80
71.80
43.40
5.40
5.40
3.70
2.40
5.40
5.40
5.40
5.80
38.60
48.90
38.50
73.70
11.50
6.50
4.90
4.70
11.70
36.80
23.60
19.10
13.30
5.20
9.20
9.20
4.10
3.70
22.30
10.90
1.70
113.50
40.50
26.00
22.10
10.70
1.10
0.90
1.30
3.00
5.20
53.10
24.50
5.70
4.40
1.80
21.90
16.40
1.90
6.40
3.50
8.20
17.70
28.80
22.10
8.60
2.90
11.50
1.00
54.70
26.80
9.60
12.00
47.90
17.80
19.90
52.50
40.20
0.60
1.30
0.70
0.90
14.30
21.90
31.10
29.10
0.40
17.60
30.60
5.20
46.90
46.90
0.00
0.00
0.00
6.60
4.30
32.30
31.10
19.50
5.00
0.00
0.00
0.00
0.00
0.00
0.00
0.00
0.00
0.00
0.00
1.20
0.80
1.10
0.00
1.80
45.80
