20160101
0.00
0.00
0.00
0.00
0.00
0.00
0.00
0.00
1.00
0.00
0.00
0.00
0.00
0.00
0.00
0.00
0.00
0.00
9.00
97.00
0.00
0.00
0.00
0.00
0.00
4.00
0.00
0.00
0.00
0.00
0.00
0.00
0.00
0.00
0.00
0.00
0.00
1.00
7.00
0.00
0.00
0.00
0.00
0.00
0.00
0.00
0.00
0.00
0.00
0.00
4.00
11.00
0.00
0.00
35.00
0.00
19.00
0.00
0.00
0.00
0.00
0.00
0.00
1.00
0.00
23.00
0.00
0.00
0.00
0.00
0.00
2.00
1.00
0.00
0.00
0.00
0.00
0.00
19.00
3.00
49.00
0.00
0.00
0.00
0.00
0.00
113.00
343.00
46.00
54.00
300.00
0.00
0.00
220.00
264.00
913.00
189.00
0.00
9.00
81.00
49.00
0.00
0.00
0.00
143.00
223.00
587.00
791.00
23.00
373.00
362.00
640.00
295.00
0.00
1.00
125.00
343.00
204.00
51.00
1.00
116.00
177.00
25.00
115.00
180.00
66.00
75.00
153.00
14.00
16.00
52.00
68.00
207.00
221.00
332.00
287.00
163.00
1103.00
1198.00
79.00
35.00
474.00
1.00
11.00
186.00
84.00
6.00
266.00
31.00
26.00
28.00
25.00
7.00
0.00
228.00
276.00
154.00
101.00
391.00
79.00
55.00
25.00
23.00
32.00
17.00
295.00
99.00
128.00
50.00
69.00
174.00
394.00
414.00
782.00
1157.00
178.00
19.00
869.00
128.00
46.00
139.00
65.00
102.00
199.00
260.00
13.00
25.00
45.00
220.00
401.00
171.00
91.00
32.00
67.00
36.00
62.00
88.00
87.00
8.00
45.00
294.00
49.00
54.00
113.00
213.00
95.00
147.00
49.00
123.00
0.00
238.00
114.00
10.00
24.00
9.00
232.00
714.00
150.00
39.00
120.00
205.00
222.00
260.00
10.00
105.00
31.00
238.00
515.00
17.00
87.00
36.00
27.00
37.00
63.00
0.00
12.00
0.00
115.00
6.00
21.00
128.00
60.00
1027.00
1010.00
640.00
49.00
317.00
63.00
166.00
118.00
43.00
45.00
8.00
95.00
95.00
289.00
311.00
27.00
0.00
3.00
36.00
483.00
45.00
408.00
394.00
95.00
307.00
18.00
296.00
2.00
0.00
104.00
154.00
6.00
44.00
23.00
0.00
26.00
76.00
103.00
194.00
189.00
110.00
30.00
19.00
83.00
0.00
0.00
0.00
0.00
0.00
0.00
0.00
0.00
0.00
0.00
0.00
17.00
0.00
0.00
273.00
0.00
0.00
0.00
2.00
0.00
0.00
2.00
246.00
413.00
15.00
0.00
0.00
0.00
0.00
0.00
0.00
0.00
0.00
0.00
2.00
3.00
0.00
0.00
2.00
0.00
0.00
0.00
0.00
0.00
0.00
0.00
0.00
0.00
0.00
66.00
0.00
0.00
0.00
0.00
0.00
0.00
0.00
0.00
0.00
0.00
0.00
0.00
0.00
0.00
0.00
0.00
0.00
0.00
0.00
0.00
0.00
0.00
0.00
0.00
6.00
0.00
0.00
0.00
0.00
10.00
0.00
0.00
3.00
8.00
0.00
0.00
0.00
0.00
0.00
0.00
0.00
0.00
0.00
0.00
0.00
0.00
0.00
0.00
0.00
0.00
0.00
0.00
0.00
0.00
0.00
2.00
9.00
0.00
0.00
0.00
0.00
0.00
0.00
0.00
0.00
0.00
0.00
0.00
0.00
0.00
0.00
0.00
0.00
0.00
0.00
0.00
0.00
0.00
0.00
0.00
104.00
0.00
0.00
0.00
0.00
0.00
0.00
0.00
0.00
0.00
0.00
0.00
74.00
13.00
0.00
0.00
71.00
0.00
308.00
18.00
0.00
0.00
0.00
0.00
0.00
72.00
99.00
42.00
128.00
0.00
0.00
0.00
26.00
180.00
3.00
57.00
24.00
495.00
465.00
800.00
228.00
872.00
739.00
111.00
268.00
4.00
13.00
81.00
72.00
0.00
0.00
0.00
0.00
0.00
359.00
21.00
1.00
0.00
782.00
581.00
614.00
103.00
1.00
144.00
200.00
56.00
0.00
107.00
2.00
116.00
154.00
0.00
40.00
175.00
571.00
311.00
1.00
243.00
34.00
9.00
233.00
42.00
55.00
244.00
288.00
2.00
29.00
275.00
335.00
493.00
210.00
134.00
47.00
195.00
374.00
73.00
18.00
15.00
246.00
445.00
175.00
1014.00
104.00
137.00
122.00
93.00
13.00
249.00
127.00
8.00
329.00
489.00
608.00
153.00
570.00
121.00
245.00
1171.00
475.00
1061.00
89.00
325.00
374.00
604.00
418.00
224.00
82.00
192.00
654.00
63.00
379.00
153.00
97.00
114.00
356.00
33.00
95.00
30.00
40.00
195.00
176.00
14.00
247.00
316.00
284.00
197.00
33.00
35.00
35.00
96.00
36.00
404.00
603.00
81.00
13.00
131.00
164.00
39.00
27.00
106.00
152.00
348.00
718.00
229.00
590.00
182.00
623.00
156.00
45.00
42.00
64.00
841.00
877.00
743.00
408.00
172.00
396.00
16.00
325.00
144.00
449.00
160.00
514.00
210.00
639.00
220.00
152.00
268.00
261.00
79.00
160.00
896.00
145.00
222.00
240.00
932.00
203.00
55.00
204.00
85.00
642.00
1310.00
679.00
33.00
23.00
298.00
192.00
30.00
28.00
184.00
37.00
182.00
198.00
19.00
119.00
43.00
121.00
3.00
182.00
313.00
128.00
239.00
413.00
418.00
22.00
6.00
6.00
7.00
114.00
108.00
4.00
6.00
12.00
0.00
361.00
224.00
302.00
28.00
0.00
31.00
199.00
365.00
519.00
1529.00
25.00
0.00
0.00
0.00
3.00
0.00
28.00
34.00
366.00
3.00
2.00
0.00
0.00
3.00
27.00
15.00
0.00
0.00
2.00
7.00
5.00
17.00
13.00
10.00
404.00
115.00
33.00
1.00
5.00
0.00
0.00
0.00
5.00
0.00
0.00
0.00
0.00
0.00
0.00
0.00
0.00
0.00
0.00
0.00
0.00
0.00
5.00
63.00
257.00
119.00
0.00
0.00
0.00
0.00
0.00
0.00
0.00
0.00
78.00
8.00
7.00
1.00
2.00
0.00
0.00
0.00
0.00
0.00
0.00
0.00
0.00
168.00
8.00
0.00
0.00
0.00
0.00
0.00
0.00
0.00
0.00
0.00
0.00
0.00
0.00
0.00
0.00
0.00
0.00
0.00
0.00
0.00
0.00
0.00
0.00
0.00
0.00
0.00
0.00
0.00
0.00
0.00
0.00
0.00
0.00
0.00
0.00
0.00
202.00
57.00
136.00
63.00
27.00
0.00
33.00
18.00
0.00
0.00
0.00
0.00
0.00
0.00
0.00
0.00
12.00
0.00
334.00
394.00
0.00
0.00
0.00
0.00
0.00
0.00
0.00
0.00
0.00
0.00
0.00
0.00
0.00
0.00
0.00
0.00
0.00
50.00
28.00
0.00
0.00
0.00
0.00
0.00
0.00
0.00
25.00
27.00
0.00
389.00
344.00
211.00
168.00
0.00
38.00
0.00
0.00
191.00
7.00
30.00
18.00
351.00
37.00
146.00
39.00
0.00
33.00
0.00
0.00
59.00
24.00
37.00
26.00
102.00
5.00
0.00
128.00
21.00
9.00
1.00
266.00
93.00
176.00
10.00
95.00
2.00
330.00
120.00
603.00
459.00
419.00
357.00
150.00
386.00
2.00
0.00
0.00
329.00
0.00
0.00
2.00
0.00
0.00
46.00
33.00
25.00
169.00
368.00
331.00
2.00
196.00
13.00
88.00
285.00
46.00
29.00
30.00
200.00
31.00
117.00
1.00
19.00
15.00
307.00
80.00
1058.00
990.00
1125.00
692.00
51.00
133.00
320.00
41.00
23.00
121.00
4.00
165.00
183.00
53.00
71.00
99.00
43.00
105.00
65.00
416.00
182.00
100.00
61.00
15.00
25.00
83.00
49.00
86.00
56.00
105.00
284.00
439.00
543.00
145.00
49.00
157.00
11.00
3.00
155.00
200.00
70.00
211.00
382.00
296.00
127.00
80.00
158.00
136.00
279.00
517.00
100.00
54.00
6.00
39.00
356.00
76.00
223.00
179.00
235.00
176.00
500.00
211.00
270.00
359.00
410.00
107.00
15.00
3.00
29.00
38.00
37.00
49.00
336.00
146.00
120.00
295.00
55.00
49.00
44.00
43.00
263.00
208.00
58.00
362.00
195.00
3.00
3.00
4.00
11.00
112.00
143.00
281.00
349.00
83.00
216.00
0.00
2.00
0.00
27.00
76.00
15.00
17.00
31.00
35.00
73.00
249.00
18.00
67.00
0.00
0.00
168.00
0.00
1.00
0.00
0.00
0.00
0.00
0.00
4.00
0.00
37.00
65.00
358.00
34.00
6.00
0.00
22.00
1.00
5.00
0.00
0.00
0.00
1.00
0.00
0.00
0.00
2.00
64.00
182.00
112.00
21.00
0.00
0.00
0.00
0.00
77.00
0.00
0.00
0.00
0.00
0.00
0.00
0.00
0.00
0.00
10.00
0.00
0.00
3.00
0.00
0.00
0.00
0.00
2.00
0.00
0.00
0.00
0.00
0.00
0.00
0.00
0.00
0.00
0.00
0.00
0.00
40.00
0.00
0.00
0.00
0.00
0.00
0.00
0.00
0.00
0.00
0.00
7.00
160.00
78.00
0.00
0.00
0.00
0.00
0.00
0.00
0.00
0.00
0.00
0.00
0.00
0.00
0.00
0.00
0.00
0.00
0.00
0.00
0.00
0.00
0.00
0.00
0.00
0.00
0.00
0.00
0.00
0.00
0.00
0.00
0.00
0.00
0.00
0.00
0.00
0.00
0.00
0.00
1.00
1.00
0.00
0.00
0.00
0.00
0.00
0.00
0.00
0.00
0.00
0.00
0.00
1.00
0.00
0.00
0.00
1.00
0.00
0.00
0.00
1.00
9.00
0.00
0.00
0.00
0.00
0.00
0.00
0.00
38.40
4.40
34.90
34.10
0.00
0.00
0.00
10.20
0.50
0.00
0.00
0.00
0.00
0.00
0.00
0.00
0.00
0.00
0.00
0.00
1.70
1.00
0.90
0.00
1.00
25.30
0.00
0.00
0.00
2.20
9.50
0.00
0.00
0.00
176.20
15.80
42.70
0.00
43.70
29.40
65.00
0.90
2.40
53.20
0.00
0.00
3.40
0.50
0.00
4.70
5.70
0.00
0.00
0.00
29.60
6.80
1.20
0.00
0.00
0.00
0.00
13.80
28.40
15.00
10.80
10.80
11.80
225.40
68.10
35.10
13.30
13.40
40.90
30.30
6.00
21.10
5.60
21.00
1.80
13.40
0.60
45.50
24.60
0.30
0.30
42.50
53.60
53.60
30.70
1.30
14.80
3.00
1.70
1.10
14.10
14.50
13.60
6.60
54.90
10.10
6.50
1.50
4.10
0.10
4.20
8.40
0.10
0.00
74.90
21.10
12.50
11.80
0.70
0.60
26.30
48.50
17.50
2.80
0.40
1.50
228.40
118.10
121.20
108.90
3.80
29.90
11.50
6.60
2.00
7.80
13.50
21.40
11.60
29.90
53.80
53.80
78.10
78.10
81.30
95.60
95.60
1.90
7.40
95.60
95.60
95.60
55.00
84.30
42.70
17.10
11.30
12.10
8.40
4.80
5.00
14.00
20.60
9.40
22.10
21.00
3.80
7.60
5.70
40.50
13.10
7.90
3.30
1.60
19.40
10.50
17.80
18.90
29.00
1.40
2.80
2.10
1.10
13.90
58.30
39.20
14.60
2.60
33.10
24.30
3.80
1.90
4.20
20.90
2.70
4.90
71.70
33.60
12.40
14.70
15.50
7.50
27.00
8.60
16.80
11.70
31.60
4.90
16.10
17.00
3.10
0.90
0.90
1.30
20.10
55.70
21.50
26.10
41.30
0.60
4.30
5.40
9.80
41.00
41.00
48.20
28.70
1.70
2.70
10.40
7.90
3.50
16.50
1.80
0.00
0.00
0.00
0.00
0.20
0.10
0.00
0.10
0.30
0.10
0.30
7.40
0.90
0.10
0.00
1.00
