20160101
0.00
0.00
0.00
0.00
0.00
0.00
0.00
0.00
22.00
0.00
0.00
0.00
0.00
0.00
0.00
0.00
0.00
0.00
1.00
1.00
0.00
0.00
0.00
0.00
0.00
1.00
0.00
0.00
0.00
0.00
0.00
0.00
0.00
0.00
0.00
0.00
0.00
0.00
0.00
1.00
3.00
0.00
0.00
0.00
0.00
0.00
0.00
0.00
0.00
0.00
0.00
37.00
0.00
37.00
127.00
0.00
15.00
0.00
0.00
0.00
0.00
0.00
0.00
24.00
0.00
5.00
1.00
0.00
15.00
31.00
9.00
0.00
0.00
0.00
0.00
0.00
0.00
0.00
37.00
76.00
35.00
0.00
3.00
0.00
0.00
0.00
0.00
557.00
17.00
235.00
208.00
1.00
0.00
197.00
39.00
240.00
88.00
43.00
65.00
3.00
0.00
35.00
44.00
66.00
285.00
206.00
327.00
104.00
405.00
313.00
22.00
55.00
107.00
863.00
622.00
27.00
163.00
95.00
128.00
0.00
58.00
40.00
8.00
0.00
24.00
0.00
24.00
0.00
0.00
0.00
1.00
6.00
128.00
183.00
220.00
138.00
675.00
840.00
130.00
46.00
64.00
600.00
0.00
3.00
62.00
30.00
3.00
0.00
8.00
11.00
13.00
5.00
3.00
0.00
0.00
72.00
13.00
66.00
165.00
77.00
130.00
73.00
14.00
6.00
1.00
4.00
5.00
16.00
28.00
52.00
10.00
37.00
24.00
18.00
53.00
10.00
40.00
21.00
1.00
5.00
207.00
209.00
329.00
237.00
163.00
23.00
12.00
21.00
7.00
37.00
27.00
74.00
56.00
55.00
19.00
91.00
214.00
97.00
0.00
3.00
41.00
11.00
10.00
67.00
25.00
47.00
199.00
1.00
204.00
53.00
54.00
11.00
115.00
9.00
9.00
2.00
6.00
29.00
66.00
43.00
4.00
20.00
60.00
7.00
10.00
25.00
18.00
12.00
60.00
11.00
0.00
3.00
222.00
42.00
2.00
80.00
0.00
193.00
0.00
102.00
4.00
2.00
20.00
508.00
33.00
8.00
1.00
1.00
5.00
0.00
3.00
1.00
3.00
7.00
6.00
25.00
2.00
1.00
0.00
3.00
98.00
79.00
26.00
187.00
169.00
71.00
88.00
37.00
276.00
0.00
33.00
197.00
0.00
23.00
5.00
0.00
0.00
0.00
0.00
26.00
43.00
30.00
215.00
150.00
5.00
138.00
0.00
0.00
0.00
0.00
0.00
0.00
0.00
0.00
0.00
0.00
0.00
0.00
1.00
0.00
59.00
204.00
31.00
2.00
0.00
0.00
0.00
105.00
156.00
203.00
76.00
0.00
0.00
0.00
0.00
0.00
0.00
0.00
0.00
0.00
0.00
0.00
0.00
0.00
0.00
0.00
0.00
0.00
0.00
0.00
0.00
0.00
0.00
0.00
0.00
18.00
0.00
0.00
0.00
0.00
0.00
0.00
0.00
0.00
0.00
0.00
0.00
0.00
0.00
0.00
0.00
0.00
0.00
0.00
0.00
0.00
0.00
0.00
0.00
0.00
50.00
0.00
0.00
0.00
0.00
0.00
0.00
0.00
3.00
6.00
0.00
0.00
0.00
0.00
0.00
0.00
0.00
0.00
0.00
0.00
0.00
0.00
0.00
0.00
0.00
0.00
0.00
0.00
0.00
0.00
0.00
0.00
1.00
0.00
0.00
0.00
0.00
0.00
0.00
0.00
0.00
0.00
0.00
0.00
0.00
0.00
0.00
0.00
0.00
0.00
0.00
0.00
0.00
0.00
0.00
0.00
27.00
211.00
107.00
0.00
0.00
0.00
0.00
0.00
0.00
0.00
0.00
0.00
21.00
105.00
0.00
0.00
70.00
0.00
192.00
92.00
0.00
2.00
0.00
0.00
0.00
0.00
189.00
7.00
109.00
0.00
0.00
0.00
0.00
13.00
0.00
0.00
10.00
401.00
253.00
359.00
919.00
346.00
428.00
209.00
14.00
0.00
16.00
17.00
71.00
0.00
0.00
0.00
0.00
0.00
64.00
6.00
0.00
17.00
166.00
19.00
70.00
14.00
1.00
10.00
469.00
64.00
17.00
91.00
17.00
200.00
103.00
0.00
0.00
6.00
80.00
70.00
7.00
0.00
37.00
0.00
0.00
0.00
0.00
62.00
129.00
1.00
23.00
10.00
70.00
11.00
15.00
0.00
0.00
142.00
9.00
28.00
272.00
57.00
56.00
452.00
9.00
105.00
27.00
165.00
52.00
4.00
0.00
10.00
176.00
367.00
59.00
259.00
260.00
17.00
20.00
57.00
40.00
44.00
33.00
33.00
0.00
8.00
101.00
24.00
7.00
13.00
19.00
45.00
131.00
114.00
362.00
141.00
16.00
84.00
50.00
68.00
16.00
110.00
129.00
86.00
74.00
104.00
57.00
18.00
64.00
117.00
4.00
11.00
96.00
49.00
61.00
0.00
41.00
48.00
5.00
26.00
19.00
5.00
121.00
4.00
0.00
6.00
7.00
29.00
152.00
22.00
4.00
72.00
20.00
5.00
0.00
13.00
71.00
60.00
21.00
31.00
93.00
19.00
6.00
43.00
8.00
1.00
55.00
45.00
1.00
8.00
92.00
219.00
39.00
15.00
114.00
54.00
32.00
47.00
58.00
12.00
1.00
6.00
7.00
0.00
1.00
49.00
20.00
90.00
9.00
52.00
74.00
8.00
13.00
452.00
91.00
160.00
252.00
0.00
5.00
0.00
15.00
3.00
69.00
32.00
69.00
233.00
89.00
61.00
5.00
27.00
1.00
14.00
10.00
0.00
43.00
23.00
4.00
26.00
21.00
49.00
0.00
0.00
0.00
0.00
17.00
101.00
134.00
842.00
0.00
0.00
0.00
0.00
0.00
0.00
3.00
1446.00
443.00
0.00
0.00
0.00
0.00
0.00
0.00
0.00
0.00
0.00
0.00
0.00
4.00
26.00
0.00
0.00
54.00
4.00
5.00
0.00
0.00
0.00
0.00
0.00
0.00
0.00
0.00
0.00
0.00
0.00
0.00
0.00
0.00
0.00
0.00
0.00
0.00
0.00
0.00
226.00
815.00
104.00
0.00
0.00
0.00
0.00
0.00
0.00
0.00
0.00
89.00
0.00
0.00
0.00
0.00
0.00
0.00
0.00
0.00
0.00
0.00
0.00
1.00
64.00
66.00
0.00
0.00
0.00
0.00
0.00
0.00
0.00
0.00
0.00
0.00
0.00
0.00
0.00
0.00
0.00
0.00
0.00
0.00
0.00
0.00
0.00
0.00
0.00
0.00
0.00
0.00
0.00
0.00
0.00
0.00
0.00
0.00
0.00
0.00
0.00
18.00
0.00
28.00
1.00
0.00
0.00
0.00
0.00
0.00
0.00
0.00
0.00
0.00
1.00
0.00
0.00
0.00
0.00
1.00
720.00
0.00
0.00
0.00
0.00
35.00
0.00
3.00
0.00
0.00
0.00
0.00
0.00
0.00
85.00
1123.00
0.00
419.00
118.00
160.00
57.00
0.00
0.00
0.00
0.00
0.00
0.00
0.00
149.00
6.00
0.00
67.00
145.00
0.00
14.00
53.00
0.00
69.00
0.00
0.00
4.00
55.00
10.00
188.00
307.00
53.00
1.00
108.00
0.00
1.00
20.00
8.00
11.00
50.00
148.00
34.00
0.00
0.00
16.00
0.00
0.00
287.00
27.00
83.00
4.00
223.00
8.00
260.00
441.00
285.00
211.00
93.00
540.00
444.00
60.00
95.00
101.00
0.00
19.00
4.00
0.00
0.00
87.00
0.00
0.00
1.00
0.00
145.00
9.00
0.00
42.00
1.00
135.00
4.00
3.00
4.00
39.00
90.00
68.00
30.00
7.00
1.00
5.00
35.00
55.00
260.00
575.00
41.00
137.00
29.00
27.00
0.00
0.00
0.00
1.00
35.00
37.00
84.00
0.00
71.00
63.00
16.00
16.00
50.00
13.00
11.00
2.00
1.00
0.00
0.00
2.00
33.00
93.00
27.00
176.00
28.00
9.00
36.00
4.00
17.00
3.00
2.00
6.00
0.00
7.00
47.00
74.00
48.00
156.00
258.00
53.00
53.00
58.00
190.00
142.00
20.00
244.00
18.00
93.00
185.00
137.00
146.00
5.00
46.00
153.00
35.00
137.00
57.00
32.00
4.00
23.00
0.00
10.00
50.00
5.00
18.00
114.00
43.00
179.00
34.00
13.00
0.00
54.00
47.00
19.00
0.00
0.00
88.00
12.00
1.00
104.00
0.00
0.00
0.00
1.00
16.00
15.00
0.00
3.00
1.00
0.00
9.00
2.00
4.00
14.00
1.00
3.00
3.00
1.00
12.00
16.00
0.00
0.00
1.00
6.00
0.00
0.00
0.00
0.00
0.00
0.00
0.00
0.00
0.00
0.00
40.00
35.00
116.00
164.00
52.00
0.00
0.00
0.00
0.00
0.00
0.00
0.00
0.00
0.00
0.00
0.00
0.00
0.00
294.00
171.00
170.00
122.00
42.00
0.00
0.00
0.00
0.00
0.00
0.00
0.00
0.00
0.00
0.00
0.00
0.00
0.00
0.00
0.00
0.00
0.00
0.00
0.00
0.00
0.00
0.00
0.00
0.00
0.00
0.00
0.00
0.00
0.00
0.00
0.00
0.00
0.00
0.00
0.00
0.00
0.00
0.00
0.00
0.00
81.00
0.00
0.00
0.00
0.00
18.00
43.00
20.00
0.00
0.00
0.00
0.00
0.00
0.00
0.00
0.00
0.00
0.00
0.00
0.00
0.00
0.00
0.00
0.00
0.00
0.00
0.00
0.00
0.00
0.00
0.00
0.00
0.00
0.00
0.00
0.00
0.00
0.00
0.00
0.00
0.00
0.00
0.00
0.00
0.00
0.00
0.00
0.00
0.00
1.00
0.00
0.00
0.00
0.00
0.00
0.00
0.00
0.00
0.00
0.00
0.00
0.00
0.00
0.00
0.00
0.00
0.00
0.00
21.00
0.00
0.00
0.00
0.00
0.00
2.10
0.00
36.00
20.60
48.40
26.50
0.00
0.00
0.00
0.00
1.50
0.00
0.00
0.00
0.00
0.00
0.00
0.00
0.00
0.00
0.20
0.00
7.30
3.00
5.40
0.00
0.00
6.10
0.00
0.00
0.00
0.00
7.70
0.00
0.00
0.00
21.00
66.70
78.50
0.00
117.50
5.20
4.60
1.40
23.40
13.60
0.00
0.00
0.20
1.10
0.20
8.00
0.00
21.50
0.00
0.00
3.20
0.00
1.30
0.00
0.00
0.00
0.30
0.30
10.40
16.80
4.30
4.30
0.20
3.40
13.90
0.00
1.40
0.20
0.20
1.30
0.00
2.60
3.60
2.70
11.20
6.20
0.50
6.10
4.30
0.10
0.10
0.20
3.30
3.30
11.60
0.00
0.10
0.00
0.00
0.00
0.00
5.40
0.70
0.00
6.30
3.60
0.00
0.30
11.10
0.10
15.10
0.00
0.00
0.30
0.30
14.30
2.40
0.00
3.30
0.00
2.30
1.50
4.30
1.80
2.10
0.60
0.30
5.50
6.70
2.30
0.00
1.70
0.50
0.00
0.00
0.40
1.20
0.40
4.20
3.30
4.10
4.10
3.60
3.60
1.20
24.90
24.90
0.00
0.20
24.90
24.90
24.90
12.20
3.80
1.00
1.20
18.70
20.80
6.70
0.20
0.60
5.60
3.20
10.80
6.30
3.60
0.30
7.30
1.20
2.60
4.30
2.00
8.80
0.10
6.40
2.30
7.30
9.30
1.00
0.40
0.00
0.10
5.10
5.80
8.90
10.10
1.50
1.10
0.00
0.00
16.20
0.10
2.00
2.10
2.50
1.80
0.50
2.90
2.10
0.30
5.40
1.70
0.60
6.00
11.80
7.10
0.30
1.80
3.80
16.70
0.70
0.00
0.30
0.10
12.60
22.40
13.30
16.10
6.20
8.60
0.30
3.60
16.90
0.10
0.10
10.60
0.20
0.00
5.40
3.50
11.60
1.60
3.60
1.20
0.00
0.00
0.00
0.10
14.50
0.50
0.00
0.00
0.40
0.00
5.70
23.00
1.30
0.20
1.80
0.70
