20160101
0.00
0.00
0.00
0.00
0.00
0.00
0.00
0.00
0.00
0.00
0.00
0.00
0.00
0.00
0.00
0.00
0.00
0.00
1.00
9.00
0.00
0.00
0.00
0.00
0.00
1.00
0.00
0.00
0.00
0.00
0.00
0.00
0.00
0.00
0.00
0.00
0.00
0.00
0.00
2.00
0.00
0.00
1.00
0.00
0.00
0.00
0.00
0.00
0.00
0.00
0.00
0.00
2.00
256.00
322.00
0.00
30.00
0.00
0.00
0.00
0.00
0.00
0.00
218.00
0.00
9.00
0.00
3.00
0.00
0.00
36.00
0.00
0.00
0.00
6.00
10.00
0.00
0.00
4.00
0.00
48.00
0.00
2.00
0.00
0.00
0.00
0.00
581.00
13.00
10.00
649.00
20.00
0.00
465.00
653.00
990.00
199.00
0.00
69.00
0.00
33.00
0.00
0.00
76.00
84.00
211.00
333.00
1198.00
17.00
887.00
120.00
842.00
609.00
9.00
11.00
298.00
204.00
101.00
0.00
1.00
142.00
42.00
124.00
59.00
225.00
39.00
71.00
11.00
1.00
0.00
20.00
58.00
182.00
150.00
194.00
70.00
58.00
1289.00
162.00
29.00
115.00
917.00
0.00
0.00
19.00
32.00
8.00
1.00
16.00
89.00
33.00
125.00
0.00
0.00
7.00
18.00
31.00
8.00
125.00
21.00
133.00
53.00
44.00
47.00
152.00
0.00
69.00
488.00
820.00
74.00
2.00
1.00
39.00
58.00
41.00
71.00
32.00
73.00
148.00
18.00
329.00
58.00
154.00
332.00
208.00
15.00
4.00
24.00
12.00
30.00
141.00
66.00
55.00
32.00
0.00
81.00
673.00
29.00
0.00
23.00
82.00
5.00
29.00
101.00
172.00
132.00
153.00
30.00
7.00
75.00
217.00
113.00
2.00
7.00
0.00
26.00
168.00
218.00
62.00
225.00
262.00
102.00
14.00
71.00
48.00
22.00
36.00
397.00
30.00
69.00
29.00
0.00
627.00
31.00
2.00
20.00
0.00
561.00
16.00
45.00
125.00
132.00
747.00
364.00
59.00
3.00
180.00
106.00
464.00
202.00
117.00
12.00
45.00
11.00
63.00
636.00
1318.00
566.00
0.00
24.00
114.00
106.00
109.00
105.00
740.00
131.00
28.00
36.00
13.00
93.00
5.00
863.00
10.00
117.00
16.00
0.00
0.00
3.00
129.00
43.00
17.00
93.00
57.00
56.00
83.00
204.00
28.00
0.00
0.00
0.00
0.00
0.00
0.00
0.00
0.00
0.00
0.00
0.00
0.00
0.00
109.00
24.00
37.00
6.00
0.00
0.00
0.00
13.00
178.00
341.00
372.00
0.00
0.00
0.00
0.00
0.00
0.00
0.00
0.00
0.00
0.00
0.00
0.00
0.00
0.00
0.00
0.00
0.00
0.00
0.00
0.00
0.00
0.00
0.00
0.00
6.00
0.00
0.00
0.00
0.00
0.00
0.00
0.00
0.00
0.00
0.00
0.00
0.00
0.00
0.00
0.00
0.00
0.00
0.00
0.00
0.00
0.00
0.00
0.00
0.00
29.00
0.00
0.00
0.00
0.00
0.00
0.00
0.00
0.00
0.00
0.00
0.00
0.00
0.00
0.00
0.00
0.00
0.00
0.00
0.00
0.00
0.00
0.00
0.00
0.00
5.00
0.00
0.00
0.00
0.00
0.00
0.00
1.00
0.00
0.00
0.00
0.00
0.00
0.00
0.00
0.00
0.00
0.00
0.00
0.00
0.00
0.00
0.00
0.00
0.00
0.00
0.00
0.00
0.00
0.00
0.00
3.00
8.00
0.00
0.00
0.00
0.00
0.00
0.00
0.00
0.00
0.00
0.00
1.00
74.00
13.00
0.00
110.00
0.00
205.00
58.00
0.00
0.00
0.00
0.00
0.00
9.00
98.00
0.00
94.00
0.00
0.00
0.00
0.00
98.00
2.00
0.00
21.00
541.00
937.00
1002.00
259.00
282.00
163.00
542.00
230.00
1.00
2.00
0.00
16.00
5.00
0.00
0.00
0.00
0.00
12.00
27.00
0.00
10.00
394.00
582.00
333.00
367.00
63.00
143.00
130.00
0.00
21.00
163.00
15.00
123.00
184.00
0.00
0.00
44.00
117.00
123.00
0.00
0.00
84.00
0.00
6.00
0.00
58.00
319.00
369.00
0.00
27.00
24.00
101.00
146.00
69.00
21.00
0.00
14.00
14.00
94.00
20.00
4.00
127.00
680.00
315.00
425.00
74.00
391.00
219.00
8.00
0.00
1.00
88.00
62.00
640.00
330.00
1721.00
93.00
55.00
13.00
58.00
165.00
806.00
321.00
33.00
1.00
41.00
303.00
450.00
720.00
242.00
321.00
168.00
78.00
163.00
214.00
84.00
74.00
13.00
189.00
101.00
129.00
55.00
105.00
75.00
88.00
427.00
211.00
38.00
254.00
3.00
6.00
149.00
177.00
74.00
29.00
101.00
423.00
138.00
34.00
49.00
35.00
20.00
15.00
2.00
76.00
177.00
67.00
191.00
52.00
195.00
92.00
11.00
6.00
3.00
31.00
819.00
175.00
46.00
28.00
33.00
16.00
23.00
11.00
297.00
79.00
123.00
70.00
242.00
251.00
155.00
326.00
35.00
217.00
231.00
329.00
102.00
6.00
1.00
12.00
79.00
4.00
56.00
99.00
28.00
19.00
132.00
57.00
3.00
78.00
27.00
0.00
3.00
129.00
31.00
461.00
68.00
69.00
0.00
0.00
0.00
13.00
7.00
206.00
219.00
1.00
526.00
2.00
13.00
0.00
0.00
321.00
242.00
142.00
121.00
3.00
1.00
0.00
420.00
13.00
0.00
0.00
0.00
62.00
166.00
279.00
425.00
1627.00
0.00
0.00
0.00
0.00
0.00
0.00
0.00
768.00
714.00
0.00
0.00
0.00
0.00
0.00
0.00
0.00
0.00
0.00
0.00
0.00
0.00
37.00
2.00
0.00
151.00
18.00
22.00
0.00
0.00
0.00
0.00
0.00
0.00
0.00
0.00
0.00
0.00
0.00
0.00
0.00
0.00
0.00
0.00
0.00
0.00
0.00
16.00
328.00
224.00
219.00
1.00
0.00
0.00
0.00
0.00
0.00
0.00
0.00
45.00
0.00
0.00
1.00
0.00
0.00
0.00
0.00
0.00
0.00
0.00
0.00
186.00
94.00
6.00
0.00
0.00
0.00
0.00
0.00
0.00
0.00
0.00
0.00
0.00
0.00
0.00
0.00
0.00
0.00
0.00
0.00
0.00
0.00
0.00
0.00
0.00
0.00
0.00
0.00
0.00
0.00
0.00
0.00
0.00
0.00
0.00
0.00
0.00
0.00
28.00
8.00
64.00
11.00
16.00
0.00
3.00
0.00
0.00
0.00
0.00
0.00
0.00
0.00
0.00
0.00
94.00
0.00
105.00
552.00
0.00
0.00
0.00
0.00
0.00
0.00
0.00
0.00
0.00
0.00
0.00
0.00
0.00
6.00
202.00
0.00
32.00
94.00
6.00
0.00
0.00
0.00
0.00
0.00
1.00
0.00
0.00
323.00
14.00
312.00
300.00
346.00
3.00
1.00
16.00
1.00
0.00
25.00
78.00
1.00
103.00
44.00
1.00
52.00
61.00
0.00
334.00
0.00
0.00
150.00
62.00
0.00
54.00
361.00
95.00
0.00
1.00
48.00
21.00
5.00
171.00
31.00
389.00
4.00
204.00
92.00
224.00
408.00
845.00
759.00
480.00
434.00
296.00
252.00
0.00
64.00
290.00
232.00
53.00
0.00
6.00
72.00
2.00
20.00
46.00
26.00
361.00
171.00
21.00
435.00
5.00
33.00
67.00
62.00
39.00
137.00
40.00
102.00
712.00
185.00
4.00
758.00
143.00
1054.00
1074.00
309.00
30.00
269.00
387.00
7.00
35.00
17.00
23.00
0.00
60.00
121.00
32.00
94.00
37.00
297.00
40.00
43.00
27.00
14.00
0.00
3.00
24.00
0.00
0.00
32.00
181.00
38.00
62.00
486.00
188.00
126.00
0.00
23.00
56.00
20.00
92.00
83.00
11.00
29.00
325.00
41.00
53.00
98.00
54.00
59.00
33.00
126.00
396.00
820.00
242.00
33.00
5.00
27.00
432.00
419.00
19.00
133.00
75.00
355.00
132.00
106.00
156.00
1326.00
42.00
70.00
212.00
11.00
1.00
4.00
170.00
130.00
7.00
197.00
42.00
86.00
132.00
71.00
17.00
17.00
150.00
11.00
204.00
2.00
56.00
142.00
8.00
19.00
1.00
9.00
175.00
62.00
0.00
1.00
70.00
3.00
4.00
231.00
29.00
116.00
122.00
17.00
157.00
0.00
25.00
29.00
8.00
14.00
72.00
0.00
0.00
0.00
1.00
0.00
0.00
0.00
0.00
6.00
0.00
0.00
15.00
142.00
284.00
191.00
9.00
8.00
0.00
0.00
0.00
0.00
0.00
0.00
0.00
0.00
0.00
0.00
0.00
0.00
1575.00
337.00
181.00
116.00
48.00
0.00
0.00
2.00
10.00
0.00
0.00
0.00
0.00
0.00
0.00
0.00
29.00
0.00
0.00
0.00
0.00
0.00
0.00
0.00
0.00
0.00
0.00
0.00
0.00
0.00
0.00
0.00
0.00
0.00
0.00
0.00
0.00
0.00
0.00
0.00
0.00
0.00
0.00
0.00
0.00
0.00
0.00
0.00
0.00
0.00
67.00
35.00
9.00
0.00
0.00
0.00
0.00
0.00
0.00
0.00
0.00
0.00
0.00
0.00
0.00
0.00
0.00
0.00
0.00
0.00
0.00
0.00
0.00
0.00
0.00
0.00
0.00
0.00
0.00
0.00
0.00
0.00
0.00
0.00
0.00
0.00
0.00
0.00
0.00
0.00
0.00
0.00
0.00
0.00
0.00
0.00
0.00
0.00
0.00
0.00
0.00
0.00
0.00
0.00
0.00
0.00
0.00
0.00
0.00
0.00
0.00
0.00
0.00
5.00
0.00
0.00
0.00
0.00
0.00
0.00
4.10
78.80
22.40
61.20
27.80
0.00
0.00
0.00
7.00
27.60
14.20
0.00
0.00
0.00
0.00
0.00
0.00
0.00
0.00
0.60
0.00
40.40
3.50
0.00
0.00
0.00
23.60
0.00
0.00
0.00
2.10
35.30
0.00
0.00
0.00
97.40
18.30
145.40
3.70
30.20
8.70
8.80
0.00
30.80
13.70
0.30
0.00
2.50
0.20
0.00
1.40
1.40
1.40
0.00
0.00
25.80
0.00
0.00
0.00
0.00
0.00
0.00
27.40
42.10
5.40
0.30
0.30
4.70
21.60
36.10
0.00
0.00
0.10
0.00
0.00
0.00
8.40
0.00
23.60
1.40
5.60
17.60
71.40
3.40
0.00
0.00
2.60
10.00
10.00
67.00
1.10
2.70
0.40
0.00
0.00
0.00
25.80
20.80
0.00
0.10
13.00
0.80
16.90
12.30
36.20
2.00
3.30
0.00
0.20
27.10
211.20
8.40
0.10
0.10
0.80
32.90
9.00
33.30
1.80
0.30
0.40
4.10
40.50
5.50
7.00
11.20
6.60
17.00
8.60
26.30
38.60
19.10
19.00
3.80
120.60
14.80
14.80
39.80
39.80
2.10
3.10
3.10
0.30
5.50
3.10
3.10
3.10
6.30
4.20
9.20
15.40
100.10
32.90
10.70
1.10
0.60
11.10
4.20
6.20
40.00
15.50
2.90
1.40
0.80
17.90
5.00
0.40
0.10
0.10
5.80
11.70
12.30
8.20
5.40
7.00
1.40
1.00
4.20
6.20
20.40
33.00
23.40
3.70
7.90
13.30
1.30
1.10
10.70
3.90
28.70
0.20
9.90
55.70
30.80
23.60
13.30
3.30
0.20
13.70
11.10
14.10
2.30
0.00
6.60
20.50
0.20
0.10
0.00
0.40
9.00
51.50
13.30
21.90
15.60
0.10
6.20
11.60
16.40
11.60
11.60
0.90
0.00
1.30
0.00
44.80
13.60
5.20
23.10
28.90
0.00
0.00
0.00
0.00
11.70
3.60
0.00
0.00
0.00
0.00
0.30
7.40
0.90
0.10
0.00
1.00
