20160101
0.00
0.00
0.00
0.00
0.00
0.00
0.00
0.00
0.00
0.00
0.00
0.00
2.00
0.00
0.00
0.00
0.00
0.00
0.00
0.00
0.00
0.00
0.00
0.00
0.00
1.00
0.00
0.00
0.00
0.00
0.00
0.00
0.00
0.00
0.00
0.00
0.00
0.00
0.00
0.00
0.00
0.00
1.00
0.00
0.00
0.00
0.00
0.00
0.00
0.00
0.00
0.00
0.00
28.00
28.00
0.00
16.00
0.00
0.00
0.00
0.00
0.00
0.00
30.00
0.00
18.00
0.00
7.00
1.00
0.00
0.00
0.00
0.00
0.00
0.00
33.00
0.00
0.00
3.00
0.00
41.00
0.00
48.00
0.00
0.00
0.00
0.00
444.00
0.00
172.00
397.00
2.00
0.00
67.00
118.00
255.00
30.00
0.00
2.00
0.00
6.00
0.00
0.00
43.00
51.00
25.00
299.00
137.00
0.00
130.00
245.00
185.00
218.00
54.00
28.00
102.00
8.00
15.00
56.00
0.00
30.00
42.00
122.00
5.00
63.00
3.00
3.00
0.00
0.00
0.00
0.00
33.00
108.00
161.00
2.00
42.00
6.00
264.00
291.00
11.00
117.00
890.00
0.00
0.00
3.00
6.00
0.00
32.00
0.00
63.00
9.00
9.00
1.00
0.00
0.00
107.00
0.00
115.00
93.00
5.00
171.00
36.00
16.00
110.00
3.00
0.00
112.00
51.00
53.00
201.00
16.00
6.00
50.00
97.00
17.00
43.00
82.00
21.00
44.00
1.00
93.00
16.00
220.00
135.00
76.00
25.00
0.00
6.00
87.00
150.00
88.00
84.00
50.00
27.00
16.00
41.00
38.00
147.00
19.00
0.00
23.00
5.00
34.00
64.00
90.00
19.00
246.00
2.00
11.00
12.00
65.00
14.00
180.00
16.00
6.00
0.00
17.00
128.00
67.00
11.00
10.00
22.00
16.00
148.00
2.00
17.00
7.00
23.00
80.00
2.00
3.00
0.00
393.00
4.00
1.00
25.00
0.00
151.00
0.00
6.00
12.00
26.00
16.00
278.00
14.00
0.00
3.00
21.00
39.00
13.00
23.00
46.00
133.00
7.00
9.00
0.00
1.00
0.00
12.00
89.00
170.00
8.00
320.00
162.00
199.00
115.00
168.00
118.00
51.00
70.00
45.00
73.00
0.00
24.00
40.00
0.00
0.00
0.00
0.00
30.00
44.00
126.00
44.00
244.00
8.00
122.00
0.00
0.00
0.00
0.00
0.00
0.00
0.00
0.00
0.00
0.00
0.00
0.00
0.00
0.00
283.00
158.00
45.00
2.00
0.00
0.00
10.00
8.00
136.00
302.00
78.00
0.00
0.00
0.00
0.00
0.00
0.00
0.00
0.00
0.00
0.00
0.00
0.00
0.00
0.00
0.00
0.00
0.00
0.00
0.00
0.00
0.00
0.00
0.00
0.00
0.00
0.00
0.00
0.00
0.00
0.00
0.00
0.00
0.00
0.00
0.00
0.00
0.00
0.00
0.00
0.00
0.00
0.00
0.00
0.00
0.00
0.00
0.00
0.00
0.00
0.00
0.00
0.00
0.00
0.00
0.00
0.00
0.00
0.00
0.00
0.00
0.00
0.00
0.00
0.00
0.00
0.00
0.00
0.00
0.00
0.00
0.00
0.00
0.00
0.00
0.00
0.00
0.00
0.00
0.00
0.00
0.00
30.00
0.00
0.00
0.00
0.00
0.00
0.00
0.00
0.00
0.00
0.00
0.00
0.00
0.00
0.00
0.00
0.00
0.00
0.00
0.00
0.00
0.00
0.00
0.00
0.00
0.00
0.00
0.00
0.00
0.00
0.00
0.00
0.00
0.00
0.00
0.00
0.00
12.00
8.00
0.00
117.00
0.00
57.00
65.00
2.00
0.00
0.00
0.00
0.00
0.00
74.00
2.00
83.00
0.00
0.00
0.00
0.00
28.00
0.00
0.00
1.00
90.00
394.00
350.00
200.00
62.00
410.00
418.00
14.00
0.00
0.00
0.00
0.00
0.00
0.00
0.00
0.00
0.00
73.00
4.00
61.00
1.00
227.00
110.00
89.00
146.00
80.00
71.00
105.00
0.00
0.00
37.00
0.00
139.00
139.00
0.00
0.00
11.00
61.00
9.00
0.00
0.00
92.00
0.00
0.00
0.00
35.00
44.00
160.00
4.00
9.00
0.00
5.00
0.00
27.00
58.00
0.00
5.00
0.00
1.00
150.00
118.00
227.00
241.00
16.00
30.00
121.00
32.00
1.00
0.00
0.00
33.00
98.00
142.00
36.00
156.00
110.00
61.00
0.00
15.00
0.00
53.00
23.00
5.00
17.00
104.00
19.00
23.00
1.00
26.00
49.00
16.00
19.00
247.00
251.00
58.00
10.00
82.00
97.00
15.00
39.00
63.00
81.00
74.00
95.00
255.00
24.00
42.00
17.00
2.00
8.00
118.00
110.00
101.00
154.00
17.00
124.00
71.00
18.00
21.00
66.00
8.00
62.00
20.00
12.00
4.00
2.00
21.00
120.00
40.00
97.00
39.00
4.00
4.00
10.00
27.00
9.00
43.00
13.00
43.00
97.00
27.00
0.00
32.00
97.00
40.00
63.00
29.00
0.00
19.00
79.00
375.00
29.00
51.00
15.00
25.00
12.00
28.00
7.00
2.00
3.00
5.00
2.00
50.00
5.00
2.00
23.00
29.00
11.00
52.00
93.00
0.00
53.00
456.00
132.00
112.00
166.00
0.00
8.00
7.00
0.00
0.00
282.00
47.00
33.00
0.00
8.00
106.00
273.00
4.00
1.00
3.00
57.00
3.00
17.00
241.00
0.00
5.00
9.00
14.00
0.00
0.00
0.00
0.00
19.00
66.00
169.00
390.00
0.00
0.00
0.00
0.00
0.00
0.00
1.00
445.00
464.00
0.00
0.00
0.00
0.00
0.00
0.00
0.00
0.00
0.00
0.00
0.00
0.00
76.00
0.00
0.00
82.00
97.00
21.00
0.00
0.00
0.00
0.00
0.00
0.00
0.00
0.00
0.00
0.00
0.00
0.00
0.00
0.00
0.00
0.00
0.00
0.00
1.00
7.00
90.00
184.00
136.00
0.00
0.00
0.00
0.00
0.00
0.00
0.00
0.00
7.00
0.00
0.00
0.00
0.00
0.00
0.00
0.00
0.00
0.00
0.00
0.00
82.00
164.00
24.00
0.00
0.00
0.00
0.00
0.00
0.00
0.00
0.00
0.00
0.00
0.00
0.00
0.00
0.00
0.00
0.00
0.00
0.00
0.00
0.00
0.00
0.00
0.00
0.00
0.00
0.00
0.00
0.00
0.00
0.00
0.00
0.00
0.00
0.00
0.00
0.00
26.00
149.00
0.00
14.00
0.00
0.00
0.00
0.00
0.00
0.00
0.00
0.00
0.00
0.00
0.00
0.00
1.00
0.00
82.00
0.00
0.00
0.00
0.00
0.00
0.00
0.00
0.00
0.00
0.00
0.00
0.00
0.00
0.00
16.00
0.00
0.00
0.00
168.00
2.00
0.00
0.00
0.00
0.00
0.00
0.00
0.00
34.00
4.00
0.00
18.00
38.00
0.00
0.00
29.00
41.00
20.00
23.00
0.00
1.00
296.00
0.00
15.00
0.00
2.00
0.00
44.00
2.00
0.00
48.00
21.00
15.00
7.00
86.00
7.00
0.00
0.00
29.00
3.00
5.00
20.00
35.00
63.00
10.00
106.00
0.00
61.00
125.00
226.00
314.00
251.00
527.00
301.00
215.00
1.00
131.00
7.00
13.00
0.00
21.00
0.00
1.00
0.00
0.00
56.00
4.00
72.00
0.00
1.00
0.00
0.00
65.00
3.00
28.00
19.00
70.00
535.00
85.00
82.00
29.00
11.00
26.00
54.00
138.00
348.00
388.00
2.00
49.00
36.00
0.00
0.00
0.00
0.00
0.00
77.00
35.00
10.00
2.00
0.00
67.00
8.00
30.00
12.00
5.00
1.00
9.00
0.00
0.00
1.00
20.00
71.00
14.00
56.00
28.00
48.00
9.00
27.00
7.00
52.00
7.00
15.00
0.00
17.00
6.00
130.00
59.00
36.00
68.00
76.00
15.00
41.00
22.00
111.00
153.00
79.00
179.00
0.00
4.00
5.00
52.00
92.00
34.00
7.00
8.00
19.00
56.00
69.00
17.00
65.00
11.00
1.00
30.00
19.00
42.00
261.00
123.00
4.00
70.00
55.00
22.00
103.00
38.00
99.00
22.00
22.00
10.00
150.00
3.00
10.00
21.00
3.00
0.00
0.00
17.00
90.00
6.00
0.00
6.00
0.00
15.00
41.00
0.00
1.00
21.00
11.00
7.00
6.00
3.00
29.00
1.00
0.00
0.00
7.00
1.00
0.00
0.00
0.00
0.00
0.00
0.00
1.00
0.00
0.00
2.00
98.00
53.00
328.00
230.00
10.00
0.00
0.00
0.00
0.00
0.00
0.00
0.00
1.00
0.00
0.00
0.00
0.00
0.00
335.00
35.00
147.00
101.00
33.00
0.00
0.00
0.00
0.00
0.00
0.00
0.00
0.00
0.00
0.00
0.00
2.00
0.00
0.00
0.00
0.00
0.00
0.00
0.00
0.00
0.00
0.00
0.00
0.00
0.00
0.00
0.00
0.00
0.00
0.00
0.00
0.00
0.00
0.00
0.00
2.00
0.00
0.00
0.00
0.00
0.00
0.00
0.00
1.00
2.00
7.00
20.00
35.00
0.00
0.00
0.00
0.00
0.00
0.00
0.00
0.00
0.00
0.00
0.00
0.00
0.00
0.00
0.00
0.00
0.00
0.00
0.00
0.00
0.00
0.00
0.00
0.00
0.00
0.00
0.00
0.00
0.00
0.00
0.00
0.00
0.00
0.00
0.00
0.00
0.00
0.00
0.00
0.00
0.00
1.00
0.00
0.00
0.00
0.00
0.00
0.00
0.00
0.00
0.00
0.00
0.00
0.00
0.00
0.00
0.00
0.00
0.00
0.00
1.00
0.00
0.00
0.00
0.00
0.00
0.00
0.00
105.80
85.80
93.10
64.60
0.00
0.00
0.00
1.10
28.00
0.00
0.00
0.00
0.00
0.00
0.00
0.00
0.00
0.00
0.00
0.00
12.60
2.70
0.70
0.00
0.00
12.70
0.00
0.00
0.00
0.00
11.30
0.00
0.00
0.00
27.10
9.90
66.20
1.20
8.00
0.00
1.40
1.00
22.40
46.20
0.30
0.00
0.50
0.00
0.00
4.20
0.00
2.80
0.00
0.00
0.00
0.00
0.70
0.00
0.00
0.00
0.00
0.00
8.40
1.40
0.00
0.00
0.00
6.80
6.00
0.00
0.00
0.00
0.00
0.00
0.00
0.10
0.00
0.70
4.10
1.90
0.10
9.60
0.30
0.30
0.30
0.00
0.00
0.00
33.30
1.60
0.20
0.00
0.00
0.00
0.00
3.10
6.80
0.60
0.70
14.20
0.90
6.20
14.90
3.60
17.50
3.30
0.00
2.20
0.20
29.10
5.50
0.00
0.00
20.90
9.00
19.80
33.00
7.60
0.10
0.60
17.40
6.80
0.00
0.10
6.80
1.20
0.10
0.00
0.00
0.00
0.50
3.90
1.90
2.10
1.80
1.80
4.60
4.60
0.10
1.00
1.00
0.00
0.00
1.00
1.00
1.00
2.00
10.50
3.20
5.90
6.30
19.60
3.60
0.00
1.50
7.30
0.80
4.80
12.70
4.40
0.20
21.40
4.60
4.30
23.10
5.10
1.80
30.20
5.20
9.70
0.00
1.60
0.30
1.80
0.80
0.10
4.80
2.00
16.90
22.80
12.50
0.20
0.20
0.40
15.90
0.00
1.90
0.40
6.90
2.00
0.50
1.00
10.60
0.00
7.70
3.50
3.50
20.40
30.60
17.10
6.40
0.00
25.30
10.90
2.40
1.00
2.50
12.30
13.70
26.90
20.50
25.60
13.40
1.60
1.20
4.20
30.40
6.10
6.10
0.90
0.00
0.10
0.00
6.00
16.10
1.50
7.00
0.50
0.00
0.00
0.00
0.00
19.80
3.10
0.00
0.00
0.00
0.00
1.00
9.20
3.90
0.30
1.00
1.30
