20160101
0.00
0.00
0.00
0.00
0.00
0.00
0.00
0.00
29.00
0.00
0.00
0.00
4.00
0.00
0.00
0.00
0.00
0.00
16.00
0.00
11.00
0.00
0.00
0.00
0.00
4.00
1.00
0.00
0.00
0.00
0.00
0.00
0.00
0.00
0.00
0.00
0.00
0.00
0.00
0.00
124.00
0.00
1.00
0.00
0.00
0.00
0.00
0.00
0.00
0.00
0.00
0.00
0.00
45.00
249.00
6.00
15.00
0.00
0.00
0.00
0.00
0.00
0.00
53.00
0.00
7.00
7.00
6.00
1.00
24.00
14.00
0.00
0.00
3.00
1.00
19.00
0.00
0.00
34.00
26.00
44.00
0.00
35.00
0.00
0.00
0.00
0.00
642.00
3.00
264.00
663.00
19.00
3.00
147.00
89.00
445.00
84.00
12.00
61.00
8.00
0.00
13.00
23.00
106.00
251.00
65.00
246.00
117.00
58.00
105.00
55.00
159.00
266.00
113.00
111.00
82.00
106.00
54.00
148.00
0.00
64.00
6.00
45.00
0.00
127.00
2.00
0.00
4.00
0.00
2.00
0.00
50.00
275.00
308.00
36.00
20.00
80.00
659.00
253.00
23.00
89.00
917.00
0.00
21.00
69.00
46.00
1.00
76.00
26.00
80.00
53.00
19.00
0.00
0.00
0.00
305.00
113.00
185.00
129.00
52.00
186.00
70.00
22.00
54.00
3.00
0.00
43.00
8.00
55.00
82.00
39.00
20.00
78.00
29.00
112.00
21.00
34.00
49.00
64.00
9.00
156.00
155.00
340.00
425.00
105.00
3.00
20.00
36.00
5.00
116.00
27.00
89.00
7.00
77.00
4.00
88.00
121.00
176.00
18.00
4.00
22.00
0.00
3.00
71.00
50.00
33.00
268.00
2.00
170.00
21.00
44.00
19.00
159.00
4.00
2.00
2.00
10.00
69.00
112.00
14.00
2.00
40.00
133.00
228.00
9.00
37.00
2.00
19.00
131.00
11.00
3.00
1.00
245.00
10.00
2.00
115.00
0.00
153.00
0.00
41.00
36.00
35.00
109.00
419.00
29.00
6.00
2.00
1.00
95.00
4.00
210.00
2.00
19.00
44.00
11.00
8.00
16.00
3.00
0.00
34.00
144.00
73.00
133.00
249.00
216.00
18.00
102.00
147.00
229.00
0.00
89.00
252.00
1.00
54.00
0.00
0.00
0.00
0.00
0.00
124.00
87.00
184.00
178.00
193.00
6.00
122.00
2.00
0.00
0.00
0.00
0.00
0.00
0.00
0.00
0.00
0.00
0.00
0.00
13.00
6.00
263.00
101.00
77.00
5.00
0.00
0.00
4.00
23.00
145.00
249.00
71.00
0.00
0.00
0.00
0.00
0.00
0.00
0.00
0.00
0.00
3.00
0.00
0.00
0.00
0.00
0.00
0.00
0.00
0.00
0.00
0.00
0.00
0.00
0.00
0.00
0.00
0.00
0.00
0.00
0.00
0.00
0.00
0.00
0.00
0.00
0.00
0.00
0.00
0.00
0.00
0.00
0.00
0.00
0.00
0.00
0.00
0.00
0.00
0.00
0.00
0.00
0.00
0.00
0.00
1.00
0.00
0.00
0.00
2.00
0.00
0.00
0.00
0.00
0.00
0.00
0.00
0.00
0.00
0.00
0.00
0.00
0.00
0.00
0.00
0.00
0.00
0.00
0.00
0.00
0.00
0.00
0.00
0.00
0.00
0.00
0.00
0.00
0.00
0.00
0.00
0.00
0.00
0.00
0.00
0.00
0.00
0.00
0.00
0.00
0.00
0.00
0.00
0.00
0.00
0.00
0.00
12.00
40.00
11.00
0.00
0.00
0.00
0.00
0.00
0.00
0.00
0.00
0.00
0.00
67.00
23.00
0.00
99.00
1.00
41.00
51.00
0.00
0.00
0.00
0.00
0.00
0.00
93.00
4.00
120.00
0.00
0.00
0.00
0.00
21.00
0.00
1.00
4.00
326.00
590.00
683.00
222.00
204.00
211.00
513.00
2.00
0.00
0.00
0.00
0.00
0.00
0.00
0.00
0.00
0.00
96.00
0.00
0.00
1.00
189.00
68.00
120.00
97.00
7.00
80.00
207.00
9.00
24.00
43.00
1.00
137.00
187.00
0.00
0.00
7.00
62.00
31.00
0.00
0.00
113.00
2.00
0.00
0.00
6.00
84.00
195.00
40.00
10.00
2.00
57.00
1.00
42.00
3.00
0.00
13.00
0.00
51.00
63.00
77.00
116.00
374.00
21.00
87.00
124.00
125.00
3.00
0.00
0.00
16.00
98.00
453.00
78.00
302.00
78.00
17.00
4.00
43.00
14.00
86.00
38.00
29.00
55.00
131.00
91.00
28.00
14.00
162.00
25.00
31.00
101.00
73.00
399.00
75.00
19.00
34.00
41.00
11.00
21.00
131.00
170.00
95.00
67.00
135.00
65.00
31.00
168.00
28.00
14.00
125.00
113.00
94.00
291.00
21.00
76.00
98.00
69.00
41.00
61.00
19.00
109.00
12.00
10.00
1.00
8.00
71.00
347.00
31.00
55.00
46.00
5.00
1.00
2.00
6.00
88.00
124.00
11.00
13.00
108.00
24.00
5.00
22.00
34.00
10.00
22.00
20.00
8.00
0.00
62.00
287.00
51.00
7.00
74.00
12.00
24.00
6.00
53.00
52.00
11.00
0.00
19.00
3.00
8.00
32.00
11.00
10.00
120.00
78.00
12.00
0.00
22.00
522.00
162.00
236.00
117.00
6.00
2.00
4.00
2.00
0.00
34.00
72.00
45.00
1.00
155.00
26.00
29.00
5.00
0.00
4.00
73.00
3.00
61.00
180.00
72.00
3.00
288.00
176.00
0.00
0.00
0.00
4.00
25.00
108.00
80.00
521.00
0.00
0.00
0.00
0.00
0.00
0.00
2.00
966.00
452.00
0.00
0.00
0.00
0.00
0.00
0.00
0.00
0.00
0.00
0.00
0.00
0.00
74.00
8.00
6.00
60.00
26.00
18.00
4.00
0.00
0.00
0.00
0.00
0.00
0.00
0.00
0.00
0.00
0.00
0.00
0.00
0.00
0.00
0.00
0.00
0.00
0.00
28.00
241.00
257.00
95.00
1.00
0.00
0.00
0.00
0.00
0.00
0.00
0.00
2.00
0.00
0.00
1.00
0.00
0.00
0.00
0.00
0.00
0.00
0.00
0.00
65.00
198.00
63.00
0.00
0.00
0.00
0.00
0.00
0.00
0.00
0.00
0.00
0.00
0.00
0.00
0.00
0.00
0.00
0.00
0.00
0.00
0.00
0.00
0.00
0.00
0.00
0.00
0.00
0.00
0.00
0.00
0.00
0.00
0.00
0.00
0.00
0.00
0.00
25.00
45.00
26.00
0.00
1.00
0.00
3.00
24.00
0.00
0.00
0.00
0.00
0.00
0.00
0.00
0.00
0.00
0.00
0.00
369.00
0.00
0.00
0.00
0.00
39.00
0.00
0.00
0.00
0.00
0.00
0.00
0.00
0.00
78.00
637.00
0.00
157.00
54.00
69.00
37.00
0.00
0.00
0.00
0.00
0.00
0.00
0.00
152.00
19.00
0.00
69.00
380.00
0.00
0.00
19.00
30.00
0.00
8.00
4.00
0.00
99.00
0.00
56.00
263.00
53.00
25.00
110.00
8.00
0.00
139.00
26.00
9.00
103.00
108.00
34.00
0.00
6.00
68.00
0.00
1.00
21.00
23.00
110.00
12.00
107.00
2.00
221.00
353.00
334.00
327.00
250.00
577.00
407.00
128.00
5.00
145.00
0.00
82.00
0.00
0.00
0.00
150.00
0.00
1.00
5.00
8.00
78.00
22.00
63.00
3.00
0.00
93.00
0.00
42.00
16.00
175.00
236.00
94.00
144.00
2.00
0.00
17.00
34.00
75.00
442.00
462.00
9.00
54.00
10.00
36.00
22.00
0.00
0.00
4.00
226.00
40.00
99.00
4.00
7.00
28.00
35.00
13.00
9.00
16.00
2.00
2.00
5.00
0.00
4.00
1.00
46.00
48.00
47.00
46.00
67.00
21.00
43.00
17.00
47.00
4.00
3.00
6.00
7.00
11.00
114.00
48.00
97.00
63.00
137.00
175.00
44.00
66.00
151.00
70.00
63.00
198.00
7.00
39.00
20.00
74.00
132.00
24.00
12.00
22.00
30.00
59.00
107.00
7.00
17.00
36.00
5.00
9.00
50.00
55.00
68.00
274.00
44.00
218.00
7.00
10.00
4.00
53.00
150.00
61.00
3.00
0.00
93.00
7.00
2.00
2.00
0.00
0.00
0.00
16.00
29.00
9.00
0.00
6.00
1.00
0.00
26.00
4.00
0.00
15.00
26.00
16.00
5.00
0.00
7.00
13.00
1.00
2.00
1.00
1.00
2.00
0.00
1.00
0.00
1.00
3.00
0.00
0.00
0.00
22.00
68.00
85.00
258.00
227.00
61.00
23.00
0.00
0.00
0.00
0.00
0.00
0.00
0.00
0.00
0.00
0.00
0.00
0.00
377.00
121.00
221.00
119.00
60.00
0.00
0.00
1.00
0.00
0.00
8.00
0.00
0.00
0.00
0.00
0.00
0.00
0.00
4.00
0.00
0.00
0.00
0.00
0.00
0.00
0.00
0.00
0.00
0.00
0.00
0.00
0.00
0.00
0.00
1.00
0.00
0.00
0.00
0.00
0.00
18.00
0.00
0.00
0.00
0.00
20.00
0.00
0.00
9.00
4.00
11.00
7.00
1.00
0.00
0.00
0.00
0.00
0.00
0.00
0.00
0.00
0.00
0.00
0.00
0.00
0.00
0.00
0.00
0.00
0.00
0.00
0.00
0.00
0.00
0.00
0.00
0.00
0.00
0.00
0.00
0.00
0.00
0.00
0.00
0.00
0.00
0.00
0.00
0.00
0.00
0.00
0.00
0.00
0.00
11.00
0.00
0.00
0.00
0.00
0.00
0.00
0.00
0.00
0.00
0.00
0.00
0.00
0.00
0.00
0.00
0.00
0.00
4.00
8.00
0.00
0.00
0.00
0.00
0.00
0.00
0.00
53.50
36.40
81.40
38.60
0.00
0.00
0.00
1.10
13.30
0.40
0.00
0.00
0.00
0.00
0.00
0.00
0.00
0.00
0.00
0.30
25.60
6.10
9.20
2.80
0.00
9.60
0.00
0.00
0.00
0.00
10.90
0.00
1.00
0.00
25.80
60.90
96.20
0.20
32.90
2.10
2.50
0.90
41.80
25.90
0.10
0.00
0.50
0.20
0.00
8.80
0.00
8.80
0.00
0.10
5.20
0.00
1.10
0.00
0.00
0.00
0.00
0.00
16.20
9.70
0.60
0.60
0.10
11.40
4.00
0.00
2.60
0.00
0.30
0.00
0.00
1.20
0.10
2.40
3.10
1.50
0.20
9.20
3.20
0.80
0.80
1.90
1.30
1.30
27.50
1.90
1.50
0.00
0.00
0.00
0.00
1.80
0.60
0.10
5.10
10.10
2.40
10.40
13.80
0.00
26.80
3.50
2.50
0.70
0.80
23.90
0.80
0.00
4.20
3.10
11.50
7.80
11.70
11.60
0.80
0.00
1.30
8.10
1.80
5.90
0.20
3.50
1.50
0.00
0.10
0.10
1.80
8.40
6.90
3.70
2.40
2.40
1.10
1.10
0.10
12.50
12.50
0.10
0.50
12.50
12.50
12.50
6.70
1.60
3.20
9.20
13.10
42.80
4.70
0.00
2.40
5.70
1.20
2.80
15.10
0.20
0.20
9.90
7.90
2.70
15.10
1.10
1.20
1.00
18.30
9.40
7.30
1.50
1.30
3.10
0.00
3.00
6.40
41.30
12.70
5.60
7.80
0.90
0.30
1.20
18.80
0.10
2.50
2.00
3.70
2.70
0.40
0.30
0.80
0.00
5.50
3.30
4.60
6.10
10.80
34.40
1.50
0.80
10.20
14.70
1.70
0.30
5.60
1.70
45.40
23.10
39.70
37.50
12.10
1.70
0.20
9.00
14.40
10.70
10.70
3.50
0.00
0.30
0.00
5.60
23.10
6.90
3.70
9.50
2.00
0.00
0.00
0.00
28.30
2.30
0.00
0.00
1.00
0.00
5.00
17.40
3.40
0.50
0.10
0.70
