20160101
0.00
0.00
0.00
0.00
0.00
0.00
0.00
0.00
0.00
0.00
0.00
0.00
0.00
0.00
0.00
0.00
0.00
0.00
0.00
5.00
0.00
0.00
0.00
0.00
0.00
0.00
0.00
0.00
0.00
0.00
0.00
0.00
0.00
0.00
0.00
0.00
0.00
0.00
0.00
0.00
0.00
4.00
2.00
0.00
0.00
0.00
0.00
0.00
0.00
0.00
5.00
1.00
0.00
93.00
314.00
0.00
28.00
0.00
0.00
0.00
0.00
2.00
0.00
98.00
0.00
7.00
0.00
1.00
0.00
0.00
2.00
0.00
0.00
0.00
0.00
35.00
0.00
0.00
13.00
0.00
54.00
0.00
8.00
0.00
0.00
0.00
0.00
675.00
14.00
21.00
483.00
23.00
0.00
358.00
512.00
717.00
182.00
0.00
49.00
0.00
32.00
0.00
0.00
80.00
71.00
253.00
265.00
815.00
1.00
777.00
203.00
495.00
381.00
15.00
9.00
171.00
156.00
35.00
0.00
0.00
170.00
60.00
191.00
51.00
183.00
35.00
52.00
10.00
0.00
0.00
4.00
28.00
127.00
161.00
99.00
78.00
9.00
959.00
180.00
19.00
172.00
847.00
0.00
12.00
9.00
28.00
0.00
7.00
8.00
137.00
17.00
79.00
0.00
0.00
0.00
101.00
23.00
5.00
80.00
19.00
316.00
260.00
30.00
35.00
20.00
0.00
30.00
355.00
721.00
165.00
3.00
1.00
26.00
50.00
50.00
73.00
35.00
61.00
114.00
0.00
641.00
65.00
68.00
122.00
33.00
35.00
0.00
17.00
282.00
46.00
366.00
34.00
46.00
11.00
3.00
44.00
636.00
40.00
3.00
3.00
55.00
0.00
54.00
75.00
198.00
148.00
259.00
35.00
20.00
97.00
136.00
67.00
4.00
54.00
0.00
20.00
154.00
265.00
101.00
206.00
293.00
59.00
10.00
46.00
44.00
68.00
40.00
239.00
32.00
57.00
16.00
2.00
839.00
34.00
0.00
27.00
0.00
925.00
17.00
8.00
52.00
104.00
440.00
379.00
82.00
3.00
150.00
125.00
276.00
239.00
59.00
1.00
9.00
5.00
105.00
997.00
1282.00
296.00
0.00
48.00
160.00
62.00
161.00
374.00
985.00
69.00
125.00
16.00
204.00
192.00
7.00
487.00
23.00
108.00
43.00
0.00
0.00
21.00
275.00
146.00
15.00
34.00
33.00
47.00
153.00
212.00
113.00
0.00
0.00
0.00
0.00
0.00
0.00
0.00
0.00
0.00
0.00
0.00
2.00
0.00
125.00
13.00
46.00
5.00
0.00
0.00
8.00
25.00
186.00
412.00
258.00
0.00
0.00
0.00
0.00
0.00
0.00
0.00
0.00
0.00
0.00
0.00
0.00
0.00
0.00
0.00
0.00
0.00
0.00
0.00
0.00
0.00
0.00
0.00
0.00
5.00
0.00
0.00
0.00
0.00
0.00
0.00
0.00
0.00
0.00
0.00
0.00
0.00
0.00
0.00
0.00
0.00
0.00
0.00
0.00
0.00
0.00
0.00
0.00
0.00
0.00
0.00
0.00
0.00
0.00
0.00
0.00
0.00
0.00
0.00
0.00
0.00
0.00
0.00
0.00
0.00
0.00
0.00
0.00
0.00
0.00
0.00
0.00
0.00
0.00
5.00
0.00
0.00
0.00
0.00
0.00
0.00
0.00
0.00
0.00
0.00
0.00
0.00
0.00
0.00
0.00
0.00
0.00
0.00
0.00
0.00
0.00
0.00
0.00
0.00
0.00
0.00
0.00
0.00
0.00
0.00
0.00
7.00
0.00
0.00
0.00
0.00
0.00
0.00
0.00
0.00
0.00
0.00
2.00
56.00
9.00
0.00
105.00
0.00
93.00
87.00
0.00
0.00
0.00
0.00
0.00
0.00
84.00
0.00
77.00
0.00
0.00
0.00
0.00
96.00
0.00
0.00
6.00
315.00
1008.00
689.00
99.00
154.00
181.00
432.00
316.00
0.00
0.00
0.00
10.00
2.00
0.00
0.00
0.00
0.00
22.00
15.00
0.00
19.00
449.00
451.00
254.00
519.00
59.00
161.00
55.00
0.00
1.00
117.00
6.00
19.00
185.00
0.00
0.00
70.00
70.00
91.00
0.00
0.00
83.00
0.00
2.00
0.00
19.00
254.00
451.00
2.00
37.00
13.00
146.00
269.00
89.00
20.00
0.00
2.00
16.00
74.00
29.00
15.00
148.00
903.00
238.00
384.00
185.00
303.00
258.00
25.00
0.00
3.00
90.00
127.00
793.00
266.00
255.00
53.00
7.00
2.00
59.00
125.00
148.00
520.00
75.00
9.00
65.00
182.00
246.00
887.00
469.00
220.00
148.00
105.00
201.00
139.00
3.00
60.00
9.00
133.00
99.00
141.00
62.00
59.00
111.00
81.00
432.00
240.00
201.00
179.00
51.00
4.00
79.00
140.00
90.00
45.00
69.00
921.00
152.00
4.00
23.00
48.00
16.00
16.00
3.00
93.00
317.00
104.00
110.00
67.00
228.00
89.00
42.00
24.00
1.00
32.00
659.00
201.00
19.00
23.00
35.00
16.00
3.00
18.00
111.00
219.00
134.00
56.00
93.00
216.00
150.00
329.00
1.00
130.00
187.00
205.00
124.00
3.00
0.00
2.00
28.00
10.00
58.00
152.00
25.00
12.00
368.00
64.00
9.00
90.00
28.00
0.00
5.00
168.00
144.00
371.00
74.00
10.00
0.00
0.00
0.00
10.00
149.00
228.00
182.00
21.00
673.00
11.00
23.00
0.00
0.00
534.00
163.00
122.00
177.00
7.00
17.00
0.00
160.00
3.00
0.00
0.00
0.00
66.00
218.00
471.00
319.00
1464.00
0.00
0.00
0.00
0.00
0.00
0.00
1.00
729.00
734.00
0.00
0.00
0.00
0.00
0.00
0.00
0.00
0.00
0.00
0.00
0.00
0.00
73.00
4.00
0.00
140.00
21.00
15.00
11.00
0.00
0.00
0.00
0.00
0.00
0.00
0.00
0.00
0.00
0.00
0.00
0.00
0.00
0.00
0.00
0.00
0.00
0.00
38.00
379.00
263.00
287.00
0.00
0.00
0.00
0.00
0.00
0.00
0.00
0.00
0.00
0.00
0.00
1.00
0.00
0.00
0.00
0.00
0.00
0.00
0.00
0.00
24.00
169.00
2.00
0.00
0.00
0.00
0.00
0.00
0.00
0.00
0.00
0.00
0.00
0.00
0.00
0.00
0.00
0.00
0.00
0.00
0.00
0.00
0.00
0.00
0.00
0.00
0.00
0.00
0.00
0.00
0.00
0.00
0.00
0.00
0.00
0.00
0.00
0.00
16.00
6.00
54.00
16.00
24.00
0.00
2.00
0.00
0.00
0.00
0.00
0.00
0.00
1.00
0.00
0.00
35.00
0.00
7.00
540.00
0.00
0.00
0.00
0.00
0.00
0.00
0.00
0.00
0.00
0.00
0.00
0.00
0.00
0.00
54.00
0.00
48.00
36.00
24.00
0.00
0.00
0.00
0.00
0.00
0.00
0.00
0.00
160.00
15.00
26.00
304.00
249.00
1.00
0.00
19.00
0.00
0.00
6.00
70.00
12.00
150.00
11.00
12.00
44.00
41.00
0.00
228.00
0.00
0.00
161.00
28.00
0.00
65.00
367.00
166.00
0.00
1.00
10.00
5.00
3.00
180.00
51.00
341.00
6.00
108.00
38.00
137.00
429.00
578.00
651.00
595.00
441.00
362.00
280.00
0.00
128.00
146.00
171.00
32.00
94.00
0.00
36.00
1.00
12.00
13.00
15.00
65.00
64.00
1.00
111.00
5.00
70.00
30.00
76.00
11.00
79.00
56.00
104.00
456.00
130.00
0.00
188.00
242.00
539.00
1520.00
686.00
5.00
266.00
228.00
5.00
31.00
1.00
23.00
0.00
50.00
176.00
126.00
49.00
5.00
120.00
43.00
39.00
2.00
23.00
0.00
0.00
41.00
0.00
3.00
19.00
124.00
240.00
47.00
276.00
17.00
80.00
29.00
54.00
23.00
5.00
85.00
36.00
84.00
25.00
283.00
23.00
69.00
93.00
102.00
48.00
31.00
116.00
507.00
541.00
152.00
35.00
1.00
20.00
234.00
168.00
40.00
84.00
117.00
74.00
44.00
79.00
165.00
1037.00
142.00
309.00
128.00
35.00
2.00
4.00
449.00
215.00
14.00
380.00
81.00
82.00
92.00
34.00
40.00
16.00
246.00
42.00
159.00
3.00
42.00
97.00
10.00
11.00
0.00
2.00
77.00
10.00
0.00
4.00
56.00
1.00
19.00
113.00
71.00
13.00
386.00
37.00
267.00
0.00
23.00
35.00
5.00
4.00
122.00
0.00
0.00
0.00
0.00
0.00
0.00
0.00
0.00
0.00
0.00
0.00
13.00
155.00
351.00
221.00
10.00
5.00
0.00
0.00
0.00
0.00
0.00
0.00
0.00
0.00
0.00
0.00
0.00
0.00
1059.00
354.00
277.00
112.00
83.00
0.00
0.00
27.00
0.00
5.00
0.00
0.00
0.00
0.00
0.00
0.00
50.00
0.00
0.00
0.00
0.00
0.00
0.00
0.00
0.00
0.00
0.00
0.00
0.00
0.00
0.00
0.00
0.00
0.00
0.00
0.00
0.00
0.00
0.00
0.00
0.00
0.00
0.00
0.00
0.00
2.00
0.00
0.00
0.00
0.00
9.00
23.00
2.00
0.00
0.00
0.00
0.00
0.00
0.00
0.00
0.00
0.00
0.00
0.00
0.00
0.00
0.00
0.00
0.00
0.00
0.00
0.00
0.00
0.00
0.00
0.00
0.00
0.00
0.00
0.00
0.00
0.00
0.00
0.00
0.00
0.00
0.00
0.00
0.00
0.00
0.00
0.00
0.00
0.00
8.00
0.00
0.00
0.00
0.00
0.00
0.00
0.00
0.00
0.00
0.00
0.00
0.00
0.00
0.00
0.00
0.00
0.00
0.00
2.00
0.00
0.00
0.00
0.00
0.00
0.00
1.90
94.70
45.40
83.80
49.80
0.00
0.00
0.00
4.50
30.70
0.00
0.00
0.00
0.00
0.00
0.00
0.00
0.00
0.00
0.20
0.00
35.40
4.30
0.00
0.00
0.00
25.50
0.00
0.00
0.00
0.80
19.30
0.00
0.00
0.00
91.40
22.30
148.60
7.10
30.00
3.70
8.10
0.10
28.70
15.20
0.50
0.00
1.90
0.50
0.00
2.30
0.00
1.00
0.00
0.00
12.00
0.00
0.30
0.00
0.00
0.00
0.00
1.20
24.80
2.10
0.20
0.20
1.40
17.00
29.80
0.00
0.00
0.00
0.00
0.00
0.00
16.30
0.00
37.60
2.80
13.10
27.30
66.40
3.00
0.00
0.00
4.70
9.80
9.80
123.00
1.20
4.30
0.00
0.00
0.00
0.00
35.50
22.20
0.10
0.00
5.50
2.60
27.60
17.00
2.80
0.60
0.20
0.00
0.60
20.20
56.20
1.30
0.00
0.20
8.90
44.10
15.20
32.20
2.40
0.40
0.20
0.70
38.90
1.90
2.70
3.20
6.60
5.60
4.10
30.50
43.40
20.60
15.50
22.80
1.00
10.60
10.60
16.30
16.30
2.00
3.20
3.20
0.00
0.70
3.20
3.20
3.20
5.60
3.90
7.40
10.40
89.10
71.10
15.50
3.10
0.20
6.90
2.80
8.00
40.10
8.20
11.60
4.20
1.60
30.50
6.80
0.40
0.10
0.50
0.50
64.50
16.30
18.90
3.30
7.20
2.50
1.40
4.20
5.90
34.80
31.00
85.90
13.80
10.60
5.70
4.50
0.40
1.90
2.30
7.10
0.70
5.80
46.20
28.30
18.80
13.30
2.60
0.40
19.70
8.90
13.30
0.80
2.00
7.00
15.40
0.30
0.10
0.30
1.50
10.90
26.10
10.80
28.20
18.00
0.00
5.50
18.20
13.80
11.00
11.00
0.50
0.00
0.70
0.00
35.30
12.20
5.90
37.00
24.90
0.00
0.00
0.00
0.00
10.90
3.50
0.00
0.00
0.10
0.00
5.00
17.40
3.40
0.50
0.10
0.70
