20160101
0.00
0.00
0.00
0.00
0.00
0.00
0.00
0.00
0.00
0.00
0.00
0.00
0.00
0.00
0.00
0.00
0.00
0.00
0.00
3.00
0.00
0.00
0.00
0.00
0.00
0.00
0.00
0.00
0.00
0.00
0.00
0.00
0.00
0.00
0.00
0.00
0.00
0.00
0.00
0.00
0.00
8.00
31.00
0.00
0.00
0.00
0.00
0.00
0.00
0.00
10.00
1.00
0.00
96.00
416.00
0.00
19.00
0.00
0.00
0.00
0.00
2.00
0.00
125.00
0.00
7.00
0.00
5.00
0.00
1.00
0.00
0.00
0.00
0.00
1.00
31.00
0.00
0.00
5.00
0.00
64.00
0.00
36.00
0.00
0.00
0.00
0.00
599.00
4.00
72.00
381.00
22.00
0.00
209.00
640.00
634.00
210.00
0.00
19.00
0.00
5.00
0.00
0.00
77.00
87.00
197.00
266.00
530.00
1.00
478.00
174.00
708.00
444.00
7.00
27.00
181.00
84.00
29.00
0.00
0.00
96.00
35.00
290.00
35.00
220.00
39.00
11.00
2.00
0.00
0.00
3.00
39.00
60.00
175.00
54.00
105.00
8.00
863.00
282.00
19.00
200.00
962.00
0.00
5.00
3.00
3.00
0.00
16.00
24.00
110.00
29.00
17.00
0.00
0.00
0.00
138.00
59.00
45.00
58.00
11.00
45.00
208.00
38.00
42.00
10.00
0.00
64.00
262.00
825.00
56.00
7.00
15.00
51.00
32.00
4.00
48.00
50.00
35.00
58.00
0.00
611.00
40.00
66.00
100.00
24.00
5.00
5.00
19.00
63.00
18.00
209.00
55.00
39.00
2.00
6.00
50.00
408.00
46.00
1.00
4.00
21.00
3.00
18.00
121.00
183.00
124.00
224.00
0.00
30.00
65.00
123.00
40.00
12.00
4.00
0.00
67.00
58.00
143.00
113.00
266.00
854.00
44.00
2.00
86.00
67.00
15.00
13.00
48.00
14.00
28.00
10.00
2.00
679.00
36.00
0.00
24.00
0.00
493.00
3.00
1.00
15.00
92.00
406.00
453.00
85.00
2.00
92.00
171.00
197.00
118.00
107.00
1.00
3.00
1.00
108.00
414.00
466.00
351.00
0.00
133.00
252.00
79.00
106.00
727.00
391.00
68.00
177.00
38.00
112.00
104.00
36.00
333.00
21.00
254.00
12.00
0.00
0.00
46.00
214.00
376.00
188.00
18.00
1.00
77.00
150.00
229.00
35.00
0.00
0.00
0.00
0.00
0.00
0.00
0.00
0.00
0.00
0.00
0.00
44.00
0.00
119.00
5.00
48.00
43.00
1.00
0.00
11.00
32.00
179.00
452.00
262.00
0.00
0.00
0.00
0.00
0.00
0.00
0.00
0.00
0.00
0.00
0.00
0.00
0.00
0.00
0.00
0.00
0.00
0.00
0.00
0.00
0.00
0.00
0.00
0.00
0.00
0.00
0.00
0.00
0.00
0.00
0.00
0.00
0.00
0.00
0.00
0.00
0.00
0.00
0.00
0.00
0.00
0.00
0.00
0.00
0.00
0.00
0.00
0.00
0.00
0.00
0.00
0.00
0.00
0.00
0.00
0.00
0.00
0.00
0.00
0.00
0.00
0.00
0.00
0.00
0.00
0.00
0.00
0.00
0.00
0.00
0.00
0.00
0.00
0.00
0.00
0.00
0.00
0.00
0.00
0.00
0.00
0.00
0.00
0.00
0.00
0.00
0.00
0.00
0.00
0.00
0.00
0.00
0.00
0.00
0.00
0.00
0.00
0.00
0.00
0.00
0.00
0.00
0.00
0.00
0.00
0.00
0.00
0.00
0.00
0.00
0.00
0.00
0.00
0.00
0.00
0.00
0.00
0.00
39.00
1.00
0.00
128.00
0.00
108.00
91.00
0.00
0.00
0.00
0.00
0.00
0.00
93.00
0.00
96.00
0.00
0.00
0.00
0.00
76.00
0.00
0.00
2.00
142.00
883.00
494.00
58.00
77.00
237.00
282.00
228.00
0.00
0.00
0.00
1.00
2.00
0.00
0.00
0.00
0.00
65.00
19.00
0.00
14.00
464.00
317.00
156.00
553.00
51.00
171.00
64.00
0.00
0.00
124.00
3.00
0.00
272.00
0.00
0.00
50.00
36.00
75.00
0.00
0.00
115.00
0.00
0.00
0.00
38.00
118.00
436.00
1.00
20.00
1.00
49.00
22.00
124.00
26.00
0.00
3.00
3.00
36.00
158.00
166.00
126.00
716.00
116.00
325.00
283.00
246.00
210.00
8.00
0.00
20.00
148.00
179.00
907.00
267.00
178.00
60.00
21.00
15.00
67.00
101.00
62.00
313.00
17.00
17.00
41.00
102.00
57.00
577.00
343.00
205.00
157.00
44.00
255.00
115.00
9.00
60.00
20.00
129.00
120.00
91.00
41.00
46.00
134.00
62.00
327.00
158.00
190.00
182.00
30.00
8.00
59.00
66.00
66.00
72.00
37.00
338.00
151.00
6.00
14.00
17.00
75.00
35.00
28.00
23.00
48.00
121.00
197.00
23.00
116.00
23.00
14.00
0.00
6.00
31.00
559.00
209.00
11.00
29.00
47.00
23.00
80.00
54.00
447.00
237.00
84.00
121.00
92.00
141.00
81.00
312.00
19.00
89.00
154.00
67.00
78.00
18.00
16.00
1.00
0.00
24.00
57.00
339.00
64.00
10.00
169.00
61.00
188.00
50.00
24.00
0.00
24.00
152.00
112.00
112.00
33.00
5.00
0.00
1.00
0.00
0.00
188.00
186.00
246.00
27.00
119.00
35.00
34.00
0.00
7.00
120.00
146.00
71.00
361.00
17.00
0.00
0.00
99.00
10.00
0.00
0.00
0.00
35.00
265.00
280.00
279.00
1317.00
0.00
0.00
0.00
0.00
0.00
0.00
7.00
918.00
783.00
0.00
0.00
0.00
0.00
0.00
0.00
0.00
0.00
0.00
0.00
0.00
0.00
102.00
1.00
0.00
104.00
25.00
5.00
0.00
0.00
0.00
0.00
0.00
0.00
0.00
0.00
0.00
0.00
0.00
0.00
0.00
0.00
0.00
0.00
0.00
0.00
0.00
48.00
253.00
236.00
252.00
0.00
0.00
0.00
0.00
0.00
0.00
0.00
0.00
0.00
0.00
0.00
0.00
0.00
0.00
0.00
0.00
0.00
0.00
0.00
0.00
14.00
207.00
11.00
0.00
0.00
0.00
0.00
0.00
0.00
0.00
0.00
0.00
0.00
0.00
0.00
0.00
0.00
0.00
0.00
0.00
0.00
0.00
0.00
0.00
0.00
0.00
0.00
0.00
0.00
0.00
0.00
0.00
0.00
0.00
0.00
0.00
0.00
0.00
30.00
5.00
126.00
5.00
60.00
0.00
2.00
3.00
0.00
0.00
0.00
0.00
0.00
3.00
0.00
0.00
13.00
0.00
1.00
460.00
0.00
0.00
0.00
0.00
0.00
0.00
0.00
0.00
0.00
0.00
0.00
0.00
0.00
0.00
25.00
0.00
0.00
16.00
9.00
377.00
0.00
0.00
0.00
0.00
0.00
0.00
0.00
107.00
24.00
0.00
157.00
161.00
0.00
0.00
46.00
26.00
0.00
25.00
10.00
0.00
102.00
0.00
31.00
51.00
23.00
0.00
85.00
0.00
0.00
232.00
22.00
0.00
84.00
280.00
102.00
0.00
0.00
23.00
1.00
14.00
81.00
57.00
292.00
3.00
121.00
10.00
163.00
411.00
478.00
475.00
512.00
391.00
312.00
162.00
0.00
133.00
73.00
179.00
11.00
14.00
0.00
12.00
9.00
7.00
12.00
1.00
108.00
37.00
0.00
23.00
6.00
196.00
20.00
80.00
10.00
49.00
55.00
100.00
433.00
105.00
0.00
732.00
198.00
341.00
933.00
663.00
4.00
262.00
131.00
16.00
38.00
0.00
11.00
2.00
95.00
154.00
11.00
6.00
1.00
74.00
48.00
9.00
4.00
27.00
0.00
0.00
26.00
1.00
16.00
22.00
159.00
69.00
42.00
395.00
46.00
151.00
23.00
48.00
47.00
21.00
38.00
243.00
88.00
12.00
165.00
31.00
68.00
78.00
48.00
79.00
4.00
50.00
202.00
424.00
126.00
34.00
7.00
32.00
219.00
96.00
53.00
114.00
70.00
41.00
5.00
134.00
141.00
517.00
38.00
181.00
96.00
55.00
8.00
0.00
622.00
182.00
4.00
313.00
77.00
66.00
137.00
8.00
38.00
13.00
67.00
60.00
95.00
3.00
7.00
49.00
13.00
13.00
0.00
2.00
112.00
8.00
0.00
5.00
7.00
0.00
67.00
53.00
6.00
1.00
142.00
16.00
297.00
0.00
47.00
114.00
10.00
1.00
100.00
0.00
0.00
0.00
0.00
0.00
0.00
0.00
0.00
0.00
0.00
0.00
22.00
163.00
335.00
249.00
3.00
9.00
0.00
0.00
0.00
0.00
0.00
0.00
0.00
0.00
0.00
0.00
0.00
0.00
746.00
298.00
270.00
137.00
62.00
0.00
0.00
7.00
0.00
0.00
1.00
0.00
0.00
0.00
0.00
0.00
6.00
0.00
0.00
0.00
0.00
0.00
0.00
0.00
0.00
0.00
0.00
0.00
0.00
0.00
0.00
0.00
0.00
0.00
0.00
0.00
0.00
0.00
0.00
0.00
0.00
0.00
0.00
0.00
0.00
4.00
0.00
0.00
0.00
0.00
3.00
22.00
0.00
0.00
0.00
0.00
0.00
0.00
0.00
0.00
0.00
0.00
0.00
0.00
0.00
0.00
0.00
0.00
0.00
0.00
0.00
0.00
0.00
0.00
0.00
0.00
0.00
0.00
0.00
0.00
0.00
0.00
0.00
0.00
0.00
0.00
0.00
0.00
0.00
0.00
0.00
0.00
0.00
0.00
13.00
0.00
0.00
0.00
0.00
0.00
0.00
0.00
0.00
0.00
0.00
0.00
0.00
0.00
0.00
0.00
0.00
0.00
0.00
4.00
0.00
0.00
0.00
0.00
0.00
0.00
0.00
95.00
58.40
83.70
70.40
0.00
0.00
0.00
9.80
37.60
0.30
0.00
0.00
0.00
0.00
0.00
0.00
0.00
0.00
0.20
0.00
42.40
3.80
0.10
0.00
0.00
35.90
0.00
0.00
0.00
0.20
26.90
0.00
0.00
0.00
104.50
22.90
150.50
12.10
19.20
0.60
11.30
0.30
38.20
18.70
0.10
0.00
0.60
0.30
0.00
2.60
0.00
0.10
0.00
0.00
6.70
0.00
1.00
0.00
0.00
0.00
0.00
0.20
15.30
1.20
0.00
0.00
1.00
6.60
20.70
0.00
0.00
0.00
0.00
0.00
0.00
7.90
0.00
51.20
3.70
0.10
0.50
12.30
3.60
0.20
0.20
2.60
4.50
4.50
95.00
0.70
6.30
0.00
0.00
0.00
0.00
22.30
19.10
0.30
0.90
4.80
2.50
23.20
40.00
0.70
2.40
0.00
0.00
1.60
20.70
39.70
5.90
0.00
0.10
4.30
17.10
18.10
11.60
3.00
0.00
0.00
0.70
3.90
0.80
0.70
1.90
38.40
5.40
37.00
23.40
55.20
19.90
13.50
2.70
17.70
12.80
12.80
20.60
20.60
2.00
4.20
4.20
0.00
0.70
4.20
4.20
4.20
2.30
5.90
4.10
4.50
52.40
22.80
23.40
10.70
1.60
8.30
1.80
8.30
21.40
9.30
1.20
5.30
0.60
17.40
2.30
0.40
0.00
0.30
0.60
37.40
12.90
7.70
8.00
5.40
0.10
0.90
5.80
6.70
205.30
28.20
40.20
9.00
7.60
1.90
5.60
0.10
0.90
0.90
0.30
1.20
4.80
31.10
23.60
40.90
17.40
0.80
0.70
22.80
27.90
6.70
0.50
0.80
10.10
12.80
0.50
0.00
2.50
1.90
39.30
27.00
13.10
28.30
19.70
0.00
4.60
28.60
11.60
6.40
6.40
1.20
0.10
2.10
0.10
30.00
11.60
8.60
36.60
27.60
0.00
0.00
0.00
0.60
8.60
5.20
0.00
0.00
0.00
0.00
5.00
17.40
3.40
0.50
0.10
0.70
