20160101
0.00
0.00
0.00
0.00
0.00
0.00
0.00
0.00
0.00
0.00
0.00
0.00
0.00
0.00
0.00
0.00
0.00
0.00
0.00
0.00
0.00
0.00
0.00
0.00
0.00
2.00
0.00
0.00
0.00
0.00
0.00
0.00
0.00
0.00
0.00
0.00
0.00
0.00
0.00
0.00
0.00
0.00
0.00
0.00
0.00
0.00
0.00
0.00
0.00
22.00
1.00
2.00
0.00
45.00
94.00
3.00
19.00
0.00
14.00
0.00
0.00
0.00
0.00
15.00
0.00
0.00
0.00
5.00
2.00
0.00
0.00
0.00
0.00
18.00
0.00
107.00
0.00
0.00
20.00
0.00
71.00
0.00
7.00
0.00
0.00
0.00
0.00
307.00
0.00
161.00
446.00
4.00
0.00
44.00
58.00
213.00
12.00
1.00
58.00
3.00
10.00
0.00
0.00
88.00
80.00
19.00
175.00
110.00
3.00
79.00
53.00
177.00
154.00
64.00
127.00
83.00
77.00
12.00
10.00
0.00
8.00
45.00
29.00
0.00
52.00
1.00
0.00
0.00
0.00
0.00
0.00
143.00
59.00
249.00
3.00
94.00
14.00
248.00
280.00
6.00
132.00
881.00
0.00
3.00
0.00
2.00
0.00
9.00
0.00
55.00
3.00
12.00
0.00
0.00
0.00
116.00
8.00
251.00
124.00
108.00
260.00
12.00
30.00
40.00
3.00
1.00
320.00
108.00
56.00
221.00
23.00
15.00
52.00
162.00
22.00
44.00
84.00
33.00
59.00
0.00
96.00
62.00
261.00
129.00
28.00
23.00
5.00
20.00
79.00
154.00
55.00
61.00
34.00
24.00
20.00
39.00
81.00
298.00
0.00
0.00
30.00
7.00
72.00
115.00
117.00
27.00
217.00
1.00
2.00
29.00
47.00
17.00
134.00
52.00
9.00
0.00
25.00
194.00
150.00
8.00
6.00
23.00
40.00
53.00
12.00
23.00
0.00
40.00
138.00
28.00
0.00
0.00
328.00
1.00
0.00
41.00
0.00
84.00
0.00
34.00
5.00
22.00
17.00
265.00
25.00
4.00
10.00
48.00
41.00
2.00
13.00
50.00
139.00
43.00
39.00
0.00
3.00
0.00
29.00
10.00
26.00
0.00
80.00
151.00
0.00
1.00
23.00
19.00
55.00
0.00
21.00
39.00
0.00
2.00
0.00
0.00
0.00
0.00
1.00
0.00
48.00
73.00
56.00
377.00
0.00
82.00
10.00
0.00
0.00
0.00
0.00
0.00
0.00
0.00
0.00
0.00
0.00
0.00
0.00
0.00
379.00
194.00
25.00
6.00
0.00
0.00
10.00
4.00
113.00
202.00
39.00
0.00
0.00
0.00
0.00
0.00
0.00
0.00
0.00
0.00
0.00
0.00
0.00
0.00
0.00
0.00
0.00
0.00
0.00
0.00
0.00
0.00
0.00
0.00
0.00
0.00
0.00
0.00
0.00
0.00
0.00
0.00
0.00
0.00
0.00
0.00
0.00
0.00
0.00
0.00
0.00
0.00
0.00
0.00
0.00
0.00
0.00
0.00
0.00
0.00
0.00
0.00
0.00
0.00
0.00
0.00
0.00
0.00
0.00
0.00
0.00
0.00
0.00
0.00
0.00
0.00
0.00
0.00
0.00
0.00
0.00
0.00
0.00
0.00
0.00
0.00
0.00
0.00
0.00
0.00
0.00
0.00
34.00
0.00
0.00
0.00
0.00
0.00
0.00
0.00
0.00
0.00
0.00
0.00
0.00
0.00
0.00
0.00
0.00
0.00
0.00
0.00
0.00
0.00
0.00
0.00
0.00
0.00
0.00
0.00
0.00
0.00
0.00
0.00
0.00
0.00
0.00
0.00
0.00
20.00
0.00
0.00
72.00
0.00
31.00
48.00
1.00
0.00
0.00
0.00
0.00
0.00
56.00
2.00
74.00
0.00
0.00
0.00
0.00
15.00
0.00
0.00
1.00
138.00
347.00
379.00
142.00
116.00
411.00
622.00
2.00
0.00
0.00
0.00
0.00
0.00
0.00
0.00
0.00
0.00
54.00
5.00
0.00
0.00
146.00
42.00
80.00
85.00
54.00
55.00
82.00
0.00
9.00
19.00
0.00
59.00
104.00
0.00
0.00
6.00
52.00
21.00
0.00
0.00
104.00
0.00
0.00
0.00
92.00
35.00
100.00
23.00
7.00
0.00
1.00
0.00
7.00
12.00
0.00
8.00
0.00
0.00
12.00
105.00
137.00
150.00
6.00
28.00
70.00
40.00
1.00
0.00
0.00
0.00
30.00
86.00
13.00
224.00
99.00
6.00
0.00
48.00
3.00
8.00
0.00
1.00
10.00
97.00
85.00
15.00
9.00
16.00
15.00
57.00
24.00
329.00
145.00
97.00
99.00
153.00
197.00
41.00
13.00
31.00
195.00
119.00
77.00
118.00
25.00
10.00
16.00
13.00
39.00
238.00
117.00
113.00
100.00
29.00
171.00
196.00
50.00
40.00
51.00
4.00
46.00
2.00
29.00
4.00
79.00
3.00
152.00
24.00
135.00
64.00
3.00
5.00
8.00
16.00
20.00
10.00
22.00
56.00
103.00
68.00
7.00
53.00
93.00
1.00
16.00
56.00
0.00
0.00
155.00
430.00
31.00
37.00
10.00
22.00
17.00
54.00
80.00
16.00
3.00
4.00
4.00
51.00
5.00
17.00
9.00
25.00
32.00
113.00
44.00
0.00
337.00
612.00
232.00
240.00
142.00
12.00
0.00
2.00
0.00
0.00
87.00
41.00
122.00
31.00
52.00
52.00
3.00
22.00
0.00
0.00
30.00
0.00
21.00
3.00
0.00
0.00
0.00
26.00
0.00
0.00
0.00
0.00
3.00
20.00
56.00
490.00
0.00
0.00
0.00
0.00
0.00
0.00
0.00
287.00
222.00
0.00
0.00
0.00
0.00
0.00
0.00
0.00
0.00
0.00
0.00
0.00
0.00
23.00
0.00
0.00
44.00
126.00
26.00
0.00
0.00
0.00
0.00
0.00
0.00
0.00
0.00
0.00
0.00
0.00
0.00
0.00
0.00
0.00
0.00
0.00
0.00
3.00
20.00
95.00
108.00
51.00
0.00
0.00
0.00
0.00
0.00
0.00
0.00
0.00
0.00
0.00
0.00
0.00
0.00
0.00
0.00
0.00
0.00
0.00
0.00
0.00
9.00
179.00
82.00
0.00
0.00
0.00
0.00
0.00
0.00
0.00
0.00
0.00
0.00
0.00
0.00
0.00
0.00
0.00
0.00
0.00
0.00
0.00
0.00
0.00
0.00
0.00
0.00
0.00
0.00
0.00
0.00
0.00
0.00
0.00
0.00
0.00
0.00
0.00
0.00
25.00
165.00
0.00
2.00
0.00
0.00
0.00
0.00
0.00
0.00
0.00
0.00
0.00
0.00
0.00
0.00
0.00
0.00
53.00
0.00
0.00
0.00
0.00
0.00
0.00
0.00
0.00
0.00
0.00
0.00
0.00
0.00
35.00
91.00
2.00
11.00
3.00
108.00
0.00
0.00
0.00
0.00
0.00
0.00
0.00
0.00
27.00
7.00
0.00
3.00
18.00
1.00
0.00
32.00
31.00
0.00
169.00
0.00
21.00
219.00
0.00
55.00
3.00
0.00
0.00
19.00
0.00
0.00
107.00
16.00
26.00
43.00
36.00
10.00
0.00
0.00
5.00
6.00
0.00
71.00
22.00
41.00
12.00
85.00
0.00
52.00
78.00
158.00
213.00
179.00
478.00
265.00
218.00
5.00
90.00
5.00
40.00
0.00
0.00
0.00
7.00
0.00
0.00
230.00
30.00
46.00
0.00
53.00
5.00
2.00
64.00
2.00
10.00
0.00
24.00
202.00
92.00
16.00
2.00
5.00
43.00
122.00
92.00
301.00
280.00
0.00
20.00
5.00
0.00
0.00
0.00
0.00
0.00
25.00
20.00
19.00
3.00
2.00
19.00
21.00
16.00
16.00
2.00
1.00
5.00
3.00
0.00
3.00
13.00
57.00
19.00
43.00
29.00
29.00
6.00
73.00
51.00
40.00
11.00
6.00
0.00
27.00
26.00
161.00
127.00
57.00
207.00
35.00
18.00
81.00
26.00
156.00
171.00
144.00
310.00
0.00
0.00
5.00
55.00
203.00
12.00
6.00
33.00
52.00
32.00
64.00
71.00
64.00
13.00
0.00
0.00
20.00
135.00
53.00
120.00
42.00
45.00
56.00
34.00
67.00
97.00
31.00
34.00
4.00
0.00
79.00
4.00
2.00
8.00
0.00
0.00
0.00
31.00
61.00
27.00
0.00
6.00
0.00
43.00
13.00
0.00
3.00
30.00
32.00
6.00
3.00
0.00
17.00
3.00
0.00
0.00
26.00
23.00
0.00
0.00
0.00
0.00
0.00
3.00
0.00
0.00
2.00
0.00
29.00
60.00
235.00
186.00
7.00
0.00
0.00
0.00
0.00
0.00
0.00
0.00
1.00
0.00
0.00
0.00
0.00
0.00
444.00
33.00
119.00
65.00
18.00
0.00
0.00
0.00
0.00
3.00
0.00
0.00
0.00
0.00
0.00
0.00
0.00
0.00
0.00
0.00
0.00
0.00
0.00
0.00
0.00
0.00
0.00
0.00
0.00
0.00
0.00
0.00
0.00
0.00
0.00
0.00
0.00
0.00
0.00
0.00
2.00
0.00
0.00
0.00
0.00
0.00
0.00
0.00
1.00
1.00
11.00
9.00
22.00
0.00
0.00
0.00
0.00
0.00
0.00
0.00
0.00
0.00
0.00
0.00
0.00
0.00
0.00
0.00
0.00
0.00
0.00
0.00
0.00
0.00
0.00
0.00
0.00
0.00
0.00
0.00
0.00
0.00
0.00
0.00
0.00
0.00
0.00
0.00
0.00
0.00
0.00
0.00
0.00
0.00
2.00
0.00
0.00
0.00
0.00
0.00
0.00
0.00
0.00
0.00
0.00
0.00
0.00
0.00
0.00
0.00
0.00
0.00
0.00
2.00
0.00
0.00
0.00
0.00
0.00
0.00
0.00
82.90
71.30
60.80
48.40
0.00
0.00
0.00
0.00
24.80
0.00
0.00
0.00
0.00
0.00
0.00
0.00
0.00
0.00
0.10
0.00
0.40
3.40
0.00
0.00
0.00
23.20
0.00
0.00
0.00
0.00
14.40
0.00
0.00
0.00
18.80
19.20
63.80
0.50
8.10
0.00
0.80
0.70
9.90
34.80
0.10
0.00
1.40
1.90
0.00
2.80
0.00
3.80
0.00
0.00
0.00
0.00
0.90
0.00
0.00
0.00
0.00
0.00
8.60
2.30
0.00
0.00
0.90
17.70
2.60
0.00
0.00
0.00
0.00
0.00
0.00
0.10
0.00
0.50
0.40
0.70
0.00
7.20
0.00
0.10
0.10
0.00
0.00
0.00
21.40
0.60
0.00
0.00
0.00
0.00
0.00
0.70
1.30
5.50
0.50
10.40
0.20
2.20
8.30
9.20
24.40
9.30
0.70
0.00
4.60
17.80
2.80
0.00
0.00
6.60
15.40
4.30
17.40
17.40
0.30
0.10
15.20
4.80
0.00
0.40
2.10
6.10
0.00
0.00
0.00
0.50
5.40
10.80
9.30
0.20
1.50
1.50
4.10
4.10
0.20
1.80
1.80
0.10
0.00
1.80
1.80
1.80
14.40
8.50
5.30
7.00
17.20
41.20
3.40
0.00
6.50
8.60
1.40
1.20
9.40
0.50
0.30
63.10
2.90
2.10
9.50
9.10
2.30
17.10
8.30
2.60
1.40
0.00
1.20
0.20
0.60
0.50
3.30
6.50
25.00
9.50
18.70
0.10
0.20
1.10
28.90
0.00
1.60
0.10
10.70
6.60
1.40
1.10
1.40
0.10
3.10
8.00
8.20
6.50
21.40
9.60
0.70
0.40
8.40
9.20
0.70
0.00
2.70
8.50
7.20
18.30
17.60
23.30
13.60
0.00
0.00
1.10
13.70
3.00
3.00
2.10
0.60
3.90
0.70
4.60
2.60
1.20
5.90
2.10
0.00
0.00
0.00
0.00
2.40
0.00
0.00
0.00
0.10
0.00
0.60
6.40
1.10
0.10
0.80
1.00
