20160101
0.00
0.00
0.00
0.00
0.00
0.00
0.00
0.00
1.00
0.00
0.00
0.00
0.00
0.00
0.00
0.00
0.00
0.00
0.00
0.00
0.00
0.00
0.00
0.00
0.00
4.00
0.00
0.00
0.00
0.00
0.00
0.00
0.00
0.00
0.00
0.00
0.00
0.00
0.00
2.00
8.00
0.00
0.00
0.00
0.00
0.00
0.00
0.00
0.00
0.00
0.00
2.00
0.00
49.00
225.00
2.00
28.00
0.00
0.00
0.00
0.00
0.00
0.00
11.00
0.00
4.00
0.00
10.00
11.00
26.00
1.00
0.00
0.00
20.00
0.00
46.00
0.00
0.00
39.00
6.00
74.00
0.00
17.00
0.00
0.00
0.00
0.00
438.00
1.00
140.00
503.00
11.00
0.00
86.00
75.00
321.00
25.00
2.00
23.00
0.00
6.00
0.00
0.00
122.00
102.00
35.00
217.00
99.00
4.00
61.00
69.00
182.00
161.00
114.00
81.00
121.00
144.00
18.00
6.00
0.00
7.00
31.00
39.00
0.00
114.00
1.00
0.00
1.00
0.00
0.00
0.00
75.00
121.00
258.00
6.00
38.00
28.00
324.00
302.00
8.00
111.00
1032.00
0.00
20.00
11.00
20.00
1.00
32.00
3.00
87.00
18.00
1.00
0.00
13.00
0.00
128.00
55.00
441.00
187.00
50.00
206.00
33.00
12.00
8.00
11.00
0.00
218.00
45.00
44.00
178.00
23.00
7.00
69.00
49.00
5.00
42.00
47.00
24.00
93.00
0.00
80.00
52.00
264.00
162.00
53.00
12.00
0.00
26.00
45.00
130.00
46.00
87.00
15.00
16.00
8.00
43.00
60.00
211.00
0.00
3.00
18.00
6.00
32.00
69.00
83.00
35.00
230.00
0.00
26.00
18.00
49.00
11.00
206.00
50.00
6.00
0.00
9.00
124.00
107.00
18.00
0.00
26.00
53.00
93.00
4.00
24.00
2.00
17.00
135.00
11.00
0.00
0.00
337.00
2.00
3.00
56.00
0.00
105.00
0.00
29.00
33.00
35.00
14.00
261.00
31.00
8.00
0.00
101.00
65.00
0.00
14.00
27.00
101.00
29.00
3.00
0.00
2.00
0.00
20.00
13.00
11.00
106.00
142.00
108.00
49.00
4.00
85.00
30.00
115.00
0.00
54.00
80.00
6.00
15.00
0.00
0.00
0.00
0.00
0.00
3.00
137.00
151.00
18.00
339.00
5.00
120.00
2.00
0.00
0.00
0.00
0.00
0.00
0.00
0.00
0.00
0.00
0.00
0.00
0.00
0.00
385.00
128.00
24.00
1.00
0.00
0.00
0.00
3.00
137.00
265.00
62.00
0.00
0.00
0.00
0.00
0.00
0.00
0.00
0.00
0.00
0.00
0.00
0.00
0.00
0.00
0.00
0.00
0.00
0.00
0.00
0.00
0.00
0.00
0.00
0.00
0.00
0.00
0.00
0.00
0.00
0.00
0.00
0.00
0.00
0.00
0.00
0.00
0.00
0.00
0.00
0.00
0.00
0.00
0.00
0.00
0.00
0.00
0.00
0.00
0.00
0.00
0.00
0.00
0.00
0.00
0.00
0.00
0.00
0.00
0.00
0.00
0.00
0.00
0.00
0.00
0.00
0.00
0.00
0.00
0.00
0.00
0.00
0.00
0.00
0.00
0.00
0.00
0.00
0.00
0.00
0.00
0.00
34.00
0.00
0.00
0.00
0.00
0.00
0.00
0.00
0.00
0.00
0.00
0.00
0.00
0.00
0.00
0.00
0.00
0.00
0.00
0.00
0.00
0.00
0.00
0.00
0.00
0.00
0.00
0.00
0.00
0.00
0.00
0.00
0.00
0.00
0.00
0.00
0.00
33.00
3.00
0.00
97.00
0.00
29.00
73.00
0.00
0.00
0.00
0.00
0.00
0.00
54.00
0.00
95.00
0.00
0.00
0.00
0.00
18.00
0.00
0.00
1.00
168.00
438.00
579.00
163.00
103.00
242.00
602.00
4.00
0.00
0.00
0.00
0.00
0.00
0.00
0.00
0.00
0.00
60.00
1.00
0.00
0.00
189.00
65.00
101.00
136.00
43.00
78.00
131.00
0.00
8.00
74.00
0.00
55.00
89.00
0.00
0.00
13.00
81.00
28.00
0.00
0.00
128.00
0.00
0.00
0.00
55.00
53.00
143.00
21.00
11.00
1.00
2.00
2.00
22.00
11.00
0.00
8.00
0.00
13.00
10.00
120.00
166.00
227.00
5.00
56.00
86.00
40.00
0.00
0.00
2.00
3.00
131.00
185.00
16.00
179.00
79.00
18.00
0.00
39.00
2.00
17.00
6.00
4.00
7.00
181.00
28.00
4.00
4.00
29.00
11.00
49.00
34.00
248.00
260.00
117.00
16.00
65.00
109.00
27.00
13.00
65.00
143.00
91.00
52.00
110.00
76.00
8.00
29.00
24.00
16.00
344.00
116.00
104.00
142.00
9.00
136.00
209.00
46.00
35.00
36.00
1.00
47.00
21.00
3.00
1.00
33.00
6.00
183.00
29.00
110.00
54.00
3.00
8.00
2.00
24.00
17.00
28.00
22.00
26.00
92.00
50.00
11.00
17.00
82.00
4.00
22.00
31.00
0.00
0.00
115.00
377.00
57.00
38.00
18.00
14.00
61.00
42.00
60.00
9.00
6.00
9.00
1.00
10.00
8.00
16.00
4.00
48.00
42.00
48.00
39.00
0.00
105.00
625.00
188.00
243.00
168.00
2.00
9.00
10.00
0.00
0.00
103.00
52.00
49.00
34.00
97.00
32.00
27.00
21.00
0.00
0.00
55.00
0.00
22.00
32.00
20.00
0.00
10.00
80.00
0.00
0.00
0.00
0.00
9.00
53.00
72.00
340.00
0.00
0.00
0.00
0.00
0.00
0.00
0.00
515.00
312.00
0.00
0.00
0.00
0.00
0.00
0.00
0.00
0.00
0.00
0.00
0.00
0.00
63.00
0.00
0.00
40.00
90.00
27.00
0.00
0.00
0.00
0.00
0.00
0.00
0.00
0.00
0.00
0.00
0.00
0.00
0.00
0.00
0.00
0.00
0.00
0.00
0.00
8.00
168.00
106.00
121.00
0.00
0.00
0.00
0.00
0.00
0.00
0.00
0.00
0.00
0.00
0.00
1.00
0.00
0.00
0.00
1.00
0.00
0.00
0.00
0.00
94.00
183.00
90.00
0.00
0.00
0.00
0.00
0.00
0.00
0.00
0.00
0.00
0.00
0.00
0.00
0.00
0.00
0.00
0.00
0.00
0.00
0.00
0.00
0.00
0.00
0.00
0.00
0.00
0.00
0.00
0.00
0.00
0.00
0.00
0.00
0.00
0.00
0.00
0.00
15.00
94.00
0.00
3.00
0.00
0.00
0.00
0.00
0.00
0.00
0.00
0.00
0.00
0.00
0.00
0.00
0.00
0.00
101.00
0.00
0.00
0.00
0.00
5.00
0.00
0.00
0.00
0.00
0.00
0.00
0.00
0.00
43.00
328.00
0.00
31.00
20.00
51.00
0.00
0.00
0.00
0.00
0.00
0.00
0.00
0.00
52.00
17.00
0.00
18.00
55.00
0.00
0.00
40.00
4.00
0.00
210.00
0.00
1.00
239.00
0.00
39.00
22.00
15.00
0.00
54.00
5.00
0.00
97.00
11.00
21.00
41.00
38.00
21.00
0.00
0.00
21.00
0.00
1.00
17.00
13.00
52.00
32.00
135.00
0.00
87.00
113.00
247.00
253.00
215.00
467.00
247.00
189.00
1.00
119.00
4.00
40.00
0.00
0.00
0.00
0.00
0.00
0.00
103.00
0.00
25.00
0.00
9.00
1.00
1.00
55.00
3.00
29.00
0.00
37.00
227.00
51.00
23.00
12.00
9.00
15.00
26.00
88.00
333.00
407.00
0.00
45.00
14.00
0.00
0.00
0.00
0.00
0.00
147.00
51.00
34.00
1.00
0.00
22.00
6.00
10.00
18.00
9.00
0.00
9.00
1.00
0.00
3.00
16.00
72.00
39.00
41.00
51.00
39.00
9.00
62.00
17.00
35.00
4.00
1.00
0.00
19.00
7.00
165.00
135.00
50.00
103.00
75.00
71.00
47.00
41.00
127.00
162.00
160.00
216.00
1.00
0.00
4.00
21.00
139.00
14.00
8.00
28.00
45.00
8.00
102.00
14.00
57.00
32.00
0.00
2.00
23.00
147.00
73.00
156.00
42.00
82.00
53.00
40.00
96.00
64.00
56.00
40.00
15.00
0.00
48.00
2.00
1.00
6.00
0.00
0.00
0.00
9.00
45.00
12.00
0.00
6.00
0.00
17.00
17.00
0.00
0.00
12.00
15.00
2.00
0.00
0.00
9.00
2.00
0.00
0.00
7.00
3.00
0.00
0.00
1.00
1.00
0.00
5.00
0.00
0.00
0.00
2.00
31.00
88.00
248.00
173.00
13.00
4.00
0.00
0.00
0.00
0.00
0.00
0.00
0.00
0.00
0.00
0.00
0.00
0.00
419.00
72.00
164.00
82.00
15.00
0.00
0.00
0.00
0.00
0.00
0.00
0.00
0.00
0.00
0.00
0.00
0.00
0.00
0.00
0.00
0.00
0.00
0.00
0.00
0.00
0.00
0.00
0.00
0.00
0.00
0.00
0.00
0.00
0.00
0.00
0.00
0.00
0.00
0.00
1.00
7.00
0.00
0.00
0.00
0.00
0.00
0.00
0.00
0.00
2.00
9.00
8.00
0.00
0.00
0.00
0.00
0.00
0.00
0.00
0.00
0.00
0.00
0.00
0.00
0.00
0.00
0.00
0.00
0.00
0.00
0.00
0.00
0.00
0.00
0.00
0.00
0.00
0.00
0.00
0.00
0.00
0.00
0.00
0.00
0.00
0.00
0.00
0.00
0.00
0.00
0.00
0.00
0.00
0.00
6.00
0.00
0.00
0.00
0.00
0.00
0.00
0.00
0.00
0.00
0.00
0.00
0.00
0.00
0.00
0.00
0.00
0.00
0.00
2.00
0.00
0.00
0.00
0.00
0.00
0.00
0.00
88.20
69.00
98.40
43.90
0.00
0.00
0.00
3.40
22.40
0.00
0.00
0.00
0.00
0.00
0.00
0.00
0.00
0.00
0.00
0.00
6.90
2.80
0.20
0.00
0.00
9.30
0.00
0.00
0.00
0.00
13.80
0.00
0.00
0.00
21.30
37.90
105.00
0.80
10.30
0.00
1.30
1.30
21.00
25.80
0.00
0.00
0.20
0.10
0.00
8.60
0.00
6.60
0.00
0.00
3.80
0.00
0.00
0.00
0.00
0.00
0.00
0.00
11.20
4.10
0.00
0.00
0.00
14.20
2.60
0.00
0.00
0.00
0.00
0.00
0.00
0.40
0.00
2.60
1.70
0.90
0.00
9.80
0.00
0.60
0.60
0.40
0.00
0.00
27.40
0.00
2.00
0.00
0.00
0.00
0.00
2.30
1.90
4.50
0.10
8.20
0.20
0.70
17.90
22.70
20.80
0.10
0.50
0.00
0.10
20.60
11.30
0.00
0.00
15.30
6.90
5.50
10.30
17.40
0.10
0.20
10.10
3.10
0.00
0.00
0.30
8.40
1.10
0.40
0.00
0.10
2.40
9.70
4.50
0.40
2.50
2.50
1.40
1.40
0.30
2.00
2.00
0.40
0.10
2.00
2.00
2.00
10.10
6.90
4.90
5.20
7.00
34.00
2.60
0.00
1.90
11.80
2.50
3.50
7.70
0.20
0.10
31.30
2.10
2.60
11.70
7.00
0.90
6.30
9.70
3.90
2.00
0.70
0.70
1.00
0.00
1.20
6.70
7.40
22.00
11.20
17.10
0.20
0.00
0.80
26.80
0.00
1.60
0.30
7.90
3.10
0.60
0.20
0.90
0.00
3.20
5.40
5.00
6.70
16.40
20.00
0.50
0.20
13.00
9.60
0.60
0.00
2.20
17.40
10.70
29.40
25.10
24.20
11.80
0.00
0.00
4.70
8.70
4.00
4.00
4.20
0.40
3.80
0.50
10.90
4.50
1.10
10.10
1.10
0.00
0.00
0.00
0.10
6.80
0.00
0.00
0.00
0.00
0.00
0.60
6.40
1.10
0.10
0.80
1.00
