20160101
0.00
0.00
0.00
0.00
0.00
0.00
0.00
0.00
0.00
0.00
0.00
0.00
0.00
0.00
0.00
0.00
0.00
1.00
91.00
118.00
0.00
0.00
0.00
0.00
0.00
0.00
2.00
0.00
0.00
0.00
0.00
0.00
0.00
0.00
0.00
0.00
0.00
0.00
24.00
0.00
0.00
0.00
0.00
0.00
0.00
0.00
11.00
3.00
0.00
2.00
19.00
1.00
0.00
0.00
0.00
0.00
34.00
0.00
0.00
0.00
0.00
0.00
0.00
0.00
0.00
208.00
0.00
0.00
0.00
0.00
0.00
0.00
17.00
19.00
0.00
0.00
0.00
0.00
0.00
0.00
0.00
0.00
0.00
0.00
0.00
0.00
0.00
1.00
18.00
141.00
142.00
34.00
0.00
16.00
0.00
6.00
0.00
4.00
0.00
0.00
0.00
0.00
0.00
0.00
0.00
0.00
63.00
0.00
0.00
0.00
0.00
0.00
0.00
0.00
0.00
0.00
0.00
0.00
0.00
0.00
0.00
2.00
2.00
130.00
0.00
0.00
0.00
176.00
27.00
90.00
173.00
4.00
215.00
21.00
94.00
65.00
42.00
0.00
380.00
172.00
156.00
4.00
0.00
9.00
11.00
44.00
0.00
64.00
1.00
5.00
4.00
227.00
0.00
0.00
0.00
0.00
0.00
0.00
105.00
0.00
0.00
0.00
41.00
383.00
3.00
189.00
44.00
298.00
19.00
1.00
63.00
13.00
27.00
80.00
28.00
25.00
15.00
66.00
28.00
0.00
3.00
7.00
28.00
228.00
155.00
57.00
335.00
28.00
16.00
136.00
25.00
1.00
5.00
1.00
110.00
69.00
9.00
243.00
641.00
125.00
142.00
56.00
87.00
40.00
337.00
66.00
193.00
28.00
7.00
39.00
99.00
55.00
31.00
273.00
118.00
51.00
140.00
103.00
9.00
42.00
8.00
1.00
135.00
42.00
0.00
57.00
180.00
74.00
230.00
68.00
10.00
0.00
29.00
105.00
0.00
0.00
0.00
471.00
23.00
0.00
42.00
3.00
131.00
12.00
10.00
344.00
67.00
27.00
5.00
10.00
7.00
10.00
0.00
12.00
13.00
124.00
109.00
0.00
52.00
15.00
93.00
30.00
106.00
263.00
23.00
1.00
3.00
47.00
232.00
159.00
0.00
34.00
24.00
0.00
7.00
24.00
0.00
5.00
2.00
1.00
0.00
0.00
175.00
399.00
38.00
13.00
0.00
0.00
0.00
0.00
0.00
0.00
0.00
0.00
0.00
0.00
0.00
0.00
0.00
0.00
169.00
0.00
0.00
11.00
0.00
1.00
0.00
6.00
218.00
174.00
0.00
0.00
0.00
0.00
0.00
0.00
0.00
0.00
0.00
0.00
0.00
0.00
0.00
0.00
0.00
0.00
0.00
0.00
0.00
0.00
0.00
0.00
0.00
0.00
0.00
55.00
0.00
0.00
0.00
0.00
0.00
0.00
0.00
0.00
0.00
0.00
0.00
0.00
0.00
0.00
0.00
0.00
0.00
0.00
0.00
0.00
0.00
0.00
0.00
0.00
0.00
0.00
0.00
0.00
0.00
0.00
7.00
1.00
0.00
0.00
0.00
0.00
0.00
0.00
0.00
177.00
0.00
0.00
0.00
0.00
0.00
0.00
0.00
0.00
0.00
0.00
0.00
0.00
0.00
0.00
0.00
7.00
61.00
0.00
0.00
0.00
0.00
0.00
0.00
0.00
0.00
0.00
0.00
0.00
0.00
0.00
0.00
0.00
0.00
0.00
0.00
0.00
0.00
0.00
0.00
0.00
0.00
0.00
0.00
0.00
0.00
0.00
0.00
0.00
0.00
0.00
0.00
0.00
162.00
9.00
0.00
0.00
19.00
1.00
184.00
0.00
0.00
0.00
0.00
0.00
0.00
81.00
0.00
86.00
406.00
0.00
0.00
0.00
0.00
189.00
0.00
0.00
227.00
185.00
0.00
0.00
52.00
105.00
16.00
0.00
12.00
0.00
35.00
57.00
0.00
0.00
0.00
0.00
0.00
0.00
436.00
140.00
0.00
1.00
804.00
60.00
124.00
755.00
0.00
71.00
198.00
0.00
0.00
0.00
102.00
447.00
185.00
0.00
1.00
16.00
121.00
26.00
0.00
2.00
50.00
0.00
46.00
0.00
75.00
284.00
633.00
34.00
86.00
0.00
0.00
3.00
0.00
23.00
0.00
0.00
0.00
83.00
0.00
1.00
59.00
67.00
4.00
51.00
618.00
25.00
4.00
73.00
0.00
8.00
54.00
1.00
27.00
12.00
424.00
19.00
104.00
14.00
337.00
52.00
1274.00
114.00
30.00
0.00
43.00
51.00
1.00
2.00
0.00
18.00
13.00
38.00
85.00
23.00
93.00
537.00
280.00
168.00
2.00
29.00
37.00
44.00
37.00
107.00
219.00
114.00
6.00
13.00
50.00
21.00
142.00
62.00
31.00
63.00
67.00
56.00
469.00
47.00
53.00
40.00
132.00
248.00
60.00
73.00
236.00
78.00
114.00
77.00
75.00
21.00
20.00
34.00
37.00
286.00
933.00
382.00
132.00
69.00
26.00
14.00
118.00
18.00
27.00
32.00
137.00
236.00
187.00
25.00
5.00
640.00
84.00
52.00
50.00
25.00
48.00
410.00
253.00
13.00
7.00
31.00
111.00
13.00
77.00
158.00
183.00
56.00
0.00
14.00
11.00
1.00
7.00
204.00
42.00
31.00
266.00
115.00
1.00
25.00
2.00
1.00
0.00
54.00
96.00
176.00
181.00
53.00
158.00
1.00
0.00
1.00
462.00
17.00
2.00
10.00
1.00
0.00
0.00
0.00
18.00
0.00
0.00
0.00
1.00
0.00
819.00
406.00
0.00
0.00
0.00
0.00
0.00
0.00
0.00
0.00
6.00
0.00
0.00
0.00
0.00
0.00
0.00
0.00
0.00
0.00
0.00
0.00
0.00
0.00
0.00
6.00
238.00
139.00
4.00
0.00
0.00
0.00
0.00
0.00
0.00
0.00
0.00
0.00
0.00
0.00
0.00
0.00
0.00
0.00
0.00
0.00
0.00
0.00
1.00
0.00
241.00
0.00
0.00
0.00
0.00
0.00
0.00
0.00
0.00
0.00
11.00
0.00
0.00
0.00
0.00
0.00
0.00
0.00
0.00
0.00
0.00
0.00
0.00
0.00
0.00
0.00
0.00
0.00
0.00
0.00
0.00
0.00
0.00
0.00
0.00
0.00
0.00
0.00
0.00
0.00
0.00
0.00
0.00
0.00
0.00
0.00
0.00
0.00
0.00
0.00
0.00
0.00
0.00
0.00
0.00
0.00
0.00
0.00
0.00
0.00
1260.00
306.00
155.00
46.00
26.00
182.00
1065.00
555.00
0.00
0.00
0.00
0.00
0.00
0.00
0.00
0.00
0.00
0.00
549.00
581.00
0.00
0.00
0.00
0.00
0.00
0.00
136.00
0.00
0.00
0.00
0.00
0.00
0.00
0.00
0.00
0.00
12.00
15.00
0.00
0.00
0.00
0.00
0.00
0.00
0.00
0.00
254.00
68.00
0.00
10.00
27.00
545.00
109.00
0.00
3.00
0.00
0.00
272.00
6.00
12.00
0.00
0.00
0.00
4.00
30.00
0.00
17.00
0.00
0.00
15.00
1.00
0.00
0.00
157.00
1.00
0.00
2.00
145.00
85.00
0.00
172.00
437.00
243.00
0.00
131.00
0.00
99.00
476.00
437.00
2.00
7.00
81.00
31.00
0.00
0.00
1.00
0.00
72.00
163.00
0.00
0.00
0.00
12.00
1.00
163.00
64.00
50.00
7.00
0.00
1.00
79.00
0.00
249.00
32.00
82.00
39.00
16.00
0.00
11.00
24.00
11.00
68.00
68.00
3.00
19.00
13.00
0.00
298.00
4.00
0.00
40.00
41.00
79.00
0.00
0.00
1.00
7.00
180.00
28.00
11.00
10.00
6.00
0.00
64.00
146.00
299.00
141.00
23.00
0.00
4.00
1.00
1.00
2.00
108.00
0.00
44.00
37.00
63.00
22.00
15.00
2.00
0.00
0.00
335.00
6.00
47.00
125.00
379.00
11.00
27.00
81.00
371.00
109.00
141.00
294.00
177.00
11.00
105.00
7.00
22.00
319.00
28.00
18.00
19.00
9.00
10.00
33.00
56.00
40.00
317.00
26.00
6.00
0.00
76.00
136.00
7.00
33.00
575.00
178.00
145.00
15.00
3.00
2.00
5.00
4.00
85.00
3.00
209.00
56.00
43.00
16.00
1.00
0.00
1.00
3.00
5.00
112.00
1139.00
122.00
9.00
0.00
0.00
0.00
3.00
484.00
345.00
86.00
0.00
0.00
0.00
10.00
17.00
0.00
3.00
0.00
0.00
0.00
0.00
0.00
0.00
0.00
0.00
0.00
0.00
0.00
4.00
562.00
144.00
7.00
0.00
0.00
0.00
0.00
0.00
0.00
0.00
0.00
0.00
0.00
0.00
0.00
0.00
0.00
3.00
3.00
0.00
0.00
0.00
0.00
0.00
0.00
0.00
0.00
0.00
0.00
0.00
0.00
0.00
0.00
0.00
0.00
0.00
0.00
0.00
0.00
0.00
0.00
0.00
0.00
0.00
0.00
0.00
0.00
0.00
0.00
0.00
0.00
0.00
0.00
0.00
0.00
5.00
0.00
0.00
0.00
0.00
0.00
0.00
0.00
0.00
0.00
0.00
8.00
83.00
246.00
0.00
0.00
0.00
0.00
0.00
0.00
0.00
0.00
0.00
0.00
0.00
0.00
0.00
0.00
0.00
0.00
0.00
0.00
0.00
0.00
0.00
0.00
0.00
0.00
0.00
0.00
0.00
0.00
0.00
0.00
0.00
0.00
0.00
0.00
0.00
0.00
0.00
0.00
16.00
16.00
0.00
0.00
0.00
0.00
0.00
0.00
0.00
0.00
0.00
0.00
1.00
4.00
0.00
0.00
0.00
0.00
0.00
0.00
5.00
2.00
0.00
0.00
0.00
0.00
0.00
0.00
0.00
0.30
18.20
0.10
26.80
0.10
0.00
0.00
0.00
15.10
0.00
0.00
0.00
0.00
0.00
0.00
0.00
0.00
0.00
1.30
5.60
0.00
3.10
1.80
0.00
0.00
0.00
0.00
0.00
0.00
0.00
8.10
0.10
0.00
28.70
0.00
65.60
0.30
23.30
0.00
72.20
0.00
18.40
0.10
23.80
7.10
0.00
4.10
0.00
31.40
0.00
0.70
2.10
0.00
0.10
0.00
0.00
4.20
0.00
0.00
0.00
0.00
0.70
0.40
0.00
3.10
0.30
0.30
1.40
72.10
26.10
0.00
0.00
0.00
0.00
0.00
0.00
0.00
0.00
15.90
1.10
22.20
0.00
19.70
44.00
2.80
2.80
0.00
43.30
43.30
105.80
1.60
0.00
16.90
26.70
0.00
7.50
1.20
3.70
101.40
0.30
0.00
1.30
0.70
0.00
0.00
0.00
0.00
0.00
0.10
0.00
4.60
19.80
0.00
41.80
0.10
2.70
10.60
10.50
11.40
0.00
0.00
23.20
44.60
13.30
3.70
0.00
35.50
3.40
0.20
0.00
11.50
4.20
10.10
24.10
31.80
148.10
148.10
47.00
47.00
49.60
0.60
0.60
0.80
0.60
0.60
0.60
0.60
1.20
7.20
39.20
39.60
4.30
33.70
5.50
1.80
4.50
3.30
2.80
4.80
5.00
3.60
4.80
7.20
4.70
4.70
12.10
13.20
0.50
0.90
38.90
8.60
10.50
3.30
15.30
1.80
0.20
0.70
0.90
1.70
45.00
6.70
2.00
0.20
0.40
0.10
2.50
1.20
2.90
5.30
8.80
6.70
4.70
1.10
0.10
0.50
0.90
0.50
7.20
14.40
2.20
7.70
12.00
2.20
43.90
8.30
6.40
0.00
0.10
0.00
8.90
1.20
8.60
9.70
62.20
2.30
1.20
31.90
15.40
59.20
59.20
0.00
0.50
0.20
5.30
2.80
3.00
64.00
9.40
0.00
0.00
0.00
0.00
0.00
0.00
0.00
0.00
0.00
0.00
0.00
1.70
0.10
0.00
0.50
8.00
72.20
