20160101
0.00
0.00
0.00
0.00
0.00
0.00
0.00
0.00
0.00
0.00
0.00
0.00
23.00
0.00
0.00
0.00
0.00
0.00
12.00
59.00
0.00
0.00
0.00
0.00
0.00
13.00
0.00
0.00
0.00
0.00
0.00
0.00
0.00
0.00
0.00
0.00
0.00
2.00
7.00
0.00
0.00
10.00
0.00
0.00
0.00
0.00
0.00
0.00
0.00
0.00
7.00
3.00
0.00
0.00
11.00
3.00
14.00
0.00
0.00
0.00
0.00
0.00
0.00
0.00
0.00
25.00
0.00
0.00
0.00
0.00
0.00
1.00
0.00
1.00
0.00
0.00
0.00
0.00
13.00
0.00
29.00
0.00
0.00
0.00
0.00
0.00
1.00
136.00
18.00
46.00
285.00
2.00
0.00
77.00
34.00
44.00
9.00
2.00
0.00
0.00
0.00
0.00
0.00
0.00
140.00
10.00
46.00
639.00
6.00
159.00
31.00
0.00
0.00
0.00
0.00
2.00
257.00
209.00
13.00
2.00
0.00
39.00
21.00
219.00
23.00
182.00
32.00
607.00
20.00
33.00
42.00
18.00
769.00
134.00
222.00
89.00
118.00
335.00
353.00
46.00
69.00
289.00
8.00
13.00
194.00
175.00
4.00
33.00
93.00
10.00
71.00
7.00
7.00
9.00
5.00
134.00
67.00
293.00
1613.00
107.00
103.00
39.00
148.00
43.00
56.00
584.00
353.00
378.00
318.00
349.00
350.00
608.00
537.00
581.00
700.00
648.00
85.00
352.00
70.00
317.00
348.00
341.00
258.00
151.00
497.00
458.00
274.00
107.00
329.00
720.00
554.00
142.00
163.00
181.00
224.00
342.00
362.00
545.00
73.00
235.00
552.00
187.00
174.00
311.00
229.00
637.00
392.00
171.00
190.00
109.00
164.00
104.00
95.00
168.00
170.00
405.00
513.00
281.00
67.00
212.00
139.00
532.00
589.00
106.00
192.00
190.00
397.00
419.00
119.00
226.00
242.00
21.00
176.00
122.00
14.00
61.00
12.00
164.00
38.00
25.00
435.00
457.00
918.00
1045.00
1099.00
305.00
293.00
337.00
99.00
269.00
144.00
107.00
63.00
468.00
338.00
690.00
583.00
327.00
103.00
415.00
281.00
551.00
253.00
464.00
455.00
116.00
579.00
113.00
497.00
333.00
101.00
100.00
136.00
13.00
53.00
66.00
9.00
22.00
219.00
163.00
264.00
75.00
502.00
102.00
178.00
132.00
6.00
2.00
0.00
2.00
0.00
0.00
3.00
123.00
28.00
15.00
0.00
22.00
5.00
0.00
32.00
0.00
0.00
9.00
4.00
0.00
0.00
0.00
48.00
144.00
0.00
0.00
0.00
33.00
0.00
67.00
8.00
0.00
0.00
0.00
0.00
139.00
47.00
3.00
1.00
0.00
0.00
0.00
0.00
0.00
35.00
0.00
51.00
0.00
0.00
51.00
0.00
0.00
0.00
0.00
0.00
0.00
0.00
0.00
0.00
0.00
0.00
0.00
0.00
0.00
0.00
0.00
0.00
0.00
0.00
0.00
10.00
2.00
1.00
0.00
7.00
0.00
0.00
0.00
31.00
6.00
0.00
0.00
0.00
1.00
0.00
0.00
0.00
0.00
0.00
24.00
0.00
0.00
0.00
0.00
0.00
0.00
0.00
0.00
0.00
0.00
0.00
0.00
0.00
0.00
0.00
0.00
20.00
0.00
0.00
0.00
0.00
0.00
0.00
0.00
0.00
0.00
0.00
0.00
0.00
0.00
0.00
0.00
0.00
0.00
0.00
0.00
0.00
0.00
0.00
0.00
0.00
0.00
1.00
0.00
0.00
0.00
0.00
0.00
0.00
0.00
0.00
0.00
98.00
33.00
0.00
0.00
12.00
0.00
186.00
2.00
0.00
0.00
0.00
0.00
0.00
155.00
5.00
39.00
143.00
0.00
0.00
0.00
115.00
213.00
0.00
25.00
158.00
658.00
183.00
117.00
13.00
378.00
346.00
103.00
339.00
12.00
0.00
36.00
0.00
0.00
0.00
0.00
0.00
2.00
228.00
81.00
0.00
15.00
565.00
656.00
24.00
672.00
0.00
242.00
229.00
7.00
0.00
44.00
19.00
38.00
228.00
0.00
81.00
165.00
115.00
307.00
1.00
43.00
178.00
19.00
125.00
20.00
20.00
427.00
545.00
4.00
51.00
275.00
116.00
117.00
42.00
182.00
7.00
91.00
34.00
83.00
31.00
21.00
198.00
301.00
181.00
486.00
364.00
252.00
74.00
42.00
2.00
21.00
119.00
40.00
179.00
222.00
1624.00
303.00
455.00
358.00
405.00
284.00
800.00
517.00
97.00
200.00
489.00
341.00
309.00
86.00
80.00
82.00
381.00
66.00
733.00
441.00
445.00
344.00
455.00
139.00
75.00
201.00
89.00
298.00
372.00
244.00
530.00
412.00
162.00
191.00
122.00
96.00
208.00
264.00
434.00
294.00
834.00
414.00
614.00
498.00
163.00
71.00
174.00
180.00
107.00
331.00
871.00
820.00
666.00
460.00
552.00
312.00
77.00
139.00
156.00
1092.00
905.00
1458.00
827.00
448.00
288.00
60.00
375.00
300.00
225.00
339.00
943.00
224.00
569.00
467.00
555.00
1213.00
764.00
119.00
539.00
481.00
419.00
335.00
600.00
465.00
334.00
175.00
278.00
203.00
492.00
1106.00
558.00
149.00
105.00
383.00
295.00
139.00
136.00
1119.00
307.00
649.00
212.00
116.00
42.00
213.00
59.00
64.00
88.00
294.00
160.00
344.00
650.00
272.00
125.00
30.00
65.00
4.00
116.00
75.00
79.00
84.00
28.00
29.00
27.00
23.00
67.00
13.00
11.00
2.00
100.00
186.00
628.00
431.00
36.00
12.00
13.00
124.00
111.00
126.00
264.00
17.00
100.00
25.00
12.00
102.00
5.00
60.00
28.00
23.00
18.00
279.00
29.00
4.00
4.00
10.00
0.00
212.00
350.00
84.00
37.00
17.00
29.00
22.00
17.00
3.00
5.00
32.00
146.00
183.00
0.00
0.00
2.00
2.00
5.00
0.00
0.00
0.00
0.00
0.00
12.00
274.00
95.00
152.00
0.00
0.00
0.00
0.00
0.00
0.00
0.00
1.00
39.00
29.00
27.00
10.00
0.00
0.00
0.00
0.00
0.00
0.00
0.00
0.00
0.00
190.00
20.00
0.00
0.00
0.00
0.00
0.00
0.00
0.00
0.00
0.00
0.00
0.00
0.00
0.00
0.00
0.00
0.00
0.00
0.00
0.00
0.00
0.00
0.00
0.00
0.00
0.00
0.00
0.00
0.00
0.00
0.00
0.00
0.00
0.00
0.00
0.00
681.00
300.00
308.00
6.00
37.00
19.00
306.00
165.00
0.00
0.00
0.00
0.00
0.00
0.00
0.00
0.00
0.00
0.00
391.00
110.00
0.00
0.00
0.00
0.00
0.00
0.00
0.00
0.00
0.00
0.00
0.00
0.00
0.00
0.00
0.00
0.00
0.00
46.00
0.00
0.00
0.00
0.00
0.00
0.00
16.00
0.00
17.00
9.00
0.00
7.00
147.00
340.00
628.00
0.00
7.00
0.00
0.00
201.00
7.00
49.00
77.00
7.00
0.00
129.00
1.00
0.00
126.00
1.00
10.00
157.00
33.00
113.00
4.00
122.00
7.00
0.00
286.00
43.00
32.00
0.00
170.00
169.00
197.00
1.00
25.00
0.00
157.00
339.00
967.00
306.00
210.00
369.00
199.00
282.00
0.00
1.00
0.00
433.00
1.00
18.00
0.00
0.00
0.00
404.00
985.00
304.00
150.00
859.00
474.00
0.00
281.00
12.00
64.00
139.00
43.00
0.00
19.00
311.00
176.00
83.00
23.00
55.00
51.00
176.00
153.00
391.00
260.00
365.00
127.00
49.00
60.00
165.00
119.00
16.00
60.00
10.00
295.00
765.00
180.00
118.00
84.00
91.00
117.00
134.00
807.00
392.00
143.00
325.00
167.00
60.00
143.00
266.00
277.00
258.00
55.00
364.00
459.00
283.00
242.00
95.00
116.00
157.00
32.00
320.00
283.00
127.00
383.00
736.00
454.00
232.00
229.00
318.00
212.00
974.00
332.00
360.00
353.00
51.00
249.00
467.00
372.00
348.00
160.00
287.00
951.00
747.00
554.00
417.00
395.00
848.00
286.00
34.00
46.00
368.00
85.00
146.00
115.00
464.00
388.00
279.00
297.00
250.00
127.00
105.00
82.00
270.00
184.00
239.00
404.00
325.00
36.00
59.00
19.00
47.00
177.00
385.00
471.00
323.00
293.00
187.00
15.00
14.00
0.00
25.00
105.00
136.00
5.00
7.00
87.00
157.00
148.00
74.00
19.00
2.00
25.00
0.00
13.00
10.00
17.00
259.00
0.00
0.00
0.00
27.00
3.00
13.00
179.00
193.00
45.00
16.00
0.00
129.00
0.00
11.00
1.00
4.00
0.00
2.00
0.00
0.00
0.00
17.00
57.00
51.00
72.00
21.00
19.00
0.00
0.00
238.00
6.00
5.00
0.00
5.00
5.00
8.00
2.00
0.00
0.00
0.00
0.00
0.00
0.00
15.00
0.00
0.00
0.00
0.00
0.00
0.00
0.00
0.00
0.00
0.00
0.00
0.00
0.00
0.00
0.00
1.00
0.00
13.00
0.00
0.00
0.00
0.00
0.00
0.00
0.00
0.00
0.00
0.00
19.00
82.00
46.00
0.00
0.00
0.00
0.00
0.00
0.00
0.00
0.00
0.00
0.00
0.00
0.00
0.00
0.00
0.00
0.00
0.00
0.00
0.00
0.00
0.00
0.00
0.00
0.00
0.00
0.00
0.00
0.00
0.00
0.00
0.00
0.00
0.00
0.00
0.00
0.00
0.00
0.00
5.00
5.00
2.00
0.00
0.00
0.00
0.00
0.00
0.00
0.00
0.00
0.00
0.00
10.00
0.00
0.00
0.00
3.00
0.00
0.00
0.00
6.00
1.00
0.00
0.00
0.00
0.00
0.00
0.00
0.30
18.10
4.60
59.90
18.90
0.00
0.00
0.00
2.90
0.80
0.00
0.00
0.00
0.00
0.00
0.00
0.00
0.00
0.00
0.10
0.00
15.20
0.70
6.30
0.00
4.70
2.50
0.00
0.00
0.00
4.20
5.30
0.00
0.00
0.00
167.30
2.00
27.60
0.00
21.80
11.40
31.60
0.00
0.70
64.90
0.00
1.80
2.20
2.40
0.00
1.90
2.10
0.00
0.00
0.00
4.00
12.40
0.60
0.00
0.00
0.00
0.20
10.80
12.30
22.20
9.00
9.00
0.10
219.40
52.20
1.00
0.00
0.50
43.20
34.70
17.80
17.60
0.40
30.20
6.40
11.20
1.00
25.50
106.70
5.20
5.20
14.10
43.80
43.80
13.60
4.00
0.60
14.40
6.90
3.10
14.40
31.40
26.30
9.80
39.50
5.00
0.70
12.20
23.20
3.50
1.40
3.10
0.10
2.60
52.50
53.10
33.20
6.30
7.00
7.50
26.00
74.00
11.70
7.30
2.40
3.80
94.80
121.00
83.20
59.00
13.60
38.40
45.00
18.00
12.90
22.50
23.00
86.40
64.20
112.00
112.70
112.70
111.70
111.70
55.10
12.00
12.00
6.80
8.00
12.00
12.00
12.00
32.00
107.50
109.00
40.40
69.50
33.80
33.40
13.80
14.40
9.50
14.50
15.00
41.50
26.30
14.10
18.70
9.20
21.40
22.70
14.30
55.50
3.80
66.70
53.60
17.50
33.80
27.50
3.00
6.60
5.30
4.90
10.90
65.00
58.30
18.00
15.00
10.20
14.80
100.70
11.00
21.50
26.60
25.40
59.80
51.20
58.90
41.90
44.70
36.30
19.90
43.40
86.80
26.90
17.90
54.50
29.00
13.20
43.90
13.90
4.80
4.40
3.80
9.90
42.00
21.10
34.60
58.60
7.50
13.80
9.90
19.90
49.90
49.90
22.30
4.00
4.00
21.80
5.10
33.50
9.30
11.90
18.40
3.00
4.90
10.30
2.30
5.00
2.20
0.20
0.80
3.90
5.70
1.20
0.80
1.10
0.00
1.80
45.80
