20160101
0.00
0.00
0.00
0.00
0.00
0.00
0.00
0.00
0.00
0.00
0.00
0.00
0.00
0.00
0.00
0.00
0.00
0.00
33.00
71.00
0.00
0.00
0.00
0.00
0.00
0.00
2.00
0.00
0.00
0.00
0.00
0.00
0.00
0.00
0.00
0.00
0.00
0.00
7.00
1.00
0.00
35.00
0.00
0.00
0.00
0.00
4.00
0.00
0.00
2.00
12.00
1.00
0.00
0.00
0.00
0.00
11.00
2.00
0.00
0.00
0.00
0.00
0.00
0.00
0.00
66.00
0.00
0.00
0.00
0.00
0.00
0.00
6.00
6.00
0.00
0.00
0.00
0.00
0.00
0.00
0.00
0.00
0.00
0.00
0.00
0.00
0.00
22.00
17.00
79.00
285.00
5.00
0.00
8.00
0.00
18.00
0.00
0.00
0.00
0.00
0.00
0.00
0.00
0.00
105.00
0.00
62.00
0.00
0.00
0.00
0.00
0.00
0.00
0.00
0.00
0.00
0.00
192.00
1.00
0.00
0.00
0.00
0.00
52.00
0.00
62.00
0.00
266.00
9.00
15.00
75.00
8.00
652.00
271.00
223.00
97.00
67.00
48.00
102.00
81.00
33.00
100.00
0.00
0.00
56.00
136.00
0.00
19.00
4.00
27.00
81.00
227.00
0.00
0.00
0.00
0.00
0.00
27.00
589.00
0.00
111.00
2.00
272.00
35.00
1.00
550.00
115.00
487.00
157.00
46.00
435.00
293.00
59.00
160.00
212.00
189.00
32.00
132.00
49.00
41.00
65.00
44.00
40.00
73.00
102.00
292.00
166.00
21.00
90.00
387.00
158.00
58.00
58.00
54.00
346.00
143.00
126.00
167.00
246.00
189.00
173.00
159.00
87.00
46.00
180.00
206.00
352.00
39.00
5.00
42.00
53.00
58.00
97.00
330.00
162.00
199.00
458.00
237.00
7.00
38.00
14.00
1.00
127.00
7.00
9.00
333.00
400.00
443.00
134.00
68.00
7.00
0.00
74.00
13.00
4.00
13.00
0.00
761.00
35.00
5.00
167.00
32.00
330.00
21.00
171.00
1182.00
226.00
68.00
24.00
60.00
34.00
34.00
1.00
105.00
32.00
232.00
341.00
9.00
50.00
42.00
159.00
119.00
173.00
879.00
44.00
124.00
371.00
58.00
474.00
154.00
0.00
15.00
16.00
0.00
3.00
12.00
0.00
0.00
16.00
0.00
2.00
1.00
35.00
186.00
80.00
1.00
0.00
0.00
0.00
0.00
0.00
0.00
0.00
0.00
0.00
0.00
0.00
1.00
0.00
0.00
129.00
0.00
0.00
0.00
0.00
0.00
0.00
0.00
28.00
168.00
0.00
0.00
0.00
0.00
0.00
0.00
0.00
0.00
0.00
0.00
0.00
0.00
0.00
0.00
0.00
0.00
0.00
0.00
0.00
0.00
0.00
0.00
0.00
0.00
0.00
109.00
0.00
0.00
0.00
0.00
0.00
0.00
0.00
0.00
0.00
0.00
0.00
0.00
0.00
0.00
0.00
0.00
0.00
0.00
0.00
0.00
0.00
0.00
0.00
0.00
3.00
0.00
0.00
0.00
0.00
0.00
0.00
0.00
0.00
0.00
0.00
0.00
0.00
0.00
0.00
29.00
0.00
0.00
0.00
0.00
0.00
0.00
0.00
0.00
0.00
0.00
0.00
0.00
0.00
0.00
0.00
0.00
6.00
0.00
0.00
0.00
0.00
0.00
0.00
0.00
0.00
0.00
0.00
0.00
0.00
0.00
0.00
0.00
0.00
0.00
0.00
0.00
0.00
0.00
0.00
0.00
0.00
0.00
122.00
0.00
0.00
0.00
0.00
0.00
0.00
0.00
0.00
0.00
145.00
3.00
0.00
0.00
24.00
0.00
101.00
1.00
0.00
0.00
0.00
0.00
0.00
26.00
8.00
40.00
110.00
0.00
0.00
0.00
109.00
114.00
0.00
2.00
505.00
375.00
22.00
58.00
31.00
22.00
15.00
9.00
196.00
1.00
0.00
39.00
0.00
0.00
0.00
0.00
0.00
0.00
161.00
195.00
0.00
0.00
564.00
294.00
45.00
552.00
0.00
243.00
214.00
27.00
0.00
0.00
0.00
167.00
129.00
0.00
21.00
31.00
74.00
683.00
3.00
0.00
115.00
2.00
95.00
0.00
51.00
894.00
730.00
1.00
39.00
0.00
339.00
205.00
0.00
86.00
0.00
78.00
82.00
211.00
1.00
6.00
92.00
82.00
91.00
385.00
676.00
256.00
8.00
23.00
0.00
0.00
10.00
0.00
97.00
87.00
843.00
52.00
104.00
7.00
346.00
186.00
487.00
1144.00
307.00
144.00
127.00
19.00
240.00
4.00
35.00
45.00
63.00
39.00
253.00
105.00
86.00
461.00
201.00
103.00
22.00
94.00
55.00
375.00
103.00
163.00
172.00
47.00
33.00
132.00
29.00
23.00
157.00
31.00
21.00
81.00
276.00
18.00
140.00
174.00
43.00
61.00
205.00
99.00
75.00
37.00
387.00
151.00
176.00
276.00
337.00
131.00
19.00
101.00
100.00
434.00
821.00
442.00
131.00
389.00
98.00
5.00
249.00
101.00
118.00
72.00
471.00
356.00
235.00
184.00
134.00
942.00
302.00
79.00
153.00
132.00
204.00
76.00
292.00
37.00
15.00
29.00
5.00
73.00
31.00
940.00
488.00
1.00
0.00
112.00
52.00
0.00
4.00
358.00
234.00
170.00
137.00
114.00
33.00
38.00
29.00
9.00
5.00
236.00
149.00
340.00
337.00
194.00
2.00
0.00
2.00
0.00
23.00
1.00
0.00
1.00
0.00
0.00
97.00
0.00
50.00
3.00
0.00
0.00
2.00
5.00
730.00
540.00
0.00
0.00
0.00
0.00
0.00
0.00
0.00
1.00
7.00
0.00
0.00
0.00
0.00
0.00
0.00
0.00
0.00
0.00
0.00
0.00
0.00
2.00
0.00
4.00
278.00
152.00
11.00
1.00
0.00
0.00
0.00
0.00
0.00
0.00
0.00
0.00
0.00
0.00
0.00
0.00
0.00
0.00
0.00
0.00
0.00
0.00
0.00
2.00
296.00
18.00
0.00
0.00
0.00
0.00
0.00
0.00
0.00
0.00
15.00
3.00
0.00
0.00
0.00
0.00
0.00
0.00
0.00
0.00
0.00
0.00
0.00
2.00
2.00
0.00
0.00
0.00
0.00
0.00
0.00
0.00
0.00
0.00
0.00
0.00
0.00
0.00
0.00
0.00
0.00
0.00
0.00
0.00
0.00
0.00
0.00
0.00
0.00
0.00
0.00
0.00
0.00
0.00
0.00
0.00
0.00
0.00
0.00
0.00
1117.00
302.00
264.00
32.00
31.00
130.00
712.00
434.00
0.00
0.00
0.00
0.00
0.00
0.00
0.00
0.00
0.00
0.00
398.00
29.00
0.00
0.00
0.00
0.00
0.00
0.00
0.00
0.00
0.00
0.00
0.00
0.00
0.00
0.00
0.00
0.00
0.00
7.00
1.00
0.00
0.00
0.00
0.00
0.00
1.00
2.00
131.00
0.00
0.00
15.00
129.00
411.00
511.00
0.00
12.00
0.00
0.00
27.00
20.00
45.00
11.00
6.00
0.00
44.00
2.00
0.00
167.00
0.00
67.00
74.00
9.00
29.00
85.00
71.00
0.00
1.00
16.00
43.00
31.00
0.00
79.00
181.00
338.00
0.00
92.00
0.00
274.00
329.00
1138.00
30.00
58.00
188.00
42.00
3.00
0.00
2.00
0.00
282.00
8.00
0.00
0.00
0.00
0.00
8.00
431.00
81.00
47.00
474.00
26.00
0.00
137.00
10.00
169.00
15.00
108.00
4.00
14.00
0.00
1.00
1.00
23.00
9.00
96.00
11.00
43.00
107.00
39.00
145.00
11.00
0.00
10.00
95.00
115.00
0.00
1.00
2.00
146.00
450.00
111.00
21.00
34.00
16.00
2.00
210.00
150.00
252.00
36.00
106.00
19.00
24.00
23.00
13.00
15.00
32.00
4.00
141.00
187.00
119.00
62.00
53.00
19.00
5.00
13.00
291.00
28.00
11.00
157.00
218.00
155.00
7.00
184.00
192.00
286.00
578.00
202.00
197.00
117.00
21.00
25.00
88.00
392.00
124.00
50.00
86.00
116.00
91.00
128.00
154.00
180.00
706.00
85.00
3.00
4.00
74.00
31.00
17.00
28.00
630.00
287.00
279.00
124.00
35.00
8.00
12.00
25.00
244.00
42.00
112.00
376.00
163.00
56.00
2.00
2.00
54.00
14.00
66.00
371.00
531.00
77.00
49.00
1.00
0.00
0.00
4.00
360.00
171.00
8.00
1.00
24.00
28.00
60.00
444.00
1.00
4.00
0.00
0.00
0.00
0.00
8.00
0.00
0.00
3.00
0.00
0.00
0.00
1.00
182.00
89.00
61.00
0.00
0.00
17.00
0.00
0.00
0.00
0.00
0.00
0.00
0.00
0.00
0.00
0.00
0.00
22.00
20.00
3.00
0.00
0.00
0.00
0.00
8.00
0.00
0.00
0.00
0.00
0.00
0.00
0.00
0.00
0.00
0.00
0.00
0.00
0.00
0.00
0.00
0.00
0.00
0.00
0.00
0.00
0.00
0.00
0.00
0.00
0.00
0.00
0.00
0.00
0.00
0.00
7.00
0.00
0.00
0.00
0.00
0.00
0.00
0.00
0.00
0.00
0.00
1.00
79.00
93.00
0.00
0.00
0.00
0.00
0.00
0.00
0.00
0.00
0.00
0.00
0.00
0.00
0.00
0.00
0.00
0.00
0.00
0.00
0.00
0.00
0.00
0.00
0.00
0.00
0.00
0.00
0.00
0.00
0.00
0.00
0.00
0.00
0.00
0.00
0.00
0.00
0.00
0.00
10.00
10.00
0.00
0.00
0.00
0.00
0.00
0.00
0.00
0.00
0.00
0.00
0.00
7.00
1.00
0.00
0.00
6.00
0.00
0.00
1.00
5.00
0.00
0.00
0.00
0.00
0.00
0.00
0.00
0.10
19.10
0.70
44.30
6.50
0.00
0.00
0.00
12.90
0.00
0.00
0.00
0.00
0.00
0.00
0.00
0.00
0.00
0.10
0.70
0.00
7.20
1.40
0.00
0.00
0.00
0.00
0.00
0.00
0.00
11.20
0.90
0.00
11.40
0.20
42.20
0.00
35.80
0.00
13.70
1.20
35.70
0.00
3.40
38.00
0.00
2.20
0.00
14.90
0.00
5.60
0.20
0.00
0.00
0.00
0.20
7.00
0.00
0.00
0.00
0.00
2.60
4.20
0.70
10.30
7.50
7.50
0.10
102.70
30.10
0.00
0.00
0.00
0.00
42.90
20.80
0.30
0.00
25.30
0.60
27.30
0.60
62.70
24.50
1.30
1.30
0.00
23.60
23.60
33.70
8.10
0.00
11.90
1.30
0.40
28.10
28.10
124.30
38.00
9.60
0.10
0.20
0.30
0.00
0.00
0.00
0.00
9.50
1.00
3.40
21.50
36.00
4.70
19.30
0.00
31.60
8.90
8.20
1.60
0.00
0.00
27.10
64.00
23.10
15.20
0.10
2.50
7.40
0.00
0.20
4.50
18.90
5.10
4.40
48.70
138.90
138.90
112.40
112.40
20.40
0.00
0.00
6.10
0.10
0.00
0.00
0.00
5.00
14.00
29.50
27.40
12.00
28.80
5.20
1.00
2.00
0.90
18.00
6.90
8.50
11.10
4.70
6.00
15.30
2.20
10.80
12.70
2.50
0.40
229.70
14.20
7.40
14.50
24.20
0.90
0.50
0.90
1.20
3.80
29.20
26.20
2.60
1.20
1.60
3.30
1.60
1.00
7.00
6.30
19.20
20.00
15.90
16.50
5.40
4.50
11.50
0.80
20.00
14.60
3.10
6.20
49.20
1.20
13.20
42.30
26.70
0.10
0.00
0.00
0.60
0.30
13.70
39.40
36.00
0.20
0.80
14.00
6.50
43.40
43.40
0.00
0.00
0.00
17.00
6.40
43.40
29.70
55.50
1.20
0.00
0.00
0.00
0.00
0.00
0.00
0.00
0.00
0.00
0.00
1.20
0.80
1.10
0.00
1.80
45.80
