20160101
0.00
0.00
0.00
0.00
0.00
0.00
0.00
0.00
18.00
0.00
0.00
0.00
0.00
0.00
0.00
0.00
0.00
0.00
9.00
2.00
0.00
0.00
0.00
0.00
0.00
0.00
0.00
0.00
0.00
0.00
0.00
0.00
0.00
0.00
0.00
0.00
0.00
38.00
0.00
0.00
7.00
0.00
0.00
0.00
0.00
0.00
0.00
0.00
0.00
0.00
14.00
2.00
0.00
9.00
120.00
1.00
22.00
0.00
0.00
0.00
0.00
0.00
0.00
6.00
0.00
31.00
0.00
0.00
3.00
22.00
0.00
0.00
0.00
2.00
8.00
9.00
0.00
0.00
51.00
9.00
28.00
0.00
36.00
0.00
0.00
0.00
0.00
295.00
0.00
239.00
248.00
27.00
0.00
68.00
18.00
172.00
20.00
20.00
48.00
5.00
0.00
2.00
40.00
48.00
167.00
24.00
234.00
46.00
68.00
68.00
7.00
54.00
110.00
469.00
224.00
51.00
67.00
11.00
231.00
1.00
20.00
26.00
4.00
0.00
19.00
3.00
0.00
0.00
0.00
1.00
0.00
15.00
50.00
110.00
3.00
33.00
108.00
464.00
245.00
20.00
119.00
1041.00
0.00
32.00
66.00
1.00
1.00
0.00
1.00
12.00
0.00
0.00
0.00
0.00
0.00
48.00
44.00
16.00
171.00
50.00
194.00
3.00
27.00
14.00
0.00
0.00
276.00
137.00
22.00
108.00
7.00
35.00
8.00
73.00
118.00
29.00
64.00
65.00
96.00
2.00
205.00
62.00
224.00
51.00
17.00
106.00
4.00
53.00
69.00
169.00
37.00
74.00
15.00
73.00
7.00
110.00
212.00
235.00
1.00
0.00
10.00
29.00
67.00
63.00
127.00
40.00
170.00
0.00
18.00
11.00
36.00
35.00
73.00
11.00
6.00
0.00
10.00
195.00
160.00
39.00
0.00
2.00
127.00
4.00
0.00
100.00
0.00
158.00
150.00
83.00
0.00
1.00
276.00
2.00
0.00
90.00
1.00
135.00
0.00
41.00
0.00
16.00
12.00
186.00
40.00
164.00
35.00
18.00
0.00
0.00
53.00
29.00
99.00
218.00
1.00
0.00
0.00
0.00
0.00
1.00
0.00
5.00
88.00
130.00
9.00
0.00
0.00
0.00
23.00
45.00
3.00
28.00
1.00
2.00
14.00
0.00
0.00
0.00
0.00
0.00
19.00
1.00
159.00
142.00
79.00
38.00
0.00
0.00
0.00
0.00
0.00
0.00
0.00
0.00
0.00
0.00
0.00
0.00
0.00
16.00
171.00
153.00
8.00
9.00
0.00
2.00
0.00
0.00
132.00
148.00
65.00
0.00
0.00
0.00
0.00
0.00
0.00
0.00
0.00
0.00
0.00
0.00
0.00
0.00
0.00
0.00
0.00
0.00
0.00
0.00
0.00
0.00
0.00
0.00
0.00
12.00
3.00
0.00
0.00
0.00
0.00
0.00
0.00
0.00
0.00
0.00
0.00
0.00
0.00
0.00
0.00
0.00
0.00
0.00
0.00
0.00
0.00
0.00
0.00
0.00
0.00
0.00
0.00
0.00
0.00
0.00
0.00
0.00
0.00
0.00
0.00
0.00
0.00
0.00
0.00
0.00
0.00
0.00
0.00
0.00
0.00
0.00
0.00
0.00
0.00
0.00
0.00
0.00
0.00
0.00
0.00
0.00
17.00
0.00
0.00
0.00
0.00
0.00
0.00
0.00
0.00
0.00
0.00
0.00
0.00
0.00
0.00
0.00
0.00
0.00
0.00
0.00
0.00
0.00
0.00
0.00
7.00
40.00
6.00
0.00
0.00
0.00
0.00
0.00
0.00
0.00
0.00
0.00
14.00
22.00
0.00
0.00
61.00
0.00
16.00
35.00
0.00
0.00
0.00
0.00
0.00
0.00
52.00
0.00
80.00
0.00
0.00
0.00
0.00
9.00
0.00
0.00
5.00
183.00
415.00
260.00
168.00
55.00
224.00
463.00
26.00
0.00
0.00
0.00
0.00
0.00
0.00
0.00
0.00
0.00
46.00
0.00
0.00
0.00
96.00
9.00
71.00
46.00
5.00
21.00
105.00
6.00
19.00
18.00
0.00
33.00
204.00
0.00
0.00
1.00
42.00
60.00
0.00
0.00
261.00
0.00
1.00
0.00
30.00
16.00
99.00
24.00
6.00
2.00
3.00
0.00
2.00
0.00
0.00
17.00
0.00
11.00
4.00
98.00
66.00
206.00
5.00
96.00
11.00
67.00
7.00
8.00
0.00
1.00
5.00
8.00
62.00
434.00
191.00
0.00
0.00
26.00
285.00
31.00
2.00
1.00
0.00
31.00
235.00
128.00
10.00
0.00
0.00
155.00
42.00
391.00
224.00
158.00
77.00
283.00
238.00
13.00
1.00
39.00
181.00
48.00
73.00
39.00
22.00
4.00
13.00
13.00
62.00
91.00
99.00
19.00
152.00
32.00
138.00
226.00
42.00
20.00
18.00
0.00
52.00
0.00
5.00
6.00
74.00
12.00
184.00
60.00
32.00
87.00
3.00
9.00
3.00
19.00
12.00
40.00
18.00
49.00
128.00
93.00
26.00
15.00
59.00
0.00
6.00
35.00
0.00
1.00
162.00
595.00
48.00
17.00
29.00
18.00
37.00
76.00
274.00
116.00
2.00
1.00
0.00
32.00
67.00
34.00
19.00
104.00
76.00
52.00
0.00
0.00
131.00
593.00
147.00
277.00
120.00
0.00
10.00
7.00
0.00
0.00
107.00
74.00
185.00
157.00
2.00
37.00
11.00
2.00
0.00
9.00
1.00
0.00
2.00
20.00
0.00
1.00
0.00
10.00
3.00
0.00
0.00
0.00
112.00
29.00
159.00
761.00
0.00
0.00
0.00
0.00
0.00
0.00
0.00
255.00
106.00
0.00
0.00
0.00
0.00
0.00
0.00
10.00
0.00
0.00
0.00
0.00
0.00
22.00
1.00
17.00
29.00
77.00
3.00
0.00
0.00
0.00
0.00
0.00
0.00
0.00
0.00
0.00
0.00
0.00
0.00
0.00
0.00
0.00
0.00
0.00
0.00
1.00
67.00
121.00
259.00
29.00
0.00
0.00
0.00
0.00
0.00
0.00
0.00
0.00
6.00
0.00
0.00
0.00
0.00
0.00
0.00
0.00
0.00
0.00
0.00
0.00
0.00
107.00
129.00
0.00
0.00
0.00
0.00
0.00
0.00
0.00
0.00
0.00
0.00
0.00
0.00
0.00
0.00
0.00
0.00
0.00
0.00
0.00
0.00
0.00
0.00
0.00
0.00
0.00
0.00
0.00
0.00
0.00
0.00
0.00
0.00
0.00
0.00
0.00
0.00
30.00
16.00
0.00
18.00
0.00
0.00
0.00
0.00
0.00
0.00
0.00
0.00
10.00
0.00
0.00
0.00
0.00
0.00
72.00
0.00
0.00
0.00
0.00
67.00
0.00
0.00
0.00
0.00
0.00
0.00
0.00
0.00
0.00
186.00
0.00
80.00
27.00
116.00
25.00
0.00
0.00
0.00
0.00
0.00
0.00
0.00
32.00
21.00
0.00
10.00
45.00
0.00
28.00
12.00
0.00
2.00
57.00
5.00
1.00
164.00
0.00
7.00
73.00
15.00
21.00
34.00
20.00
0.00
18.00
3.00
21.00
17.00
20.00
30.00
0.00
0.00
1.00
9.00
0.00
11.00
51.00
41.00
42.00
104.00
0.00
22.00
165.00
161.00
185.00
157.00
404.00
120.00
125.00
0.00
32.00
0.00
24.00
1.00
0.00
2.00
0.00
0.00
0.00
151.00
106.00
68.00
0.00
2.00
7.00
2.00
63.00
1.00
2.00
0.00
3.00
109.00
2.00
0.00
0.00
13.00
38.00
68.00
124.00
429.00
328.00
100.00
22.00
0.00
0.00
0.00
2.00
0.00
11.00
15.00
28.00
37.00
5.00
25.00
6.00
11.00
24.00
11.00
27.00
9.00
6.00
16.00
1.00
13.00
3.00
2.00
1.00
39.00
42.00
35.00
14.00
132.00
30.00
28.00
1.00
0.00
1.00
8.00
25.00
206.00
20.00
44.00
256.00
51.00
9.00
131.00
112.00
236.00
108.00
214.00
98.00
2.00
11.00
14.00
112.00
101.00
18.00
10.00
28.00
45.00
67.00
113.00
159.00
79.00
43.00
0.00
13.00
79.00
255.00
13.00
332.00
167.00
35.00
91.00
89.00
24.00
168.00
19.00
134.00
42.00
1.00
56.00
6.00
9.00
26.00
0.00
0.00
0.00
19.00
22.00
11.00
0.00
0.00
0.00
53.00
3.00
0.00
0.00
17.00
16.00
17.00
0.00
0.00
8.00
18.00
0.00
0.00
45.00
3.00
0.00
0.00
0.00
0.00
38.00
0.00
0.00
13.00
5.00
0.00
14.00
40.00
163.00
190.00
21.00
12.00
0.00
0.00
0.00
0.00
0.00
0.00
0.00
0.00
0.00
0.00
0.00
0.00
416.00
32.00
104.00
66.00
36.00
0.00
0.00
0.00
0.00
0.00
1.00
0.00
0.00
0.00
0.00
0.00
0.00
0.00
0.00
0.00
0.00
0.00
0.00
0.00
0.00
0.00
0.00
0.00
0.00
0.00
0.00
0.00
0.00
0.00
0.00
0.00
0.00
0.00
0.00
0.00
8.00
0.00
0.00
0.00
0.00
0.00
0.00
0.00
0.00
2.00
7.00
8.00
3.00
0.00
0.00
0.00
0.00
0.00
0.00
0.00
0.00
0.00
0.00
0.00
0.00
0.00
0.00
0.00
0.00
0.00
0.00
0.00
0.00
0.00
0.00
0.00
0.00
0.00
0.00
0.00
0.00
0.00
0.00
0.00
0.00
0.00
0.00
0.00
0.00
0.00
0.00
0.00
0.00
0.00
4.00
0.00
0.00
0.00
0.00
0.00
0.00
0.00
0.00
0.00
0.00
0.00
0.00
0.00
0.00
0.00
0.00
0.00
1.00
8.00
0.00
0.00
0.00
0.00
0.00
0.00
0.00
51.80
60.90
43.30
24.60
0.00
0.00
0.00
0.00
7.20
4.30
0.00
0.00
0.00
0.00
0.00
0.00
0.00
0.00
0.00
0.30
0.30
2.00
6.40
0.10
1.60
5.60
0.00
0.00
0.00
0.00
15.80
0.00
0.00
0.00
9.70
71.30
30.90
0.00
23.60
0.30
2.00
2.60
12.20
29.10
0.00
0.00
0.60
0.40
0.00
3.20
0.30
10.10
0.00
0.00
0.80
0.00
0.10
0.00
0.00
0.00
0.00
0.00
1.70
1.80
0.40
0.40
0.10
9.20
3.80
0.00
0.00
0.00
0.00
0.00
0.00
1.80
0.00
1.40
0.00
0.10
0.00
0.10
0.00
0.00
0.00
0.00
0.00
0.00
10.50
0.20
0.00
0.00
0.00
0.00
0.00
2.70
0.40
0.00
16.20
0.50
0.10
12.20
24.40
17.10
31.10
13.00
0.10
0.00
5.90
16.90
13.90
0.00
2.30
7.40
8.20
6.00
26.10
4.70
0.00
0.20
3.90
3.40
0.00
0.00
2.40
14.90
5.80
0.00
0.00
0.20
6.40
2.20
0.90
0.70
0.00
0.00
0.60
0.60
0.00
4.70
4.70
0.30
0.10
4.70
4.70
4.70
0.90
1.60
4.30
7.50
8.90
18.30
6.10
0.00
7.70
14.70
2.00
0.20
12.60
0.90
0.00
51.70
2.10
2.30
0.40
9.70
6.90
4.00
16.00
10.60
3.40
3.60
3.30
0.00
0.00
0.80
10.80
13.60
25.60
17.90
8.30
0.00
0.00
0.60
32.20
1.50
0.30
0.10
3.80
7.20
2.10
0.10
2.50
0.90
0.50
15.50
8.10
14.20
23.00
5.40
0.90
0.00
8.30
7.60
0.10
0.00
2.20
3.10
9.30
14.20
16.20
17.90
13.40
0.00
0.00
0.10
10.00
1.10
1.10
4.10
0.00
0.00
6.80
8.30
2.10
2.50
2.30
7.40
0.00
0.00
0.00
0.00
6.70
0.80
0.00
0.00
0.00
0.00
0.50
5.80
0.10
0.00
1.50
1.50
