20160101
0.00
0.00
0.00
0.00
0.00
0.00
0.00
0.00
70.00
0.00
0.00
0.00
0.00
0.00
0.00
0.00
0.00
0.00
4.00
28.00
0.00
0.00
0.00
0.00
0.00
0.00
0.00
0.00
0.00
0.00
0.00
0.00
0.00
0.00
0.00
0.00
0.00
0.00
0.00
6.00
0.00
0.00
2.00
0.00
0.00
0.00
0.00
0.00
0.00
0.00
0.00
30.00
5.00
29.00
314.00
0.00
24.00
0.00
0.00
0.00
0.00
0.00
0.00
265.00
0.00
10.00
0.00
1.00
0.00
0.00
64.00
0.00
0.00
0.00
4.00
0.00
0.00
0.00
6.00
2.00
35.00
0.00
1.00
0.00
0.00
0.00
0.00
971.00
13.00
17.00
443.00
13.00
0.00
734.00
611.00
1101.00
200.00
14.00
255.00
15.00
47.00
5.00
0.00
60.00
125.00
291.00
452.00
1510.00
25.00
785.00
123.00
1276.00
710.00
60.00
72.00
173.00
238.00
179.00
28.00
0.00
181.00
43.00
134.00
91.00
248.00
45.00
49.00
16.00
5.00
0.00
27.00
83.00
204.00
80.00
350.00
85.00
100.00
1373.00
187.00
45.00
83.00
767.00
0.00
0.00
35.00
103.00
63.00
57.00
36.00
79.00
151.00
131.00
0.00
0.00
0.00
1.00
41.00
29.00
531.00
56.00
495.00
89.00
22.00
40.00
16.00
13.00
76.00
153.00
1098.00
86.00
22.00
1.00
82.00
173.00
177.00
38.00
17.00
36.00
84.00
8.00
290.00
45.00
153.00
373.00
89.00
32.00
13.00
40.00
1.00
37.00
283.00
26.00
52.00
54.00
3.00
82.00
564.00
52.00
0.00
14.00
41.00
23.00
7.00
129.00
158.00
116.00
144.00
7.00
4.00
137.00
250.00
130.00
22.00
3.00
13.00
6.00
182.00
224.00
36.00
169.00
120.00
156.00
24.00
84.00
73.00
62.00
41.00
432.00
2.00
411.00
25.00
0.00
409.00
45.00
1.00
8.00
0.00
338.00
44.00
385.00
95.00
173.00
725.00
295.00
47.00
21.00
327.00
162.00
488.00
220.00
132.00
234.00
31.00
3.00
73.00
610.00
1008.00
144.00
0.00
0.00
27.00
45.00
53.00
103.00
650.00
319.00
5.00
120.00
90.00
7.00
1.00
580.00
30.00
115.00
49.00
0.00
0.00
2.00
39.00
4.00
32.00
184.00
88.00
95.00
47.00
183.00
1.00
0.00
0.00
0.00
0.00
0.00
0.00
0.00
0.00
0.00
0.00
0.00
0.00
0.00
83.00
27.00
12.00
0.00
0.00
0.00
0.00
15.00
161.00
348.00
353.00
0.00
0.00
0.00
0.00
0.00
0.00
0.00
0.00
0.00
0.00
0.00
0.00
0.00
0.00
0.00
0.00
0.00
0.00
0.00
0.00
0.00
0.00
0.00
0.00
0.00
0.00
0.00
0.00
0.00
0.00
0.00
0.00
0.00
0.00
0.00
0.00
0.00
0.00
0.00
0.00
0.00
0.00
0.00
0.00
0.00
0.00
0.00
0.00
0.00
0.00
0.00
0.00
0.00
0.00
0.00
0.00
0.00
0.00
0.00
0.00
0.00
0.00
0.00
0.00
0.00
0.00
0.00
0.00
0.00
0.00
0.00
0.00
0.00
0.00
0.00
0.00
0.00
0.00
0.00
0.00
0.00
3.00
0.00
0.00
0.00
0.00
0.00
0.00
0.00
0.00
0.00
0.00
0.00
0.00
0.00
0.00
0.00
0.00
0.00
0.00
0.00
0.00
0.00
0.00
0.00
366.00
3.00
0.00
0.00
0.00
0.00
0.00
0.00
0.00
0.00
0.00
0.00
2.00
132.00
6.00
0.00
90.00
0.00
462.00
37.00
0.00
0.00
0.00
0.00
0.00
44.00
107.00
1.00
109.00
0.00
0.00
0.00
0.00
122.00
0.00
2.00
50.00
614.00
646.00
1016.00
465.00
368.00
227.00
531.00
179.00
1.00
0.00
0.00
86.00
0.00
0.00
0.00
0.00
0.00
121.00
22.00
0.00
8.00
488.00
543.00
207.00
134.00
62.00
139.00
196.00
0.00
40.00
179.00
3.00
69.00
129.00
0.00
0.00
58.00
160.00
154.00
0.00
0.00
193.00
0.00
3.00
0.00
104.00
439.00
352.00
4.00
18.00
40.00
126.00
71.00
142.00
10.00
0.00
59.00
5.00
152.00
5.00
17.00
159.00
432.00
241.00
1242.00
74.00
600.00
142.00
0.00
0.00
1.00
101.00
5.00
481.00
376.00
354.00
55.00
309.00
0.00
37.00
332.00
655.00
410.00
0.00
25.00
70.00
687.00
493.00
603.00
322.00
176.00
235.00
65.00
136.00
385.00
22.00
82.00
23.00
243.00
85.00
232.00
42.00
117.00
39.00
54.00
935.00
248.00
100.00
237.00
0.00
2.00
34.00
196.00
31.00
64.00
131.00
236.00
105.00
140.00
97.00
42.00
20.00
41.00
62.00
96.00
258.00
25.00
190.00
26.00
235.00
59.00
49.00
32.00
0.00
71.00
472.00
194.00
62.00
83.00
43.00
31.00
91.00
10.00
631.00
23.00
163.00
58.00
153.00
450.00
170.00
205.00
24.00
176.00
107.00
372.00
114.00
14.00
5.00
94.00
136.00
3.00
10.00
41.00
103.00
111.00
369.00
84.00
4.00
50.00
141.00
2.00
0.00
149.00
2.00
405.00
58.00
70.00
0.00
0.00
0.00
0.00
12.00
203.00
110.00
6.00
174.00
3.00
21.00
0.00
0.00
128.00
246.00
165.00
102.00
4.00
4.00
0.00
155.00
95.00
0.00
20.00
0.00
59.00
117.00
178.00
530.00
1593.00
0.00
0.00
0.00
0.00
0.00
0.00
0.00
307.00
633.00
0.00
0.00
0.00
0.00
0.00
2.00
0.00
0.00
0.00
0.00
0.00
0.00
34.00
0.00
0.00
154.00
35.00
5.00
0.00
0.00
0.00
0.00
0.00
0.00
0.00
0.00
0.00
0.00
0.00
0.00
0.00
0.00
0.00
0.00
0.00
0.00
0.00
0.00
231.00
392.00
369.00
2.00
0.00
0.00
0.00
0.00
0.00
0.00
0.00
149.00
0.00
0.00
0.00
1.00
0.00
0.00
0.00
0.00
0.00
0.00
0.00
119.00
202.00
15.00
0.00
0.00
0.00
0.00
0.00
0.00
0.00
0.00
0.00
0.00
0.00
0.00
0.00
0.00
0.00
0.00
0.00
0.00
0.00
0.00
0.00
0.00
0.00
0.00
0.00
0.00
0.00
0.00
0.00
0.00
0.00
0.00
0.00
0.00
0.00
44.00
7.00
61.00
8.00
14.00
0.00
5.00
0.00
0.00
0.00
0.00
0.00
0.00
0.00
0.00
0.00
145.00
0.00
169.00
517.00
0.00
0.00
0.00
0.00
0.00
0.00
0.00
0.00
0.00
0.00
0.00
0.00
0.00
0.00
341.00
0.00
67.00
106.00
398.00
0.00
0.00
0.00
0.00
0.00
0.00
0.00
25.00
192.00
9.00
325.00
730.00
339.00
18.00
3.00
22.00
0.00
0.00
12.00
17.00
23.00
11.00
97.00
4.00
52.00
58.00
1.00
228.00
0.00
0.00
154.00
157.00
0.00
31.00
259.00
53.00
0.00
5.00
49.00
8.00
8.00
115.00
22.00
422.00
2.00
354.00
57.00
289.00
410.00
822.00
870.00
393.00
515.00
458.00
219.00
0.00
22.00
79.00
340.00
13.00
10.00
53.00
75.00
0.00
20.00
25.00
82.00
121.00
518.00
84.00
47.00
105.00
1.00
190.00
48.00
105.00
59.00
125.00
140.00
491.00
183.00
5.00
28.00
28.00
47.00
617.00
297.00
48.00
711.00
621.00
9.00
21.00
38.00
37.00
3.00
179.00
45.00
19.00
67.00
56.00
84.00
115.00
35.00
67.00
26.00
1.00
4.00
38.00
0.00
0.00
109.00
351.00
61.00
51.00
176.00
42.00
211.00
2.00
61.00
32.00
33.00
78.00
14.00
3.00
27.00
112.00
105.00
107.00
385.00
141.00
18.00
65.00
218.00
209.00
227.00
476.00
49.00
15.00
47.00
135.00
355.00
19.00
116.00
104.00
127.00
98.00
121.00
248.00
861.00
86.00
64.00
291.00
30.00
1.00
0.00
134.00
80.00
3.00
266.00
39.00
151.00
214.00
65.00
20.00
20.00
166.00
57.00
155.00
3.00
375.00
193.00
6.00
34.00
3.00
11.00
298.00
68.00
0.00
5.00
66.00
0.00
12.00
29.00
26.00
225.00
116.00
0.00
129.00
0.00
9.00
17.00
32.00
56.00
158.00
0.00
0.00
0.00
6.00
0.00
0.00
0.00
0.00
0.00
0.00
0.00
9.00
148.00
194.00
164.00
35.00
0.00
0.00
1.00
0.00
0.00
0.00
0.00
0.00
0.00
0.00
0.00
0.00
0.00
1420.00
271.00
112.00
97.00
11.00
0.00
0.00
0.00
13.00
0.00
0.00
0.00
0.00
0.00
0.00
0.00
0.00
0.00
0.00
0.00
0.00
0.00
0.00
0.00
0.00
0.00
0.00
0.00
0.00
0.00
0.00
0.00
0.00
0.00
0.00
0.00
0.00
0.00
0.00
0.00
0.00
0.00
0.00
0.00
0.00
0.00
0.00
0.00
0.00
0.00
3.00
56.00
20.00
0.00
0.00
0.00
0.00
0.00
0.00
0.00
0.00
0.00
0.00
0.00
0.00
0.00
0.00
0.00
0.00
0.00
0.00
0.00
0.00
0.00
0.00
0.00
0.00
0.00
0.00
0.00
0.00
0.00
0.00
0.00
0.00
0.00
0.00
0.00
0.00
0.00
0.00
0.00
0.00
0.00
0.00
0.00
0.00
0.00
0.00
0.00
0.00
0.00
0.00
0.00
0.00
0.00
0.00
0.00
0.00
0.00
0.00
0.00
0.00
6.00
0.00
0.00
0.00
0.00
0.00
0.00
0.00
58.00
10.50
35.00
21.60
0.00
0.00
0.00
13.00
10.30
0.00
0.00
0.00
0.00
0.00
0.00
0.00
0.00
0.00
0.90
0.40
40.30
0.90
0.00
0.60
0.00
10.00
0.00
0.00
0.00
9.00
17.30
0.00
0.00
0.00
92.20
15.50
113.00
0.00
43.20
14.80
10.40
0.10
16.00
12.10
0.00
0.00
2.10
0.00
0.00
6.00
23.70
0.50
0.00
0.00
7.30
0.00
0.30
0.00
0.00
0.00
0.00
41.60
26.10
9.50
0.50
0.50
3.80
19.20
45.60
0.00
0.00
0.00
6.00
1.10
0.00
9.90
0.00
12.10
1.60
23.70
20.20
54.60
6.40
0.00
0.00
0.20
23.40
23.40
72.30
0.50
10.50
9.70
0.00
0.00
0.50
41.60
16.10
0.00
0.20
34.20
0.60
49.90
2.40
17.80
2.00
22.10
0.00
1.80
15.40
53.80
24.10
3.10
0.60
10.10
23.80
12.00
42.00
1.70
0.00
0.90
50.10
75.20
19.10
15.00
2.80
2.50
10.50
42.90
37.70
42.60
14.10
18.60
3.20
4.00
19.80
19.80
31.00
31.00
5.40
27.80
27.80
0.00
0.00
27.80
27.80
27.80
5.40
10.00
29.50
13.50
84.00
29.60
4.90
1.20
7.60
11.70
6.80
10.70
54.20
12.10
1.60
1.00
0.10
15.20
2.60
2.40
0.60
0.00
12.50
21.20
7.40
9.50
12.60
5.20
3.80
0.20
1.70
4.60
29.60
15.70
21.50
8.20
1.20
20.00
1.40
0.10
9.90
4.20
15.90
0.20
1.80
37.60
25.80
44.40
12.50
3.70
0.00
5.80
6.40
5.00
6.10
1.40
2.10
29.70
0.00
0.00
0.00
0.00
5.90
29.00
14.50
21.40
19.20
0.00
9.40
1.70
15.30
12.80
12.80
1.40
0.40
3.70
0.00
32.30
11.60
7.50
37.00
10.90
11.30
0.00
0.00
0.00
13.50
0.00
0.00
0.00
0.00
0.00
5.00
17.40
3.40
0.50
0.10
0.70
