20160101
0.00
0.00
0.00
0.00
0.00
0.00
0.00
0.00
52.00
0.00
0.00
0.00
0.00
0.00
0.00
0.00
0.00
0.00
0.00
0.00
0.00
0.00
0.00
0.00
0.00
1.00
0.00
0.00
0.00
0.00
0.00
0.00
0.00
0.00
0.00
0.00
0.00
0.00
0.00
0.00
0.00
0.00
0.00
0.00
0.00
0.00
0.00
0.00
0.00
0.00
0.00
101.00
0.00
24.00
105.00
0.00
21.00
0.00
0.00
0.00
0.00
0.00
0.00
18.00
0.00
13.00
0.00
0.00
0.00
8.00
1.00
0.00
0.00
0.00
0.00
0.00
1.00
0.00
73.00
53.00
2.00
0.00
0.00
0.00
0.00
0.00
0.00
401.00
51.00
167.00
127.00
8.00
1.00
87.00
27.00
214.00
64.00
26.00
33.00
2.00
0.00
61.00
36.00
58.00
243.00
227.00
268.00
66.00
133.00
333.00
22.00
18.00
80.00
971.00
478.00
17.00
87.00
93.00
161.00
0.00
60.00
96.00
2.00
0.00
10.00
0.00
17.00
9.00
0.00
0.00
0.00
27.00
106.00
166.00
83.00
179.00
763.00
666.00
98.00
42.00
52.00
539.00
0.00
44.00
81.00
14.00
3.00
0.00
2.00
17.00
12.00
24.00
1.00
0.00
0.00
47.00
11.00
33.00
167.00
45.00
77.00
72.00
9.00
6.00
0.00
0.00
80.00
58.00
22.00
14.00
10.00
55.00
12.00
10.00
30.00
32.00
23.00
5.00
4.00
6.00
56.00
188.00
195.00
184.00
154.00
50.00
44.00
32.00
7.00
19.00
17.00
97.00
47.00
70.00
11.00
156.00
174.00
37.00
0.00
0.00
49.00
40.00
16.00
61.00
45.00
28.00
185.00
0.00
167.00
46.00
36.00
6.00
119.00
0.00
0.00
0.00
3.00
17.00
59.00
38.00
1.00
2.00
37.00
10.00
10.00
19.00
5.00
37.00
37.00
0.00
5.00
2.00
700.00
34.00
1.00
57.00
1.00
213.00
0.00
27.00
0.00
12.00
75.00
254.00
4.00
8.00
0.00
4.00
0.00
0.00
2.00
0.00
2.00
7.00
3.00
21.00
1.00
0.00
0.00
25.00
61.00
37.00
16.00
139.00
43.00
6.00
62.00
4.00
237.00
0.00
14.00
39.00
0.00
0.00
9.00
1.00
0.00
0.00
0.00
9.00
6.00
49.00
112.00
76.00
5.00
51.00
0.00
0.00
0.00
0.00
0.00
0.00
0.00
0.00
0.00
0.00
0.00
0.00
0.00
0.00
32.00
147.00
36.00
0.00
0.00
0.00
0.00
68.00
133.00
188.00
117.00
0.00
0.00
0.00
0.00
0.00
0.00
0.00
0.00
0.00
0.00
0.00
0.00
0.00
0.00
0.00
0.00
0.00
0.00
0.00
0.00
0.00
0.00
0.00
0.00
29.00
0.00
0.00
0.00
0.00
0.00
0.00
0.00
0.00
0.00
0.00
0.00
0.00
0.00
0.00
0.00
0.00
0.00
0.00
0.00
0.00
0.00
0.00
0.00
0.00
3.00
0.00
0.00
0.00
0.00
0.00
0.00
0.00
20.00
2.00
0.00
0.00
0.00
0.00
0.00
0.00
0.00
0.00
0.00
0.00
0.00
0.00
0.00
0.00
0.00
0.00
0.00
0.00
0.00
0.00
0.00
0.00
1.00
0.00
0.00
0.00
0.00
0.00
0.00
0.00
0.00
0.00
0.00
0.00
0.00
0.00
0.00
0.00
0.00
0.00
0.00
0.00
0.00
0.00
0.00
0.00
104.00
245.00
26.00
17.00
0.00
0.00
0.00
0.00
0.00
0.00
0.00
0.00
6.00
65.00
0.00
0.00
79.00
0.00
161.00
40.00
3.00
0.00
0.00
0.00
0.00
6.00
114.00
7.00
103.00
0.00
0.00
0.00
0.00
29.00
3.00
0.00
14.00
335.00
208.00
302.00
737.00
418.00
360.00
208.00
5.00
0.00
20.00
61.00
87.00
0.00
0.00
0.00
4.00
0.00
64.00
3.00
20.00
63.00
158.00
9.00
78.00
11.00
0.00
1.00
292.00
118.00
14.00
54.00
12.00
87.00
79.00
0.00
0.00
4.00
116.00
80.00
11.00
0.00
14.00
0.00
0.00
0.00
0.00
50.00
110.00
1.00
15.00
4.00
45.00
11.00
12.00
0.00
0.00
124.00
13.00
30.00
238.00
22.00
64.00
423.00
20.00
112.00
2.00
146.00
72.00
0.00
0.00
26.00
126.00
266.00
21.00
134.00
579.00
12.00
0.00
31.00
112.00
55.00
118.00
24.00
0.00
19.00
50.00
14.00
0.00
3.00
5.00
62.00
29.00
90.00
189.00
136.00
40.00
72.00
64.00
44.00
12.00
37.00
100.00
74.00
40.00
86.00
14.00
4.00
171.00
39.00
2.00
4.00
44.00
67.00
27.00
2.00
62.00
30.00
5.00
3.00
13.00
10.00
93.00
6.00
0.00
3.00
37.00
35.00
126.00
18.00
7.00
157.00
37.00
5.00
0.00
7.00
72.00
68.00
17.00
52.00
125.00
22.00
18.00
42.00
9.00
0.00
27.00
40.00
0.00
0.00
162.00
173.00
28.00
0.00
148.00
24.00
6.00
23.00
21.00
7.00
2.00
3.00
1.00
20.00
1.00
61.00
9.00
94.00
8.00
0.00
28.00
14.00
33.00
321.00
17.00
92.00
201.00
0.00
19.00
34.00
38.00
12.00
166.00
49.00
38.00
308.00
28.00
1.00
0.00
11.00
1.00
1.00
4.00
0.00
9.00
25.00
0.00
4.00
30.00
11.00
9.00
0.00
0.00
1.00
16.00
65.00
99.00
736.00
0.00
0.00
0.00
0.00
0.00
0.00
0.00
1317.00
456.00
0.00
0.00
0.00
0.00
0.00
0.00
0.00
0.00
0.00
0.00
0.00
0.00
1.00
0.00
5.00
62.00
0.00
0.00
0.00
0.00
0.00
0.00
0.00
0.00
0.00
0.00
0.00
0.00
0.00
0.00
0.00
0.00
0.00
0.00
0.00
0.00
0.00
0.00
64.00
791.00
162.00
0.00
0.00
0.00
0.00
0.00
0.00
0.00
0.00
94.00
0.00
0.00
0.00
0.00
0.00
0.00
0.00
0.00
0.00
0.00
0.00
0.00
28.00
138.00
0.00
0.00
0.00
0.00
0.00
0.00
0.00
0.00
0.00
0.00
0.00
0.00
0.00
0.00
0.00
0.00
0.00
0.00
0.00
0.00
0.00
0.00
0.00
0.00
0.00
0.00
0.00
0.00
0.00
0.00
0.00
0.00
0.00
0.00
0.00
0.00
10.00
9.00
1.00
0.00
0.00
0.00
0.00
0.00
0.00
0.00
0.00
0.00
0.00
0.00
0.00
0.00
0.00
0.00
398.00
0.00
0.00
0.00
0.00
0.00
0.00
23.00
0.00
0.00
0.00
0.00
0.00
0.00
84.00
489.00
0.00
221.00
223.00
176.00
28.00
0.00
0.00
0.00
0.00
0.00
0.00
0.00
69.00
29.00
0.00
18.00
39.00
0.00
11.00
39.00
64.00
0.00
0.00
2.00
1.00
10.00
1.00
76.00
173.00
110.00
4.00
81.00
0.00
0.00
36.00
15.00
2.00
29.00
104.00
76.00
0.00
0.00
0.00
0.00
0.00
204.00
60.00
77.00
1.00
262.00
6.00
170.00
303.00
85.00
105.00
106.00
499.00
295.00
25.00
186.00
61.00
0.00
8.00
0.00
0.00
0.00
0.00
0.00
0.00
32.00
0.00
21.00
4.00
7.00
10.00
1.00
112.00
0.00
3.00
0.00
34.00
79.00
23.00
4.00
17.00
0.00
13.00
68.00
61.00
255.00
571.00
77.00
31.00
30.00
72.00
0.00
0.00
12.00
6.00
4.00
20.00
68.00
11.00
69.00
100.00
8.00
17.00
36.00
6.00
7.00
0.00
0.00
0.00
4.00
8.00
33.00
115.00
15.00
68.00
24.00
19.00
15.00
8.00
11.00
1.00
7.00
2.00
0.00
29.00
14.00
56.00
38.00
282.00
244.00
41.00
88.00
83.00
174.00
196.00
12.00
251.00
8.00
98.00
118.00
160.00
151.00
1.00
21.00
122.00
33.00
172.00
65.00
26.00
4.00
40.00
0.00
72.00
31.00
11.00
2.00
91.00
51.00
84.00
26.00
13.00
0.00
73.00
24.00
9.00
0.00
0.00
70.00
37.00
13.00
131.00
0.00
0.00
0.00
3.00
10.00
10.00
0.00
7.00
1.00
0.00
33.00
7.00
0.00
3.00
2.00
47.00
0.00
0.00
6.00
18.00
0.00
0.00
3.00
1.00
0.00
0.00
0.00
0.00
0.00
0.00
0.00
1.00
0.00
0.00
15.00
54.00
74.00
187.00
69.00
3.00
0.00
0.00
0.00
0.00
0.00
0.00
0.00
0.00
0.00
0.00
0.00
0.00
244.00
240.00
98.00
120.00
31.00
0.00
0.00
0.00
1.00
0.00
0.00
0.00
0.00
0.00
0.00
0.00
0.00
0.00
0.00
0.00
0.00
0.00
0.00
0.00
0.00
0.00
0.00
0.00
0.00
0.00
0.00
0.00
0.00
0.00
0.00
0.00
0.00
0.00
0.00
0.00
0.00
0.00
0.00
0.00
0.00
16.00
0.00
0.00
1.00
0.00
9.00
38.00
21.00
0.00
0.00
0.00
0.00
0.00
0.00
0.00
0.00
0.00
0.00
0.00
0.00
0.00
0.00
0.00
0.00
0.00
0.00
0.00
0.00
0.00
0.00
0.00
0.00
0.00
0.00
0.00
0.00
0.00
0.00
0.00
0.00
0.00
0.00
0.00
0.00
0.00
0.00
0.00
0.00
0.00
0.00
0.00
0.00
0.00
0.00
0.00
0.00
0.00
0.00
0.00
0.00
0.00
0.00
0.00
0.00
0.00
0.00
0.00
0.00
3.00
0.00
0.00
0.00
0.00
0.00
2.30
0.00
29.50
17.30
55.80
20.90
0.00
0.00
0.00
0.00
2.50
0.00
0.00
0.00
0.00
0.00
0.00
0.00
0.00
0.00
1.10
0.00
7.80
2.00
19.40
0.00
0.00
2.30
0.00
0.00
0.00
1.50
12.30
0.00
0.00
0.00
15.80
51.00
51.50
0.00
95.40
4.30
2.00
7.50
30.30
7.50
0.00
0.00
0.30
0.60
0.20
5.70
0.00
20.50
0.00
0.00
5.90
0.00
1.80
0.00
0.00
0.00
0.00
0.20
5.40
5.90
3.10
3.10
0.00
9.60
8.90
0.00
0.00
0.00
0.00
1.80
0.40
1.80
4.30
2.10
0.00
4.50
0.10
3.60
1.00
0.00
0.00
0.20
0.70
0.70
13.40
0.00
0.00
0.00
0.00
0.00
0.00
13.60
0.30
0.00
0.00
0.00
0.00
0.40
0.70
2.20
8.20
0.00
0.30
0.70
0.00
11.50
2.50
0.00
0.00
0.00
9.70
0.20
2.40
0.30
1.10
0.40
1.00
3.30
0.30
0.50
0.70
0.70
1.00
0.00
0.00
0.10
1.20
0.40
2.10
1.40
4.90
4.90
0.60
0.60
1.60
5.30
5.30
0.00
0.20
5.30
5.30
5.30
7.30
5.50
0.00
0.80
9.40
11.40
5.70
0.00
0.80
6.30
4.10
3.60
0.00
0.60
0.00
7.50
0.10
2.60
2.40
3.30
19.60
0.00
2.90
0.70
4.40
4.80
0.30
0.00
0.40
0.10
3.60
7.20
8.70
14.70
0.20
0.00
0.00
0.00
16.70
0.00
7.80
0.20
1.90
4.80
0.00
1.10
0.40
0.00
3.90
1.20
0.40
6.00
7.90
2.40
1.00
2.00
1.70
8.50
0.00
0.00
0.00
0.70
16.40
19.70
9.00
9.90
7.10
9.50
0.00
1.30
5.50
0.50
0.50
6.60
0.00
0.00
7.70
1.20
3.60
0.40
1.60
0.00
0.00
0.00
0.00
0.00
7.40
0.40
0.00
0.00
0.00
0.00
0.40
7.20
0.20
0.10
1.40
1.70
