20160101
0.00
0.00
0.00
0.00
0.00
0.00
0.00
0.00
1.00
0.00
0.00
0.00
5.00
0.00
0.00
0.00
0.00
0.00
10.00
58.00
0.00
0.00
0.00
0.00
0.00
7.00
0.00
0.00
0.00
0.00
0.00
0.00
0.00
0.00
0.00
0.00
0.00
0.00
1.00
0.00
0.00
11.00
0.00
0.00
0.00
0.00
0.00
0.00
0.00
0.00
4.00
0.00
0.00
0.00
57.00
6.00
14.00
0.00
0.00
0.00
0.00
0.00
0.00
1.00
0.00
19.00
0.00
0.00
0.00
0.00
0.00
1.00
0.00
1.00
0.00
0.00
0.00
0.00
10.00
0.00
45.00
0.00
0.00
0.00
0.00
0.00
9.00
338.00
19.00
44.00
420.00
1.00
0.00
256.00
34.00
247.00
150.00
1.00
0.00
0.00
3.00
0.00
0.00
0.00
153.00
58.00
112.00
993.00
15.00
263.00
22.00
0.00
6.00
0.00
0.00
8.00
386.00
148.00
18.00
1.00
3.00
85.00
105.00
172.00
33.00
229.00
96.00
134.00
22.00
26.00
69.00
20.00
538.00
64.00
263.00
64.00
52.00
146.00
788.00
104.00
85.00
446.00
5.00
14.00
133.00
193.00
16.00
11.00
120.00
11.00
66.00
8.00
13.00
3.00
30.00
344.00
19.00
173.00
661.00
269.00
206.00
323.00
289.00
52.00
94.00
1392.00
319.00
682.00
194.00
262.00
192.00
465.00
549.00
575.00
751.00
224.00
52.00
486.00
202.00
184.00
229.00
317.00
216.00
407.00
424.00
525.00
357.00
117.00
362.00
934.00
422.00
112.00
142.00
170.00
194.00
161.00
270.00
479.00
55.00
288.00
531.00
171.00
251.00
269.00
269.00
282.00
384.00
135.00
218.00
79.00
142.00
56.00
51.00
150.00
139.00
133.00
386.00
227.00
55.00
209.00
512.00
183.00
462.00
120.00
213.00
97.00
449.00
292.00
111.00
215.00
152.00
29.00
72.00
131.00
6.00
49.00
9.00
137.00
38.00
38.00
182.00
222.00
739.00
1079.00
766.00
285.00
222.00
346.00
132.00
128.00
97.00
83.00
84.00
174.00
524.00
944.00
491.00
442.00
96.00
166.00
145.00
364.00
196.00
966.00
283.00
130.00
291.00
71.00
198.00
168.00
92.00
127.00
201.00
4.00
90.00
37.00
3.00
37.00
340.00
232.00
356.00
255.00
403.00
255.00
191.00
100.00
1.00
0.00
0.00
1.00
0.00
0.00
0.00
22.00
9.00
38.00
0.00
55.00
2.00
0.00
72.00
0.00
0.00
10.00
16.00
0.00
0.00
3.00
152.00
251.00
1.00
0.00
0.00
7.00
0.00
6.00
0.00
0.00
0.00
17.00
0.00
147.00
198.00
3.00
3.00
0.00
0.00
0.00
8.00
0.00
0.00
516.00
0.00
0.00
0.00
39.00
0.00
0.00
8.00
0.00
0.00
0.00
0.00
0.00
0.00
0.00
0.00
0.00
0.00
0.00
0.00
0.00
0.00
0.00
0.00
0.00
2.00
0.00
0.00
0.00
0.00
0.00
0.00
0.00
0.00
52.00
0.00
0.00
34.00
8.00
0.00
0.00
0.00
0.00
0.00
4.00
0.00
0.00
0.00
0.00
0.00
0.00
0.00
0.00
0.00
0.00
0.00
0.00
0.00
0.00
0.00
0.00
10.00
0.00
0.00
0.00
0.00
0.00
0.00
0.00
0.00
0.00
0.00
0.00
0.00
0.00
0.00
0.00
0.00
0.00
0.00
0.00
0.00
0.00
0.00
0.00
0.00
0.00
0.00
0.00
0.00
0.00
0.00
0.00
0.00
0.00
0.00
0.00
66.00
8.00
0.00
0.00
23.00
0.00
191.00
19.00
0.00
0.00
0.00
0.00
0.00
49.00
8.00
5.00
116.00
0.00
0.00
0.00
67.00
225.00
1.00
31.00
113.00
483.00
304.00
72.00
5.00
348.00
261.00
237.00
322.00
10.00
0.00
54.00
0.00
0.00
0.00
0.00
0.00
1.00
260.00
28.00
0.00
1.00
1049.00
573.00
105.00
507.00
2.00
205.00
299.00
24.00
0.00
283.00
151.00
77.00
472.00
2.00
46.00
172.00
151.00
177.00
0.00
51.00
61.00
20.00
161.00
52.00
167.00
318.00
792.00
4.00
57.00
727.00
178.00
87.00
18.00
212.00
12.00
61.00
34.00
48.00
35.00
30.00
227.00
360.00
301.00
315.00
265.00
348.00
52.00
63.00
5.00
152.00
66.00
118.00
155.00
487.00
1694.00
358.00
556.00
327.00
417.00
699.00
882.00
318.00
139.00
419.00
351.00
542.00
341.00
134.00
124.00
130.00
564.00
101.00
497.00
379.00
351.00
308.00
539.00
164.00
59.00
152.00
90.00
327.00
460.00
884.00
347.00
394.00
194.00
223.00
105.00
78.00
157.00
407.00
308.00
529.00
942.00
543.00
621.00
441.00
163.00
69.00
97.00
251.00
31.00
476.00
861.00
427.00
861.00
562.00
334.00
214.00
69.00
67.00
134.00
1303.00
1040.00
977.00
917.00
238.00
538.00
50.00
374.00
235.00
183.00
174.00
582.00
177.00
585.00
429.00
675.00
729.00
621.00
151.00
239.00
572.00
423.00
293.00
641.00
506.00
255.00
144.00
376.00
346.00
434.00
1028.00
535.00
222.00
122.00
507.00
350.00
98.00
145.00
263.00
148.00
482.00
166.00
93.00
79.00
189.00
59.00
119.00
113.00
285.00
166.00
322.00
361.00
328.00
141.00
52.00
69.00
20.00
116.00
199.00
108.00
65.00
43.00
35.00
34.00
144.00
114.00
20.00
3.00
14.00
595.00
494.00
619.00
1199.00
19.00
0.00
18.00
101.00
293.00
75.00
190.00
57.00
103.00
34.00
5.00
95.00
69.00
82.00
65.00
49.00
385.00
75.00
53.00
7.00
7.00
31.00
8.00
35.00
437.00
93.00
40.00
11.00
41.00
62.00
23.00
10.00
12.00
10.00
114.00
160.00
0.00
27.00
12.00
12.00
0.00
0.00
0.00
0.00
0.00
2.00
54.00
285.00
392.00
174.00
0.00
0.00
0.00
0.00
0.00
0.00
0.00
36.00
59.00
18.00
26.00
17.00
1.00
0.00
0.00
0.00
0.00
0.00
0.00
0.00
0.00
212.00
30.00
0.00
0.00
0.00
0.00
0.00
0.00
0.00
0.00
0.00
0.00
0.00
0.00
0.00
0.00
0.00
0.00
0.00
0.00
0.00
0.00
0.00
0.00
0.00
0.00
0.00
0.00
0.00
0.00
0.00
0.00
0.00
0.00
0.00
0.00
0.00
564.00
247.00
430.00
59.00
8.00
14.00
71.00
69.00
0.00
0.00
0.00
0.00
0.00
0.00
0.00
0.00
0.00
0.00
361.00
254.00
0.00
0.00
0.00
0.00
0.00
0.00
0.00
0.00
0.00
0.00
0.00
0.00
0.00
0.00
0.00
0.00
0.00
21.00
2.00
0.00
0.00
0.00
0.00
0.00
3.00
0.00
34.00
140.00
0.00
21.00
214.00
363.00
444.00
1.00
13.00
0.00
0.00
162.00
24.00
65.00
19.00
0.00
0.00
125.00
2.00
0.00
124.00
1.00
1.00
128.00
33.00
96.00
10.00
114.00
11.00
0.00
89.00
97.00
20.00
0.00
228.00
238.00
168.00
4.00
54.00
1.00
265.00
410.00
955.00
559.00
266.00
309.00
197.00
534.00
0.00
1.00
2.00
430.00
0.00
1.00
1.00
0.00
0.00
359.00
566.00
89.00
65.00
791.00
492.00
0.00
218.00
18.00
79.00
189.00
85.00
0.00
49.00
627.00
885.00
149.00
68.00
48.00
96.00
207.00
293.00
479.00
376.00
1027.00
281.00
94.00
65.00
231.00
291.00
64.00
127.00
11.00
129.00
795.00
118.00
76.00
107.00
75.00
116.00
102.00
633.00
354.00
335.00
221.00
137.00
49.00
97.00
214.00
193.00
206.00
55.00
331.00
352.00
730.00
230.00
99.00
147.00
58.00
9.00
226.00
365.00
209.00
481.00
556.00
359.00
164.00
512.00
214.00
142.00
440.00
619.00
253.00
244.00
32.00
212.00
421.00
356.00
319.00
121.00
330.00
706.00
531.00
483.00
439.00
449.00
779.00
363.00
44.00
37.00
399.00
111.00
190.00
95.00
323.00
211.00
186.00
415.00
195.00
88.00
101.00
55.00
233.00
214.00
252.00
405.00
310.00
36.00
36.00
16.00
39.00
220.00
194.00
374.00
246.00
235.00
179.00
0.00
7.00
0.00
19.00
124.00
111.00
16.00
4.00
132.00
156.00
214.00
68.00
30.00
2.00
0.00
0.00
16.00
24.00
10.00
243.00
0.00
0.00
4.00
0.00
0.00
29.00
176.00
307.00
18.00
33.00
0.00
15.00
17.00
12.00
3.00
104.00
0.00
7.00
0.00
0.00
0.00
11.00
89.00
135.00
171.00
20.00
22.00
0.00
2.00
12.00
12.00
12.00
0.00
2.00
0.00
5.00
1.00
0.00
0.00
0.00
20.00
0.00
0.00
0.00
0.00
0.00
0.00
0.00
0.00
0.00
0.00
0.00
0.00
0.00
0.00
0.00
0.00
0.00
0.00
0.00
0.00
38.00
0.00
0.00
0.00
0.00
0.00
0.00
0.00
0.00
0.00
0.00
7.00
97.00
43.00
0.00
0.00
0.00
0.00
0.00
0.00
0.00
0.00
0.00
0.00
0.00
0.00
0.00
0.00
0.00
0.00
0.00
15.00
0.00
0.00
0.00
0.00
0.00
0.00
0.00
0.00
0.00
0.00
0.00
0.00
0.00
0.00
0.00
0.00
0.00
0.00
0.00
0.00
6.00
6.00
1.00
0.00
0.00
0.00
0.00
0.00
0.00
0.00
0.00
0.00
0.00
6.00
0.00
0.00
0.00
1.00
0.00
0.00
0.00
0.00
3.00
0.00
0.00
0.00
0.00
0.00
0.00
0.00
16.50
5.10
37.20
26.90
0.00
0.00
0.00
6.40
0.90
0.00
0.00
0.00
0.00
0.00
0.00
0.00
0.00
0.00
0.10
0.00
12.80
0.90
9.90
0.00
1.70
6.40
0.00
0.00
0.00
4.20
9.10
0.00
0.10
1.50
187.00
17.50
49.20
0.00
19.10
8.40
44.10
0.00
2.10
63.30
0.00
0.90
3.20
1.90
0.00
1.40
3.40
0.00
0.00
0.00
11.00
13.40
0.80
0.00
0.00
0.00
0.00
9.20
9.20
20.60
14.90
14.90
3.70
136.80
55.50
0.20
0.00
0.50
52.80
33.80
4.50
28.10
0.30
29.10
0.80
7.90
0.80
21.40
19.70
11.30
11.30
7.90
21.00
21.00
7.50
2.60
1.00
16.30
4.70
0.90
5.20
35.40
13.10
9.80
22.50
9.80
2.80
12.90
21.80
6.30
2.80
16.00
0.00
1.50
64.90
58.40
56.90
11.70
1.60
7.50
14.10
72.10
20.50
6.30
1.50
3.40
103.30
161.30
123.50
68.80
12.10
42.50
37.80
25.30
15.30
21.60
18.80
164.40
54.50
83.10
95.80
95.80
86.30
86.30
55.50
9.60
9.60
9.50
21.10
9.60
9.60
9.60
46.80
107.80
72.70
43.70
71.00
36.70
33.90
13.50
15.80
13.30
18.80
34.90
42.00
21.20
13.10
14.50
12.40
28.10
19.70
15.30
42.90
4.50
105.30
71.00
15.90
51.00
54.70
4.50
6.10
8.70
8.40
13.60
72.20
63.30
27.40
8.80
6.70
23.70
24.40
9.00
23.00
15.80
29.80
92.60
50.10
43.80
29.70
48.70
73.40
15.70
33.40
22.90
44.60
20.90
32.90
22.40
16.90
14.10
11.60
3.90
4.10
3.20
18.20
44.10
24.70
35.20
58.80
8.10
12.30
9.60
23.70
32.70
32.70
33.30
6.40
4.60
20.30
9.00
51.50
6.70
10.50
11.90
4.60
6.40
0.60
3.70
6.90
4.80
0.00
0.90
3.00
6.00
2.60
4.40
1.00
0.20
0.00
5.10
