20160101
0.00
0.00
0.00
0.00
0.00
0.00
0.00
0.00
0.00
0.00
0.00
0.00
0.00
0.00
0.00
0.00
0.00
0.00
7.00
14.00
0.00
0.00
0.00
0.00
0.00
0.00
0.00
0.00
0.00
0.00
0.00
0.00
0.00
0.00
0.00
0.00
0.00
0.00
0.00
0.00
0.00
0.00
1.00
0.00
0.00
0.00
0.00
0.00
0.00
0.00
3.00
0.00
0.00
0.00
115.00
0.00
35.00
0.00
0.00
0.00
0.00
16.00
0.00
0.00
0.00
405.00
0.00
0.00
4.00
0.00
0.00
0.00
0.00
1.00
5.00
0.00
0.00
0.00
0.00
0.00
3.00
0.00
0.00
0.00
0.00
0.00
0.00
66.00
357.00
121.00
734.00
2.00
0.00
410.00
259.00
18.00
0.00
0.00
0.00
0.00
0.00
0.00
0.00
0.00
20.00
11.00
266.00
83.00
0.00
0.00
0.00
0.00
0.00
0.00
0.00
0.00
0.00
62.00
0.00
0.00
0.00
29.00
20.00
60.00
2.00
26.00
247.00
113.00
1.00
32.00
0.00
14.00
531.00
129.00
43.00
356.00
0.00
14.00
25.00
20.00
172.00
751.00
0.00
0.00
100.00
79.00
14.00
2.00
124.00
47.00
34.00
330.00
0.00
0.00
3.00
0.00
0.00
43.00
188.00
0.00
2.00
2.00
364.00
48.00
10.00
121.00
28.00
88.00
108.00
1.00
4.00
18.00
19.00
166.00
189.00
9.00
19.00
310.00
233.00
72.00
49.00
10.00
99.00
46.00
141.00
87.00
18.00
41.00
245.00
275.00
131.00
15.00
4.00
3.00
2.00
2.00
133.00
264.00
10.00
41.00
87.00
86.00
14.00
39.00
46.00
31.00
133.00
25.00
135.00
66.00
423.00
395.00
320.00
272.00
93.00
94.00
74.00
44.00
3.00
75.00
94.00
20.00
209.00
14.00
4.00
158.00
393.00
393.00
289.00
66.00
17.00
0.00
131.00
20.00
3.00
3.00
0.00
616.00
18.00
50.00
226.00
135.00
48.00
140.00
127.00
29.00
33.00
12.00
38.00
12.00
14.00
20.00
9.00
13.00
91.00
696.00
716.00
353.00
40.00
62.00
165.00
82.00
184.00
180.00
57.00
15.00
99.00
37.00
85.00
120.00
14.00
150.00
0.00
236.00
11.00
13.00
1.00
79.00
229.00
481.00
153.00
118.00
0.00
4.00
20.00
61.00
0.00
0.00
0.00
0.00
0.00
0.00
0.00
0.00
0.00
0.00
0.00
19.00
0.00
0.00
117.00
8.00
5.00
0.00
0.00
0.00
0.00
20.00
336.00
274.00
0.00
0.00
0.00
0.00
0.00
0.00
0.00
0.00
0.00
0.00
0.00
0.00
0.00
0.00
0.00
0.00
0.00
0.00
0.00
0.00
0.00
0.00
0.00
161.00
0.00
0.00
0.00
0.00
0.00
0.00
0.00
0.00
0.00
0.00
0.00
1.00
0.00
0.00
0.00
0.00
0.00
0.00
0.00
4.00
0.00
0.00
0.00
0.00
0.00
0.00
42.00
0.00
0.00
0.00
0.00
0.00
0.00
0.00
22.00
0.00
0.00
0.00
0.00
0.00
0.00
0.00
0.00
0.00
0.00
0.00
0.00
0.00
0.00
0.00
0.00
0.00
0.00
0.00
0.00
0.00
0.00
0.00
2.00
0.00
0.00
0.00
0.00
0.00
0.00
0.00
0.00
0.00
0.00
0.00
0.00
0.00
0.00
0.00
0.00
0.00
0.00
0.00
0.00
0.00
0.00
0.00
0.00
0.00
0.00
0.00
0.00
0.00
0.00
0.00
0.00
0.00
0.00
0.00
1.00
48.00
0.00
0.00
30.00
0.00
409.00
111.00
0.00
0.00
0.00
0.00
0.00
0.00
4.00
6.00
62.00
0.00
0.00
0.00
0.00
134.00
0.00
0.00
70.00
236.00
535.00
9.00
43.00
0.00
53.00
0.00
307.00
0.00
7.00
0.00
0.00
0.00
0.00
0.00
0.00
0.00
20.00
5.00
0.00
14.00
518.00
183.00
17.00
983.00
3.00
266.00
283.00
0.00
2.00
0.00
118.00
18.00
397.00
0.00
0.00
24.00
42.00
50.00
0.00
0.00
81.00
1.00
19.00
0.00
38.00
100.00
585.00
7.00
123.00
1.00
72.00
1.00
0.00
3.00
0.00
0.00
0.00
82.00
1.00
0.00
115.00
231.00
595.00
822.00
309.00
162.00
217.00
50.00
4.00
0.00
43.00
12.00
162.00
343.00
652.00
37.00
243.00
21.00
316.00
546.00
955.00
951.00
26.00
64.00
305.00
31.00
127.00
24.00
45.00
77.00
91.00
87.00
202.00
113.00
126.00
56.00
184.00
56.00
6.00
29.00
35.00
77.00
276.00
207.00
130.00
35.00
51.00
119.00
61.00
122.00
77.00
117.00
331.00
176.00
81.00
49.00
259.00
79.00
110.00
34.00
25.00
121.00
18.00
107.00
116.00
102.00
291.00
470.00
36.00
40.00
22.00
21.00
114.00
469.00
1367.00
438.00
230.00
82.00
196.00
11.00
410.00
161.00
215.00
42.00
126.00
121.00
268.00
287.00
252.00
139.00
372.00
29.00
39.00
129.00
296.00
100.00
311.00
328.00
82.00
90.00
74.00
62.00
80.00
61.00
1180.00
476.00
22.00
95.00
33.00
21.00
42.00
134.00
117.00
364.00
49.00
33.00
7.00
11.00
33.00
96.00
47.00
375.00
883.00
392.00
91.00
166.00
38.00
10.00
14.00
6.00
210.00
85.00
25.00
164.00
8.00
0.00
3.00
0.00
1.00
5.00
2.00
77.00
708.00
711.00
1264.00
972.00
0.00
0.00
0.00
0.00
0.00
0.00
4.00
31.00
83.00
0.00
0.00
0.00
0.00
0.00
0.00
0.00
0.00
0.00
0.00
0.00
2.00
73.00
0.00
1.00
511.00
34.00
2.00
0.00
0.00
0.00
0.00
0.00
0.00
0.00
0.00
0.00
0.00
0.00
0.00
0.00
0.00
0.00
0.00
0.00
0.00
0.00
2.00
224.00
86.00
123.00
0.00
0.00
0.00
0.00
0.00
0.00
0.00
0.00
9.00
0.00
0.00
0.00
0.00
0.00
0.00
0.00
0.00
0.00
0.00
0.00
0.00
191.00
0.00
0.00
0.00
0.00
0.00
0.00
0.00
0.00
0.00
0.00
0.00
0.00
0.00
0.00
0.00
0.00
0.00
0.00
0.00
0.00
0.00
0.00
0.00
0.00
0.00
0.00
0.00
0.00
0.00
0.00
0.00
0.00
0.00
11.00
6.00
0.00
732.00
393.00
428.00
255.00
57.00
0.00
170.00
211.00
0.00
0.00
0.00
0.00
0.00
7.00
0.00
79.00
0.00
0.00
351.00
273.00
0.00
0.00
0.00
0.00
0.00
0.00
29.00
0.00
0.00
0.00
0.00
0.00
0.00
0.00
14.00
0.00
4.00
86.00
0.00
0.00
0.00
0.00
0.00
0.00
0.00
10.00
15.00
185.00
0.00
18.00
64.00
691.00
277.00
11.00
43.00
0.00
0.00
144.00
141.00
161.00
32.00
28.00
0.00
78.00
11.00
0.00
625.00
0.00
60.00
184.00
25.00
172.00
128.00
394.00
72.00
0.00
0.00
430.00
223.00
0.00
79.00
374.00
71.00
0.00
259.00
2.00
148.00
847.00
1091.00
94.00
58.00
411.00
141.00
73.00
0.00
16.00
1.00
132.00
20.00
32.00
267.00
30.00
139.00
123.00
28.00
9.00
29.00
439.00
0.00
0.00
99.00
2.00
79.00
214.00
886.00
0.00
26.00
88.00
14.00
1.00
16.00
122.00
1031.00
109.00
19.00
999.00
2.00
992.00
67.00
50.00
45.00
52.00
231.00
1.00
0.00
7.00
12.00
0.00
0.00
58.00
8.00
0.00
56.00
0.00
67.00
84.00
20.00
58.00
1.00
2.00
21.00
3.00
11.00
2.00
0.00
131.00
233.00
582.00
159.00
5.00
1.00
4.00
32.00
533.00
84.00
32.00
306.00
244.00
99.00
3.00
35.00
99.00
7.00
37.00
226.00
85.00
44.00
2.00
14.00
185.00
177.00
31.00
4.00
4.00
79.00
96.00
73.00
297.00
663.00
126.00
551.00
98.00
200.00
154.00
76.00
49.00
26.00
83.00
75.00
119.00
45.00
37.00
11.00
5.00
3.00
22.00
9.00
1.00
32.00
186.00
321.00
1.00
4.00
4.00
8.00
22.00
281.00
106.00
15.00
94.00
7.00
7.00
0.00
14.00
199.00
300.00
20.00
0.00
24.00
20.00
84.00
13.00
61.00
0.00
4.00
0.00
0.00
0.00
0.00
372.00
76.00
0.00
0.00
0.00
10.00
36.00
64.00
92.00
11.00
0.00
0.00
0.00
0.00
0.00
0.00
0.00
0.00
0.00
0.00
0.00
0.00
0.00
2.00
69.00
96.00
35.00
0.00
0.00
0.00
0.00
15.00
30.00
3.00
0.00
0.00
0.00
0.00
0.00
0.00
0.00
0.00
0.00
0.00
0.00
0.00
0.00
0.00
0.00
0.00
0.00
0.00
0.00
0.00
0.00
0.00
0.00
0.00
0.00
0.00
0.00
0.00
11.00
1.00
0.00
0.00
0.00
0.00
0.00
0.00
0.00
0.00
0.00
31.00
101.00
20.00
0.00
0.00
0.00
0.00
0.00
0.00
0.00
0.00
0.00
0.00
0.00
0.00
0.00
0.00
0.00
0.00
0.00
0.00
0.00
0.00
0.00
0.00
0.00
0.00
0.00
0.00
0.00
0.00
0.00
0.00
0.00
0.00
0.00
0.00
0.00
0.00
0.00
0.00
3.00
3.00
0.00
0.00
0.00
0.00
0.00
0.00
0.00
0.00
0.00
0.00
0.00
2.00
1.00
0.00
0.00
0.00
0.00
0.00
0.00
1.00
5.00
0.00
0.00
0.00
0.00
0.00
0.00
2.30
17.70
17.70
49.70
16.50
0.00
0.00
0.00
0.00
3.80
0.00
0.00
0.00
0.00
0.00
0.00
0.00
0.00
0.40
3.40
0.00
28.40
1.50
0.40
0.00
0.00
16.00
0.00
0.00
0.00
2.80
22.50
0.00
1.60
8.90
95.60
3.30
67.50
1.60
0.00
0.10
75.40
0.50
14.20
34.50
0.40
4.40
11.60
5.20
0.00
0.00
4.20
0.00
0.00
0.00
0.00
7.10
0.50
0.00
0.00
0.00
0.00
0.20
0.00
0.50
0.00
0.00
3.40
58.60
51.70
0.00
0.00
0.00
0.00
0.00
0.00
0.60
0.00
17.60
2.40
2.10
0.10
12.50
18.20
25.30
25.30
11.20
27.40
27.40
34.10
2.80
0.00
44.20
0.00
0.00
4.80
6.10
12.80
26.50
11.50
19.10
27.90
1.40
19.00
5.50
3.90
0.00
0.00
0.60
14.30
55.80
37.30
0.00
43.70
0.70
49.40
46.90
8.20
0.80
0.00
0.00
9.50
21.60
15.10
25.90
12.60
8.90
3.50
0.10
1.40
7.50
6.40
1.60
13.80
12.50
13.40
13.40
58.30
58.30
130.20
1.40
1.40
3.20
3.30
1.40
1.40
1.40
11.70
16.10
3.50
42.00
45.20
1.70
5.20
3.40
4.10
17.20
6.80
6.90
16.20
3.30
19.50
24.50
2.10
12.20
8.20
1.00
5.60
7.40
54.00
13.00
33.50
16.40
12.20
0.60
0.30
0.20
3.90
10.10
24.30
42.30
9.80
1.50
2.30
1.80
4.50
0.00
2.40
11.10
71.50
128.70
14.50
20.20
18.30
4.60
11.60
3.40
2.80
3.30
3.20
13.70
17.10
2.30
3.00
4.70
0.90
2.40
0.90
2.90
3.00
14.80
4.30
44.90
33.70
3.00
11.20
2.90
27.40
8.60
8.60
8.30
2.90
4.90
4.90
6.10
4.40
1.90
21.60
5.00
0.10
1.00
0.10
0.10
0.40
1.90
0.00
0.00
0.10
0.40
0.10
4.30
1.60
0.10
0.00
3.20
