20160101
0.00
0.00
0.00
0.00
0.00
0.00
0.00
0.00
2.00
0.00
0.00
0.00
0.00
0.00
0.00
0.00
0.00
0.00
43.00
38.00
0.00
0.00
0.00
0.00
0.00
0.00
0.00
0.00
0.00
0.00
0.00
0.00
0.00
0.00
0.00
0.00
0.00
0.00
7.00
0.00
0.00
0.00
0.00
0.00
0.00
0.00
0.00
0.00
0.00
0.00
5.00
0.00
0.00
0.00
10.00
0.00
7.00
0.00
0.00
0.00
0.00
0.00
0.00
0.00
0.00
68.00
0.00
0.00
0.00
0.00
0.00
2.00
2.00
6.00
2.00
0.00
0.00
0.00
0.00
0.00
1.00
0.00
0.00
0.00
0.00
0.00
0.00
36.00
26.00
123.00
390.00
5.00
2.00
24.00
13.00
21.00
0.00
0.00
0.00
0.00
0.00
0.00
0.00
0.00
73.00
95.00
176.00
38.00
0.00
0.00
0.00
0.00
0.00
0.00
0.00
0.00
0.00
203.00
0.00
0.00
0.00
37.00
0.00
175.00
0.00
69.00
17.00
107.00
13.00
13.00
68.00
11.00
909.00
509.00
89.00
707.00
26.00
5.00
183.00
19.00
43.00
452.00
0.00
0.00
76.00
121.00
1.00
168.00
26.00
5.00
41.00
4.00
0.00
0.00
0.00
0.00
0.00
97.00
690.00
0.00
31.00
0.00
139.00
25.00
0.00
304.00
43.00
178.00
80.00
14.00
112.00
177.00
165.00
113.00
169.00
81.00
36.00
197.00
70.00
33.00
120.00
119.00
71.00
41.00
46.00
285.00
123.00
19.00
195.00
513.00
174.00
29.00
55.00
17.00
10.00
31.00
37.00
288.00
69.00
219.00
204.00
90.00
75.00
250.00
68.00
257.00
147.00
36.00
77.00
17.00
258.00
51.00
143.00
294.00
170.00
278.00
214.00
104.00
9.00
41.00
77.00
4.00
243.00
9.00
12.00
251.00
407.00
384.00
81.00
33.00
49.00
2.00
136.00
59.00
7.00
15.00
9.00
769.00
23.00
14.00
93.00
65.00
156.00
110.00
154.00
207.00
85.00
33.00
22.00
39.00
25.00
14.00
5.00
138.00
78.00
453.00
426.00
80.00
5.00
7.00
97.00
177.00
245.00
820.00
208.00
0.00
128.00
132.00
232.00
265.00
2.00
3.00
0.00
20.00
17.00
10.00
0.00
3.00
112.00
5.00
71.00
77.00
189.00
56.00
78.00
1.00
0.00
0.00
0.00
0.00
0.00
0.00
0.00
0.00
0.00
0.00
0.00
3.00
0.00
12.00
125.00
3.00
0.00
5.00
0.00
0.00
0.00
10.00
63.00
179.00
0.00
0.00
0.00
0.00
0.00
0.00
0.00
0.00
0.00
0.00
0.00
1.00
0.00
0.00
0.00
0.00
0.00
0.00
0.00
0.00
0.00
0.00
0.00
0.00
0.00
8.00
0.00
0.00
0.00
0.00
0.00
0.00
0.00
0.00
0.00
0.00
0.00
0.00
0.00
0.00
0.00
0.00
0.00
0.00
0.00
0.00
0.00
0.00
0.00
0.00
0.00
0.00
0.00
0.00
0.00
0.00
0.00
0.00
0.00
0.00
0.00
0.00
0.00
0.00
0.00
1.00
0.00
0.00
0.00
0.00
0.00
0.00
0.00
0.00
0.00
0.00
0.00
0.00
0.00
0.00
0.00
0.00
11.00
0.00
0.00
0.00
0.00
0.00
0.00
0.00
0.00
0.00
0.00
0.00
0.00
0.00
0.00
0.00
0.00
0.00
0.00
0.00
0.00
0.00
0.00
0.00
0.00
0.00
38.00
0.00
0.00
0.00
0.00
0.00
0.00
0.00
0.00
0.00
58.00
92.00
0.00
0.00
31.00
0.00
141.00
31.00
0.00
0.00
0.00
0.00
0.00
7.00
14.00
41.00
204.00
0.00
0.00
0.00
27.00
84.00
0.00
6.00
262.00
449.00
195.00
9.00
194.00
15.00
51.00
21.00
24.00
0.00
11.00
0.00
0.00
0.00
0.00
0.00
0.00
0.00
281.00
99.00
0.00
7.00
732.00
180.00
5.00
642.00
0.00
329.00
312.00
0.00
0.00
0.00
8.00
116.00
571.00
0.00
4.00
63.00
100.00
259.00
0.00
0.00
22.00
3.00
26.00
0.00
100.00
448.00
722.00
1.00
67.00
0.00
37.00
111.00
0.00
192.00
0.00
4.00
0.00
121.00
2.00
6.00
122.00
143.00
489.00
910.00
509.00
358.00
9.00
28.00
0.00
0.00
2.00
1.00
85.00
153.00
993.00
26.00
199.00
8.00
297.00
261.00
689.00
1283.00
41.00
6.00
227.00
7.00
144.00
10.00
17.00
16.00
172.00
33.00
281.00
119.00
183.00
309.00
164.00
111.00
30.00
71.00
31.00
130.00
61.00
135.00
129.00
118.00
26.00
88.00
166.00
43.00
146.00
58.00
40.00
175.00
279.00
13.00
194.00
158.00
63.00
26.00
81.00
134.00
125.00
70.00
327.00
179.00
301.00
747.00
172.00
16.00
17.00
42.00
70.00
460.00
1088.00
634.00
247.00
113.00
153.00
67.00
274.00
77.00
120.00
77.00
264.00
428.00
219.00
172.00
306.00
920.00
429.00
45.00
77.00
119.00
261.00
59.00
83.00
39.00
9.00
131.00
107.00
56.00
168.00
297.00
584.00
22.00
1.00
171.00
156.00
2.00
4.00
201.00
182.00
170.00
136.00
113.00
9.00
10.00
25.00
28.00
11.00
270.00
666.00
159.00
341.00
407.00
36.00
0.00
4.00
0.00
296.00
12.00
5.00
5.00
0.00
2.00
4.00
0.00
65.00
0.00
0.00
0.00
0.00
60.00
1071.00
460.00
0.00
0.00
0.00
0.00
0.00
0.00
0.00
1.00
11.00
4.00
0.00
0.00
0.00
0.00
0.00
0.00
0.00
0.00
0.00
0.00
0.00
11.00
0.00
33.00
425.00
73.00
13.00
7.00
0.00
0.00
0.00
0.00
0.00
0.00
0.00
0.00
0.00
0.00
0.00
0.00
0.00
0.00
0.00
0.00
0.00
0.00
0.00
14.00
165.00
59.00
0.00
0.00
0.00
0.00
0.00
0.00
0.00
0.00
25.00
2.00
0.00
0.00
0.00
0.00
0.00
0.00
0.00
0.00
0.00
0.00
0.00
153.00
0.00
0.00
0.00
0.00
0.00
0.00
0.00
0.00
0.00
0.00
0.00
0.00
0.00
0.00
0.00
0.00
0.00
0.00
0.00
0.00
0.00
0.00
0.00
0.00
0.00
0.00
0.00
0.00
0.00
0.00
0.00
0.00
0.00
2.00
0.00
0.00
977.00
425.00
317.00
30.00
4.00
53.00
628.00
258.00
0.00
0.00
0.00
0.00
0.00
0.00
0.00
0.00
0.00
0.00
609.00
178.00
0.00
0.00
0.00
0.00
0.00
0.00
21.00
0.00
0.00
0.00
0.00
0.00
0.00
0.00
4.00
0.00
0.00
81.00
0.00
0.00
0.00
0.00
0.00
8.00
23.00
1.00
75.00
17.00
0.00
113.00
243.00
252.00
520.00
0.00
3.00
0.00
0.00
43.00
83.00
90.00
63.00
1.00
0.00
157.00
1.00
1.00
263.00
0.00
191.00
27.00
34.00
1.00
13.00
91.00
8.00
0.00
1.00
237.00
71.00
0.00
103.00
118.00
122.00
0.00
57.00
0.00
72.00
665.00
912.00
2.00
101.00
136.00
46.00
18.00
0.00
1.00
0.00
291.00
8.00
20.00
6.00
2.00
6.00
68.00
174.00
52.00
126.00
141.00
20.00
0.00
225.00
0.00
253.00
60.00
211.00
0.00
85.00
19.00
3.00
40.00
112.00
6.00
266.00
8.00
45.00
292.00
4.00
561.00
69.00
0.00
19.00
113.00
179.00
0.00
13.00
12.00
6.00
183.00
50.00
72.00
25.00
24.00
3.00
20.00
92.00
141.00
14.00
171.00
16.00
27.00
29.00
9.00
43.00
25.00
52.00
115.00
126.00
224.00
129.00
9.00
60.00
9.00
7.00
225.00
65.00
44.00
325.00
270.00
142.00
5.00
125.00
46.00
73.00
331.00
118.00
58.00
51.00
7.00
102.00
155.00
461.00
79.00
18.00
93.00
189.00
198.00
457.00
159.00
39.00
468.00
212.00
19.00
63.00
327.00
144.00
130.00
44.00
304.00
252.00
275.00
150.00
100.00
13.00
38.00
3.00
99.00
48.00
30.00
134.00
124.00
70.00
4.00
2.00
16.00
70.00
55.00
249.00
208.00
129.00
105.00
0.00
2.00
0.00
11.00
81.00
125.00
4.00
2.00
17.00
94.00
70.00
84.00
7.00
0.00
0.00
0.00
0.00
0.00
38.00
0.00
0.00
0.00
0.00
0.00
0.00
7.00
63.00
255.00
1.00
0.00
0.00
0.00
0.00
0.00
0.00
0.00
0.00
1.00
0.00
0.00
0.00
0.00
1.00
74.00
45.00
7.00
0.00
0.00
0.00
0.00
0.00
31.00
0.00
0.00
0.00
0.00
0.00
0.00
0.00
0.00
0.00
0.00
0.00
0.00
0.00
0.00
0.00
0.00
0.00
0.00
0.00
0.00
0.00
0.00
0.00
0.00
0.00
0.00
0.00
8.00
0.00
11.00
0.00
0.00
0.00
0.00
0.00
0.00
0.00
0.00
0.00
0.00
8.00
75.00
22.00
0.00
0.00
0.00
0.00
0.00
0.00
0.00
0.00
0.00
0.00
0.00
0.00
0.00
0.00
0.00
0.00
0.00
0.00
0.00
0.00
0.00
0.00
0.00
0.00
0.00
0.00
0.00
0.00
0.00
0.00
0.00
0.00
0.00
0.00
0.00
0.00
0.00
0.00
2.00
2.00
0.00
0.00
0.00
0.00
0.00
0.00
0.00
0.00
0.00
0.00
0.00
1.00
0.00
0.00
0.00
0.00
0.00
0.00
0.00
2.00
0.00
0.00
0.00
0.00
0.00
0.00
0.00
0.10
15.00
4.20
43.70
6.40
0.00
0.00
0.00
0.50
0.00
0.00
0.00
0.00
0.00
0.00
0.00
0.00
0.00
0.30
1.00
0.00
17.00
1.80
0.30
0.00
0.00
3.20
0.00
0.00
0.00
23.90
9.00
0.00
3.20
4.60
153.90
2.10
77.30
0.00
25.10
2.70
28.60
0.00
5.30
36.90
0.00
4.40
1.00
20.10
0.00
0.00
0.60
0.00
0.00
0.00
0.00
8.30
0.20
0.00
0.00
0.00
0.40
8.60
0.00
8.50
0.60
0.60
0.00
98.30
22.20
0.00
0.00
0.00
0.00
3.10
0.00
0.10
0.00
27.80
0.50
16.50
0.10
24.40
53.30
8.80
8.80
0.00
19.20
19.20
23.40
5.50
0.00
8.80
0.00
0.00
21.60
25.30
34.90
48.90
7.50
0.40
29.90
0.50
0.60
0.00
3.40
0.00
0.00
0.00
6.20
22.50
63.80
0.00
137.40
1.70
20.20
11.90
22.80
0.10
0.00
0.00
21.10
44.10
17.10
71.90
0.10
4.00
1.70
0.00
0.30
2.50
2.20
22.70
10.00
53.20
48.00
48.00
61.90
61.90
40.60
0.20
0.20
1.00
0.00
0.20
0.20
0.20
13.30
12.10
14.70
46.70
28.40
17.00
2.40
1.00
2.30
14.20
8.10
3.20
8.90
6.90
2.60
12.30
3.60
5.60
5.20
8.10
4.00
2.40
40.80
11.90
3.90
17.90
70.10
1.40
1.00
1.00
2.40
6.70
32.20
28.60
9.70
0.20
0.80
0.40
2.20
1.00
2.40
13.60
47.30
70.10
41.70
18.70
11.50
9.00
0.90
0.10
9.90
3.90
1.10
4.80
19.40
2.30
58.00
10.40
4.50
0.10
0.00
0.00
8.10
10.30
9.20
43.40
35.80
0.50
13.50
9.00
3.40
25.80
25.80
9.70
0.00
0.60
16.30
11.30
128.20
4.30
17.90
0.10
0.00
0.00
0.00
0.00
0.00
0.00
0.00
0.00
0.00
0.00
1.70
0.10
0.00
0.50
8.00
72.20
