20160101
0.00
0.00
0.00
0.00
0.00
0.00
0.00
0.00
6.00
0.00
0.00
0.00
0.00
0.00
0.00
0.00
0.00
4.00
1.00
31.00
0.00
0.00
0.00
0.00
0.00
0.00
0.00
0.00
0.00
0.00
0.00
0.00
0.00
0.00
0.00
0.00
0.00
0.00
0.00
0.00
0.00
62.00
3.00
0.00
0.00
0.00
0.00
0.00
0.00
0.00
6.00
0.00
0.00
17.00
164.00
0.00
24.00
0.00
0.00
0.00
0.00
4.00
0.00
1.00
0.00
35.00
0.00
0.00
0.00
0.00
0.00
0.00
0.00
0.00
2.00
4.00
0.00
1.00
1.00
0.00
78.00
0.00
0.00
0.00
0.00
0.00
0.00
412.00
113.00
73.00
592.00
19.00
0.00
881.00
172.00
350.00
87.00
0.00
0.00
0.00
0.00
0.00
0.00
42.00
47.00
124.00
162.00
488.00
70.00
344.00
18.00
0.00
8.00
0.00
0.00
45.00
167.00
76.00
0.00
0.00
70.00
213.00
120.00
403.00
107.00
32.00
203.00
38.00
0.00
0.00
9.00
2.00
385.00
45.00
211.00
174.00
6.00
77.00
114.00
120.00
128.00
664.00
3.00
0.00
1.00
36.00
10.00
1.00
176.00
31.00
55.00
23.00
0.00
0.00
246.00
89.00
1.00
15.00
37.00
0.00
0.00
251.00
196.00
35.00
80.00
63.00
26.00
248.00
316.00
33.00
11.00
0.00
17.00
194.00
211.00
38.00
56.00
63.00
176.00
70.00
69.00
23.00
65.00
176.00
80.00
88.00
24.00
9.00
110.00
340.00
268.00
46.00
44.00
2.00
6.00
4.00
194.00
37.00
1.00
28.00
102.00
16.00
1.00
47.00
75.00
53.00
120.00
40.00
4.00
69.00
213.00
169.00
14.00
129.00
115.00
129.00
214.00
110.00
44.00
41.00
128.00
53.00
165.00
0.00
0.00
429.00
361.00
520.00
50.00
185.00
108.00
0.00
119.00
23.00
0.00
0.00
0.00
378.00
36.00
94.00
105.00
527.00
263.00
144.00
96.00
21.00
96.00
43.00
123.00
30.00
4.00
4.00
19.00
53.00
75.00
403.00
860.00
597.00
12.00
119.00
22.00
368.00
43.00
11.00
185.00
1.00
180.00
1.00
312.00
3.00
5.00
70.00
5.00
50.00
0.00
0.00
0.00
457.00
182.00
56.00
318.00
178.00
76.00
2.00
59.00
82.00
0.00
0.00
0.00
0.00
0.00
0.00
0.00
0.00
0.00
0.00
0.00
1.00
0.00
0.00
22.00
3.00
11.00
0.00
0.00
0.00
0.00
19.00
158.00
783.00
249.00
0.00
0.00
0.00
0.00
0.00
0.00
0.00
0.00
0.00
0.00
0.00
0.00
0.00
0.00
0.00
0.00
0.00
0.00
0.00
0.00
0.00
0.00
0.00
0.00
10.00
0.00
0.00
0.00
0.00
0.00
0.00
0.00
4.00
0.00
0.00
0.00
0.00
0.00
0.00
0.00
0.00
0.00
0.00
0.00
0.00
0.00
0.00
0.00
0.00
0.00
0.00
0.00
0.00
0.00
0.00
0.00
0.00
0.00
0.00
0.00
0.00
0.00
0.00
0.00
0.00
0.00
0.00
0.00
0.00
0.00
0.00
0.00
0.00
0.00
0.00
0.00
0.00
0.00
0.00
0.00
0.00
4.00
0.00
0.00
0.00
0.00
0.00
0.00
0.00
0.00
0.00
0.00
0.00
0.00
0.00
0.00
0.00
0.00
0.00
0.00
0.00
0.00
0.00
0.00
0.00
0.00
0.00
19.00
0.00
0.00
0.00
0.00
0.00
0.00
0.00
0.00
0.00
5.00
22.00
0.00
0.00
50.00
0.00
351.00
54.00
0.00
0.00
0.00
0.00
0.00
1.00
16.00
4.00
39.00
0.00
0.00
0.00
4.00
253.00
18.00
0.00
1.00
196.00
494.00
17.00
4.00
19.00
115.00
376.00
766.00
0.00
0.00
0.00
0.00
0.00
0.00
0.00
0.00
0.00
87.00
11.00
0.00
1.00
674.00
697.00
274.00
701.00
5.00
340.00
140.00
0.00
0.00
18.00
80.00
40.00
262.00
0.00
0.00
43.00
73.00
75.00
3.00
0.00
31.00
0.00
35.00
0.00
22.00
120.00
403.00
0.00
67.00
22.00
165.00
114.00
12.00
25.00
0.00
1.00
1.00
1.00
0.00
3.00
174.00
366.00
355.00
832.00
237.00
927.00
564.00
139.00
3.00
56.00
79.00
110.00
156.00
140.00
573.00
6.00
259.00
170.00
230.00
256.00
890.00
613.00
1.00
8.00
105.00
373.00
442.00
318.00
173.00
189.00
377.00
57.00
160.00
102.00
8.00
47.00
88.00
104.00
30.00
88.00
19.00
93.00
55.00
250.00
295.00
355.00
29.00
274.00
216.00
35.00
121.00
45.00
120.00
130.00
309.00
104.00
153.00
45.00
94.00
30.00
12.00
7.00
30.00
35.00
103.00
86.00
283.00
606.00
84.00
55.00
28.00
3.00
36.00
201.00
798.00
251.00
9.00
13.00
30.00
8.00
545.00
44.00
221.00
131.00
173.00
27.00
364.00
248.00
174.00
107.00
273.00
110.00
134.00
116.00
181.00
103.00
4.00
70.00
64.00
572.00
293.00
291.00
129.00
71.00
554.00
130.00
2.00
103.00
32.00
2.00
66.00
173.00
228.00
117.00
25.00
6.00
0.00
0.00
0.00
58.00
47.00
151.00
361.00
25.00
28.00
208.00
6.00
38.00
18.00
114.00
471.00
35.00
3.00
0.00
0.00
0.00
35.00
22.00
0.00
16.00
0.00
719.00
905.00
376.00
575.00
1356.00
0.00
0.00
0.00
0.00
0.00
0.00
0.00
54.00
220.00
0.00
0.00
0.00
0.00
0.00
3.00
0.00
0.00
0.00
0.00
0.00
0.00
24.00
1.00
3.00
228.00
53.00
2.00
0.00
0.00
0.00
0.00
0.00
0.00
0.00
0.00
0.00
0.00
0.00
0.00
0.00
0.00
0.00
0.00
0.00
0.00
0.00
2.00
333.00
213.00
392.00
84.00
0.00
0.00
0.00
0.00
0.00
0.00
0.00
38.00
0.00
0.00
0.00
0.00
0.00
0.00
0.00
0.00
0.00
0.00
0.00
1.00
327.00
1.00
0.00
0.00
0.00
0.00
0.00
0.00
0.00
0.00
0.00
0.00
0.00
0.00
0.00
0.00
0.00
0.00
0.00
0.00
0.00
0.00
0.00
0.00
0.00
0.00
0.00
0.00
0.00
0.00
0.00
0.00
0.00
0.00
1.00
0.00
0.00
157.00
99.00
164.00
69.00
0.00
0.00
32.00
13.00
0.00
0.00
0.00
0.00
0.00
10.00
0.00
0.00
0.00
0.00
257.00
472.00
0.00
0.00
0.00
0.00
0.00
0.00
1.00
0.00
0.00
0.00
0.00
0.00
0.00
0.00
55.00
0.00
0.00
8.00
4.00
0.00
0.00
0.00
0.00
0.00
0.00
0.00
51.00
110.00
29.00
57.00
285.00
364.00
35.00
1.00
27.00
0.00
0.00
148.00
32.00
53.00
4.00
1.00
11.00
38.00
66.00
0.00
91.00
0.00
5.00
85.00
151.00
30.00
87.00
416.00
251.00
0.00
2.00
217.00
49.00
5.00
324.00
168.00
213.00
0.00
291.00
55.00
340.00
647.00
1063.00
508.00
523.00
361.00
172.00
179.00
0.00
5.00
46.00
140.00
4.00
61.00
109.00
0.00
15.00
39.00
122.00
25.00
247.00
54.00
24.00
44.00
62.00
1.00
59.00
166.00
58.00
73.00
284.00
108.00
116.00
359.00
82.00
225.00
466.00
22.00
181.00
267.00
79.00
892.00
593.00
2.00
30.00
0.00
54.00
0.00
8.00
38.00
5.00
24.00
7.00
72.00
45.00
1.00
30.00
1.00
0.00
93.00
80.00
2.00
4.00
1.00
51.00
13.00
9.00
35.00
4.00
203.00
23.00
116.00
136.00
13.00
51.00
11.00
52.00
64.00
178.00
42.00
65.00
312.00
66.00
9.00
5.00
47.00
103.00
87.00
218.00
63.00
5.00
6.00
18.00
267.00
40.00
73.00
69.00
55.00
13.00
199.00
59.00
343.00
300.00
254.00
528.00
52.00
11.00
1.00
56.00
113.00
16.00
238.00
31.00
122.00
80.00
218.00
26.00
1.00
21.00
40.00
68.00
0.00
35.00
142.00
195.00
24.00
0.00
2.00
157.00
21.00
70.00
1.00
12.00
5.00
1.00
6.00
2.00
145.00
212.00
661.00
62.00
43.00
45.00
0.00
106.00
166.00
360.00
0.00
1.00
0.00
0.00
0.00
0.00
1.00
20.00
0.00
0.00
0.00
3.00
103.00
202.00
164.00
3.00
0.00
0.00
0.00
0.00
0.00
0.00
0.00
0.00
0.00
0.00
0.00
0.00
0.00
241.00
186.00
98.00
51.00
2.00
0.00
0.00
0.00
2.00
4.00
0.00
0.00
0.00
0.00
0.00
0.00
0.00
0.00
0.00
0.00
0.00
0.00
0.00
0.00
0.00
0.00
0.00
0.00
0.00
0.00
0.00
0.00
0.00
0.00
0.00
0.00
0.00
0.00
0.00
20.00
0.00
0.00
0.00
0.00
0.00
0.00
0.00
0.00
0.00
0.00
34.00
70.00
39.00
0.00
0.00
0.00
0.00
0.00
0.00
0.00
0.00
0.00
0.00
0.00
0.00
0.00
0.00
0.00
0.00
0.00
0.00
0.00
0.00
0.00
0.00
0.00
0.00
0.00
0.00
0.00
0.00
0.00
0.00
0.00
0.00
0.00
0.00
0.00
0.00
0.00
0.00
1.00
1.00
0.00
0.00
0.00
0.00
0.00
0.00
0.00
0.00
0.00
0.00
0.00
0.00
0.00
0.00
0.00
0.00
0.00
0.00
0.00
1.00
4.00
0.00
0.00
0.00
0.00
0.00
0.00
1.40
40.40
24.40
43.40
19.20
0.00
0.00
0.00
17.90
4.20
0.00
0.00
0.00
0.00
0.00
0.00
0.00
0.00
0.00
2.20
0.00
51.00
0.40
0.00
0.00
0.00
45.10
0.00
0.00
0.00
5.10
12.60
0.00
0.00
0.00
101.30
18.90
76.90
1.20
26.50
5.00
31.10
0.50
30.40
19.40
0.00
0.60
2.90
0.30
0.00
0.80
6.10
0.00
0.00
0.00
2.50
0.00
0.20
0.00
0.00
0.00
0.00
3.40
5.20
0.20
0.00
0.00
1.80
46.00
67.40
0.00
0.00
0.00
0.00
0.00
0.00
0.50
3.40
42.10
21.10
7.50
4.10
19.80
21.60
0.50
0.50
0.00
5.70
5.70
35.60
5.20
11.70
0.00
0.00
0.00
0.00
53.00
40.20
1.10
27.20
54.70
8.80
0.00
6.10
11.40
5.50
9.80
0.00
5.80
68.40
63.80
17.00
0.00
1.10
0.30
17.10
1.50
19.60
0.00
2.30
0.00
28.10
14.40
6.20
20.60
4.60
8.50
8.10
3.80
3.80
11.50
10.70
11.80
5.30
8.80
46.90
46.90
72.30
72.30
24.10
4.40
4.40
0.00
0.10
4.40
4.40
4.40
8.00
6.50
27.40
31.90
57.90
6.70
3.60
2.40
0.20
37.20
3.90
5.70
26.30
23.50
50.60
1.20
0.10
14.30
7.70
0.30
0.80
0.00
17.50
27.50
16.30
29.30
6.40
0.00
3.70
0.00
3.50
10.30
27.90
21.10
28.40
1.20
11.30
4.10
4.10
0.00
0.30
3.20
12.20
8.40
29.30
49.50
11.70
14.60
4.40
0.20
3.80
4.50
5.20
3.60
2.10
0.70
1.30
8.60
6.40
0.00
0.20
0.00
20.40
14.50
31.60
30.80
23.10
0.00
0.10
0.40
19.40
17.00
17.00
10.30
0.00
6.40
0.10
35.10
1.60
0.40
20.50
16.60
0.00
0.00
0.00
0.00
4.80
6.50
0.00
0.00
0.00
0.00
0.10
5.90
0.70
0.20
0.20
0.70
