20160101
0.00
0.00
0.00
0.00
0.00
0.00
0.00
0.00
0.00
0.00
0.00
0.00
2.00
0.00
0.00
0.00
0.00
0.00
42.00
77.00
0.00
0.00
0.00
0.00
0.00
2.00
0.00
0.00
0.00
0.00
0.00
0.00
0.00
0.00
0.00
0.00
0.00
0.00
9.00
0.00
0.00
9.00
0.00
0.00
0.00
0.00
0.00
0.00
0.00
1.00
18.00
0.00
0.00
0.00
0.00
0.00
11.00
0.00
0.00
0.00
0.00
0.00
0.00
0.00
0.00
36.00
0.00
0.00
0.00
0.00
0.00
0.00
0.00
0.00
1.00
0.00
0.00
0.00
15.00
0.00
0.00
0.00
0.00
0.00
0.00
0.00
3.00
161.00
16.00
58.00
344.00
1.00
0.00
2.00
1.00
2.00
0.00
0.00
0.00
0.00
0.00
0.00
0.00
0.00
14.00
0.00
62.00
227.00
29.00
6.00
23.00
0.00
0.00
0.00
0.00
0.00
47.00
190.00
0.00
0.00
0.00
0.00
0.00
87.00
2.00
102.00
37.00
655.00
6.00
10.00
49.00
7.00
545.00
233.00
266.00
110.00
114.00
82.00
60.00
184.00
38.00
121.00
0.00
0.00
88.00
130.00
1.00
13.00
1.00
30.00
44.00
124.00
0.00
0.00
0.00
0.00
0.00
4.00
258.00
0.00
11.00
4.00
335.00
91.00
2.00
450.00
216.00
582.00
73.00
85.00
254.00
305.00
72.00
286.00
445.00
155.00
77.00
156.00
155.00
27.00
32.00
87.00
149.00
142.00
140.00
198.00
57.00
1.00
368.00
484.00
197.00
23.00
23.00
84.00
463.00
351.00
158.00
119.00
387.00
350.00
165.00
387.00
145.00
44.00
302.00
84.00
601.00
38.00
4.00
54.00
45.00
71.00
45.00
233.00
461.00
125.00
404.00
147.00
27.00
71.00
38.00
69.00
156.00
12.00
108.00
607.00
215.00
441.00
112.00
98.00
15.00
0.00
32.00
13.00
3.00
4.00
1.00
175.00
21.00
5.00
55.00
146.00
565.00
76.00
378.00
1271.00
81.00
106.00
42.00
91.00
67.00
41.00
1.00
318.00
67.00
161.00
318.00
3.00
50.00
197.00
135.00
23.00
261.00
430.00
79.00
0.00
201.00
59.00
933.00
282.00
4.00
2.00
13.00
1.00
31.00
7.00
2.00
0.00
0.00
1.00
18.00
28.00
42.00
202.00
23.00
0.00
0.00
0.00
0.00
0.00
0.00
0.00
0.00
0.00
0.00
0.00
0.00
0.00
0.00
0.00
99.00
0.00
0.00
0.00
0.00
0.00
0.00
0.00
28.00
105.00
0.00
0.00
0.00
0.00
0.00
0.00
0.00
0.00
0.00
0.00
0.00
0.00
0.00
0.00
0.00
0.00
0.00
0.00
0.00
0.00
0.00
0.00
0.00
0.00
0.00
9.00
0.00
0.00
0.00
0.00
0.00
0.00
0.00
0.00
0.00
0.00
0.00
0.00
0.00
0.00
0.00
0.00
0.00
0.00
0.00
0.00
0.00
0.00
0.00
0.00
19.00
0.00
0.00
0.00
0.00
0.00
0.00
0.00
0.00
7.00
0.00
0.00
0.00
0.00
0.00
35.00
0.00
0.00
0.00
0.00
0.00
0.00
0.00
0.00
0.00
0.00
0.00
0.00
0.00
0.00
0.00
2.00
6.00
19.00
0.00
0.00
0.00
0.00
0.00
0.00
0.00
0.00
0.00
0.00
0.00
0.00
0.00
0.00
0.00
0.00
0.00
0.00
0.00
0.00
0.00
0.00
0.00
0.00
24.00
0.00
0.00
0.00
0.00
0.00
0.00
0.00
0.00
0.00
119.00
0.00
0.00
0.00
16.00
0.00
115.00
0.00
0.00
0.00
0.00
0.00
0.00
43.00
35.00
38.00
84.00
0.00
0.00
0.00
41.00
194.00
0.00
21.00
501.00
231.00
34.00
192.00
44.00
317.00
105.00
12.00
559.00
10.00
0.00
52.00
0.00
0.00
0.00
0.00
0.00
0.00
329.00
152.00
0.00
0.00
313.00
536.00
125.00
622.00
0.00
188.00
132.00
108.00
0.00
15.00
0.00
81.00
58.00
0.00
101.00
192.00
45.00
257.00
0.00
17.00
236.00
2.00
121.00
3.00
11.00
585.00
621.00
2.00
31.00
446.00
604.00
229.00
2.00
181.00
22.00
80.00
5.00
182.00
22.00
2.00
111.00
121.00
140.00
264.00
740.00
237.00
6.00
2.00
0.00
283.00
21.00
0.00
102.00
63.00
1461.00
233.00
301.00
46.00
287.00
150.00
386.00
671.00
44.00
310.00
243.00
88.00
192.00
6.00
64.00
93.00
73.00
132.00
364.00
174.00
59.00
550.00
255.00
55.00
77.00
65.00
208.00
333.00
149.00
357.00
299.00
39.00
81.00
111.00
30.00
30.00
661.00
51.00
20.00
111.00
585.00
136.00
173.00
102.00
53.00
58.00
22.00
182.00
25.00
35.00
300.00
212.00
248.00
197.00
357.00
444.00
51.00
67.00
75.00
903.00
1042.00
703.00
202.00
188.00
112.00
18.00
256.00
61.00
141.00
71.00
589.00
337.00
640.00
153.00
272.00
806.00
264.00
35.00
183.00
344.00
309.00
129.00
608.00
300.00
37.00
53.00
8.00
119.00
163.00
1169.00
544.00
7.00
8.00
210.00
70.00
1.00
14.00
473.00
273.00
207.00
195.00
47.00
48.00
53.00
36.00
11.00
5.00
253.00
102.00
213.00
461.00
96.00
28.00
0.00
7.00
0.00
8.00
0.00
0.00
2.00
0.00
0.00
2.00
65.00
208.00
4.00
0.00
0.00
1.00
43.00
720.00
892.00
0.00
0.00
0.00
0.00
0.00
0.00
0.00
0.00
4.00
0.00
0.00
0.00
0.00
0.00
0.00
0.00
0.00
0.00
0.00
0.00
0.00
2.00
0.00
13.00
223.00
172.00
9.00
0.00
0.00
0.00
0.00
0.00
0.00
0.00
0.00
0.00
0.00
0.00
0.00
0.00
0.00
0.00
0.00
0.00
0.00
0.00
0.00
10.00
63.00
21.00
0.00
0.00
0.00
0.00
0.00
0.00
0.00
0.00
21.00
5.00
2.00
0.00
0.00
0.00
0.00
0.00
0.00
0.00
0.00
0.00
0.00
0.00
0.00
0.00
0.00
0.00
0.00
0.00
0.00
0.00
0.00
0.00
0.00
0.00
0.00
0.00
0.00
0.00
0.00
0.00
0.00
0.00
0.00
0.00
0.00
0.00
0.00
0.00
0.00
0.00
0.00
0.00
0.00
0.00
0.00
0.00
0.00
0.00
937.00
224.00
276.00
34.00
82.00
212.00
611.00
387.00
0.00
0.00
0.00
0.00
0.00
0.00
0.00
0.00
0.00
0.00
534.00
14.00
0.00
0.00
0.00
0.00
0.00
0.00
0.00
0.00
0.00
0.00
0.00
0.00
0.00
0.00
0.00
0.00
0.00
6.00
0.00
0.00
0.00
0.00
0.00
0.00
0.00
120.00
7.00
0.00
0.00
6.00
728.00
394.00
382.00
0.00
17.00
0.00
0.00
59.00
2.00
8.00
247.00
121.00
0.00
33.00
19.00
0.00
99.00
0.00
77.00
274.00
2.00
32.00
46.00
67.00
0.00
10.00
110.00
16.00
14.00
0.00
93.00
98.00
363.00
21.00
10.00
0.00
288.00
44.00
487.00
337.00
17.00
168.00
56.00
7.00
0.00
1.00
0.00
508.00
2.00
0.00
0.00
0.00
0.00
55.00
85.00
103.00
57.00
370.00
83.00
7.00
157.00
0.00
121.00
22.00
178.00
0.00
10.00
0.00
16.00
84.00
30.00
57.00
42.00
58.00
46.00
146.00
245.00
198.00
8.00
97.00
68.00
138.00
88.00
37.00
2.00
0.00
214.00
907.00
182.00
51.00
42.00
11.00
2.00
362.00
329.00
537.00
63.00
92.00
12.00
15.00
19.00
9.00
35.00
59.00
28.00
244.00
284.00
120.00
30.00
24.00
55.00
3.00
3.00
255.00
75.00
3.00
183.00
209.00
252.00
15.00
391.00
443.00
195.00
535.00
204.00
456.00
178.00
6.00
30.00
53.00
211.00
199.00
42.00
39.00
93.00
62.00
93.00
278.00
134.00
727.00
91.00
12.00
5.00
40.00
46.00
7.00
122.00
1006.00
379.00
323.00
86.00
54.00
26.00
8.00
46.00
94.00
55.00
158.00
558.00
249.00
26.00
5.00
3.00
20.00
25.00
143.00
544.00
451.00
80.00
22.00
1.00
0.00
0.00
2.00
510.00
385.00
0.00
2.00
4.00
100.00
140.00
99.00
1.00
31.00
0.00
0.00
0.00
0.00
0.00
0.00
0.00
0.00
0.00
0.00
22.00
4.00
139.00
60.00
68.00
0.00
0.00
17.00
0.00
0.00
0.00
0.00
0.00
0.00
0.00
0.00
0.00
0.00
6.00
9.00
20.00
0.00
0.00
0.00
0.00
0.00
16.00
0.00
0.00
0.00
0.00
0.00
0.00
0.00
0.00
0.00
0.00
0.00
0.00
0.00
0.00
0.00
0.00
0.00
0.00
0.00
0.00
0.00
0.00
0.00
0.00
0.00
0.00
0.00
0.00
0.00
0.00
5.00
0.00
0.00
0.00
0.00
0.00
0.00
0.00
0.00
0.00
0.00
4.00
55.00
321.00
0.00
0.00
0.00
0.00
0.00
0.00
0.00
0.00
0.00
0.00
0.00
0.00
0.00
0.00
0.00
0.00
0.00
0.00
0.00
0.00
0.00
0.00
0.00
0.00
0.00
0.00
0.00
0.00
0.00
0.00
0.00
0.00
0.00
0.00
0.00
0.00
0.00
0.00
3.00
3.00
0.00
0.00
0.00
0.00
0.00
0.00
0.00
0.00
0.00
0.00
0.00
15.00
2.00
0.00
0.00
6.00
0.00
0.00
3.00
9.00
0.00
0.00
0.00
0.00
0.00
0.00
0.00
2.80
17.00
0.20
48.50
4.30
0.00
0.00
0.00
0.00
0.00
0.00
0.00
0.00
0.00
0.00
0.00
0.00
0.00
3.20
0.40
0.00
7.80
1.30
0.90
0.00
0.90
0.00
0.00
0.00
0.00
6.00
0.20
0.00
31.40
0.00
84.80
0.50
24.70
0.00
10.80
16.20
35.10
0.00
4.30
43.40
0.00
2.60
0.00
3.80
0.00
9.30
1.00
0.00
0.00
0.00
0.00
6.60
0.00
0.00
0.00
0.00
8.00
0.40
11.40
12.00
7.50
7.50
1.10
233.90
42.90
0.00
0.00
6.50
0.70
54.80
39.80
23.40
0.80
19.90
0.90
22.20
0.00
44.30
39.20
1.00
1.00
0.10
44.30
44.30
29.00
3.90
0.00
16.10
1.70
21.20
11.20
29.30
25.70
28.40
24.70
0.90
0.10
0.40
0.30
0.00
7.20
0.00
0.00
0.70
4.90
13.90
11.20
28.00
10.40
0.00
31.40
65.20
13.20
0.50
0.20
3.30
41.80
85.50
52.90
28.30
1.10
0.70
1.30
0.20
1.00
7.30
19.00
8.50
17.80
54.80
117.60
117.60
64.90
64.90
61.40
1.70
1.70
3.50
2.20
1.70
1.70
1.70
5.30
28.80
47.40
22.50
38.80
14.40
7.40
3.70
5.10
12.50
35.70
29.30
15.90
9.50
8.20
8.30
6.80
3.40
5.80
6.20
8.50
1.30
163.40
41.10
26.60
9.90
11.10
1.60
2.20
1.10
2.00
6.20
39.60
24.40
8.80
3.00
1.10
14.90
11.20
1.60
5.00
1.40
6.50
16.00
22.40
20.50
4.00
2.20
11.30
0.70
43.90
26.00
6.40
9.70
63.40
11.50
20.90
61.60
38.80
0.40
1.20
0.30
0.50
9.60
20.80
31.20
28.70
0.30
13.60
36.00
5.60
47.50
47.50
0.00
0.00
0.00
6.90
3.30
36.90
33.30
19.60
2.80
0.00
0.00
0.00
0.00
0.00
0.00
0.00
0.00
0.00
0.00
3.20
0.20
0.00
0.20
21.30
72.50
