20160101
0.00
0.00
0.00
0.00
0.00
0.00
0.00
0.00
0.00
0.00
0.00
0.00
0.00
0.00
0.00
0.00
0.00
0.00
0.00
0.00
0.00
0.00
0.00
0.00
0.00
0.00
0.00
0.00
0.00
0.00
0.00
0.00
0.00
0.00
0.00
0.00
0.00
0.00
0.00
0.00
0.00
0.00
24.00
0.00
0.00
0.00
0.00
0.00
0.00
0.00
1.00
0.00
0.00
44.00
50.00
0.00
10.00
0.00
0.00
0.00
0.00
0.00
0.00
95.00
0.00
45.00
0.00
17.00
2.00
0.00
0.00
0.00
0.00
0.00
0.00
18.00
0.00
0.00
1.00
0.00
64.00
0.00
16.00
0.00
0.00
0.00
0.00
559.00
2.00
179.00
416.00
21.00
0.00
114.00
384.00
588.00
139.00
0.00
4.00
0.00
0.00
0.00
0.00
54.00
104.00
114.00
366.00
240.00
0.00
212.00
222.00
501.00
428.00
0.00
17.00
190.00
26.00
25.00
1.00
0.00
24.00
31.00
404.00
22.00
150.00
5.00
2.00
4.00
0.00
0.00
0.00
26.00
96.00
216.00
13.00
101.00
12.00
624.00
357.00
17.00
175.00
1032.00
0.00
6.00
0.00
24.00
0.00
42.00
21.00
39.00
45.00
8.00
0.00
0.00
8.00
130.00
70.00
101.00
101.00
11.00
93.00
185.00
47.00
29.00
10.00
0.00
58.00
76.00
136.00
102.00
9.00
15.00
82.00
40.00
2.00
25.00
64.00
2.00
65.00
0.00
101.00
16.00
169.00
89.00
45.00
21.00
11.00
12.00
10.00
51.00
216.00
155.00
33.00
10.00
6.00
53.00
203.00
64.00
14.00
1.00
11.00
4.00
1.00
37.00
90.00
82.00
370.00
1.00
33.00
4.00
94.00
8.00
100.00
59.00
0.00
19.00
0.00
45.00
90.00
189.00
64.00
16.00
10.00
119.00
154.00
31.00
81.00
8.00
24.00
5.00
25.00
1.00
330.00
15.00
1.00
19.00
0.00
413.00
0.00
4.00
6.00
7.00
235.00
247.00
7.00
0.00
37.00
44.00
47.00
53.00
160.00
7.00
45.00
12.00
48.00
22.00
120.00
0.00
0.00
377.00
141.00
36.00
118.00
242.00
393.00
110.00
548.00
14.00
110.00
1.00
151.00
106.00
0.00
67.00
0.00
1.00
0.00
20.00
80.00
227.00
123.00
167.00
20.00
64.00
41.00
189.00
11.00
0.00
0.00
0.00
0.00
0.00
0.00
0.00
0.00
0.00
0.00
0.00
11.00
0.00
140.00
49.00
149.00
53.00
2.00
0.00
9.00
8.00
137.00
398.00
96.00
0.00
0.00
0.00
0.00
0.00
0.00
0.00
0.00
0.00
0.00
0.00
0.00
0.00
0.00
0.00
0.00
0.00
0.00
0.00
0.00
0.00
0.00
0.00
0.00
0.00
0.00
0.00
0.00
0.00
0.00
0.00
0.00
0.00
0.00
0.00
0.00
0.00
0.00
0.00
0.00
0.00
0.00
0.00
0.00
0.00
0.00
0.00
0.00
0.00
0.00
0.00
0.00
0.00
0.00
0.00
0.00
0.00
0.00
0.00
0.00
0.00
0.00
0.00
0.00
0.00
0.00
0.00
0.00
0.00
0.00
0.00
0.00
0.00
0.00
0.00
0.00
0.00
0.00
0.00
0.00
0.00
40.00
0.00
0.00
0.00
0.00
0.00
0.00
0.00
0.00
0.00
0.00
0.00
0.00
0.00
0.00
0.00
0.00
0.00
0.00
0.00
0.00
0.00
0.00
0.00
0.00
0.00
0.00
0.00
0.00
0.00
0.00
0.00
0.00
0.00
0.00
0.00
0.00
24.00
7.00
0.00
136.00
0.00
75.00
107.00
0.00
0.00
0.00
0.00
0.00
0.00
115.00
2.00
105.00
0.00
0.00
0.00
0.00
45.00
0.00
0.00
0.00
100.00
484.00
344.00
53.00
79.00
460.00
165.00
98.00
0.00
0.00
0.00
0.00
0.00
0.00
0.00
0.00
0.00
53.00
5.00
0.00
1.00
249.00
327.00
148.00
283.00
115.00
80.00
184.00
0.00
0.00
64.00
2.00
36.00
145.00
0.00
0.00
33.00
32.00
18.00
0.00
0.00
264.00
0.00
0.00
0.00
16.00
71.00
288.00
0.00
24.00
0.00
61.00
3.00
88.00
26.00
0.00
0.00
1.00
36.00
96.00
139.00
185.00
442.00
6.00
180.00
226.00
128.00
87.00
6.00
3.00
40.00
78.00
513.00
580.00
224.00
144.00
88.00
0.00
90.00
38.00
27.00
13.00
35.00
35.00
5.00
6.00
20.00
2.00
381.00
492.00
22.00
158.00
50.00
292.00
98.00
26.00
44.00
22.00
52.00
39.00
133.00
26.00
29.00
18.00
143.00
194.00
227.00
108.00
27.00
0.00
36.00
103.00
95.00
84.00
147.00
3.00
193.00
75.00
6.00
122.00
1.00
54.00
56.00
64.00
62.00
15.00
87.00
183.00
10.00
67.00
29.00
8.00
3.00
3.00
6.00
171.00
51.00
3.00
19.00
72.00
22.00
4.00
7.00
68.00
137.00
58.00
41.00
47.00
12.00
27.00
343.00
6.00
108.00
133.00
9.00
34.00
5.00
0.00
50.00
2.00
7.00
4.00
10.00
40.00
0.00
55.00
16.00
123.00
48.00
111.00
2.00
14.00
216.00
55.00
105.00
91.00
0.00
3.00
2.00
0.00
0.00
84.00
142.00
218.00
51.00
50.00
4.00
402.00
4.00
7.00
9.00
99.00
103.00
121.00
27.00
18.00
120.00
20.00
25.00
0.00
0.00
0.00
0.00
306.00
170.00
307.00
771.00
0.00
0.00
0.00
0.00
0.00
0.00
5.00
894.00
481.00
0.00
0.00
0.00
0.00
0.00
0.00
0.00
0.00
0.00
0.00
0.00
0.00
82.00
0.00
0.00
103.00
38.00
28.00
0.00
0.00
0.00
0.00
0.00
0.00
0.00
0.00
0.00
0.00
0.00
0.00
0.00
0.00
0.00
0.00
0.00
0.00
0.00
15.00
152.00
284.00
184.00
0.00
0.00
0.00
0.00
0.00
0.00
0.00
0.00
1.00
0.00
0.00
0.00
0.00
0.00
0.00
0.00
0.00
0.00
0.00
0.00
148.00
152.00
177.00
0.00
0.00
0.00
0.00
0.00
0.00
0.00
0.00
0.00
0.00
0.00
0.00
0.00
0.00
0.00
0.00
0.00
0.00
0.00
0.00
0.00
0.00
0.00
0.00
0.00
0.00
0.00
0.00
0.00
0.00
0.00
0.00
0.00
0.00
0.00
2.00
6.00
241.00
0.00
87.00
0.00
0.00
0.00
0.00
0.00
0.00
0.00
0.00
0.00
0.00
0.00
0.00
6.00
0.00
241.00
0.00
0.00
0.00
0.00
0.00
0.00
1.00
0.00
0.00
0.00
0.00
0.00
0.00
0.00
38.00
0.00
0.00
5.00
25.00
68.00
0.00
0.00
0.00
0.00
0.00
0.00
0.00
222.00
5.00
0.00
68.00
83.00
0.00
0.00
5.00
130.00
32.00
9.00
0.00
0.00
271.00
0.00
11.00
20.00
3.00
0.00
145.00
1.00
0.00
118.00
52.00
5.00
1.00
180.00
35.00
0.00
0.00
30.00
1.00
40.00
32.00
72.00
151.00
20.00
129.00
0.00
104.00
235.00
403.00
416.00
433.00
408.00
423.00
169.00
0.00
131.00
7.00
93.00
0.00
8.00
0.00
1.00
0.00
2.00
0.00
0.00
150.00
8.00
2.00
3.00
1.00
72.00
6.00
63.00
0.00
178.00
174.00
149.00
144.00
16.00
20.00
66.00
112.00
272.00
564.00
450.00
4.00
139.00
120.00
0.00
0.00
1.00
17.00
7.00
411.00
61.00
10.00
0.00
0.00
79.00
54.00
5.00
8.00
9.00
0.00
31.00
6.00
0.00
4.00
19.00
86.00
51.00
56.00
163.00
68.00
45.00
25.00
3.00
173.00
8.00
22.00
5.00
13.00
3.00
75.00
119.00
49.00
60.00
126.00
21.00
8.00
20.00
166.00
141.00
95.00
42.00
2.00
0.00
49.00
36.00
63.00
154.00
6.00
1.00
25.00
131.00
253.00
7.00
3.00
92.00
42.00
148.00
12.00
3.00
490.00
202.00
0.00
94.00
15.00
52.00
78.00
8.00
123.00
27.00
239.00
69.00
139.00
0.00
2.00
4.00
9.00
5.00
0.00
2.00
111.00
21.00
0.00
4.00
0.00
2.00
90.00
0.00
0.00
44.00
38.00
12.00
58.00
0.00
22.00
43.00
3.00
0.00
4.00
0.00
0.00
0.00
0.00
0.00
0.00
2.00
0.00
0.00
0.00
0.00
61.00
136.00
391.00
237.00
6.00
0.00
0.00
0.00
0.00
0.00
0.00
0.00
0.00
0.00
0.00
0.00
0.00
0.00
444.00
112.00
153.00
113.00
38.00
0.00
0.00
0.00
0.00
0.00
0.00
0.00
0.00
0.00
0.00
0.00
0.00
0.00
0.00
0.00
0.00
0.00
0.00
0.00
2.00
0.00
0.00
0.00
0.00
0.00
0.00
0.00
0.00
0.00
0.00
0.00
0.00
0.00
0.00
8.00
7.00
0.00
0.00
0.00
0.00
0.00
0.00
0.00
2.00
4.00
7.00
19.00
1.00
0.00
0.00
0.00
0.00
0.00
0.00
0.00
0.00
0.00
0.00
0.00
0.00
0.00
0.00
0.00
0.00
0.00
0.00
0.00
7.00
0.00
0.00
0.00
0.00
0.00
0.00
0.00
0.00
0.00
0.00
0.00
0.00
0.00
0.00
0.00
0.00
0.00
0.00
0.00
0.00
0.00
2.00
0.00
0.00
0.00
0.00
0.00
0.00
0.00
0.00
0.00
0.00
0.00
0.00
0.00
0.00
0.00
0.00
0.00
1.00
2.00
0.00
0.00
0.00
0.00
0.00
0.00
0.00
119.40
77.40
113.40
79.20
0.00
0.00
0.00
17.50
36.90
0.10
0.00
0.00
0.00
0.00
0.00
0.00
0.00
0.00
0.20
0.00
31.60
6.50
0.60
0.00
0.00
9.50
0.00
0.00
0.00
0.00
3.20
0.00
0.00
0.00
76.90
8.30
111.90
7.60
6.60
0.00
5.10
1.10
40.50
49.10
0.00
0.10
0.50
0.00
0.00
2.90
0.00
1.10
0.00
0.00
0.20
0.00
0.40
0.00
0.00
0.00
0.00
0.00
9.20
1.40
0.00
0.00
0.00
8.50
16.30
0.00
0.00
0.00
0.00
0.00
0.00
0.20
0.00
1.40
5.20
0.20
0.20
4.00
5.70
1.20
1.20
0.00
2.60
2.60
44.30
0.40
0.80
0.00
0.00
0.00
0.00
16.20
10.60
0.10
1.00
11.80
2.80
14.90
7.60
6.40
19.50
0.00
0.00
9.50
50.20
15.00
17.20
0.00
4.50
0.80
11.50
25.80
17.60
3.50
0.00
0.10
8.60
1.30
0.10
0.20
3.10
8.30
10.00
2.40
2.30
8.50
2.20
4.70
2.20
5.70
2.40
2.40
7.10
7.10
3.90
2.70
2.70
0.00
1.80
2.70
2.70
2.70
0.70
6.00
2.50
10.10
29.10
27.00
6.20
4.70
0.70
9.00
4.30
20.40
8.10
44.40
0.20
11.10
5.40
7.20
12.80
2.80
0.80
2.80
2.90
20.00
5.10
9.60
3.70
5.40
0.50
0.20
5.90
2.90
10.20
10.80
10.60
0.50
0.00
1.10
13.10
0.00
2.00
1.40
2.60
3.50
0.60
7.00
70.80
5.90
7.30
0.40
3.00
22.90
15.70
15.50
0.70
0.80
17.20
13.40
7.40
0.10
9.30
1.60
9.00
36.40
24.80
31.60
17.80
2.00
28.80
28.40
16.40
4.60
4.60
0.70
2.10
0.10
0.30
10.70
28.80
8.80
12.10
11.00
0.00
0.00
0.00
5.80
10.40
4.30
0.00
0.10
0.00
0.00
1.00
9.20
3.90
0.30
1.00
1.30
