20160101
0.00
0.00
0.00
0.00
0.00
0.00
0.00
0.00
12.00
0.00
0.00
0.00
1.00
0.00
0.00
0.00
0.00
3.00
4.00
41.00
0.00
0.00
0.00
0.00
0.00
0.00
0.00
0.00
0.00
0.00
0.00
0.00
0.00
0.00
0.00
0.00
0.00
0.00
0.00
0.00
0.00
12.00
0.00
0.00
0.00
0.00
0.00
0.00
0.00
0.00
1.00
50.00
0.00
1.00
238.00
0.00
24.00
0.00
0.00
0.00
0.00
0.00
0.00
229.00
0.00
31.00
0.00
0.00
0.00
0.00
22.00
0.00
0.00
1.00
10.00
0.00
0.00
0.00
7.00
66.00
57.00
0.00
0.00
0.00
0.00
0.00
0.00
464.00
60.00
62.00
409.00
5.00
0.00
642.00
501.00
489.00
210.00
0.00
4.00
27.00
2.00
0.00
0.00
37.00
41.00
201.00
373.00
535.00
72.00
631.00
341.00
100.00
150.00
0.00
0.00
279.00
324.00
130.00
12.00
0.00
225.00
156.00
76.00
201.00
147.00
44.00
232.00
64.00
4.00
3.00
58.00
4.00
180.00
35.00
498.00
103.00
19.00
570.00
130.00
154.00
62.00
798.00
3.00
0.00
5.00
100.00
86.00
53.00
162.00
16.00
38.00
49.00
0.00
0.00
181.00
49.00
1.00
0.00
97.00
3.00
14.00
235.00
68.00
70.00
171.00
122.00
45.00
261.00
212.00
18.00
46.00
13.00
120.00
451.00
196.00
19.00
36.00
42.00
163.00
39.00
98.00
20.00
48.00
114.00
34.00
56.00
2.00
18.00
145.00
221.00
361.00
62.00
81.00
12.00
6.00
22.00
207.00
45.00
2.00
27.00
77.00
32.00
21.00
38.00
92.00
137.00
78.00
47.00
7.00
48.00
152.00
177.00
0.00
32.00
73.00
87.00
261.00
105.00
50.00
58.00
167.00
64.00
152.00
0.00
19.00
139.00
339.00
655.00
17.00
231.00
102.00
3.00
139.00
57.00
0.00
2.00
0.00
240.00
27.00
106.00
108.00
397.00
328.00
208.00
81.00
7.00
217.00
56.00
168.00
58.00
25.00
1.00
4.00
40.00
130.00
305.00
400.00
354.00
1.00
103.00
23.00
320.00
15.00
196.00
308.00
0.00
266.00
48.00
267.00
1.00
0.00
66.00
7.00
13.00
0.00
1.00
0.00
761.00
70.00
131.00
251.00
192.00
45.00
25.00
21.00
90.00
9.00
0.00
0.00
0.00
0.00
0.00
0.00
0.00
0.00
0.00
0.00
1.00
0.00
7.00
30.00
2.00
8.00
0.00
1.00
0.00
0.00
19.00
204.00
707.00
196.00
0.00
0.00
0.00
0.00
0.00
0.00
0.00
0.00
0.00
0.00
0.00
0.00
0.00
0.00
0.00
0.00
0.00
0.00
0.00
0.00
0.00
0.00
0.00
0.00
5.00
0.00
0.00
0.00
0.00
0.00
0.00
0.00
0.00
0.00
0.00
0.00
0.00
0.00
0.00
0.00
0.00
0.00
0.00
0.00
0.00
0.00
0.00
0.00
0.00
0.00
0.00
0.00
0.00
0.00
1.00
0.00
0.00
0.00
0.00
0.00
0.00
0.00
0.00
0.00
0.00
0.00
0.00
0.00
0.00
0.00
0.00
0.00
0.00
0.00
0.00
0.00
0.00
0.00
0.00
0.00
0.00
1.00
0.00
0.00
0.00
0.00
0.00
0.00
0.00
0.00
0.00
0.00
0.00
0.00
0.00
0.00
0.00
0.00
0.00
0.00
0.00
0.00
0.00
0.00
0.00
0.00
0.00
0.00
0.00
0.00
0.00
0.00
0.00
0.00
0.00
0.00
0.00
6.00
41.00
0.00
0.00
52.00
0.00
465.00
43.00
0.00
0.00
0.00
0.00
0.00
23.00
25.00
14.00
76.00
0.00
0.00
0.00
1.00
196.00
82.00
12.00
30.00
481.00
534.00
217.00
14.00
165.00
163.00
347.00
790.00
0.00
1.00
0.00
0.00
0.00
0.00
0.00
0.00
0.00
59.00
0.00
0.00
0.00
683.00
793.00
562.00
268.00
4.00
171.00
213.00
2.00
0.00
206.00
16.00
75.00
327.00
0.00
7.00
97.00
160.00
100.00
0.00
0.00
17.00
1.00
72.00
0.00
134.00
206.00
363.00
0.00
45.00
65.00
170.00
476.00
0.00
90.00
0.00
136.00
16.00
36.00
2.00
7.00
200.00
438.00
319.00
826.00
391.00
825.00
393.00
160.00
8.00
33.00
65.00
33.00
146.00
173.00
617.00
4.00
367.00
110.00
203.00
363.00
1072.00
1103.00
13.00
106.00
111.00
386.00
387.00
317.00
62.00
201.00
588.00
74.00
323.00
160.00
21.00
15.00
159.00
118.00
55.00
92.00
23.00
102.00
130.00
49.00
350.00
400.00
43.00
318.00
158.00
26.00
39.00
20.00
128.00
263.00
430.00
121.00
87.00
67.00
59.00
25.00
32.00
44.00
102.00
118.00
217.00
12.00
258.00
242.00
183.00
80.00
43.00
13.00
2.00
310.00
814.00
345.00
4.00
107.00
131.00
2.00
415.00
40.00
147.00
31.00
259.00
108.00
912.00
239.00
314.00
98.00
343.00
126.00
76.00
257.00
77.00
625.00
10.00
238.00
67.00
243.00
304.00
162.00
127.00
271.00
195.00
49.00
0.00
161.00
154.00
5.00
15.00
190.00
70.00
296.00
54.00
14.00
0.00
1.00
80.00
0.00
32.00
181.00
338.00
38.00
133.00
262.00
0.00
2.00
10.00
27.00
100.00
113.00
0.00
4.00
4.00
0.00
123.00
54.00
4.00
59.00
0.00
739.00
488.00
422.00
630.00
1521.00
0.00
0.00
0.00
0.00
0.00
0.00
0.00
47.00
230.00
0.00
0.00
0.00
0.00
0.00
3.00
3.00
0.00
0.00
0.00
0.00
0.00
13.00
3.00
6.00
251.00
74.00
0.00
0.00
1.00
0.00
0.00
0.00
0.00
0.00
0.00
0.00
0.00
0.00
0.00
0.00
0.00
0.00
0.00
0.00
0.00
0.00
0.00
226.00
299.00
321.00
0.00
0.00
0.00
0.00
0.00
0.00
0.00
0.00
55.00
2.00
0.00
1.00
0.00
0.00
0.00
0.00
0.00
0.00
0.00
0.00
10.00
252.00
11.00
0.00
0.00
0.00
0.00
0.00
0.00
0.00
0.00
0.00
0.00
0.00
0.00
0.00
0.00
0.00
0.00
0.00
0.00
0.00
0.00
0.00
0.00
0.00
0.00
0.00
0.00
0.00
0.00
0.00
0.00
0.00
0.00
0.00
0.00
0.00
187.00
86.00
154.00
40.00
0.00
0.00
38.00
19.00
0.00
0.00
0.00
0.00
0.00
1.00
0.00
0.00
0.00
0.00
320.00
469.00
0.00
0.00
0.00
0.00
0.00
0.00
0.00
0.00
0.00
0.00
0.00
0.00
0.00
0.00
4.00
0.00
44.00
36.00
123.00
0.00
0.00
0.00
0.00
0.00
8.00
0.00
219.00
190.00
0.00
47.00
616.00
199.00
66.00
0.00
13.00
0.00
0.00
128.00
43.00
79.00
24.00
12.00
1.00
152.00
92.00
0.00
56.00
0.00
0.00
115.00
174.00
26.00
26.00
256.00
50.00
0.00
22.00
156.00
44.00
15.00
222.00
159.00
137.00
0.00
178.00
34.00
184.00
453.00
1049.00
956.00
393.00
222.00
256.00
140.00
0.00
9.00
19.00
198.00
6.00
4.00
16.00
0.00
0.00
19.00
98.00
7.00
208.00
127.00
81.00
33.00
74.00
8.00
143.00
219.00
9.00
32.00
229.00
137.00
157.00
480.00
425.00
47.00
220.00
46.00
132.00
163.00
46.00
921.00
538.00
26.00
272.00
3.00
46.00
11.00
134.00
37.00
13.00
53.00
58.00
72.00
67.00
9.00
25.00
11.00
9.00
75.00
95.00
1.00
0.00
13.00
130.00
45.00
5.00
15.00
14.00
139.00
110.00
198.00
117.00
63.00
36.00
16.00
16.00
28.00
181.00
58.00
140.00
247.00
179.00
34.00
16.00
68.00
137.00
97.00
314.00
60.00
4.00
2.00
7.00
346.00
13.00
86.00
74.00
156.00
56.00
130.00
41.00
370.00
350.00
173.00
428.00
30.00
1.00
0.00
31.00
78.00
8.00
360.00
51.00
108.00
125.00
121.00
34.00
2.00
24.00
47.00
80.00
1.00
41.00
275.00
81.00
1.00
1.00
2.00
111.00
16.00
146.00
7.00
10.00
5.00
1.00
0.00
0.00
73.00
89.00
259.00
16.00
4.00
46.00
27.00
251.00
138.00
207.00
0.00
0.00
12.00
0.00
0.00
0.00
0.00
14.00
27.00
0.00
0.00
0.00
85.00
109.00
234.00
9.00
0.00
7.00
0.00
0.00
0.00
0.00
0.00
0.00
0.00
0.00
0.00
0.00
0.00
76.00
143.00
54.00
52.00
0.00
0.00
0.00
0.00
10.00
24.00
0.00
0.00
0.00
0.00
0.00
0.00
0.00
0.00
0.00
0.00
0.00
0.00
0.00
0.00
0.00
0.00
0.00
0.00
0.00
0.00
0.00
0.00
0.00
0.00
0.00
0.00
0.00
0.00
0.00
9.00
0.00
0.00
0.00
0.00
0.00
0.00
0.00
0.00
0.00
0.00
5.00
83.00
180.00
0.00
0.00
0.00
0.00
0.00
0.00
0.00
0.00
0.00
0.00
0.00
0.00
0.00
0.00
0.00
0.00
0.00
0.00
0.00
0.00
0.00
0.00
0.00
0.00
0.00
0.00
0.00
0.00
0.00
0.00
0.00
0.00
0.00
0.00
0.00
0.00
0.00
0.00
1.00
1.00
0.00
0.00
0.00
0.00
0.00
0.00
0.00
0.00
0.00
0.00
0.00
0.00
0.00
0.00
0.00
0.00
0.00
0.00
0.00
1.00
4.00
0.00
0.00
0.00
0.00
0.00
0.00
0.00
35.70
13.60
39.00
14.10
0.00
0.00
0.00
14.60
4.00
0.00
0.00
0.00
0.00
0.00
0.00
0.00
0.00
0.00
1.70
0.20
16.10
0.40
0.00
0.00
0.00
35.80
0.00
0.00
0.00
2.70
14.90
0.00
0.00
0.00
144.80
22.90
65.00
0.00
22.50
9.30
52.20
0.10
12.30
14.80
0.00
0.20
4.10
0.00
0.00
4.10
24.60
0.00
0.00
0.00
0.50
1.10
0.20
0.00
0.00
0.00
0.00
5.10
12.80
8.40
1.20
1.20
6.50
59.50
138.20
0.00
0.00
0.00
10.40
0.90
0.00
1.80
7.90
37.40
1.40
8.60
3.30
51.20
17.30
0.00
0.00
0.60
11.70
11.70
59.90
2.10
27.40
0.00
0.20
0.00
0.00
40.80
39.80
2.90
21.30
48.90
13.00
0.20
10.20
14.70
11.90
9.30
0.00
0.40
50.40
58.70
11.80
2.90
29.90
1.80
11.20
24.70
9.20
2.20
0.00
0.00
42.40
41.50
23.00
47.60
6.30
20.20
11.10
9.60
4.40
13.90
10.50
14.70
11.50
20.00
41.80
41.80
76.70
76.70
24.20
4.00
4.00
0.80
1.20
4.00
4.00
4.00
1.70
16.30
29.00
21.70
57.90
8.30
3.10
1.80
1.20
20.50
4.20
9.60
47.90
14.10
22.90
1.00
2.70
28.50
8.80
2.50
3.10
0.40
13.80
40.20
18.30
22.00
21.80
0.30
0.50
0.00
1.80
16.40
91.80
17.40
31.10
1.10
4.50
5.60
6.10
0.00
0.00
3.60
7.70
2.30
28.20
36.50
13.90
15.50
7.70
1.10
2.10
6.10
2.90
3.40
5.10
6.20
0.60
9.40
17.70
0.00
0.20
0.00
9.40
19.40
20.70
32.80
28.00
0.00
0.50
0.00
4.10
8.90
8.90
8.50
0.40
0.40
0.00
40.00
1.70
1.80
14.70
9.60
0.00
0.00
0.00
0.00
0.00
1.30
0.00
0.00
0.00
0.00
1.50
2.50
0.60
0.10
0.00
14.40
