20160101
0.00
0.00
0.00
0.00
0.00
0.00
0.00
0.00
37.00
0.00
0.00
0.00
3.00
0.00
0.00
0.00
0.00
0.00
2.00
55.00
0.00
0.00
0.00
0.00
0.00
10.00
0.00
0.00
0.00
0.00
0.00
0.00
0.00
0.00
0.00
0.00
0.00
0.00
0.00
0.00
0.00
37.00
0.00
0.00
0.00
0.00
0.00
0.00
0.00
0.00
1.00
2.00
0.00
0.00
122.00
2.00
26.00
0.00
0.00
0.00
0.00
0.00
0.00
1.00
0.00
1.00
0.00
0.00
433.00
0.00
17.00
0.00
0.00
0.00
3.00
0.00
3.00
0.00
5.00
29.00
52.00
0.00
0.00
0.00
0.00
0.00
15.00
776.00
62.00
106.00
208.00
6.00
0.00
189.00
548.00
950.00
207.00
117.00
334.00
80.00
0.00
184.00
1.00
95.00
354.00
164.00
661.00
923.00
565.00
954.00
192.00
1036.00
368.00
561.00
125.00
90.00
238.00
479.00
130.00
20.00
318.00
53.00
149.00
31.00
246.00
25.00
144.00
19.00
5.00
0.00
1.00
34.00
110.00
115.00
136.00
212.00
358.00
1344.00
668.00
63.00
37.00
803.00
0.00
0.00
31.00
101.00
16.00
19.00
24.00
9.00
114.00
94.00
0.00
0.00
0.00
0.00
133.00
415.00
970.00
17.00
271.00
247.00
1.00
6.00
0.00
49.00
32.00
59.00
381.00
50.00
7.00
5.00
469.00
170.00
112.00
2.00
22.00
46.00
107.00
57.00
163.00
34.00
394.00
297.00
221.00
49.00
0.00
47.00
0.00
34.00
319.00
42.00
28.00
44.00
8.00
3.00
281.00
137.00
8.00
6.00
7.00
10.00
46.00
70.00
182.00
108.00
134.00
8.00
0.00
91.00
54.00
116.00
13.00
19.00
0.00
0.00
136.00
259.00
23.00
210.00
154.00
44.00
16.00
1.00
113.00
166.00
463.00
41.00
7.00
12.00
0.00
0.00
241.00
47.00
0.00
11.00
0.00
203.00
11.00
154.00
69.00
206.00
736.00
570.00
152.00
4.00
527.00
61.00
407.00
520.00
310.00
5.00
4.00
20.00
132.00
177.00
529.00
178.00
0.00
9.00
112.00
132.00
29.00
159.00
721.00
285.00
1.00
168.00
946.00
5.00
0.00
872.00
130.00
182.00
28.00
0.00
0.00
1.00
0.00
279.00
42.00
469.00
155.00
113.00
0.00
86.00
0.00
0.00
0.00
0.00
0.00
0.00
0.00
0.00
0.00
0.00
0.00
2.00
0.00
3.00
149.00
3.00
7.00
0.00
0.00
0.00
0.00
14.00
176.00
406.00
466.00
5.00
0.00
0.00
0.00
0.00
0.00
0.00
0.00
0.00
0.00
0.00
0.00
0.00
0.00
0.00
0.00
0.00
0.00
0.00
0.00
0.00
0.00
0.00
0.00
2.00
0.00
0.00
0.00
0.00
0.00
0.00
0.00
0.00
0.00
0.00
0.00
0.00
0.00
0.00
0.00
0.00
0.00
0.00
0.00
0.00
0.00
0.00
0.00
0.00
46.00
0.00
0.00
0.00
0.00
0.00
0.00
0.00
0.00
0.00
0.00
0.00
0.00
0.00
0.00
0.00
0.00
0.00
0.00
0.00
0.00
0.00
0.00
0.00
0.00
0.00
0.00
0.00
0.00
0.00
0.00
0.00
6.00
0.00
0.00
0.00
0.00
0.00
0.00
0.00
0.00
0.00
0.00
0.00
0.00
0.00
0.00
0.00
0.00
0.00
0.00
0.00
0.00
0.00
0.00
0.00
117.00
207.00
24.00
0.00
0.00
0.00
0.00
0.00
0.00
0.00
0.00
0.00
17.00
81.00
0.00
0.00
86.00
0.00
359.00
51.00
0.00
0.00
0.00
0.00
0.00
71.00
131.00
1.00
132.00
0.00
0.00
0.00
0.00
101.00
0.00
50.00
95.00
683.00
480.00
1081.00
614.00
738.00
661.00
368.00
61.00
1.00
37.00
209.00
311.00
24.00
0.00
0.00
0.00
0.00
320.00
4.00
0.00
7.00
402.00
335.00
153.00
41.00
3.00
52.00
961.00
241.00
14.00
106.00
47.00
113.00
132.00
0.00
0.00
41.00
633.00
211.00
0.00
14.00
94.00
0.00
6.00
0.00
24.00
310.00
263.00
8.00
1.00
266.00
206.00
118.00
306.00
69.00
0.00
162.00
126.00
262.00
7.00
26.00
192.00
537.00
299.00
1066.00
135.00
859.00
96.00
2.00
0.00
17.00
217.00
20.00
631.00
378.00
218.00
355.00
160.00
21.00
81.00
607.00
562.00
541.00
27.00
12.00
10.00
339.00
532.00
289.00
203.00
132.00
167.00
75.00
240.00
152.00
25.00
103.00
99.00
167.00
99.00
100.00
45.00
108.00
47.00
62.00
416.00
129.00
69.00
374.00
15.00
13.00
76.00
351.00
129.00
2.00
109.00
180.00
36.00
41.00
107.00
26.00
101.00
25.00
163.00
102.00
424.00
33.00
112.00
26.00
340.00
129.00
85.00
29.00
3.00
77.00
701.00
313.00
57.00
69.00
380.00
36.00
93.00
6.00
435.00
2.00
137.00
62.00
26.00
218.00
218.00
147.00
4.00
96.00
123.00
296.00
131.00
91.00
25.00
343.00
15.00
0.00
2.00
31.00
307.00
241.00
493.00
0.00
21.00
101.00
443.00
1.00
1.00
143.00
9.00
156.00
153.00
45.00
2.00
0.00
0.00
0.00
35.00
57.00
174.00
78.00
164.00
131.00
16.00
0.00
0.00
79.00
210.00
432.00
319.00
10.00
0.00
0.00
141.00
104.00
10.00
78.00
0.00
18.00
88.00
426.00
507.00
1368.00
0.00
0.00
0.00
0.00
0.00
0.00
2.00
315.00
615.00
0.00
0.00
0.00
0.00
0.00
2.00
0.00
0.00
0.00
0.00
0.00
0.00
19.00
0.00
4.00
192.00
14.00
11.00
0.00
0.00
0.00
0.00
0.00
0.00
0.00
0.00
0.00
0.00
0.00
0.00
0.00
0.00
0.00
0.00
0.00
0.00
0.00
0.00
91.00
726.00
543.00
0.00
0.00
0.00
0.00
0.00
0.00
0.00
0.00
52.00
0.00
0.00
0.00
0.00
0.00
0.00
0.00
0.00
0.00
0.00
0.00
83.00
179.00
56.00
0.00
0.00
0.00
0.00
0.00
0.00
0.00
0.00
0.00
0.00
0.00
0.00
0.00
0.00
0.00
0.00
0.00
0.00
0.00
0.00
0.00
0.00
0.00
0.00
0.00
0.00
0.00
0.00
0.00
0.00
0.00
0.00
0.00
0.00
0.00
22.00
3.00
60.00
11.00
0.00
7.00
5.00
0.00
0.00
0.00
0.00
0.00
0.00
4.00
0.00
0.00
34.00
21.00
168.00
342.00
0.00
0.00
0.00
0.00
178.00
0.00
0.00
0.00
0.00
0.00
0.00
0.00
0.00
95.00
137.00
0.00
433.00
40.00
337.00
4.00
0.00
0.00
0.00
0.00
0.00
0.00
37.00
75.00
1.00
178.00
597.00
232.00
47.00
2.00
15.00
0.00
0.00
0.00
10.00
43.00
10.00
195.00
288.00
221.00
39.00
1.00
168.00
0.00
0.00
162.00
8.00
29.00
116.00
107.00
4.00
0.00
40.00
200.00
2.00
1.00
66.00
12.00
424.00
14.00
253.00
0.00
176.00
315.00
631.00
352.00
450.00
482.00
899.00
144.00
1.00
14.00
11.00
188.00
8.00
0.00
104.00
0.00
25.00
1.00
1.00
16.00
277.00
528.00
326.00
62.00
42.00
3.00
141.00
26.00
8.00
40.00
151.00
275.00
240.00
66.00
4.00
12.00
25.00
19.00
309.00
563.00
350.00
862.00
441.00
54.00
4.00
76.00
11.00
14.00
244.00
60.00
23.00
66.00
21.00
77.00
181.00
13.00
134.00
60.00
2.00
16.00
109.00
22.00
0.00
13.00
222.00
48.00
9.00
129.00
58.00
36.00
34.00
162.00
6.00
161.00
20.00
4.00
0.00
42.00
69.00
60.00
205.00
98.00
117.00
31.00
43.00
200.00
243.00
96.00
306.00
112.00
3.00
24.00
9.00
131.00
16.00
26.00
81.00
74.00
238.00
342.00
103.00
312.00
7.00
59.00
76.00
9.00
0.00
0.00
41.00
42.00
29.00
298.00
42.00
245.00
195.00
115.00
54.00
1.00
29.00
111.00
55.00
7.00
353.00
161.00
0.00
0.00
0.00
1.00
43.00
32.00
63.00
244.00
28.00
6.00
13.00
7.00
5.00
146.00
34.00
0.00
53.00
0.00
63.00
1.00
534.00
12.00
56.00
0.00
0.00
0.00
3.00
0.00
0.00
0.00
0.00
0.00
0.00
0.00
0.00
56.00
59.00
457.00
105.00
22.00
0.00
1.00
0.00
0.00
0.00
0.00
0.00
0.00
0.00
0.00
0.00
0.00
423.00
288.00
91.00
58.00
0.00
0.00
0.00
0.00
18.00
0.00
0.00
0.00
0.00
0.00
0.00
0.00
0.00
0.00
0.00
0.00
0.00
0.00
0.00
0.00
0.00
0.00
0.00
0.00
0.00
0.00
0.00
0.00
0.00
0.00
0.00
0.00
0.00
0.00
0.00
34.00
1.00
0.00
0.00
0.00
0.00
0.00
0.00
0.00
0.00
0.00
0.00
45.00
246.00
0.00
0.00
0.00
0.00
0.00
0.00
0.00
0.00
0.00
0.00
0.00
0.00
0.00
0.00
0.00
0.00
0.00
0.00
0.00
0.00
0.00
0.00
0.00
0.00
0.00
0.00
0.00
0.00
0.00
0.00
0.00
0.00
0.00
0.00
0.00
0.00
0.00
0.00
0.00
0.00
0.00
0.00
0.00
0.00
0.00
0.00
0.00
0.00
0.00
0.00
0.00
0.00
5.00
0.00
0.00
0.00
0.00
0.00
0.00
0.00
6.00
0.00
0.00
0.00
0.00
0.00
0.00
0.00
60.80
9.30
45.60
9.30
0.00
0.00
0.00
0.00
7.30
0.00
0.00
0.00
0.00
0.00
0.00
0.00
0.00
0.00
0.10
0.00
4.50
0.10
1.40
0.00
5.60
15.00
0.00
0.00
0.00
2.10
5.60
0.00
0.00
0.00
87.90
36.10
48.70
0.00
49.10
18.60
34.10
1.80
22.00
14.40
0.00
0.00
3.80
0.00
0.00
20.50
28.10
6.80
0.00
0.00
3.90
0.00
1.60
0.00
0.00
0.00
0.00
22.40
33.50
22.10
6.20
6.20
5.70
28.40
59.40
0.00
0.90
9.80
17.00
26.70
1.00
16.90
21.70
6.10
3.70
18.80
16.40
49.90
18.60
0.00
0.00
28.20
45.00
45.00
36.40
1.70
12.10
1.70
0.00
0.00
9.50
20.40
5.70
0.00
1.00
17.40
0.00
14.40
18.00
14.50
1.20
12.40
0.00
0.00
14.10
41.50
21.70
7.20
54.80
50.40
17.30
51.20
47.50
3.90
0.00
22.20
71.10
70.30
39.90
41.90
0.30
0.30
16.70
62.20
5.60
2.80
37.70
16.60
13.40
2.80
16.90
16.90
56.50
56.50
17.80
7.00
7.00
0.20
0.70
7.00
7.00
7.00
19.50
26.60
42.40
12.10
51.10
33.00
7.50
3.80
2.70
22.60
4.00
5.60
87.10
12.00
2.30
4.90
1.80
10.10
5.70
0.40
2.40
0.00
2.90
10.10
19.80
20.00
6.90
7.80
5.00
0.00
1.30
19.00
166.60
19.50
6.90
0.00
0.00
15.00
3.60
0.00
1.30
8.90
0.40
1.10
1.60
117.50
43.70
61.30
7.80
2.70
0.00
9.10
16.80
5.90
3.70
0.80
1.10
19.30
0.00
0.00
0.00
0.00
15.00
30.90
19.90
14.40
13.70
0.20
6.60
4.50
10.60
8.30
8.30
7.80
7.30
6.90
0.60
8.60
6.30
7.10
17.30
4.30
0.30
0.00
0.00
0.00
25.30
0.00
0.00
0.00
0.00
0.00
4.30
7.20
6.10
0.30
0.30
1.30
