20160101
0.00
0.00
0.00
0.00
0.00
0.00
0.00
0.00
23.00
0.00
0.00
0.00
1.00
0.00
0.00
0.00
0.00
0.00
6.00
98.00
0.00
0.00
0.00
0.00
0.00
3.00
0.00
0.00
0.00
0.00
0.00
0.00
0.00
0.00
0.00
0.00
0.00
0.00
0.00
6.00
0.00
19.00
0.00
0.00
0.00
0.00
0.00
0.00
0.00
0.00
1.00
27.00
0.00
0.00
104.00
1.00
23.00
0.00
0.00
0.00
0.00
0.00
0.00
18.00
0.00
23.00
0.00
0.00
0.00
0.00
6.00
0.00
0.00
1.00
5.00
0.00
0.00
0.00
19.00
95.00
40.00
0.00
0.00
0.00
0.00
0.00
32.00
584.00
16.00
37.00
497.00
2.00
0.00
409.00
314.00
885.00
146.00
0.00
13.00
25.00
97.00
0.00
0.00
0.00
65.00
137.00
622.00
603.00
18.00
508.00
280.00
345.00
384.00
0.00
0.00
120.00
359.00
178.00
23.00
1.00
150.00
136.00
56.00
185.00
178.00
59.00
135.00
85.00
12.00
2.00
40.00
22.00
167.00
95.00
602.00
179.00
112.00
889.00
555.00
163.00
25.00
818.00
3.00
4.00
69.00
196.00
51.00
103.00
67.00
10.00
34.00
67.00
7.00
0.00
234.00
134.00
43.00
21.00
621.00
80.00
88.00
226.00
98.00
41.00
42.00
222.00
32.00
225.00
125.00
46.00
115.00
103.00
324.00
629.00
602.00
54.00
12.00
248.00
128.00
29.00
102.00
59.00
52.00
182.00
113.00
26.00
7.00
41.00
275.00
420.00
215.00
99.00
67.00
50.00
59.00
34.00
118.00
124.00
2.00
25.00
189.00
34.00
30.00
38.00
208.00
144.00
92.00
32.00
48.00
16.00
339.00
161.00
10.00
57.00
31.00
134.00
360.00
89.00
73.00
81.00
322.00
137.00
208.00
25.00
160.00
28.00
365.00
381.00
23.00
228.00
77.00
19.00
56.00
90.00
3.00
23.00
0.00
133.00
12.00
80.00
110.00
233.00
732.00
448.00
213.00
27.00
270.00
82.00
194.00
81.00
64.00
5.00
8.00
63.00
150.00
385.00
437.00
133.00
1.00
228.00
31.00
370.00
49.00
287.00
502.00
23.00
240.00
43.00
457.00
9.00
0.00
78.00
59.00
31.00
3.00
3.00
1.00
388.00
82.00
92.00
202.00
146.00
112.00
161.00
18.00
43.00
0.00
0.00
0.00
0.00
0.00
0.00
0.00
0.00
0.00
0.00
0.00
22.00
0.00
0.00
311.00
0.00
0.00
0.00
7.00
0.00
0.00
17.00
280.00
436.00
55.00
0.00
0.00
0.00
0.00
0.00
0.00
0.00
0.00
0.00
0.00
0.00
0.00
0.00
1.00
0.00
0.00
0.00
0.00
0.00
0.00
0.00
0.00
0.00
0.00
4.00
0.00
0.00
0.00
0.00
0.00
0.00
0.00
0.00
0.00
0.00
0.00
0.00
0.00
0.00
0.00
0.00
0.00
0.00
0.00
0.00
0.00
0.00
0.00
0.00
0.00
0.00
0.00
0.00
0.00
22.00
0.00
0.00
13.00
6.00
0.00
0.00
0.00
0.00
0.00
1.00
0.00
0.00
0.00
0.00
0.00
0.00
0.00
0.00
0.00
0.00
0.00
0.00
0.00
0.00
0.00
1.00
2.00
0.00
0.00
0.00
0.00
0.00
0.00
0.00
0.00
0.00
0.00
0.00
0.00
0.00
0.00
0.00
0.00
0.00
0.00
0.00
0.00
0.00
0.00
0.00
5.00
0.00
0.00
0.00
0.00
0.00
0.00
0.00
0.00
0.00
0.00
0.00
23.00
38.00
0.00
0.00
84.00
0.00
256.00
22.00
0.00
0.00
0.00
0.00
0.00
41.00
73.00
27.00
105.00
0.00
0.00
0.00
2.00
216.00
13.00
27.00
34.00
436.00
481.00
762.00
82.00
596.00
561.00
229.00
585.00
0.00
0.00
27.00
55.00
0.00
0.00
0.00
0.00
0.00
279.00
6.00
0.00
1.00
694.00
735.00
608.00
179.00
2.00
132.00
224.00
31.00
0.00
130.00
51.00
108.00
233.00
1.00
18.00
113.00
498.00
269.00
0.00
90.00
20.00
8.00
123.00
7.00
125.00
225.00
310.00
0.00
41.00
428.00
371.00
727.00
15.00
61.00
9.00
160.00
91.00
38.00
9.00
11.00
243.00
562.00
262.00
820.00
277.00
668.00
363.00
39.00
9.00
81.00
68.00
30.00
159.00
275.00
704.00
48.00
273.00
78.00
146.00
875.00
715.00
1222.00
53.00
187.00
333.00
673.00
376.00
338.00
104.00
250.00
572.00
62.00
463.00
140.00
106.00
55.00
154.00
27.00
142.00
64.00
46.00
220.00
161.00
30.00
408.00
310.00
161.00
315.00
22.00
51.00
28.00
108.00
60.00
413.00
440.00
128.00
36.00
138.00
103.00
61.00
19.00
112.00
86.00
326.00
304.00
51.00
485.00
201.00
367.00
137.00
21.00
25.00
36.00
578.00
762.00
887.00
85.00
206.00
332.00
18.00
368.00
98.00
151.00
72.00
475.00
243.00
872.00
296.00
304.00
157.00
509.00
168.00
119.00
503.00
106.00
229.00
115.00
826.00
84.00
77.00
250.00
168.00
387.00
672.00
258.00
39.00
5.00
352.00
376.00
27.00
32.00
226.00
59.00
235.00
109.00
31.00
5.00
29.00
130.00
3.00
82.00
214.00
324.00
202.00
318.00
373.00
61.00
8.00
29.00
26.00
126.00
552.00
7.00
7.00
9.00
0.00
203.00
138.00
120.00
70.00
0.00
47.00
359.00
585.00
587.00
957.00
0.00
0.00
0.00
0.00
0.00
0.00
6.00
25.00
308.00
2.00
0.00
0.00
0.00
4.00
18.00
12.00
0.00
0.00
0.00
5.00
2.00
31.00
0.00
9.00
377.00
124.00
7.00
2.00
4.00
1.00
0.00
0.00
0.00
0.00
0.00
0.00
0.00
0.00
0.00
0.00
0.00
0.00
0.00
0.00
0.00
0.00
0.00
94.00
595.00
363.00
0.00
0.00
0.00
0.00
0.00
0.00
0.00
1.00
64.00
5.00
6.00
2.00
4.00
0.00
0.00
0.00
0.00
0.00
0.00
0.00
38.00
263.00
46.00
0.00
0.00
0.00
0.00
0.00
0.00
0.00
0.00
0.00
0.00
0.00
0.00
0.00
0.00
0.00
0.00
0.00
0.00
0.00
0.00
0.00
0.00
0.00
0.00
0.00
0.00
0.00
0.00
0.00
0.00
0.00
0.00
0.00
0.00
0.00
171.00
66.00
121.00
136.00
83.00
0.00
26.00
14.00
0.00
0.00
0.00
0.00
0.00
0.00
0.00
0.00
9.00
0.00
302.00
363.00
0.00
0.00
0.00
0.00
0.00
0.00
0.00
0.00
0.00
0.00
0.00
0.00
0.00
0.00
4.00
0.00
5.00
57.00
99.00
0.00
0.00
0.00
0.00
0.00
1.00
0.00
238.00
82.00
0.00
94.00
346.00
201.00
149.00
0.00
28.00
0.00
0.00
145.00
7.00
57.00
1.00
277.00
2.00
112.00
66.00
0.00
55.00
1.00
0.00
78.00
19.00
39.00
43.00
156.00
41.00
0.00
97.00
97.00
27.00
8.00
261.00
63.00
195.00
0.00
125.00
1.00
279.00
303.00
1029.00
741.00
405.00
251.00
272.00
230.00
3.00
1.00
12.00
175.00
1.00
1.00
1.00
0.00
0.00
1.00
59.00
30.00
204.00
197.00
101.00
6.00
106.00
18.00
199.00
292.00
57.00
0.00
53.00
188.00
54.00
122.00
2.00
15.00
51.00
91.00
120.00
514.00
164.00
959.00
292.00
35.00
135.00
52.00
43.00
168.00
208.00
12.00
125.00
240.00
49.00
48.00
110.00
29.00
91.00
62.00
55.00
136.00
40.00
12.00
3.00
12.00
129.00
81.00
21.00
96.00
57.00
39.00
186.00
538.00
143.00
34.00
98.00
14.00
1.00
69.00
173.00
57.00
266.00
274.00
294.00
59.00
44.00
159.00
186.00
268.00
374.00
116.00
40.00
11.00
30.00
561.00
55.00
122.00
128.00
262.00
133.00
249.00
86.00
261.00
441.00
288.00
169.00
31.00
5.00
16.00
50.00
26.00
22.00
277.00
121.00
92.00
252.00
75.00
90.00
41.00
13.00
198.00
204.00
25.00
96.00
264.00
4.00
4.00
8.00
13.00
11.00
12.00
134.00
84.00
14.00
46.00
0.00
0.00
0.00
25.00
109.00
17.00
26.00
1.00
20.00
277.00
164.00
32.00
92.00
0.00
0.00
46.00
0.00
0.00
0.00
0.00
12.00
29.00
0.00
0.00
0.00
32.00
35.00
411.00
23.00
0.00
3.00
6.00
0.00
3.00
0.00
0.00
0.00
0.00
0.00
0.00
0.00
0.00
45.00
282.00
82.00
25.00
0.00
0.00
0.00
0.00
55.00
2.00
0.00
0.00
0.00
0.00
0.00
0.00
0.00
0.00
0.00
0.00
0.00
0.00
0.00
0.00
0.00
0.00
0.00
0.00
0.00
0.00
0.00
0.00
0.00
0.00
0.00
0.00
0.00
0.00
0.00
56.00
0.00
0.00
0.00
0.00
0.00
0.00
0.00
0.00
0.00
0.00
9.00
61.00
63.00
0.00
0.00
0.00
0.00
0.00
0.00
0.00
0.00
0.00
0.00
0.00
0.00
0.00
0.00
0.00
0.00
0.00
0.00
0.00
0.00
0.00
0.00
0.00
0.00
0.00
0.00
0.00
0.00
0.00
0.00
0.00
0.00
0.00
0.00
0.00
0.00
0.00
0.00
0.00
0.00
0.00
0.00
0.00
0.00
0.00
0.00
0.00
0.00
0.00
0.00
0.00
0.00
3.00
0.00
0.00
0.00
0.00
0.00
0.00
0.00
17.00
0.00
0.00
0.00
0.00
0.00
0.00
0.00
39.20
4.60
27.80
26.40
0.00
0.00
0.00
12.80
6.10
0.00
0.00
0.00
0.00
0.00
0.00
0.00
0.00
0.00
0.30
0.00
3.10
0.10
1.50
0.00
0.10
36.60
0.00
0.00
0.00
1.20
11.80
0.00
0.00
0.00
233.50
16.10
44.50
0.00
46.40
12.70
56.70
0.20
4.50
23.50
0.00
0.00
3.00
0.50
0.00
4.80
5.30
0.00
0.00
0.00
1.10
2.20
1.20
0.00
0.00
0.00
0.00
7.30
38.20
11.20
6.20
6.20
6.30
153.90
71.60
7.60
0.00
1.10
26.40
13.10
0.00
12.70
4.10
20.00
1.80
14.90
0.70
31.90
31.70
0.20
0.20
16.70
44.10
44.10
45.60
1.10
7.40
0.10
1.40
0.10
3.60
17.00
23.40
18.00
16.00
20.60
12.10
1.80
11.30
2.20
24.10
0.70
0.00
0.00
38.50
50.80
43.50
13.20
17.20
1.30
17.40
43.60
24.40
15.30
0.60
0.10
83.20
51.10
75.20
71.40
10.60
11.40
14.50
11.50
4.20
18.10
24.50
25.00
14.90
26.50
35.10
35.10
88.30
88.30
91.00
5.30
5.30
2.00
6.00
5.30
5.30
5.30
13.30
56.20
21.80
13.90
22.50
21.30
6.20
4.10
5.00
15.00
5.50
19.70
52.40
17.60
3.10
5.80
3.30
36.00
10.80
2.20
6.20
0.60
12.70
34.10
8.80
14.80
28.20
1.50
5.00
1.10
1.10
22.30
138.00
26.10
15.10
1.70
6.30
13.90
5.90
4.00
2.50
16.60
3.60
2.70
53.90
28.50
11.60
13.30
10.10
2.80
3.90
9.00
9.70
6.10
20.80
4.00
2.30
8.70
4.40
1.10
1.00
1.30
11.10
37.30
20.70
34.50
37.40
0.30
3.00
3.60
3.10
22.90
22.90
11.30
13.00
0.50
1.50
27.70
9.30
4.20
15.20
2.60
0.00
0.00
0.00
0.00
0.00
0.10
0.00
0.00
0.10
0.10
0.30
7.40
0.90
0.10
0.00
1.00
