20160101
0.00
0.00
0.00
0.00
0.00
0.00
0.00
0.00
0.00
0.00
0.00
0.00
7.00
0.00
0.00
0.00
0.00
0.00
87.00
64.00
0.00
0.00
0.00
0.00
0.00
0.00
0.00
0.00
0.00
0.00
0.00
0.00
0.00
0.00
0.00
0.00
0.00
0.00
8.00
0.00
0.00
0.00
0.00
0.00
0.00
0.00
3.00
1.00
0.00
1.00
9.00
0.00
0.00
0.00
0.00
0.00
8.00
2.00
0.00
0.00
0.00
0.00
0.00
0.00
0.00
121.00
0.00
0.00
0.00
0.00
0.00
0.00
9.00
15.00
0.00
0.00
0.00
0.00
0.00
0.00
0.00
0.00
0.00
0.00
0.00
0.00
8.00
2.00
16.00
68.00
350.00
4.00
1.00
2.00
0.00
4.00
0.00
0.00
0.00
0.00
0.00
0.00
0.00
0.00
6.00
0.00
120.00
0.00
0.00
0.00
0.00
0.00
0.00
0.00
0.00
0.00
1.00
126.00
0.00
0.00
0.00
0.00
10.00
29.00
1.00
20.00
0.00
252.00
8.00
26.00
104.00
6.00
376.00
97.00
327.00
62.00
65.00
48.00
134.00
286.00
72.00
12.00
0.00
0.00
74.00
97.00
0.00
15.00
1.00
3.00
14.00
486.00
0.00
0.00
0.00
0.00
52.00
70.00
173.00
0.00
1.00
30.00
159.00
17.00
0.00
657.00
73.00
510.00
79.00
24.00
252.00
146.00
11.00
114.00
146.00
45.00
23.00
116.00
39.00
9.00
17.00
25.00
21.00
172.00
116.00
148.00
194.00
7.00
90.00
277.00
147.00
11.00
39.00
20.00
324.00
161.00
92.00
117.00
459.00
157.00
156.00
155.00
51.00
57.00
215.00
59.00
411.00
11.00
2.00
40.00
50.00
69.00
16.00
337.00
83.00
62.00
285.00
157.00
10.00
53.00
5.00
1.00
105.00
1.00
1.00
158.00
153.00
249.00
227.00
112.00
23.00
0.00
50.00
14.00
0.00
2.00
0.00
263.00
10.00
9.00
89.00
18.00
129.00
55.00
43.00
969.00
114.00
81.00
4.00
11.00
22.00
104.00
0.00
55.00
14.00
115.00
228.00
0.00
15.00
18.00
128.00
81.00
94.00
401.00
57.00
0.00
293.00
17.00
764.00
204.00
0.00
4.00
101.00
0.00
3.00
42.00
0.00
0.00
4.00
0.00
0.00
16.00
58.00
388.00
60.00
3.00
0.00
0.00
0.00
0.00
0.00
0.00
0.00
0.00
0.00
0.00
0.00
0.00
0.00
0.00
135.00
0.00
0.00
0.00
0.00
0.00
7.00
0.00
47.00
223.00
0.00
0.00
0.00
0.00
0.00
0.00
0.00
0.00
0.00
0.00
0.00
0.00
0.00
0.00
0.00
0.00
0.00
0.00
0.00
0.00
0.00
0.00
0.00
0.00
0.00
57.00
0.00
0.00
0.00
0.00
0.00
0.00
0.00
0.00
0.00
0.00
0.00
0.00
0.00
0.00
0.00
0.00
0.00
0.00
0.00
0.00
0.00
0.00
0.00
0.00
39.00
0.00
0.00
0.00
0.00
0.00
0.00
0.00
0.00
0.00
0.00
0.00
0.00
0.00
0.00
75.00
0.00
0.00
0.00
0.00
0.00
0.00
0.00
0.00
0.00
0.00
0.00
0.00
0.00
0.00
0.00
2.00
23.00
3.00
0.00
0.00
0.00
0.00
0.00
0.00
0.00
0.00
0.00
0.00
0.00
0.00
0.00
0.00
0.00
0.00
0.00
0.00
0.00
0.00
0.00
0.00
0.00
0.00
7.00
0.00
0.00
0.00
0.00
0.00
0.00
0.00
0.00
1.00
181.00
1.00
0.00
0.00
7.00
0.00
73.00
0.00
0.00
0.00
0.00
0.00
0.00
58.00
22.00
33.00
132.00
0.00
0.00
0.00
3.00
128.00
0.00
2.00
376.00
538.00
0.00
0.00
9.00
13.00
4.00
9.00
1.00
2.00
13.00
56.00
0.00
0.00
0.00
0.00
0.00
0.00
312.00
186.00
0.00
0.00
471.00
53.00
97.00
761.00
0.00
128.00
173.00
0.00
0.00
0.00
0.00
233.00
64.00
0.00
26.00
81.00
67.00
174.00
0.00
7.00
270.00
1.00
100.00
0.00
58.00
863.00
632.00
0.00
59.00
28.00
32.00
70.00
2.00
4.00
0.00
17.00
3.00
228.00
16.00
9.00
97.00
69.00
38.00
273.00
660.00
138.00
4.00
25.00
0.00
0.00
64.00
19.00
156.00
46.00
843.00
52.00
72.00
5.00
236.00
171.00
766.00
536.00
10.00
83.00
79.00
10.00
92.00
2.00
8.00
37.00
31.00
75.00
112.00
107.00
42.00
458.00
195.00
85.00
19.00
72.00
144.00
134.00
140.00
159.00
138.00
13.00
227.00
17.00
17.00
18.00
199.00
50.00
2.00
101.00
339.00
70.00
201.00
61.00
26.00
29.00
116.00
248.00
30.00
1.00
450.00
193.00
169.00
159.00
285.00
130.00
20.00
47.00
73.00
201.00
1030.00
459.00
145.00
152.00
52.00
15.00
167.00
53.00
56.00
53.00
278.00
349.00
203.00
39.00
34.00
949.00
120.00
65.00
62.00
48.00
150.00
110.00
518.00
15.00
2.00
35.00
32.00
17.00
69.00
318.00
220.00
3.00
47.00
23.00
89.00
1.00
1.00
317.00
210.00
68.00
54.00
144.00
6.00
17.00
41.00
3.00
3.00
164.00
84.00
337.00
290.00
209.00
45.00
10.00
0.00
0.00
57.00
3.00
0.00
0.00
0.00
0.00
65.00
27.00
50.00
22.00
0.00
0.00
1.00
4.00
813.00
435.00
0.00
0.00
0.00
0.00
0.00
0.00
0.00
0.00
1.00
0.00
0.00
0.00
0.00
0.00
0.00
0.00
0.00
0.00
0.00
0.00
0.00
0.00
0.00
7.00
211.00
127.00
1.00
0.00
0.00
0.00
0.00
0.00
0.00
0.00
0.00
0.00
0.00
0.00
0.00
0.00
0.00
0.00
0.00
0.00
0.00
0.00
0.00
1.00
235.00
0.00
0.00
0.00
0.00
0.00
0.00
0.00
0.00
0.00
7.00
0.00
0.00
0.00
0.00
0.00
0.00
0.00
0.00
0.00
0.00
0.00
0.00
2.00
0.00
0.00
0.00
0.00
0.00
0.00
0.00
0.00
0.00
0.00
0.00
0.00
0.00
0.00
0.00
0.00
0.00
0.00
0.00
0.00
0.00
0.00
0.00
0.00
0.00
0.00
0.00
0.00
0.00
0.00
0.00
0.00
0.00
0.00
0.00
0.00
1101.00
328.00
77.00
36.00
5.00
273.00
941.00
505.00
0.00
0.00
0.00
0.00
0.00
7.00
0.00
0.00
0.00
0.00
282.00
93.00
0.00
0.00
0.00
0.00
0.00
0.00
16.00
0.00
0.00
0.00
0.00
0.00
0.00
0.00
0.00
0.00
0.00
60.00
0.00
0.00
0.00
0.00
0.00
0.00
0.00
0.00
182.00
0.00
0.00
65.00
40.00
492.00
251.00
0.00
3.00
0.00
0.00
69.00
7.00
32.00
23.00
12.00
0.00
17.00
10.00
0.00
335.00
0.00
44.00
59.00
12.00
9.00
69.00
17.00
0.00
0.00
1.00
49.00
16.00
0.00
230.00
203.00
395.00
32.00
169.00
0.00
371.00
278.00
794.00
13.00
11.00
198.00
19.00
0.00
0.00
1.00
0.00
192.00
39.00
0.00
0.00
0.00
0.00
31.00
150.00
111.00
54.00
302.00
10.00
0.00
120.00
0.00
219.00
47.00
22.00
0.00
4.00
0.00
1.00
22.00
44.00
13.00
86.00
5.00
14.00
74.00
6.00
253.00
0.00
27.00
16.00
180.00
91.00
0.00
1.00
0.00
99.00
310.00
41.00
19.00
21.00
10.00
0.00
158.00
204.00
373.00
152.00
52.00
4.00
15.00
5.00
6.00
2.00
49.00
4.00
111.00
105.00
84.00
12.00
10.00
16.00
2.00
1.00
335.00
7.00
9.00
128.00
231.00
62.00
2.00
228.00
125.00
163.00
243.00
376.00
651.00
71.00
29.00
9.00
25.00
368.00
81.00
53.00
31.00
28.00
37.00
48.00
79.00
205.00
479.00
44.00
1.00
1.00
102.00
71.00
1.00
46.00
750.00
221.00
150.00
65.00
10.00
5.00
12.00
20.00
132.00
13.00
135.00
384.00
166.00
30.00
0.00
0.00
7.00
1.00
17.00
326.00
959.00
53.00
19.00
2.00
0.00
0.00
0.00
621.00
396.00
21.00
0.00
5.00
25.00
14.00
169.00
0.00
183.00
0.00
0.00
0.00
0.00
0.00
0.00
0.00
0.00
0.00
0.00
1.00
2.00
464.00
118.00
25.00
0.00
0.00
4.00
0.00
0.00
0.00
0.00
0.00
0.00
0.00
0.00
0.00
0.00
4.00
8.00
0.00
0.00
0.00
0.00
0.00
0.00
0.00
0.00
0.00
0.00
0.00
0.00
0.00
0.00
0.00
0.00
0.00
0.00
0.00
0.00
0.00
0.00
0.00
0.00
0.00
0.00
0.00
0.00
0.00
0.00
0.00
0.00
0.00
0.00
0.00
0.00
0.00
19.00
0.00
0.00
0.00
0.00
0.00
0.00
0.00
0.00
0.00
0.00
5.00
65.00
128.00
0.00
0.00
0.00
0.00
0.00
0.00
0.00
0.00
0.00
0.00
0.00
0.00
0.00
0.00
0.00
0.00
0.00
0.00
0.00
0.00
0.00
0.00
0.00
0.00
0.00
0.00
0.00
0.00
0.00
0.00
0.00
0.00
0.00
0.00
0.00
0.00
0.00
0.00
3.00
3.00
0.00
0.00
0.00
0.00
0.00
0.00
0.00
0.00
0.00
0.00
1.00
8.00
0.00
0.00
0.00
4.00
0.00
0.00
5.00
4.00
0.00
0.00
0.00
0.00
0.00
0.00
0.00
0.00
18.00
0.10
34.30
1.60
0.00
0.00
0.00
9.90
0.00
0.00
0.00
0.00
0.00
0.00
0.00
0.00
0.00
0.10
1.80
0.00
1.00
4.40
0.00
0.00
0.00
1.70
0.00
0.00
0.00
7.10
0.20
0.00
33.60
0.40
52.20
3.00
28.60
0.00
11.10
21.40
44.30
0.00
3.50
28.50
0.00
6.50
0.00
9.70
0.00
12.70
1.70
0.00
0.00
0.00
0.00
6.10
0.00
0.00
0.00
0.00
7.90
2.80
0.00
0.30
6.00
6.00
0.00
55.80
32.10
0.00
0.00
0.00
0.00
3.00
55.20
0.30
0.00
8.30
0.00
25.20
0.00
53.30
33.50
0.90
0.90
0.00
20.00
20.00
29.40
3.10
0.00
28.60
6.90
0.10
12.10
19.40
20.10
38.80
5.10
0.00
0.00
0.00
0.20
0.00
0.00
0.00
2.00
1.40
10.00
11.60
25.20
9.00
22.60
0.00
6.20
1.90
6.50
0.40
0.00
0.90
21.50
66.30
15.20
1.90
0.00
6.50
2.10
0.00
1.90
4.60
4.30
4.50
8.60
58.50
219.10
219.10
74.80
74.80
24.10
0.90
0.90
3.00
0.60
0.90
0.90
0.90
4.70
13.60
47.40
4.30
7.00
56.40
9.80
1.70
11.20
3.10
13.40
2.60
4.10
1.50
14.30
6.70
9.30
2.70
7.30
4.40
2.10
1.30
43.40
19.10
11.70
16.10
89.60
0.80
0.50
0.00
0.60
1.20
24.60
9.50
1.60
0.90
0.50
1.90
3.90
28.70
4.70
17.00
6.20
5.50
5.80
6.40
0.50
1.10
2.40
0.40
30.40
26.10
1.30
4.90
51.50
30.80
8.70
50.10
31.00
0.00
0.00
0.00
0.00
0.80
8.00
33.20
41.20
0.10
1.00
16.40
13.90
54.20
54.20
0.00
0.00
0.00
16.20
7.50
25.00
35.70
21.70
0.00
0.00
0.00
0.00
0.00
0.00
0.70
0.00
0.00
0.00
0.00
4.40
1.10
0.30
0.20
15.80
125.60
