20160101
0.00
0.00
0.00
0.00
0.00
0.00
0.00
0.00
8.00
0.00
0.00
0.00
1.00
0.00
0.00
0.00
0.00
2.00
1.00
29.00
0.00
0.00
0.00
0.00
0.00
0.00
0.00
0.00
0.00
0.00
0.00
0.00
0.00
0.00
0.00
0.00
0.00
0.00
0.00
0.00
0.00
0.00
0.00
0.00
0.00
0.00
0.00
0.00
0.00
0.00
2.00
11.00
13.00
224.00
249.00
0.00
21.00
0.00
0.00
0.00
0.00
1.00
0.00
184.00
0.00
17.00
0.00
1.00
0.00
0.00
25.00
0.00
0.00
0.00
4.00
1.00
0.00
0.00
12.00
1.00
89.00
0.00
0.00
0.00
0.00
0.00
0.00
525.00
42.00
27.00
511.00
14.00
0.00
719.00
379.00
926.00
235.00
0.00
60.00
0.00
27.00
0.00
0.00
118.00
49.00
174.00
318.00
1152.00
10.00
460.00
196.00
765.00
409.00
26.00
14.00
129.00
341.00
110.00
0.00
0.00
343.00
132.00
127.00
138.00
185.00
91.00
78.00
17.00
2.00
0.00
25.00
26.00
264.00
55.00
442.00
113.00
40.00
989.00
134.00
51.00
106.00
802.00
1.00
0.00
0.00
191.00
49.00
7.00
74.00
83.00
128.00
109.00
0.00
0.00
27.00
34.00
3.00
13.00
236.00
25.00
25.00
124.00
31.00
39.00
216.00
23.00
38.00
399.00
789.00
68.00
1.00
6.00
55.00
112.00
210.00
39.00
31.00
70.00
155.00
18.00
164.00
54.00
133.00
383.00
80.00
87.00
6.00
29.00
24.00
194.00
210.00
45.00
70.00
19.00
2.00
44.00
381.00
34.00
1.00
33.00
130.00
14.00
5.00
80.00
82.00
109.00
129.00
49.00
6.00
83.00
224.00
146.00
3.00
21.00
10.00
72.00
259.00
230.00
58.00
130.00
195.00
157.00
56.00
13.00
36.00
23.00
264.00
836.00
9.00
167.00
189.00
0.00
352.00
33.00
1.00
4.00
0.00
304.00
50.00
165.00
108.00
259.00
455.00
264.00
50.00
7.00
286.00
94.00
236.00
123.00
54.00
20.00
74.00
16.00
46.00
481.00
1414.00
280.00
0.00
62.00
13.00
145.00
73.00
84.00
469.00
55.00
129.00
53.00
180.00
10.00
0.00
221.00
1.00
5.00
0.00
0.00
0.00
3.00
7.00
6.00
60.00
21.00
34.00
51.00
55.00
58.00
7.00
0.00
0.00
0.00
0.00
0.00
0.00
0.00
0.00
0.00
0.00
0.00
0.00
0.00
45.00
52.00
13.00
0.00
0.00
0.00
0.00
16.00
174.00
396.00
384.00
0.00
0.00
0.00
0.00
0.00
0.00
0.00
0.00
0.00
0.00
0.00
0.00
0.00
0.00
0.00
0.00
0.00
0.00
0.00
0.00
0.00
0.00
0.00
0.00
1.00
0.00
0.00
0.00
0.00
0.00
0.00
0.00
0.00
0.00
0.00
0.00
0.00
0.00
0.00
0.00
0.00
0.00
0.00
0.00
0.00
0.00
0.00
0.00
0.00
0.00
0.00
0.00
0.00
0.00
0.00
0.00
0.00
0.00
0.00
0.00
0.00
0.00
0.00
0.00
0.00
0.00
0.00
0.00
0.00
0.00
0.00
0.00
0.00
0.00
0.00
0.00
0.00
0.00
0.00
0.00
0.00
3.00
0.00
0.00
0.00
0.00
0.00
0.00
0.00
0.00
0.00
0.00
0.00
0.00
0.00
0.00
0.00
0.00
0.00
0.00
0.00
0.00
0.00
0.00
0.00
0.00
0.00
0.00
0.00
0.00
0.00
0.00
0.00
0.00
0.00
0.00
0.00
1.00
54.00
1.00
0.00
66.00
0.00
445.00
41.00
0.00
0.00
0.00
0.00
0.00
23.00
43.00
1.00
67.00
0.00
0.00
0.00
0.00
134.00
17.00
0.00
82.00
525.00
761.00
914.00
65.00
181.00
211.00
670.00
453.00
0.00
0.00
0.00
18.00
0.00
0.00
0.00
0.00
0.00
152.00
7.00
0.00
6.00
403.00
766.00
252.00
448.00
11.00
249.00
105.00
2.00
1.00
157.00
35.00
96.00
195.00
0.00
0.00
72.00
174.00
125.00
0.00
0.00
62.00
0.00
18.00
0.00
72.00
296.00
358.00
0.00
54.00
42.00
141.00
113.00
54.00
12.00
0.00
42.00
18.00
58.00
1.00
9.00
149.00
425.00
519.00
902.00
69.00
621.00
368.00
67.00
0.00
1.00
57.00
26.00
397.00
234.00
375.00
19.00
298.00
2.00
63.00
301.00
503.00
574.00
82.00
4.00
31.00
374.00
424.00
619.00
328.00
164.00
470.00
53.00
88.00
276.00
15.00
58.00
50.00
205.00
34.00
177.00
16.00
124.00
26.00
56.00
454.00
317.00
24.00
531.00
131.00
23.00
87.00
77.00
137.00
112.00
265.00
109.00
281.00
49.00
57.00
41.00
9.00
28.00
11.00
74.00
261.00
72.00
234.00
163.00
115.00
71.00
10.00
8.00
1.00
91.00
582.00
222.00
21.00
28.00
38.00
11.00
176.00
21.00
404.00
135.00
138.00
37.00
473.00
189.00
152.00
170.00
90.00
242.00
112.00
215.00
97.00
33.00
5.00
35.00
112.00
19.00
127.00
242.00
69.00
73.00
178.00
191.00
2.00
58.00
64.00
1.00
0.00
228.00
137.00
338.00
49.00
43.00
0.00
0.00
1.00
0.00
24.00
154.00
297.00
52.00
59.00
92.00
9.00
0.00
4.00
114.00
135.00
9.00
8.00
2.00
0.00
0.00
148.00
29.00
0.00
98.00
0.00
106.00
211.00
408.00
634.00
1647.00
0.00
0.00
0.00
0.00
0.00
0.00
0.00
213.00
398.00
0.00
0.00
0.00
0.00
0.00
2.00
0.00
0.00
0.00
0.00
0.00
1.00
21.00
6.00
0.00
166.00
48.00
5.00
0.00
0.00
0.00
0.00
0.00
0.00
0.00
0.00
0.00
0.00
0.00
0.00
0.00
0.00
0.00
0.00
0.00
0.00
0.00
12.00
376.00
164.00
348.00
0.00
0.00
0.00
0.00
0.00
0.00
0.00
0.00
46.00
0.00
0.00
1.00
0.00
0.00
0.00
0.00
0.00
0.00
0.00
0.00
45.00
176.00
61.00
0.00
0.00
0.00
0.00
0.00
0.00
0.00
0.00
0.00
0.00
0.00
0.00
0.00
0.00
0.00
0.00
0.00
0.00
0.00
0.00
0.00
0.00
0.00
0.00
0.00
0.00
0.00
0.00
0.00
0.00
0.00
0.00
0.00
0.00
0.00
80.00
40.00
76.00
12.00
3.00
0.00
11.00
3.00
0.00
0.00
0.00
0.00
0.00
0.00
0.00
0.00
36.00
0.00
196.00
447.00
0.00
0.00
0.00
0.00
0.00
0.00
0.00
0.00
0.00
0.00
0.00
0.00
0.00
0.00
21.00
0.00
26.00
78.00
14.00
0.00
0.00
0.00
0.00
0.00
1.00
0.00
42.00
153.00
2.00
197.00
542.00
376.00
16.00
0.00
32.00
0.00
0.00
88.00
65.00
16.00
39.00
79.00
0.00
58.00
121.00
0.00
197.00
0.00
0.00
72.00
34.00
1.00
70.00
371.00
110.00
0.00
3.00
57.00
6.00
0.00
262.00
40.00
393.00
1.00
352.00
166.00
238.00
374.00
1065.00
858.00
541.00
482.00
253.00
113.00
0.00
21.00
185.00
264.00
64.00
12.00
156.00
0.00
19.00
30.00
13.00
16.00
62.00
66.00
14.00
38.00
50.00
13.00
94.00
230.00
75.00
14.00
118.00
90.00
189.00
221.00
1.00
67.00
113.00
139.00
605.00
188.00
23.00
918.00
503.00
16.00
27.00
9.00
8.00
0.00
35.00
110.00
21.00
62.00
14.00
82.00
99.00
21.00
40.00
17.00
0.00
7.00
22.00
0.00
0.00
16.00
154.00
30.00
49.00
91.00
16.00
122.00
11.00
25.00
129.00
47.00
347.00
26.00
17.00
26.00
148.00
40.00
105.00
254.00
97.00
48.00
19.00
130.00
190.00
167.00
369.00
46.00
5.00
6.00
93.00
434.00
9.00
136.00
140.00
111.00
83.00
183.00
236.00
754.00
260.00
127.00
320.00
32.00
0.00
0.00
97.00
94.00
1.00
194.00
37.00
108.00
177.00
167.00
5.00
8.00
98.00
19.00
113.00
0.00
18.00
278.00
12.00
3.00
2.00
1.00
324.00
34.00
9.00
4.00
53.00
6.00
3.00
44.00
18.00
194.00
130.00
30.00
110.00
0.00
21.00
5.00
6.00
64.00
233.00
0.00
0.00
0.00
1.00
0.00
0.00
0.00
0.00
0.00
0.00
0.00
10.00
148.00
291.00
195.00
5.00
7.00
0.00
0.00
0.00
0.00
0.00
0.00
0.00
0.00
0.00
0.00
0.00
0.00
1036.00
286.00
111.00
81.00
22.00
0.00
0.00
0.00
8.00
1.00
0.00
0.00
0.00
0.00
0.00
0.00
14.00
0.00
0.00
0.00
0.00
0.00
0.00
0.00
0.00
0.00
0.00
0.00
0.00
0.00
0.00
0.00
0.00
0.00
0.00
0.00
0.00
0.00
0.00
0.00
0.00
0.00
0.00
0.00
0.00
0.00
0.00
0.00
0.00
0.00
60.00
53.00
26.00
0.00
0.00
0.00
0.00
0.00
0.00
0.00
0.00
0.00
0.00
0.00
0.00
0.00
0.00
0.00
0.00
0.00
0.00
0.00
0.00
0.00
0.00
0.00
0.00
0.00
0.00
0.00
0.00
0.00
0.00
0.00
0.00
0.00
0.00
0.00
0.00
0.00
0.00
0.00
0.00
0.00
0.00
0.00
0.00
0.00
0.00
0.00
0.00
0.00
0.00
0.00
0.00
0.00
0.00
0.00
0.00
0.00
0.00
0.00
0.00
4.00
0.00
0.00
0.00
0.00
0.00
0.00
4.60
62.40
15.50
55.50
19.90
0.00
0.00
0.00
17.70
14.30
19.80
0.00
0.00
0.00
0.00
0.00
0.00
0.00
0.00
1.20
0.00
47.50
0.90
0.00
0.00
0.00
39.00
0.00
0.00
0.00
4.80
19.70
0.00
0.00
0.00
110.20
20.50
159.80
0.40
36.70
6.80
12.30
0.00
35.40
11.70
0.00
0.00
3.00
0.00
0.00
5.10
2.40
0.20
0.00
0.00
10.80
0.00
0.10
0.00
0.00
0.00
0.00
23.60
23.00
5.60
0.10
0.10
2.30
24.70
40.50
0.00
0.00
0.00
3.80
0.10
0.00
3.00
0.00
29.70
6.40
15.20
13.30
26.50
21.10
0.00
0.00
0.80
13.00
13.00
90.00
1.90
6.40
1.80
0.00
0.00
0.00
44.20
33.60
0.10
1.00
55.50
12.50
6.00
17.30
15.00
0.60
16.70
0.00
2.30
21.60
38.30
3.10
0.10
0.00
0.00
64.60
3.70
7.70
0.10
0.10
0.00
26.20
28.10
5.00
11.10
10.80
24.80
10.90
9.90
10.00
33.00
14.50
16.50
2.20
11.80
37.80
37.80
37.30
37.30
6.60
18.10
18.10
0.20
0.00
18.10
18.10
18.10
5.00
6.20
12.10
34.30
95.30
19.20
7.80
4.40
2.30
14.40
6.30
6.50
42.10
29.50
13.30
0.80
0.40
22.00
2.40
1.30
0.40
0.00
21.10
19.00
11.40
8.30
21.40
1.90
4.60
0.00
3.30
10.70
31.40
17.00
36.00
4.40
8.30
6.50
2.20
0.00
3.50
5.10
3.60
0.20
33.00
39.30
20.00
25.20
14.10
1.20
1.20
9.70
4.30
6.10
3.50
0.50
2.80
18.40
8.60
0.00
0.00
0.00
9.90
36.10
13.60
19.20
20.20
0.70
0.70
0.30
23.50
6.70
6.70
2.10
0.00
1.00
0.00
41.10
2.30
6.80
28.80
19.60
0.00
0.00
0.00
0.00
4.10
5.50
0.00
0.00
0.00
0.00
4.30
7.20
6.10
0.30
0.30
1.30
