20160101
0.00
0.00
0.00
0.00
0.00
0.00
0.00
0.00
0.00
0.00
0.00
0.00
6.00
0.00
0.00
0.00
0.00
0.00
16.00
5.00
0.00
0.00
0.00
0.00
0.00
0.00
0.00
0.00
0.00
0.00
0.00
0.00
0.00
0.00
0.00
0.00
0.00
2.00
9.00
0.00
0.00
0.00
0.00
0.00
0.00
0.00
0.00
1.00
0.00
0.00
2.00
0.00
0.00
0.00
118.00
0.00
26.00
0.00
0.00
0.00
22.00
0.00
0.00
0.00
0.00
268.00
0.00
0.00
0.00
1.00
0.00
0.00
1.00
13.00
0.00
0.00
0.00
105.00
12.00
0.00
0.00
0.00
0.00
0.00
0.00
0.00
0.00
8.00
805.00
101.00
435.00
0.00
6.00
69.00
0.00
100.00
0.00
0.00
0.00
0.00
0.00
0.00
0.00
0.00
0.00
0.00
95.00
0.00
0.00
0.00
0.00
0.00
0.00
0.00
0.00
0.00
0.00
0.00
0.00
0.00
0.00
77.00
1.00
1.00
2.00
0.00
0.00
177.00
9.00
1.00
27.00
0.00
502.00
77.00
32.00
8.00
2.00
16.00
10.00
8.00
45.00
37.00
0.00
0.00
279.00
28.00
0.00
83.00
43.00
1.00
35.00
169.00
0.00
0.00
0.00
1.00
2.00
51.00
584.00
0.00
6.00
0.00
784.00
267.00
18.00
24.00
27.00
70.00
3.00
2.00
7.00
3.00
37.00
28.00
15.00
43.00
0.00
422.00
36.00
3.00
2.00
17.00
23.00
111.00
177.00
43.00
285.00
108.00
71.00
158.00
56.00
7.00
8.00
11.00
7.00
14.00
106.00
257.00
46.00
97.00
200.00
31.00
12.00
25.00
60.00
87.00
81.00
59.00
5.00
27.00
75.00
99.00
88.00
225.00
72.00
43.00
45.00
77.00
18.00
44.00
28.00
61.00
139.00
40.00
12.00
8.00
102.00
65.00
245.00
344.00
13.00
3.00
65.00
532.00
12.00
4.00
7.00
548.00
18.00
10.00
17.00
12.00
16.00
26.00
44.00
702.00
31.00
9.00
10.00
7.00
53.00
14.00
1.00
27.00
31.00
113.00
190.00
28.00
80.00
26.00
124.00
124.00
113.00
387.00
149.00
34.00
41.00
80.00
480.00
166.00
39.00
13.00
3.00
7.00
0.00
21.00
5.00
6.00
7.00
26.00
2.00
54.00
27.00
8.00
28.00
35.00
0.00
0.00
0.00
0.00
0.00
0.00
0.00
0.00
0.00
0.00
0.00
31.00
0.00
0.00
59.00
7.00
0.00
0.00
0.00
1.00
0.00
103.00
624.00
491.00
0.00
0.00
0.00
0.00
0.00
0.00
0.00
0.00
0.00
0.00
0.00
0.00
0.00
0.00
0.00
0.00
0.00
0.00
0.00
0.00
0.00
0.00
0.00
0.00
0.00
0.00
0.00
0.00
0.00
0.00
0.00
0.00
0.00
0.00
0.00
0.00
0.00
0.00
0.00
0.00
0.00
0.00
0.00
0.00
0.00
0.00
0.00
0.00
0.00
0.00
1.00
0.00
0.00
0.00
0.00
3.00
0.00
0.00
0.00
0.00
0.00
0.00
0.00
0.00
0.00
0.00
0.00
0.00
0.00
0.00
0.00
0.00
0.00
0.00
0.00
0.00
0.00
0.00
0.00
0.00
0.00
2.00
17.00
0.00
0.00
0.00
0.00
0.00
0.00
0.00
0.00
0.00
0.00
0.00
0.00
0.00
0.00
0.00
0.00
0.00
0.00
0.00
0.00
0.00
0.00
0.00
0.00
0.00
0.00
0.00
0.00
0.00
0.00
0.00
0.00
0.00
0.00
16.00
5.00
54.00
0.00
0.00
17.00
0.00
302.00
15.00
0.00
0.00
0.00
0.00
0.00
1.00
103.00
11.00
213.00
0.00
0.00
0.00
0.00
16.00
0.00
1.00
2.00
108.00
10.00
0.00
223.00
8.00
184.00
0.00
18.00
0.00
41.00
2.00
0.00
0.00
0.00
0.00
0.00
0.00
4.00
0.00
0.00
39.00
495.00
2.00
442.00
797.00
393.00
142.00
126.00
0.00
3.00
0.00
274.00
260.00
290.00
0.00
0.00
0.00
147.00
22.00
0.00
0.00
82.00
0.00
18.00
0.00
65.00
191.00
581.00
0.00
424.00
1.00
0.00
0.00
0.00
0.00
0.00
0.00
0.00
82.00
0.00
27.00
143.00
39.00
84.00
194.00
68.00
6.00
0.00
268.00
0.00
1.00
69.00
11.00
0.00
181.00
540.00
5.00
25.00
119.00
112.00
59.00
268.00
386.00
0.00
17.00
126.00
0.00
1.00
1.00
1.00
1.00
1.00
5.00
24.00
40.00
302.00
146.00
313.00
100.00
19.00
9.00
7.00
45.00
112.00
205.00
149.00
21.00
17.00
23.00
36.00
241.00
81.00
259.00
153.00
275.00
10.00
44.00
838.00
117.00
230.00
78.00
2.00
56.00
80.00
6.00
121.00
148.00
133.00
116.00
21.00
49.00
21.00
2.00
28.00
342.00
974.00
295.00
189.00
76.00
88.00
35.00
100.00
24.00
46.00
29.00
93.00
476.00
44.00
33.00
10.00
538.00
141.00
72.00
30.00
37.00
155.00
61.00
163.00
54.00
24.00
175.00
6.00
71.00
25.00
45.00
542.00
227.00
12.00
46.00
22.00
12.00
9.00
61.00
309.00
78.00
86.00
48.00
13.00
1.00
0.00
4.00
4.00
72.00
133.00
180.00
132.00
53.00
7.00
0.00
1.00
1.00
211.00
119.00
26.00
89.00
20.00
0.00
0.00
0.00
66.00
0.00
0.00
0.00
20.00
25.00
996.00
420.00
0.00
0.00
3.00
0.00
0.00
0.00
0.00
0.00
0.00
0.00
0.00
0.00
0.00
0.00
0.00
0.00
0.00
0.00
0.00
0.00
0.00
16.00
3.00
1.00
321.00
64.00
6.00
0.00
0.00
0.00
0.00
0.00
0.00
0.00
0.00
0.00
0.00
0.00
0.00
0.00
0.00
0.00
0.00
0.00
0.00
0.00
0.00
0.00
31.00
0.00
0.00
0.00
0.00
0.00
0.00
0.00
0.00
0.00
27.00
0.00
0.00
0.00
0.00
0.00
0.00
0.00
0.00
0.00
0.00
0.00
0.00
21.00
0.00
0.00
0.00
0.00
0.00
0.00
0.00
0.00
0.00
0.00
0.00
0.00
0.00
0.00
0.00
0.00
0.00
0.00
0.00
0.00
0.00
0.00
0.00
0.00
0.00
0.00
0.00
0.00
0.00
0.00
0.00
0.00
0.00
0.00
0.00
0.00
917.00
286.00
234.00
5.00
109.00
0.00
338.00
328.00
0.00
0.00
0.00
0.00
0.00
0.00
0.00
0.00
0.00
0.00
790.00
200.00
0.00
0.00
0.00
0.00
0.00
0.00
191.00
0.00
0.00
0.00
0.00
0.00
0.00
0.00
0.00
0.00
123.00
179.00
0.00
0.00
0.00
0.00
0.00
0.00
0.00
30.00
51.00
0.00
0.00
145.00
7.00
397.00
326.00
2.00
3.00
0.00
0.00
91.00
347.00
224.00
11.00
15.00
0.00
229.00
83.00
0.00
12.00
0.00
32.00
54.00
73.00
62.00
12.00
38.00
4.00
0.00
0.00
236.00
55.00
0.00
42.00
62.00
262.00
0.00
253.00
0.00
35.00
951.00
46.00
12.00
36.00
0.00
191.00
253.00
0.00
6.00
0.00
14.00
30.00
0.00
3.00
0.00
222.00
9.00
27.00
65.00
12.00
49.00
0.00
0.00
23.00
0.00
84.00
27.00
420.00
0.00
504.00
0.00
0.00
1.00
0.00
68.00
442.00
73.00
26.00
50.00
0.00
88.00
127.00
726.00
51.00
1.00
31.00
0.00
0.00
0.00
45.00
64.00
51.00
267.00
5.00
1.00
1.00
2.00
188.00
239.00
175.00
112.00
0.00
0.00
5.00
1.00
16.00
5.00
34.00
29.00
11.00
114.00
66.00
1.00
12.00
1.00
0.00
80.00
42.00
88.00
170.00
175.00
245.00
2.00
252.00
57.00
31.00
133.00
51.00
155.00
11.00
22.00
44.00
30.00
662.00
10.00
3.00
18.00
21.00
25.00
139.00
86.00
90.00
36.00
17.00
28.00
18.00
132.00
61.00
28.00
15.00
152.00
74.00
22.00
43.00
12.00
3.00
4.00
0.00
16.00
1.00
187.00
59.00
117.00
14.00
4.00
0.00
7.00
11.00
7.00
90.00
251.00
441.00
17.00
21.00
16.00
8.00
17.00
122.00
102.00
26.00
18.00
5.00
1.00
55.00
21.00
1.00
0.00
0.00
0.00
0.00
0.00
0.00
0.00
0.00
0.00
0.00
0.00
8.00
10.00
229.00
118.00
6.00
0.00
0.00
0.00
0.00
0.00
0.00
0.00
0.00
0.00
0.00
0.00
0.00
0.00
1.00
16.00
5.00
0.00
0.00
0.00
0.00
0.00
0.00
4.00
0.00
0.00
0.00
0.00
0.00
0.00
0.00
0.00
0.00
0.00
0.00
0.00
0.00
0.00
0.00
0.00
0.00
0.00
0.00
0.00
0.00
0.00
0.00
0.00
0.00
0.00
0.00
0.00
0.00
1.00
0.00
0.00
0.00
0.00
0.00
0.00
0.00
0.00
0.00
0.00
12.00
96.00
14.00
0.00
0.00
0.00
0.00
0.00
0.00
0.00
0.00
0.00
0.00
0.00
0.00
0.00
0.00
0.00
0.00
0.00
0.00
0.00
0.00
0.00
0.00
0.00
0.00
0.00
0.00
0.00
0.00
0.00
0.00
0.00
0.00
0.00
0.00
0.00
0.00
0.00
0.00
2.00
2.00
0.00
0.00
0.00
0.00
0.00
0.00
0.00
0.00
0.00
0.00
0.00
0.00
0.00
0.00
0.00
0.00
0.00
0.00
0.00
3.00
1.00
0.00
0.00
0.00
0.00
0.00
0.00
1.70
18.60
1.50
25.30
0.30
0.00
0.00
0.00
0.70
0.10
0.00
0.00
0.00
0.00
0.00
0.00
0.00
0.00
1.00
3.10
0.00
11.90
1.00
0.20
0.00
0.00
0.00
0.00
0.00
0.00
24.00
5.50
0.00
4.20
4.20
56.50
0.10
7.30
0.00
0.60
0.00
85.90
0.20
3.40
20.70
0.00
64.30
3.10
27.40
0.00
0.00
9.90
0.00
0.00
0.00
0.00
9.40
0.00
0.00
0.00
0.00
0.10
0.00
0.00
0.00
0.00
0.00
0.00
80.10
5.20
0.00
0.00
0.00
0.00
0.00
0.00
0.00
0.00
24.90
2.40
22.30
0.10
8.60
0.00
0.40
0.40
0.00
29.10
29.10
23.20
1.60
0.00
2.60
0.10
0.00
2.10
4.10
0.50
48.50
0.00
0.30
33.10
0.00
0.00
0.00
0.10
0.00
0.00
0.00
1.00
3.40
10.80
0.00
56.80
0.40
0.80
1.60
10.40
3.40
0.00
0.00
2.10
14.40
33.90
3.60
0.00
7.70
0.50
0.90
0.00
0.00
2.60
3.30
16.20
8.60
14.70
14.70
45.80
45.80
60.80
1.60
1.60
4.50
1.70
1.60
1.60
1.60
1.40
4.30
14.00
39.40
21.30
7.60
5.80
1.70
4.00
1.40
3.80
3.60
8.30
4.10
3.30
13.90
4.20
3.80
31.10
10.10
5.00
5.90
20.00
12.30
18.70
20.00
38.70
2.10
1.20
1.80
1.80
2.30
47.10
13.80
11.30
3.00
0.70
1.90
3.40
3.00
2.20
6.20
67.00
20.80
9.00
4.20
4.00
2.10
0.70
3.00
10.00
1.30
2.30
2.20
48.80
4.50
3.00
1.40
3.30
2.10
3.20
2.70
5.20
12.50
2.30
17.20
122.40
9.30
7.30
15.90
14.80
18.80
18.80
3.10
4.10
3.10
2.30
3.40
4.10
17.30
51.60
2.10
0.00
1.10
0.40
0.00
0.70
0.40
0.20
0.70
3.10
0.90
0.20
3.40
1.20
0.10
0.00
3.40
