20160101
0.00
0.00
0.00
0.00
0.00
0.00
0.00
0.00
0.00
0.00
0.00
0.00
0.00
0.00
0.00
0.00
0.00
0.00
0.00
28.00
0.00
0.00
0.00
0.00
0.00
0.00
0.00
0.00
0.00
0.00
0.00
0.00
0.00
0.00
0.00
0.00
0.00
0.00
0.00
0.00
0.00
0.00
0.00
0.00
0.00
0.00
0.00
0.00
0.00
0.00
15.00
0.00
2.00
4.00
76.00
0.00
37.00
0.00
0.00
0.00
0.00
13.00
0.00
0.00
0.00
179.00
0.00
0.00
2.00
1.00
0.00
0.00
0.00
1.00
5.00
73.00
0.00
0.00
0.00
0.00
26.00
0.00
0.00
0.00
0.00
0.00
0.00
201.00
544.00
71.00
856.00
33.00
11.00
594.00
259.00
6.00
0.00
0.00
0.00
0.00
0.00
0.00
0.00
0.00
116.00
17.00
256.00
518.00
0.00
26.00
0.00
0.00
0.00
0.00
0.00
0.00
0.00
68.00
0.00
0.00
0.00
188.00
72.00
94.00
20.00
29.00
237.00
80.00
0.00
8.00
1.00
25.00
678.00
120.00
395.00
253.00
1.00
5.00
43.00
13.00
182.00
538.00
0.00
0.00
38.00
65.00
16.00
0.00
264.00
3.00
34.00
159.00
0.00
0.00
1.00
7.00
2.00
16.00
118.00
1.00
10.00
21.00
401.00
41.00
12.00
101.00
49.00
80.00
78.00
1.00
4.00
19.00
15.00
131.00
115.00
3.00
37.00
131.00
90.00
97.00
40.00
4.00
60.00
149.00
179.00
152.00
13.00
9.00
215.00
251.00
169.00
29.00
3.00
3.00
0.00
6.00
98.00
231.00
10.00
44.00
71.00
71.00
0.00
31.00
48.00
27.00
89.00
16.00
157.00
26.00
124.00
105.00
147.00
317.00
67.00
134.00
69.00
64.00
6.00
42.00
59.00
14.00
185.00
4.00
6.00
282.00
425.00
377.00
210.00
29.00
11.00
0.00
55.00
14.00
0.00
3.00
0.00
644.00
5.00
17.00
25.00
428.00
74.00
119.00
35.00
44.00
40.00
6.00
45.00
3.00
4.00
9.00
5.00
5.00
91.00
377.00
406.00
466.00
66.00
85.00
98.00
24.00
117.00
165.00
48.00
12.00
133.00
11.00
126.00
11.00
5.00
107.00
0.00
364.00
9.00
3.00
0.00
89.00
176.00
400.00
209.00
21.00
0.00
2.00
23.00
74.00
0.00
0.00
0.00
0.00
0.00
0.00
0.00
0.00
0.00
0.00
0.00
14.00
0.00
0.00
101.00
6.00
18.00
0.00
0.00
0.00
0.00
30.00
294.00
413.00
19.00
0.00
0.00
0.00
0.00
0.00
0.00
0.00
0.00
0.00
0.00
0.00
0.00
0.00
0.00
0.00
0.00
0.00
0.00
0.00
0.00
0.00
88.00
0.00
0.00
0.00
0.00
0.00
0.00
0.00
0.00
0.00
0.00
0.00
0.00
0.00
0.00
0.00
0.00
0.00
0.00
0.00
0.00
0.00
0.00
0.00
0.00
0.00
0.00
0.00
0.00
0.00
0.00
0.00
0.00
0.00
0.00
0.00
0.00
0.00
0.00
0.00
0.00
0.00
0.00
0.00
0.00
0.00
0.00
0.00
0.00
0.00
0.00
0.00
0.00
1.00
0.00
0.00
0.00
0.00
0.00
0.00
5.00
0.00
0.00
0.00
0.00
0.00
0.00
0.00
0.00
0.00
0.00
0.00
0.00
0.00
0.00
0.00
0.00
0.00
0.00
0.00
0.00
0.00
0.00
0.00
0.00
0.00
76.00
0.00
0.00
0.00
0.00
0.00
0.00
0.00
0.00
0.00
2.00
37.00
0.00
0.00
15.00
0.00
294.00
131.00
0.00
0.00
0.00
0.00
0.00
0.00
19.00
3.00
63.00
0.00
0.00
0.00
0.00
162.00
0.00
0.00
39.00
503.00
382.00
55.00
1.00
0.00
59.00
80.00
207.00
0.00
1.00
0.00
0.00
0.00
0.00
0.00
0.00
0.00
1.00
13.00
0.00
9.00
1198.00
306.00
14.00
826.00
3.00
456.00
270.00
0.00
0.00
0.00
172.00
1.00
484.00
0.00
0.00
16.00
11.00
277.00
0.00
0.00
190.00
0.00
10.00
4.00
40.00
107.00
478.00
1.00
65.00
0.00
166.00
14.00
0.00
167.00
0.00
0.00
0.00
66.00
0.00
2.00
165.00
211.00
860.00
981.00
152.00
149.00
161.00
97.00
3.00
2.00
55.00
123.00
165.00
166.00
379.00
46.00
228.00
268.00
400.00
383.00
1400.00
818.00
80.00
52.00
96.00
71.00
269.00
56.00
53.00
64.00
172.00
88.00
183.00
107.00
62.00
16.00
183.00
56.00
10.00
6.00
12.00
52.00
248.00
220.00
66.00
133.00
6.00
168.00
71.00
76.00
65.00
107.00
273.00
143.00
93.00
50.00
188.00
82.00
78.00
55.00
56.00
49.00
57.00
116.00
35.00
49.00
206.00
420.00
35.00
39.00
11.00
23.00
78.00
255.00
1432.00
404.00
168.00
76.00
103.00
16.00
527.00
340.00
320.00
44.00
115.00
407.00
179.00
147.00
283.00
65.00
301.00
41.00
44.00
151.00
289.00
137.00
490.00
381.00
33.00
119.00
103.00
180.00
51.00
44.00
1177.00
299.00
6.00
166.00
41.00
11.00
77.00
126.00
152.00
178.00
22.00
19.00
5.00
5.00
15.00
169.00
66.00
239.00
496.00
264.00
126.00
199.00
7.00
16.00
147.00
16.00
175.00
22.00
8.00
11.00
7.00
0.00
1.00
0.00
0.00
6.00
3.00
128.00
82.00
793.00
836.00
1120.00
100.00
0.00
0.00
0.00
0.00
0.00
0.00
36.00
189.00
0.00
0.00
0.00
0.00
0.00
0.00
0.00
0.00
0.00
0.00
0.00
0.00
88.00
0.00
0.00
350.00
27.00
0.00
0.00
0.00
0.00
0.00
0.00
0.00
0.00
0.00
0.00
0.00
0.00
0.00
0.00
0.00
0.00
0.00
0.00
0.00
0.00
0.00
397.00
118.00
295.00
0.00
0.00
0.00
0.00
0.00
0.00
0.00
0.00
4.00
0.00
0.00
0.00
0.00
0.00
0.00
0.00
0.00
0.00
0.00
0.00
7.00
188.00
0.00
0.00
0.00
0.00
0.00
0.00
0.00
0.00
0.00
0.00
0.00
0.00
0.00
0.00
0.00
0.00
0.00
0.00
0.00
0.00
0.00
0.00
0.00
0.00
0.00
0.00
0.00
0.00
0.00
0.00
0.00
0.00
0.00
4.00
0.00
0.00
613.00
300.00
351.00
193.00
142.00
0.00
84.00
135.00
0.00
0.00
0.00
0.00
0.00
6.00
0.00
0.00
0.00
0.00
254.00
329.00
0.00
0.00
0.00
0.00
0.00
0.00
10.00
0.00
0.00
0.00
0.00
0.00
0.00
0.00
0.00
0.00
11.00
50.00
9.00
0.00
0.00
0.00
0.00
0.00
0.00
9.00
29.00
212.00
0.00
16.00
82.00
431.00
130.00
2.00
100.00
0.00
0.00
162.00
105.00
107.00
5.00
2.00
0.00
34.00
5.00
0.00
406.00
0.00
24.00
138.00
109.00
64.00
153.00
416.00
23.00
0.00
0.00
482.00
267.00
3.00
176.00
335.00
75.00
1.00
229.00
34.00
114.00
726.00
1241.00
150.00
222.00
495.00
200.00
57.00
0.00
0.00
229.00
94.00
11.00
626.00
217.00
21.00
16.00
79.00
25.00
45.00
33.00
408.00
42.00
0.00
106.00
1.00
47.00
209.00
613.00
9.00
30.00
165.00
9.00
13.00
2.00
130.00
966.00
128.00
42.00
484.00
0.00
972.00
253.00
6.00
14.00
1.00
158.00
0.00
0.00
15.00
0.00
3.00
1.00
71.00
9.00
0.00
17.00
0.00
59.00
169.00
52.00
16.00
0.00
1.00
74.00
12.00
4.00
12.00
3.00
117.00
264.00
239.00
293.00
23.00
7.00
9.00
44.00
164.00
113.00
23.00
228.00
166.00
40.00
2.00
12.00
47.00
14.00
16.00
191.00
17.00
23.00
3.00
14.00
177.00
124.00
31.00
8.00
3.00
95.00
100.00
33.00
527.00
139.00
167.00
638.00
31.00
264.00
200.00
86.00
89.00
18.00
111.00
77.00
181.00
118.00
79.00
25.00
4.00
4.00
27.00
21.00
5.00
22.00
301.00
205.00
1.00
5.00
2.00
22.00
23.00
105.00
40.00
10.00
63.00
3.00
7.00
0.00
47.00
159.00
146.00
46.00
2.00
17.00
2.00
193.00
33.00
168.00
0.00
1.00
0.00
0.00
0.00
0.00
20.00
23.00
0.00
0.00
0.00
37.00
77.00
123.00
92.00
10.00
0.00
0.00
0.00
0.00
0.00
0.00
0.00
0.00
0.00
0.00
0.00
0.00
0.00
7.00
83.00
72.00
36.00
0.00
0.00
0.00
0.00
27.00
48.00
0.00
0.00
0.00
0.00
0.00
0.00
1.00
0.00
0.00
0.00
0.00
0.00
0.00
0.00
0.00
0.00
0.00
0.00
0.00
0.00
0.00
0.00
0.00
0.00
0.00
0.00
0.00
0.00
0.00
1.00
8.00
0.00
0.00
0.00
0.00
0.00
0.00
0.00
0.00
0.00
35.00
115.00
32.00
0.00
0.00
0.00
0.00
0.00
0.00
0.00
0.00
0.00
0.00
0.00
0.00
0.00
0.00
0.00
0.00
0.00
0.00
0.00
0.00
0.00
0.00
0.00
0.00
0.00
0.00
0.00
0.00
0.00
0.00
0.00
0.00
0.00
0.00
0.00
0.00
0.00
0.00
2.00
2.00
1.00
0.00
0.00
0.00
0.00
0.00
0.00
0.00
0.00
0.00
0.00
0.00
0.00
0.00
0.00
0.00
0.00
0.00
0.00
1.00
7.00
0.00
0.00
0.00
0.00
0.00
0.00
4.00
19.30
23.20
54.70
20.10
0.00
0.00
0.00
0.00
3.80
0.00
0.00
0.00
0.00
0.00
0.00
0.00
0.00
0.30
2.30
0.00
28.80
1.00
0.00
0.00
0.00
41.70
0.00
0.00
0.00
4.00
34.30
0.00
1.00
7.20
79.80
6.30
74.40
7.70
0.00
0.30
52.40
0.00
18.50
21.20
0.40
0.80
10.10
4.10
0.00
0.00
3.20
0.00
0.00
0.00
0.00
4.60
0.50
0.00
0.00
0.00
0.00
0.00
0.00
1.80
0.00
0.00
4.10
50.60
65.00
0.00
0.00
0.00
0.00
0.00
0.00
1.10
0.50
22.60
8.60
0.10
2.20
13.10
28.70
8.50
8.50
0.00
20.40
20.40
20.80
1.70
0.00
82.80
0.00
0.00
0.10
72.40
27.10
30.10
27.10
45.90
12.80
1.80
7.20
17.90
0.60
0.00
0.00
2.20
20.40
57.40
20.60
0.30
0.80
0.80
10.70
15.70
11.90
0.00
0.10
0.10
13.90
16.40
9.10
34.60
1.30
11.20
3.00
1.90
2.90
9.20
7.70
3.70
35.50
67.30
37.90
37.90
58.20
58.20
58.60
8.70
8.70
1.90
2.40
8.70
8.70
8.70
10.40
18.30
7.60
26.10
30.90
6.00
3.40
1.90
2.30
6.10
13.60
2.10
21.10
9.60
46.00
25.50
6.10
8.60
5.70
1.00
2.50
5.00
56.90
15.60
33.30
16.40
3.60
1.80
0.50
0.10
6.70
11.20
43.70
73.70
17.30
4.30
2.80
1.80
14.00
0.40
2.30
6.50
45.10
72.80
18.80
24.80
5.80
1.60
12.40
2.20
1.00
4.40
7.10
7.70
7.70
2.30
1.70
3.90
0.40
0.40
0.60
2.50
5.60
28.60
8.30
55.90
35.40
0.60
2.10
2.60
20.30
7.20
7.20
9.00
0.20
3.80
4.20
3.30
3.70
0.00
18.50
25.40
0.00
0.90
0.00
0.00
0.10
2.90
0.00
0.00
0.10
0.00
0.20
5.10
1.20
0.00
0.20
2.80
