20160101
0.00
0.00
0.00
0.00
0.00
0.00
0.00
0.00
0.00
0.00
0.00
0.00
0.00
0.00
0.00
0.00
0.00
0.00
18.00
39.00
0.00
0.00
0.00
0.00
0.00
0.00
0.00
0.00
0.00
0.00
0.00
0.00
0.00
0.00
0.00
0.00
0.00
0.00
4.00
0.00
0.00
45.00
0.00
0.00
0.00
0.00
0.00
0.00
1.00
1.00
12.00
0.00
0.00
0.00
0.00
0.00
11.00
0.00
0.00
0.00
0.00
0.00
0.00
0.00
0.00
138.00
0.00
0.00
0.00
0.00
0.00
0.00
5.00
1.00
0.00
0.00
0.00
0.00
0.00
0.00
0.00
0.00
0.00
0.00
0.00
0.00
0.00
26.00
16.00
87.00
489.00
1.00
1.00
57.00
1.00
4.00
0.00
0.00
0.00
0.00
0.00
0.00
0.00
0.00
207.00
4.00
115.00
41.00
0.00
0.00
0.00
0.00
0.00
0.00
0.00
0.00
1.00
192.00
2.00
0.00
0.00
10.00
0.00
214.00
0.00
89.00
2.00
187.00
7.00
20.00
62.00
10.00
900.00
544.00
236.00
188.00
106.00
14.00
139.00
37.00
87.00
247.00
0.00
0.00
68.00
134.00
1.00
33.00
1.00
28.00
63.00
71.00
0.00
0.00
0.00
0.00
0.00
17.00
710.00
0.00
8.00
1.00
294.00
49.00
1.00
529.00
42.00
378.00
170.00
44.00
316.00
305.00
90.00
132.00
292.00
104.00
42.00
211.00
41.00
72.00
142.00
136.00
35.00
50.00
52.00
175.00
163.00
26.00
101.00
525.00
231.00
59.00
76.00
61.00
165.00
130.00
97.00
228.00
345.00
99.00
123.00
261.00
133.00
144.00
99.00
374.00
236.00
41.00
12.00
42.00
219.00
34.00
119.00
310.00
128.00
266.00
439.00
453.00
13.00
28.00
33.00
2.00
236.00
35.00
13.00
553.00
338.00
487.00
72.00
59.00
20.00
1.00
88.00
37.00
8.00
20.00
2.00
524.00
37.00
6.00
195.00
52.00
351.00
102.00
262.00
617.00
272.00
49.00
47.00
95.00
31.00
15.00
2.00
286.00
99.00
222.00
388.00
47.00
17.00
89.00
119.00
154.00
267.00
1100.00
17.00
0.00
195.00
55.00
327.00
178.00
1.00
3.00
0.00
3.00
8.00
8.00
0.00
0.00
84.00
2.00
40.00
31.00
49.00
56.00
139.00
5.00
0.00
0.00
0.00
0.00
0.00
0.00
0.00
0.00
0.00
0.00
0.00
3.00
0.00
0.00
81.00
0.00
0.00
1.00
0.00
0.00
0.00
0.00
31.00
188.00
0.00
0.00
0.00
0.00
0.00
0.00
0.00
0.00
0.00
0.00
0.00
0.00
0.00
0.00
0.00
0.00
0.00
0.00
0.00
0.00
0.00
0.00
0.00
0.00
0.00
98.00
0.00
0.00
0.00
0.00
0.00
0.00
0.00
0.00
0.00
0.00
0.00
0.00
0.00
0.00
0.00
0.00
0.00
0.00
0.00
0.00
0.00
0.00
0.00
0.00
57.00
0.00
0.00
0.00
0.00
0.00
0.00
0.00
0.00
0.00
0.00
0.00
0.00
0.00
0.00
11.00
0.00
0.00
0.00
0.00
0.00
0.00
0.00
0.00
0.00
0.00
0.00
0.00
0.00
0.00
0.00
0.00
7.00
0.00
0.00
0.00
0.00
0.00
0.00
0.00
0.00
0.00
0.00
0.00
0.00
0.00
0.00
0.00
0.00
0.00
0.00
0.00
0.00
0.00
0.00
0.00
0.00
0.00
56.00
0.00
0.00
0.00
0.00
0.00
0.00
0.00
0.00
1.00
160.00
7.00
0.00
0.00
26.00
0.00
125.00
5.00
0.00
0.00
0.00
0.00
0.00
34.00
8.00
39.00
151.00
0.00
0.00
0.00
168.00
135.00
0.00
7.00
443.00
414.00
61.00
69.00
56.00
31.00
20.00
1.00
64.00
2.00
0.00
35.00
0.00
0.00
0.00
0.00
0.00
0.00
259.00
152.00
0.00
0.00
478.00
358.00
34.00
530.00
0.00
309.00
252.00
0.00
0.00
0.00
2.00
106.00
218.00
0.00
18.00
54.00
88.00
266.00
1.00
0.00
73.00
3.00
20.00
0.00
74.00
724.00
697.00
1.00
53.00
0.00
48.00
221.00
0.00
264.00
0.00
166.00
624.00
184.00
0.00
11.00
155.00
127.00
361.00
426.00
487.00
302.00
16.00
17.00
0.00
0.00
2.00
0.00
225.00
108.00
1222.00
65.00
147.00
30.00
283.00
182.00
682.00
1283.00
68.00
41.00
151.00
20.00
191.00
13.00
15.00
21.00
133.00
18.00
384.00
116.00
179.00
470.00
206.00
81.00
29.00
85.00
40.00
222.00
61.00
217.00
160.00
153.00
44.00
234.00
123.00
31.00
146.00
39.00
31.00
37.00
424.00
74.00
209.00
137.00
62.00
34.00
102.00
133.00
88.00
41.00
419.00
113.00
200.00
363.00
306.00
71.00
23.00
89.00
115.00
543.00
1074.00
862.00
232.00
231.00
161.00
49.00
287.00
115.00
133.00
82.00
559.00
392.00
342.00
252.00
209.00
1215.00
475.00
41.00
222.00
207.00
282.00
105.00
131.00
29.00
32.00
80.00
81.00
77.00
148.00
848.00
430.00
3.00
2.00
123.00
106.00
1.00
3.00
311.00
241.00
223.00
157.00
125.00
38.00
31.00
25.00
27.00
8.00
237.00
191.00
242.00
393.00
130.00
3.00
0.00
8.00
0.00
21.00
2.00
0.00
3.00
0.00
0.00
14.00
6.00
25.00
0.00
0.00
0.00
0.00
7.00
760.00
1115.00
0.00
0.00
0.00
0.00
0.00
0.00
0.00
1.00
8.00
0.00
0.00
0.00
0.00
0.00
0.00
2.00
0.00
0.00
0.00
0.00
0.00
12.00
0.00
15.00
341.00
161.00
9.00
1.00
0.00
0.00
0.00
0.00
0.00
0.00
0.00
0.00
0.00
0.00
0.00
0.00
0.00
0.00
0.00
0.00
0.00
0.00
0.00
11.00
232.00
34.00
0.00
0.00
0.00
0.00
0.00
0.00
0.00
0.00
21.00
3.00
0.00
0.00
0.00
0.00
0.00
0.00
0.00
0.00
0.00
0.00
0.00
28.00
2.00
0.00
0.00
0.00
0.00
0.00
0.00
0.00
0.00
0.00
0.00
0.00
0.00
0.00
0.00
0.00
0.00
0.00
0.00
0.00
0.00
0.00
0.00
0.00
0.00
0.00
0.00
0.00
0.00
0.00
0.00
0.00
0.00
0.00
0.00
0.00
918.00
316.00
366.00
32.00
15.00
50.00
626.00
377.00
0.00
0.00
0.00
0.00
0.00
0.00
0.00
0.00
0.00
0.00
464.00
32.00
0.00
0.00
0.00
0.00
0.00
0.00
2.00
0.00
0.00
0.00
0.00
0.00
0.00
0.00
0.00
0.00
0.00
88.00
3.00
0.00
0.00
0.00
0.00
0.00
4.00
0.00
71.00
7.00
0.00
22.00
144.00
325.00
818.00
0.00
4.00
0.00
0.00
71.00
37.00
52.00
34.00
2.00
0.00
63.00
0.00
0.00
170.00
0.00
77.00
108.00
3.00
11.00
40.00
66.00
0.00
0.00
49.00
44.00
36.00
1.00
100.00
146.00
289.00
0.00
71.00
0.00
120.00
538.00
946.00
37.00
121.00
144.00
57.00
7.00
0.00
4.00
0.00
377.00
5.00
0.00
0.00
0.00
0.00
78.00
511.00
84.00
42.00
373.00
28.00
0.00
177.00
2.00
184.00
27.00
302.00
0.00
19.00
10.00
0.00
33.00
37.00
3.00
114.00
3.00
58.00
189.00
153.00
188.00
31.00
7.00
3.00
82.00
178.00
0.00
4.00
3.00
48.00
467.00
102.00
53.00
36.00
25.00
8.00
108.00
212.00
124.00
21.00
135.00
45.00
25.00
37.00
26.00
51.00
30.00
18.00
170.00
215.00
170.00
143.00
35.00
38.00
13.00
37.00
188.00
41.00
28.00
325.00
290.00
131.00
13.00
163.00
135.00
156.00
713.00
185.00
192.00
72.00
22.00
105.00
150.00
467.00
184.00
52.00
125.00
302.00
253.00
281.00
169.00
136.00
495.00
180.00
11.00
11.00
129.00
38.00
55.00
47.00
512.00
377.00
276.00
193.00
76.00
19.00
19.00
13.00
206.00
61.00
93.00
310.00
155.00
48.00
7.00
2.00
87.00
59.00
105.00
430.00
280.00
85.00
117.00
0.00
1.00
0.00
5.00
83.00
80.00
3.00
1.00
18.00
52.00
35.00
160.00
2.00
0.00
0.00
0.00
0.00
0.00
52.00
0.00
0.00
0.00
0.00
0.00
1.00
1.00
108.00
133.00
55.00
0.00
0.00
3.00
0.00
0.00
0.00
0.00
0.00
0.00
0.00
0.00
0.00
0.00
0.00
49.00
18.00
3.00
0.00
0.00
0.00
0.00
24.00
0.00
0.00
0.00
0.00
0.00
0.00
0.00
0.00
0.00
0.00
0.00
0.00
0.00
0.00
0.00
0.00
0.00
0.00
0.00
0.00
0.00
0.00
0.00
0.00
0.00
0.00
0.00
0.00
1.00
0.00
5.00
0.00
0.00
0.00
0.00
0.00
0.00
0.00
0.00
0.00
0.00
4.00
96.00
52.00
0.00
0.00
0.00
0.00
0.00
0.00
0.00
0.00
0.00
0.00
0.00
0.00
0.00
0.00
0.00
0.00
0.00
0.00
0.00
0.00
0.00
0.00
0.00
0.00
0.00
0.00
0.00
0.00
0.00
0.00
0.00
0.00
0.00
0.00
0.00
0.00
0.00
0.00
14.00
14.00
0.00
0.00
0.00
0.00
0.00
0.00
0.00
0.00
0.00
0.00
0.00
7.00
2.00
0.00
0.00
3.00
0.00
0.00
0.00
5.00
0.00
0.00
0.00
0.00
0.00
0.00
0.00
0.00
16.80
2.30
49.00
7.70
0.00
0.00
0.00
0.00
0.00
0.00
0.00
0.00
0.00
0.00
0.00
0.00
0.00
0.00
0.60
0.00
16.70
1.40
0.60
0.00
2.50
5.70
0.00
0.00
0.00
22.60
4.20
0.00
1.50
0.10
108.10
0.60
30.10
0.00
20.70
0.10
31.90
0.00
3.60
51.10
0.00
3.40
0.40
8.80
0.00
0.40
0.10
0.00
0.00
0.00
1.10
7.00
0.00
0.00
0.00
0.00
1.60
4.10
0.80
13.80
6.30
6.30
0.10
127.10
27.50
0.00
0.00
0.00
0.00
58.20
19.60
2.20
0.00
27.00
2.50
30.30
0.10
56.40
27.30
1.90
1.90
6.40
27.30
27.30
28.50
5.60
0.00
12.50
0.10
0.70
20.20
19.90
148.50
29.70
25.80
0.30
4.50
1.00
0.50
0.00
0.30
0.00
0.00
0.50
10.00
27.80
48.80
0.40
36.20
0.70
27.00
24.20
21.40
0.60
0.00
0.00
29.00
41.60
24.70
25.40
0.60
6.30
2.80
0.30
0.10
7.20
8.60
5.60
6.50
38.00
76.30
76.30
61.70
61.70
16.90
0.00
0.00
2.10
0.70
0.00
0.00
0.00
8.70
15.60
24.30
68.20
20.40
77.10
2.90
1.70
3.10
3.00
14.30
4.40
12.60
11.20
2.00
36.20
5.50
3.10
5.40
12.10
4.50
0.50
150.20
28.90
9.80
13.10
35.60
4.90
0.40
1.10
1.50
6.30
35.90
34.10
7.60
0.20
2.20
2.40
2.60
0.10
9.40
7.30
32.00
40.50
24.20
22.00
10.30
8.50
3.70
0.30
11.90
6.20
0.70
13.60
38.50
4.60
22.10
15.60
8.20
4.30
0.00
0.00
0.10
2.50
6.50
34.60
33.10
0.10
8.50
13.80
3.00
33.00
33.00
0.30
0.00
0.00
15.60
5.60
53.10
16.40
23.00
1.50
0.00
0.00
0.00
0.00
0.00
0.00
0.00
0.00
0.00
0.00
1.20
0.80
1.10
0.00
1.80
45.80
