20160101
0.00
0.00
0.00
0.00
0.00
0.00
0.00
0.00
96.00
0.00
0.00
0.00
3.00
0.00
0.00
0.00
0.00
0.00
0.00
5.00
0.00
0.00
0.00
0.00
0.00
3.00
0.00
0.00
0.00
0.00
0.00
0.00
0.00
0.00
0.00
0.00
0.00
0.00
0.00
0.00
1.00
0.00
0.00
0.00
0.00
0.00
0.00
0.00
0.00
0.00
1.00
69.00
1.00
120.00
125.00
8.00
15.00
0.00
0.00
0.00
0.00
0.00
0.00
64.00
0.00
49.00
0.00
0.00
121.00
8.00
5.00
0.00
0.00
0.00
0.00
1.00
1.00
0.00
124.00
43.00
12.00
0.00
0.00
0.00
0.00
0.00
0.00
567.00
88.00
224.00
184.00
0.00
0.00
139.00
70.00
177.00
109.00
99.00
114.00
3.00
0.00
60.00
110.00
107.00
258.00
496.00
385.00
161.00
568.00
507.00
48.00
40.00
88.00
1410.00
484.00
14.00
133.00
227.00
380.00
19.00
118.00
92.00
19.00
0.00
64.00
5.00
25.00
7.00
2.00
0.00
0.00
12.00
138.00
177.00
187.00
321.00
1037.00
802.00
177.00
28.00
56.00
572.00
0.00
6.00
82.00
37.00
0.00
2.00
8.00
25.00
0.00
12.00
0.00
0.00
0.00
5.00
45.00
120.00
214.00
42.00
142.00
72.00
18.00
23.00
0.00
0.00
13.00
16.00
81.00
83.00
4.00
12.00
84.00
123.00
38.00
8.00
28.00
13.00
0.00
0.00
209.00
243.00
532.00
281.00
162.00
18.00
3.00
97.00
0.00
5.00
10.00
1.00
26.00
60.00
4.00
19.00
42.00
77.00
0.00
5.00
22.00
6.00
6.00
62.00
65.00
63.00
192.00
2.00
87.00
55.00
118.00
26.00
64.00
53.00
0.00
0.00
1.00
16.00
56.00
16.00
8.00
1.00
68.00
8.00
88.00
18.00
158.00
3.00
24.00
2.00
9.00
6.00
252.00
68.00
9.00
31.00
0.00
425.00
0.00
39.00
24.00
53.00
225.00
577.00
1.00
6.00
9.00
6.00
31.00
26.00
68.00
0.00
1.00
7.00
6.00
45.00
44.00
0.00
0.00
2.00
247.00
97.00
84.00
44.00
171.00
97.00
201.00
94.00
254.00
0.00
17.00
469.00
0.00
80.00
104.00
0.00
0.00
0.00
0.00
119.00
51.00
52.00
444.00
255.00
8.00
184.00
0.00
0.00
0.00
0.00
0.00
0.00
0.00
0.00
0.00
0.00
0.00
0.00
0.00
0.00
68.00
95.00
38.00
7.00
0.00
0.00
0.00
34.00
153.00
187.00
110.00
0.00
0.00
0.00
0.00
0.00
0.00
0.00
0.00
0.00
0.00
0.00
0.00
0.00
0.00
0.00
0.00
0.00
0.00
0.00
0.00
0.00
0.00
0.00
0.00
10.00
0.00
0.00
0.00
0.00
0.00
0.00
0.00
0.00
0.00
0.00
0.00
0.00
0.00
0.00
0.00
0.00
0.00
0.00
0.00
0.00
0.00
0.00
0.00
0.00
54.00
0.00
0.00
0.00
0.00
0.00
0.00
0.00
0.00
0.00
0.00
0.00
0.00
0.00
0.00
0.00
0.00
0.00
0.00
0.00
0.00
0.00
0.00
0.00
0.00
0.00
0.00
0.00
0.00
0.00
0.00
0.00
0.00
0.00
0.00
0.00
0.00
0.00
0.00
0.00
0.00
0.00
0.00
0.00
0.00
0.00
0.00
0.00
0.00
0.00
0.00
0.00
0.00
0.00
0.00
0.00
13.00
463.00
228.00
17.00
0.00
0.00
0.00
0.00
0.00
0.00
0.00
0.00
22.00
86.00
0.00
0.00
69.00
1.00
306.00
57.00
3.00
0.00
0.00
0.00
0.00
22.00
195.00
15.00
103.00
0.00
0.00
0.00
0.00
38.00
0.00
0.00
13.00
503.00
191.00
473.00
1748.00
686.00
713.00
203.00
2.00
0.00
67.00
314.00
191.00
3.00
0.00
0.00
0.00
0.00
81.00
4.00
0.00
48.00
262.00
17.00
67.00
11.00
1.00
10.00
425.00
159.00
61.00
242.00
26.00
30.00
180.00
0.00
0.00
11.00
243.00
133.00
18.00
1.00
13.00
0.00
0.00
0.00
0.00
102.00
127.00
1.00
12.00
60.00
128.00
23.00
26.00
9.00
0.00
155.00
40.00
50.00
41.00
78.00
60.00
626.00
66.00
183.00
86.00
379.00
6.00
0.00
0.00
13.00
126.00
149.00
134.00
385.00
122.00
54.00
0.00
0.00
39.00
140.00
130.00
75.00
0.00
60.00
111.00
9.00
77.00
36.00
115.00
50.00
64.00
100.00
403.00
200.00
26.00
207.00
21.00
87.00
5.00
92.00
80.00
69.00
49.00
70.00
17.00
17.00
277.00
24.00
2.00
1.00
57.00
230.00
268.00
0.00
31.00
21.00
7.00
3.00
37.00
7.00
82.00
17.00
12.00
78.00
7.00
14.00
115.00
9.00
12.00
72.00
43.00
13.00
5.00
15.00
200.00
153.00
94.00
38.00
71.00
85.00
1.00
1.00
0.00
0.00
72.00
10.00
0.00
10.00
150.00
154.00
19.00
59.00
118.00
26.00
21.00
33.00
36.00
45.00
21.00
0.00
0.00
0.00
18.00
118.00
30.00
71.00
13.00
123.00
120.00
24.00
9.00
323.00
67.00
136.00
167.00
18.00
65.00
0.00
11.00
0.00
60.00
55.00
50.00
194.00
180.00
8.00
0.00
0.00
0.00
11.00
36.00
7.00
72.00
59.00
55.00
167.00
117.00
139.00
0.00
0.00
0.00
0.00
4.00
131.00
275.00
984.00
0.00
0.00
0.00
0.00
0.00
0.00
0.00
915.00
994.00
0.00
0.00
0.00
0.00
0.00
0.00
0.00
0.00
0.00
0.00
0.00
0.00
8.00
0.00
0.00
113.00
0.00
0.00
0.00
0.00
0.00
0.00
0.00
0.00
0.00
0.00
0.00
0.00
0.00
0.00
0.00
0.00
0.00
0.00
0.00
0.00
0.00
0.00
71.00
813.00
124.00
0.00
0.00
0.00
0.00
0.00
0.00
0.00
0.00
47.00
0.00
0.00
0.00
0.00
1.00
0.00
0.00
0.00
0.00
0.00
0.00
16.00
47.00
0.00
0.00
0.00
0.00
0.00
0.00
0.00
0.00
0.00
0.00
0.00
0.00
0.00
0.00
0.00
0.00
0.00
0.00
0.00
0.00
0.00
0.00
0.00
0.00
0.00
0.00
0.00
0.00
0.00
0.00
0.00
0.00
0.00
0.00
0.00
0.00
2.00
1.00
22.00
3.00
1.00
0.00
0.00
0.00
0.00
0.00
0.00
0.00
0.00
0.00
0.00
0.00
0.00
0.00
11.00
941.00
0.00
0.00
0.00
0.00
57.00
0.00
26.00
0.00
0.00
0.00
0.00
0.00
0.00
165.00
1298.00
0.00
615.00
205.00
618.00
26.00
0.00
0.00
0.00
0.00
0.00
0.00
0.00
65.00
0.00
37.00
65.00
285.00
0.00
0.00
7.00
0.00
0.00
0.00
1.00
0.00
21.00
16.00
159.00
267.00
15.00
0.00
168.00
0.00
0.00
30.00
11.00
3.00
54.00
192.00
6.00
0.00
0.00
23.00
0.00
0.00
194.00
20.00
116.00
4.00
208.00
12.00
182.00
316.00
358.00
158.00
83.00
585.00
562.00
46.00
35.00
34.00
0.00
15.00
0.00
0.00
0.00
2.00
0.00
0.00
1.00
54.00
142.00
49.00
42.00
170.00
12.00
106.00
17.00
18.00
8.00
33.00
72.00
83.00
14.00
0.00
6.00
10.00
41.00
16.00
238.00
955.00
95.00
550.00
98.00
17.00
1.00
0.00
0.00
0.00
25.00
11.00
71.00
26.00
12.00
63.00
4.00
7.00
8.00
3.00
0.00
0.00
40.00
0.00
0.00
8.00
99.00
85.00
8.00
604.00
63.00
27.00
1.00
0.00
3.00
1.00
0.00
0.00
0.00
14.00
57.00
65.00
18.00
154.00
158.00
1.00
26.00
29.00
51.00
72.00
108.00
114.00
3.00
47.00
161.00
17.00
91.00
1.00
45.00
37.00
9.00
52.00
344.00
9.00
11.00
2.00
0.00
6.00
31.00
6.00
43.00
47.00
4.00
147.00
19.00
8.00
1.00
25.00
69.00
1.00
0.00
0.00
50.00
7.00
1.00
77.00
0.00
0.00
0.00
1.00
54.00
23.00
1.00
45.00
6.00
0.00
72.00
2.00
0.00
78.00
3.00
1.00
38.00
0.00
11.00
1.00
1.00
0.00
6.00
0.00
0.00
0.00
0.00
0.00
0.00
0.00
0.00
0.00
0.00
0.00
5.00
22.00
60.00
213.00
113.00
5.00
0.00
0.00
0.00
0.00
0.00
0.00
0.00
0.00
0.00
0.00
0.00
0.00
639.00
314.00
42.00
47.00
10.00
0.00
0.00
0.00
1.00
0.00
0.00
0.00
0.00
0.00
0.00
0.00
0.00
0.00
0.00
0.00
0.00
0.00
0.00
0.00
0.00
0.00
0.00
0.00
0.00
0.00
0.00
0.00
0.00
0.00
0.00
0.00
0.00
0.00
0.00
0.00
0.00
0.00
0.00
0.00
0.00
73.00
0.00
0.00
0.00
0.00
2.00
29.00
89.00
0.00
0.00
0.00
0.00
0.00
0.00
0.00
0.00
0.00
0.00
0.00
0.00
0.00
0.00
0.00
0.00
0.00
0.00
0.00
0.00
0.00
0.00
0.00
0.00
0.00
0.00
0.00
0.00
0.00
0.00
0.00
0.00
0.00
0.00
0.00
0.00
0.00
0.00
0.00
0.00
0.00
8.00
0.00
0.00
0.00
0.00
0.00
0.00
0.00
0.00
0.00
0.00
0.00
0.00
0.00
0.00
0.00
0.00
0.00
0.00
5.00
0.00
0.00
0.00
0.00
0.00
2.90
0.00
21.10
10.70
52.00
43.70
0.00
0.00
0.00
0.30
9.00
0.00
0.00
0.00
0.00
0.00
0.00
0.00
0.00
0.00
0.30
0.00
0.00
2.60
11.50
0.30
0.00
1.50
0.00
0.00
0.00
4.80
3.30
0.00
0.00
0.00
35.90
58.60
56.30
0.00
87.50
8.70
5.40
0.80
20.60
8.60
0.00
0.00
0.20
0.10
0.10
13.90
0.00
16.20
0.00
0.00
26.30
0.00
0.50
0.00
0.00
0.00
0.30
0.70
19.00
30.90
29.20
29.20
0.00
14.40
16.50
0.00
0.10
0.00
1.20
7.60
0.00
46.50
6.80
3.10
6.20
6.50
3.00
9.90
10.50
0.60
0.60
0.10
23.60
23.60
14.90
0.60
0.10
0.00
0.00
0.00
0.10
5.90
4.30
0.00
9.20
1.90
0.00
6.80
21.80
0.00
22.10
0.00
0.00
0.10
0.10
29.00
3.90
0.00
12.20
8.00
15.20
11.20
16.50
3.30
0.00
1.40
3.30
28.20
19.00
2.50
0.00
0.10
0.00
0.00
0.10
1.30
0.60
4.50
13.40
1.10
5.20
5.20
16.80
16.80
6.80
20.30
20.30
0.00
0.00
20.30
20.30
20.30
10.40
0.30
4.70
2.00
29.20
23.80
6.70
0.00
0.30
20.50
1.90
30.10
26.00
2.30
0.10
0.20
0.80
1.10
46.10
2.20
3.20
0.10
4.10
7.50
12.00
3.30
0.20
0.90
0.00
0.10
1.80
4.20
7.20
4.00
3.80
0.30
0.00
0.10
10.30
0.10
0.30
0.90
0.30
1.00
0.30
0.40
15.50
8.10
8.60
4.10
2.40
4.10
13.00
11.00
0.10
0.00
0.90
10.90
0.50
0.00
0.00
0.00
10.60
15.20
14.70
11.60
6.60
13.10
0.80
10.90
12.80
1.30
1.30
0.40
0.00
0.00
0.00
5.90
17.50
18.50
3.60
0.90
0.00
0.00
0.00
0.00
8.40
0.40
0.00
0.00
0.00
0.00
5.70
23.00
1.30
0.20
1.80
0.70
