20160101
0.00
0.00
0.00
0.00
0.00
0.00
0.00
0.00
6.00
0.00
0.00
0.00
0.00
0.00
0.00
0.00
0.00
0.00
0.00
31.00
0.00
0.00
0.00
0.00
0.00
0.00
0.00
0.00
0.00
0.00
0.00
0.00
0.00
0.00
0.00
0.00
0.00
0.00
0.00
0.00
0.00
39.00
1.00
0.00
0.00
0.00
0.00
0.00
0.00
0.00
5.00
0.00
1.00
62.00
122.00
0.00
23.00
0.00
0.00
0.00
0.00
7.00
0.00
1.00
0.00
28.00
0.00
0.00
0.00
0.00
0.00
0.00
0.00
0.00
0.00
28.00
0.00
1.00
1.00
0.00
70.00
0.00
0.00
0.00
0.00
0.00
0.00
258.00
149.00
44.00
447.00
30.00
1.00
644.00
229.00
245.00
38.00
0.00
0.00
0.00
0.00
0.00
0.00
28.00
40.00
57.00
193.00
582.00
23.00
102.00
8.00
0.00
1.00
0.00
0.00
39.00
128.00
55.00
0.00
0.00
19.00
220.00
121.00
334.00
83.00
59.00
199.00
40.00
0.00
0.00
4.00
4.00
313.00
71.00
247.00
177.00
0.00
38.00
118.00
45.00
171.00
652.00
2.00
0.00
0.00
44.00
5.00
0.00
258.00
24.00
59.00
54.00
0.00
0.00
255.00
128.00
19.00
21.00
37.00
0.00
1.00
309.00
212.00
31.00
16.00
43.00
20.00
177.00
293.00
38.00
1.00
3.00
12.00
163.00
232.00
2.00
50.00
75.00
130.00
80.00
98.00
38.00
80.00
119.00
126.00
66.00
10.00
6.00
111.00
333.00
212.00
50.00
38.00
0.00
1.00
0.00
211.00
49.00
4.00
51.00
180.00
20.00
2.00
42.00
81.00
55.00
113.00
86.00
3.00
76.00
221.00
176.00
1.00
301.00
108.00
114.00
185.00
118.00
44.00
55.00
122.00
57.00
220.00
0.00
1.00
577.00
369.00
505.00
329.00
179.00
55.00
0.00
129.00
16.00
0.00
1.00
0.00
437.00
56.00
129.00
89.00
471.00
250.00
159.00
94.00
22.00
78.00
32.00
187.00
52.00
6.00
4.00
28.00
54.00
128.00
299.00
931.00
866.00
30.00
134.00
9.00
369.00
61.00
16.00
100.00
25.00
154.00
0.00
135.00
3.00
8.00
51.00
3.00
82.00
0.00
0.00
0.00
378.00
194.00
54.00
335.00
78.00
31.00
5.00
67.00
77.00
0.00
0.00
0.00
0.00
0.00
0.00
0.00
0.00
0.00
0.00
0.00
4.00
0.00
0.00
45.00
1.00
21.00
0.00
0.00
0.00
0.00
23.00
162.00
591.00
290.00
0.00
0.00
0.00
0.00
0.00
0.00
0.00
0.00
0.00
0.00
0.00
0.00
0.00
0.00
0.00
0.00
0.00
0.00
0.00
0.00
0.00
0.00
0.00
0.00
9.00
0.00
0.00
0.00
0.00
0.00
0.00
0.00
4.00
0.00
2.00
0.00
0.00
0.00
0.00
0.00
0.00
0.00
0.00
0.00
0.00
0.00
0.00
0.00
0.00
0.00
0.00
0.00
0.00
0.00
0.00
0.00
0.00
0.00
0.00
0.00
0.00
0.00
0.00
0.00
0.00
0.00
0.00
0.00
0.00
0.00
0.00
0.00
0.00
0.00
0.00
0.00
0.00
0.00
0.00
0.00
0.00
5.00
0.00
0.00
0.00
0.00
0.00
0.00
0.00
0.00
0.00
0.00
0.00
0.00
0.00
0.00
0.00
0.00
0.00
0.00
0.00
0.00
0.00
0.00
0.00
0.00
0.00
97.00
0.00
0.00
0.00
0.00
0.00
0.00
0.00
0.00
0.00
6.00
31.00
0.00
0.00
63.00
0.00
226.00
64.00
0.00
0.00
0.00
0.00
0.00
0.00
17.00
3.00
45.00
0.00
0.00
0.00
4.00
206.00
3.00
0.00
1.00
223.00
382.00
31.00
7.00
10.00
186.00
438.00
844.00
0.00
0.00
0.00
0.00
0.00
0.00
0.00
0.00
0.00
27.00
19.00
0.00
4.00
827.00
631.00
152.00
849.00
6.00
489.00
108.00
0.00
0.00
19.00
94.00
15.00
324.00
0.00
0.00
40.00
54.00
60.00
5.00
0.00
14.00
0.00
36.00
0.00
16.00
92.00
400.00
0.00
77.00
12.00
173.00
22.00
13.00
23.00
0.00
0.00
1.00
9.00
0.00
0.00
171.00
394.00
675.00
895.00
226.00
634.00
417.00
94.00
1.00
24.00
75.00
122.00
201.00
147.00
610.00
20.00
162.00
149.00
238.00
268.00
661.00
550.00
0.00
5.00
40.00
317.00
519.00
197.00
218.00
147.00
378.00
64.00
100.00
106.00
12.00
35.00
84.00
86.00
20.00
64.00
15.00
100.00
60.00
295.00
269.00
328.00
54.00
277.00
253.00
62.00
136.00
75.00
96.00
106.00
289.00
66.00
267.00
44.00
37.00
27.00
39.00
12.00
29.00
62.00
62.00
87.00
379.00
434.00
78.00
51.00
19.00
2.00
33.00
177.00
802.00
272.00
15.00
10.00
5.00
13.00
389.00
66.00
323.00
160.00
157.00
33.00
632.00
202.00
245.00
138.00
224.00
134.00
130.00
120.00
234.00
67.00
1.00
43.00
29.00
155.00
254.00
240.00
71.00
39.00
685.00
261.00
3.00
74.00
13.00
1.00
78.00
235.00
290.00
61.00
6.00
5.00
0.00
0.00
0.00
286.00
72.00
199.00
285.00
12.00
32.00
267.00
7.00
40.00
213.00
148.00
378.00
99.00
10.00
0.00
0.00
0.00
16.00
4.00
0.00
2.00
0.00
303.00
886.00
337.00
579.00
1435.00
0.00
0.00
0.00
0.00
0.00
0.00
0.00
56.00
237.00
0.00
0.00
0.00
0.00
0.00
0.00
0.00
0.00
0.00
0.00
0.00
0.00
44.00
0.00
6.00
227.00
73.00
0.00
0.00
0.00
0.00
0.00
0.00
0.00
0.00
0.00
0.00
0.00
0.00
0.00
0.00
0.00
0.00
0.00
0.00
0.00
0.00
24.00
426.00
280.00
311.00
0.00
0.00
0.00
0.00
0.00
0.00
0.00
0.00
14.00
0.00
0.00
0.00
0.00
0.00
0.00
0.00
0.00
0.00
0.00
0.00
4.00
320.00
0.00
0.00
0.00
0.00
0.00
0.00
0.00
0.00
0.00
0.00
0.00
0.00
0.00
0.00
0.00
0.00
0.00
0.00
0.00
0.00
0.00
0.00
0.00
0.00
0.00
0.00
0.00
0.00
0.00
0.00
0.00
0.00
0.00
3.00
0.00
0.00
141.00
133.00
152.00
68.00
0.00
0.00
31.00
14.00
0.00
0.00
0.00
0.00
0.00
10.00
0.00
0.00
0.00
0.00
165.00
447.00
0.00
0.00
0.00
0.00
0.00
0.00
0.00
0.00
0.00
0.00
0.00
0.00
0.00
0.00
66.00
0.00
2.00
14.00
0.00
0.00
0.00
0.00
0.00
0.00
0.00
0.00
51.00
131.00
21.00
18.00
243.00
444.00
25.00
1.00
24.00
0.00
0.00
102.00
33.00
60.00
32.00
0.00
18.00
10.00
34.00
0.00
110.00
0.00
22.00
81.00
166.00
39.00
88.00
394.00
193.00
0.00
0.00
220.00
67.00
4.00
253.00
164.00
207.00
1.00
422.00
54.00
231.00
673.00
1091.00
311.00
456.00
387.00
156.00
228.00
0.00
11.00
54.00
171.00
3.00
152.00
147.00
0.00
27.00
56.00
49.00
15.00
210.00
53.00
8.00
23.00
57.00
5.00
72.00
153.00
33.00
53.00
284.00
126.00
252.00
368.00
82.00
167.00
491.00
87.00
204.00
387.00
32.00
1448.00
678.00
2.00
23.00
0.00
53.00
0.00
33.00
60.00
17.00
25.00
6.00
95.00
20.00
0.00
15.00
3.00
0.00
59.00
112.00
11.00
4.00
1.00
37.00
12.00
8.00
30.00
8.00
157.00
38.00
112.00
235.00
12.00
29.00
20.00
60.00
48.00
191.00
20.00
51.00
252.00
31.00
4.00
3.00
53.00
81.00
74.00
178.00
77.00
7.00
3.00
27.00
206.00
138.00
58.00
59.00
57.00
90.00
253.00
59.00
426.00
312.00
316.00
499.00
70.00
13.00
1.00
72.00
213.00
15.00
154.00
35.00
212.00
153.00
182.00
8.00
0.00
19.00
65.00
66.00
2.00
10.00
109.00
198.00
14.00
0.00
2.00
139.00
19.00
52.00
0.00
2.00
4.00
0.00
8.00
4.00
154.00
165.00
406.00
87.00
14.00
52.00
0.00
135.00
100.00
47.00
0.00
1.00
0.00
0.00
0.00
0.00
0.00
10.00
10.00
0.00
0.00
3.00
102.00
229.00
174.00
6.00
0.00
0.00
0.00
0.00
0.00
0.00
0.00
0.00
0.00
0.00
0.00
0.00
0.00
385.00
201.00
105.00
59.00
12.00
0.00
0.00
0.00
2.00
5.00
0.00
0.00
0.00
0.00
0.00
0.00
0.00
0.00
0.00
0.00
0.00
0.00
0.00
0.00
0.00
0.00
0.00
0.00
0.00
0.00
0.00
0.00
0.00
0.00
0.00
0.00
0.00
0.00
0.00
4.00
0.00
0.00
0.00
0.00
0.00
0.00
0.00
0.00
0.00
0.00
47.00
67.00
23.00
0.00
0.00
0.00
0.00
0.00
0.00
0.00
0.00
0.00
0.00
0.00
0.00
0.00
0.00
0.00
0.00
0.00
0.00
0.00
0.00
0.00
0.00
0.00
0.00
0.00
0.00
0.00
0.00
0.00
0.00
0.00
0.00
0.00
0.00
0.00
0.00
0.00
0.00
0.00
0.00
0.00
0.00
0.00
0.00
0.00
0.00
0.00
0.00
0.00
0.00
0.00
0.00
0.00
0.00
0.00
0.00
0.00
0.00
0.00
1.00
5.00
0.00
0.00
0.00
0.00
0.00
0.00
4.20
42.40
29.10
52.50
23.20
0.00
0.00
0.00
8.10
10.60
0.10
0.00
0.00
0.00
0.00
0.00
0.00
0.00
0.00
1.10
0.10
47.70
0.60
0.00
0.00
0.00
43.60
0.00
0.00
0.00
4.10
15.60
0.00
0.00
0.00
125.00
14.70
77.30
2.70
9.30
1.50
27.20
0.40
47.20
16.60
0.00
0.10
3.50
0.90
0.00
0.30
0.00
0.00
0.00
0.00
1.10
0.00
0.20
0.00
0.00
0.00
0.00
1.80
4.90
0.00
0.00
0.00
2.40
39.20
63.70
0.00
0.00
0.00
0.00
0.00
0.00
0.10
0.00
42.20
23.80
5.40
4.80
26.00
19.70
0.30
0.30
0.00
5.90
5.90
54.70
6.30
9.80
0.00
0.00
0.00
0.00
57.90
47.70
2.40
30.50
67.60
6.60
0.00
6.40
11.20
2.00
2.10
0.00
7.50
111.80
175.10
23.50
0.00
0.00
0.40
16.20
1.60
7.60
0.00
2.30
0.00
23.40
10.30
0.90
11.50
5.90
12.00
8.00
1.40
4.80
32.40
7.80
9.80
3.90
10.30
52.50
52.50
77.30
77.30
33.90
10.40
10.40
0.00
0.00
10.40
10.40
10.40
47.50
3.60
22.20
32.30
48.80
9.10
7.20
3.70
0.70
31.50
4.70
4.10
22.80
32.50
32.40
1.30
0.00
16.10
5.70
0.30
1.20
0.00
23.40
21.90
17.00
19.00
0.80
1.70
3.10
1.00
3.50
23.90
32.40
23.50
22.20
1.10
14.30
3.50
3.40
0.00
1.50
4.00
10.50
14.80
21.00
55.20
10.90
12.50
4.30
0.40
5.50
4.40
5.20
7.30
1.50
0.50
1.10
9.10
0.60
0.30
0.20
0.40
23.60
13.40
27.80
35.70
26.10
0.00
0.00
0.00
26.40
16.10
16.10
11.00
0.00
6.00
0.00
32.70
0.70
0.30
19.20
21.60
0.00
0.00
0.00
0.00
9.20
4.80
0.00
0.00
0.00
0.00
0.10
5.90
0.70
0.20
0.20
0.70
