20160101
0.00
2.00
0.00
0.00
0.00
0.00
0.00
0.00
5.00
0.00
0.00
0.00
0.00
0.00
0.00
0.00
0.00
0.00
9.00
3.00
0.00
0.00
0.00
0.00
0.00
0.00
0.00
0.00
14.00
0.00
0.00
0.00
0.00
1.00
0.00
0.00
0.00
0.00
2.00
1.00
0.00
0.00
0.00
0.00
0.00
5.00
0.00
0.00
0.00
0.00
0.00
36.00
0.00
32.00
127.00
0.00
25.00
0.00
0.00
0.00
0.00
0.00
0.00
28.00
0.00
7.00
0.00
0.00
0.00
32.00
6.00
0.00
0.00
0.00
0.00
0.00
0.00
0.00
22.00
60.00
30.00
0.00
4.00
0.00
0.00
0.00
0.00
450.00
11.00
177.00
178.00
5.00
0.00
125.00
24.00
203.00
46.00
20.00
40.00
10.00
0.00
19.00
44.00
33.00
289.00
180.00
301.00
61.00
198.00
250.00
17.00
20.00
81.00
766.00
431.00
30.00
104.00
76.00
152.00
0.00
45.00
72.00
3.00
4.00
12.00
0.00
10.00
1.00
2.00
0.00
2.00
11.00
93.00
188.00
98.00
139.00
764.00
548.00
135.00
36.00
57.00
638.00
0.00
18.00
78.00
18.00
6.00
1.00
36.00
17.00
13.00
18.00
3.00
0.00
0.00
39.00
30.00
11.00
119.00
23.00
63.00
55.00
24.00
6.00
2.00
12.00
104.00
58.00
43.00
48.00
10.00
60.00
13.00
15.00
30.00
16.00
49.00
35.00
4.00
6.00
86.00
167.00
209.00
185.00
109.00
52.00
8.00
29.00
14.00
73.00
24.00
102.00
35.00
43.00
19.00
186.00
191.00
88.00
0.00
0.00
22.00
38.00
7.00
53.00
54.00
38.00
176.00
4.00
219.00
26.00
47.00
8.00
160.00
18.00
3.00
0.00
8.00
37.00
31.00
25.00
4.00
7.00
32.00
9.00
12.00
34.00
0.00
30.00
82.00
12.00
12.00
4.00
740.00
28.00
0.00
94.00
1.00
208.00
0.00
156.00
0.00
9.00
34.00
331.00
18.00
9.00
0.00
0.00
2.00
0.00
2.00
1.00
4.00
58.00
8.00
16.00
5.00
0.00
0.00
14.00
58.00
37.00
4.00
104.00
92.00
12.00
79.00
5.00
197.00
0.00
19.00
51.00
0.00
1.00
4.00
3.00
0.00
0.00
0.00
13.00
0.00
79.00
139.00
99.00
9.00
77.00
0.00
0.00
0.00
0.00
0.00
0.00
0.00
0.00
0.00
0.00
0.00
0.00
0.00
0.00
55.00
87.00
64.00
0.00
0.00
0.00
0.00
58.00
148.00
184.00
91.00
1.00
0.00
0.00
0.00
0.00
0.00
0.00
0.00
0.00
0.00
2.00
0.00
0.00
0.00
1.00
0.00
0.00
0.00
0.00
0.00
0.00
0.00
0.00
0.00
52.00
0.00
0.00
0.00
0.00
0.00
11.00
0.00
0.00
0.00
0.00
0.00
0.00
0.00
0.00
0.00
0.00
0.00
0.00
0.00
0.00
0.00
0.00
0.00
0.00
0.00
0.00
1.00
0.00
16.00
0.00
0.00
0.00
4.00
5.00
0.00
0.00
0.00
0.00
0.00
0.00
0.00
0.00
0.00
0.00
0.00
0.00
0.00
0.00
0.00
0.00
0.00
0.00
0.00
0.00
0.00
0.00
1.00
0.00
0.00
0.00
0.00
0.00
0.00
0.00
0.00
0.00
0.00
0.00
0.00
0.00
0.00
0.00
0.00
0.00
4.00
0.00
0.00
0.00
0.00
0.00
43.00
147.00
47.00
3.00
0.00
0.00
0.00
0.00
0.00
0.00
0.00
0.00
15.00
81.00
0.00
0.00
70.00
0.00
122.00
69.00
0.00
2.00
0.00
0.00
2.00
0.00
110.00
6.00
106.00
0.00
0.00
0.00
0.00
23.00
0.00
0.00
5.00
321.00
239.00
347.00
573.00
210.00
373.00
247.00
18.00
0.00
5.00
8.00
56.00
0.00
0.00
0.00
4.00
11.00
69.00
2.00
0.00
21.00
123.00
12.00
77.00
14.00
0.00
9.00
362.00
74.00
19.00
49.00
8.00
165.00
87.00
0.00
25.00
6.00
41.00
65.00
8.00
0.00
53.00
0.00
0.00
0.00
1.00
47.00
120.00
2.00
31.00
4.00
36.00
0.00
12.00
0.00
0.00
122.00
3.00
29.00
125.00
25.00
46.00
353.00
7.00
121.00
17.00
157.00
76.00
0.00
0.00
13.00
192.00
174.00
16.00
192.00
481.00
42.00
21.00
71.00
60.00
28.00
63.00
18.00
4.00
33.00
39.00
24.00
11.00
5.00
6.00
99.00
31.00
163.00
319.00
179.00
48.00
55.00
105.00
53.00
5.00
38.00
119.00
102.00
130.00
78.00
36.00
33.00
77.00
25.00
4.00
12.00
48.00
49.00
14.00
1.00
48.00
47.00
21.00
23.00
14.00
33.00
143.00
4.00
0.00
4.00
40.00
40.00
114.00
47.00
4.00
83.00
39.00
10.00
2.00
7.00
57.00
53.00
21.00
47.00
149.00
34.00
16.00
67.00
10.00
0.00
13.00
35.00
6.00
10.00
127.00
286.00
23.00
1.00
138.00
8.00
19.00
28.00
73.00
13.00
0.00
3.00
1.00
9.00
1.00
7.00
12.00
106.00
10.00
2.00
10.00
2.00
24.00
490.00
58.00
158.00
115.00
0.00
15.00
1.00
26.00
17.00
146.00
55.00
137.00
120.00
32.00
2.00
0.00
16.00
0.00
19.00
4.00
0.00
8.00
13.00
0.00
4.00
68.00
6.00
1.00
0.00
0.00
0.00
10.00
68.00
92.00
756.00
0.00
0.00
0.00
0.00
0.00
0.00
8.00
1085.00
407.00
0.00
0.00
0.00
0.00
11.00
0.00
0.00
0.00
0.00
0.00
0.00
0.00
7.00
0.00
4.00
42.00
1.00
38.00
1.00
0.00
0.00
0.00
0.00
0.00
0.00
0.00
0.00
0.00
0.00
0.00
0.00
0.00
0.00
0.00
0.00
0.00
1.00
146.00
198.00
814.00
63.00
0.00
0.00
0.00
0.00
0.00
0.00
0.00
0.00
36.00
0.00
0.00
0.00
0.00
0.00
0.00
12.00
0.00
0.00
0.00
0.00
33.00
136.00
136.00
0.00
0.00
0.00
0.00
0.00
0.00
35.00
0.00
0.00
0.00
0.00
0.00
0.00
0.00
0.00
0.00
0.00
0.00
0.00
0.00
0.00
0.00
0.00
0.00
0.00
0.00
0.00
0.00
0.00
13.00
0.00
0.00
4.00
0.00
0.00
19.00
31.00
25.00
32.00
9.00
0.00
3.00
0.00
0.00
0.00
0.00
0.00
0.00
0.00
0.00
0.00
0.00
3.00
0.00
372.00
0.00
0.00
0.00
0.00
16.00
0.00
2.00
0.00
0.00
0.00
0.00
0.00
0.00
64.00
380.00
0.00
243.00
81.00
149.00
47.00
0.00
0.00
14.00
0.00
0.00
0.00
0.00
130.00
29.00
0.00
20.00
53.00
0.00
34.00
25.00
0.00
0.00
0.00
4.00
13.00
35.00
0.00
86.00
269.00
102.00
5.00
90.00
0.00
0.00
37.00
5.00
14.00
26.00
86.00
66.00
0.00
0.00
14.00
0.00
0.00
242.00
40.00
91.00
1.00
212.00
3.00
144.00
335.00
171.00
140.00
87.00
390.00
372.00
68.00
121.00
131.00
0.00
5.00
2.00
0.00
0.00
0.00
0.00
0.00
43.00
0.00
0.00
3.00
0.00
5.00
0.00
63.00
0.00
7.00
0.00
4.00
191.00
39.00
12.00
22.00
2.00
17.00
37.00
122.00
276.00
589.00
11.00
32.00
24.00
75.00
0.00
0.00
6.00
6.00
16.00
62.00
66.00
10.00
45.00
65.00
25.00
26.00
22.00
27.00
2.00
8.00
1.00
0.00
0.00
4.00
26.00
72.00
61.00
42.00
22.00
36.00
50.00
18.00
23.00
2.00
3.00
3.00
0.00
16.00
64.00
63.00
25.00
350.00
331.00
13.00
93.00
113.00
300.00
167.00
36.00
270.00
8.00
94.00
65.00
253.00
185.00
4.00
5.00
66.00
31.00
129.00
62.00
16.00
8.00
33.00
2.00
39.00
53.00
24.00
15.00
300.00
95.00
92.00
46.00
16.00
0.00
98.00
24.00
32.00
2.00
0.00
77.00
28.00
24.00
111.00
0.00
0.00
0.00
1.00
6.00
1.00
0.00
1.00
0.00
0.00
19.00
4.00
12.00
1.00
1.00
31.00
1.00
1.00
3.00
16.00
0.00
0.00
7.00
1.00
0.00
0.00
0.00
0.00
0.00
0.00
0.00
0.00
0.00
0.00
37.00
25.00
127.00
166.00
206.00
0.00
15.00
0.00
0.00
0.00
0.00
0.00
0.00
0.00
0.00
0.00
0.00
0.00
223.00
129.00
110.00
139.00
40.00
0.00
16.00
0.00
1.00
0.00
0.00
0.00
0.00
0.00
0.00
0.00
10.00
0.00
0.00
0.00
0.00
0.00
0.00
0.00
0.00
0.00
0.00
0.00
0.00
0.00
0.00
0.00
0.00
0.00
0.00
0.00
0.00
0.00
2.00
3.00
2.00
0.00
0.00
0.00
0.00
37.00
0.00
0.00
14.00
0.00
25.00
49.00
9.00
0.00
0.00
0.00
0.00
0.00
0.00
0.00
0.00
0.00
0.00
0.00
0.00
0.00
0.00
0.00
13.00
0.00
1.00
0.00
21.00
0.00
0.00
0.00
0.00
13.00
0.00
0.00
0.00
0.00
0.00
0.00
0.00
0.00
0.00
0.00
0.00
0.00
0.00
0.00
0.00
4.00
1.00
0.00
1.00
0.00
0.00
0.00
0.00
0.00
0.00
0.00
0.00
1.00
0.00
0.00
0.00
7.00
0.00
0.00
0.00
9.00
0.00
0.00
0.00
0.00
0.00
1.60
0.00
35.70
17.90
49.70
16.20
0.00
0.00
0.10
0.00
1.60
0.00
0.00
0.00
0.00
0.00
0.00
0.00
0.00
0.00
0.80
0.00
13.00
3.70
4.50
0.00
0.00
8.00
0.00
14.90
0.00
2.30
7.80
0.00
0.00
0.00
19.00
64.20
62.80
0.00
98.70
3.20
3.70
1.00
22.30
9.10
0.00
0.00
0.00
0.40
0.00
6.30
0.00
23.50
0.00
0.00
2.50
0.00
1.20
0.00
0.00
0.00
0.00
0.10
5.00
6.90
3.20
3.20
0.00
9.70
8.10
0.00
0.00
0.00
0.00
1.10
0.00
1.10
3.00
2.60
4.50
8.10
0.00
0.90
0.60
0.00
0.00
0.10
0.90
0.90
13.80
0.00
0.00
0.00
0.00
0.00
0.00
16.20
1.80
0.00
0.40
0.00
0.00
0.00
3.60
5.10
23.50
0.00
0.30
0.60
0.00
7.50
4.30
0.00
0.30
0.00
6.10
0.40
1.50
0.40
1.20
0.40
0.30
3.30
0.40
1.00
0.40
0.30
1.00
0.00
0.00
0.00
1.00
0.20
3.20
1.40
3.00
3.00
0.50
0.50
0.40
9.80
9.80
0.00
0.30
9.80
9.80
9.80
6.70
4.30
0.00
1.00
12.20
4.50
5.40
0.50
1.60
7.80
2.10
1.70
0.10
0.00
0.00
10.60
0.20
3.10
0.60
4.80
6.80
0.00
4.20
0.70
5.20
2.60
1.70
0.60
0.40
0.20
3.70
8.40
14.00
20.50
0.80
0.00
0.00
0.00
22.70
0.00
5.40
0.20
4.00
5.20
0.00
3.70
0.30
0.00
0.00
1.60
0.60
5.20
6.70
3.60
1.10
2.10
3.00
14.60
0.00
0.00
0.00
0.70
18.70
19.30
13.60
11.60
8.10
9.70
0.70
2.20
5.80
1.10
1.10
11.40
0.00
0.00
8.00
1.00
2.40
0.90
0.90
0.20
0.00
0.00
0.10
0.00
11.50
0.10
0.00
0.40
0.00
0.20
0.40
7.20
0.20
0.10
1.40
1.70
