20160101
0.00
0.00
0.00
0.00
0.00
0.00
0.00
0.00
0.00
0.00
0.00
0.00
0.00
0.00
0.00
0.00
0.00
0.00
0.00
2.00
5.00
0.00
0.00
0.00
0.00
0.00
0.00
0.00
0.00
0.00
0.00
0.00
0.00
0.00
0.00
0.00
0.00
0.00
0.00
0.00
51.00
0.00
0.00
0.00
0.00
0.00
0.00
0.00
0.00
0.00
0.00
23.00
2.00
208.00
497.00
10.00
12.00
0.00
0.00
0.00
0.00
0.00
0.00
109.00
0.00
13.00
0.00
1.00
2.00
3.00
7.00
0.00
0.00
1.00
0.00
36.00
0.00
0.00
18.00
0.00
10.00
0.00
103.00
0.00
0.00
0.00
0.00
658.00
13.00
63.00
613.00
1.00
0.00
293.00
287.00
781.00
101.00
12.00
72.00
3.00
4.00
0.00
0.00
35.00
129.00
199.00
403.00
315.00
9.00
550.00
137.00
584.00
406.00
78.00
71.00
261.00
89.00
58.00
21.00
0.00
82.00
22.00
291.00
18.00
119.00
3.00
7.00
2.00
0.00
1.00
0.00
76.00
152.00
249.00
48.00
65.00
28.00
912.00
190.00
14.00
108.00
1335.00
0.00
3.00
8.00
110.00
1.00
82.00
9.00
71.00
101.00
13.00
0.00
0.00
0.00
112.00
64.00
335.00
128.00
69.00
221.00
24.00
3.00
119.00
19.00
1.00
6.00
29.00
143.00
61.00
22.00
24.00
91.00
29.00
14.00
75.00
54.00
12.00
114.00
3.00
223.00
87.00
251.00
245.00
75.00
21.00
1.00
20.00
7.00
27.00
43.00
47.00
39.00
43.00
5.00
144.00
218.00
45.00
7.00
2.00
17.00
1.00
23.00
81.00
143.00
118.00
228.00
4.00
43.00
64.00
110.00
48.00
22.00
43.00
0.00
0.00
34.00
112.00
70.00
149.00
31.00
70.00
38.00
42.00
108.00
5.00
21.00
12.00
55.00
5.00
2.00
2.00
238.00
15.00
5.00
76.00
0.00
373.00
5.00
11.00
91.00
108.00
549.00
450.00
49.00
1.00
11.00
141.00
166.00
49.00
127.00
1.00
0.00
96.00
21.00
42.00
356.00
13.00
0.00
321.00
189.00
10.00
312.00
3.00
712.00
153.00
276.00
121.00
259.00
101.00
51.00
424.00
0.00
283.00
36.00
0.00
0.00
317.00
35.00
192.00
78.00
216.00
82.00
84.00
16.00
198.00
9.00
0.00
0.00
0.00
0.00
0.00
0.00
0.00
0.00
0.00
0.00
20.00
41.00
0.00
145.00
52.00
180.00
1.00
0.00
0.00
1.00
18.00
171.00
335.00
100.00
0.00
0.00
0.00
0.00
0.00
0.00
0.00
0.00
0.00
1.00
0.00
0.00
0.00
0.00
0.00
0.00
0.00
0.00
0.00
0.00
0.00
0.00
0.00
0.00
14.00
0.00
0.00
0.00
0.00
0.00
0.00
0.00
0.00
0.00
0.00
0.00
0.00
0.00
0.00
0.00
0.00
0.00
0.00
0.00
0.00
0.00
0.00
0.00
0.00
0.00
0.00
0.00
0.00
0.00
0.00
0.00
0.00
0.00
0.00
0.00
0.00
0.00
0.00
0.00
0.00
0.00
0.00
0.00
0.00
0.00
0.00
0.00
0.00
0.00
1.00
0.00
0.00
0.00
0.00
0.00
0.00
0.00
0.00
0.00
0.00
0.00
0.00
0.00
0.00
0.00
0.00
0.00
0.00
0.00
0.00
0.00
0.00
0.00
0.00
0.00
0.00
0.00
0.00
0.00
0.00
8.00
11.00
0.00
0.00
0.00
0.00
0.00
0.00
0.00
0.00
0.00
0.00
0.00
52.00
20.00
0.00
105.00
0.00
98.00
73.00
0.00
0.00
0.00
0.00
0.00
0.00
97.00
0.00
94.00
0.00
0.00
0.00
0.00
31.00
0.00
11.00
8.00
328.00
672.00
932.00
264.00
198.00
184.00
512.00
76.00
0.00
0.00
0.00
15.00
0.00
0.00
0.00
0.00
0.00
85.00
5.00
0.00
1.00
421.00
323.00
237.00
278.00
55.00
177.00
182.00
0.00
22.00
71.00
2.00
54.00
180.00
0.00
0.00
25.00
78.00
65.00
0.00
0.00
231.00
1.00
0.00
0.00
19.00
227.00
291.00
30.00
0.00
1.00
126.00
9.00
107.00
20.00
0.00
33.00
0.00
147.00
49.00
84.00
120.00
417.00
228.00
123.00
125.00
261.00
34.00
0.00
0.00
47.00
203.00
386.00
246.00
440.00
99.00
22.00
0.00
39.00
44.00
96.00
69.00
80.00
75.00
92.00
102.00
36.00
42.00
525.00
123.00
27.00
225.00
48.00
508.00
139.00
23.00
77.00
4.00
48.00
42.00
123.00
127.00
72.00
75.00
204.00
205.00
316.00
208.00
12.00
3.00
41.00
65.00
79.00
127.00
122.00
3.00
252.00
102.00
19.00
37.00
10.00
56.00
16.00
40.00
14.00
23.00
113.00
250.00
14.00
36.00
29.00
31.00
2.00
1.00
6.00
343.00
172.00
20.00
21.00
50.00
9.00
3.00
21.00
11.00
59.00
122.00
36.00
33.00
141.00
102.00
298.00
24.00
49.00
85.00
42.00
65.00
52.00
4.00
50.00
26.00
1.00
0.00
0.00
81.00
31.00
24.00
122.00
217.00
20.00
0.00
0.00
1.00
180.00
45.00
101.00
167.00
23.00
0.00
2.00
0.00
0.00
11.00
249.00
88.00
33.00
165.00
31.00
17.00
1.00
6.00
25.00
136.00
356.00
169.00
62.00
42.00
157.00
390.00
146.00
0.00
0.00
0.00
1.00
48.00
552.00
207.00
769.00
0.00
0.00
0.00
0.00
0.00
0.00
7.00
795.00
630.00
0.00
0.00
0.00
0.00
0.00
0.00
0.00
0.00
0.00
0.00
0.00
0.00
48.00
5.00
1.00
67.00
25.00
17.00
4.00
0.00
0.00
0.00
0.00
0.00
0.00
0.00
0.00
0.00
0.00
0.00
0.00
0.00
0.00
0.00
0.00
0.00
0.00
2.00
374.00
252.00
186.00
17.00
0.00
0.00
0.00
0.00
0.00
0.00
0.00
46.00
0.00
0.00
0.00
0.00
0.00
0.00
0.00
0.00
0.00
0.00
0.00
44.00
57.00
67.00
0.00
0.00
0.00
0.00
0.00
0.00
0.00
0.00
0.00
0.00
0.00
0.00
0.00
0.00
0.00
0.00
0.00
0.00
0.00
0.00
0.00
0.00
0.00
0.00
0.00
0.00
0.00
0.00
0.00
0.00
0.00
0.00
0.00
0.00
0.00
17.00
15.00
34.00
4.00
59.00
0.00
0.00
0.00
0.00
0.00
0.00
0.00
0.00
0.00
0.00
0.00
12.00
0.00
3.00
507.00
0.00
0.00
0.00
0.00
3.00
0.00
0.00
0.00
0.00
0.00
0.00
0.00
0.00
8.00
436.00
0.00
229.00
189.00
28.00
8.00
0.00
0.00
0.00
0.00
0.00
0.00
0.00
189.00
56.00
0.00
136.00
198.00
1.00
3.00
19.00
22.00
0.00
2.00
22.00
0.00
62.00
0.00
11.00
151.00
5.00
0.00
88.00
2.00
0.00
267.00
44.00
4.00
59.00
161.00
90.00
0.00
4.00
61.00
0.00
14.00
51.00
64.00
204.00
13.00
143.00
20.00
136.00
234.00
524.00
462.00
359.00
614.00
333.00
108.00
0.00
159.00
2.00
190.00
0.00
0.00
0.00
70.00
2.00
0.00
4.00
8.00
155.00
76.00
67.00
10.00
17.00
256.00
2.00
35.00
146.00
222.00
14.00
121.00
390.00
10.00
3.00
14.00
10.00
102.00
560.00
552.00
26.00
117.00
73.00
44.00
110.00
0.00
36.00
11.00
163.00
56.00
45.00
23.00
8.00
27.00
65.00
75.00
2.00
25.00
0.00
0.00
21.00
0.00
3.00
21.00
96.00
60.00
30.00
169.00
119.00
14.00
23.00
26.00
13.00
5.00
7.00
14.00
0.00
1.00
80.00
71.00
68.00
143.00
142.00
50.00
46.00
227.00
257.00
260.00
96.00
86.00
12.00
87.00
61.00
65.00
55.00
28.00
8.00
8.00
20.00
193.00
77.00
30.00
7.00
12.00
53.00
2.00
10.00
5.00
276.00
184.00
16.00
193.00
48.00
13.00
21.00
12.00
120.00
32.00
284.00
20.00
233.00
26.00
10.00
2.00
0.00
26.00
5.00
5.00
47.00
23.00
0.00
28.00
5.00
0.00
68.00
2.00
0.00
7.00
20.00
19.00
169.00
0.00
27.00
64.00
4.00
0.00
3.00
0.00
0.00
0.00
156.00
20.00
1.00
0.00
0.00
1.00
27.00
27.00
17.00
142.00
298.00
176.00
29.00
16.00
0.00
0.00
0.00
0.00
0.00
0.00
0.00
0.00
0.00
0.00
0.00
0.00
423.00
256.00
188.00
139.00
98.00
0.00
0.00
33.00
0.00
0.00
0.00
0.00
0.00
0.00
0.00
0.00
0.00
0.00
2.00
0.00
0.00
0.00
0.00
0.00
0.00
0.00
0.00
0.00
0.00
0.00
0.00
0.00
0.00
0.00
0.00
0.00
0.00
0.00
0.00
0.00
2.00
0.00
0.00
0.00
0.00
34.00
0.00
0.00
0.00
0.00
9.00
24.00
2.00
0.00
0.00
0.00
0.00
0.00
0.00
0.00
0.00
0.00
0.00
0.00
0.00
0.00
0.00
0.00
0.00
0.00
0.00
0.00
0.00
0.00
0.00
0.00
0.00
0.00
0.00
0.00
0.00
0.00
0.00
0.00
0.00
0.00
0.00
0.00
0.00
0.00
0.00
0.00
0.00
0.00
25.00
0.00
0.00
0.00
0.00
0.00
0.00
0.00
0.00
0.00
0.00
0.00
0.00
0.00
0.00
0.00
0.00
0.00
1.00
10.00
0.00
0.00
0.00
0.00
0.00
2.00
0.10
78.10
38.00
67.30
48.70
0.00
0.00
0.00
1.90
28.50
0.10
0.00
0.00
0.00
0.00
0.00
0.00
0.00
0.00
0.10
0.00
18.50
3.50
0.40
1.00
0.00
19.30
0.30
0.00
0.00
0.30
15.80
0.00
0.00
0.00
68.80
21.70
95.70
2.10
31.00
3.70
5.20
0.60
52.60
22.60
0.10
0.00
0.80
0.00
0.00
15.40
0.00
3.50
0.00
0.00
5.80
0.00
1.50
0.00
0.00
0.00
0.00
0.20
21.40
7.80
0.50
0.50
0.40
8.30
13.10
0.10
0.00
0.00
0.00
0.00
0.00
1.20
0.00
4.50
5.40
0.20
0.40
4.80
8.70
1.70
1.70
2.60
7.70
7.70
81.20
7.40
7.20
0.00
0.50
0.00
1.30
22.00
1.90
0.30
5.90
7.50
2.00
18.00
10.70
2.70
13.30
4.90
0.00
4.80
0.50
27.10
8.30
0.00
51.80
4.00
11.20
26.50
13.00
4.80
6.00
0.00
0.50
3.90
2.40
1.30
0.20
3.00
8.20
3.40
6.30
10.30
7.50
36.30
6.90
2.90
1.90
1.90
9.70
9.70
2.00
3.80
3.80
0.40
0.10
3.80
3.80
3.80
2.60
9.20
13.40
8.80
41.90
39.00
9.20
3.80
3.00
7.10
10.20
65.80
19.50
71.40
0.30
4.10
2.20
2.00
7.70
2.80
2.50
0.00
1.90
14.90
12.60
3.90
9.20
3.40
0.80
2.60
4.10
3.10
15.40
6.10
7.30
0.30
0.90
1.50
7.70
2.80
1.20
0.30
0.70
1.60
0.80
8.60
14.00
28.10
7.00
4.70
2.30
21.70
13.50
16.10
0.70
0.80
12.60
18.60
0.40
0.30
9.30
3.80
34.70
32.20
31.40
29.40
18.90
4.20
10.40
55.90
23.90
7.90
7.90
6.10
3.30
1.30
0.90
39.10
34.40
6.20
16.10
20.40
0.10
0.00
0.00
0.00
26.10
1.20
0.00
0.00
1.20
0.00
5.00
17.40
3.40
0.50
0.10
0.70
