20160101
0.00
0.00
0.00
0.00
0.00
0.00
0.00
0.00
0.00
0.00
0.00
0.00
0.00
0.00
0.00
0.00
0.00
0.00
75.00
50.00
0.00
0.00
0.00
0.00
0.00
0.00
1.00
0.00
0.00
0.00
0.00
0.00
0.00
0.00
0.00
0.00
0.00
0.00
15.00
0.00
0.00
0.00
0.00
0.00
0.00
0.00
9.00
1.00
0.00
1.00
10.00
0.00
0.00
0.00
0.00
0.00
6.00
3.00
0.00
0.00
0.00
0.00
0.00
0.00
0.00
97.00
0.00
0.00
0.00
0.00
0.00
0.00
11.00
21.00
1.00
0.00
0.00
0.00
0.00
0.00
0.00
0.00
0.00
0.00
0.00
0.00
10.00
1.00
15.00
31.00
141.00
25.00
0.00
5.00
0.00
3.00
0.00
1.00
0.00
0.00
0.00
0.00
0.00
0.00
0.00
0.00
86.00
0.00
0.00
0.00
0.00
0.00
0.00
0.00
0.00
0.00
0.00
0.00
0.00
1.00
0.00
0.00
14.00
16.00
0.00
0.00
0.00
285.00
28.00
49.00
170.00
5.00
100.00
40.00
444.00
38.00
45.00
42.00
129.00
376.00
117.00
15.00
0.00
2.00
84.00
69.00
0.00
12.00
7.00
14.00
6.00
292.00
0.00
0.00
0.00
0.00
0.00
4.00
3.00
0.00
1.00
0.00
64.00
78.00
3.00
309.00
47.00
347.00
21.00
7.00
108.00
11.00
35.00
98.00
75.00
18.00
13.00
67.00
91.00
1.00
6.00
12.00
33.00
247.00
201.00
110.00
191.00
1.00
36.00
137.00
48.00
12.00
4.00
12.00
210.00
39.00
1.00
115.00
657.00
139.00
141.00
60.00
96.00
30.00
222.00
73.00
154.00
31.00
11.00
32.00
110.00
57.00
59.00
279.00
152.00
50.00
179.00
108.00
19.00
55.00
14.00
0.00
147.00
18.00
0.00
114.00
120.00
123.00
209.00
106.00
6.00
0.00
12.00
98.00
0.00
0.00
0.00
676.00
6.00
0.00
42.00
10.00
95.00
24.00
20.00
252.00
47.00
76.00
0.00
7.00
2.00
6.00
0.00
3.00
11.00
222.00
72.00
4.00
63.00
39.00
18.00
26.00
152.00
137.00
49.00
0.00
4.00
7.00
466.00
183.00
8.00
25.00
17.00
0.00
20.00
0.00
0.00
10.00
1.00
0.00
3.00
0.00
499.00
292.00
120.00
14.00
0.00
0.00
0.00
0.00
0.00
0.00
0.00
0.00
0.00
0.00
0.00
0.00
0.00
0.00
138.00
0.00
0.00
0.00
0.00
0.00
0.00
7.00
168.00
118.00
0.00
0.00
0.00
0.00
0.00
0.00
0.00
0.00
0.00
0.00
0.00
0.00
0.00
0.00
0.00
0.00
0.00
0.00
0.00
0.00
0.00
0.00
0.00
0.00
0.00
42.00
0.00
0.00
0.00
0.00
0.00
0.00
0.00
0.00
0.00
0.00
0.00
0.00
0.00
0.00
0.00
0.00
0.00
0.00
0.00
0.00
0.00
0.00
0.00
0.00
2.00
0.00
0.00
0.00
0.00
0.00
2.00
0.00
0.00
7.00
0.00
0.00
0.00
0.00
0.00
182.00
0.00
0.00
0.00
0.00
0.00
0.00
0.00
0.00
0.00
0.00
0.00
0.00
0.00
0.00
0.00
7.00
46.00
16.00
0.00
0.00
0.00
0.00
0.00
0.00
0.00
0.00
0.00
0.00
0.00
0.00
0.00
0.00
0.00
0.00
0.00
0.00
0.00
0.00
0.00
0.00
0.00
0.00
0.00
0.00
0.00
0.00
0.00
0.00
0.00
0.00
0.00
3.00
200.00
5.00
0.00
0.00
5.00
2.00
155.00
0.00
0.00
0.00
0.00
0.00
0.00
75.00
3.00
67.00
439.00
0.00
0.00
0.00
0.00
251.00
0.00
0.00
343.00
127.00
0.00
0.00
8.00
21.00
2.00
0.00
0.00
0.00
31.00
135.00
0.00
0.00
0.00
0.00
0.00
0.00
387.00
209.00
0.00
0.00
290.00
35.00
262.00
868.00
0.00
44.00
140.00
0.00
0.00
0.00
23.00
572.00
86.00
0.00
25.00
53.00
102.00
62.00
0.00
7.00
223.00
0.00
48.00
0.00
71.00
434.00
648.00
11.00
90.00
1.00
0.00
8.00
0.00
26.00
0.00
0.00
1.00
260.00
2.00
8.00
62.00
71.00
7.00
32.00
612.00
83.00
1.00
107.00
0.00
4.00
47.00
2.00
14.00
10.00
430.00
25.00
67.00
1.00
390.00
82.00
1479.00
167.00
0.00
0.00
23.00
20.00
26.00
7.00
0.00
9.00
7.00
19.00
93.00
119.00
53.00
313.00
253.00
181.00
1.00
50.00
42.00
73.00
63.00
206.00
420.00
47.00
15.00
18.00
47.00
41.00
171.00
46.00
66.00
60.00
87.00
54.00
646.00
48.00
29.00
14.00
36.00
246.00
59.00
13.00
311.00
75.00
131.00
86.00
134.00
80.00
8.00
47.00
53.00
326.00
868.00
425.00
198.00
137.00
39.00
18.00
128.00
33.00
40.00
64.00
191.00
351.00
191.00
31.00
5.00
719.00
86.00
40.00
63.00
46.00
119.00
548.00
430.00
26.00
9.00
24.00
101.00
29.00
93.00
240.00
109.00
321.00
13.00
44.00
25.00
5.00
9.00
322.00
115.00
62.00
102.00
43.00
3.00
8.00
10.00
1.00
0.00
90.00
97.00
580.00
281.00
78.00
143.00
1.00
0.00
0.00
29.00
0.00
1.00
5.00
1.00
0.00
9.00
0.00
19.00
0.00
0.00
0.00
1.00
4.00
1119.00
640.00
0.00
0.00
0.00
0.00
0.00
0.00
0.00
0.00
0.00
0.00
0.00
0.00
0.00
0.00
0.00
0.00
0.00
0.00
0.00
0.00
0.00
0.00
0.00
0.00
191.00
112.00
3.00
0.00
0.00
0.00
0.00
0.00
0.00
0.00
0.00
0.00
0.00
0.00
0.00
0.00
0.00
0.00
0.00
0.00
0.00
0.00
1.00
0.00
169.00
0.00
0.00
0.00
0.00
0.00
0.00
0.00
0.00
1.00
12.00
0.00
0.00
0.00
0.00
0.00
0.00
0.00
0.00
0.00
0.00
0.00
0.00
0.00
0.00
0.00
0.00
0.00
0.00
0.00
0.00
0.00
0.00
0.00
0.00
0.00
0.00
0.00
0.00
0.00
0.00
0.00
0.00
0.00
0.00
0.00
0.00
0.00
0.00
0.00
0.00
0.00
0.00
0.00
0.00
0.00
0.00
0.00
0.00
0.00
1235.00
153.00
39.00
46.00
19.00
312.00
1076.00
573.00
0.00
0.00
0.00
0.00
0.00
0.00
0.00
0.00
0.00
0.00
266.00
429.00
0.00
0.00
0.00
0.00
0.00
0.00
90.00
0.00
0.00
0.00
0.00
0.00
0.00
1.00
0.00
0.00
1.00
23.00
0.00
0.00
0.00
0.00
0.00
0.00
0.00
0.00
146.00
16.00
0.00
1.00
10.00
533.00
118.00
0.00
1.00
0.00
0.00
81.00
3.00
13.00
0.00
4.00
0.00
3.00
16.00
0.00
35.00
0.00
0.00
19.00
14.00
68.00
55.00
20.00
0.00
0.00
26.00
281.00
32.00
0.00
158.00
269.00
345.00
41.00
120.00
0.00
243.00
246.00
312.00
0.00
1.00
333.00
16.00
0.00
0.00
0.00
0.00
67.00
113.00
0.00
0.00
0.00
3.00
1.00
87.00
66.00
39.00
22.00
12.00
5.00
84.00
0.00
318.00
103.00
80.00
0.00
30.00
0.00
2.00
48.00
46.00
45.00
52.00
1.00
0.00
45.00
3.00
208.00
1.00
0.00
9.00
99.00
98.00
0.00
0.00
0.00
7.00
168.00
29.00
41.00
9.00
5.00
0.00
91.00
163.00
289.00
170.00
31.00
0.00
1.00
1.00
2.00
4.00
33.00
4.00
51.00
42.00
39.00
3.00
8.00
2.00
5.00
1.00
378.00
11.00
56.00
112.00
344.00
7.00
15.00
81.00
78.00
102.00
192.00
337.00
245.00
38.00
77.00
32.00
50.00
225.00
33.00
25.00
7.00
7.00
20.00
25.00
47.00
128.00
369.00
25.00
5.00
0.00
61.00
241.00
3.00
59.00
651.00
265.00
85.00
12.00
3.00
4.00
1.00
12.00
71.00
4.00
126.00
123.00
97.00
26.00
0.00
0.00
0.00
9.00
13.00
105.00
1146.00
182.00
2.00
1.00
6.00
1.00
4.00
198.00
272.00
72.00
0.00
0.00
2.00
10.00
11.00
0.00
2.00
0.00
0.00
0.00
0.00
3.00
0.00
0.00
0.00
0.00
0.00
0.00
0.00
713.00
95.00
3.00
0.00
0.00
0.00
0.00
0.00
0.00
0.00
0.00
0.00
0.00
0.00
0.00
0.00
0.00
0.00
0.00
0.00
0.00
0.00
0.00
0.00
0.00
0.00
0.00
0.00
0.00
0.00
0.00
0.00
0.00
0.00
0.00
0.00
0.00
0.00
0.00
0.00
0.00
0.00
0.00
0.00
0.00
0.00
0.00
0.00
0.00
0.00
0.00
0.00
0.00
0.00
0.00
3.00
0.00
0.00
0.00
0.00
0.00
0.00
0.00
0.00
0.00
0.00
9.00
101.00
398.00
0.00
0.00
0.00
0.00
0.00
0.00
0.00
0.00
0.00
0.00
0.00
0.00
0.00
0.00
0.00
0.00
0.00
0.00
0.00
0.00
0.00
0.00
0.00
0.00
0.00
0.00
0.00
0.00
0.00
0.00
0.00
0.00
0.00
0.00
0.00
0.00
0.00
0.00
5.00
5.00
0.00
0.00
0.00
0.00
0.00
0.00
0.00
0.00
0.00
0.00
1.00
10.00
0.00
0.00
0.00
3.00
0.00
0.00
13.00
3.00
0.00
0.00
0.00
0.00
0.00
0.00
0.00
0.00
19.70
0.10
25.50
1.10
0.00
0.00
0.00
1.50
0.00
0.00
0.00
0.00
0.00
0.00
0.00
0.00
0.00
2.40
5.40
0.10
2.60
3.20
0.00
0.00
0.00
9.30
0.00
0.00
0.00
3.20
0.00
0.00
52.50
0.10
36.70
0.00
16.70
0.00
22.80
0.10
13.60
0.10
2.40
12.30
0.00
2.00
0.00
21.20
0.20
3.00
2.50
0.00
0.00
0.40
0.00
4.00
0.00
0.00
0.00
0.00
1.00
3.10
0.00
1.30
8.50
8.50
3.30
49.10
34.70
0.00
0.00
0.00
0.00
0.00
0.00
0.00
0.00
12.60
0.90
30.60
0.00
23.60
54.00
10.10
10.10
0.00
32.10
32.10
77.30
3.40
0.00
32.90
22.40
0.10
6.10
17.80
13.60
73.30
0.40
0.10
0.10
0.00
0.10
0.00
0.00
0.00
0.00
0.20
1.30
30.30
18.10
0.50
66.70
0.10
4.20
3.30
10.50
3.80
0.00
1.70
16.80
51.70
9.90
3.90
0.00
15.80
4.50
0.00
0.00
0.70
4.80
12.20
17.60
47.20
75.60
75.60
50.20
50.20
36.20
2.10
2.10
2.60
2.10
2.10
2.10
2.10
3.50
14.10
74.30
13.40
5.60
30.40
13.70
4.00
9.70
5.10
5.00
9.90
10.80
2.60
8.70
10.00
8.10
6.10
12.20
4.20
6.00
1.20
45.10
12.50
20.60
2.70
27.00
0.50
0.60
1.20
0.50
1.00
70.50
21.00
2.20
0.90
0.40
0.90
3.00
8.80
3.90
6.60
6.50
7.00
3.30
0.90
0.00
0.10
1.50
0.20
10.90
12.20
7.10
1.80
20.50
4.40
17.40
12.80
28.60
0.20
1.40
1.90
3.80
4.30
5.50
15.40
63.10
2.40
1.70
20.80
18.70
72.00
72.00
0.00
1.30
0.40
4.30
4.00
26.40
90.70
18.20
0.00
0.00
0.00
0.00
0.00
0.10
0.10
0.00
0.00
1.30
0.30
0.30
0.00
0.00
0.00
25.00
113.80
