20160101
0.00
0.00
0.00
0.00
0.00
0.00
0.00
0.00
2.00
0.00
0.00
0.00
0.00
0.00
0.00
0.00
0.00
0.00
0.00
0.00
7.00
0.00
0.00
0.00
0.00
0.00
0.00
0.00
0.00
0.00
0.00
0.00
0.00
0.00
0.00
0.00
0.00
0.00
0.00
0.00
57.00
0.00
0.00
0.00
0.00
0.00
0.00
0.00
0.00
0.00
0.00
23.00
0.00
133.00
380.00
8.00
12.00
2.00
0.00
0.00
0.00
0.00
0.00
97.00
0.00
14.00
0.00
1.00
2.00
0.00
6.00
0.00
0.00
2.00
0.00
50.00
0.00
0.00
31.00
3.00
11.00
0.00
105.00
0.00
0.00
0.00
0.00
609.00
5.00
83.00
683.00
0.00
0.00
202.00
185.00
721.00
73.00
16.00
42.00
2.00
4.00
5.00
0.00
38.00
137.00
116.00
405.00
224.00
12.00
280.00
96.00
269.00
305.00
128.00
103.00
174.00
88.00
45.00
27.00
0.00
61.00
23.00
139.00
8.00
111.00
2.00
8.00
4.00
0.00
2.00
0.00
94.00
167.00
271.00
40.00
47.00
37.00
647.00
207.00
13.00
110.00
1089.00
2.00
14.00
7.00
157.00
6.00
149.00
10.00
52.00
118.00
14.00
0.00
0.00
0.00
98.00
51.00
257.00
126.00
60.00
413.00
71.00
1.00
88.00
19.00
0.00
33.00
20.00
92.00
77.00
27.00
20.00
118.00
33.00
16.00
56.00
52.00
9.00
59.00
1.00
215.00
252.00
523.00
397.00
114.00
38.00
4.00
16.00
6.00
43.00
37.00
66.00
49.00
25.00
3.00
120.00
162.00
87.00
2.00
2.00
10.00
4.00
19.00
35.00
72.00
45.00
240.00
1.00
74.00
54.00
94.00
27.00
63.00
51.00
3.00
0.00
23.00
92.00
77.00
61.00
13.00
51.00
61.00
58.00
90.00
8.00
15.00
7.00
71.00
7.00
0.00
3.00
257.00
8.00
7.00
86.00
0.00
346.00
0.00
17.00
81.00
73.00
243.00
561.00
28.00
4.00
4.00
68.00
116.00
27.00
160.00
1.00
1.00
56.00
22.00
16.00
369.00
0.00
0.00
347.00
173.00
18.00
422.00
8.00
605.00
111.00
157.00
103.00
184.00
11.00
90.00
334.00
0.00
125.00
5.00
0.00
0.00
10.00
27.00
212.00
90.00
240.00
98.00
75.00
4.00
200.00
11.00
0.00
0.00
0.00
0.00
0.00
0.00
0.00
0.00
0.00
0.00
6.00
29.00
0.00
166.00
42.00
202.00
2.00
0.00
0.00
4.00
23.00
156.00
324.00
81.00
0.00
0.00
0.00
0.00
0.00
0.00
0.00
0.00
0.00
2.00
0.00
0.00
0.00
0.00
0.00
0.00
0.00
0.00
0.00
0.00
0.00
0.00
0.00
0.00
14.00
0.00
0.00
0.00
0.00
0.00
0.00
0.00
0.00
0.00
0.00
0.00
0.00
0.00
0.00
0.00
0.00
0.00
0.00
0.00
0.00
0.00
0.00
0.00
0.00
0.00
0.00
0.00
0.00
0.00
0.00
0.00
0.00
0.00
0.00
0.00
0.00
0.00
0.00
0.00
0.00
0.00
0.00
0.00
0.00
0.00
0.00
0.00
0.00
0.00
0.00
0.00
0.00
0.00
0.00
0.00
0.00
0.00
0.00
0.00
0.00
0.00
0.00
0.00
0.00
0.00
0.00
0.00
0.00
0.00
0.00
0.00
0.00
0.00
0.00
0.00
0.00
0.00
0.00
0.00
0.00
7.00
13.00
0.00
0.00
0.00
0.00
0.00
0.00
0.00
0.00
0.00
0.00
0.00
58.00
18.00
0.00
120.00
0.00
68.00
63.00
0.00
0.00
0.00
0.00
0.00
0.00
93.00
0.00
101.00
0.00
0.00
0.00
0.00
23.00
0.00
5.00
5.00
355.00
616.00
923.00
250.00
185.00
167.00
452.00
42.00
0.00
0.00
0.00
16.00
0.00
0.00
0.00
0.00
0.00
79.00
13.00
0.00
0.00
335.00
133.00
198.00
203.00
21.00
174.00
154.00
0.00
21.00
59.00
0.00
34.00
94.00
0.00
0.00
37.00
62.00
58.00
1.00
0.00
215.00
1.00
0.00
0.00
28.00
188.00
282.00
32.00
1.00
1.00
96.00
16.00
73.00
18.00
0.00
31.00
0.00
176.00
62.00
91.00
136.00
425.00
101.00
67.00
205.00
223.00
24.00
0.00
0.00
101.00
172.00
374.00
199.00
351.00
136.00
4.00
1.00
35.00
25.00
61.00
114.00
39.00
100.00
80.00
139.00
19.00
2.00
226.00
137.00
20.00
255.00
59.00
353.00
115.00
16.00
63.00
15.00
18.00
28.00
139.00
162.00
76.00
34.00
127.00
230.00
214.00
240.00
20.00
4.00
84.00
82.00
119.00
275.00
67.00
15.00
249.00
43.00
20.00
63.00
19.00
66.00
23.00
46.00
14.00
21.00
111.00
212.00
15.00
43.00
44.00
20.00
1.00
0.00
5.00
182.00
132.00
8.00
2.00
67.00
17.00
3.00
29.00
13.00
53.00
102.00
19.00
18.00
61.00
94.00
267.00
43.00
23.00
65.00
26.00
39.00
17.00
6.00
38.00
3.00
5.00
15.00
0.00
69.00
31.00
25.00
58.00
253.00
42.00
6.00
0.00
9.00
235.00
64.00
128.00
146.00
24.00
0.00
2.00
0.00
0.00
47.00
223.00
20.00
23.00
169.00
30.00
42.00
4.00
3.00
7.00
110.00
122.00
140.00
84.00
37.00
170.00
559.00
195.00
0.00
0.00
0.00
0.00
42.00
380.00
155.00
651.00
0.00
0.00
0.00
0.00
0.00
0.00
3.00
764.00
658.00
0.00
0.00
0.00
0.00
0.00
0.00
0.00
0.00
0.00
0.00
0.00
0.00
61.00
6.00
2.00
52.00
28.00
20.00
9.00
0.00
0.00
0.00
0.00
0.00
0.00
0.00
0.00
0.00
0.00
0.00
0.00
0.00
0.00
0.00
0.00
0.00
0.00
3.00
351.00
217.00
154.00
7.00
0.00
0.00
0.00
0.00
0.00
0.00
0.00
14.00
0.00
0.00
0.00
0.00
0.00
0.00
0.00
0.00
0.00
0.00
0.00
58.00
112.00
106.00
0.00
0.00
0.00
0.00
0.00
0.00
0.00
0.00
0.00
0.00
0.00
0.00
0.00
0.00
0.00
0.00
0.00
0.00
0.00
0.00
0.00
0.00
0.00
0.00
0.00
0.00
0.00
0.00
0.00
0.00
0.00
0.00
0.00
0.00
0.00
9.00
15.00
40.00
1.00
36.00
0.00
0.00
0.00
0.00
0.00
0.00
0.00
0.00
0.00
0.00
0.00
6.00
1.00
0.00
479.00
0.00
0.00
0.00
0.00
22.00
0.00
0.00
0.00
0.00
0.00
0.00
0.00
0.00
15.00
739.00
0.00
177.00
122.00
58.00
13.00
0.00
0.00
0.00
0.00
0.00
0.00
0.00
233.00
102.00
0.00
118.00
137.00
0.00
0.00
56.00
14.00
0.00
3.00
10.00
0.00
82.00
0.00
10.00
164.00
7.00
4.00
69.00
4.00
0.00
134.00
26.00
5.00
87.00
139.00
73.00
0.00
5.00
63.00
0.00
8.00
29.00
53.00
124.00
14.00
135.00
10.00
103.00
296.00
496.00
383.00
310.00
617.00
352.00
100.00
0.00
108.00
1.00
75.00
0.00
0.00
0.00
47.00
0.00
1.00
0.00
27.00
190.00
9.00
87.00
1.00
1.00
208.00
4.00
33.00
25.00
272.00
16.00
130.00
283.00
0.00
1.00
12.00
10.00
113.00
504.00
464.00
8.00
101.00
53.00
43.00
112.00
0.00
11.00
6.00
132.00
50.00
51.00
13.00
1.00
25.00
26.00
79.00
4.00
23.00
0.00
0.00
16.00
0.00
5.00
10.00
65.00
58.00
30.00
104.00
45.00
9.00
30.00
20.00
15.00
9.00
7.00
15.00
0.00
8.00
110.00
70.00
72.00
87.00
119.00
25.00
28.00
44.00
192.00
192.00
44.00
106.00
8.00
88.00
40.00
81.00
101.00
28.00
9.00
12.00
15.00
147.00
89.00
16.00
5.00
22.00
22.00
4.00
21.00
5.00
191.00
201.00
11.00
208.00
32.00
1.00
6.00
27.00
184.00
31.00
78.00
44.00
104.00
32.00
0.00
8.00
5.00
7.00
5.00
6.00
50.00
25.00
0.00
13.00
1.00
0.00
66.00
0.00
0.00
6.00
29.00
21.00
154.00
0.00
16.00
65.00
3.00
0.00
45.00
0.00
1.00
0.00
72.00
13.00
1.00
3.00
0.00
0.00
0.00
59.00
44.00
132.00
330.00
164.00
20.00
24.00
0.00
0.00
0.00
0.00
0.00
0.00
0.00
0.00
0.00
0.00
0.00
0.00
266.00
174.00
215.00
138.00
75.00
0.00
0.00
14.00
0.00
0.00
0.00
0.00
0.00
0.00
0.00
0.00
0.00
0.00
3.00
0.00
0.00
0.00
0.00
0.00
0.00
0.00
0.00
0.00
0.00
0.00
0.00
0.00
0.00
0.00
0.00
0.00
0.00
0.00
0.00
0.00
4.00
0.00
0.00
0.00
0.00
22.00
0.00
0.00
6.00
0.00
14.00
19.00
1.00
0.00
0.00
0.00
0.00
0.00
0.00
0.00
0.00
0.00
0.00
0.00
0.00
0.00
0.00
0.00
0.00
0.00
0.00
0.00
0.00
0.00
0.00
0.00
0.00
0.00
0.00
0.00
0.00
0.00
0.00
0.00
0.00
0.00
0.00
0.00
0.00
0.00
0.00
0.00
0.00
0.00
28.00
0.00
0.00
0.00
0.00
0.00
0.00
0.00
0.00
0.00
0.00
0.00
0.00
0.00
0.00
0.00
0.00
0.00
1.00
9.00
0.00
0.00
0.00
0.00
0.00
1.30
1.20
66.50
24.20
75.50
54.70
0.00
0.00
0.00
1.30
24.50
0.10
0.00
0.00
0.00
0.00
0.00
0.00
0.00
0.00
0.10
0.00
7.50
3.90
0.70
1.40
0.00
16.90
5.60
0.00
0.00
0.00
9.40
0.00
0.40
0.00
59.10
10.00
89.60
1.20
33.70
3.00
4.40
1.10
61.80
17.30
0.20
0.00
0.50
0.00
0.00
17.10
0.00
6.70
0.00
0.00
4.80
0.00
2.00
0.00
0.00
0.00
0.00
0.00
14.60
5.90
0.50
0.50
0.40
8.80
10.60
0.50
0.20
0.00
0.00
0.00
0.00
1.40
0.00
3.90
4.90
0.20
0.30
3.00
7.90
1.70
1.70
2.10
2.40
2.40
68.90
9.60
4.50
0.00
5.10
0.00
0.00
16.30
1.50
0.30
4.00
6.80
2.80
15.90
11.10
7.00
20.20
8.20
0.00
3.80
0.70
27.80
12.90
0.00
6.80
3.30
14.20
20.70
11.50
8.10
3.20
0.10
1.30
3.70
2.50
1.00
0.10
0.10
6.30
2.00
0.60
5.60
2.90
11.50
3.60
2.20
0.70
0.70
5.00
5.00
4.40
4.20
4.20
0.20
0.20
4.20
4.20
4.20
3.70
11.70
13.10
12.60
41.20
40.80
9.20
1.20
3.90
9.60
10.50
38.80
19.10
26.60
0.60
4.30
2.50
1.70
11.20
1.90
3.30
0.50
2.70
14.70
9.90
2.00
4.40
4.20
1.10
3.60
5.30
3.20
8.90
4.80
7.10
0.80
0.70
1.30
11.30
3.10
0.80
0.30
1.70
1.10
0.50
6.00
38.00
7.50
5.30
2.30
2.50
7.40
24.70
26.30
0.90
0.00
4.00
15.00
0.80
0.40
10.00
2.90
24.80
27.20
34.10
29.90
16.20
5.70
1.50
24.50
24.60
10.60
10.60
5.20
0.10
0.20
0.40
37.40
85.60
6.90
10.90
17.90
0.00
0.00
0.00
0.00
22.30
1.50
0.00
0.40
0.00
0.00
5.00
17.40
3.40
0.50
0.10
0.70
