20160101
0.00
0.00
0.00
0.00
0.00
0.00
0.00
0.00
1.00
0.00
0.00
0.00
0.00
0.00
0.00
0.00
0.00
0.00
38.00
35.00
0.00
0.00
0.00
0.00
0.00
0.00
0.00
0.00
0.00
0.00
0.00
0.00
0.00
0.00
0.00
0.00
0.00
0.00
16.00
0.00
0.00
0.00
0.00
0.00
0.00
0.00
0.00
0.00
0.00
0.00
5.00
2.00
0.00
0.00
4.00
0.00
5.00
0.00
0.00
0.00
0.00
10.00
0.00
0.00
0.00
368.00
0.00
0.00
0.00
0.00
0.00
1.00
1.00
6.00
0.00
0.00
0.00
0.00
0.00
0.00
0.00
0.00
0.00
0.00
0.00
0.00
0.00
186.00
83.00
202.00
147.00
16.00
0.00
80.00
4.00
12.00
0.00
0.00
0.00
0.00
0.00
0.00
0.00
0.00
0.00
6.00
403.00
0.00
0.00
0.00
0.00
0.00
0.00
0.00
0.00
0.00
0.00
130.00
0.00
0.00
0.00
24.00
0.00
149.00
1.00
36.00
8.00
137.00
11.00
12.00
58.00
7.00
1206.00
718.00
116.00
1116.00
13.00
14.00
123.00
12.00
35.00
364.00
0.00
0.00
87.00
69.00
1.00
154.00
71.00
6.00
33.00
41.00
0.00
0.00
0.00
0.00
0.00
95.00
647.00
0.00
9.00
0.00
185.00
253.00
0.00
152.00
61.00
174.00
74.00
2.00
75.00
117.00
125.00
73.00
119.00
37.00
40.00
161.00
69.00
24.00
74.00
86.00
38.00
119.00
32.00
201.00
194.00
50.00
155.00
422.00
150.00
25.00
39.00
11.00
4.00
17.00
53.00
314.00
84.00
371.00
175.00
98.00
47.00
158.00
49.00
230.00
102.00
34.00
28.00
31.00
155.00
23.00
202.00
357.00
105.00
244.00
162.00
86.00
8.00
47.00
77.00
6.00
320.00
4.00
6.00
181.00
271.00
325.00
153.00
24.00
19.00
2.00
182.00
58.00
5.00
13.00
13.00
1094.00
16.00
13.00
59.00
25.00
57.00
87.00
109.00
363.00
82.00
13.00
5.00
23.00
8.00
3.00
2.00
85.00
42.00
405.00
537.00
56.00
4.00
35.00
65.00
120.00
175.00
521.00
117.00
6.00
136.00
112.00
344.00
272.00
0.00
0.00
0.00
74.00
24.00
8.00
0.00
0.00
50.00
0.00
395.00
159.00
334.00
32.00
9.00
5.00
0.00
0.00
0.00
0.00
0.00
0.00
0.00
0.00
0.00
0.00
0.00
18.00
0.00
18.00
137.00
33.00
0.00
104.00
0.00
4.00
0.00
21.00
102.00
176.00
0.00
0.00
0.00
0.00
0.00
0.00
0.00
0.00
0.00
0.00
0.00
1.00
0.00
0.00
0.00
0.00
0.00
0.00
0.00
0.00
0.00
0.00
0.00
0.00
0.00
6.00
0.00
0.00
0.00
0.00
0.00
0.00
0.00
0.00
0.00
0.00
0.00
0.00
0.00
0.00
0.00
0.00
0.00
0.00
0.00
0.00
0.00
0.00
0.00
0.00
0.00
0.00
0.00
0.00
0.00
0.00
0.00
0.00
0.00
0.00
0.00
0.00
0.00
0.00
0.00
1.00
0.00
0.00
0.00
0.00
0.00
0.00
0.00
0.00
0.00
0.00
0.00
0.00
0.00
0.00
0.00
0.00
13.00
0.00
0.00
0.00
0.00
0.00
0.00
0.00
0.00
0.00
0.00
0.00
0.00
0.00
0.00
0.00
0.00
0.00
0.00
0.00
0.00
0.00
0.00
0.00
0.00
0.00
16.00
0.00
0.00
0.00
0.00
0.00
0.00
0.00
0.00
1.00
31.00
3.00
0.00
0.00
25.00
0.00
223.00
15.00
0.00
0.00
0.00
0.00
0.00
12.00
15.00
20.00
220.00
0.00
0.00
0.00
3.00
120.00
0.00
5.00
208.00
382.00
19.00
0.00
285.00
17.00
129.00
0.00
41.00
0.00
10.00
0.00
0.00
0.00
0.00
0.00
0.00
0.00
225.00
28.00
0.00
11.00
905.00
75.00
20.00
557.00
2.00
238.00
297.00
0.00
1.00
0.00
16.00
165.00
325.00
0.00
0.00
8.00
113.00
236.00
0.00
0.00
18.00
3.00
75.00
0.00
98.00
391.00
672.00
11.00
137.00
0.00
116.00
3.00
0.00
21.00
0.00
0.00
0.00
83.00
0.00
2.00
140.00
132.00
154.00
890.00
419.00
365.00
0.00
48.00
0.00
0.00
49.00
1.00
54.00
165.00
1134.00
13.00
230.00
2.00
173.00
220.00
601.00
954.00
39.00
10.00
100.00
0.00
84.00
3.00
12.00
10.00
75.00
31.00
203.00
111.00
103.00
255.00
267.00
172.00
46.00
39.00
16.00
186.00
88.00
109.00
118.00
109.00
11.00
61.00
83.00
559.00
132.00
104.00
26.00
221.00
192.00
20.00
425.00
44.00
136.00
20.00
67.00
100.00
66.00
66.00
201.00
56.00
269.00
530.00
151.00
21.00
10.00
34.00
37.00
460.00
1066.00
477.00
149.00
89.00
73.00
73.00
241.00
51.00
74.00
38.00
166.00
352.00
43.00
130.00
173.00
813.00
340.00
42.00
111.00
74.00
236.00
55.00
153.00
25.00
13.00
145.00
50.00
20.00
29.00
178.00
356.00
36.00
71.00
88.00
74.00
0.00
1.00
109.00
150.00
159.00
171.00
45.00
8.00
6.00
5.00
10.00
4.00
168.00
296.00
168.00
248.00
169.00
104.00
0.00
2.00
5.00
481.00
25.00
14.00
5.00
0.00
1.00
0.00
0.00
23.00
0.00
0.00
0.00
0.00
71.00
925.00
708.00
0.00
0.00
0.00
0.00
0.00
0.00
0.00
0.00
10.00
1.00
0.00
0.00
0.00
0.00
0.00
0.00
0.00
0.00
0.00
0.00
0.00
14.00
0.00
24.00
412.00
51.00
12.00
4.00
0.00
0.00
0.00
0.00
0.00
0.00
0.00
0.00
0.00
0.00
0.00
0.00
0.00
0.00
0.00
0.00
0.00
0.00
0.00
8.00
268.00
14.00
0.00
0.00
0.00
0.00
0.00
0.00
0.00
0.00
16.00
1.00
0.00
0.00
0.00
0.00
0.00
0.00
0.00
0.00
0.00
0.00
0.00
65.00
0.00
0.00
0.00
0.00
0.00
0.00
0.00
0.00
0.00
0.00
0.00
0.00
0.00
0.00
0.00
0.00
0.00
0.00
0.00
0.00
0.00
0.00
0.00
0.00
0.00
0.00
0.00
0.00
0.00
0.00
0.00
0.00
0.00
0.00
12.00
0.00
1025.00
365.00
246.00
35.00
35.00
0.00
559.00
298.00
0.00
0.00
0.00
0.00
0.00
0.00
0.00
0.00
0.00
0.00
602.00
212.00
0.00
0.00
0.00
0.00
0.00
0.00
52.00
0.00
0.00
0.00
0.00
0.00
0.00
0.00
0.00
0.00
11.00
142.00
0.00
0.00
0.00
0.00
0.00
0.00
8.00
8.00
67.00
25.00
0.00
154.00
167.00
348.00
544.00
0.00
11.00
0.00
0.00
20.00
122.00
114.00
24.00
0.00
0.00
254.00
2.00
4.00
242.00
0.00
176.00
10.00
49.00
19.00
12.00
65.00
4.00
0.00
0.00
312.00
185.00
0.00
96.00
145.00
70.00
0.00
132.00
0.00
54.00
700.00
487.00
19.00
169.00
100.00
42.00
168.00
0.00
1.00
0.00
313.00
23.00
1.00
28.00
0.00
60.00
9.00
75.00
38.00
26.00
101.00
1.00
0.00
160.00
5.00
239.00
66.00
99.00
0.00
180.00
12.00
0.00
0.00
22.00
23.00
413.00
1.00
25.00
282.00
0.00
522.00
45.00
0.00
19.00
96.00
175.00
0.00
7.00
4.00
14.00
241.00
16.00
72.00
14.00
8.00
9.00
16.00
49.00
200.00
67.00
216.00
4.00
30.00
30.00
4.00
40.00
16.00
50.00
82.00
76.00
242.00
96.00
5.00
47.00
4.00
5.00
204.00
44.00
30.00
256.00
250.00
186.00
4.00
108.00
7.00
107.00
246.00
72.00
55.00
26.00
2.00
79.00
130.00
598.00
51.00
6.00
91.00
143.00
95.00
376.00
144.00
27.00
266.00
169.00
21.00
74.00
195.00
68.00
61.00
36.00
287.00
194.00
200.00
84.00
43.00
4.00
27.00
3.00
71.00
32.00
201.00
58.00
73.00
58.00
2.00
2.00
23.00
42.00
23.00
322.00
725.00
249.00
36.00
3.00
1.00
0.00
15.00
169.00
110.00
2.00
2.00
9.00
49.00
59.00
19.00
33.00
0.00
24.00
0.00
0.00
0.00
20.00
23.00
0.00
0.00
0.00
0.00
0.00
9.00
105.00
220.00
3.00
0.00
0.00
0.00
0.00
0.00
0.00
0.00
0.00
1.00
0.00
0.00
0.00
0.00
1.00
53.00
21.00
7.00
0.00
0.00
0.00
0.00
0.00
5.00
0.00
0.00
0.00
0.00
0.00
0.00
0.00
0.00
0.00
0.00
0.00
0.00
0.00
0.00
0.00
0.00
0.00
0.00
0.00
0.00
0.00
0.00
0.00
0.00
0.00
0.00
0.00
1.00
0.00
14.00
0.00
0.00
0.00
0.00
0.00
0.00
0.00
0.00
0.00
0.00
6.00
72.00
21.00
0.00
0.00
0.00
0.00
0.00
0.00
0.00
0.00
0.00
0.00
0.00
0.00
0.00
0.00
0.00
0.00
0.00
0.00
0.00
0.00
0.00
0.00
0.00
0.00
0.00
0.00
0.00
0.00
0.00
0.00
0.00
0.00
0.00
0.00
0.00
0.00
0.00
0.00
0.00
0.00
0.00
0.00
0.00
0.00
0.00
0.00
0.00
0.00
0.00
0.00
0.00
0.00
0.00
0.00
0.00
0.00
0.00
0.00
0.00
0.00
0.00
0.00
0.00
0.00
0.00
0.00
0.00
2.00
11.70
2.80
33.50
3.50
0.00
0.00
0.00
0.30
0.00
0.00
0.00
0.00
0.00
0.00
0.00
0.00
0.00
2.80
0.30
0.00
17.90
1.00
1.30
0.00
0.00
1.60
0.00
0.00
0.00
12.70
12.60
0.00
3.90
10.00
102.30
2.00
52.00
0.00
24.40
1.30
48.50
0.00
10.80
29.60
0.00
7.90
1.20
28.20
0.00
0.00
3.00
0.00
0.00
0.00
0.00
10.20
0.30
0.00
0.00
0.00
0.00
12.40
0.00
3.10
0.10
0.10
0.00
45.70
17.80
0.00
0.00
0.00
0.00
0.00
0.00
2.10
0.00
20.00
0.90
14.10
0.00
25.50
15.70
27.40
27.40
0.00
15.20
15.20
27.00
3.20
0.00
4.30
0.00
0.00
10.50
22.10
12.30
23.00
11.10
0.00
18.20
0.10
0.10
0.00
2.10
0.00
0.00
0.10
0.80
8.10
48.60
0.00
163.60
1.10
12.90
4.70
9.20
2.70
0.00
0.00
9.60
35.80
15.70
149.70
2.60
17.40
1.30
0.30
1.00
0.50
5.20
11.90
12.10
19.90
41.40
41.40
40.90
40.90
30.40
0.00
0.00
1.70
0.00
0.00
0.00
0.00
15.50
5.90
6.50
27.90
17.60
17.30
1.40
0.00
0.70
7.90
4.80
1.00
4.00
1.60
4.20
14.70
0.50
5.50
8.10
4.80
1.00
3.70
30.10
8.80
2.50
20.50
68.00
0.20
0.00
0.00
5.60
3.40
23.70
28.30
8.30
0.30
0.00
0.00
1.10
1.30
1.00
6.10
44.30
60.00
16.30
15.20
8.40
7.70
1.40
1.20
10.40
5.60
0.60
3.20
13.80
1.70
17.70
7.60
1.80
0.00
0.00
0.00
13.30
52.30
6.50
40.70
42.10
1.40
3.20
12.80
1.80
20.20
20.20
1.10
0.00
4.50
17.30
3.00
15.10
2.20
24.00
1.30
0.00
0.00
0.00
0.00
0.00
0.00
0.00
0.00
0.00
0.00
0.00
4.20
1.50
0.10
0.00
3.60
