20160101
0.00
0.00
0.00
0.00
0.00
0.00
0.00
0.00
0.00
0.00
0.00
0.00
2.00
0.00
0.00
0.00
0.00
0.00
0.00
13.00
0.00
0.00
0.00
0.00
0.00
0.00
0.00
0.00
0.00
0.00
0.00
0.00
0.00
0.00
0.00
0.00
0.00
0.00
1.00
0.00
0.00
21.00
6.00
0.00
0.00
0.00
0.00
0.00
0.00
0.00
7.00
1.00
8.00
71.00
220.00
0.00
28.00
0.00
0.00
0.00
0.00
6.00
0.00
10.00
0.00
20.00
0.00
0.00
6.00
1.00
0.00
0.00
0.00
0.00
0.00
2.00
0.00
0.00
4.00
0.00
108.00
0.00
4.00
0.00
0.00
0.00
0.00
448.00
31.00
5.00
235.00
28.00
0.00
735.00
544.00
554.00
204.00
0.00
0.00
0.00
0.00
0.00
0.00
103.00
32.00
184.00
149.00
626.00
14.00
211.00
246.00
77.00
291.00
0.00
29.00
97.00
107.00
61.00
0.00
0.00
103.00
114.00
146.00
187.00
192.00
114.00
66.00
23.00
0.00
1.00
6.00
1.00
213.00
70.00
132.00
198.00
2.00
202.00
379.00
38.00
231.00
732.00
0.00
34.00
0.00
80.00
0.00
20.00
67.00
209.00
28.00
131.00
0.00
13.00
72.00
176.00
32.00
23.00
172.00
13.00
4.00
210.00
97.00
78.00
103.00
5.00
10.00
309.00
610.00
20.00
0.00
4.00
27.00
48.00
149.00
39.00
54.00
62.00
120.00
40.00
323.00
41.00
198.00
149.00
134.00
71.00
17.00
2.00
107.00
151.00
178.00
26.00
51.00
0.00
2.00
31.00
409.00
19.00
2.00
26.00
134.00
4.00
13.00
66.00
182.00
115.00
153.00
74.00
2.00
64.00
176.00
127.00
1.00
85.00
46.00
97.00
230.00
161.00
45.00
172.00
178.00
68.00
55.00
16.00
27.00
41.00
242.00
349.00
27.00
149.00
105.00
0.00
243.00
23.00
0.00
6.00
0.00
756.00
26.00
45.00
63.00
304.00
380.00
310.00
35.00
5.00
108.00
63.00
172.00
115.00
22.00
41.00
19.00
13.00
24.00
336.00
1473.00
415.00
0.00
33.00
99.00
365.00
154.00
66.00
431.00
5.00
49.00
2.00
162.00
42.00
3.00
120.00
41.00
22.00
3.00
0.00
0.00
33.00
114.00
26.00
66.00
18.00
14.00
79.00
222.00
86.00
14.00
0.00
0.00
0.00
0.00
0.00
0.00
0.00
0.00
0.00
0.00
0.00
0.00
0.00
55.00
7.00
30.00
0.00
0.00
0.00
2.00
30.00
179.00
417.00
323.00
0.00
0.00
0.00
0.00
0.00
0.00
0.00
0.00
0.00
0.00
0.00
0.00
0.00
0.00
0.00
0.00
0.00
0.00
0.00
0.00
0.00
0.00
0.00
0.00
0.00
0.00
0.00
0.00
0.00
0.00
0.00
0.00
0.00
0.00
0.00
0.00
0.00
0.00
0.00
0.00
0.00
0.00
0.00
0.00
0.00
0.00
0.00
0.00
0.00
0.00
0.00
0.00
0.00
0.00
0.00
0.00
0.00
0.00
0.00
0.00
0.00
0.00
0.00
0.00
0.00
0.00
0.00
0.00
0.00
0.00
0.00
0.00
0.00
0.00
0.00
0.00
0.00
0.00
0.00
0.00
0.00
3.00
0.00
0.00
0.00
0.00
0.00
0.00
0.00
0.00
0.00
0.00
0.00
0.00
0.00
0.00
0.00
0.00
0.00
0.00
0.00
0.00
0.00
0.00
0.00
0.00
0.00
54.00
0.00
0.00
0.00
0.00
0.00
0.00
0.00
0.00
0.00
3.00
41.00
3.00
0.00
78.00
0.00
140.00
70.00
2.00
0.00
0.00
0.00
0.00
1.00
54.00
0.00
66.00
0.00
0.00
0.00
0.00
174.00
15.00
3.00
35.00
135.00
307.00
201.00
36.00
41.00
242.00
486.00
651.00
0.00
0.00
0.00
0.00
0.00
0.00
0.00
0.00
0.00
109.00
41.00
0.00
1.00
772.00
658.00
246.00
825.00
19.00
505.00
108.00
2.00
0.00
47.00
31.00
38.00
244.00
0.00
0.00
79.00
66.00
87.00
0.00
0.00
92.00
0.00
25.00
0.00
23.00
175.00
377.00
0.00
78.00
21.00
175.00
41.00
46.00
16.00
0.00
0.00
19.00
38.00
23.00
5.00
135.00
521.00
402.00
595.00
97.00
522.00
470.00
59.00
0.00
0.00
53.00
237.00
1042.00
129.00
295.00
50.00
149.00
178.00
114.00
169.00
299.00
525.00
145.00
1.00
39.00
324.00
305.00
541.00
263.00
243.00
320.00
22.00
105.00
157.00
2.00
55.00
10.00
128.00
75.00
69.00
31.00
82.00
65.00
70.00
447.00
269.00
55.00
411.00
213.00
23.00
76.00
66.00
86.00
118.00
335.00
97.00
352.00
31.00
16.00
62.00
50.00
23.00
34.00
78.00
85.00
121.00
282.00
379.00
136.00
52.00
37.00
4.00
4.00
63.00
648.00
372.00
45.00
23.00
28.00
24.00
93.00
54.00
400.00
405.00
124.00
40.00
472.00
59.00
278.00
242.00
68.00
168.00
156.00
140.00
103.00
21.00
1.00
42.00
5.00
47.00
138.00
308.00
11.00
26.00
223.00
201.00
0.00
57.00
12.00
0.00
11.00
544.00
296.00
64.00
7.00
12.00
0.00
0.00
0.00
1.00
126.00
209.00
347.00
108.00
75.00
242.00
1.00
0.00
5.00
96.00
863.00
80.00
32.00
1.00
0.00
0.00
170.00
3.00
0.00
0.00
0.00
144.00
219.00
341.00
642.00
1432.00
0.00
0.00
0.00
0.00
0.00
0.00
0.00
527.00
559.00
0.00
0.00
0.00
0.00
0.00
0.00
0.00
0.00
0.00
0.00
0.00
0.00
47.00
0.00
0.00
188.00
24.00
26.00
0.00
0.00
0.00
0.00
0.00
0.00
0.00
0.00
0.00
0.00
0.00
0.00
0.00
0.00
0.00
0.00
0.00
0.00
0.00
162.00
443.00
318.00
256.00
0.00
0.00
0.00
0.00
0.00
0.00
0.00
0.00
18.00
0.00
0.00
0.00
0.00
0.00
0.00
0.00
0.00
0.00
0.00
0.00
35.00
272.00
2.00
0.00
0.00
0.00
0.00
0.00
0.00
0.00
0.00
0.00
0.00
0.00
0.00
0.00
0.00
0.00
0.00
0.00
0.00
0.00
0.00
0.00
0.00
0.00
0.00
0.00
0.00
0.00
0.00
0.00
0.00
0.00
0.00
0.00
0.00
0.00
55.00
46.00
57.00
12.00
17.00
0.00
8.00
0.00
0.00
0.00
0.00
0.00
0.00
0.00
0.00
0.00
0.00
0.00
23.00
449.00
0.00
0.00
0.00
0.00
0.00
0.00
0.00
0.00
0.00
0.00
0.00
0.00
0.00
0.00
13.00
0.00
0.00
12.00
17.00
0.00
0.00
0.00
0.00
0.00
0.00
0.00
45.00
447.00
55.00
7.00
178.00
344.00
1.00
1.00
28.00
0.00
0.00
268.00
8.00
17.00
123.00
1.00
60.00
92.00
44.00
1.00
29.00
0.00
0.00
47.00
54.00
39.00
51.00
259.00
146.00
0.00
5.00
52.00
10.00
5.00
323.00
87.00
361.00
1.00
289.00
33.00
319.00
467.00
930.00
682.00
677.00
490.00
244.00
388.00
0.00
38.00
230.00
158.00
73.00
0.00
112.00
0.00
63.00
23.00
9.00
17.00
111.00
4.00
0.00
11.00
73.00
21.00
37.00
159.00
5.00
17.00
15.00
39.00
341.00
366.00
67.00
200.00
190.00
110.00
334.00
487.00
38.00
828.00
510.00
4.00
136.00
0.00
15.00
0.00
9.00
119.00
33.00
52.00
5.00
243.00
62.00
3.00
1.00
13.00
0.00
13.00
68.00
0.00
0.00
10.00
53.00
39.00
18.00
74.00
13.00
116.00
181.00
38.00
562.00
19.00
96.00
40.00
133.00
123.00
270.00
22.00
33.00
124.00
7.00
5.00
15.00
87.00
192.00
311.00
211.00
21.00
9.00
1.00
445.00
292.00
41.00
82.00
138.00
129.00
28.00
94.00
388.00
604.00
554.00
510.00
336.00
36.00
1.00
1.00
183.00
111.00
1.00
155.00
59.00
131.00
142.00
87.00
24.00
5.00
42.00
43.00
86.00
1.00
6.00
87.00
137.00
52.00
0.00
5.00
119.00
18.00
0.00
9.00
1.00
0.00
5.00
116.00
23.00
28.00
284.00
145.00
154.00
0.00
29.00
3.00
59.00
28.00
29.00
0.00
0.00
0.00
0.00
0.00
0.00
0.00
3.00
0.00
0.00
0.00
10.00
113.00
378.00
220.00
15.00
13.00
0.00
0.00
0.00
0.00
0.00
0.00
0.00
0.00
0.00
0.00
0.00
0.00
1240.00
290.00
193.00
112.00
31.00
0.00
0.00
2.00
0.00
1.00
2.00
0.00
0.00
0.00
0.00
0.00
13.00
0.00
0.00
0.00
0.00
0.00
0.00
0.00
0.00
0.00
0.00
0.00
0.00
0.00
0.00
0.00
0.00
0.00
0.00
0.00
0.00
0.00
0.00
0.00
0.00
0.00
0.00
0.00
0.00
0.00
0.00
0.00
0.00
1.00
10.00
50.00
12.00
0.00
0.00
0.00
0.00
0.00
0.00
0.00
0.00
0.00
0.00
0.00
0.00
0.00
0.00
0.00
0.00
0.00
0.00
0.00
0.00
0.00
0.00
0.00
0.00
0.00
0.00
0.00
0.00
0.00
0.00
0.00
0.00
0.00
0.00
0.00
0.00
0.00
0.00
0.00
0.00
0.00
0.00
0.00
0.00
0.00
0.00
0.00
0.00
0.00
0.00
0.00
0.00
0.00
0.00
0.00
0.00
0.00
0.00
0.00
1.00
4.00
0.00
0.00
0.00
0.00
0.00
0.00
5.00
78.70
36.10
54.90
45.40
0.00
0.00
0.00
9.00
11.90
0.00
0.00
0.00
0.00
0.00
0.00
0.00
0.00
0.00
0.90
0.10
52.60
1.60
0.00
0.50
0.00
27.70
0.00
0.00
0.00
1.10
18.70
0.00
0.00
0.00
95.70
23.30
167.70
25.30
23.50
1.30
20.20
0.10
27.30
10.00
0.00
0.00
1.90
0.30
0.00
0.80
0.00
0.30
0.00
0.00
3.40
0.00
0.00
0.00
0.00
0.00
0.00
2.40
15.70
0.70
0.00
0.00
0.80
36.40
45.50
0.00
0.00
0.00
0.00
0.00
0.00
2.30
0.00
31.90
14.10
12.70
14.60
36.00
21.70
0.00
0.00
0.30
2.80
2.80
84.80
5.10
5.40
1.60
0.00
0.00
0.00
79.10
53.10
0.10
8.40
60.50
0.70
9.60
15.60
13.50
0.80
3.30
0.00
4.80
55.30
44.70
13.70
0.10
0.00
1.30
116.90
7.40
11.90
0.10
0.20
0.30
7.80
12.80
6.80
6.10
10.50
84.10
12.30
3.80
9.50
52.80
13.00
18.40
2.80
18.70
52.90
52.90
46.30
46.30
19.40
6.60
6.60
0.70
0.00
6.60
6.60
6.60
11.50
13.70
5.70
23.40
82.30
18.20
10.00
4.60
0.90
4.50
1.90
5.20
30.10
33.20
49.40
3.30
0.20
34.40
5.50
0.00
0.50
0.00
21.10
14.00
7.50
10.40
6.30
5.80
0.00
0.50
4.90
8.50
152.60
33.20
33.90
6.10
3.90
5.00
3.10
0.10
8.00
3.60
5.00
4.10
27.00
51.70
18.80
34.60
11.20
1.50
0.70
10.00
8.60
9.40
2.00
0.80
3.50
16.00
0.00
0.00
0.20
0.20
29.80
38.20
15.50
17.40
23.60
0.20
6.80
0.40
33.10
5.80
5.80
1.30
0.00
3.20
0.00
22.30
1.30
3.20
28.40
25.80
2.60
0.00
0.00
0.00
9.20
12.60
0.00
0.00
0.00
0.00
0.30
7.40
0.90
0.10
0.00
1.00
