20160101
0.00
0.00
0.00
0.00
0.00
0.00
0.00
0.00
0.00
0.00
0.00
0.00
0.00
0.00
0.00
0.00
0.00
0.00
0.00
29.00
0.00
0.00
0.00
0.00
0.00
0.00
0.00
0.00
0.00
0.00
0.00
0.00
0.00
0.00
0.00
0.00
0.00
0.00
0.00
0.00
0.00
0.00
0.00
0.00
0.00
0.00
0.00
0.00
0.00
0.00
2.00
0.00
1.00
25.00
101.00
0.00
33.00
0.00
0.00
0.00
2.00
9.00
0.00
1.00
0.00
78.00
0.00
0.00
5.00
0.00
0.00
0.00
0.00
0.00
0.00
28.00
0.00
0.00
0.00
0.00
47.00
0.00
0.00
0.00
0.00
0.00
0.00
351.00
389.00
49.00
708.00
58.00
12.00
479.00
355.00
47.00
0.00
0.00
0.00
0.00
0.00
0.00
0.00
0.00
55.00
22.00
220.00
696.00
0.00
76.00
2.00
0.00
0.00
0.00
0.00
0.00
1.00
59.00
0.00
0.00
0.00
150.00
87.00
136.00
34.00
31.00
155.00
59.00
0.00
0.00
3.00
6.00
440.00
101.00
162.00
317.00
1.00
0.00
39.00
33.00
232.00
608.00
3.00
0.00
15.00
49.00
17.00
0.00
267.00
3.00
21.00
137.00
6.00
28.00
126.00
125.00
0.00
27.00
80.00
0.00
6.00
31.00
429.00
50.00
14.00
43.00
58.00
80.00
107.00
7.00
0.00
1.00
9.00
155.00
193.00
4.00
47.00
176.00
73.00
96.00
38.00
8.00
66.00
188.00
175.00
104.00
6.00
1.00
221.00
228.00
149.00
40.00
12.00
0.00
0.00
5.00
112.00
154.00
5.00
47.00
112.00
43.00
0.00
18.00
91.00
11.00
81.00
36.00
41.00
21.00
154.00
89.00
54.00
256.00
162.00
159.00
68.00
95.00
12.00
12.00
79.00
3.00
262.00
0.00
1.00
538.00
479.00
319.00
194.00
29.00
5.00
0.00
77.00
7.00
0.00
1.00
0.00
382.00
16.00
57.00
32.00
464.00
124.00
138.00
46.00
35.00
64.00
4.00
62.00
14.00
0.00
3.00
10.00
21.00
243.00
332.00
523.00
572.00
152.00
216.00
81.00
11.00
84.00
98.00
74.00
54.00
115.00
1.00
23.00
19.00
1.00
90.00
4.00
326.00
11.00
0.00
0.00
85.00
220.00
170.00
321.00
37.00
4.00
34.00
44.00
158.00
0.00
0.00
0.00
0.00
0.00
0.00
0.00
0.00
0.00
0.00
0.00
15.00
0.00
0.00
82.00
1.00
49.00
0.00
0.00
0.00
0.00
31.00
215.00
401.00
142.00
0.00
0.00
0.00
0.00
0.00
0.00
0.00
0.00
0.00
0.00
0.00
0.00
0.00
0.00
0.00
0.00
0.00
0.00
0.00
0.00
0.00
0.00
0.00
0.00
0.00
0.00
0.00
0.00
0.00
0.00
0.00
0.00
0.00
0.00
0.00
0.00
0.00
0.00
0.00
0.00
0.00
0.00
0.00
0.00
0.00
0.00
0.00
0.00
0.00
0.00
0.00
0.00
0.00
0.00
0.00
0.00
0.00
0.00
8.00
0.00
0.00
0.00
0.00
0.00
0.00
0.00
0.00
0.00
0.00
0.00
0.00
0.00
0.00
0.00
0.00
0.00
0.00
0.00
0.00
0.00
0.00
7.00
0.00
0.00
0.00
0.00
0.00
0.00
0.00
0.00
0.00
0.00
0.00
0.00
0.00
0.00
0.00
0.00
0.00
0.00
0.00
0.00
0.00
0.00
0.00
0.00
0.00
97.00
0.00
0.00
0.00
0.00
0.00
0.00
0.00
0.00
0.00
4.00
26.00
0.00
0.00
23.00
0.00
253.00
109.00
0.00
0.00
0.00
0.00
0.00
0.00
28.00
0.00
47.00
0.00
0.00
0.00
0.00
282.00
0.00
0.00
17.00
474.00
182.00
35.00
2.00
0.00
63.00
422.00
253.00
0.00
0.00
0.00
0.00
0.00
0.00
0.00
0.00
0.00
2.00
0.00
0.00
3.00
996.00
312.00
15.00
736.00
23.00
486.00
188.00
0.00
0.00
1.00
259.00
1.00
463.00
0.00
0.00
24.00
5.00
323.00
0.00
0.00
83.00
0.00
1.00
5.00
18.00
78.00
502.00
1.00
87.00
0.00
251.00
6.00
0.00
254.00
0.00
0.00
0.00
30.00
0.00
12.00
177.00
267.00
1036.00
1130.00
90.00
144.00
179.00
82.00
0.00
139.00
155.00
85.00
135.00
197.00
382.00
17.00
292.00
126.00
468.00
419.00
1599.00
535.00
8.00
26.00
72.00
123.00
502.00
95.00
60.00
84.00
209.00
97.00
127.00
79.00
7.00
32.00
175.00
46.00
13.00
11.00
7.00
63.00
179.00
216.00
81.00
266.00
20.00
214.00
92.00
62.00
40.00
71.00
177.00
144.00
76.00
32.00
240.00
128.00
52.00
49.00
73.00
40.00
31.00
156.00
27.00
74.00
171.00
398.00
22.00
32.00
10.00
7.00
1.00
180.00
1362.00
516.00
41.00
50.00
8.00
18.00
359.00
158.00
345.00
57.00
109.00
134.00
278.00
120.00
262.00
76.00
253.00
62.00
49.00
172.00
299.00
133.00
114.00
208.00
50.00
144.00
123.00
184.00
78.00
19.00
960.00
243.00
11.00
205.00
9.00
3.00
53.00
167.00
243.00
90.00
8.00
6.00
0.00
2.00
8.00
299.00
46.00
212.00
433.00
69.00
125.00
305.00
2.00
102.00
229.00
262.00
199.00
3.00
3.00
0.00
32.00
0.00
5.00
0.00
0.00
2.00
3.00
458.00
189.00
749.00
658.00
1401.00
0.00
0.00
0.00
0.00
0.00
0.00
0.00
52.00
207.00
0.00
0.00
0.00
0.00
0.00
0.00
0.00
0.00
0.00
0.00
0.00
0.00
107.00
0.00
4.00
301.00
41.00
0.00
0.00
0.00
0.00
0.00
0.00
0.00
0.00
0.00
0.00
0.00
0.00
0.00
0.00
0.00
0.00
0.00
0.00
0.00
0.00
0.00
418.00
186.00
336.00
0.00
0.00
0.00
0.00
0.00
0.00
0.00
0.00
4.00
0.00
0.00
0.00
0.00
0.00
0.00
0.00
0.00
0.00
0.00
0.00
35.00
196.00
0.00
0.00
0.00
0.00
0.00
0.00
0.00
0.00
0.00
0.00
0.00
0.00
0.00
0.00
0.00
0.00
0.00
0.00
0.00
0.00
0.00
0.00
0.00
0.00
0.00
0.00
0.00
0.00
0.00
0.00
0.00
0.00
0.00
3.00
20.00
0.00
366.00
132.00
214.00
155.00
90.00
0.00
49.00
39.00
0.00
0.00
0.00
0.00
0.00
1.00
0.00
0.00
0.00
0.00
56.00
344.00
0.00
0.00
0.00
0.00
0.00
0.00
6.00
0.00
0.00
0.00
0.00
0.00
0.00
0.00
0.00
0.00
13.00
32.00
1.00
0.00
0.00
0.00
0.00
0.00
1.00
11.00
51.00
107.00
0.00
12.00
81.00
343.00
76.00
10.00
91.00
0.00
0.00
146.00
46.00
100.00
32.00
0.00
0.00
17.00
12.00
0.00
307.00
0.00
7.00
123.00
219.00
71.00
55.00
490.00
69.00
0.00
11.00
445.00
219.00
2.00
200.00
312.00
137.00
1.00
389.00
39.00
138.00
720.00
1227.00
317.00
447.00
380.00
246.00
84.00
0.00
3.00
55.00
159.00
16.00
579.00
200.00
4.00
45.00
92.00
38.00
44.00
124.00
206.00
111.00
0.00
84.00
1.00
63.00
257.00
302.00
20.00
90.00
141.00
7.00
165.00
7.00
157.00
778.00
143.00
32.00
911.00
4.00
564.00
588.00
0.00
5.00
0.00
158.00
0.00
9.00
46.00
0.00
5.00
3.00
75.00
16.00
1.00
3.00
1.00
4.00
82.00
73.00
9.00
5.00
0.00
28.00
11.00
9.00
16.00
17.00
105.00
232.00
170.00
379.00
16.00
13.00
13.00
30.00
65.00
142.00
14.00
82.00
174.00
47.00
3.00
4.00
25.00
28.00
18.00
145.00
34.00
18.00
0.00
9.00
149.00
145.00
54.00
5.00
10.00
83.00
157.00
27.00
346.00
165.00
212.00
818.00
52.00
455.00
70.00
85.00
160.00
11.00
121.00
40.00
169.00
102.00
130.00
16.00
0.00
5.00
48.00
27.00
3.00
8.00
286.00
121.00
1.00
1.00
2.00
67.00
17.00
60.00
12.00
8.00
41.00
1.00
0.00
0.00
97.00
141.00
207.00
48.00
13.00
28.00
0.00
113.00
93.00
35.00
0.00
68.00
0.00
0.00
0.00
0.00
42.00
11.00
0.00
0.00
0.00
2.00
79.00
178.00
105.00
7.00
0.00
0.00
0.00
0.00
0.00
0.00
0.00
0.00
0.00
0.00
0.00
0.00
0.00
48.00
120.00
49.00
43.00
6.00
0.00
0.00
0.00
4.00
37.00
23.00
0.00
0.00
0.00
0.00
0.00
0.00
0.00
0.00
0.00
0.00
0.00
0.00
0.00
0.00
0.00
0.00
0.00
0.00
0.00
0.00
0.00
0.00
0.00
0.00
0.00
0.00
0.00
0.00
0.00
0.00
0.00
0.00
0.00
0.00
0.00
0.00
0.00
0.00
0.00
25.00
88.00
32.00
0.00
0.00
0.00
0.00
0.00
0.00
0.00
0.00
0.00
0.00
0.00
0.00
0.00
0.00
0.00
0.00
0.00
0.00
0.00
0.00
0.00
0.00
0.00
0.00
0.00
0.00
0.00
0.00
0.00
0.00
0.00
0.00
0.00
0.00
0.00
0.00
0.00
0.00
0.00
0.00
0.00
0.00
0.00
0.00
0.00
0.00
0.00
0.00
0.00
0.00
0.00
0.00
0.00
0.00
0.00
0.00
0.00
0.00
0.00
1.00
8.00
0.00
0.00
0.00
0.00
0.00
0.00
0.30
26.60
27.70
47.90
22.90
0.00
0.00
0.00
3.10
8.90
0.00
0.00
0.00
0.00
0.00
0.00
0.00
0.00
0.10
1.40
0.20
51.30
0.20
0.00
0.00
0.00
6.50
0.00
0.00
0.00
5.90
15.30
0.00
0.10
0.40
86.60
10.40
68.90
19.90
0.00
1.30
35.80
0.00
16.90
13.80
0.00
0.10
6.10
3.20
0.00
0.00
0.70
0.00
0.00
0.00
0.10
1.80
0.50
0.00
0.00
0.00
0.00
0.00
0.10
0.10
0.00
0.00
0.10
44.80
59.00
0.00
0.00
0.00
0.00
0.00
0.00
0.70
0.00
23.50
2.00
0.90
0.70
20.80
15.10
3.00
3.00
0.00
13.50
13.50
41.30
3.20
0.10
1.20
0.00
0.00
1.80
64.20
37.30
56.20
44.60
62.10
18.00
0.50
2.10
12.50
5.00
0.00
0.00
4.50
125.30
59.90
23.90
0.00
0.00
0.00
2.30
12.60
8.90
0.00
0.00
0.00
19.40
14.50
0.70
14.80
0.30
5.50
1.40
0.40
2.20
6.50
5.40
4.50
9.20
44.70
26.20
26.20
58.80
58.80
51.20
1.10
1.10
6.30
0.00
1.10
1.10
1.10
10.70
6.90
8.30
19.80
28.20
5.60
5.20
0.20
0.20
13.90
7.60
1.80
18.20
19.50
34.10
2.90
7.70
15.50
9.10
4.70
0.30
1.70
56.10
11.50
36.20
26.20
0.40
0.30
0.00
0.00
4.90
13.10
35.60
49.50
16.20
0.30
0.80
0.00
14.50
0.30
1.30
16.10
39.80
38.00
14.90
39.20
7.20
3.10
2.10
0.40
1.20
3.20
4.70
6.30
0.80
0.30
0.70
15.30
0.30
0.00
0.10
0.00
7.90
25.10
11.30
56.50
29.40
0.00
7.30
0.60
29.00
7.20
7.20
8.00
0.40
11.30
2.80
9.60
5.20
0.30
17.30
26.50
0.00
0.00
0.00
0.00
3.60
7.00
0.00
0.00
0.00
0.00
0.30
7.40
0.90
0.10
0.00
1.00
