20160101
0.00
0.00
0.00
0.00
0.00
0.00
0.00
0.00
0.00
0.00
0.00
0.00
3.00
0.00
0.00
0.00
0.00
0.00
48.00
10.00
0.00
0.00
0.00
0.00
0.00
0.00
4.00
0.00
0.00
0.00
0.00
0.00
0.00
0.00
0.00
0.00
0.00
6.00
35.00
0.00
0.00
0.00
0.00
0.00
0.00
0.00
0.00
1.00
0.00
0.00
7.00
0.00
0.00
0.00
3.00
0.00
14.00
0.00
0.00
0.00
30.00
0.00
0.00
0.00
0.00
331.00
0.00
0.00
0.00
0.00
0.00
1.00
4.00
23.00
0.00
0.00
0.00
2.00
1.00
0.00
0.00
0.00
0.00
0.00
0.00
0.00
0.00
0.00
134.00
286.00
241.00
1.00
4.00
59.00
0.00
73.00
0.00
1.00
0.00
0.00
0.00
0.00
0.00
0.00
0.00
0.00
105.00
0.00
0.00
0.00
0.00
0.00
0.00
0.00
0.00
0.00
0.00
0.00
0.00
0.00
1.00
145.00
1.00
2.00
5.00
0.00
0.00
144.00
26.00
0.00
132.00
1.00
622.00
57.00
33.00
19.00
9.00
5.00
10.00
2.00
54.00
10.00
0.00
0.00
211.00
26.00
0.00
96.00
63.00
16.00
42.00
197.00
0.00
0.00
0.00
0.00
1.00
12.00
77.00
0.00
8.00
0.00
1134.00
379.00
5.00
31.00
14.00
213.00
2.00
0.00
20.00
28.00
12.00
36.00
15.00
6.00
1.00
125.00
32.00
2.00
2.00
10.00
14.00
113.00
282.00
78.00
329.00
74.00
49.00
174.00
54.00
6.00
1.00
16.00
5.00
23.00
96.00
343.00
46.00
97.00
219.00
79.00
10.00
30.00
20.00
85.00
105.00
33.00
3.00
39.00
55.00
68.00
94.00
152.00
99.00
72.00
60.00
87.00
32.00
52.00
37.00
39.00
104.00
20.00
13.00
7.00
118.00
91.00
218.00
268.00
10.00
2.00
58.00
378.00
53.00
3.00
6.00
458.00
15.00
9.00
10.00
6.00
15.00
17.00
13.00
739.00
85.00
5.00
13.00
17.00
109.00
15.00
1.00
9.00
15.00
184.00
156.00
32.00
15.00
19.00
103.00
218.00
119.00
748.00
148.00
16.00
7.00
159.00
961.00
242.00
41.00
18.00
6.00
4.00
0.00
34.00
16.00
29.00
6.00
12.00
31.00
56.00
125.00
47.00
133.00
11.00
0.00
0.00
0.00
0.00
0.00
0.00
0.00
0.00
0.00
0.00
0.00
19.00
0.00
0.00
21.00
0.00
0.00
14.00
0.00
0.00
2.00
19.00
432.00
495.00
0.00
0.00
0.00
0.00
0.00
0.00
0.00
0.00
0.00
0.00
0.00
0.00
0.00
0.00
0.00
0.00
0.00
0.00
0.00
0.00
0.00
0.00
0.00
0.00
0.00
2.00
0.00
0.00
0.00
0.00
0.00
0.00
0.00
0.00
0.00
0.00
0.00
0.00
0.00
0.00
0.00
0.00
0.00
0.00
0.00
0.00
0.00
0.00
0.00
0.00
0.00
0.00
0.00
0.00
0.00
1.00
0.00
0.00
0.00
0.00
0.00
0.00
0.00
0.00
0.00
13.00
0.00
0.00
0.00
0.00
0.00
0.00
0.00
0.00
0.00
0.00
0.00
0.00
0.00
0.00
0.00
0.00
12.00
0.00
0.00
0.00
0.00
0.00
0.00
0.00
0.00
0.00
0.00
0.00
0.00
0.00
0.00
0.00
0.00
0.00
0.00
0.00
0.00
0.00
0.00
0.00
0.00
0.00
0.00
0.00
0.00
0.00
0.00
0.00
0.00
0.00
0.00
28.00
14.00
138.00
0.00
0.00
10.00
0.00
317.00
3.00
0.00
0.00
0.00
0.00
0.00
129.00
204.00
10.00
228.00
0.00
0.00
0.00
0.00
24.00
0.00
4.00
14.00
90.00
23.00
0.00
380.00
93.00
157.00
0.00
35.00
0.00
57.00
0.00
0.00
0.00
0.00
0.00
0.00
0.00
5.00
0.00
0.00
54.00
527.00
1.00
870.00
911.00
592.00
169.00
370.00
0.00
6.00
0.00
267.00
207.00
236.00
0.00
0.00
0.00
158.00
23.00
0.00
0.00
37.00
0.00
79.00
0.00
59.00
234.00
571.00
1.00
221.00
0.00
0.00
0.00
0.00
0.00
0.00
0.00
0.00
91.00
0.00
8.00
170.00
46.00
86.00
96.00
167.00
11.00
0.00
175.00
0.00
0.00
45.00
1.00
0.00
101.00
497.00
2.00
15.00
49.00
30.00
64.00
286.00
187.00
0.00
5.00
148.00
0.00
0.00
0.00
0.00
1.00
2.00
11.00
24.00
30.00
60.00
305.00
268.00
50.00
20.00
15.00
10.00
51.00
83.00
330.00
209.00
47.00
19.00
27.00
38.00
131.00
65.00
253.00
95.00
288.00
5.00
38.00
722.00
27.00
155.00
50.00
1.00
62.00
51.00
0.00
114.00
220.00
139.00
127.00
19.00
52.00
15.00
2.00
11.00
276.00
1134.00
250.00
207.00
76.00
31.00
29.00
100.00
19.00
63.00
27.00
96.00
677.00
60.00
36.00
12.00
759.00
157.00
115.00
31.00
76.00
148.00
70.00
132.00
77.00
45.00
75.00
5.00
38.00
113.00
83.00
117.00
163.00
19.00
76.00
16.00
7.00
11.00
58.00
252.00
50.00
105.00
92.00
10.00
1.00
0.00
8.00
4.00
110.00
82.00
153.00
162.00
67.00
15.00
0.00
1.00
0.00
283.00
152.00
10.00
115.00
47.00
0.00
12.00
0.00
19.00
0.00
0.00
0.00
7.00
43.00
1037.00
294.00
0.00
0.00
0.00
0.00
0.00
0.00
0.00
0.00
0.00
0.00
0.00
0.00
0.00
0.00
0.00
0.00
0.00
0.00
0.00
0.00
0.00
19.00
8.00
0.00
305.00
93.00
7.00
0.00
0.00
0.00
0.00
0.00
0.00
0.00
0.00
0.00
0.00
0.00
0.00
0.00
0.00
0.00
0.00
0.00
0.00
0.00
0.00
2.00
47.00
0.00
0.00
0.00
0.00
0.00
0.00
0.00
0.00
0.00
8.00
0.00
0.00
0.00
0.00
0.00
0.00
0.00
0.00
0.00
0.00
0.00
0.00
13.00
0.00
0.00
0.00
0.00
0.00
0.00
0.00
0.00
0.00
0.00
0.00
0.00
0.00
0.00
0.00
0.00
0.00
0.00
0.00
0.00
0.00
0.00
0.00
0.00
0.00
0.00
0.00
0.00
0.00
0.00
0.00
0.00
0.00
0.00
0.00
0.00
964.00
318.00
107.00
26.00
56.00
0.00
461.00
496.00
0.00
0.00
0.00
0.00
0.00
0.00
0.00
0.00
0.00
0.00
852.00
301.00
42.00
0.00
0.00
0.00
0.00
0.00
236.00
0.00
0.00
0.00
0.00
0.00
0.00
0.00
0.00
0.00
85.00
71.00
0.00
0.00
0.00
0.00
0.00
0.00
5.00
39.00
23.00
89.00
0.00
140.00
20.00
520.00
153.00
3.00
3.00
0.00
0.00
115.00
236.00
122.00
0.00
12.00
0.00
240.00
47.00
2.00
4.00
0.00
0.00
49.00
35.00
23.00
76.00
51.00
0.00
0.00
0.00
333.00
87.00
0.00
87.00
46.00
218.00
0.00
336.00
0.00
23.00
781.00
56.00
28.00
46.00
5.00
157.00
87.00
0.00
7.00
0.00
17.00
41.00
0.00
14.00
0.00
220.00
3.00
37.00
30.00
20.00
49.00
0.00
0.00
41.00
0.00
82.00
25.00
211.00
4.00
122.00
0.00
0.00
0.00
23.00
33.00
567.00
62.00
25.00
37.00
0.00
163.00
24.00
308.00
36.00
4.00
9.00
0.00
0.00
0.00
14.00
75.00
25.00
252.00
3.00
0.00
0.00
1.00
134.00
301.00
171.00
77.00
0.00
0.00
2.00
3.00
6.00
18.00
12.00
28.00
8.00
103.00
77.00
6.00
18.00
1.00
1.00
96.00
31.00
46.00
170.00
350.00
110.00
6.00
310.00
40.00
59.00
146.00
127.00
108.00
12.00
6.00
26.00
28.00
295.00
16.00
8.00
28.00
22.00
29.00
107.00
51.00
79.00
52.00
23.00
13.00
8.00
81.00
80.00
26.00
2.00
191.00
93.00
23.00
20.00
24.00
18.00
3.00
0.00
47.00
5.00
190.00
29.00
80.00
19.00
4.00
0.00
9.00
19.00
63.00
43.00
624.00
283.00
4.00
17.00
16.00
7.00
8.00
150.00
140.00
45.00
23.00
4.00
5.00
27.00
22.00
0.00
0.00
0.00
0.00
0.00
0.00
0.00
0.00
0.00
0.00
0.00
0.00
0.00
18.00
402.00
122.00
6.00
0.00
0.00
0.00
0.00
0.00
0.00
0.00
0.00
0.00
0.00
0.00
0.00
0.00
0.00
4.00
3.00
0.00
0.00
0.00
0.00
0.00
0.00
12.00
0.00
0.00
0.00
0.00
0.00
0.00
0.00
0.00
0.00
0.00
0.00
0.00
0.00
0.00
0.00
0.00
0.00
0.00
0.00
0.00
0.00
0.00
0.00
0.00
0.00
1.00
0.00
0.00
0.00
3.00
0.00
0.00
0.00
0.00
0.00
0.00
0.00
0.00
0.00
0.00
10.00
109.00
20.00
0.00
0.00
0.00
0.00
0.00
0.00
0.00
0.00
0.00
0.00
0.00
0.00
0.00
0.00
0.00
0.00
0.00
0.00
0.00
0.00
0.00
0.00
0.00
0.00
0.00
0.00
0.00
0.00
0.00
0.00
0.00
0.00
0.00
0.00
0.00
0.00
0.00
0.00
2.00
2.00
0.00
0.00
0.00
0.00
0.00
0.00
0.00
0.00
0.00
0.00
0.00
1.00
0.00
0.00
0.00
0.00
0.00
0.00
0.00
2.00
0.00
0.00
0.00
0.00
0.00
0.00
0.00
5.00
16.20
1.70
21.70
0.30
0.00
0.00
0.00
0.00
0.70
0.00
0.00
0.00
0.00
0.00
0.00
0.00
0.00
0.80
3.90
0.00
2.70
1.50
0.00
0.00
0.00
0.00
0.00
0.00
0.00
7.60
6.30
0.00
14.20
3.60
79.50
0.10
12.10
0.00
2.30
0.00
70.70
0.20
5.80
14.40
0.00
57.60
3.00
15.20
0.00
0.00
5.80
0.00
0.00
0.00
0.00
9.00
0.00
0.00
0.00
0.00
0.10
0.00
0.00
0.00
0.10
0.10
0.00
86.30
11.40
0.00
0.00
0.00
0.00
0.00
0.00
0.00
0.00
31.10
2.60
29.00
0.00
14.10
0.00
0.00
0.00
0.00
33.90
33.90
17.50
0.70
0.00
2.60
1.40
0.00
2.90
3.10
0.00
44.00
0.00
0.60
8.10
0.00
0.00
0.00
0.00
0.00
0.00
0.20
0.30
4.30
11.40
0.00
262.10
0.20
1.50
0.40
6.70
1.90
0.00
0.00
4.70
15.20
27.00
1.90
0.00
11.70
0.30
0.90
0.40
0.00
4.40
6.20
7.70
5.10
12.60
12.60
53.20
53.20
78.50
1.30
1.30
3.90
0.80
1.30
1.30
1.30
3.20
5.10
18.30
48.30
27.40
20.20
5.00
1.80
3.10
4.70
3.40
4.50
8.80
3.10
3.50
21.20
4.00
3.50
27.80
5.90
3.00
3.40
24.40
7.60
22.40
16.60
34.00
1.70
1.20
1.70
1.80
2.60
49.70
8.60
11.80
3.50
0.80
1.70
5.10
3.60
2.60
5.60
51.80
19.80
9.80
3.10
2.40
1.50
3.10
1.30
12.80
2.20
1.50
1.80
32.70
0.80
3.50
1.90
3.20
1.40
1.50
1.90
3.70
11.60
2.60
15.20
101.50
8.20
6.00
15.30
16.70
21.20
21.20
2.30
2.00
2.20
3.30
4.30
3.20
35.00
59.00
2.30
0.30
0.40
0.20
0.20
0.70
0.40
0.20
0.10
2.10
0.70
2.00
0.00
0.00
0.80
11.00
53.60
