20160101
0.00
0.00
0.00
0.00
0.00
0.00
0.00
0.00
0.00
0.00
0.00
0.00
0.00
0.00
0.00
0.00
0.00
0.00
33.00
72.00
0.00
0.00
0.00
0.00
0.00
0.00
2.00
0.00
0.00
0.00
0.00
0.00
0.00
0.00
0.00
0.00
0.00
0.00
8.00
1.00
0.00
3.00
0.00
0.00
0.00
0.00
0.00
0.00
1.00
1.00
18.00
0.00
0.00
0.00
0.00
0.00
12.00
2.00
0.00
0.00
0.00
0.00
0.00
0.00
0.00
43.00
0.00
0.00
0.00
0.00
0.00
0.00
7.00
2.00
0.00
0.00
0.00
0.00
0.00
0.00
0.00
0.00
0.00
0.00
0.00
0.00
0.00
11.00
19.00
63.00
295.00
1.00
0.00
25.00
0.00
13.00
0.00
0.00
0.00
0.00
0.00
0.00
0.00
0.00
249.00
0.00
55.00
0.00
3.00
0.00
0.00
0.00
0.00
0.00
0.00
0.00
0.00
235.00
1.00
0.00
0.00
1.00
0.00
57.00
1.00
63.00
0.00
262.00
7.00
20.00
58.00
8.00
824.00
362.00
282.00
113.00
168.00
45.00
93.00
65.00
34.00
114.00
0.00
0.00
82.00
180.00
0.00
18.00
3.00
30.00
72.00
219.00
0.00
24.00
0.00
0.00
0.00
7.00
776.00
0.00
82.00
1.00
279.00
51.00
2.00
471.00
102.00
472.00
178.00
42.00
393.00
313.00
69.00
197.00
263.00
165.00
34.00
123.00
37.00
52.00
77.00
82.00
36.00
38.00
84.00
256.00
173.00
15.00
94.00
476.00
209.00
36.00
92.00
72.00
352.00
188.00
111.00
128.00
311.00
153.00
185.00
170.00
114.00
75.00
158.00
275.00
303.00
46.00
7.00
30.00
62.00
54.00
88.00
352.00
161.00
220.00
441.00
268.00
11.00
41.00
19.00
2.00
138.00
8.00
14.00
637.00
391.00
428.00
117.00
66.00
12.00
0.00
74.00
21.00
3.00
13.00
0.00
744.00
34.00
3.00
213.00
44.00
441.00
41.00
261.00
1077.00
246.00
63.00
26.00
77.00
34.00
24.00
1.00
185.00
61.00
255.00
369.00
14.00
26.00
70.00
125.00
143.00
234.00
795.00
58.00
0.00
330.00
63.00
503.00
76.00
1.00
18.00
2.00
0.00
6.00
13.00
0.00
0.00
19.00
0.00
2.00
2.00
40.00
176.00
120.00
2.00
0.00
0.00
0.00
0.00
0.00
0.00
0.00
0.00
0.00
0.00
0.00
1.00
0.00
0.00
121.00
0.00
0.00
0.00
0.00
0.00
0.00
0.00
21.00
205.00
0.00
0.00
0.00
0.00
0.00
0.00
0.00
0.00
0.00
0.00
0.00
0.00
0.00
0.00
0.00
0.00
0.00
0.00
0.00
0.00
0.00
0.00
0.00
0.00
0.00
137.00
0.00
0.00
0.00
0.00
0.00
0.00
0.00
0.00
0.00
0.00
0.00
0.00
0.00
0.00
0.00
0.00
0.00
0.00
0.00
0.00
0.00
0.00
0.00
0.00
11.00
0.00
0.00
0.00
0.00
0.00
0.00
0.00
0.00
0.00
0.00
0.00
0.00
0.00
0.00
25.00
0.00
0.00
0.00
0.00
0.00
0.00
0.00
0.00
0.00
0.00
0.00
0.00
0.00
0.00
0.00
0.00
4.00
0.00
0.00
0.00
0.00
0.00
0.00
0.00
0.00
0.00
0.00
0.00
0.00
0.00
0.00
0.00
0.00
0.00
0.00
0.00
0.00
0.00
0.00
0.00
0.00
0.00
74.00
0.00
0.00
0.00
0.00
0.00
0.00
0.00
0.00
0.00
138.00
4.00
0.00
0.00
33.00
0.00
98.00
0.00
0.00
0.00
0.00
0.00
0.00
33.00
8.00
36.00
111.00
0.00
0.00
0.00
118.00
134.00
0.00
38.00
496.00
383.00
63.00
67.00
31.00
34.00
23.00
11.00
104.00
0.00
0.00
41.00
0.00
0.00
0.00
0.00
0.00
0.00
238.00
214.00
0.00
0.00
451.00
281.00
47.00
612.00
0.00
272.00
219.00
11.00
0.00
0.00
0.00
107.00
160.00
0.00
23.00
42.00
77.00
437.00
2.00
0.00
111.00
3.00
75.00
0.00
54.00
826.00
751.00
1.00
45.00
3.00
368.00
229.00
0.00
141.00
0.00
176.00
216.00
203.00
1.00
6.00
94.00
106.00
136.00
362.00
627.00
292.00
13.00
16.00
0.00
0.00
8.00
0.00
113.00
77.00
1364.00
104.00
120.00
12.00
323.00
194.00
572.00
1271.00
285.00
142.00
127.00
28.00
282.00
7.00
32.00
34.00
83.00
36.00
340.00
103.00
111.00
479.00
206.00
77.00
25.00
75.00
52.00
367.00
83.00
172.00
155.00
93.00
40.00
189.00
46.00
23.00
145.00
38.00
24.00
132.00
361.00
53.00
163.00
155.00
48.00
75.00
96.00
104.00
92.00
61.00
386.00
147.00
205.00
316.00
352.00
148.00
23.00
99.00
162.00
977.00
933.00
769.00
154.00
412.00
99.00
5.00
272.00
105.00
162.00
91.00
472.00
378.00
307.00
217.00
168.00
1026.00
329.00
94.00
164.00
140.00
259.00
84.00
305.00
62.00
27.00
29.00
11.00
86.00
67.00
1213.00
800.00
2.00
0.00
127.00
85.00
0.00
4.00
439.00
255.00
215.00
170.00
93.00
42.00
48.00
30.00
13.00
7.00
251.00
153.00
309.00
363.00
331.00
3.00
0.00
6.00
0.00
29.00
1.00
0.00
2.00
0.00
0.00
41.00
4.00
77.00
2.00
0.00
0.00
1.00
6.00
740.00
638.00
0.00
0.00
0.00
0.00
0.00
0.00
0.00
1.00
5.00
0.00
0.00
0.00
0.00
0.00
0.00
0.00
0.00
0.00
0.00
0.00
0.00
3.00
0.00
6.00
310.00
207.00
8.00
1.00
0.00
0.00
0.00
0.00
0.00
0.00
0.00
0.00
0.00
0.00
0.00
0.00
0.00
0.00
0.00
0.00
0.00
0.00
0.00
3.00
271.00
19.00
0.00
0.00
0.00
0.00
0.00
0.00
0.00
0.00
19.00
4.00
0.00
0.00
0.00
0.00
0.00
0.00
0.00
0.00
0.00
0.00
0.00
4.00
1.00
0.00
0.00
0.00
0.00
0.00
0.00
0.00
0.00
0.00
0.00
0.00
0.00
0.00
0.00
0.00
0.00
0.00
0.00
0.00
0.00
0.00
0.00
0.00
0.00
0.00
0.00
0.00
0.00
0.00
0.00
0.00
0.00
0.00
0.00
0.00
985.00
277.00
330.00
31.00
30.00
138.00
586.00
364.00
0.00
0.00
0.00
0.00
0.00
0.00
0.00
0.00
0.00
0.00
469.00
7.00
0.00
0.00
0.00
0.00
0.00
0.00
3.00
0.00
0.00
0.00
0.00
0.00
0.00
0.00
0.00
0.00
0.00
29.00
0.00
0.00
0.00
0.00
0.00
0.00
1.00
3.00
85.00
0.00
0.00
18.00
140.00
308.00
565.00
0.00
7.00
0.00
0.00
35.00
20.00
44.00
19.00
2.00
0.00
48.00
1.00
0.00
186.00
0.00
64.00
96.00
5.00
53.00
79.00
69.00
0.00
1.00
40.00
39.00
27.00
0.00
102.00
249.00
343.00
1.00
58.00
0.00
275.00
360.00
929.00
84.00
73.00
197.00
44.00
5.00
0.00
3.00
0.00
328.00
5.00
0.00
0.00
0.00
0.00
25.00
341.00
88.00
44.00
514.00
194.00
0.00
147.00
6.00
165.00
10.00
140.00
0.00
5.00
0.00
1.00
14.00
18.00
8.00
95.00
9.00
51.00
156.00
102.00
221.00
15.00
7.00
7.00
95.00
129.00
1.00
0.00
2.00
105.00
485.00
139.00
41.00
37.00
21.00
3.00
217.00
164.00
199.00
39.00
139.00
27.00
31.00
26.00
16.00
28.00
26.00
11.00
171.00
212.00
120.00
80.00
50.00
29.00
5.00
19.00
260.00
44.00
16.00
190.00
254.00
170.00
12.00
187.00
198.00
207.00
650.00
229.00
197.00
114.00
14.00
51.00
136.00
364.00
134.00
52.00
106.00
134.00
145.00
177.00
210.00
196.00
590.00
112.00
6.00
7.00
69.00
36.00
22.00
35.00
620.00
359.00
343.00
139.00
49.00
12.00
16.00
27.00
238.00
39.00
102.00
341.00
178.00
63.00
4.00
3.00
84.00
13.00
92.00
308.00
274.00
81.00
56.00
1.00
0.00
0.00
6.00
328.00
359.00
5.00
2.00
25.00
35.00
50.00
179.00
1.00
1.00
0.00
0.00
0.00
0.00
73.00
0.00
0.00
13.00
0.00
0.00
0.00
1.00
139.00
88.00
79.00
0.00
0.00
19.00
0.00
0.00
0.00
0.00
0.00
0.00
0.00
0.00
0.00
0.00
0.00
43.00
17.00
3.00
0.00
0.00
0.00
0.00
6.00
4.00
0.00
0.00
0.00
0.00
0.00
0.00
0.00
0.00
0.00
0.00
0.00
0.00
0.00
0.00
0.00
0.00
0.00
0.00
0.00
0.00
0.00
0.00
0.00
0.00
0.00
0.00
0.00
0.00
0.00
3.00
0.00
0.00
0.00
0.00
0.00
0.00
0.00
0.00
0.00
0.00
0.00
69.00
71.00
0.00
0.00
0.00
0.00
0.00
0.00
0.00
0.00
0.00
0.00
0.00
0.00
0.00
0.00
0.00
0.00
0.00
0.00
0.00
0.00
0.00
0.00
0.00
0.00
0.00
0.00
0.00
0.00
0.00
0.00
0.00
0.00
0.00
0.00
0.00
0.00
0.00
0.00
10.00
10.00
0.00
0.00
0.00
0.00
0.00
0.00
0.00
0.00
0.00
0.00
0.00
10.00
2.00
0.00
0.00
5.00
0.00
0.00
1.00
6.00
1.00
0.00
0.00
0.00
0.00
0.00
0.00
0.50
20.90
0.90
45.10
9.00
0.00
0.00
0.00
16.60
0.00
0.00
0.00
0.00
0.00
0.00
0.00
0.00
0.00
0.10
0.60
0.00
11.60
1.40
0.20
0.00
2.90
0.80
0.00
0.00
0.00
11.10
1.70
0.00
9.50
0.20
62.70
0.30
38.00
0.00
14.40
1.20
33.10
0.00
3.40
40.00
0.00
2.60
0.00
6.20
0.00
1.70
0.00
0.00
0.00
0.00
0.80
7.10
0.00
0.00
0.00
0.00
5.10
4.00
2.00
10.40
8.10
8.10
0.10
133.20
29.70
0.00
0.00
0.00
0.10
38.70
23.10
1.40
0.00
23.60
1.40
27.20
0.60
57.60
28.80
2.00
2.00
0.00
28.80
28.80
32.40
7.10
0.00
12.90
0.70
3.10
25.50
30.80
41.40
28.80
16.20
0.10
0.40
0.50
0.10
0.00
0.30
0.00
0.70
1.00
6.00
12.20
42.70
4.60
18.50
0.30
33.00
23.60
13.70
0.00
0.00
0.00
29.30
68.70
22.80
14.40
0.00
2.00
3.70
0.30
0.10
6.00
103.00
5.70
5.50
45.30
84.40
84.40
73.80
73.80
20.40
0.60
0.60
5.60
0.30
0.60
0.60
0.60
5.20
20.50
31.60
36.10
16.10
28.90
5.60
1.80
3.00
1.00
22.00
6.20
9.80
13.40
3.40
9.20
10.00
3.40
9.40
9.90
3.20
0.30
299.80
25.40
18.00
15.60
24.10
5.80
0.70
17.20
2.00
4.40
30.80
32.10
3.30
1.50
1.40
4.80
1.80
1.30
7.80
2.40
21.00
19.50
18.50
20.60
6.90
5.10
5.00
0.80
21.70
14.40
2.10
6.80
40.60
1.80
13.60
33.30
21.80
0.00
0.10
0.00
0.60
1.20
7.20
36.30
39.60
0.00
5.70
19.30
4.10
38.00
38.00
0.00
0.00
0.00
14.20
5.70
34.90
26.90
26.20
1.60
0.00
0.00
0.00
0.00
0.00
0.00
0.00
0.00
0.00
0.00
1.70
0.10
0.00
0.50
8.00
72.20
