20160101
0.00
0.00
0.00
0.00
0.00
0.00
0.00
0.00
0.00
0.00
0.00
0.00
3.00
0.00
0.00
0.00
0.00
0.00
42.00
60.00
0.00
0.00
0.00
0.00
0.00
2.00
2.00
0.00
0.00
0.00
0.00
0.00
0.00
0.00
0.00
0.00
0.00
0.00
9.00
0.00
0.00
2.00
0.00
0.00
0.00
0.00
0.00
0.00
0.00
2.00
14.00
0.00
0.00
0.00
0.00
0.00
10.00
1.00
0.00
0.00
0.00
0.00
0.00
0.00
0.00
50.00
0.00
1.00
0.00
0.00
0.00
0.00
0.00
2.00
1.00
0.00
0.00
0.00
3.00
1.00
0.00
0.00
0.00
0.00
0.00
0.00
4.00
102.00
18.00
71.00
344.00
1.00
0.00
2.00
0.00
1.00
0.00
0.00
0.00
0.00
0.00
0.00
0.00
0.00
14.00
0.00
57.00
5.00
31.00
6.00
21.00
0.00
0.00
0.00
0.00
0.00
12.00
199.00
0.00
0.00
0.00
0.00
0.00
91.00
2.00
83.00
17.00
548.00
9.00
8.00
54.00
7.00
584.00
227.00
282.00
107.00
64.00
61.00
62.00
233.00
32.00
101.00
0.00
0.00
93.00
135.00
1.00
13.00
1.00
37.00
50.00
122.00
0.00
0.00
0.00
0.00
0.00
14.00
180.00
0.00
30.00
2.00
329.00
75.00
2.00
400.00
176.00
526.00
60.00
82.00
261.00
292.00
66.00
308.00
360.00
108.00
69.00
133.00
167.00
22.00
37.00
53.00
136.00
185.00
177.00
211.00
72.00
1.00
245.00
451.00
128.00
43.00
28.00
46.00
467.00
305.00
87.00
159.00
394.00
343.00
151.00
421.00
138.00
36.00
316.00
73.00
620.00
31.00
3.00
111.00
62.00
75.00
44.00
231.00
322.00
182.00
347.00
178.00
26.00
54.00
22.00
145.00
148.00
3.00
80.00
422.00
207.00
369.00
136.00
120.00
18.00
0.00
44.00
12.00
3.00
3.00
0.00
150.00
22.00
2.00
55.00
103.00
515.00
52.00
259.00
1278.00
84.00
81.00
22.00
68.00
60.00
40.00
0.00
211.00
53.00
175.00
279.00
2.00
30.00
123.00
112.00
34.00
203.00
543.00
69.00
0.00
346.00
67.00
751.00
161.00
2.00
12.00
26.00
0.00
43.00
7.00
2.00
0.00
0.00
0.00
5.00
24.00
73.00
213.00
21.00
0.00
0.00
0.00
0.00
0.00
0.00
0.00
0.00
0.00
0.00
0.00
0.00
0.00
0.00
0.00
120.00
0.00
0.00
0.00
0.00
0.00
0.00
0.00
17.00
123.00
0.00
0.00
0.00
0.00
0.00
0.00
0.00
0.00
0.00
0.00
0.00
0.00
0.00
0.00
0.00
0.00
0.00
0.00
0.00
0.00
0.00
0.00
0.00
0.00
0.00
16.00
0.00
0.00
0.00
0.00
0.00
0.00
0.00
0.00
0.00
0.00
0.00
0.00
0.00
0.00
0.00
0.00
0.00
0.00
0.00
0.00
0.00
0.00
0.00
0.00
49.00
0.00
0.00
0.00
0.00
0.00
0.00
0.00
0.00
8.00
0.00
0.00
0.00
0.00
0.00
42.00
0.00
0.00
0.00
0.00
0.00
0.00
0.00
0.00
0.00
0.00
0.00
0.00
0.00
0.00
0.00
4.00
6.00
25.00
0.00
0.00
0.00
0.00
0.00
0.00
0.00
0.00
0.00
0.00
0.00
0.00
0.00
0.00
0.00
0.00
0.00
0.00
0.00
0.00
0.00
0.00
0.00
0.00
0.00
0.00
0.00
0.00
0.00
0.00
0.00
0.00
0.00
0.00
137.00
0.00
0.00
0.00
11.00
0.00
56.00
1.00
0.00
0.00
0.00
0.00
0.00
16.00
32.00
39.00
91.00
0.00
0.00
0.00
69.00
185.00
0.00
16.00
548.00
167.00
33.00
117.00
35.00
266.00
118.00
35.00
519.00
1.00
0.00
53.00
0.00
0.00
0.00
0.00
0.00
0.00
255.00
154.00
0.00
0.00
284.00
398.00
171.00
593.00
0.00
176.00
143.00
51.00
0.00
13.00
0.00
88.00
56.00
0.00
78.00
174.00
44.00
241.00
0.00
3.00
194.00
2.00
133.00
4.00
14.00
809.00
853.00
1.00
41.00
150.00
410.00
195.00
5.00
118.00
7.00
40.00
4.00
183.00
26.00
2.00
79.00
124.00
118.00
346.00
693.00
251.00
8.00
2.00
0.00
1.00
0.00
0.00
131.00
59.00
1270.00
191.00
306.00
6.00
326.00
137.00
411.00
727.00
63.00
287.00
206.00
58.00
164.00
4.00
56.00
91.00
60.00
94.00
277.00
173.00
56.00
582.00
269.00
34.00
69.00
85.00
203.00
466.00
193.00
290.00
215.00
25.00
57.00
95.00
28.00
19.00
461.00
54.00
29.00
116.00
498.00
158.00
168.00
83.00
49.00
48.00
16.00
238.00
29.00
29.00
316.00
240.00
220.00
145.00
375.00
446.00
31.00
53.00
78.00
674.00
1119.00
517.00
194.00
191.00
103.00
15.00
255.00
50.00
117.00
65.00
700.00
306.00
386.00
127.00
222.00
718.00
237.00
22.00
148.00
180.00
312.00
119.00
630.00
173.00
14.00
43.00
3.00
162.00
113.00
993.00
486.00
4.00
8.00
226.00
42.00
1.00
12.00
481.00
257.00
195.00
133.00
51.00
42.00
39.00
52.00
10.00
0.00
292.00
92.00
230.00
446.00
196.00
38.00
0.00
2.00
0.00
19.00
0.00
0.00
1.00
0.00
0.00
8.00
45.00
293.00
5.00
0.00
0.00
3.00
19.00
840.00
826.00
0.00
0.00
0.00
0.00
0.00
0.00
0.00
1.00
4.00
0.00
0.00
0.00
0.00
0.00
0.00
0.00
0.00
0.00
0.00
0.00
0.00
0.00
0.00
9.00
217.00
148.00
2.00
0.00
0.00
0.00
0.00
0.00
0.00
0.00
0.00
0.00
0.00
0.00
0.00
0.00
0.00
0.00
0.00
0.00
0.00
0.00
0.00
4.00
152.00
26.00
0.00
0.00
0.00
0.00
0.00
0.00
0.00
0.00
16.00
3.00
1.00
0.00
0.00
0.00
0.00
0.00
0.00
0.00
0.00
0.00
0.00
0.00
0.00
0.00
0.00
0.00
0.00
0.00
0.00
0.00
0.00
0.00
0.00
0.00
0.00
0.00
0.00
0.00
0.00
0.00
0.00
0.00
0.00
0.00
0.00
0.00
0.00
0.00
0.00
0.00
0.00
0.00
0.00
0.00
0.00
0.00
0.00
0.00
1001.00
224.00
171.00
52.00
88.00
215.00
668.00
399.00
0.00
0.00
0.00
0.00
0.00
0.00
0.00
0.00
0.00
0.00
477.00
10.00
0.00
0.00
0.00
0.00
0.00
0.00
0.00
0.00
0.00
0.00
0.00
0.00
0.00
0.00
0.00
0.00
0.00
3.00
0.00
0.00
0.00
0.00
0.00
0.00
0.00
120.00
8.00
0.00
0.00
3.00
467.00
436.00
328.00
0.00
7.00
0.00
0.00
47.00
5.00
4.00
258.00
94.00
0.00
38.00
26.00
0.00
86.00
0.00
97.00
209.00
4.00
35.00
33.00
64.00
0.00
19.00
131.00
25.00
12.00
0.00
76.00
147.00
430.00
22.00
34.00
0.00
289.00
49.00
396.00
433.00
17.00
239.00
45.00
3.00
0.00
23.00
0.00
355.00
3.00
0.00
0.00
0.00
0.00
37.00
86.00
100.00
59.00
608.00
43.00
5.00
162.00
4.00
148.00
25.00
204.00
0.00
3.00
0.00
12.00
124.00
43.00
35.00
49.00
55.00
13.00
439.00
100.00
181.00
7.00
177.00
37.00
143.00
109.00
18.00
1.00
0.00
130.00
870.00
128.00
52.00
41.00
10.00
1.00
385.00
305.00
912.00
50.00
104.00
8.00
12.00
14.00
9.00
28.00
70.00
48.00
218.00
237.00
99.00
29.00
23.00
63.00
1.00
4.00
312.00
50.00
4.00
169.00
170.00
306.00
10.00
309.00
365.00
209.00
474.00
245.00
406.00
166.00
10.00
25.00
44.00
207.00
175.00
41.00
33.00
38.00
48.00
93.00
237.00
164.00
710.00
56.00
4.00
6.00
35.00
62.00
1.00
140.00
1034.00
335.00
283.00
79.00
38.00
23.00
46.00
28.00
105.00
43.00
124.00
552.00
228.00
29.00
4.00
2.00
6.00
14.00
110.00
514.00
483.00
83.00
14.00
0.00
0.00
0.00
2.00
529.00
373.00
1.00
2.00
3.00
62.00
154.00
145.00
0.00
33.00
0.00
0.00
0.00
0.00
0.00
0.00
0.00
0.00
0.00
0.00
27.00
4.00
217.00
60.00
71.00
0.00
0.00
17.00
0.00
0.00
0.00
0.00
0.00
0.00
0.00
0.00
0.00
0.00
1.00
9.00
9.00
0.00
0.00
0.00
0.00
0.00
0.00
0.00
0.00
0.00
0.00
0.00
0.00
0.00
0.00
0.00
0.00
0.00
0.00
0.00
0.00
0.00
0.00
0.00
0.00
0.00
0.00
0.00
0.00
0.00
0.00
0.00
0.00
0.00
0.00
0.00
0.00
11.00
0.00
0.00
0.00
0.00
0.00
0.00
0.00
0.00
0.00
0.00
5.00
44.00
111.00
0.00
0.00
0.00
0.00
0.00
0.00
0.00
0.00
0.00
0.00
0.00
0.00
0.00
0.00
0.00
0.00
0.00
0.00
0.00
0.00
0.00
0.00
0.00
0.00
0.00
0.00
0.00
0.00
0.00
0.00
0.00
0.00
0.00
0.00
0.00
0.00
0.00
0.00
4.00
4.00
0.00
0.00
0.00
0.00
0.00
0.00
0.00
0.00
0.00
0.00
0.00
15.00
2.00
0.00
0.00
6.00
0.00
0.00
5.00
9.00
0.00
0.00
0.00
0.00
0.00
0.00
0.00
1.00
15.90
0.30
47.70
3.80
0.00
0.00
0.00
0.00
0.00
0.00
0.00
0.00
0.00
0.00
0.00
0.00
0.00
0.70
0.20
0.00
2.00
1.70
0.00
0.00
5.10
0.00
0.00
0.00
0.00
5.80
0.00
0.00
35.80
0.00
67.70
1.00
30.90
0.00
10.20
19.00
40.70
0.10
3.00
50.90
0.00
4.30
0.00
4.40
0.00
9.70
1.50
0.00
0.00
0.00
0.00
7.00
0.00
0.00
0.00
0.00
7.20
0.40
6.50
12.40
9.00
9.00
1.20
159.80
43.10
0.00
0.00
2.70
0.10
55.50
31.20
17.80
0.00
13.80
3.60
25.80
0.10
41.80
42.60
0.20
0.20
0.00
32.70
32.70
23.90
4.00
0.00
21.70
1.30
10.00
13.10
29.10
30.10
32.10
32.10
0.70
0.10
0.40
0.10
0.00
0.00
0.00
1.50
0.80
4.10
11.00
12.90
29.30
11.50
0.00
30.70
61.50
7.60
0.20
0.00
2.00
43.80
79.00
35.90
8.90
0.00
1.60
2.30
0.30
0.80
6.40
19.50
9.70
20.60
59.60
109.40
109.40
79.70
79.70
66.70
1.30
1.30
3.30
1.50
1.30
1.30
1.30
3.40
22.50
50.10
11.70
20.80
17.80
7.50
3.90
6.20
9.10
27.00
10.60
12.30
6.80
13.50
9.50
6.80
3.50
4.70
5.10
3.80
1.40
139.90
27.00
24.50
11.70
14.00
1.40
0.70
1.10
1.70
4.40
30.70
26.70
5.50
2.10
0.70
8.60
7.90
1.40
4.80
13.20
5.50
14.80
18.30
21.20
1.60
1.80
10.30
1.00
39.30
25.00
9.40
7.40
71.00
6.80
29.30
79.30
33.10
0.40
0.40
0.30
0.50
10.50
21.30
28.50
29.30
0.30
8.70
33.50
6.90
49.70
49.70
0.00
0.00
0.00
12.30
5.20
33.00
33.40
17.90
2.10
0.00
0.00
0.00
0.00
0.00
0.00
0.00
0.00
0.00
0.00
0.30
0.00
0.00
0.00
25.00
113.80
