20160101
0.00
0.00
0.00
0.00
0.00
0.00
0.00
0.00
7.00
0.00
0.00
0.00
0.00
0.00
0.00
0.00
0.00
0.00
0.00
0.00
0.00
0.00
0.00
0.00
0.00
5.00
0.00
0.00
0.00
0.00
0.00
0.00
0.00
0.00
0.00
0.00
0.00
3.00
0.00
0.00
56.00
0.00
0.00
0.00
0.00
0.00
0.00
0.00
0.00
71.00
0.00
1.00
0.00
13.00
191.00
0.00
16.00
1.00
0.00
5.00
0.00
0.00
0.00
2.00
0.00
5.00
0.00
0.00
2.00
28.00
3.00
0.00
0.00
22.00
0.00
26.00
0.00
0.00
62.00
3.00
51.00
0.00
40.00
0.00
0.00
0.00
0.00
454.00
0.00
167.00
470.00
17.00
0.00
97.00
30.00
210.00
35.00
8.00
37.00
6.00
0.00
0.00
0.00
165.00
133.00
48.00
198.00
85.00
36.00
71.00
19.00
166.00
180.00
483.00
108.00
79.00
67.00
23.00
252.00
0.00
27.00
15.00
24.00
2.00
62.00
0.00
0.00
1.00
0.00
0.00
0.00
26.00
67.00
190.00
7.00
25.00
69.00
388.00
216.00
16.00
104.00
1135.00
0.00
26.00
43.00
5.00
13.00
11.00
5.00
5.00
0.00
28.00
0.00
0.00
0.00
123.00
23.00
124.00
88.00
14.00
308.00
39.00
16.00
20.00
40.00
6.00
209.00
76.00
30.00
150.00
15.00
16.00
47.00
32.00
1.00
28.00
72.00
22.00
103.00
5.00
93.00
63.00
187.00
118.00
48.00
19.00
1.00
52.00
57.00
162.00
55.00
80.00
7.00
62.00
3.00
54.00
97.00
226.00
2.00
2.00
19.00
14.00
43.00
52.00
59.00
43.00
226.00
0.00
32.00
14.00
39.00
7.00
187.00
41.00
4.00
0.00
15.00
130.00
118.00
25.00
2.00
9.00
64.00
33.00
5.00
60.00
0.00
45.00
166.00
54.00
0.00
0.00
293.00
1.00
1.00
81.00
0.00
119.00
0.00
48.00
3.00
14.00
49.00
280.00
30.00
22.00
9.00
33.00
13.00
0.00
24.00
45.00
137.00
53.00
19.00
0.00
2.00
0.00
26.00
35.00
32.00
15.00
34.00
51.00
2.00
5.00
63.00
15.00
13.00
0.00
29.00
70.00
13.00
7.00
0.00
0.00
0.00
0.00
4.00
6.00
120.00
84.00
124.00
162.00
0.00
80.00
1.00
0.00
0.00
0.00
0.00
0.00
0.00
0.00
0.00
0.00
0.00
0.00
0.00
0.00
310.00
95.00
9.00
1.00
0.00
0.00
0.00
8.00
129.00
194.00
73.00
0.00
0.00
0.00
0.00
0.00
0.00
0.00
0.00
0.00
0.00
0.00
0.00
0.00
0.00
0.00
0.00
0.00
0.00
0.00
0.00
0.00
0.00
0.00
0.00
1.00
0.00
0.00
0.00
0.00
0.00
0.00
0.00
0.00
0.00
0.00
0.00
0.00
0.00
0.00
0.00
0.00
0.00
0.00
0.00
0.00
0.00
0.00
0.00
0.00
0.00
0.00
0.00
0.00
0.00
0.00
0.00
0.00
0.00
0.00
0.00
0.00
0.00
0.00
0.00
0.00
0.00
0.00
0.00
0.00
0.00
0.00
0.00
0.00
0.00
0.00
0.00
0.00
0.00
0.00
0.00
0.00
3.00
0.00
0.00
0.00
0.00
0.00
0.00
0.00
0.00
0.00
0.00
0.00
0.00
0.00
0.00
0.00
0.00
0.00
0.00
0.00
0.00
0.00
0.00
0.00
1.00
17.00
4.00
0.00
0.00
0.00
0.00
0.00
0.00
0.00
0.00
0.00
17.00
37.00
2.00
0.00
75.00
0.00
19.00
45.00
0.00
0.00
0.00
0.00
0.00
0.00
66.00
0.00
86.00
0.00
0.00
0.00
0.00
7.00
0.00
0.00
3.00
185.00
398.00
358.00
167.00
64.00
328.00
720.00
14.00
0.00
0.00
0.00
0.00
0.00
0.00
0.00
0.00
0.00
44.00
0.00
0.00
0.00
149.00
41.00
113.00
81.00
17.00
71.00
105.00
9.00
31.00
26.00
0.00
41.00
116.00
0.00
0.00
4.00
121.00
34.00
0.00
0.00
164.00
0.00
0.00
0.00
8.00
34.00
121.00
25.00
8.00
4.00
4.00
0.00
12.00
9.00
0.00
16.00
0.00
24.00
13.00
100.00
110.00
222.00
6.00
47.00
49.00
44.00
5.00
0.00
1.00
0.00
38.00
112.00
15.00
300.00
135.00
47.00
0.00
81.00
38.00
8.00
7.00
1.00
0.00
92.00
50.00
36.00
4.00
20.00
2.00
65.00
37.00
279.00
194.00
108.00
38.00
89.00
146.00
19.00
8.00
52.00
148.00
78.00
72.00
113.00
60.00
30.00
16.00
26.00
38.00
226.00
104.00
75.00
103.00
40.00
152.00
165.00
31.00
35.00
18.00
2.00
53.00
9.00
0.00
0.00
41.00
14.00
185.00
53.00
54.00
65.00
1.00
4.00
1.00
29.00
19.00
35.00
19.00
42.00
110.00
76.00
8.00
8.00
63.00
11.00
14.00
11.00
1.00
0.00
122.00
355.00
52.00
13.00
34.00
15.00
76.00
55.00
128.00
29.00
4.00
1.00
15.00
9.00
8.00
22.00
5.00
42.00
23.00
54.00
5.00
0.00
44.00
605.00
193.00
289.00
182.00
1.00
6.00
14.00
0.00
13.00
91.00
58.00
99.00
115.00
50.00
26.00
7.00
10.00
0.00
0.00
20.00
8.00
28.00
4.00
1.00
0.00
42.00
26.00
0.00
0.00
0.00
1.00
1.00
48.00
81.00
668.00
0.00
0.00
0.00
0.00
0.00
0.00
0.00
530.00
267.00
0.00
0.00
0.00
0.00
0.00
0.00
0.00
0.00
0.00
0.00
0.00
0.00
40.00
0.00
4.00
30.00
70.00
16.00
1.00
0.00
0.00
0.00
0.00
0.00
0.00
0.00
0.00
0.00
0.00
0.00
0.00
0.00
0.00
0.00
0.00
0.00
0.00
44.00
172.00
170.00
84.00
0.00
0.00
0.00
0.00
0.00
0.00
0.00
0.00
7.00
0.00
0.00
0.00
0.00
0.00
10.00
0.00
0.00
0.00
0.00
0.00
60.00
196.00
71.00
0.00
0.00
0.00
0.00
0.00
0.00
0.00
0.00
0.00
0.00
0.00
0.00
0.00
0.00
0.00
0.00
0.00
0.00
0.00
0.00
0.00
0.00
0.00
0.00
0.00
0.00
0.00
0.00
0.00
0.00
0.00
0.00
0.00
0.00
0.00
101.00
70.00
40.00
0.00
5.00
0.00
0.00
0.00
0.00
0.00
0.00
0.00
0.00
0.00
0.00
0.00
0.00
0.00
0.00
117.00
0.00
0.00
0.00
0.00
21.00
0.00
0.00
0.00
0.00
0.00
0.00
0.00
0.00
35.00
281.00
4.00
51.00
14.00
61.00
11.00
0.00
0.00
0.00
0.00
0.00
0.00
0.00
50.00
26.00
0.00
17.00
91.00
0.00
0.00
50.00
11.00
0.00
152.00
0.00
0.00
179.00
0.00
64.00
44.00
82.00
10.00
73.00
20.00
12.00
114.00
13.00
18.00
47.00
55.00
80.00
0.00
0.00
12.00
0.00
0.00
162.00
17.00
53.00
48.00
172.00
0.00
55.00
228.00
174.00
219.00
233.00
462.00
237.00
116.00
10.00
102.00
8.00
5.00
0.00
0.00
0.00
0.00
1.00
0.00
100.00
41.00
8.00
4.00
14.00
30.00
11.00
26.00
5.00
18.00
0.00
93.00
99.00
39.00
15.00
12.00
0.00
35.00
52.00
90.00
381.00
391.00
0.00
12.00
7.00
0.00
0.00
0.00
0.00
1.00
61.00
41.00
39.00
1.00
16.00
7.00
12.00
10.00
12.00
15.00
0.00
4.00
12.00
1.00
17.00
9.00
50.00
20.00
34.00
21.00
66.00
19.00
71.00
16.00
13.00
1.00
0.00
1.00
14.00
13.00
164.00
67.00
45.00
163.00
53.00
44.00
54.00
85.00
206.00
96.00
102.00
223.00
2.00
5.00
6.00
52.00
125.00
13.00
4.00
34.00
63.00
39.00
93.00
29.00
49.00
38.00
0.00
21.00
9.00
95.00
32.00
283.00
83.00
76.00
52.00
37.00
128.00
82.00
33.00
74.00
35.00
1.00
54.00
6.00
2.00
8.00
0.00
0.00
0.00
16.00
31.00
18.00
0.00
6.00
0.00
16.00
7.00
0.00
0.00
13.00
11.00
1.00
0.00
0.00
6.00
2.00
0.00
0.00
20.00
13.00
0.00
0.00
0.00
1.00
0.00
10.00
0.00
2.00
0.00
5.00
33.00
82.00
249.00
212.00
19.00
19.00
0.00
0.00
0.00
0.00
0.00
0.00
0.00
0.00
0.00
0.00
0.00
0.00
447.00
51.00
166.00
86.00
12.00
0.00
0.00
0.00
0.00
0.00
0.00
0.00
0.00
0.00
0.00
0.00
0.00
0.00
0.00
0.00
0.00
0.00
0.00
0.00
0.00
0.00
0.00
0.00
0.00
0.00
0.00
0.00
0.00
0.00
0.00
0.00
0.00
0.00
0.00
0.00
10.00
0.00
0.00
0.00
0.00
0.00
0.00
0.00
2.00
5.00
7.00
3.00
0.00
0.00
0.00
0.00
0.00
0.00
0.00
0.00
0.00
0.00
0.00
0.00
0.00
0.00
0.00
0.00
0.00
0.00
0.00
0.00
0.00
0.00
0.00
0.00
0.00
0.00
0.00
0.00
0.00
0.00
0.00
0.00
0.00
0.00
0.00
0.00
0.00
0.00
0.00
0.00
0.00
0.00
7.00
0.00
0.00
0.00
0.00
0.00
0.00
0.00
0.00
0.00
2.00
0.00
0.00
0.00
0.00
0.00
0.00
0.00
0.00
6.00
0.00
0.00
0.00
0.00
0.00
0.00
0.30
72.60
59.60
80.90
34.90
0.00
0.00
0.00
0.00
14.60
0.00
0.00
0.00
0.00
0.00
0.00
0.00
0.00
0.00
0.30
0.10
1.30
2.40
4.90
3.90
0.00
12.90
0.00
0.00
0.00
0.00
9.70
0.00
0.00
0.00
16.40
33.50
68.20
0.20
28.90
0.20
2.70
1.20
18.80
27.30
0.00
0.00
0.20
1.60
0.00
5.90
0.00
12.00
0.00
0.00
2.30
0.00
0.10
0.00
0.00
0.00
0.00
0.00
13.90
7.10
0.10
0.10
0.00
11.70
4.40
0.00
0.00
0.00
0.00
0.00
0.00
0.80
0.00
1.40
1.30
0.60
0.10
3.40
0.00
0.10
0.10
0.00
0.00
0.00
29.20
0.00
0.00
0.00
0.00
0.00
0.00
2.60
0.60
2.50
0.10
4.40
0.00
0.30
10.10
13.10
40.20
0.80
0.40
0.00
0.10
13.60
15.40
0.00
1.40
3.20
6.60
14.20
2.30
11.50
0.20
0.20
7.10
3.20
0.00
0.00
3.20
12.20
3.20
0.00
0.00
0.40
2.80
8.60
10.30
0.10
1.40
1.40
0.90
0.90
0.40
5.10
5.10
1.40
0.20
5.10
5.10
5.10
7.50
2.10
11.60
0.30
6.90
44.20
6.30
0.40
4.20
9.10
2.40
0.10
4.00
0.10
0.00
44.30
1.10
2.20
12.50
12.10
3.10
11.70
11.30
6.00
2.90
1.40
1.20
2.30
0.10
1.90
16.50
8.30
25.50
13.30
9.40
0.40
0.30
2.10
28.60
0.20
1.00
0.60
7.10
7.90
1.10
0.10
1.00
0.10
3.10
5.60
5.40
7.60
22.00
18.20
0.30
0.30
8.10
7.60
0.30
0.10
1.10
6.40
13.40
14.70
28.20
22.40
12.20
0.30
0.00
0.80
12.20
2.60
2.60
2.10
0.20
2.00
1.80
2.20
2.30
5.60
4.50
3.20
0.00
0.00
0.00
0.00
4.30
2.60
0.00
0.00
0.00
0.00
0.40
7.20
0.20
0.10
1.40
1.70
