20160101
0.00
0.00
0.00
0.00
0.00
0.00
0.00
0.00
0.00
0.00
0.00
0.00
5.00
0.00
0.00
0.00
0.00
0.00
40.00
19.00
0.00
0.00
0.00
0.00
0.00
0.00
0.00
0.00
0.00
0.00
0.00
0.00
0.00
0.00
0.00
0.00
0.00
0.00
35.00
0.00
0.00
0.00
0.00
0.00
0.00
0.00
0.00
0.00
0.00
0.00
6.00
1.00
0.00
0.00
19.00
0.00
11.00
0.00
0.00
0.00
3.00
0.00
0.00
0.00
0.00
371.00
0.00
0.00
0.00
0.00
0.00
0.00
0.00
7.00
0.00
0.00
0.00
273.00
0.00
0.00
0.00
0.00
0.00
0.00
0.00
0.00
0.00
8.00
601.00
180.00
226.00
0.00
11.00
142.00
65.00
35.00
0.00
0.00
0.00
0.00
0.00
0.00
0.00
0.00
0.00
0.00
1205.00
0.00
0.00
0.00
0.00
0.00
0.00
0.00
0.00
0.00
0.00
0.00
0.00
0.00
0.00
52.00
1.00
0.00
0.00
0.00
22.00
173.00
4.00
5.00
16.00
5.00
1079.00
424.00
29.00
61.00
4.00
21.00
13.00
7.00
35.00
196.00
0.00
0.00
21.00
35.00
0.00
49.00
417.00
1.00
10.00
149.00
0.00
0.00
0.00
0.00
0.00
36.00
1261.00
0.00
10.00
0.00
205.00
587.00
0.00
86.00
59.00
44.00
18.00
0.00
70.00
13.00
48.00
83.00
64.00
31.00
6.00
280.00
97.00
1.00
6.00
27.00
39.00
308.00
98.00
157.00
326.00
118.00
137.00
297.00
80.00
24.00
4.00
25.00
5.00
5.00
59.00
312.00
37.00
298.00
151.00
31.00
9.00
115.00
21.00
153.00
85.00
47.00
3.00
28.00
86.00
19.00
132.00
441.00
55.00
81.00
96.00
62.00
15.00
5.00
29.00
40.00
207.00
2.00
0.00
73.00
177.00
163.00
475.00
26.00
5.00
0.00
108.00
163.00
1.00
1.00
2.00
918.00
2.00
6.00
122.00
5.00
118.00
24.00
53.00
692.00
109.00
5.00
12.00
5.00
0.00
3.00
1.00
47.00
28.00
235.00
750.00
2.00
2.00
44.00
78.00
68.00
100.00
232.00
274.00
8.00
26.00
16.00
98.00
560.00
0.00
9.00
0.00
6.00
25.00
85.00
0.00
0.00
13.00
0.00
75.00
63.00
20.00
111.00
9.00
11.00
0.00
0.00
0.00
0.00
0.00
0.00
0.00
0.00
0.00
0.00
0.00
17.00
0.00
19.00
75.00
20.00
1.00
0.00
0.00
1.00
0.00
39.00
233.00
241.00
0.00
0.00
0.00
0.00
0.00
0.00
0.00
0.00
0.00
0.00
0.00
1.00
0.00
0.00
0.00
0.00
0.00
0.00
0.00
0.00
0.00
0.00
0.00
0.00
0.00
0.00
0.00
0.00
0.00
0.00
0.00
0.00
0.00
0.00
0.00
0.00
0.00
0.00
0.00
0.00
0.00
0.00
0.00
0.00
0.00
0.00
0.00
0.00
0.00
0.00
0.00
0.00
0.00
0.00
0.00
0.00
3.00
0.00
0.00
0.00
0.00
0.00
0.00
0.00
0.00
0.00
0.00
0.00
0.00
0.00
0.00
0.00
0.00
0.00
0.00
0.00
0.00
0.00
0.00
0.00
0.00
1.00
10.00
0.00
0.00
0.00
0.00
0.00
0.00
0.00
0.00
0.00
0.00
0.00
0.00
0.00
0.00
0.00
0.00
0.00
0.00
0.00
0.00
0.00
0.00
0.00
0.00
0.00
15.00
0.00
0.00
0.00
0.00
0.00
0.00
0.00
0.00
10.00
25.00
48.00
0.00
0.00
16.00
0.00
256.00
51.00
0.00
0.00
0.00
0.00
0.00
23.00
21.00
33.00
199.00
0.00
0.00
0.00
0.00
53.00
0.00
0.00
100.00
193.00
21.00
13.00
320.00
29.00
211.00
0.00
68.00
0.00
16.00
0.00
0.00
0.00
0.00
0.00
0.00
0.00
54.00
0.00
0.00
21.00
761.00
3.00
132.00
524.00
35.00
85.00
550.00
0.00
3.00
0.00
63.00
202.00
349.00
0.00
0.00
6.00
106.00
51.00
0.00
0.00
25.00
1.00
57.00
2.00
30.00
239.00
671.00
0.00
401.00
1.00
23.00
0.00
0.00
0.00
0.00
0.00
0.00
63.00
0.00
20.00
104.00
164.00
83.00
137.00
281.00
321.00
0.00
280.00
0.00
3.00
88.00
1.00
166.00
248.00
981.00
4.00
120.00
26.00
69.00
237.00
305.00
448.00
168.00
14.00
60.00
0.00
13.00
0.00
12.00
5.00
12.00
37.00
105.00
55.00
83.00
202.00
402.00
150.00
52.00
7.00
3.00
97.00
237.00
191.00
115.00
55.00
4.00
34.00
23.00
546.00
77.00
201.00
114.00
136.00
83.00
134.00
441.00
22.00
185.00
137.00
12.00
65.00
21.00
49.00
66.00
86.00
194.00
345.00
53.00
76.00
4.00
19.00
2.00
316.00
687.00
275.00
68.00
115.00
118.00
29.00
158.00
16.00
48.00
14.00
88.00
411.00
47.00
61.00
55.00
568.00
271.00
23.00
38.00
37.00
183.00
3.00
132.00
31.00
4.00
42.00
18.00
109.00
0.00
61.00
232.00
174.00
0.00
12.00
5.00
2.00
2.00
105.00
80.00
108.00
126.00
60.00
4.00
1.00
0.00
5.00
1.00
104.00
447.00
295.00
101.00
90.00
69.00
0.00
18.00
139.00
194.00
104.00
24.00
39.00
0.00
0.00
0.00
0.00
12.00
0.00
0.00
0.00
3.00
86.00
886.00
425.00
0.00
0.00
0.00
0.00
0.00
0.00
0.00
0.00
11.00
1.00
1.00
0.00
0.00
0.00
0.00
0.00
0.00
0.00
0.00
0.00
0.00
36.00
2.00
1.00
392.00
63.00
7.00
0.00
0.00
0.00
0.00
0.00
0.00
0.00
0.00
0.00
0.00
0.00
0.00
0.00
0.00
0.00
0.00
0.00
0.00
0.00
0.00
10.00
133.00
0.00
0.00
0.00
0.00
0.00
0.00
0.00
0.00
0.00
23.00
0.00
0.00
0.00
0.00
0.00
0.00
0.00
0.00
0.00
0.00
0.00
0.00
59.00
0.00
0.00
0.00
0.00
0.00
0.00
0.00
0.00
0.00
0.00
0.00
0.00
0.00
0.00
0.00
0.00
0.00
0.00
0.00
0.00
0.00
0.00
0.00
0.00
0.00
0.00
0.00
0.00
0.00
0.00
0.00
0.00
0.00
0.00
0.00
0.00
968.00
361.00
450.00
29.00
139.00
0.00
523.00
407.00
0.00
0.00
0.00
0.00
0.00
0.00
0.00
0.00
0.00
0.00
602.00
246.00
0.00
0.00
0.00
0.00
0.00
0.00
133.00
0.00
0.00
0.00
0.00
0.00
0.00
0.00
0.00
0.00
106.00
71.00
0.00
0.00
0.00
0.00
0.00
0.00
2.00
12.00
88.00
52.00
0.00
215.00
3.00
438.00
536.00
15.00
8.00
0.00
0.00
60.00
152.00
154.00
0.00
12.00
0.00
266.00
23.00
0.00
164.00
0.00
84.00
91.00
83.00
71.00
58.00
86.00
7.00
0.00
0.00
348.00
150.00
0.00
79.00
231.00
60.00
0.00
241.00
6.00
54.00
851.00
232.00
6.00
37.00
71.00
35.00
61.00
0.00
6.00
0.00
106.00
30.00
0.00
4.00
0.00
247.00
27.00
44.00
192.00
1.00
140.00
0.00
0.00
89.00
0.00
82.00
59.00
127.00
0.00
23.00
0.00
0.00
0.00
140.00
2.00
446.00
5.00
13.00
320.00
0.00
178.00
6.00
16.00
23.00
40.00
168.00
0.00
0.00
0.00
42.00
125.00
21.00
106.00
8.00
0.00
0.00
3.00
29.00
249.00
79.00
185.00
0.00
3.00
20.00
0.00
22.00
7.00
42.00
32.00
58.00
192.00
99.00
11.00
24.00
1.00
9.00
142.00
35.00
15.00
177.00
241.00
201.00
3.00
137.00
15.00
10.00
140.00
44.00
125.00
19.00
3.00
94.00
82.00
288.00
26.00
4.00
29.00
39.00
23.00
164.00
155.00
87.00
75.00
116.00
31.00
36.00
88.00
90.00
39.00
12.00
183.00
147.00
75.00
60.00
26.00
2.00
18.00
11.00
4.00
7.00
177.00
18.00
203.00
39.00
0.00
0.00
10.00
39.00
4.00
177.00
181.00
327.00
12.00
6.00
0.00
0.00
3.00
176.00
177.00
14.00
0.00
1.00
19.00
38.00
31.00
120.00
0.00
0.00
0.00
0.00
0.00
0.00
0.00
0.00
0.00
0.00
0.00
0.00
6.00
153.00
144.00
9.00
0.00
0.00
0.00
0.00
0.00
0.00
0.00
0.00
0.00
0.00
0.00
0.00
0.00
2.00
39.00
27.00
12.00
0.00
0.00
0.00
0.00
0.00
10.00
0.00
0.00
0.00
0.00
0.00
0.00
1.00
0.00
0.00
0.00
0.00
0.00
0.00
0.00
0.00
0.00
0.00
0.00
0.00
0.00
0.00
0.00
0.00
0.00
0.00
0.00
0.00
0.00
0.00
25.00
0.00
0.00
0.00
0.00
0.00
0.00
0.00
0.00
0.00
0.00
7.00
90.00
14.00
0.00
0.00
0.00
0.00
0.00
0.00
0.00
0.00
0.00
0.00
0.00
0.00
0.00
0.00
0.00
0.00
0.00
0.00
0.00
0.00
0.00
0.00
0.00
0.00
0.00
0.00
0.00
0.00
0.00
0.00
0.00
0.00
0.00
0.00
0.00
0.00
0.00
0.00
0.00
0.00
0.00
0.00
0.00
0.00
0.00
0.00
0.00
0.00
0.00
0.00
0.00
1.00
0.00
0.00
0.00
0.00
0.00
0.00
0.00
2.00
0.00
0.00
0.00
0.00
0.00
0.00
0.00
0.20
15.20
4.30
25.70
2.90
0.00
0.00
0.00
2.10
0.70
0.00
0.00
0.00
0.00
0.10
0.00
0.00
0.00
0.60
1.50
0.00
16.40
1.20
1.70
0.00
0.00
1.10
0.00
0.00
0.00
8.90
7.10
0.00
3.10
10.00
126.00
2.00
16.80
0.00
1.60
0.00
52.50
0.10
24.30
33.40
0.00
31.40
5.80
61.30
0.00
0.00
15.50
0.00
0.00
0.00
0.00
7.70
0.10
0.00
0.00
0.00
0.00
1.10
0.00
0.00
0.00
0.00
0.00
37.50
13.10
0.00
0.00
0.00
0.00
0.00
0.00
0.00
0.00
21.80
1.40
5.80
0.20
3.70
0.80
0.80
0.80
0.00
14.90
14.90
24.80
2.50
0.00
0.00
0.10
0.00
1.80
16.30
4.90
27.40
6.10
4.10
31.90
0.00
0.00
0.00
0.20
0.00
0.00
0.00
0.00
4.50
23.30
0.00
84.00
0.70
4.70
11.00
11.90
0.20
0.00
0.00
2.40
24.00
21.40
55.90
5.50
8.90
0.80
0.00
0.10
0.40
6.60
2.80
28.70
12.70
28.30
28.30
29.40
29.40
54.80
0.10
0.10
42.40
0.10
0.10
0.10
0.10
5.10
2.50
6.40
23.50
12.90
22.60
4.90
0.70
1.30
2.10
3.80
1.00
6.40
1.00
5.10
14.50
1.40
5.90
19.00
4.40
1.40
6.80
26.70
2.80
7.10
9.70
49.00
0.90
0.00
0.00
2.20
1.80
19.30
31.40
2.40
0.20
0.00
0.10
1.40
0.00
1.70
28.50
57.60
43.80
10.20
7.20
5.60
2.10
0.60
1.20
13.80
1.30
0.70
5.10
25.30
2.10
4.90
8.20
1.50
0.10
0.10
0.00
4.30
74.60
0.60
24.80
71.00
5.20
0.50
4.40
4.00
22.40
22.40
0.00
1.20
0.60
14.20
0.90
1.00
5.40
23.00
7.00
0.00
0.00
0.00
0.00
0.00
0.60
0.00
0.00
0.00
0.00
0.10
4.30
1.60
0.10
0.00
3.20
