20160101
0.00
0.00
0.00
0.00
0.00
0.00
0.00
0.00
0.00
0.00
0.00
0.00
3.00
0.00
0.00
0.00
0.00
0.00
50.00
20.00
0.00
0.00
0.00
0.00
0.00
0.00
0.00
0.00
0.00
0.00
0.00
0.00
0.00
0.00
0.00
0.00
0.00
0.00
25.00
0.00
0.00
0.00
0.00
0.00
0.00
0.00
0.00
0.00
0.00
1.00
11.00
0.00
0.00
0.00
20.00
0.00
11.00
0.00
0.00
0.00
1.00
0.00
0.00
0.00
0.00
395.00
0.00
1.00
0.00
0.00
0.00
0.00
1.00
5.00
0.00
0.00
0.00
360.00
1.00
0.00
0.00
0.00
0.00
0.00
0.00
0.00
0.00
1.00
399.00
246.00
155.00
0.00
5.00
315.00
30.00
43.00
0.00
0.00
0.00
0.00
0.00
0.00
0.00
0.00
0.00
0.00
1382.00
0.00
0.00
0.00
0.00
0.00
0.00
0.00
0.00
0.00
0.00
0.00
0.00
0.00
0.00
30.00
0.00
1.00
0.00
0.00
0.00
188.00
11.00
3.00
20.00
4.00
878.00
188.00
14.00
17.00
5.00
20.00
16.00
8.00
32.00
175.00
0.00
0.00
37.00
31.00
0.00
53.00
535.00
1.00
12.00
134.00
0.00
0.00
0.00
0.00
19.00
35.00
961.00
0.00
5.00
0.00
267.00
500.00
0.00
78.00
54.00
49.00
19.00
0.00
99.00
11.00
46.00
123.00
51.00
42.00
3.00
286.00
53.00
1.00
4.00
22.00
36.00
242.00
137.00
124.00
307.00
100.00
133.00
287.00
74.00
18.00
4.00
6.00
13.00
3.00
45.00
295.00
40.00
301.00
166.00
35.00
20.00
96.00
24.00
164.00
79.00
48.00
1.00
32.00
86.00
25.00
124.00
370.00
37.00
83.00
96.00
77.00
17.00
14.00
16.00
39.00
176.00
4.00
1.00
40.00
158.00
145.00
416.00
35.00
5.00
0.00
106.00
210.00
4.00
1.00
5.00
812.00
4.00
7.00
71.00
2.00
84.00
13.00
41.00
864.00
103.00
6.00
1.00
2.00
3.00
4.00
1.00
39.00
32.00
224.00
604.00
1.00
7.00
56.00
76.00
42.00
96.00
190.00
292.00
5.00
48.00
34.00
125.00
468.00
1.00
5.00
63.00
4.00
17.00
135.00
0.00
0.00
12.00
0.00
28.00
66.00
17.00
97.00
79.00
25.00
0.00
0.00
0.00
0.00
0.00
0.00
0.00
0.00
0.00
0.00
0.00
9.00
0.00
0.00
73.00
26.00
1.00
0.00
0.00
0.00
0.00
31.00
220.00
233.00
0.00
0.00
0.00
0.00
0.00
0.00
0.00
0.00
0.00
0.00
0.00
0.00
0.00
0.00
0.00
0.00
0.00
0.00
0.00
0.00
0.00
0.00
0.00
0.00
0.00
0.00
0.00
0.00
0.00
0.00
0.00
0.00
0.00
0.00
0.00
0.00
0.00
0.00
0.00
0.00
0.00
0.00
0.00
0.00
0.00
0.00
0.00
0.00
0.00
0.00
0.00
0.00
0.00
0.00
0.00
0.00
0.00
0.00
0.00
0.00
0.00
0.00
0.00
0.00
0.00
0.00
0.00
0.00
0.00
0.00
0.00
0.00
0.00
0.00
0.00
0.00
0.00
0.00
0.00
0.00
0.00
1.00
11.00
0.00
0.00
0.00
0.00
0.00
0.00
0.00
0.00
0.00
0.00
0.00
0.00
0.00
0.00
0.00
0.00
0.00
0.00
0.00
0.00
0.00
0.00
0.00
0.00
0.00
16.00
0.00
0.00
0.00
0.00
0.00
0.00
0.00
0.00
11.00
20.00
12.00
0.00
0.00
21.00
0.00
222.00
25.00
0.00
0.00
0.00
0.00
0.00
46.00
19.00
39.00
211.00
0.00
0.00
0.00
0.00
60.00
0.00
0.00
81.00
206.00
58.00
109.00
339.00
38.00
194.00
0.00
59.00
0.00
19.00
0.00
0.00
0.00
0.00
0.00
0.00
0.00
224.00
0.00
0.00
25.00
993.00
1.00
238.00
501.00
43.00
100.00
460.00
0.00
3.00
0.00
70.00
288.00
320.00
0.00
0.00
5.00
115.00
49.00
0.00
0.00
48.00
1.00
21.00
0.00
25.00
211.00
707.00
1.00
410.00
1.00
12.00
0.00
0.00
0.00
0.00
0.00
0.00
45.00
0.00
24.00
85.00
50.00
42.00
115.00
238.00
90.00
0.00
249.00
0.00
6.00
109.00
0.00
179.00
239.00
920.00
2.00
100.00
86.00
137.00
277.00
270.00
359.00
11.00
19.00
78.00
0.00
7.00
1.00
3.00
5.00
8.00
33.00
96.00
41.00
97.00
187.00
393.00
126.00
56.00
9.00
1.00
119.00
218.00
142.00
131.00
54.00
5.00
30.00
21.00
485.00
84.00
252.00
84.00
166.00
64.00
55.00
788.00
35.00
263.00
156.00
9.00
59.00
28.00
61.00
75.00
61.00
179.00
308.00
53.00
69.00
6.00
17.00
39.00
320.00
1113.00
177.00
98.00
89.00
75.00
30.00
154.00
23.00
45.00
19.00
97.00
362.00
35.00
39.00
48.00
517.00
230.00
24.00
25.00
40.00
201.00
4.00
182.00
31.00
3.00
37.00
7.00
82.00
1.00
56.00
253.00
150.00
0.00
19.00
3.00
4.00
1.00
89.00
93.00
106.00
115.00
51.00
5.00
0.00
0.00
5.00
1.00
115.00
366.00
197.00
110.00
75.00
97.00
0.00
14.00
137.00
261.00
123.00
29.00
46.00
0.00
0.00
0.00
0.00
11.00
0.00
0.00
0.00
9.00
75.00
816.00
369.00
0.00
0.00
0.00
0.00
0.00
0.00
0.00
1.00
11.00
1.00
1.00
0.00
0.00
0.00
0.00
0.00
0.00
0.00
0.00
0.00
0.00
49.00
5.00
1.00
397.00
78.00
6.00
0.00
0.00
0.00
0.00
0.00
0.00
0.00
0.00
0.00
0.00
0.00
0.00
0.00
0.00
0.00
0.00
0.00
0.00
0.00
0.00
5.00
136.00
0.00
0.00
0.00
0.00
0.00
0.00
0.00
0.00
0.00
25.00
0.00
0.00
0.00
0.00
0.00
0.00
0.00
0.00
0.00
0.00
0.00
0.00
49.00
0.00
0.00
0.00
0.00
0.00
0.00
0.00
0.00
0.00
0.00
0.00
0.00
0.00
0.00
0.00
0.00
0.00
0.00
0.00
0.00
0.00
0.00
0.00
0.00
0.00
0.00
0.00
0.00
0.00
0.00
0.00
0.00
0.00
1.00
0.00
0.00
991.00
392.00
377.00
7.00
169.00
1.00
691.00
411.00
0.00
0.00
0.00
0.00
0.00
0.00
0.00
0.00
0.00
0.00
645.00
312.00
0.00
0.00
0.00
0.00
0.00
0.00
173.00
0.00
0.00
0.00
0.00
0.00
0.00
0.00
0.00
0.00
93.00
88.00
0.00
0.00
0.00
0.00
0.00
0.00
3.00
16.00
95.00
47.00
0.00
156.00
6.00
464.00
582.00
17.00
9.00
0.00
0.00
68.00
145.00
155.00
0.00
22.00
0.00
152.00
25.00
0.00
164.00
0.00
58.00
85.00
73.00
74.00
77.00
84.00
11.00
0.00
0.00
380.00
175.00
0.00
94.00
215.00
83.00
0.00
239.00
6.00
32.00
845.00
187.00
6.00
37.00
27.00
43.00
125.00
0.00
7.00
0.00
81.00
28.00
0.00
14.00
0.00
256.00
25.00
38.00
331.00
0.00
160.00
0.00
0.00
86.00
0.00
61.00
79.00
126.00
0.00
237.00
0.00
0.00
0.00
21.00
1.00
401.00
13.00
7.00
196.00
0.00
157.00
9.00
26.00
13.00
30.00
115.00
0.00
0.00
1.00
26.00
112.00
29.00
117.00
5.00
2.00
0.00
2.00
48.00
290.00
74.00
155.00
0.00
5.00
19.00
0.00
22.00
6.00
31.00
31.00
55.00
175.00
81.00
10.00
30.00
1.00
10.00
136.00
35.00
19.00
182.00
207.00
225.00
2.00
97.00
11.00
23.00
180.00
53.00
165.00
16.00
2.00
49.00
64.00
325.00
23.00
5.00
33.00
29.00
31.00
147.00
150.00
98.00
74.00
108.00
32.00
20.00
136.00
100.00
37.00
10.00
183.00
130.00
73.00
60.00
20.00
10.00
12.00
0.00
18.00
3.00
169.00
17.00
115.00
35.00
1.00
0.00
10.00
31.00
1.00
154.00
129.00
348.00
3.00
10.00
1.00
0.00
4.00
189.00
201.00
19.00
2.00
1.00
13.00
59.00
35.00
31.00
0.00
0.00
0.00
0.00
0.00
0.00
0.00
0.00
0.00
0.00
0.00
0.00
5.00
186.00
152.00
9.00
0.00
0.00
0.00
0.00
0.00
0.00
0.00
0.00
0.00
0.00
0.00
0.00
0.00
5.00
45.00
31.00
9.00
0.00
0.00
0.00
0.00
0.00
30.00
0.00
0.00
0.00
0.00
0.00
0.00
5.00
0.00
0.00
0.00
0.00
0.00
0.00
0.00
0.00
0.00
0.00
0.00
0.00
0.00
0.00
0.00
0.00
0.00
0.00
0.00
0.00
0.00
0.00
8.00
0.00
0.00
0.00
0.00
0.00
0.00
0.00
0.00
0.00
0.00
7.00
97.00
15.00
0.00
0.00
0.00
0.00
0.00
0.00
0.00
0.00
0.00
0.00
0.00
0.00
0.00
0.00
0.00
0.00
0.00
0.00
0.00
0.00
0.00
0.00
0.00
0.00
0.00
0.00
0.00
0.00
0.00
0.00
0.00
0.00
0.00
0.00
0.00
0.00
0.00
0.00
0.00
0.00
0.00
0.00
0.00
0.00
0.00
0.00
0.00
0.00
0.00
0.00
0.00
1.00
0.00
0.00
0.00
0.00
0.00
0.00
0.00
2.00
0.00
0.00
0.00
0.00
0.00
0.00
0.00
0.40
14.90
4.20
25.60
2.60
0.00
0.00
0.00
1.60
0.60
0.00
0.00
0.00
0.00
0.20
0.00
0.00
0.00
0.00
1.40
0.00
14.50
1.90
3.90
0.00
0.00
1.90
0.00
0.00
0.00
10.40
8.70
0.00
3.80
10.70
110.90
0.80
4.00
0.00
0.70
0.00
80.90
0.50
16.20
21.20
0.00
44.40
5.40
48.50
0.00
0.00
11.50
0.00
0.00
0.00
0.00
8.40
0.00
0.00
0.00
0.00
0.00
0.50
0.00
0.00
0.00
0.00
0.10
75.30
9.20
0.00
0.00
0.00
0.00
0.00
0.00
0.00
0.00
24.20
2.20
10.20
0.10
3.70
0.10
0.10
0.10
0.00
17.80
17.80
27.30
2.50
0.00
0.20
0.50
0.00
2.20
20.50
5.40
27.70
0.20
5.70
37.90
0.00
0.00
0.00
0.30
0.00
0.00
0.00
0.00
3.10
20.70
0.00
94.40
0.80
1.50
2.00
14.50
0.10
0.00
0.00
1.50
17.00
26.10
16.20
3.40
16.80
1.00
1.40
0.00
0.20
6.60
2.10
15.00
6.20
24.70
24.70
19.30
19.30
68.10
0.00
0.00
20.10
0.10
0.00
0.00
0.00
1.70
4.20
9.00
39.60
11.40
42.70
17.20
1.20
2.90
2.10
3.80
2.20
6.50
0.80
2.60
14.30
1.30
4.60
20.00
6.20
1.80
7.10
26.30
4.10
7.80
5.40
41.10
1.50
0.50
0.00
2.50
2.70
28.00
27.00
3.30
1.10
0.30
0.50
2.60
0.00
1.50
21.40
61.30
33.70
9.10
7.80
5.40
2.10
0.70
1.40
14.00
1.00
0.60
4.60
27.50
2.40
4.60
5.70
0.90
0.20
0.20
0.20
2.90
57.70
1.10
19.10
77.70
2.70
0.70
7.90
4.40
25.90
25.90
0.00
0.50
1.30
6.70
1.00
0.60
13.20
12.60
4.50
0.00
0.00
0.00
0.00
0.00
0.60
0.00
0.00
0.00
0.00
1.70
0.10
0.00
0.50
8.00
72.20
