20160101
0.00
0.00
0.00
0.00
0.00
0.00
0.00
0.00
1.00
0.00
0.00
0.00
0.00
0.00
0.00
0.00
0.00
0.00
23.00
40.00
0.00
0.00
0.00
0.00
0.00
0.00
0.00
0.00
0.00
0.00
0.00
0.00
0.00
0.00
0.00
0.00
0.00
0.00
23.00
0.00
0.00
0.00
0.00
0.00
0.00
0.00
0.00
0.00
0.00
0.00
3.00
0.00
0.00
0.00
8.00
0.00
7.00
0.00
0.00
0.00
1.00
1.00
0.00
0.00
0.00
388.00
0.00
0.00
0.00
1.00
0.00
0.00
0.00
5.00
0.00
0.00
0.00
0.00
0.00
0.00
1.00
0.00
0.00
0.00
0.00
0.00
0.00
121.00
540.00
359.00
461.00
10.00
0.00
99.00
26.00
5.00
0.00
0.00
0.00
0.00
0.00
0.00
0.00
0.00
0.00
229.00
625.00
0.00
0.00
0.00
0.00
0.00
0.00
0.00
0.00
0.00
0.00
91.00
0.00
0.00
0.00
20.00
1.00
27.00
0.00
1.00
16.00
154.00
5.00
9.00
36.00
4.00
990.00
422.00
37.00
1007.00
0.00
28.00
25.00
30.00
31.00
470.00
0.00
0.00
56.00
48.00
0.00
46.00
90.00
0.00
83.00
20.00
0.00
0.00
0.00
0.00
0.00
78.00
1246.00
0.00
12.00
0.00
211.00
306.00
0.00
140.00
73.00
165.00
25.00
4.00
30.00
48.00
114.00
133.00
123.00
47.00
18.00
156.00
105.00
5.00
27.00
56.00
55.00
142.00
72.00
231.00
133.00
32.00
229.00
448.00
80.00
14.00
27.00
8.00
2.00
11.00
115.00
351.00
47.00
324.00
131.00
43.00
25.00
256.00
66.00
232.00
117.00
40.00
136.00
34.00
160.00
54.00
185.00
466.00
104.00
184.00
110.00
52.00
6.00
15.00
55.00
4.00
244.00
4.00
3.00
86.00
334.00
264.00
333.00
22.00
11.00
0.00
140.00
68.00
4.00
4.00
2.00
1069.00
10.00
7.00
94.00
31.00
114.00
72.00
53.00
321.00
92.00
9.00
5.00
8.00
7.00
5.00
3.00
69.00
52.00
476.00
593.00
109.00
3.00
48.00
64.00
65.00
187.00
597.00
23.00
0.00
84.00
7.00
473.00
250.00
3.00
1.00
0.00
86.00
46.00
7.00
0.00
3.00
64.00
2.00
278.00
172.00
161.00
63.00
71.00
1.00
0.00
0.00
0.00
0.00
0.00
0.00
0.00
0.00
0.00
0.00
0.00
30.00
0.00
0.00
132.00
18.00
2.00
0.00
0.00
14.00
0.00
22.00
185.00
203.00
0.00
0.00
0.00
0.00
0.00
0.00
0.00
0.00
0.00
0.00
0.00
3.00
0.00
0.00
0.00
0.00
0.00
0.00
0.00
0.00
0.00
0.00
0.00
0.00
0.00
0.00
0.00
0.00
0.00
0.00
0.00
0.00
0.00
0.00
0.00
0.00
0.00
0.00
0.00
0.00
0.00
0.00
0.00
0.00
0.00
0.00
0.00
0.00
58.00
0.00
0.00
0.00
0.00
0.00
0.00
0.00
4.00
0.00
0.00
0.00
0.00
0.00
0.00
0.00
0.00
0.00
0.00
0.00
0.00
0.00
0.00
0.00
0.00
0.00
0.00
0.00
0.00
0.00
0.00
0.00
0.00
0.00
9.00
0.00
0.00
0.00
0.00
0.00
0.00
0.00
0.00
0.00
0.00
0.00
0.00
0.00
0.00
0.00
0.00
0.00
0.00
0.00
0.00
0.00
0.00
0.00
0.00
0.00
6.00
0.00
0.00
0.00
0.00
0.00
0.00
0.00
0.00
0.00
36.00
25.00
0.00
0.00
27.00
0.00
228.00
68.00
0.00
0.00
0.00
0.00
0.00
6.00
15.00
18.00
175.00
0.00
0.00
0.00
0.00
66.00
0.00
4.00
155.00
261.00
10.00
0.00
236.00
14.00
197.00
0.00
70.00
0.00
14.00
0.00
0.00
0.00
0.00
0.00
0.00
0.00
90.00
29.00
0.00
18.00
713.00
41.00
18.00
683.00
4.00
254.00
364.00
0.00
1.00
0.00
52.00
129.00
304.00
0.00
0.00
31.00
114.00
185.00
0.00
0.00
15.00
2.00
46.00
0.00
57.00
260.00
714.00
0.00
131.00
0.00
35.00
15.00
0.00
7.00
0.00
0.00
0.00
66.00
1.00
3.00
117.00
229.00
222.00
920.00
417.00
589.00
0.00
95.00
0.00
0.00
50.00
9.00
117.00
263.00
1120.00
10.00
218.00
11.00
189.00
269.00
687.00
1399.00
14.00
0.00
89.00
0.00
81.00
4.00
47.00
22.00
71.00
34.00
171.00
65.00
70.00
296.00
312.00
122.00
66.00
12.00
31.00
107.00
118.00
91.00
97.00
33.00
10.00
46.00
41.00
363.00
78.00
116.00
51.00
226.00
143.00
32.00
437.00
24.00
292.00
72.00
50.00
167.00
44.00
34.00
135.00
47.00
272.00
459.00
76.00
29.00
10.00
17.00
38.00
422.00
650.00
776.00
179.00
81.00
128.00
55.00
221.00
32.00
82.00
30.00
158.00
453.00
127.00
183.00
129.00
581.00
429.00
30.00
62.00
62.00
293.00
11.00
103.00
58.00
30.00
65.00
89.00
31.00
26.00
131.00
306.00
192.00
13.00
113.00
67.00
1.00
7.00
111.00
101.00
169.00
122.00
42.00
7.00
12.00
7.00
14.00
3.00
206.00
481.00
208.00
129.00
150.00
120.00
0.00
1.00
1.00
778.00
49.00
23.00
32.00
0.00
0.00
3.00
0.00
81.00
0.00
0.00
0.00
0.00
94.00
870.00
442.00
0.00
0.00
0.00
0.00
0.00
0.00
0.00
4.00
12.00
2.00
1.00
0.00
0.00
0.00
0.00
0.00
0.00
0.00
0.00
0.00
0.00
26.00
0.00
1.00
440.00
57.00
6.00
0.00
0.00
0.00
0.00
0.00
0.00
0.00
0.00
0.00
0.00
0.00
0.00
0.00
0.00
0.00
0.00
0.00
0.00
0.00
0.00
24.00
363.00
1.00
0.00
0.00
0.00
0.00
0.00
0.00
0.00
0.00
14.00
0.00
0.00
0.00
0.00
0.00
0.00
0.00
0.00
0.00
0.00
0.00
0.00
113.00
1.00
0.00
0.00
0.00
0.00
0.00
0.00
0.00
0.00
0.00
0.00
0.00
0.00
0.00
0.00
0.00
0.00
0.00
0.00
0.00
0.00
0.00
0.00
0.00
0.00
0.00
0.00
0.00
0.00
0.00
0.00
0.00
0.00
0.00
20.00
0.00
834.00
377.00
211.00
28.00
163.00
0.00
193.00
221.00
0.00
0.00
0.00
0.00
0.00
0.00
0.00
0.00
0.00
0.00
642.00
317.00
0.00
0.00
0.00
0.00
0.00
0.00
40.00
0.00
0.00
0.00
0.00
0.00
0.00
0.00
0.00
0.00
15.00
108.00
0.00
0.00
0.00
0.00
0.00
0.00
0.00
11.00
103.00
58.00
0.00
258.00
11.00
368.00
609.00
0.00
15.00
0.00
0.00
21.00
128.00
130.00
19.00
2.00
0.00
168.00
7.00
1.00
334.00
0.00
201.00
88.00
43.00
56.00
48.00
98.00
12.00
0.00
0.00
226.00
179.00
0.00
87.00
229.00
77.00
0.00
189.00
1.00
51.00
832.00
304.00
25.00
66.00
203.00
46.00
131.00
0.00
4.00
0.00
172.00
23.00
0.00
60.00
10.00
145.00
13.00
63.00
22.00
43.00
37.00
0.00
0.00
180.00
0.00
234.00
110.00
85.00
0.00
56.00
22.00
0.00
0.00
27.00
28.00
465.00
1.00
20.00
528.00
0.00
798.00
23.00
7.00
54.00
109.00
180.00
0.00
1.00
1.00
29.00
114.00
13.00
82.00
20.00
8.00
1.00
6.00
31.00
162.00
37.00
212.00
0.00
5.00
26.00
1.00
9.00
5.00
61.00
57.00
123.00
289.00
96.00
4.00
23.00
3.00
13.00
202.00
67.00
33.00
314.00
215.00
129.00
5.00
86.00
7.00
55.00
99.00
79.00
93.00
42.00
4.00
54.00
142.00
370.00
40.00
4.00
66.00
107.00
55.00
265.00
165.00
44.00
157.00
211.00
51.00
80.00
451.00
87.00
46.00
14.00
177.00
149.00
97.00
234.00
28.00
2.00
41.00
7.00
8.00
24.00
74.00
92.00
131.00
35.00
1.00
0.00
7.00
36.00
30.00
167.00
551.00
248.00
141.00
6.00
0.00
0.00
21.00
180.00
116.00
5.00
2.00
7.00
31.00
68.00
35.00
129.00
0.00
0.00
0.00
0.00
0.00
13.00
2.00
0.00
0.00
0.00
0.00
1.00
11.00
97.00
255.00
4.00
0.00
0.00
0.00
0.00
0.00
0.00
0.00
3.00
0.00
0.00
0.00
0.00
0.00
8.00
56.00
33.00
16.00
0.00
0.00
0.00
0.00
0.00
23.00
0.00
0.00
0.00
0.00
0.00
0.00
0.00
0.00
0.00
0.00
0.00
0.00
0.00
0.00
0.00
0.00
0.00
0.00
0.00
0.00
0.00
0.00
0.00
0.00
0.00
0.00
0.00
0.00
0.00
53.00
0.00
0.00
0.00
0.00
0.00
0.00
0.00
0.00
0.00
0.00
14.00
61.00
14.00
0.00
0.00
0.00
0.00
0.00
0.00
0.00
0.00
0.00
0.00
0.00
0.00
0.00
0.00
0.00
0.00
0.00
0.00
0.00
0.00
0.00
0.00
0.00
0.00
0.00
0.00
0.00
0.00
0.00
0.00
0.00
0.00
0.00
0.00
0.00
0.00
0.00
0.00
0.00
0.00
0.00
0.00
0.00
0.00
0.00
0.00
0.00
0.00
0.00
0.00
0.00
1.00
0.00
0.00
0.00
0.00
0.00
0.00
0.00
2.00
0.00
0.00
0.00
0.00
0.00
0.00
0.00
3.00
14.80
5.50
36.00
4.70
0.00
0.00
0.00
2.70
1.10
0.00
0.00
0.00
0.00
0.00
0.00
0.00
0.00
3.40
0.60
0.00
22.10
0.40
1.10
0.00
0.00
6.60
0.00
0.00
0.00
9.90
15.20
0.00
0.30
10.30
110.70
5.00
16.80
0.00
10.50
0.00
66.70
0.00
18.80
61.00
0.10
6.60
4.30
25.40
0.00
0.00
6.40
0.00
0.00
0.00
0.00
10.30
0.10
0.00
0.00
0.00
0.00
10.30
0.00
0.40
0.00
0.00
2.30
35.30
21.60
0.00
0.00
0.00
0.00
0.00
0.00
0.40
0.00
28.90
0.40
5.40
0.10
4.20
21.60
1.30
1.30
0.00
16.90
16.90
21.30
3.50
0.00
5.20
0.00
0.00
1.00
12.80
7.70
25.60
8.50
10.80
27.50
0.90
0.20
0.00
9.60
0.00
0.00
0.00
1.00
10.10
64.10
0.10
216.80
0.80
10.50
4.30
5.80
2.60
0.00
0.00
11.20
46.70
13.00
123.20
8.80
22.40
47.40
0.30
0.20
1.10
1.30
13.70
14.70
33.20
20.30
20.30
49.90
49.90
67.60
0.00
0.00
1.60
0.00
0.00
0.00
0.00
15.90
2.80
4.80
27.60
20.30
7.10
1.00
0.00
4.30
15.10
7.20
4.70
10.90
2.10
5.50
19.40
0.40
6.30
14.10
1.00
0.70
5.30
32.50
8.20
8.40
22.00
69.90
0.20
0.00
0.00
3.50
1.70
22.70
27.50
2.80
0.60
0.00
0.00
2.00
4.10
0.90
7.70
67.40
68.10
22.00
12.70
5.90
4.20
1.40
1.00
10.10
2.60
1.80
3.10
13.10
3.40
14.40
13.30
2.00
0.00
0.00
0.00
8.00
67.20
8.50
41.90
39.40
0.90
3.30
8.00
5.90
22.50
22.50
4.40
0.00
0.60
15.90
2.40
32.30
6.00
11.50
3.20
0.00
0.00
0.00
0.00
0.00
0.00
0.00
0.00
0.00
0.00
0.10
4.30
1.60
0.10
0.00
3.20
