20160101
0.00
0.00
0.00
0.00
0.00
0.00
0.00
0.00
0.00
0.00
0.00
0.00
4.00
0.00
0.00
0.00
0.00
0.00
24.00
5.00
0.00
0.00
0.00
0.00
0.00
0.00
0.00
0.00
0.00
0.00
0.00
0.00
0.00
0.00
0.00
0.00
0.00
1.00
11.00
0.00
0.00
0.00
0.00
0.00
0.00
0.00
0.00
0.00
0.00
0.00
7.00
0.00
0.00
0.00
112.00
0.00
24.00
0.00
0.00
0.00
10.00
0.00
0.00
0.00
0.00
256.00
0.00
0.00
0.00
0.00
0.00
0.00
1.00
8.00
1.00
0.00
0.00
130.00
10.00
0.00
0.00
0.00
0.00
0.00
0.00
0.00
0.00
1.00
955.00
116.00
493.00
0.00
4.00
179.00
0.00
98.00
0.00
0.00
0.00
0.00
0.00
0.00
0.00
0.00
0.00
0.00
83.00
0.00
0.00
0.00
0.00
0.00
0.00
0.00
0.00
0.00
0.00
0.00
0.00
0.00
0.00
60.00
0.00
1.00
1.00
0.00
0.00
186.00
11.00
2.00
27.00
0.00
510.00
68.00
25.00
7.00
2.00
10.00
10.00
11.00
37.00
82.00
0.00
0.00
291.00
28.00
0.00
104.00
38.00
0.00
43.00
193.00
0.00
0.00
0.00
0.00
1.00
77.00
681.00
0.00
2.00
0.00
505.00
414.00
14.00
30.00
38.00
45.00
12.00
1.00
7.00
3.00
48.00
39.00
19.00
72.00
0.00
344.00
46.00
2.00
2.00
13.00
29.00
127.00
132.00
33.00
282.00
122.00
75.00
170.00
41.00
10.00
6.00
11.00
7.00
10.00
63.00
257.00
48.00
115.00
185.00
35.00
10.00
35.00
59.00
86.00
57.00
60.00
6.00
30.00
104.00
118.00
96.00
262.00
72.00
41.00
48.00
82.00
18.00
41.00
31.00
58.00
180.00
36.00
15.00
8.00
104.00
75.00
268.00
294.00
12.00
2.00
65.00
529.00
10.00
4.00
8.00
550.00
13.00
11.00
20.00
6.00
28.00
15.00
45.00
764.00
36.00
13.00
9.00
6.00
49.00
14.00
1.00
51.00
33.00
136.00
219.00
25.00
43.00
35.00
129.00
128.00
92.00
202.00
200.00
31.00
41.00
198.00
233.00
169.00
13.00
14.00
31.00
7.00
0.00
116.00
4.00
2.00
10.00
15.00
3.00
55.00
19.00
6.00
20.00
32.00
0.00
0.00
0.00
0.00
0.00
0.00
0.00
0.00
0.00
0.00
0.00
31.00
0.00
0.00
45.00
7.00
0.00
0.00
0.00
7.00
0.00
36.00
418.00
316.00
0.00
0.00
0.00
0.00
0.00
0.00
0.00
0.00
0.00
0.00
0.00
0.00
0.00
0.00
0.00
0.00
0.00
0.00
0.00
0.00
0.00
0.00
0.00
0.00
0.00
0.00
0.00
0.00
0.00
0.00
0.00
0.00
0.00
0.00
0.00
0.00
0.00
0.00
0.00
0.00
0.00
0.00
0.00
0.00
0.00
0.00
0.00
0.00
0.00
0.00
2.00
0.00
0.00
0.00
0.00
3.00
0.00
0.00
0.00
0.00
0.00
0.00
0.00
0.00
0.00
0.00
0.00
0.00
0.00
0.00
0.00
0.00
0.00
0.00
0.00
0.00
0.00
0.00
0.00
0.00
0.00
2.00
15.00
0.00
0.00
0.00
0.00
0.00
0.00
0.00
0.00
0.00
0.00
0.00
0.00
0.00
0.00
0.00
0.00
0.00
0.00
0.00
0.00
0.00
0.00
0.00
0.00
0.00
0.00
0.00
0.00
0.00
0.00
0.00
0.00
0.00
0.00
7.00
10.00
60.00
0.00
0.00
16.00
0.00
283.00
19.00
0.00
0.00
0.00
0.00
0.00
1.00
83.00
12.00
162.00
0.00
0.00
0.00
0.00
16.00
0.00
3.00
1.00
158.00
25.00
0.00
263.00
15.00
208.00
0.00
82.00
0.00
36.00
5.00
0.00
0.00
0.00
0.00
0.00
0.00
15.00
0.00
0.00
35.00
486.00
3.00
299.00
757.00
357.00
151.00
147.00
0.00
3.00
0.00
145.00
395.00
290.00
0.00
0.00
0.00
136.00
24.00
0.00
0.00
101.00
0.00
11.00
0.00
64.00
198.00
620.00
0.00
441.00
1.00
0.00
0.00
0.00
0.00
0.00
0.00
0.00
56.00
0.00
24.00
130.00
47.00
16.00
273.00
26.00
7.00
0.00
371.00
0.00
0.00
98.00
35.00
0.00
212.00
580.00
7.00
32.00
124.00
162.00
99.00
465.00
533.00
0.00
7.00
69.00
0.00
4.00
1.00
1.00
1.00
3.00
11.00
36.00
78.00
204.00
136.00
361.00
103.00
19.00
6.00
5.00
63.00
110.00
190.00
132.00
28.00
13.00
23.00
26.00
254.00
86.00
301.00
141.00
217.00
15.00
61.00
909.00
115.00
214.00
138.00
3.00
48.00
47.00
16.00
87.00
139.00
144.00
142.00
30.00
50.00
29.00
3.00
23.00
386.00
1383.00
159.00
132.00
79.00
99.00
45.00
123.00
13.00
51.00
31.00
108.00
456.00
39.00
32.00
24.00
509.00
172.00
50.00
24.00
34.00
288.00
72.00
154.00
51.00
18.00
202.00
5.00
57.00
25.00
35.00
473.00
235.00
12.00
43.00
31.00
15.00
7.00
61.00
283.00
89.00
103.00
36.00
7.00
1.00
0.00
4.00
4.00
95.00
163.00
186.00
132.00
321.00
5.00
0.00
1.00
2.00
266.00
114.00
27.00
79.00
2.00
0.00
1.00
0.00
2.00
0.00
0.00
0.00
18.00
32.00
813.00
440.00
0.00
0.00
1.00
0.00
0.00
0.00
0.00
0.00
0.00
0.00
0.00
0.00
0.00
0.00
0.00
0.00
0.00
0.00
0.00
0.00
0.00
25.00
2.00
1.00
341.00
72.00
4.00
0.00
0.00
0.00
0.00
0.00
0.00
0.00
0.00
0.00
0.00
0.00
0.00
0.00
0.00
0.00
0.00
0.00
0.00
0.00
0.00
2.00
18.00
0.00
0.00
0.00
0.00
0.00
0.00
0.00
0.00
0.00
34.00
0.00
0.00
0.00
0.00
0.00
0.00
0.00
0.00
0.00
0.00
0.00
0.00
26.00
0.00
0.00
0.00
0.00
0.00
0.00
0.00
0.00
0.00
0.00
0.00
0.00
0.00
0.00
0.00
0.00
0.00
0.00
0.00
0.00
0.00
0.00
0.00
0.00
0.00
0.00
0.00
0.00
0.00
0.00
0.00
0.00
0.00
9.00
0.00
0.00
899.00
259.00
230.00
10.00
203.00
0.00
464.00
441.00
0.00
0.00
0.00
0.00
0.00
0.00
0.00
0.00
0.00
0.00
641.00
279.00
18.00
0.00
0.00
0.00
0.00
0.00
221.00
0.00
77.00
0.00
0.00
0.00
0.00
0.00
0.00
0.00
123.00
146.00
0.00
0.00
0.00
0.00
0.00
0.00
0.00
22.00
94.00
0.00
0.00
141.00
7.00
407.00
325.00
2.00
11.00
0.00
0.00
66.00
217.00
183.00
7.00
28.00
0.00
231.00
67.00
1.00
14.00
0.00
31.00
87.00
67.00
71.00
41.00
34.00
11.00
0.00
0.00
303.00
63.00
0.00
42.00
79.00
164.00
0.00
234.00
0.00
33.00
958.00
51.00
16.00
28.00
0.00
153.00
109.00
0.00
6.00
0.00
2.00
28.00
0.00
5.00
0.00
221.00
11.00
31.00
82.00
7.00
53.00
0.00
0.00
34.00
0.00
100.00
28.00
300.00
0.00
496.00
0.00
0.00
3.00
0.00
0.00
406.00
68.00
12.00
413.00
0.00
111.00
68.00
729.00
43.00
1.00
47.00
0.00
0.00
0.00
68.00
56.00
91.00
202.00
4.00
2.00
0.00
2.00
188.00
263.00
151.00
126.00
0.00
0.00
5.00
2.00
17.00
3.00
33.00
21.00
14.00
116.00
73.00
1.00
12.00
3.00
3.00
93.00
42.00
62.00
156.00
168.00
259.00
3.00
190.00
50.00
31.00
129.00
29.00
202.00
13.00
9.00
63.00
31.00
695.00
9.00
4.00
14.00
15.00
18.00
116.00
91.00
98.00
47.00
22.00
44.00
20.00
116.00
72.00
35.00
9.00
150.00
80.00
24.00
27.00
14.00
2.00
4.00
6.00
19.00
2.00
219.00
75.00
169.00
22.00
3.00
0.00
9.00
8.00
6.00
110.00
561.00
519.00
11.00
22.00
15.00
6.00
20.00
159.00
151.00
51.00
16.00
5.00
6.00
55.00
59.00
4.00
0.00
0.00
0.00
0.00
0.00
0.00
0.00
0.00
0.00
0.00
0.00
5.00
14.00
239.00
133.00
8.00
0.00
0.00
0.00
0.00
0.00
0.00
0.00
0.00
0.00
0.00
0.00
0.00
0.00
0.00
20.00
12.00
0.00
0.00
0.00
0.00
0.00
0.00
3.00
0.00
0.00
0.00
0.00
0.00
0.00
0.00
0.00
0.00
0.00
0.00
0.00
0.00
0.00
0.00
0.00
0.00
0.00
0.00
0.00
0.00
0.00
0.00
0.00
0.00
0.00
0.00
0.00
0.00
1.00
0.00
0.00
0.00
0.00
0.00
0.00
0.00
0.00
0.00
0.00
13.00
116.00
14.00
0.00
0.00
0.00
0.00
0.00
0.00
0.00
0.00
0.00
0.00
0.00
0.00
0.00
0.00
0.00
0.00
0.00
0.00
0.00
0.00
0.00
0.00
0.00
0.00
0.00
0.00
0.00
0.00
0.00
0.00
0.00
0.00
0.00
0.00
0.00
0.00
0.00
0.00
1.00
1.00
0.00
0.00
0.00
0.00
0.00
0.00
0.00
0.00
0.00
0.00
0.00
0.00
0.00
0.00
0.00
0.00
0.00
0.00
0.00
4.00
0.00
0.00
0.00
0.00
0.00
0.00
0.00
1.20
17.70
4.10
23.50
0.80
0.00
0.00
0.00
1.50
0.20
0.00
0.00
0.00
0.00
0.00
0.00
0.00
0.00
1.10
3.10
0.00
19.70
1.10
0.60
0.00
0.00
0.00
0.00
0.00
0.00
28.50
5.20
0.00
3.60
4.60
48.90
0.10
10.90
0.10
0.20
0.00
92.30
0.20
2.30
10.60
0.00
68.20
2.90
18.20
0.00
0.00
12.50
0.00
0.00
0.00
0.00
7.70
0.00
0.00
0.00
0.00
0.00
0.00
0.00
0.00
0.00
0.00
0.00
58.20
4.40
0.00
0.00
0.00
0.00
0.00
0.00
0.00
0.00
18.60
1.60
18.20
0.10
4.50
0.00
0.10
0.10
0.00
25.40
25.40
24.30
1.00
0.00
1.60
0.60
0.00
2.10
4.10
0.50
31.80
0.00
3.50
35.20
0.40
0.00
0.00
0.10
0.00
0.00
0.00
0.90
1.40
15.60
0.00
38.30
0.20
0.10
3.90
14.70
5.60
0.00
0.00
0.70
13.90
33.70
9.50
0.30
2.70
4.10
1.90
0.10
0.20
3.30
3.20
11.80
12.40
18.10
18.10
59.10
59.10
66.30
1.60
1.60
3.20
2.00
1.60
1.60
1.60
1.80
6.10
13.20
30.40
7.40
12.60
6.10
1.90
4.20
1.90
4.60
2.90
9.20
3.50
3.40
14.40
3.80
3.40
29.50
10.20
3.30
9.30
21.70
16.50
16.70
22.70
37.30
2.20
0.90
1.60
2.50
2.10
103.50
18.10
4.70
2.20
0.60
1.90
3.10
2.50
2.20
6.40
71.70
24.40
8.80
5.20
2.90
2.30
0.50
1.30
13.00
2.00
2.60
5.90
53.80
5.10
2.50
1.90
1.70
2.90
1.90
2.50
4.50
18.20
2.10
15.70
103.60
8.20
6.20
16.70
11.20
20.20
20.20
0.80
3.90
3.00
2.60
2.90
4.30
29.90
22.60
2.60
0.00
0.90
0.30
0.00
0.60
1.00
0.10
0.10
2.70
0.80
2.00
0.00
0.00
0.80
11.00
53.60
