20160101
0.00
0.00
0.00
0.00
0.00
0.00
0.00
0.00
45.00
0.00
0.00
0.00
0.00
0.00
0.00
0.00
0.00
0.00
0.00
2.00
0.00
0.00
0.00
0.00
0.00
0.00
0.00
0.00
0.00
0.00
0.00
0.00
0.00
0.00
0.00
0.00
0.00
0.00
0.00
0.00
32.00
0.00
0.00
0.00
0.00
0.00
0.00
0.00
0.00
0.00
1.00
15.00
7.00
141.00
497.00
13.00
13.00
2.00
0.00
0.00
0.00
0.00
0.00
163.00
0.00
10.00
0.00
1.00
0.00
17.00
20.00
0.00
0.00
1.00
0.00
42.00
0.00
0.00
4.00
0.00
16.00
0.00
139.00
0.00
0.00
0.00
0.00
721.00
13.00
54.00
482.00
1.00
0.00
371.00
276.00
676.00
108.00
24.00
106.00
2.00
11.00
14.00
0.00
27.00
112.00
189.00
445.00
287.00
27.00
580.00
93.00
632.00
440.00
181.00
72.00
295.00
117.00
76.00
7.00
0.00
127.00
36.00
135.00
14.00
197.00
2.00
20.00
5.00
0.00
2.00
0.00
76.00
252.00
220.00
73.00
79.00
76.00
1124.00
225.00
22.00
73.00
1186.00
0.00
0.00
56.00
40.00
0.00
56.00
10.00
47.00
71.00
17.00
0.00
0.00
0.00
29.00
68.00
404.00
113.00
101.00
281.00
30.00
7.00
137.00
12.00
12.00
14.00
38.00
213.00
67.00
22.00
5.00
109.00
36.00
20.00
91.00
29.00
71.00
61.00
11.00
222.00
135.00
181.00
221.00
67.00
15.00
1.00
37.00
14.00
27.00
100.00
39.00
50.00
41.00
2.00
105.00
212.00
44.00
0.00
1.00
29.00
3.00
48.00
129.00
136.00
137.00
179.00
24.00
15.00
72.00
113.00
49.00
7.00
22.00
0.00
0.00
28.00
63.00
60.00
238.00
131.00
145.00
31.00
15.00
105.00
4.00
2.00
8.00
49.00
6.00
3.00
0.00
257.00
23.00
1.00
67.00
0.00
455.00
21.00
12.00
49.00
152.00
857.00
379.00
119.00
0.00
54.00
565.00
359.00
131.00
190.00
1.00
4.00
97.00
27.00
46.00
556.00
67.00
0.00
214.00
243.00
23.00
116.00
72.00
833.00
217.00
9.00
129.00
201.00
174.00
12.00
630.00
0.00
122.00
73.00
0.00
0.00
173.00
31.00
170.00
54.00
111.00
104.00
102.00
26.00
175.00
17.00
0.00
0.00
0.00
0.00
0.00
0.00
0.00
0.00
0.00
0.00
1.00
6.00
0.00
112.00
45.00
45.00
2.00
0.00
0.00
3.00
13.00
177.00
299.00
138.00
0.00
0.00
0.00
0.00
0.00
0.00
0.00
0.00
0.00
0.00
0.00
0.00
0.00
0.00
0.00
0.00
0.00
0.00
0.00
0.00
0.00
0.00
0.00
0.00
9.00
0.00
0.00
0.00
0.00
0.00
0.00
0.00
0.00
0.00
0.00
0.00
0.00
0.00
0.00
0.00
0.00
0.00
0.00
0.00
0.00
0.00
0.00
0.00
0.00
0.00
0.00
0.00
0.00
0.00
0.00
0.00
0.00
0.00
0.00
0.00
0.00
0.00
0.00
0.00
0.00
0.00
0.00
0.00
0.00
0.00
0.00
0.00
0.00
0.00
6.00
0.00
0.00
0.00
0.00
0.00
0.00
0.00
0.00
0.00
0.00
0.00
0.00
0.00
0.00
0.00
0.00
0.00
0.00
0.00
0.00
0.00
0.00
0.00
0.00
0.00
0.00
0.00
0.00
0.00
0.00
103.00
2.00
0.00
0.00
0.00
0.00
0.00
0.00
0.00
0.00
0.00
0.00
0.00
66.00
15.00
0.00
106.00
0.00
143.00
54.00
0.00
0.00
0.00
0.00
0.00
0.00
130.00
0.00
82.00
0.00
0.00
0.00
0.00
37.00
1.00
12.00
11.00
458.00
678.00
928.00
533.00
212.00
199.00
579.00
81.00
1.00
0.00
0.00
37.00
0.00
0.00
0.00
0.00
0.00
62.00
13.00
0.00
7.00
391.00
326.00
186.00
174.00
50.00
175.00
268.00
3.00
25.00
65.00
1.00
90.00
202.00
0.00
0.00
21.00
128.00
144.00
0.00
0.00
215.00
0.00
0.00
0.00
18.00
188.00
298.00
33.00
0.00
2.00
123.00
34.00
115.00
20.00
0.00
26.00
0.00
198.00
2.00
45.00
108.00
511.00
173.00
189.00
83.00
229.00
66.00
0.00
0.00
1.00
168.00
191.00
405.00
397.00
110.00
19.00
10.00
26.00
43.00
146.00
274.00
152.00
65.00
72.00
138.00
109.00
163.00
342.00
162.00
18.00
124.00
110.00
1085.00
136.00
12.00
68.00
7.00
68.00
60.00
174.00
113.00
85.00
106.00
195.00
311.00
368.00
275.00
8.00
1.00
3.00
36.00
193.00
97.00
27.00
1.00
220.00
106.00
40.00
31.00
11.00
46.00
9.00
26.00
18.00
36.00
80.00
344.00
12.00
39.00
30.00
38.00
24.00
4.00
19.00
357.00
126.00
59.00
31.00
41.00
4.00
16.00
39.00
11.00
59.00
125.00
130.00
54.00
201.00
85.00
343.00
20.00
44.00
94.00
45.00
81.00
54.00
12.00
65.00
50.00
0.00
0.00
3.00
75.00
26.00
59.00
142.00
335.00
18.00
0.00
0.00
3.00
149.00
30.00
84.00
170.00
60.00
0.00
0.00
0.00
1.00
10.00
289.00
117.00
11.00
226.00
50.00
0.00
0.00
2.00
25.00
161.00
557.00
267.00
35.00
30.00
62.00
399.00
157.00
0.00
0.00
0.00
4.00
32.00
511.00
228.00
878.00
0.00
0.00
0.00
0.00
0.00
0.00
8.00
920.00
702.00
0.00
0.00
0.00
0.00
0.00
0.00
0.00
0.00
0.00
0.00
0.00
0.00
25.00
5.00
0.00
100.00
25.00
4.00
29.00
0.00
0.00
0.00
0.00
0.00
0.00
0.00
0.00
0.00
0.00
0.00
0.00
0.00
0.00
0.00
0.00
0.00
0.00
0.00
317.00
383.00
222.00
10.00
0.00
0.00
0.00
0.00
0.00
0.00
0.00
44.00
0.00
0.00
0.00
0.00
0.00
0.00
0.00
0.00
0.00
0.00
0.00
4.00
52.00
14.00
0.00
0.00
0.00
0.00
0.00
0.00
0.00
0.00
0.00
0.00
0.00
0.00
0.00
0.00
0.00
0.00
0.00
0.00
0.00
0.00
0.00
0.00
0.00
0.00
0.00
0.00
0.00
0.00
0.00
0.00
0.00
0.00
0.00
0.00
0.00
10.00
29.00
46.00
24.00
55.00
0.00
0.00
0.00
0.00
0.00
0.00
0.00
0.00
0.00
0.00
0.00
22.00
0.00
9.00
512.00
0.00
0.00
0.00
0.00
10.00
0.00
0.00
0.00
0.00
0.00
0.00
0.00
0.00
9.00
714.00
0.00
329.00
75.00
57.00
10.00
0.00
0.00
0.00
0.00
0.00
0.00
0.00
168.00
83.00
0.00
177.00
243.00
2.00
9.00
2.00
29.00
0.00
7.00
30.00
0.00
47.00
21.00
1.00
151.00
9.00
0.00
136.00
2.00
0.00
184.00
61.00
3.00
103.00
189.00
61.00
0.00
3.00
110.00
0.00
4.00
66.00
62.00
265.00
9.00
176.00
30.00
184.00
330.00
653.00
549.00
299.00
413.00
316.00
106.00
0.00
39.00
7.00
133.00
0.00
0.00
0.00
19.00
3.00
6.00
3.00
30.00
133.00
106.00
29.00
27.00
15.00
228.00
5.00
15.00
122.00
138.00
11.00
736.00
1195.00
42.00
22.00
5.00
13.00
63.00
701.00
659.00
18.00
171.00
80.00
49.00
109.00
0.00
37.00
2.00
189.00
42.00
43.00
40.00
49.00
27.00
97.00
40.00
4.00
42.00
0.00
1.00
9.00
0.00
0.00
45.00
115.00
48.00
38.00
172.00
144.00
24.00
10.00
22.00
24.00
11.00
8.00
2.00
3.00
8.00
53.00
71.00
54.00
123.00
185.00
79.00
39.00
459.00
302.00
361.00
138.00
74.00
16.00
43.00
60.00
113.00
94.00
40.00
10.00
11.00
108.00
144.00
134.00
59.00
10.00
7.00
70.00
0.00
13.00
1.00
402.00
146.00
9.00
274.00
43.00
64.00
53.00
11.00
148.00
13.00
427.00
23.00
228.00
21.00
22.00
15.00
0.00
21.00
1.00
4.00
72.00
6.00
0.00
23.00
14.00
0.00
17.00
82.00
1.00
3.00
18.00
17.00
175.00
0.00
24.00
68.00
3.00
1.00
4.00
0.00
0.00
0.00
0.00
0.00
0.00
0.00
0.00
8.00
2.00
0.00
36.00
112.00
260.00
149.00
38.00
39.00
0.00
0.00
0.00
0.00
0.00
0.00
0.00
0.00
0.00
0.00
0.00
0.00
531.00
344.00
158.00
127.00
81.00
0.00
0.00
24.00
2.00
0.00
0.00
0.00
0.00
0.00
0.00
0.00
0.00
0.00
0.00
0.00
0.00
0.00
0.00
0.00
0.00
0.00
0.00
0.00
0.00
0.00
0.00
0.00
0.00
0.00
0.00
0.00
0.00
0.00
0.00
0.00
0.00
0.00
0.00
0.00
0.00
43.00
0.00
0.00
0.00
0.00
20.00
27.00
1.00
0.00
0.00
0.00
0.00
0.00
0.00
0.00
0.00
0.00
0.00
0.00
0.00
0.00
0.00
0.00
0.00
0.00
0.00
0.00
0.00
0.00
0.00
0.00
0.00
0.00
0.00
0.00
0.00
0.00
0.00
0.00
0.00
0.00
0.00
0.00
0.00
0.00
0.00
0.00
0.00
0.00
26.00
0.00
0.00
0.00
0.00
0.00
0.00
0.00
0.00
0.00
0.00
0.00
0.00
0.00
0.00
0.00
0.00
0.00
1.00
13.00
0.00
0.00
0.00
0.00
0.00
0.00
0.00
59.70
16.00
57.00
49.60
0.00
0.00
0.00
1.30
27.30
0.00
0.00
0.00
0.00
0.00
0.00
0.00
0.00
0.00
0.10
0.10
17.90
2.50
6.40
14.80
0.00
10.80
0.00
0.00
0.00
0.10
22.90
0.00
0.00
0.00
70.50
20.50
99.30
0.40
17.50
6.30
4.80
0.40
48.00
13.20
0.10
0.00
2.00
0.00
0.00
29.70
0.00
2.60
0.00
0.00
13.30
0.00
0.30
0.00
0.00
0.00
0.00
0.50
30.70
7.80
1.20
1.20
0.60
12.80
17.40
0.00
0.00
0.40
0.10
0.00
0.00
2.20
2.80
4.80
3.70
1.90
3.50
5.10
9.60
1.70
1.70
6.70
8.20
8.20
62.60
1.20
10.60
0.00
0.00
0.00
1.70
19.00
1.90
0.40
3.60
8.00
1.00
31.50
34.60
7.90
9.00
0.50
0.00
3.90
4.90
19.70
22.90
0.10
46.70
8.80
12.40
21.10
13.40
4.10
4.30
0.00
0.40
12.70
2.70
0.30
0.30
2.80
8.70
12.10
25.90
53.10
8.80
44.00
8.20
1.50
1.10
1.10
11.90
11.90
1.60
4.60
4.60
0.40
0.00
4.60
4.60
4.60
6.40
6.50
13.50
12.30
40.60
23.10
8.60
3.30
0.50
7.80
6.20
55.80
29.00
44.70
0.60
2.60
2.60
0.90
11.20
5.20
1.90
0.60
1.90
14.00
13.70
3.60
7.40
0.20
0.80
1.70
2.30
2.70
34.50
13.10
3.10
0.70
0.20
7.70
5.30
0.80
1.50
2.00
0.00
1.30
0.70
8.60
15.80
38.30
8.40
7.40
1.40
9.10
40.10
12.80
1.40
1.60
2.10
13.90
0.40
0.00
4.80
0.70
29.00
34.20
31.00
27.40
18.60
3.40
8.90
64.50
14.80
5.80
5.80
3.40
3.20
1.00
0.30
42.50
39.40
7.60
13.80
20.10
1.90
0.00
0.00
0.00
25.50
0.50
0.00
0.00
0.00
0.00
4.30
7.20
6.10
0.30
0.30
1.30
