20160101
0.00
0.00
0.00
0.00
0.00
0.00
0.00
0.00
67.00
0.00
0.00
0.00
0.00
0.00
0.00
0.00
0.00
0.00
0.00
13.00
0.00
0.00
0.00
0.00
0.00
0.00
0.00
0.00
0.00
0.00
0.00
0.00
0.00
0.00
0.00
0.00
0.00
0.00
5.00
5.00
0.00
19.00
6.00
0.00
0.00
0.00
0.00
0.00
0.00
0.00
5.00
1.00
1.00
92.00
87.00
0.00
23.00
0.00
0.00
0.00
0.00
7.00
0.00
1.00
0.00
189.00
0.00
0.00
15.00
2.00
0.00
0.00
0.00
1.00
0.00
3.00
0.00
0.00
0.00
0.00
81.00
0.00
0.00
0.00
0.00
0.00
0.00
609.00
28.00
17.00
292.00
38.00
0.00
600.00
447.00
207.00
64.00
0.00
0.00
0.00
0.00
0.00
0.00
0.00
40.00
46.00
162.00
468.00
8.00
20.00
18.00
18.00
149.00
0.00
0.00
59.00
22.00
37.00
1.00
0.00
1.00
175.00
162.00
239.00
128.00
101.00
65.00
34.00
0.00
0.00
6.00
2.00
360.00
73.00
124.00
217.00
1.00
52.00
144.00
63.00
279.00
588.00
0.00
34.00
9.00
54.00
1.00
11.00
100.00
133.00
27.00
113.00
2.00
0.00
159.00
502.00
8.00
2.00
64.00
18.00
1.00
251.00
198.00
66.00
74.00
6.00
7.00
134.00
559.00
3.00
3.00
7.00
19.00
39.00
190.00
25.00
94.00
57.00
78.00
59.00
261.00
30.00
536.00
103.00
190.00
140.00
2.00
0.00
249.00
112.00
121.00
37.00
48.00
0.00
3.00
6.00
177.00
13.00
12.00
31.00
110.00
4.00
8.00
40.00
133.00
92.00
167.00
71.00
2.00
84.00
137.00
111.00
1.00
109.00
102.00
132.00
182.00
175.00
31.00
133.00
102.00
44.00
122.00
10.00
42.00
87.00
800.00
309.00
76.00
175.00
49.00
0.00
248.00
32.00
0.00
3.00
0.00
906.00
8.00
112.00
39.00
302.00
256.00
206.00
111.00
4.00
83.00
33.00
135.00
77.00
8.00
64.00
5.00
8.00
22.00
308.00
1143.00
611.00
0.00
25.00
157.00
373.00
129.00
219.00
116.00
27.00
37.00
0.00
105.00
75.00
3.00
121.00
94.00
206.00
0.00
0.00
0.00
284.00
79.00
69.00
143.00
47.00
1.00
94.00
208.00
89.00
0.00
0.00
0.00
0.00
0.00
0.00
0.00
0.00
0.00
0.00
0.00
0.00
0.00
0.00
18.00
0.00
80.00
0.00
0.00
0.00
1.00
63.00
211.00
430.00
293.00
0.00
0.00
0.00
0.00
0.00
0.00
0.00
0.00
0.00
0.00
0.00
0.00
0.00
0.00
0.00
0.00
0.00
0.00
0.00
0.00
0.00
0.00
0.00
0.00
0.00
0.00
0.00
0.00
0.00
0.00
0.00
0.00
0.00
0.00
0.00
0.00
0.00
0.00
0.00
0.00
0.00
0.00
0.00
0.00
0.00
0.00
0.00
0.00
0.00
0.00
0.00
0.00
0.00
0.00
0.00
0.00
0.00
0.00
0.00
0.00
0.00
0.00
0.00
0.00
0.00
0.00
0.00
0.00
0.00
0.00
0.00
0.00
0.00
0.00
0.00
0.00
0.00
0.00
0.00
0.00
0.00
1.00
0.00
0.00
0.00
0.00
0.00
0.00
0.00
0.00
0.00
0.00
0.00
0.00
0.00
0.00
0.00
0.00
0.00
0.00
0.00
0.00
0.00
0.00
0.00
0.00
0.00
62.00
0.00
0.00
0.00
0.00
0.00
0.00
0.00
0.00
0.00
3.00
33.00
23.00
0.00
108.00
0.00
95.00
101.00
1.00
0.00
0.00
0.00
0.00
0.00
62.00
0.00
60.00
0.00
0.00
0.00
0.00
188.00
2.00
0.00
4.00
100.00
496.00
48.00
32.00
1.00
304.00
446.00
651.00
0.00
0.00
0.00
0.00
0.00
0.00
0.00
0.00
0.00
12.00
19.00
0.00
0.00
847.00
689.00
362.00
643.00
29.00
435.00
66.00
0.00
0.00
10.00
42.00
71.00
255.00
0.00
0.00
57.00
11.00
91.00
0.00
0.00
64.00
0.00
19.00
0.00
9.00
79.00
411.00
1.00
88.00
3.00
174.00
61.00
77.00
63.00
0.00
0.00
6.00
25.00
25.00
25.00
136.00
612.00
282.00
374.00
102.00
537.00
358.00
56.00
0.00
1.00
76.00
259.00
1032.00
57.00
312.00
53.00
34.00
146.00
106.00
246.00
255.00
718.00
54.00
0.00
43.00
295.00
363.00
429.00
293.00
135.00
276.00
33.00
95.00
96.00
1.00
34.00
20.00
110.00
60.00
33.00
16.00
76.00
110.00
90.00
354.00
289.00
110.00
499.00
587.00
41.00
69.00
58.00
93.00
137.00
311.00
84.00
396.00
37.00
44.00
44.00
250.00
39.00
17.00
68.00
18.00
85.00
264.00
193.00
91.00
57.00
21.00
5.00
1.00
80.00
649.00
205.00
5.00
16.00
13.00
30.00
92.00
79.00
627.00
218.00
113.00
62.00
316.00
171.00
283.00
176.00
103.00
280.00
112.00
67.00
163.00
20.00
12.00
28.00
0.00
123.00
64.00
221.00
23.00
11.00
202.00
234.00
0.00
30.00
8.00
0.00
15.00
673.00
326.00
46.00
4.00
2.00
0.00
0.00
0.00
13.00
108.00
267.00
214.00
128.00
57.00
216.00
0.00
0.00
9.00
103.00
833.00
145.00
1.00
0.00
0.00
0.00
54.00
1.00
0.00
0.00
0.00
469.00
279.00
375.00
561.00
1833.00
0.00
0.00
0.00
0.00
0.00
0.00
3.00
266.00
583.00
0.00
0.00
0.00
0.00
0.00
0.00
0.00
0.00
0.00
0.00
0.00
0.00
86.00
0.00
0.00
157.00
16.00
18.00
0.00
0.00
0.00
0.00
0.00
0.00
0.00
0.00
0.00
0.00
0.00
0.00
0.00
0.00
0.00
0.00
0.00
0.00
0.00
248.00
653.00
423.00
310.00
0.00
0.00
0.00
0.00
0.00
0.00
0.00
0.00
10.00
0.00
0.00
0.00
0.00
0.00
0.00
0.00
0.00
0.00
0.00
0.00
36.00
266.00
13.00
0.00
0.00
0.00
0.00
0.00
0.00
0.00
0.00
0.00
0.00
0.00
0.00
0.00
0.00
0.00
0.00
0.00
0.00
0.00
0.00
0.00
0.00
0.00
0.00
0.00
0.00
0.00
0.00
0.00
0.00
0.00
0.00
1.00
0.00
0.00
72.00
77.00
181.00
11.00
51.00
0.00
9.00
3.00
0.00
0.00
0.00
0.00
0.00
0.00
0.00
0.00
0.00
0.00
1.00
460.00
0.00
0.00
0.00
0.00
0.00
0.00
0.00
0.00
0.00
0.00
0.00
0.00
0.00
0.00
85.00
0.00
0.00
31.00
19.00
0.00
0.00
0.00
0.00
0.00
0.00
0.00
44.00
357.00
42.00
1.00
93.00
432.00
0.00
12.00
14.00
11.00
0.00
278.00
3.00
16.00
79.00
0.00
84.00
10.00
24.00
0.00
40.00
0.00
0.00
44.00
84.00
19.00
39.00
226.00
108.00
0.00
8.00
69.00
14.00
4.00
255.00
133.00
332.00
1.00
192.00
55.00
252.00
570.00
894.00
456.00
537.00
504.00
255.00
445.00
0.00
20.00
124.00
119.00
46.00
5.00
89.00
3.00
173.00
32.00
2.00
5.00
82.00
1.00
0.00
8.00
136.00
27.00
20.00
108.00
12.00
38.00
7.00
85.00
208.00
245.00
160.00
247.00
233.00
144.00
383.00
763.00
25.00
800.00
450.00
1.00
128.00
1.00
38.00
0.00
13.00
84.00
27.00
33.00
3.00
183.00
74.00
1.00
1.00
1.00
0.00
14.00
94.00
7.00
1.00
5.00
22.00
8.00
4.00
40.00
9.00
123.00
120.00
76.00
660.00
21.00
15.00
33.00
43.00
153.00
179.00
17.00
35.00
108.00
2.00
2.00
3.00
55.00
139.00
161.00
192.00
30.00
9.00
16.00
190.00
228.00
152.00
62.00
114.00
225.00
9.00
66.00
320.00
622.00
532.00
709.00
686.00
47.00
38.00
9.00
127.00
205.00
0.00
86.00
31.00
151.00
224.00
95.00
13.00
2.00
27.00
38.00
51.00
0.00
8.00
75.00
246.00
47.00
0.00
6.00
59.00
6.00
3.00
30.00
0.00
0.00
1.00
72.00
41.00
23.00
161.00
237.00
78.00
4.00
34.00
0.00
174.00
7.00
44.00
0.00
0.00
0.00
0.00
0.00
0.00
0.00
0.00
0.00
0.00
0.00
22.00
129.00
352.00
230.00
10.00
7.00
0.00
0.00
0.00
0.00
0.00
0.00
0.00
0.00
0.00
0.00
0.00
0.00
356.00
205.00
209.00
101.00
12.00
0.00
59.00
8.00
0.00
0.00
2.00
0.00
0.00
0.00
0.00
0.00
0.00
0.00
0.00
0.00
0.00
0.00
0.00
0.00
0.00
0.00
0.00
0.00
0.00
0.00
0.00
0.00
0.00
0.00
0.00
0.00
0.00
0.00
0.00
0.00
0.00
0.00
0.00
0.00
0.00
0.00
0.00
0.00
0.00
0.00
8.00
69.00
6.00
0.00
0.00
0.00
0.00
0.00
0.00
0.00
0.00
0.00
0.00
0.00
0.00
0.00
0.00
0.00
0.00
0.00
0.00
0.00
0.00
0.00
0.00
0.00
0.00
0.00
0.00
0.00
0.00
0.00
0.00
0.00
0.00
0.00
0.00
0.00
0.00
0.00
0.00
0.00
0.00
0.00
0.00
0.00
0.00
0.00
0.00
0.00
0.00
0.00
0.00
0.00
0.00
0.00
0.00
0.00
0.00
0.00
0.00
0.00
1.00
10.00
0.00
0.00
0.00
0.00
0.00
0.00
4.00
70.30
43.30
66.80
43.30
0.00
0.00
0.00
5.00
10.20
0.00
0.00
0.00
0.00
0.00
0.00
0.00
0.00
0.00
0.90
0.00
86.30
1.20
0.00
0.00
0.00
13.80
0.00
0.00
0.00
0.50
6.40
0.00
0.00
0.00
99.90
18.50
162.90
27.30
2.70
0.20
18.20
0.00
14.50
12.30
0.00
0.20
2.40
0.60
0.00
0.40
0.00
0.00
0.00
0.00
1.40
0.00
0.10
0.00
0.00
0.00
0.00
0.30
4.40
0.00
0.00
0.00
0.20
33.20
50.10
0.00
0.00
0.00
0.00
0.00
0.00
1.60
0.00
35.10
12.20
0.90
4.30
19.60
8.90
0.20
0.20
0.00
2.00
2.00
117.00
5.60
2.80
3.70
0.00
0.00
0.00
70.90
52.10
2.50
5.10
54.20
0.10
3.20
3.90
4.90
3.90
3.90
0.00
6.80
63.40
69.50
17.00
0.20
0.00
3.90
89.10
7.00
6.60
0.20
1.70
0.70
6.80
7.80
5.60
30.20
18.90
102.60
11.60
2.40
5.10
36.00
13.40
15.60
7.10
24.60
45.30
45.30
47.80
47.80
28.60
2.60
2.60
0.40
0.60
2.60
2.60
2.60
19.20
5.60
2.40
5.70
62.70
15.50
5.90
4.10
0.60
9.60
2.70
4.80
24.10
24.30
79.90
3.30
0.50
35.50
4.60
0.20
0.40
0.00
27.30
14.60
3.70
7.00
1.50
6.60
0.10
0.10
5.80
3.00
100.90
36.10
28.70
2.30
3.70
4.30
3.20
0.50
7.90
3.80
7.50
5.50
17.80
56.00
16.10
29.40
4.90
1.80
1.20
13.00
4.80
8.00
1.90
0.60
3.50
8.70
0.20
0.00
0.10
0.40
55.00
27.20
20.50
25.60
21.50
0.10
0.30
0.20
23.20
1.80
1.80
6.90
0.00
0.70
0.40
20.30
0.50
1.70
38.90
18.80
1.70
0.00
0.00
0.00
7.10
12.90
0.00
0.00
0.20
0.00
0.30
13.20
1.40
0.30
0.30
1.60
