20160101
0.00
0.00
0.00
0.00
0.00
0.00
0.00
0.00
0.00
0.00
0.00
0.00
1.00
0.00
0.00
0.00
0.00
0.00
0.00
9.00
0.00
0.00
0.00
0.00
0.00
0.00
0.00
0.00
0.00
0.00
0.00
0.00
0.00
0.00
0.00
0.00
0.00
0.00
0.00
0.00
0.00
2.00
0.00
0.00
0.00
0.00
0.00
0.00
0.00
0.00
0.00
5.00
30.00
73.00
303.00
0.00
24.00
0.00
0.00
0.00
0.00
2.00
0.00
91.00
0.00
10.00
0.00
1.00
0.00
0.00
2.00
0.00
0.00
2.00
0.00
7.00
0.00
0.00
8.00
0.00
53.00
0.00
2.00
0.00
0.00
0.00
0.00
583.00
25.00
7.00
528.00
20.00
0.00
354.00
562.00
632.00
221.00
0.00
7.00
0.00
28.00
0.00
0.00
162.00
40.00
225.00
255.00
854.00
5.00
361.00
175.00
476.00
420.00
8.00
105.00
148.00
161.00
56.00
0.00
1.00
178.00
65.00
156.00
90.00
210.00
47.00
76.00
16.00
0.00
1.00
3.00
20.00
169.00
127.00
180.00
79.00
10.00
603.00
146.00
25.00
170.00
746.00
0.00
0.00
8.00
52.00
0.00
1.00
22.00
150.00
10.00
94.00
0.00
0.00
12.00
84.00
11.00
50.00
179.00
30.00
85.00
133.00
52.00
55.00
93.00
0.00
51.00
399.00
569.00
163.00
0.00
1.00
26.00
77.00
95.00
68.00
42.00
65.00
129.00
24.00
359.00
55.00
191.00
188.00
60.00
22.00
0.00
12.00
80.00
92.00
367.00
24.00
48.00
7.00
4.00
48.00
639.00
23.00
3.00
15.00
84.00
2.00
41.00
77.00
201.00
126.00
192.00
34.00
4.00
70.00
148.00
97.00
1.00
30.00
5.00
42.00
234.00
256.00
44.00
212.00
338.00
69.00
27.00
36.00
16.00
17.00
123.00
326.00
17.00
126.00
58.00
1.00
404.00
31.00
0.00
13.00
0.00
762.00
11.00
29.00
103.00
83.00
441.00
319.00
68.00
7.00
140.00
100.00
220.00
150.00
41.00
1.00
16.00
18.00
58.00
588.00
1256.00
300.00
0.00
29.00
107.00
89.00
179.00
105.00
891.00
74.00
81.00
9.00
58.00
89.00
1.00
370.00
10.00
49.00
8.00
0.00
0.00
10.00
203.00
68.00
4.00
56.00
18.00
69.00
170.00
216.00
19.00
0.00
0.00
0.00
0.00
0.00
0.00
0.00
0.00
0.00
0.00
0.00
0.00
0.00
115.00
25.00
39.00
7.00
0.00
0.00
6.00
22.00
188.00
411.00
333.00
0.00
0.00
0.00
0.00
0.00
0.00
0.00
0.00
0.00
0.00
0.00
0.00
0.00
0.00
0.00
0.00
0.00
0.00
0.00
0.00
0.00
0.00
0.00
0.00
10.00
0.00
0.00
0.00
0.00
0.00
0.00
0.00
0.00
0.00
0.00
0.00
0.00
0.00
0.00
0.00
0.00
0.00
0.00
0.00
0.00
0.00
0.00
0.00
0.00
0.00
0.00
0.00
0.00
0.00
0.00
0.00
0.00
0.00
0.00
0.00
0.00
0.00
0.00
0.00
0.00
0.00
0.00
0.00
0.00
0.00
0.00
0.00
0.00
0.00
5.00
0.00
0.00
0.00
0.00
0.00
0.00
1.00
0.00
0.00
0.00
0.00
0.00
0.00
0.00
0.00
0.00
0.00
0.00
0.00
0.00
0.00
0.00
0.00
0.00
0.00
0.00
0.00
0.00
0.00
0.00
0.00
1.00
0.00
0.00
0.00
0.00
0.00
0.00
0.00
0.00
0.00
0.00
1.00
48.00
6.00
0.00
96.00
0.00
127.00
83.00
1.00
0.00
0.00
0.00
0.00
1.00
73.00
0.00
86.00
0.00
0.00
0.00
0.00
91.00
18.00
0.00
23.00
277.00
749.00
394.00
128.00
134.00
186.00
454.00
408.00
0.00
0.00
0.00
2.00
2.00
0.00
0.00
0.00
0.00
118.00
35.00
0.00
3.00
423.00
423.00
218.00
565.00
44.00
238.00
63.00
0.00
0.00
133.00
13.00
17.00
182.00
0.00
0.00
97.00
100.00
106.00
0.00
0.00
55.00
0.00
14.00
0.00
26.00
305.00
405.00
0.00
57.00
18.00
126.00
83.00
44.00
26.00
0.00
1.00
23.00
51.00
22.00
2.00
130.00
747.00
333.00
412.00
97.00
325.00
297.00
28.00
0.00
0.00
82.00
228.00
764.00
265.00
731.00
83.00
92.00
12.00
102.00
152.00
679.00
499.00
63.00
10.00
69.00
373.00
275.00
836.00
300.00
271.00
255.00
46.00
128.00
184.00
3.00
68.00
7.00
157.00
120.00
82.00
40.00
88.00
63.00
71.00
443.00
275.00
79.00
334.00
110.00
7.00
129.00
101.00
72.00
30.00
97.00
205.00
407.00
7.00
22.00
39.00
28.00
13.00
15.00
72.00
135.00
104.00
139.00
167.00
205.00
63.00
24.00
17.00
2.00
41.00
605.00
214.00
31.00
21.00
33.00
15.00
40.00
5.00
229.00
207.00
109.00
59.00
140.00
147.00
188.00
264.00
44.00
171.00
192.00
246.00
87.00
5.00
1.00
6.00
22.00
10.00
110.00
322.00
26.00
25.00
129.00
89.00
1.00
96.00
16.00
0.00
2.00
241.00
218.00
344.00
13.00
16.00
0.00
0.00
0.00
2.00
116.00
186.00
418.00
30.00
302.00
92.00
7.00
0.00
1.00
374.00
390.00
36.00
87.00
5.00
0.00
0.00
208.00
3.00
0.00
0.00
0.00
86.00
269.00
496.00
451.00
1508.00
0.00
0.00
0.00
0.00
0.00
0.00
0.00
952.00
594.00
0.00
0.00
0.00
0.00
0.00
0.00
0.00
0.00
0.00
0.00
0.00
0.00
67.00
5.00
0.00
165.00
22.00
19.00
0.00
0.00
0.00
0.00
0.00
0.00
0.00
0.00
0.00
0.00
0.00
0.00
0.00
0.00
0.00
0.00
0.00
0.00
0.00
65.00
419.00
295.00
320.00
0.00
0.00
0.00
0.00
0.00
0.00
0.00
0.00
11.00
0.00
0.00
0.00
0.00
0.00
0.00
0.00
0.00
0.00
0.00
0.00
86.00
136.00
3.00
0.00
0.00
0.00
0.00
0.00
0.00
0.00
0.00
0.00
0.00
0.00
0.00
0.00
0.00
0.00
0.00
0.00
0.00
0.00
0.00
0.00
0.00
0.00
0.00
0.00
0.00
0.00
0.00
0.00
0.00
0.00
0.00
0.00
0.00
0.00
42.00
11.00
65.00
19.00
8.00
0.00
2.00
0.00
0.00
0.00
0.00
0.00
0.00
1.00
0.00
0.00
39.00
0.00
21.00
537.00
0.00
0.00
0.00
0.00
0.00
0.00
0.00
0.00
0.00
0.00
0.00
0.00
0.00
0.00
3.00
0.00
10.00
44.00
16.00
0.00
0.00
0.00
0.00
0.00
0.00
0.00
36.00
155.00
11.00
142.00
388.00
271.00
2.00
0.00
22.00
12.00
0.00
45.00
71.00
15.00
106.00
50.00
7.00
29.00
60.00
1.00
128.00
0.00
0.00
109.00
38.00
20.00
66.00
474.00
155.00
0.00
1.00
30.00
9.00
2.00
267.00
51.00
366.00
6.00
181.00
143.00
159.00
460.00
701.00
620.00
536.00
462.00
258.00
282.00
0.00
57.00
258.00
188.00
67.00
2.00
42.00
68.00
20.00
11.00
23.00
35.00
85.00
46.00
1.00
49.00
41.00
39.00
51.00
100.00
74.00
25.00
31.00
51.00
404.00
316.00
1.00
191.00
212.00
631.00
629.00
419.00
51.00
821.00
238.00
8.00
25.00
0.00
7.00
0.00
24.00
138.00
35.00
90.00
21.00
194.00
51.00
12.00
2.00
22.00
0.00
0.00
50.00
0.00
0.00
19.00
104.00
29.00
51.00
195.00
13.00
99.00
26.00
30.00
60.00
18.00
78.00
53.00
65.00
107.00
252.00
21.00
56.00
99.00
37.00
22.00
27.00
146.00
269.00
532.00
199.00
33.00
6.00
10.00
112.00
336.00
31.00
123.00
248.00
123.00
51.00
78.00
629.00
1387.00
460.00
553.00
229.00
41.00
2.00
3.00
404.00
121.00
9.00
237.00
26.00
106.00
201.00
61.00
41.00
10.00
135.00
49.00
183.00
1.00
45.00
105.00
5.00
6.00
0.00
4.00
67.00
28.00
0.00
3.00
8.00
2.00
7.00
124.00
18.00
101.00
278.00
30.00
212.00
0.00
33.00
12.00
10.00
14.00
95.00
0.00
0.00
0.00
0.00
0.00
0.00
0.00
0.00
0.00
0.00
0.00
14.00
154.00
344.00
217.00
5.00
9.00
0.00
0.00
0.00
0.00
0.00
0.00
0.00
0.00
0.00
0.00
0.00
0.00
1127.00
329.00
249.00
127.00
68.00
0.00
0.00
20.00
0.00
11.00
2.00
0.00
0.00
0.00
0.00
0.00
44.00
0.00
0.00
0.00
0.00
0.00
0.00
0.00
0.00
0.00
0.00
0.00
0.00
0.00
0.00
0.00
0.00
0.00
0.00
0.00
0.00
0.00
0.00
0.00
0.00
0.00
0.00
0.00
0.00
0.00
0.00
0.00
0.00
0.00
10.00
33.00
8.00
0.00
0.00
0.00
0.00
0.00
0.00
0.00
0.00
0.00
0.00
0.00
0.00
0.00
0.00
0.00
0.00
0.00
0.00
0.00
0.00
0.00
0.00
0.00
0.00
0.00
0.00
0.00
0.00
0.00
0.00
0.00
0.00
0.00
0.00
0.00
0.00
0.00
0.00
0.00
0.00
0.00
0.00
0.00
0.00
0.00
0.00
0.00
0.00
0.00
0.00
0.00
0.00
0.00
0.00
0.00
0.00
0.00
0.00
0.00
0.00
1.00
0.00
0.00
0.00
0.00
0.00
0.00
5.80
89.10
32.60
68.30
40.60
0.00
0.00
0.00
6.30
20.00
0.00
0.00
0.00
0.00
0.00
0.00
0.00
0.00
0.00
0.20
0.00
36.00
3.40
0.00
0.00
0.00
33.60
0.00
0.00
0.00
1.10
17.20
0.00
0.00
0.00
96.80
20.30
152.00
7.30
46.10
4.00
17.70
0.10
33.50
13.00
0.10
0.00
2.90
1.00
0.00
6.80
0.00
1.30
0.00
0.00
14.40
0.00
0.10
0.00
0.00
0.00
0.00
2.10
23.00
2.40
0.10
0.10
6.10
50.10
38.20
0.00
0.00
0.00
0.00
0.00
0.00
6.40
0.70
26.20
8.10
10.40
18.30
65.00
2.70
0.00
0.00
2.00
11.30
11.30
96.00
1.30
0.70
1.50
0.00
0.00
0.00
40.60
43.60
0.00
2.10
47.40
2.60
18.40
16.60
4.70
0.00
1.00
0.00
0.40
46.10
62.10
9.00
0.00
0.00
0.00
58.00
10.00
9.30
1.60
0.20
0.70
5.70
16.60
7.90
5.40
25.90
52.80
19.20
6.40
13.70
51.80
21.00
16.90
0.60
7.00
44.20
44.20
27.10
27.10
5.80
8.40
8.40
0.30
0.10
8.40
8.40
8.40
12.30
5.90
9.00
12.20
74.20
28.70
15.60
4.70
2.30
12.20
3.00
9.40
38.80
26.60
17.30
4.00
3.40
39.80
6.30
0.50
0.20
0.00
7.00
20.10
9.90
9.80
10.10
12.20
0.40
0.80
4.50
6.30
130.50
32.70
46.70
15.80
7.60
5.30
1.40
0.60
8.30
1.10
2.20
1.10
42.70
45.60
30.00
28.50
13.70
2.20
0.80
11.30
15.10
16.70
2.50
1.00
3.30
16.10
0.40
0.10
0.10
0.30
24.10
39.20
14.90
25.40
19.20
0.90
11.80
7.40
20.90
5.60
5.60
0.50
0.00
1.00
0.00
42.10
4.30
11.60
28.90
27.30
0.00
0.00
0.00
0.00
7.00
6.30
0.00
0.00
0.00
0.00
5.00
17.40
3.40
0.50
0.10
0.70
