20160101
0.00
0.00
0.00
0.00
0.00
0.00
0.00
0.00
1.00
0.00
0.00
0.00
2.00
0.00
0.00
0.00
0.00
5.00
2.00
78.00
0.00
0.00
0.00
0.00
0.00
0.00
0.00
0.00
0.00
0.00
0.00
3.00
0.00
0.00
0.00
0.00
0.00
0.00
1.00
0.00
0.00
42.00
0.00
0.00
0.00
0.00
0.00
0.00
0.00
0.00
4.00
0.00
0.00
0.00
66.00
0.00
6.00
0.00
0.00
0.00
0.00
0.00
0.00
0.00
0.00
123.00
0.00
0.00
0.00
0.00
0.00
0.00
0.00
1.00
1.00
0.00
0.00
0.00
0.00
0.00
18.00
0.00
0.00
0.00
0.00
0.00
0.00
487.00
85.00
184.00
602.00
3.00
3.00
220.00
58.00
3.00
0.00
0.00
0.00
0.00
0.00
0.00
0.00
0.00
231.00
66.00
178.00
958.00
5.00
209.00
30.00
0.00
0.00
0.00
0.00
0.00
97.00
159.00
3.00
0.00
0.00
296.00
95.00
411.00
12.00
119.00
73.00
108.00
7.00
10.00
19.00
22.00
618.00
507.00
353.00
91.00
1.00
14.00
193.00
114.00
61.00
456.00
2.00
7.00
26.00
167.00
10.00
125.00
105.00
4.00
54.00
42.00
1.00
0.00
0.00
144.00
2.00
63.00
533.00
32.00
50.00
196.00
237.00
101.00
86.00
401.00
131.00
447.00
156.00
87.00
94.00
199.00
350.00
422.00
559.00
62.00
40.00
95.00
97.00
132.00
149.00
104.00
343.00
143.00
265.00
165.00
148.00
38.00
252.00
617.00
232.00
61.00
141.00
31.00
16.00
88.00
205.00
221.00
17.00
75.00
323.00
107.00
76.00
151.00
84.00
112.00
270.00
88.00
302.00
37.00
269.00
77.00
54.00
278.00
210.00
224.00
241.00
108.00
31.00
192.00
513.00
62.00
443.00
89.00
61.00
388.00
403.00
549.00
62.00
140.00
82.00
11.00
66.00
64.00
21.00
46.00
24.00
175.00
43.00
59.00
104.00
807.00
329.00
519.00
224.00
240.00
99.00
81.00
67.00
67.00
74.00
64.00
87.00
140.00
633.00
490.00
683.00
379.00
63.00
148.00
131.00
233.00
203.00
559.00
295.00
65.00
129.00
93.00
298.00
124.00
50.00
165.00
595.00
35.00
14.00
33.00
30.00
125.00
333.00
177.00
505.00
34.00
40.00
66.00
54.00
151.00
0.00
0.00
0.00
0.00
0.00
0.00
0.00
13.00
12.00
0.00
0.00
29.00
0.00
5.00
37.00
1.00
0.00
0.00
0.00
0.00
0.00
8.00
254.00
263.00
0.00
0.00
0.00
0.00
0.00
0.00
0.00
0.00
0.00
0.00
0.00
25.00
0.00
0.00
0.00
0.00
0.00
0.00
0.00
0.00
0.00
1.00
66.00
0.00
0.00
1.00
0.00
1.00
0.00
0.00
0.00
0.00
0.00
0.00
0.00
0.00
0.00
0.00
0.00
0.00
0.00
4.00
0.00
0.00
0.00
0.00
0.00
99.00
43.00
0.00
43.00
0.00
0.00
99.00
0.00
222.00
30.00
5.00
99.00
3.00
0.00
0.00
0.00
0.00
0.00
2.00
0.00
0.00
0.00
0.00
0.00
0.00
0.00
0.00
0.00
0.00
0.00
0.00
0.00
0.00
0.00
0.00
8.00
0.00
0.00
0.00
0.00
0.00
0.00
0.00
0.00
0.00
0.00
0.00
0.00
0.00
0.00
0.00
0.00
0.00
0.00
0.00
0.00
0.00
0.00
0.00
0.00
0.00
18.00
0.00
0.00
0.00
0.00
0.00
0.00
0.00
0.00
0.00
24.00
56.00
2.00
0.00
15.00
0.00
202.00
46.00
0.00
0.00
0.00
0.00
0.00
17.00
2.00
26.00
106.00
0.00
0.00
0.00
65.00
239.00
0.00
0.00
89.00
698.00
282.00
18.00
35.00
31.00
17.00
147.00
350.00
1.00
3.00
0.00
0.00
0.00
0.00
0.00
0.00
0.00
161.00
4.00
0.00
12.00
1200.00
476.00
21.00
642.00
4.00
299.00
292.00
0.00
0.00
0.00
20.00
34.00
746.00
0.00
14.00
77.00
95.00
125.00
0.00
9.00
170.00
8.00
76.00
6.00
197.00
407.00
704.00
1.00
56.00
187.00
97.00
83.00
3.00
228.00
3.00
20.00
6.00
42.00
28.00
19.00
172.00
317.00
451.00
593.00
321.00
373.00
320.00
53.00
13.00
18.00
142.00
21.00
144.00
222.00
586.00
148.00
348.00
302.00
305.00
1255.00
1676.00
1340.00
125.00
305.00
339.00
372.00
344.00
63.00
106.00
101.00
373.00
86.00
460.00
221.00
289.00
147.00
301.00
95.00
56.00
63.00
88.00
257.00
321.00
576.00
805.00
301.00
69.00
200.00
85.00
133.00
230.00
138.00
195.00
247.00
610.00
173.00
270.00
134.00
89.00
88.00
55.00
196.00
47.00
149.00
371.00
155.00
411.00
1204.00
230.00
71.00
12.00
38.00
33.00
944.00
1142.00
1132.00
396.00
152.00
296.00
25.00
441.00
112.00
161.00
119.00
451.00
140.00
616.00
746.00
976.00
626.00
768.00
174.00
148.00
276.00
418.00
245.00
132.00
241.00
164.00
121.00
315.00
369.00
329.00
520.00
815.00
87.00
63.00
580.00
335.00
69.00
101.00
366.00
117.00
180.00
112.00
72.00
31.00
46.00
111.00
124.00
103.00
432.00
489.00
463.00
282.00
435.00
211.00
57.00
50.00
38.00
512.00
92.00
110.00
62.00
40.00
21.00
40.00
18.00
41.00
18.00
21.00
66.00
658.00
208.00
802.00
1467.00
7.00
0.00
0.00
0.00
136.00
9.00
34.00
50.00
92.00
13.00
0.00
0.00
9.00
14.00
16.00
2.00
188.00
16.00
10.00
0.00
0.00
33.00
0.00
16.00
478.00
75.00
14.00
7.00
11.00
3.00
7.00
0.00
6.00
0.00
0.00
0.00
0.00
0.00
0.00
0.00
0.00
0.00
0.00
0.00
0.00
0.00
30.00
306.00
396.00
154.00
0.00
0.00
0.00
0.00
0.00
0.00
0.00
0.00
33.00
6.00
8.00
11.00
0.00
0.00
0.00
0.00
0.00
0.00
0.00
0.00
0.00
213.00
43.00
0.00
0.00
0.00
0.00
0.00
0.00
0.00
0.00
0.00
0.00
0.00
0.00
0.00
0.00
0.00
0.00
0.00
0.00
0.00
0.00
0.00
0.00
0.00
0.00
0.00
0.00
0.00
0.00
0.00
0.00
0.00
0.00
9.00
0.00
0.00
689.00
312.00
426.00
49.00
200.00
0.00
76.00
112.00
0.00
0.00
0.00
0.00
0.00
0.00
0.00
0.00
0.00
0.00
368.00
312.00
0.00
0.00
0.00
0.00
0.00
0.00
1.00
0.00
0.00
0.00
0.00
0.00
0.00
0.00
0.00
0.00
0.00
53.00
12.00
0.00
0.00
0.00
0.00
18.00
9.00
13.00
9.00
56.00
0.00
24.00
471.00
240.00
343.00
0.00
25.00
0.00
0.00
164.00
57.00
90.00
5.00
2.00
0.00
120.00
11.00
0.00
200.00
0.00
14.00
108.00
170.00
27.00
28.00
287.00
30.00
0.00
27.00
261.00
66.00
0.00
324.00
272.00
182.00
0.00
58.00
1.00
195.00
609.00
960.00
134.00
354.00
389.00
207.00
274.00
0.00
1.00
0.00
685.00
8.00
0.00
1.00
0.00
0.00
169.00
362.00
77.00
37.00
686.00
499.00
0.00
348.00
13.00
66.00
143.00
87.00
1.00
42.00
65.00
149.00
233.00
275.00
14.00
216.00
51.00
109.00
391.00
73.00
443.00
247.00
61.00
23.00
105.00
159.00
9.00
57.00
24.00
39.00
470.00
76.00
97.00
59.00
34.00
62.00
45.00
199.00
258.00
51.00
144.00
76.00
50.00
90.00
95.00
88.00
79.00
27.00
129.00
162.00
547.00
170.00
29.00
148.00
44.00
34.00
189.00
221.00
129.00
671.00
527.00
262.00
46.00
34.00
61.00
80.00
197.00
441.00
162.00
205.00
18.00
107.00
353.00
549.00
127.00
49.00
173.00
608.00
368.00
309.00
238.00
225.00
408.00
777.00
56.00
60.00
482.00
133.00
112.00
45.00
210.00
193.00
177.00
210.00
94.00
17.00
61.00
33.00
101.00
68.00
30.00
87.00
223.00
93.00
24.00
13.00
40.00
73.00
86.00
342.00
139.00
280.00
271.00
21.00
26.00
5.00
24.00
96.00
216.00
1.00
27.00
85.00
130.00
442.00
96.00
15.00
6.00
1.00
6.00
9.00
9.00
13.00
18.00
1.00
0.00
0.00
0.00
1.00
24.00
110.00
406.00
3.00
0.00
0.00
2.00
0.00
0.00
0.00
0.00
0.00
1.00
0.00
0.00
0.00
2.00
152.00
116.00
180.00
18.00
0.00
0.00
0.00
0.00
7.00
47.00
0.00
0.00
0.00
0.00
0.00
0.00
0.00
0.00
0.00
0.00
0.00
0.00
0.00
0.00
0.00
0.00
0.00
0.00
0.00
0.00
0.00
0.00
0.00
0.00
0.00
0.00
0.00
0.00
0.00
40.00
0.00
0.00
0.00
0.00
0.00
0.00
0.00
0.00
0.00
0.00
2.00
79.00
31.00
0.00
0.00
0.00
0.00
0.00
0.00
0.00
0.00
0.00
0.00
0.00
0.00
0.00
0.00
0.00
0.00
0.00
5.00
0.00
0.00
0.00
0.00
0.00
0.00
0.00
0.00
0.00
0.00
0.00
0.00
0.00
0.00
0.00
0.00
0.00
0.00
0.00
0.00
12.00
12.00
2.00
0.00
0.00
0.00
0.00
0.00
0.00
0.00
0.00
0.00
0.00
0.00
0.00
0.00
0.00
0.00
0.00
0.00
0.00
0.00
6.00
0.00
0.00
0.00
0.00
0.00
0.00
0.00
15.30
7.20
31.40
17.40
0.00
0.00
0.10
6.70
1.40
0.00
0.00
0.00
0.00
0.00
0.00
0.00
0.00
0.00
0.40
0.00
15.20
0.10
1.70
0.00
1.70
6.20
0.00
0.00
0.00
5.80
12.10
0.00
2.20
0.30
138.50
6.50
54.50
0.00
25.40
45.60
32.70
0.00
12.00
42.40
0.00
21.80
5.40
2.50
0.00
0.10
0.10
0.00
0.00
0.00
0.00
8.20
0.40
0.00
0.00
0.00
0.00
2.60
1.40
10.90
3.90
3.90
2.10
75.00
49.70
0.00
0.00
0.00
4.80
7.30
0.10
5.20
0.20
35.40
0.00
6.20
0.70
19.50
17.70
14.50
14.50
14.90
24.10
24.10
6.20
3.30
2.20
15.70
0.30
0.00
6.70
49.90
109.60
28.00
28.10
17.00
15.40
8.70
7.60
6.40
2.10
22.60
0.50
0.90
56.40
51.10
47.30
1.40
3.10
5.10
16.00
18.30
10.80
3.90
3.00
1.10
59.20
64.00
124.10
47.40
4.70
19.90
18.10
16.80
9.00
18.70
10.90
12.90
7.20
26.80
58.00
58.00
87.90
87.90
35.80
6.80
6.80
10.40
21.00
6.80
6.80
6.80
12.70
55.60
33.90
42.50
14.20
10.60
16.50
11.20
14.70
8.50
5.30
23.20
38.00
17.90
5.20
19.70
8.60
13.60
11.10
7.40
12.70
6.50
65.40
31.70
10.70
42.40
68.90
3.70
5.80
5.50
5.80
18.30
73.10
55.00
18.90
7.70
8.60
6.70
11.30
12.20
13.00
20.80
62.30
79.20
55.70
33.00
15.00
25.10
17.50
16.60
7.50
11.10
17.60
5.80
24.40
11.40
19.00
8.80
7.80
6.20
7.00
10.60
16.10
36.60
7.30
46.70
38.80
9.10
16.70
12.70
29.00
21.50
21.50
10.10
5.10
5.20
21.90
10.70
15.60
4.90
12.30
8.70
2.50
5.00
0.50
4.70
1.60
1.90
2.40
2.30
7.70
9.90
0.30
7.40
0.90
0.10
0.00
1.00
