20160101
0.00
0.00
0.00
0.00
0.00
0.00
0.00
0.00
63.00
0.00
0.00
0.00
3.00
0.00
0.00
0.00
0.00
0.00
1.00
87.00
0.00
0.00
0.00
0.00
0.00
6.00
0.00
0.00
0.00
0.00
0.00
0.00
0.00
0.00
0.00
0.00
0.00
0.00
0.00
0.00
0.00
58.00
0.00
0.00
0.00
0.00
0.00
0.00
0.00
0.00
3.00
5.00
0.00
4.00
84.00
0.00
17.00
0.00
0.00
0.00
0.00
0.00
0.00
6.00
0.00
0.00
0.00
0.00
621.00
0.00
7.00
1.00
0.00
0.00
0.00
0.00
1.00
0.00
11.00
36.00
29.00
0.00
0.00
0.00
0.00
0.00
28.00
688.00
121.00
139.00
182.00
5.00
0.00
125.00
392.00
580.00
282.00
202.00
244.00
18.00
2.00
302.00
117.00
180.00
385.00
468.00
558.00
680.00
461.00
875.00
194.00
684.00
202.00
1254.00
357.00
48.00
169.00
267.00
283.00
48.00
252.00
49.00
118.00
21.00
144.00
10.00
115.00
19.00
3.00
0.00
2.00
39.00
102.00
129.00
188.00
303.00
831.00
1134.00
403.00
33.00
30.00
909.00
2.00
0.00
33.00
65.00
4.00
10.00
60.00
0.00
49.00
119.00
0.00
0.00
0.00
10.00
74.00
807.00
772.00
87.00
52.00
223.00
31.00
16.00
0.00
34.00
114.00
53.00
298.00
66.00
2.00
14.00
284.00
162.00
81.00
1.00
26.00
32.00
133.00
32.00
120.00
29.00
455.00
237.00
220.00
38.00
0.00
34.00
0.00
6.00
238.00
81.00
10.00
27.00
9.00
0.00
200.00
124.00
7.00
7.00
2.00
13.00
70.00
59.00
206.00
68.00
153.00
10.00
0.00
72.00
19.00
136.00
19.00
4.00
0.00
0.00
120.00
248.00
40.00
202.00
83.00
44.00
9.00
0.00
128.00
109.00
578.00
28.00
0.00
0.00
6.00
0.00
212.00
29.00
0.00
6.00
0.00
174.00
2.00
86.00
57.00
783.00
630.00
571.00
188.00
15.00
491.00
29.00
330.00
522.00
269.00
1.00
17.00
31.00
40.00
126.00
289.00
169.00
0.00
5.00
63.00
138.00
21.00
112.00
567.00
111.00
12.00
282.00
209.00
3.00
0.00
834.00
85.00
167.00
24.00
1.00
0.00
2.00
2.00
315.00
42.00
466.00
201.00
107.00
0.00
56.00
0.00
0.00
0.00
0.00
0.00
0.00
0.00
0.00
0.00
0.00
0.00
0.00
0.00
0.00
130.00
4.00
13.00
0.00
0.00
0.00
0.00
10.00
163.00
354.00
569.00
7.00
0.00
0.00
0.00
0.00
0.00
0.00
0.00
0.00
0.00
0.00
0.00
0.00
0.00
0.00
0.00
0.00
0.00
0.00
0.00
0.00
0.00
0.00
0.00
26.00
0.00
0.00
0.00
0.00
0.00
0.00
0.00
0.00
0.00
0.00
0.00
0.00
0.00
0.00
0.00
0.00
0.00
0.00
0.00
0.00
0.00
0.00
0.00
0.00
62.00
0.00
0.00
0.00
0.00
7.00
0.00
0.00
0.00
0.00
0.00
0.00
0.00
0.00
0.00
0.00
0.00
0.00
0.00
0.00
0.00
0.00
0.00
0.00
0.00
0.00
0.00
0.00
0.00
0.00
0.00
0.00
2.00
0.00
0.00
0.00
0.00
0.00
0.00
0.00
0.00
0.00
0.00
0.00
0.00
0.00
0.00
0.00
0.00
0.00
0.00
0.00
0.00
0.00
0.00
0.00
118.00
616.00
67.00
0.00
0.00
0.00
0.00
0.00
0.00
0.00
0.00
0.00
26.00
56.00
0.00
0.00
100.00
0.00
313.00
42.00
0.00
0.00
0.00
0.00
0.00
105.00
175.00
6.00
149.00
0.00
0.00
0.00
0.00
104.00
0.00
63.00
51.00
649.00
579.00
1052.00
926.00
947.00
860.00
374.00
22.00
0.00
69.00
189.00
265.00
47.00
0.00
0.00
0.00
0.00
178.00
2.00
0.00
32.00
368.00
145.00
143.00
43.00
5.00
37.00
1244.00
209.00
295.00
177.00
26.00
108.00
92.00
0.00
1.00
27.00
521.00
225.00
0.00
18.00
22.00
0.00
9.00
0.00
3.00
221.00
246.00
7.00
0.00
264.00
233.00
154.00
192.00
71.00
2.00
171.00
175.00
253.00
0.00
23.00
187.00
595.00
424.00
912.00
124.00
499.00
41.00
4.00
0.00
14.00
159.00
5.00
1227.00
518.00
178.00
331.00
50.00
65.00
79.00
684.00
524.00
516.00
16.00
128.00
27.00
206.00
564.00
257.00
129.00
84.00
132.00
76.00
207.00
109.00
12.00
69.00
142.00
177.00
102.00
101.00
40.00
65.00
57.00
152.00
340.00
15.00
52.00
258.00
10.00
9.00
59.00
385.00
14.00
0.00
86.00
158.00
65.00
21.00
91.00
13.00
76.00
10.00
175.00
74.00
187.00
75.00
88.00
58.00
484.00
87.00
70.00
25.00
40.00
88.00
749.00
330.00
74.00
24.00
395.00
26.00
57.00
5.00
3.00
24.00
77.00
61.00
9.00
267.00
268.00
164.00
3.00
228.00
72.00
55.00
214.00
156.00
32.00
228.00
2.00
0.00
0.00
61.00
354.00
247.00
433.00
1.00
24.00
160.00
484.00
2.00
0.00
97.00
6.00
101.00
114.00
19.00
17.00
1.00
1.00
0.00
22.00
68.00
348.00
66.00
167.00
154.00
18.00
0.00
1.00
55.00
167.00
282.00
489.00
6.00
0.00
0.00
100.00
131.00
15.00
65.00
0.00
9.00
118.00
236.00
462.00
1400.00
0.00
0.00
0.00
0.00
0.00
0.00
0.00
261.00
622.00
0.00
0.00
0.00
0.00
0.00
0.00
0.00
0.00
0.00
0.00
0.00
0.00
12.00
0.00
12.00
221.00
33.00
2.00
0.00
0.00
0.00
0.00
0.00
0.00
0.00
0.00
0.00
0.00
0.00
0.00
0.00
0.00
0.00
0.00
0.00
0.00
0.00
0.00
27.00
705.00
150.00
0.00
0.00
0.00
0.00
0.00
0.00
0.00
0.00
34.00
0.00
0.00
0.00
0.00
0.00
0.00
0.00
0.00
0.00
0.00
0.00
136.00
156.00
67.00
0.00
0.00
0.00
0.00
0.00
0.00
0.00
0.00
0.00
0.00
0.00
0.00
0.00
0.00
0.00
0.00
0.00
0.00
0.00
0.00
0.00
0.00
0.00
0.00
0.00
0.00
0.00
0.00
0.00
0.00
0.00
0.00
0.00
0.00
0.00
13.00
0.00
40.00
11.00
0.00
13.00
4.00
0.00
0.00
0.00
0.00
0.00
0.00
3.00
0.00
0.00
0.00
22.00
108.00
399.00
0.00
0.00
0.00
0.00
623.00
0.00
0.00
0.00
0.00
0.00
0.00
0.00
0.00
168.00
133.00
0.00
448.00
115.00
273.00
0.00
0.00
0.00
0.00
0.00
0.00
0.00
1.00
46.00
3.00
17.00
209.00
252.00
47.00
0.00
40.00
0.00
0.00
0.00
4.00
19.00
23.00
44.00
230.00
264.00
41.00
0.00
158.00
0.00
0.00
197.00
10.00
26.00
106.00
141.00
13.00
0.00
1.00
183.00
0.00
0.00
66.00
17.00
349.00
14.00
136.00
0.00
79.00
281.00
468.00
241.00
270.00
476.00
627.00
146.00
0.00
16.00
0.00
99.00
3.00
0.00
44.00
0.00
20.00
0.00
0.00
22.00
224.00
520.00
724.00
129.00
12.00
0.00
121.00
26.00
0.00
31.00
31.00
164.00
104.00
6.00
0.00
1.00
19.00
7.00
259.00
790.00
983.00
865.00
601.00
79.00
14.00
42.00
6.00
0.00
102.00
125.00
19.00
77.00
21.00
59.00
168.00
7.00
107.00
51.00
1.00
93.00
235.00
64.00
0.00
2.00
122.00
41.00
9.00
56.00
65.00
9.00
44.00
41.00
12.00
155.00
4.00
1.00
0.00
85.00
88.00
37.00
152.00
94.00
165.00
31.00
32.00
178.00
178.00
100.00
252.00
89.00
0.00
22.00
11.00
134.00
17.00
43.00
58.00
20.00
79.00
550.00
65.00
334.00
1.00
11.00
93.00
6.00
1.00
0.00
58.00
6.00
2.00
164.00
108.00
199.00
108.00
41.00
56.00
0.00
0.00
60.00
19.00
3.00
215.00
70.00
0.00
0.00
0.00
0.00
7.00
31.00
161.00
275.00
64.00
6.00
12.00
2.00
0.00
84.00
43.00
0.00
28.00
0.00
37.00
0.00
274.00
1.00
28.00
0.00
0.00
0.00
0.00
0.00
0.00
0.00
0.00
0.00
0.00
90.00
0.00
33.00
51.00
454.00
76.00
5.00
0.00
0.00
0.00
0.00
0.00
0.00
0.00
0.00
0.00
0.00
0.00
0.00
216.00
120.00
82.00
44.00
0.00
0.00
0.00
0.00
23.00
0.00
0.00
0.00
0.00
0.00
0.00
0.00
0.00
0.00
0.00
0.00
0.00
0.00
0.00
0.00
0.00
0.00
0.00
0.00
0.00
0.00
0.00
0.00
0.00
0.00
0.00
0.00
0.00
0.00
0.00
22.00
6.00
0.00
0.00
0.00
0.00
0.00
0.00
0.00
0.00
0.00
1.00
44.00
167.00
0.00
0.00
0.00
0.00
0.00
0.00
0.00
0.00
0.00
0.00
0.00
0.00
0.00
0.00
0.00
0.00
0.00
8.00
0.00
0.00
0.00
0.00
0.00
0.00
0.00
0.00
0.00
0.00
0.00
0.00
0.00
0.00
0.00
0.00
0.00
0.00
0.00
0.00
0.00
0.00
0.00
0.00
0.00
0.00
0.00
0.00
0.00
0.00
0.00
0.00
0.00
0.00
7.00
0.00
0.00
1.00
0.00
0.00
0.00
0.00
3.00
0.00
0.00
0.00
0.00
0.00
0.10
0.00
60.20
6.30
83.30
11.20
0.00
0.00
0.00
0.00
1.40
0.00
0.00
0.00
0.00
0.00
0.00
0.00
0.00
0.00
0.20
0.00
3.10
0.50
7.60
0.00
6.30
16.90
0.00
0.00
0.00
22.90
0.20
0.00
0.00
0.00
75.00
42.40
44.20
0.00
46.90
22.10
30.30
5.90
17.40
14.40
0.00
0.00
5.30
0.00
0.00
23.60
19.40
4.40
0.00
0.00
2.10
0.00
2.80
0.00
0.00
0.00
0.00
9.40
27.90
36.20
50.80
50.80
2.60
28.40
60.40
0.00
1.70
16.40
11.70
37.10
5.10
21.90
15.80
5.50
1.80
16.50
16.00
30.90
19.50
0.00
0.00
23.00
44.90
44.90
22.40
3.20
19.70
3.10
0.00
0.50
7.40
7.30
2.70
0.00
0.10
8.70
0.00
10.30
16.50
4.20
3.90
15.90
0.00
0.00
13.80
53.90
33.70
5.40
71.20
19.40
20.00
68.60
64.50
2.20
0.00
18.70
76.80
69.90
27.30
22.80
0.40
0.00
4.90
46.20
3.10
2.00
36.70
23.50
16.80
2.50
15.90
15.90
63.40
63.40
23.40
11.90
11.90
0.00
0.00
11.90
11.90
11.90
34.30
31.20
30.30
6.50
51.10
34.30
6.50
2.00
0.30
22.40
5.40
8.30
79.50
8.80
3.00
3.40
1.40
3.80
6.40
0.10
1.10
0.00
2.40
8.80
6.00
10.00
8.50
6.00
0.00
0.00
0.10
2.40
150.90
19.00
8.70
0.00
0.00
3.00
3.20
0.00
0.70
4.60
0.70
1.00
2.10
43.10
22.30
64.90
7.20
0.10
0.00
7.50
16.40
4.00
0.80
0.00
3.40
10.90
0.10
0.00
0.00
0.00
7.80
31.70
16.90
23.10
7.80
1.00
4.80
4.50
16.70
5.70
5.70
12.00
4.70
2.70
0.50
3.90
1.50
5.00
18.50
4.90
0.00
0.00
0.00
0.00
10.90
0.00
0.00
0.00
0.00
0.00
4.80
0.70
0.20
2.30
5.50
29.40
