20160101
0.00
0.00
0.00
0.00
0.00
0.00
0.00
0.00
0.00
0.00
0.00
0.00
5.00
0.00
0.00
0.00
0.00
0.00
28.00
47.00
0.00
0.00
0.00
0.00
0.00
0.00
15.00
0.00
0.00
0.00
0.00
0.00
0.00
0.00
0.00
0.00
0.00
6.00
25.00
0.00
0.00
0.00
0.00
0.00
0.00
0.00
0.00
0.00
0.00
0.00
6.00
4.00
0.00
0.00
0.00
0.00
7.00
0.00
0.00
0.00
0.00
0.00
0.00
0.00
0.00
293.00
0.00
0.00
0.00
0.00
0.00
0.00
6.00
23.00
0.00
0.00
0.00
0.00
0.00
0.00
0.00
0.00
0.00
0.00
0.00
0.00
0.00
94.00
56.00
449.00
322.00
16.00
0.00
57.00
0.00
24.00
0.00
0.00
0.00
0.00
0.00
0.00
0.00
0.00
0.00
0.00
528.00
0.00
0.00
0.00
0.00
0.00
0.00
0.00
0.00
0.00
0.00
0.00
0.00
0.00
0.00
208.00
0.00
10.00
3.00
0.00
0.00
102.00
18.00
12.00
98.00
3.00
427.00
31.00
24.00
46.00
20.00
0.00
15.00
24.00
59.00
3.00
0.00
2.00
69.00
23.00
0.00
134.00
46.00
60.00
3.00
96.00
1.00
0.00
0.00
0.00
0.00
1.00
64.00
0.00
9.00
0.00
499.00
532.00
3.00
120.00
38.00
137.00
10.00
0.00
52.00
42.00
59.00
95.00
29.00
12.00
21.00
55.00
34.00
4.00
3.00
2.00
23.00
149.00
87.00
129.00
370.00
70.00
18.00
176.00
40.00
6.00
2.00
14.00
3.00
11.00
46.00
455.00
271.00
55.00
225.00
144.00
29.00
30.00
56.00
52.00
233.00
27.00
3.00
68.00
52.00
47.00
65.00
234.00
44.00
74.00
97.00
75.00
25.00
37.00
7.00
8.00
97.00
37.00
3.00
27.00
158.00
127.00
216.00
136.00
24.00
0.00
45.00
245.00
26.00
0.00
33.00
535.00
8.00
3.00
9.00
0.00
91.00
3.00
25.00
598.00
25.00
13.00
9.00
11.00
7.00
0.00
1.00
12.00
4.00
80.00
120.00
25.00
20.00
2.00
79.00
195.00
194.00
642.00
91.00
3.00
2.00
183.00
429.00
450.00
0.00
2.00
36.00
3.00
0.00
57.00
35.00
21.00
1.00
0.00
32.00
32.00
209.00
222.00
109.00
1.00
0.00
0.00
0.00
0.00
0.00
0.00
0.00
0.00
0.00
0.00
0.00
9.00
0.00
0.00
142.00
0.00
0.00
194.00
0.00
1.00
11.00
1.00
317.00
615.00
0.00
0.00
0.00
0.00
0.00
0.00
0.00
0.00
0.00
0.00
0.00
0.00
0.00
0.00
0.00
0.00
0.00
0.00
0.00
0.00
0.00
0.00
0.00
0.00
0.00
2.00
0.00
0.00
0.00
0.00
0.00
0.00
0.00
0.00
0.00
0.00
0.00
0.00
0.00
0.00
0.00
0.00
0.00
0.00
0.00
0.00
0.00
0.00
0.00
0.00
0.00
0.00
0.00
0.00
0.00
0.00
0.00
0.00
0.00
0.00
0.00
0.00
0.00
0.00
0.00
21.00
0.00
0.00
0.00
0.00
0.00
0.00
0.00
0.00
0.00
0.00
0.00
0.00
0.00
0.00
0.00
4.00
8.00
0.00
0.00
0.00
0.00
0.00
0.00
0.00
0.00
0.00
0.00
0.00
0.00
0.00
0.00
0.00
0.00
0.00
0.00
0.00
0.00
0.00
0.00
0.00
0.00
0.00
0.00
0.00
0.00
0.00
0.00
0.00
0.00
0.00
0.00
12.00
44.00
0.00
0.00
0.00
20.00
0.00
258.00
3.00
0.00
0.00
0.00
0.00
0.00
140.00
30.00
34.00
262.00
0.00
0.00
0.00
0.00
111.00
0.00
18.00
44.00
160.00
23.00
0.00
349.00
489.00
127.00
0.00
55.00
0.00
47.00
6.00
0.00
0.00
0.00
0.00
0.00
0.00
0.00
7.00
0.00
69.00
888.00
6.00
479.00
349.00
21.00
198.00
525.00
0.00
0.00
0.00
7.00
184.00
209.00
0.00
0.00
0.00
139.00
142.00
0.00
0.00
43.00
0.00
89.00
0.00
89.00
275.00
651.00
70.00
161.00
1.00
0.00
0.00
0.00
0.00
0.00
0.00
0.00
344.00
1.00
3.00
132.00
72.00
11.00
43.00
744.00
23.00
0.00
97.00
0.00
0.00
34.00
1.00
1.00
40.00
399.00
2.00
78.00
15.00
78.00
99.00
656.00
130.00
0.00
5.00
54.00
52.00
0.00
0.00
0.00
9.00
14.00
15.00
92.00
28.00
65.00
384.00
173.00
126.00
13.00
36.00
19.00
31.00
25.00
233.00
173.00
50.00
4.00
24.00
21.00
157.00
97.00
228.00
26.00
219.00
22.00
60.00
763.00
58.00
90.00
12.00
39.00
105.00
75.00
3.00
140.00
97.00
75.00
119.00
32.00
7.00
1.00
14.00
50.00
282.00
995.00
195.00
191.00
70.00
19.00
26.00
100.00
20.00
66.00
29.00
163.00
457.00
128.00
28.00
36.00
839.00
129.00
82.00
64.00
209.00
89.00
190.00
76.00
38.00
23.00
19.00
2.00
6.00
570.00
61.00
78.00
113.00
5.00
33.00
25.00
2.00
3.00
95.00
106.00
26.00
263.00
44.00
5.00
0.00
17.00
9.00
3.00
137.00
76.00
87.00
180.00
107.00
35.00
1.00
0.00
0.00
112.00
94.00
1.00
44.00
19.00
0.00
0.00
0.00
0.00
0.00
0.00
0.00
1.00
15.00
1133.00
143.00
0.00
0.00
0.00
0.00
0.00
0.00
0.00
0.00
0.00
0.00
0.00
0.00
0.00
0.00
0.00
0.00
0.00
0.00
0.00
0.00
0.00
2.00
0.00
5.00
264.00
116.00
6.00
0.00
0.00
0.00
0.00
0.00
0.00
0.00
0.00
0.00
0.00
0.00
0.00
0.00
0.00
0.00
0.00
0.00
0.00
0.00
0.00
4.00
64.00
0.00
0.00
0.00
0.00
0.00
0.00
0.00
0.00
0.00
4.00
0.00
0.00
0.00
0.00
0.00
0.00
0.00
0.00
0.00
0.00
0.00
0.00
0.00
0.00
0.00
0.00
0.00
0.00
0.00
0.00
0.00
0.00
0.00
0.00
0.00
0.00
0.00
0.00
0.00
0.00
0.00
0.00
0.00
0.00
0.00
0.00
0.00
0.00
0.00
0.00
0.00
0.00
0.00
0.00
0.00
0.00
0.00
70.00
0.00
1116.00
291.00
276.00
92.00
16.00
83.00
722.00
522.00
0.00
0.00
0.00
0.00
0.00
0.00
0.00
0.00
0.00
0.00
669.00
673.00
54.00
0.00
0.00
0.00
0.00
0.00
202.00
0.00
0.00
0.00
0.00
0.00
0.00
0.00
0.00
0.00
38.00
24.00
0.00
0.00
0.00
0.00
0.00
0.00
0.00
1.00
15.00
162.00
0.00
337.00
13.00
700.00
246.00
2.00
11.00
0.00
0.00
314.00
110.00
85.00
0.00
0.00
0.00
80.00
40.00
3.00
6.00
0.00
41.00
22.00
42.00
0.00
4.00
172.00
1.00
0.00
0.00
298.00
46.00
0.00
271.00
61.00
256.00
0.00
244.00
0.00
32.00
766.00
203.00
26.00
37.00
17.00
59.00
14.00
0.00
5.00
0.00
40.00
60.00
0.00
0.00
0.00
563.00
0.00
118.00
49.00
57.00
33.00
0.00
10.00
60.00
0.00
162.00
49.00
164.00
229.00
49.00
0.00
0.00
1.00
141.00
66.00
499.00
7.00
16.00
10.00
0.00
264.00
0.00
118.00
479.00
21.00
23.00
0.00
0.00
1.00
12.00
97.00
5.00
118.00
4.00
2.00
0.00
11.00
158.00
279.00
196.00
41.00
0.00
2.00
2.00
0.00
2.00
6.00
1.00
30.00
18.00
54.00
33.00
12.00
10.00
0.00
0.00
131.00
9.00
18.00
224.00
392.00
13.00
34.00
117.00
64.00
73.00
152.00
115.00
120.00
9.00
11.00
20.00
31.00
298.00
17.00
3.00
33.00
18.00
18.00
49.00
53.00
60.00
128.00
28.00
3.00
3.00
111.00
75.00
27.00
26.00
285.00
119.00
64.00
29.00
42.00
1.00
14.00
0.00
10.00
5.00
89.00
12.00
26.00
12.00
1.00
0.00
11.00
1.00
24.00
51.00
550.00
205.00
11.00
2.00
6.00
3.00
4.00
267.00
217.00
124.00
1.00
1.00
8.00
9.00
19.00
0.00
6.00
0.00
0.00
0.00
0.00
0.00
0.00
0.00
0.00
0.00
0.00
2.00
30.00
517.00
127.00
14.00
0.00
0.00
0.00
0.00
0.00
0.00
0.00
0.00
0.00
0.00
0.00
0.00
0.00
0.00
40.00
7.00
0.00
0.00
0.00
0.00
0.00
0.00
2.00
0.00
0.00
0.00
0.00
0.00
0.00
0.00
0.00
0.00
0.00
0.00
0.00
0.00
0.00
0.00
0.00
0.00
0.00
0.00
0.00
0.00
0.00
0.00
0.00
0.00
3.00
0.00
2.00
0.00
2.00
0.00
0.00
0.00
0.00
0.00
0.00
0.00
0.00
0.00
0.00
5.00
105.00
100.00
0.00
0.00
0.00
0.00
0.00
0.00
0.00
0.00
0.00
0.00
0.00
0.00
0.00
0.00
0.00
0.00
0.00
0.00
0.00
0.00
0.00
0.00
0.00
0.00
0.00
0.00
0.00
0.00
0.00
0.00
0.00
0.00
0.00
0.00
0.00
0.00
0.00
0.00
8.00
8.00
0.00
0.00
0.00
0.00
0.00
0.00
0.00
0.00
0.00
0.00
0.00
0.00
0.00
0.00
0.00
0.00
0.00
0.00
1.00
4.00
0.00
0.00
0.00
0.00
0.00
0.00
0.00
2.50
29.40
0.10
23.30
0.30
0.00
0.00
0.00
1.60
0.00
0.00
0.00
0.00
0.00
0.00
0.00
0.00
0.00
0.70
5.30
0.00
1.90
0.80
0.00
0.00
0.00
0.00
0.00
0.00
0.00
11.20
5.30
0.00
18.20
2.60
82.00
0.00
9.50
0.00
29.60
0.00
38.40
0.40
17.70
5.90
0.00
29.50
0.00
13.80
0.00
0.00
3.00
0.00
0.10
0.00
0.00
9.80
0.00
0.00
0.00
0.00
0.50
0.00
0.00
0.00
0.40
0.40
0.00
74.70
7.40
0.00
0.00
0.00
0.00
0.00
0.00
0.00
0.00
20.40
1.10
21.10
0.20
18.80
0.40
0.10
0.10
0.00
51.70
51.70
36.00
1.30
0.00
4.90
14.90
0.00
3.50
1.80
0.00
38.00
0.00
0.00
3.40
0.10
0.00
0.00
0.00
0.00
0.00
6.50
0.10
11.10
20.50
0.00
187.20
0.10
1.20
0.10
4.10
0.00
0.00
0.00
9.50
17.90
20.00
3.90
0.00
43.80
1.30
0.40
0.00
0.30
3.00
14.40
2.60
16.30
83.70
83.70
47.60
47.60
88.90
0.80
0.80
2.20
0.90
0.80
0.80
0.80
3.90
6.10
27.70
62.80
4.10
12.30
3.90
1.10
2.10
3.40
3.40
2.60
7.60
2.90
2.90
11.80
3.30
2.40
17.60
7.10
0.70
2.00
28.80
12.40
28.10
5.50
14.10
2.70
0.70
0.10
1.10
2.00
55.20
7.80
6.60
1.40
0.40
1.00
6.70
0.30
2.70
5.50
24.90
17.40
10.70
2.90
1.10
0.10
1.20
0.80
7.10
5.30
1.90
2.90
29.90
0.30
7.00
0.60
2.60
0.40
1.20
0.40
10.20
22.90
26.20
9.90
100.00
10.60
4.30
18.00
20.40
32.10
32.10
0.00
2.10
0.30
6.40
2.80
0.30
73.90
5.10
0.60
0.00
0.20
0.00
0.20
0.10
0.00
0.00
0.00
0.20
0.20
0.30
0.00
0.00
0.00
25.00
113.80
