20160101
0.00
0.00
0.00
0.00
0.00
0.00
0.00
0.00
14.00
0.00
0.00
0.00
0.00
0.00
0.00
0.00
0.00
2.00
2.00
45.00
0.00
0.00
0.00
0.00
0.00
0.00
0.00
0.00
0.00
0.00
0.00
0.00
0.00
0.00
0.00
0.00
0.00
0.00
0.00
0.00
0.00
19.00
1.00
0.00
0.00
0.00
0.00
0.00
0.00
0.00
4.00
0.00
0.00
2.00
226.00
0.00
13.00
0.00
0.00
0.00
0.00
9.00
0.00
1.00
0.00
57.00
0.00
0.00
0.00
0.00
0.00
0.00
0.00
0.00
0.00
2.00
0.00
3.00
1.00
0.00
42.00
0.00
0.00
0.00
0.00
0.00
0.00
285.00
230.00
86.00
573.00
46.00
0.00
282.00
70.00
26.00
7.00
0.00
0.00
0.00
0.00
0.00
0.00
0.00
67.00
46.00
129.00
818.00
1.00
148.00
13.00
0.00
0.00
0.00
0.00
2.00
75.00
85.00
0.00
0.00
0.00
248.00
118.00
773.00
18.00
52.00
177.00
62.00
2.00
2.00
4.00
2.00
435.00
95.00
145.00
137.00
0.00
2.00
94.00
58.00
97.00
796.00
6.00
4.00
15.00
27.00
15.00
10.00
144.00
3.00
25.00
156.00
0.00
98.00
179.00
34.00
0.00
5.00
88.00
2.00
26.00
95.00
272.00
37.00
31.00
137.00
54.00
149.00
170.00
10.00
36.00
24.00
65.00
165.00
222.00
21.00
70.00
66.00
152.00
21.00
82.00
7.00
73.00
111.00
125.00
76.00
72.00
3.00
172.00
612.00
245.00
26.00
31.00
3.00
8.00
3.00
109.00
119.00
3.00
44.00
87.00
34.00
2.00
37.00
63.00
82.00
92.00
34.00
125.00
13.00
157.00
139.00
46.00
251.00
126.00
195.00
117.00
65.00
15.00
29.00
154.00
1.00
259.00
7.00
1.00
760.00
465.00
404.00
179.00
50.00
8.00
0.00
66.00
18.00
0.00
4.00
0.00
232.00
3.00
20.00
41.00
420.00
258.00
93.00
76.00
30.00
68.00
27.00
82.00
17.00
5.00
7.00
13.00
38.00
105.00
244.00
515.00
566.00
119.00
447.00
103.00
43.00
63.00
123.00
151.00
1.00
326.00
1.00
29.00
14.00
0.00
134.00
65.00
43.00
0.00
0.00
0.00
219.00
376.00
128.00
306.00
80.00
31.00
1.00
10.00
31.00
0.00
0.00
0.00
0.00
0.00
0.00
0.00
0.00
0.00
0.00
0.00
4.00
0.00
0.00
77.00
1.00
19.00
0.00
0.00
0.00
0.00
9.00
217.00
367.00
57.00
0.00
0.00
0.00
0.00
0.00
0.00
0.00
0.00
0.00
0.00
0.00
0.00
0.00
0.00
0.00
0.00
0.00
0.00
0.00
0.00
0.00
0.00
0.00
0.00
0.00
0.00
0.00
0.00
0.00
0.00
0.00
0.00
0.00
0.00
0.00
0.00
0.00
0.00
0.00
0.00
0.00
0.00
0.00
0.00
0.00
0.00
0.00
0.00
0.00
0.00
0.00
0.00
0.00
0.00
0.00
0.00
0.00
0.00
5.00
0.00
0.00
0.00
0.00
0.00
0.00
0.00
0.00
0.00
0.00
0.00
0.00
0.00
0.00
0.00
0.00
0.00
0.00
0.00
0.00
0.00
0.00
1.00
0.00
0.00
0.00
0.00
0.00
0.00
0.00
0.00
0.00
0.00
0.00
0.00
0.00
0.00
0.00
0.00
0.00
0.00
0.00
0.00
0.00
0.00
0.00
0.00
0.00
28.00
0.00
0.00
0.00
0.00
0.00
0.00
0.00
0.00
0.00
9.00
12.00
0.00
0.00
34.00
0.00
438.00
85.00
0.00
0.00
0.00
0.00
0.00
0.00
14.00
3.00
57.00
0.00
0.00
0.00
16.00
206.00
0.00
5.00
37.00
586.00
197.00
9.00
14.00
0.00
202.00
232.00
397.00
0.00
8.00
0.00
0.00
0.00
0.00
0.00
0.00
0.00
23.00
11.00
0.00
7.00
1033.00
602.00
41.00
397.00
4.00
369.00
174.00
0.00
0.00
2.00
63.00
37.00
274.00
0.00
0.00
63.00
96.00
48.00
0.00
0.00
82.00
1.00
78.00
8.00
69.00
121.00
382.00
0.00
60.00
1.00
40.00
170.00
0.00
75.00
0.00
0.00
0.00
1.00
2.00
11.00
177.00
324.00
1271.00
778.00
263.00
168.00
163.00
186.00
1.00
24.00
94.00
32.00
253.00
222.00
580.00
16.00
274.00
136.00
223.00
411.00
1190.00
694.00
31.00
112.00
139.00
273.00
346.00
126.00
57.00
151.00
293.00
129.00
200.00
75.00
56.00
57.00
78.00
66.00
97.00
33.00
13.00
60.00
216.00
258.00
144.00
330.00
9.00
226.00
65.00
82.00
96.00
41.00
80.00
131.00
192.00
91.00
130.00
29.00
39.00
24.00
9.00
31.00
30.00
59.00
66.00
40.00
201.00
499.00
60.00
52.00
12.00
4.00
0.00
488.00
1793.00
337.00
19.00
67.00
122.00
13.00
454.00
60.00
211.00
72.00
167.00
69.00
527.00
283.00
242.00
106.00
316.00
73.00
71.00
90.00
216.00
102.00
28.00
222.00
26.00
269.00
456.00
433.00
144.00
163.00
968.00
104.00
70.00
303.00
104.00
6.00
47.00
137.00
106.00
65.00
33.00
19.00
0.00
4.00
35.00
212.00
14.00
293.00
350.00
93.00
111.00
290.00
1.00
24.00
61.00
13.00
217.00
12.00
5.00
0.00
7.00
0.00
8.00
24.00
4.00
48.00
2.00
304.00
336.00
319.00
777.00
1127.00
10.00
0.00
0.00
0.00
0.00
0.00
0.00
42.00
218.00
0.00
0.00
0.00
0.00
0.00
6.00
1.00
0.00
0.00
0.00
0.00
0.00
49.00
0.00
0.00
329.00
40.00
2.00
0.00
4.00
0.00
0.00
0.00
0.00
0.00
0.00
0.00
0.00
0.00
0.00
0.00
0.00
0.00
0.00
0.00
0.00
0.00
0.00
165.00
198.00
238.00
0.00
0.00
0.00
0.00
0.00
0.00
0.00
0.00
36.00
0.00
0.00
0.00
0.00
0.00
0.00
0.00
0.00
0.00
0.00
0.00
95.00
112.00
1.00
0.00
0.00
0.00
0.00
0.00
0.00
0.00
0.00
0.00
0.00
0.00
0.00
0.00
0.00
0.00
0.00
0.00
0.00
0.00
0.00
0.00
0.00
0.00
0.00
0.00
0.00
0.00
0.00
0.00
0.00
0.00
0.00
3.00
0.00
0.00
427.00
185.00
275.00
233.00
1.00
0.00
57.00
65.00
0.00
0.00
0.00
0.00
0.00
0.00
0.00
0.00
0.00
0.00
156.00
336.00
0.00
0.00
0.00
0.00
0.00
0.00
0.00
0.00
0.00
0.00
0.00
0.00
0.00
0.00
19.00
0.00
0.00
29.00
0.00
0.00
0.00
0.00
0.00
1.00
0.00
16.00
48.00
124.00
0.00
77.00
348.00
220.00
103.00
2.00
18.00
0.00
0.00
75.00
42.00
140.00
1.00
1.00
8.00
27.00
44.00
0.00
180.00
0.00
19.00
118.00
184.00
14.00
48.00
435.00
121.00
0.00
33.00
576.00
112.00
2.00
225.00
284.00
267.00
0.00
127.00
16.00
263.00
709.00
1129.00
275.00
381.00
538.00
325.00
86.00
0.00
2.00
11.00
131.00
12.00
124.00
25.00
0.00
0.00
43.00
43.00
117.00
161.00
49.00
88.00
8.00
144.00
1.00
48.00
195.00
198.00
64.00
197.00
107.00
362.00
56.00
70.00
92.00
810.00
21.00
117.00
394.00
2.00
482.00
370.00
4.00
50.00
22.00
113.00
1.00
8.00
12.00
1.00
4.00
2.00
52.00
28.00
1.00
14.00
2.00
14.00
124.00
57.00
5.00
7.00
1.00
38.00
9.00
4.00
13.00
1.00
69.00
74.00
244.00
168.00
21.00
11.00
2.00
29.00
46.00
148.00
35.00
249.00
176.00
88.00
12.00
1.00
27.00
52.00
80.00
277.00
32.00
7.00
0.00
6.00
190.00
141.00
31.00
24.00
35.00
114.00
154.00
32.00
199.00
143.00
252.00
576.00
44.00
37.00
72.00
77.00
63.00
33.00
203.00
80.00
76.00
44.00
123.00
26.00
3.00
4.00
10.00
40.00
1.00
70.00
270.00
130.00
10.00
1.00
3.00
58.00
15.00
145.00
3.00
2.00
27.00
2.00
0.00
0.00
37.00
125.00
300.00
30.00
13.00
51.00
33.00
239.00
54.00
189.00
0.00
5.00
0.00
0.00
0.00
0.00
20.00
2.00
0.00
0.00
0.00
1.00
45.00
124.00
217.00
5.00
0.00
0.00
0.00
0.00
0.00
0.00
0.00
0.00
0.00
0.00
0.00
0.00
0.00
17.00
121.00
70.00
28.00
0.00
0.00
0.00
0.00
2.00
0.00
0.00
0.00
0.00
0.00
0.00
0.00
0.00
0.00
0.00
0.00
0.00
0.00
0.00
0.00
0.00
0.00
0.00
0.00
0.00
0.00
0.00
0.00
0.00
0.00
0.00
0.00
0.00
0.00
0.00
0.00
0.00
0.00
0.00
0.00
0.00
0.00
0.00
0.00
0.00
0.00
11.00
191.00
48.00
0.00
0.00
0.00
0.00
0.00
0.00
0.00
0.00
0.00
0.00
0.00
0.00
0.00
0.00
0.00
0.00
0.00
0.00
0.00
0.00
0.00
0.00
0.00
0.00
0.00
0.00
0.00
0.00
0.00
0.00
0.00
0.00
0.00
0.00
0.00
0.00
0.00
0.00
4.00
4.00
0.00
0.00
0.00
0.00
0.00
0.00
0.00
0.00
0.00
0.00
0.00
0.00
0.00
0.00
0.00
0.00
0.00
0.00
0.00
1.00
5.00
0.00
0.00
0.00
0.00
0.00
0.00
0.10
26.60
19.60
38.50
30.50
0.00
0.00
0.20
7.20
3.70
0.00
0.00
0.00
0.00
0.00
0.00
0.00
0.00
0.00
2.10
0.00
33.30
0.20
0.00
0.00
0.00
47.80
0.00
0.00
0.00
9.50
10.20
0.00
1.10
0.10
112.60
27.40
96.40
0.20
26.40
16.90
36.60
0.60
39.90
23.30
0.00
0.30
3.20
3.00
0.00
0.40
0.00
0.00
0.00
0.00
0.50
1.10
0.10
0.00
0.00
0.00
0.00
0.30
2.60
3.20
0.00
0.00
0.70
56.60
124.90
0.00
0.00
0.00
0.00
0.00
0.00
0.00
1.50
33.20
0.20
2.10
0.00
14.70
14.20
5.40
5.40
0.20
13.60
13.60
20.50
1.60
0.80
1.50
0.00
0.90
5.10
59.80
47.30
37.80
39.60
59.20
37.40
4.10
2.10
10.10
10.40
1.80
0.00
0.90
67.70
60.80
39.60
1.30
0.00
0.30
6.60
4.90
13.80
0.10
0.10
0.00
26.70
29.80
12.60
18.50
0.90
11.80
13.50
1.60
1.50
13.20
8.90
5.50
17.90
56.20
27.00
27.00
60.10
60.10
81.10
11.00
11.00
9.70
0.70
11.00
11.00
11.00
4.20
20.30
26.90
54.30
39.40
8.10
5.40
0.20
1.40
5.20
8.10
4.70
22.00
11.90
17.10
1.60
2.50
23.60
8.90
0.40
2.00
1.40
45.00
21.50
12.90
25.40
12.50
0.00
0.00
0.00
4.30
10.60
66.70
46.00
24.80
0.80
3.10
1.70
17.20
0.00
1.10
10.10
51.80
29.10
33.10
36.50
11.60
3.80
3.70
2.50
1.40
4.90
3.00
3.30
1.80
1.20
7.70
7.20
1.00
0.00
0.50
0.10
8.30
22.70
21.50
63.90
31.90
0.30
2.60
1.00
23.30
12.10
12.10
8.00
1.40
11.10
1.20
14.40
3.20
0.40
16.10
11.30
0.00
0.00
0.00
0.00
0.00
4.20
0.00
0.00
0.00
0.00
1.50
2.50
0.60
0.10
0.00
14.40
