20160101
0.00
0.00
0.00
0.00
0.00
0.00
0.00
0.00
69.00
0.00
0.00
0.00
0.00
0.00
0.00
0.00
0.00
0.00
1.00
19.00
0.00
0.00
0.00
0.00
0.00
0.00
0.00
0.00
0.00
0.00
0.00
0.00
0.00
0.00
0.00
0.00
0.00
0.00
0.00
0.00
0.00
25.00
0.00
0.00
0.00
0.00
0.00
0.00
0.00
0.00
3.00
5.00
5.00
6.00
143.00
3.00
19.00
0.00
0.00
0.00
0.00
0.00
0.00
2.00
0.00
1.00
0.00
0.00
70.00
1.00
22.00
0.00
0.00
1.00
1.00
0.00
0.00
0.00
18.00
8.00
22.00
0.00
0.00
0.00
0.00
0.00
9.00
749.00
171.00
134.00
227.00
5.00
0.00
271.00
245.00
773.00
98.00
254.00
181.00
41.00
1.00
170.00
13.00
277.00
472.00
175.00
555.00
490.00
367.00
695.00
147.00
878.00
348.00
978.00
365.00
78.00
172.00
275.00
109.00
15.00
142.00
51.00
117.00
20.00
228.00
21.00
73.00
19.00
5.00
0.00
1.00
19.00
130.00
140.00
347.00
132.00
379.00
1811.00
524.00
52.00
38.00
641.00
0.00
0.00
54.00
171.00
21.00
11.00
20.00
10.00
24.00
24.00
0.00
0.00
0.00
0.00
62.00
1035.00
468.00
22.00
174.00
87.00
238.00
50.00
3.00
3.00
91.00
92.00
408.00
100.00
10.00
7.00
192.00
153.00
1.00
0.00
22.00
3.00
55.00
22.00
562.00
85.00
399.00
261.00
104.00
97.00
2.00
75.00
3.00
9.00
326.00
15.00
12.00
73.00
2.00
3.00
298.00
232.00
0.00
16.00
20.00
5.00
3.00
95.00
154.00
89.00
142.00
11.00
10.00
73.00
45.00
78.00
11.00
8.00
0.00
0.00
60.00
135.00
28.00
199.00
63.00
97.00
14.00
11.00
202.00
20.00
148.00
3.00
3.00
0.00
0.00
1.00
387.00
33.00
1.00
7.00
0.00
280.00
0.00
70.00
86.00
979.00
902.00
592.00
118.00
11.00
389.00
180.00
333.00
1007.00
557.00
11.00
7.00
4.00
16.00
48.00
426.00
106.00
0.00
20.00
1002.00
177.00
64.00
201.00
480.00
197.00
21.00
260.00
142.00
13.00
0.00
925.00
40.00
224.00
194.00
0.00
0.00
2.00
0.00
43.00
34.00
536.00
237.00
200.00
4.00
147.00
0.00
0.00
0.00
0.00
0.00
0.00
0.00
0.00
0.00
0.00
0.00
1.00
0.00
0.00
143.00
25.00
15.00
0.00
0.00
0.00
0.00
9.00
162.00
265.00
361.00
4.00
0.00
0.00
0.00
0.00
0.00
0.00
0.00
0.00
0.00
0.00
0.00
0.00
0.00
0.00
0.00
0.00
0.00
0.00
0.00
0.00
0.00
0.00
0.00
1.00
0.00
0.00
0.00
0.00
0.00
0.00
0.00
0.00
0.00
0.00
0.00
0.00
0.00
0.00
0.00
0.00
0.00
0.00
0.00
0.00
0.00
0.00
0.00
0.00
78.00
0.00
0.00
0.00
0.00
0.00
0.00
0.00
0.00
0.00
0.00
0.00
0.00
0.00
0.00
0.00
0.00
0.00
0.00
0.00
0.00
0.00
0.00
0.00
0.00
0.00
0.00
0.00
0.00
0.00
0.00
0.00
3.00
0.00
0.00
0.00
0.00
0.00
0.00
0.00
0.00
0.00
0.00
0.00
0.00
0.00
0.00
0.00
0.00
0.00
0.00
0.00
0.00
0.00
0.00
0.00
52.00
667.00
33.00
0.00
0.00
0.00
0.00
0.00
0.00
0.00
0.00
0.00
12.00
101.00
0.00
0.00
60.00
0.00
366.00
56.00
0.00
0.00
0.00
0.00
0.00
65.00
146.00
1.00
122.00
0.00
0.00
0.00
0.00
72.00
0.00
11.00
24.00
930.00
480.00
1293.00
608.00
442.00
640.00
482.00
27.00
1.00
29.00
57.00
465.00
38.00
0.00
0.00
0.00
0.00
136.00
17.00
0.00
8.00
408.00
138.00
156.00
46.00
18.00
46.00
1182.00
163.00
22.00
111.00
5.00
321.00
131.00
0.00
0.00
31.00
385.00
129.00
0.00
4.00
46.00
0.00
1.00
0.00
4.00
273.00
243.00
9.00
0.00
156.00
207.00
90.00
149.00
18.00
0.00
92.00
111.00
235.00
6.00
68.00
165.00
663.00
319.00
929.00
118.00
667.00
33.00
0.00
0.00
3.00
324.00
72.00
294.00
515.00
166.00
49.00
4.00
48.00
67.00
441.00
679.00
333.00
16.00
30.00
16.00
236.00
1013.00
352.00
501.00
27.00
65.00
166.00
298.00
152.00
58.00
118.00
27.00
149.00
16.00
125.00
93.00
107.00
109.00
231.00
607.00
50.00
64.00
60.00
3.00
3.00
79.00
382.00
29.00
0.00
22.00
238.00
56.00
6.00
99.00
4.00
89.00
34.00
407.00
59.00
90.00
20.00
114.00
20.00
222.00
137.00
102.00
44.00
12.00
35.00
465.00
278.00
107.00
36.00
135.00
32.00
15.00
10.00
85.00
4.00
125.00
49.00
5.00
259.00
216.00
206.00
6.00
140.00
33.00
36.00
161.00
110.00
50.00
227.00
10.00
0.00
0.00
128.00
339.00
78.00
111.00
21.00
19.00
91.00
338.00
0.00
2.00
219.00
21.00
129.00
119.00
112.00
8.00
0.00
0.00
0.00
24.00
151.00
174.00
163.00
357.00
40.00
5.00
0.00
0.00
35.00
181.00
466.00
1172.00
7.00
4.00
1.00
114.00
119.00
1.00
21.00
0.00
3.00
59.00
227.00
422.00
1308.00
0.00
0.00
0.00
0.00
0.00
0.00
0.00
382.00
734.00
0.00
0.00
0.00
0.00
0.00
2.00
0.00
0.00
0.00
0.00
0.00
0.00
12.00
0.00
5.00
188.00
49.00
8.00
0.00
0.00
0.00
0.00
0.00
0.00
0.00
0.00
0.00
0.00
0.00
0.00
0.00
0.00
0.00
0.00
0.00
0.00
0.00
0.00
113.00
630.00
437.00
3.00
0.00
0.00
0.00
0.00
0.00
0.00
0.00
162.00
0.00
0.00
0.00
0.00
0.00
0.00
0.00
0.00
0.00
0.00
0.00
14.00
210.00
66.00
36.00
0.00
0.00
0.00
0.00
0.00
0.00
0.00
0.00
0.00
0.00
0.00
0.00
0.00
0.00
0.00
0.00
0.00
0.00
0.00
0.00
0.00
0.00
0.00
0.00
0.00
0.00
0.00
0.00
0.00
0.00
0.00
0.00
0.00
0.00
9.00
3.00
52.00
47.00
12.00
7.00
0.00
0.00
0.00
0.00
0.00
0.00
0.00
0.00
0.00
0.00
5.00
11.00
89.00
568.00
0.00
0.00
0.00
0.00
435.00
0.00
0.00
0.00
0.00
0.00
0.00
0.00
0.00
89.00
1036.00
0.00
480.00
81.00
852.00
5.00
0.00
0.00
0.00
0.00
0.00
0.00
0.00
85.00
4.00
111.00
196.00
333.00
17.00
0.00
1.00
0.00
0.00
0.00
11.00
0.00
1.00
35.00
68.00
121.00
29.00
0.00
135.00
0.00
0.00
238.00
13.00
9.00
34.00
163.00
3.00
0.00
14.00
51.00
0.00
0.00
45.00
12.00
339.00
0.00
180.00
16.00
103.00
458.00
605.00
300.00
191.00
592.00
684.00
128.00
0.00
48.00
10.00
99.00
0.00
30.00
44.00
0.00
0.00
0.00
0.00
24.00
342.00
459.00
549.00
169.00
0.00
18.00
197.00
6.00
98.00
48.00
45.00
313.00
884.00
58.00
2.00
76.00
26.00
21.00
317.00
685.00
172.00
1068.00
313.00
80.00
43.00
53.00
0.00
0.00
196.00
75.00
43.00
6.00
24.00
63.00
138.00
6.00
39.00
24.00
1.00
19.00
70.00
26.00
0.00
16.00
245.00
49.00
4.00
260.00
75.00
172.00
45.00
19.00
5.00
139.00
19.00
2.00
0.00
43.00
97.00
74.00
87.00
73.00
127.00
9.00
39.00
125.00
312.00
182.00
466.00
107.00
1.00
33.00
12.00
40.00
32.00
10.00
24.00
44.00
151.00
269.00
373.00
139.00
12.00
24.00
37.00
15.00
3.00
3.00
95.00
45.00
6.00
233.00
34.00
175.00
114.00
245.00
72.00
1.00
25.00
46.00
45.00
0.00
135.00
31.00
0.00
0.00
21.00
17.00
80.00
39.00
11.00
53.00
26.00
0.00
25.00
9.00
0.00
21.00
15.00
0.00
157.00
0.00
24.00
1.00
295.00
1.00
24.00
0.00
0.00
0.00
0.00
0.00
0.00
0.00
0.00
0.00
0.00
0.00
0.00
32.00
59.00
309.00
88.00
0.00
0.00
0.00
0.00
0.00
0.00
0.00
0.00
0.00
0.00
0.00
0.00
0.00
1115.00
274.00
63.00
63.00
0.00
0.00
0.00
0.00
20.00
11.00
0.00
0.00
0.00
0.00
0.00
0.00
0.00
0.00
0.00
0.00
0.00
0.00
0.00
0.00
0.00
0.00
0.00
0.00
0.00
0.00
0.00
0.00
0.00
0.00
0.00
0.00
0.00
0.00
0.00
25.00
0.00
0.00
0.00
0.00
0.00
0.00
0.00
0.00
0.00
0.00
0.00
34.00
74.00
0.00
0.00
0.00
0.00
0.00
0.00
0.00
0.00
0.00
0.00
0.00
0.00
0.00
0.00
0.00
0.00
0.00
0.00
0.00
0.00
0.00
0.00
0.00
0.00
0.00
0.00
0.00
0.00
0.00
0.00
0.00
0.00
0.00
0.00
0.00
0.00
0.00
0.00
0.00
0.00
0.00
0.00
0.00
0.00
0.00
0.00
0.00
0.00
0.00
0.00
0.00
0.00
2.00
0.00
0.00
0.00
0.00
0.00
0.00
0.00
6.00
0.00
0.00
0.00
0.00
0.00
3.20
0.00
60.30
11.00
63.80
13.60
0.00
0.00
0.00
0.00
6.20
0.00
0.00
0.00
0.00
0.00
0.00
0.00
0.00
0.00
0.00
0.20
6.80
0.80
3.10
0.00
7.80
60.10
0.00
0.00
0.00
12.60
1.40
0.00
0.00
0.00
63.30
25.10
52.30
0.00
59.00
11.80
15.90
2.40
34.00
14.70
0.00
0.00
1.30
0.00
0.00
10.20
1.40
8.70
0.00
0.00
4.30
0.00
0.20
0.00
0.00
0.00
0.00
10.10
35.10
26.00
14.40
14.40
3.40
23.00
40.10
0.00
0.60
0.80
7.40
21.20
0.20
13.50
20.50
2.60
6.10
12.40
13.40
18.20
8.70
0.00
0.00
4.20
35.40
35.40
39.10
0.10
11.30
2.30
0.10
5.40
3.80
13.30
1.40
0.00
0.00
11.40
2.60
37.00
39.50
9.30
0.70
8.20
0.00
0.00
3.30
35.00
18.00
3.60
52.20
34.60
8.80
19.30
24.50
2.10
0.00
7.00
28.50
51.60
21.10
11.60
0.10
0.00
2.10
48.70
5.30
10.80
31.80
42.20
12.50
2.60
8.90
8.90
57.10
57.10
19.20
7.90
7.90
0.10
0.00
7.90
7.90
7.90
13.60
11.10
27.90
16.40
44.40
42.90
5.50
1.30
1.50
7.50
12.90
14.50
69.10
6.40
3.50
1.40
3.80
1.30
11.40
0.10
1.20
0.00
4.80
1.80
14.20
5.80
5.50
6.50
0.00
0.10
1.80
9.50
15.70
18.40
2.30
0.00
0.00
13.60
3.70
0.00
1.30
2.00
0.20
0.80
1.70
16.20
36.60
87.80
17.50
0.60
0.50
2.40
17.40
9.60
2.50
0.60
1.90
18.60
0.70
0.00
0.00
0.00
16.20
23.70
12.80
14.90
8.10
2.30
2.30
12.60
13.00
2.80
2.80
4.70
0.00
2.00
0.40
9.90
4.30
9.70
11.50
1.50
0.00
0.00
0.00
0.00
13.80
0.00
0.00
0.00
0.00
0.00
5.70
23.00
1.30
0.20
1.80
0.70
