20160101
0.00
0.00
0.00
0.00
0.00
0.00
0.00
0.00
0.00
0.00
0.00
0.00
0.00
0.00
0.00
0.00
0.00
0.00
31.00
86.00
0.00
0.00
0.00
0.00
0.00
6.00
0.00
0.00
0.00
0.00
0.00
0.00
0.00
0.00
0.00
0.00
0.00
1.00
8.00
0.00
0.00
68.00
0.00
0.00
0.00
0.00
0.00
0.00
0.00
2.00
11.00
0.00
0.00
0.00
0.00
0.00
15.00
2.00
0.00
0.00
0.00
0.00
0.00
0.00
0.00
3.00
0.00
0.00
0.00
0.00
0.00
0.00
1.00
0.00
0.00
0.00
0.00
0.00
2.00
0.00
0.00
0.00
0.00
0.00
0.00
0.00
14.00
62.00
12.00
59.00
584.00
0.00
0.00
160.00
0.00
1.00
0.00
0.00
0.00
0.00
0.00
0.00
0.00
0.00
55.00
0.00
41.00
291.00
6.00
0.00
17.00
0.00
0.00
0.00
0.00
0.00
60.00
173.00
2.00
0.00
0.00
2.00
0.00
68.00
6.00
121.00
5.00
545.00
7.00
16.00
39.00
11.00
977.00
382.00
259.00
92.00
191.00
86.00
87.00
85.00
43.00
264.00
0.00
0.00
47.00
245.00
1.00
34.00
1.00
25.00
42.00
120.00
0.00
28.00
0.00
15.00
0.00
4.00
481.00
0.00
53.00
6.00
240.00
69.00
1.00
1007.00
210.00
449.00
132.00
72.00
340.00
395.00
141.00
317.00
439.00
118.00
58.00
151.00
158.00
73.00
150.00
120.00
82.00
104.00
109.00
196.00
160.00
18.00
286.00
760.00
338.00
28.00
77.00
113.00
378.00
252.00
268.00
103.00
318.00
118.00
232.00
277.00
149.00
196.00
145.00
370.00
359.00
63.00
28.00
58.00
70.00
44.00
94.00
331.00
207.00
209.00
514.00
135.00
31.00
94.00
49.00
52.00
224.00
44.00
78.00
403.00
226.00
461.00
69.00
90.00
46.00
2.00
87.00
40.00
0.00
11.00
1.00
169.00
20.00
5.00
96.00
202.00
702.00
200.00
529.00
829.00
280.00
69.00
61.00
147.00
94.00
54.00
3.00
409.00
151.00
231.00
344.00
14.00
12.00
167.00
121.00
28.00
267.00
744.00
28.00
0.00
121.00
78.00
506.00
257.00
9.00
6.00
1.00
2.00
5.00
14.00
0.00
2.00
12.00
17.00
11.00
3.00
183.00
153.00
111.00
0.00
0.00
0.00
0.00
0.00
0.00
0.00
0.00
0.00
0.00
0.00
0.00
1.00
0.00
0.00
53.00
0.00
0.00
0.00
0.00
0.00
0.00
0.00
25.00
162.00
0.00
0.00
0.00
0.00
0.00
0.00
0.00
0.00
0.00
0.00
0.00
0.00
0.00
0.00
0.00
0.00
0.00
0.00
0.00
0.00
0.00
0.00
0.00
0.00
0.00
54.00
0.00
0.00
0.00
0.00
0.00
0.00
0.00
0.00
0.00
0.00
0.00
0.00
0.00
0.00
0.00
0.00
0.00
0.00
0.00
0.00
2.00
0.00
0.00
0.00
0.00
0.00
0.00
0.00
0.00
0.00
0.00
0.00
0.00
8.00
0.00
0.00
0.00
0.00
0.00
18.00
0.00
0.00
0.00
0.00
0.00
0.00
0.00
0.00
0.00
0.00
0.00
0.00
0.00
0.00
0.00
0.00
7.00
1.00
0.00
0.00
0.00
0.00
0.00
0.00
0.00
0.00
0.00
0.00
0.00
0.00
0.00
0.00
0.00
0.00
0.00
0.00
0.00
0.00
0.00
0.00
0.00
0.00
0.00
0.00
0.00
0.00
0.00
0.00
0.00
0.00
0.00
0.00
101.00
0.00
0.00
0.00
47.00
0.00
138.00
0.00
0.00
0.00
0.00
0.00
0.00
155.00
32.00
34.00
107.00
0.00
0.00
0.00
154.00
176.00
0.00
25.00
226.00
405.00
46.00
137.00
28.00
264.00
99.00
10.00
228.00
1.00
0.00
34.00
0.00
0.00
0.00
0.00
0.00
0.00
315.00
232.00
0.00
2.00
427.00
507.00
52.00
650.00
0.00
287.00
256.00
9.00
0.00
3.00
0.00
67.00
132.00
0.00
99.00
112.00
76.00
157.00
2.00
0.00
187.00
3.00
65.00
4.00
20.00
843.00
655.00
2.00
26.00
312.00
434.00
176.00
0.00
195.00
5.00
85.00
83.00
159.00
2.00
11.00
175.00
133.00
260.00
390.00
606.00
262.00
8.00
0.00
0.00
18.00
68.00
0.00
98.00
55.00
1421.00
132.00
139.00
52.00
310.00
132.00
516.00
895.00
50.00
119.00
355.00
116.00
439.00
16.00
13.00
65.00
178.00
39.00
626.00
171.00
166.00
354.00
181.00
105.00
65.00
100.00
71.00
119.00
94.00
315.00
223.00
186.00
95.00
433.00
54.00
49.00
269.00
73.00
4.00
73.00
643.00
44.00
162.00
144.00
83.00
93.00
90.00
201.00
79.00
163.00
494.00
327.00
257.00
296.00
386.00
250.00
61.00
106.00
177.00
586.00
803.00
781.00
267.00
526.00
145.00
16.00
323.00
126.00
180.00
155.00
466.00
241.00
811.00
223.00
385.00
1092.00
376.00
87.00
200.00
354.00
394.00
170.00
381.00
244.00
128.00
46.00
51.00
80.00
238.00
1202.00
1168.00
10.00
18.00
164.00
180.00
10.00
24.00
375.00
280.00
357.00
177.00
95.00
58.00
109.00
20.00
24.00
26.00
222.00
211.00
211.00
378.00
93.00
6.00
1.00
15.00
0.00
24.00
2.00
0.00
8.00
0.00
1.00
20.00
47.00
116.00
4.00
1.00
0.00
0.00
26.00
737.00
1279.00
0.00
0.00
0.00
0.00
0.00
0.00
0.00
3.00
10.00
0.00
0.00
0.00
0.00
0.00
0.00
1.00
0.00
0.00
0.00
0.00
0.00
2.00
0.00
15.00
321.00
207.00
14.00
2.00
1.00
0.00
0.00
0.00
0.00
0.00
0.00
0.00
0.00
0.00
0.00
0.00
0.00
0.00
0.00
0.00
0.00
0.00
0.00
40.00
97.00
114.00
0.00
0.00
0.00
0.00
0.00
0.00
0.00
0.00
12.00
14.00
2.00
0.00
0.00
0.00
0.00
0.00
0.00
0.00
0.00
0.00
0.00
35.00
2.00
0.00
0.00
0.00
0.00
0.00
0.00
0.00
0.00
0.00
0.00
0.00
0.00
0.00
0.00
0.00
0.00
0.00
0.00
0.00
0.00
0.00
0.00
0.00
0.00
0.00
0.00
0.00
0.00
0.00
0.00
0.00
0.00
0.00
0.00
0.00
874.00
283.00
294.00
29.00
38.00
129.00
464.00
310.00
0.00
0.00
0.00
0.00
0.00
0.00
0.00
0.00
0.00
0.00
547.00
30.00
0.00
0.00
0.00
0.00
0.00
0.00
0.00
0.00
0.00
0.00
0.00
0.00
0.00
0.00
0.00
0.00
0.00
97.00
0.00
0.00
0.00
0.00
0.00
0.00
0.00
4.00
28.00
0.00
0.00
15.00
688.00
346.00
516.00
0.00
15.00
0.00
0.00
94.00
6.00
28.00
50.00
35.00
0.00
59.00
0.00
0.00
175.00
0.00
37.00
252.00
8.00
72.00
75.00
76.00
0.00
0.00
81.00
9.00
28.00
1.00
92.00
116.00
313.00
7.00
19.00
0.00
164.00
236.00
1049.00
160.00
75.00
115.00
101.00
21.00
0.00
1.00
0.00
473.00
2.00
0.00
0.00
0.00
6.00
98.00
180.00
114.00
144.00
478.00
119.00
3.00
159.00
3.00
121.00
32.00
149.00
0.00
29.00
1.00
7.00
261.00
6.00
3.00
91.00
28.00
113.00
41.00
292.00
157.00
13.00
176.00
23.00
112.00
121.00
31.00
15.00
0.00
254.00
714.00
203.00
97.00
48.00
32.00
12.00
155.00
426.00
165.00
70.00
104.00
86.00
42.00
68.00
88.00
33.00
31.00
42.00
274.00
287.00
176.00
124.00
71.00
73.00
20.00
19.00
261.00
46.00
14.00
361.00
301.00
291.00
49.00
356.00
357.00
185.00
659.00
246.00
317.00
147.00
40.00
60.00
187.00
264.00
233.00
69.00
191.00
214.00
184.00
292.00
282.00
220.00
526.00
130.00
10.00
11.00
58.00
33.00
31.00
49.00
737.00
451.00
364.00
164.00
80.00
21.00
26.00
49.00
201.00
70.00
100.00
621.00
246.00
31.00
13.00
4.00
114.00
55.00
264.00
481.00
271.00
70.00
103.00
1.00
1.00
0.00
7.00
304.00
159.00
2.00
2.00
31.00
84.00
205.00
82.00
2.00
34.00
4.00
0.00
0.00
0.00
2.00
0.00
0.00
9.00
0.00
5.00
1.00
7.00
44.00
93.00
137.00
0.00
0.00
26.00
0.00
1.00
1.00
0.00
0.00
0.00
0.00
0.00
0.00
0.00
2.00
22.00
13.00
2.00
0.00
0.00
0.00
0.00
0.00
0.00
0.00
0.00
0.00
0.00
0.00
0.00
0.00
0.00
0.00
0.00
0.00
0.00
0.00
0.00
0.00
0.00
0.00
0.00
0.00
0.00
0.00
0.00
0.00
0.00
0.00
0.00
0.00
0.00
0.00
12.00
0.00
0.00
0.00
0.00
0.00
0.00
0.00
0.00
0.00
0.00
1.00
76.00
107.00
0.00
0.00
0.00
0.00
0.00
0.00
0.00
0.00
0.00
0.00
0.00
0.00
0.00
0.00
0.00
0.00
0.00
0.00
0.00
0.00
0.00
0.00
0.00
0.00
0.00
0.00
0.00
0.00
0.00
0.00
0.00
0.00
0.00
0.00
0.00
0.00
0.00
0.00
16.00
16.00
0.00
0.00
0.00
0.00
0.00
0.00
0.00
0.00
0.00
0.00
0.00
18.00
4.00
0.00
0.00
7.00
0.00
0.00
1.00
12.00
6.00
0.00
0.00
0.00
0.00
0.00
0.00
4.60
24.30
1.60
58.40
11.90
0.00
0.00
0.00
5.20
0.00
0.00
0.00
0.00
0.00
0.00
0.00
0.00
0.00
0.20
0.20
0.00
14.50
1.30
1.50
0.00
1.50
2.60
0.00
0.00
0.00
20.40
2.20
0.00
8.40
0.00
84.80
0.80
32.60
0.00
14.50
0.70
35.70
0.00
5.50
65.90
0.00
0.90
0.40
3.60
0.00
3.00
0.00
0.00
0.00
0.00
0.70
7.00
0.00
0.00
0.00
0.00
3.00
1.90
9.80
11.10
6.80
6.80
0.10
222.40
41.00
0.00
0.00
1.40
13.00
45.70
38.30
13.00
0.40
22.40
2.10
24.20
0.00
46.10
28.00
1.60
1.60
6.20
52.50
52.50
21.10
4.30
0.00
15.10
0.30
12.00
11.90
28.30
34.90
20.60
21.80
1.10
0.10
0.90
0.10
0.00
0.00
0.00
0.00
0.10
8.20
17.90
19.60
14.50
9.30
0.00
27.70
54.30
25.70
0.00
0.00
1.70
47.70
58.50
43.70
25.10
1.20
3.40
2.10
1.10
0.80
10.40
14.80
6.90
16.60
42.70
123.00
123.00
87.50
87.50
29.50
4.10
4.10
5.00
2.60
4.10
4.10
4.10
8.60
34.90
40.90
32.30
57.30
36.50
6.00
4.60
5.80
10.70
32.50
28.10
27.40
15.50
3.10
5.70
6.30
4.00
2.90
4.70
12.40
1.30
189.50
64.10
58.60
26.00
13.90
4.10
1.40
1.60
1.80
4.70
36.30
25.10
5.10
4.60
2.00
14.00
8.70
1.70
8.10
7.90
13.10
20.50
26.10
21.70
10.50
5.40
7.10
0.40
43.70
24.20
6.40
13.00
48.80
9.30
18.10
39.30
18.50
0.90
1.30
0.60
0.30
11.60
18.30
31.90
27.00
0.30
19.80
23.80
4.50
37.90
37.90
0.20
0.00
0.00
10.20
2.80
32.90
29.20
29.60
5.00
0.00
0.00
0.00
0.00
0.00
0.00
0.00
0.00
0.00
0.10
1.20
0.80
1.10
0.00
1.80
45.80
