20160101
0.00
0.00
0.00
0.00
0.00
0.00
0.00
0.00
0.00
0.00
0.00
0.00
0.00
0.00
0.00
0.00
0.00
0.00
24.00
25.00
0.00
0.00
0.00
0.00
0.00
0.00
0.00
0.00
0.00
0.00
0.00
0.00
0.00
0.00
0.00
0.00
0.00
0.00
20.00
0.00
0.00
0.00
0.00
0.00
0.00
0.00
0.00
0.00
0.00
0.00
4.00
0.00
0.00
0.00
21.00
0.00
12.00
0.00
0.00
0.00
3.00
0.00
0.00
0.00
0.00
471.00
0.00
0.00
0.00
3.00
0.00
0.00
0.00
3.00
0.00
0.00
0.00
0.00
0.00
0.00
1.00
0.00
0.00
0.00
0.00
0.00
0.00
9.00
638.00
402.00
477.00
2.00
0.00
116.00
43.00
6.00
0.00
0.00
0.00
0.00
0.00
0.00
0.00
0.00
0.00
1.00
675.00
0.00
0.00
0.00
0.00
0.00
0.00
0.00
0.00
0.00
0.00
86.00
0.00
0.00
0.00
20.00
4.00
17.00
0.00
0.00
21.00
138.00
2.00
31.00
10.00
6.00
1108.00
278.00
25.00
527.00
0.00
8.00
16.00
23.00
32.00
300.00
0.00
0.00
102.00
46.00
2.00
102.00
67.00
1.00
39.00
89.00
0.00
0.00
0.00
0.00
0.00
87.00
923.00
0.00
14.00
0.00
222.00
206.00
0.00
128.00
53.00
103.00
25.00
2.00
28.00
22.00
62.00
241.00
121.00
39.00
9.00
327.00
129.00
6.00
29.00
44.00
58.00
158.00
236.00
121.00
116.00
100.00
206.00
384.00
46.00
8.00
19.00
10.00
1.00
3.00
113.00
312.00
9.00
280.00
142.00
42.00
11.00
276.00
47.00
177.00
145.00
31.00
127.00
40.00
153.00
83.00
270.00
360.00
107.00
129.00
88.00
40.00
14.00
14.00
44.00
1.00
174.00
2.00
3.00
104.00
254.00
315.00
679.00
24.00
7.00
0.00
151.00
65.00
2.00
4.00
2.00
1276.00
8.00
5.00
105.00
25.00
59.00
72.00
54.00
183.00
116.00
7.00
1.00
2.00
2.00
3.00
1.00
52.00
36.00
439.00
624.00
80.00
3.00
23.00
60.00
15.00
216.00
294.00
33.00
0.00
46.00
14.00
101.00
234.00
1.00
10.00
0.00
93.00
54.00
5.00
0.00
12.00
63.00
12.00
245.00
49.00
56.00
86.00
45.00
1.00
0.00
0.00
0.00
0.00
0.00
0.00
0.00
0.00
0.00
0.00
0.00
23.00
0.00
0.00
114.00
26.00
6.00
0.00
0.00
7.00
0.00
9.00
216.00
216.00
0.00
0.00
0.00
0.00
0.00
0.00
0.00
0.00
0.00
0.00
0.00
2.00
0.00
0.00
0.00
0.00
0.00
0.00
0.00
0.00
0.00
0.00
0.00
0.00
0.00
0.00
0.00
0.00
0.00
0.00
0.00
0.00
0.00
0.00
0.00
0.00
0.00
0.00
0.00
0.00
0.00
0.00
0.00
0.00
0.00
0.00
0.00
0.00
0.00
0.00
0.00
0.00
0.00
0.00
0.00
0.00
5.00
0.00
0.00
0.00
0.00
0.00
0.00
0.00
0.00
0.00
0.00
0.00
0.00
0.00
0.00
0.00
0.00
0.00
0.00
0.00
0.00
0.00
0.00
0.00
0.00
0.00
4.00
0.00
0.00
0.00
0.00
0.00
0.00
0.00
0.00
0.00
0.00
0.00
0.00
0.00
0.00
0.00
0.00
0.00
0.00
0.00
0.00
0.00
0.00
0.00
0.00
0.00
12.00
0.00
0.00
0.00
0.00
0.00
0.00
0.00
0.00
0.00
15.00
45.00
0.00
0.00
19.00
0.00
252.00
123.00
0.00
0.00
0.00
0.00
0.00
6.00
15.00
19.00
145.00
0.00
0.00
0.00
0.00
53.00
0.00
2.00
132.00
177.00
12.00
0.00
239.00
15.00
146.00
0.00
59.00
0.00
15.00
0.00
0.00
0.00
0.00
0.00
0.00
0.00
16.00
0.00
0.00
21.00
593.00
5.00
20.00
739.00
8.00
201.00
493.00
0.00
4.00
0.00
21.00
116.00
297.00
0.00
0.00
24.00
106.00
205.00
0.00
0.00
27.00
1.00
31.00
0.00
40.00
219.00
696.00
0.00
136.00
0.00
34.00
30.00
0.00
6.00
0.00
0.00
0.00
44.00
1.00
10.00
113.00
293.00
286.00
526.00
462.00
582.00
0.00
168.00
0.00
0.00
50.00
11.00
202.00
352.00
1112.00
8.00
203.00
16.00
178.00
279.00
701.00
1438.00
0.00
18.00
116.00
0.00
70.00
1.00
72.00
29.00
84.00
44.00
156.00
38.00
69.00
302.00
250.00
124.00
50.00
4.00
21.00
81.00
166.00
114.00
92.00
34.00
83.00
41.00
39.00
417.00
74.00
188.00
76.00
146.00
107.00
81.00
371.00
20.00
287.00
103.00
32.00
188.00
75.00
36.00
115.00
144.00
247.00
362.00
52.00
70.00
5.00
13.00
40.00
388.00
564.00
574.00
154.00
106.00
219.00
36.00
233.00
24.00
83.00
21.00
81.00
484.00
150.00
156.00
96.00
502.00
395.00
25.00
46.00
35.00
246.00
8.00
115.00
63.00
35.00
43.00
96.00
28.00
21.00
115.00
370.00
224.00
1.00
110.00
39.00
1.00
7.00
78.00
100.00
182.00
152.00
41.00
4.00
9.00
6.00
14.00
2.00
245.00
804.00
331.00
93.00
144.00
91.00
0.00
1.00
2.00
258.00
92.00
27.00
39.00
0.00
0.00
1.00
0.00
20.00
0.00
0.00
0.00
1.00
106.00
992.00
525.00
0.00
0.00
0.00
0.00
0.00
0.00
0.00
2.00
11.00
2.00
1.00
0.00
0.00
0.00
0.00
0.00
0.00
0.00
0.00
0.00
0.00
34.00
0.00
0.00
471.00
64.00
7.00
1.00
0.00
0.00
0.00
0.00
0.00
0.00
0.00
0.00
0.00
0.00
0.00
0.00
0.00
0.00
0.00
0.00
0.00
0.00
3.00
34.00
176.00
4.00
0.00
0.00
0.00
0.00
0.00
0.00
0.00
0.00
13.00
0.00
0.00
0.00
0.00
0.00
0.00
0.00
0.00
0.00
0.00
0.00
0.00
190.00
1.00
0.00
0.00
0.00
0.00
0.00
0.00
0.00
0.00
0.00
0.00
0.00
0.00
0.00
0.00
0.00
0.00
0.00
0.00
0.00
0.00
0.00
0.00
0.00
0.00
0.00
0.00
0.00
0.00
0.00
0.00
0.00
0.00
0.00
0.00
0.00
812.00
379.00
152.00
100.00
161.00
0.00
164.00
190.00
0.00
0.00
0.00
0.00
0.00
0.00
0.00
0.00
0.00
0.00
618.00
327.00
0.00
0.00
0.00
0.00
0.00
0.00
54.00
0.00
0.00
0.00
0.00
0.00
0.00
0.00
0.00
0.00
17.00
72.00
0.00
0.00
0.00
0.00
0.00
0.00
0.00
11.00
164.00
84.00
0.00
230.00
4.00
398.00
522.00
0.00
17.00
0.00
0.00
26.00
132.00
154.00
0.00
9.00
0.00
183.00
11.00
0.00
264.00
0.00
235.00
129.00
35.00
67.00
58.00
276.00
48.00
0.00
0.00
248.00
136.00
0.00
73.00
283.00
69.00
0.00
114.00
5.00
62.00
869.00
274.00
18.00
46.00
140.00
47.00
93.00
0.00
49.00
0.00
387.00
25.00
0.00
39.00
12.00
196.00
36.00
67.00
20.00
22.00
35.00
0.00
0.00
141.00
0.00
183.00
110.00
108.00
0.00
31.00
19.00
0.00
0.00
42.00
53.00
425.00
6.00
13.00
628.00
0.00
663.00
16.00
14.00
45.00
85.00
167.00
0.00
3.00
2.00
52.00
81.00
12.00
96.00
21.00
2.00
1.00
2.00
54.00
161.00
28.00
218.00
0.00
3.00
12.00
1.00
10.00
2.00
71.00
48.00
114.00
280.00
108.00
4.00
25.00
1.00
17.00
189.00
78.00
27.00
330.00
210.00
83.00
5.00
102.00
24.00
47.00
75.00
78.00
117.00
123.00
3.00
59.00
130.00
264.00
25.00
1.00
47.00
79.00
62.00
182.00
172.00
127.00
144.00
226.00
71.00
107.00
571.00
76.00
6.00
12.00
132.00
136.00
60.00
192.00
21.00
1.00
26.00
1.00
3.00
16.00
68.00
49.00
149.00
62.00
0.00
0.00
9.00
29.00
24.00
162.00
69.00
181.00
85.00
4.00
0.00
0.00
33.00
196.00
245.00
6.00
13.00
2.00
35.00
41.00
63.00
141.00
0.00
0.00
0.00
0.00
0.00
2.00
0.00
0.00
0.00
0.00
0.00
2.00
16.00
97.00
237.00
13.00
0.00
0.00
0.00
0.00
0.00
0.00
0.00
0.00
0.00
0.00
0.00
0.00
0.00
3.00
81.00
64.00
25.00
0.00
0.00
0.00
0.00
0.00
24.00
0.00
0.00
0.00
0.00
0.00
0.00
0.00
0.00
0.00
0.00
0.00
0.00
0.00
0.00
0.00
0.00
0.00
0.00
0.00
0.00
0.00
0.00
0.00
0.00
0.00
0.00
0.00
0.00
0.00
60.00
0.00
0.00
0.00
0.00
0.00
1.00
0.00
0.00
0.00
0.00
17.00
66.00
15.00
0.00
0.00
0.00
0.00
0.00
0.00
0.00
0.00
0.00
0.00
0.00
0.00
0.00
0.00
0.00
0.00
0.00
0.00
0.00
0.00
0.00
0.00
0.00
0.00
0.00
0.00
0.00
0.00
0.00
0.00
0.00
0.00
0.00
0.00
0.00
0.00
0.00
0.00
0.00
0.00
0.00
0.00
0.00
0.00
0.00
0.00
0.00
0.00
0.00
0.00
0.00
1.00
0.00
0.00
0.00
0.00
0.00
0.00
0.00
2.00
0.00
0.00
0.00
0.00
0.00
0.00
0.00
2.90
15.90
6.60
41.50
5.20
0.00
0.00
0.00
3.10
1.10
0.00
0.00
0.00
0.00
0.00
0.00
0.00
0.00
3.20
0.80
0.00
22.40
0.70
2.70
0.00
0.00
7.10
0.00
0.00
0.00
11.70
13.00
0.00
0.00
7.20
135.20
4.10
19.90
0.00
1.60
0.00
71.80
0.10
22.80
49.30
0.20
10.50
6.40
24.80
0.00
0.00
9.20
0.00
0.00
0.00
0.00
9.90
0.00
0.00
0.00
0.00
0.00
4.70
0.00
0.00
0.00
0.00
0.20
73.50
20.60
0.00
0.00
0.00
0.00
0.00
0.00
0.10
0.00
30.30
1.40
1.70
0.10
2.20
12.90
4.40
4.40
0.00
16.60
16.60
21.80
4.90
0.00
1.20
0.00
0.00
1.40
13.70
6.70
12.30
9.30
10.70
31.50
0.80
0.10
0.10
3.50
0.00
0.00
0.00
0.50
12.40
38.80
0.10
140.10
1.40
10.30
2.80
5.50
3.20
0.00
0.00
9.10
38.80
14.30
59.70
12.30
10.50
20.50
0.40
0.10
0.80
0.50
12.40
16.90
33.10
12.30
12.30
46.40
46.40
67.30
0.00
0.00
15.30
0.00
0.00
0.00
0.00
2.80
1.50
2.40
13.30
19.50
7.50
1.70
0.10
2.30
9.20
7.00
5.20
14.70
0.50
4.00
16.90
1.70
6.50
15.70
0.00
1.30
8.20
35.10
10.90
15.40
25.40
64.10
0.00
0.00
0.00
4.00
1.50
20.20
27.40
3.30
0.80
0.00
0.00
1.00
1.00
1.20
8.90
63.80
63.20
20.40
11.10
3.10
3.30
1.30
1.50
12.60
1.10
2.00
3.50
15.80
4.10
3.10
17.90
0.20
0.00
0.00
0.00
5.00
67.10
3.40
27.10
41.90
2.20
2.10
8.90
9.20
16.70
16.70
4.90
0.00
0.40
31.20
2.90
11.50
2.00
11.40
4.00
0.00
0.00
0.00
0.00
0.00
0.80
0.00
0.00
0.00
0.00
0.10
4.30
1.60
0.10
0.00
3.20
