20160101
0.00
0.00
0.00
0.00
0.00
0.00
0.00
0.00
1.00
0.00
0.00
0.00
0.00
0.00
0.00
0.00
0.00
0.00
1.00
4.00
0.00
0.00
0.00
0.00
0.00
3.00
0.00
0.00
0.00
0.00
0.00
0.00
0.00
0.00
0.00
0.00
0.00
0.00
0.00
0.00
3.00
0.00
4.00
0.00
0.00
0.00
0.00
0.00
0.00
0.00
22.00
0.00
0.00
286.00
380.00
0.00
28.00
0.00
0.00
0.00
0.00
0.00
0.00
385.00
0.00
6.00
0.00
2.00
1.00
0.00
41.00
0.00
0.00
0.00
0.00
56.00
0.00
0.00
12.00
0.00
80.00
0.00
14.00
0.00
0.00
0.00
0.00
625.00
8.00
26.00
594.00
18.00
0.00
363.00
491.00
898.00
149.00
0.00
162.00
1.00
91.00
15.00
0.00
63.00
104.00
332.00
307.00
635.00
4.00
640.00
115.00
885.00
456.00
45.00
17.00
269.00
140.00
77.00
0.00
1.00
80.00
38.00
356.00
54.00
173.00
25.00
6.00
11.00
0.00
0.00
7.00
109.00
330.00
149.00
90.00
44.00
65.00
1306.00
203.00
21.00
120.00
1219.00
0.00
2.00
21.00
11.00
1.00
15.00
10.00
100.00
27.00
39.00
0.00
0.00
13.00
6.00
146.00
56.00
79.00
26.00
752.00
210.00
13.00
33.00
10.00
0.00
43.00
90.00
900.00
169.00
5.00
0.00
48.00
23.00
32.00
70.00
47.00
48.00
126.00
24.00
497.00
76.00
93.00
194.00
52.00
16.00
2.00
21.00
26.00
33.00
322.00
58.00
55.00
36.00
0.00
87.00
474.00
40.00
0.00
2.00
60.00
1.00
57.00
72.00
170.00
143.00
243.00
24.00
13.00
123.00
124.00
84.00
4.00
6.00
0.00
10.00
64.00
189.00
74.00
169.00
428.00
71.00
9.00
60.00
73.00
7.00
40.00
102.00
35.00
19.00
10.00
0.00
664.00
27.00
2.00
30.00
0.00
804.00
2.00
15.00
83.00
161.00
1217.00
447.00
66.00
1.00
64.00
127.00
307.00
275.00
89.00
0.00
20.00
17.00
111.00
514.00
890.00
252.00
0.00
60.00
186.00
45.00
135.00
103.00
784.00
129.00
149.00
56.00
156.00
304.00
47.00
714.00
16.00
147.00
72.00
0.00
0.00
27.00
161.00
266.00
18.00
86.00
54.00
41.00
99.00
228.00
71.00
0.00
0.00
0.00
0.00
0.00
0.00
0.00
0.00
0.00
0.00
0.00
3.00
0.00
146.00
27.00
53.00
11.00
0.00
0.00
1.00
13.00
184.00
336.00
245.00
0.00
0.00
0.00
0.00
0.00
0.00
0.00
0.00
0.00
0.00
0.00
0.00
0.00
0.00
0.00
0.00
0.00
0.00
0.00
0.00
0.00
0.00
0.00
0.00
4.00
0.00
0.00
0.00
0.00
0.00
0.00
0.00
0.00
0.00
0.00
0.00
0.00
0.00
0.00
0.00
0.00
0.00
0.00
0.00
0.00
0.00
0.00
0.00
0.00
35.00
0.00
0.00
0.00
0.00
0.00
0.00
0.00
0.00
0.00
0.00
0.00
0.00
0.00
0.00
0.00
0.00
0.00
0.00
0.00
0.00
0.00
0.00
0.00
0.00
0.00
0.00
0.00
0.00
0.00
0.00
0.00
0.00
0.00
0.00
0.00
0.00
0.00
0.00
0.00
0.00
0.00
0.00
0.00
0.00
0.00
0.00
0.00
0.00
0.00
0.00
0.00
0.00
0.00
0.00
0.00
13.00
6.00
0.00
0.00
0.00
0.00
0.00
0.00
0.00
0.00
0.00
0.00
3.00
53.00
18.00
0.00
95.00
0.00
172.00
69.00
0.00
0.00
0.00
0.00
0.00
0.00
95.00
0.00
88.00
0.00
0.00
0.00
0.00
67.00
2.00
5.00
13.00
390.00
875.00
1048.00
252.00
235.00
194.00
480.00
181.00
0.00
0.00
0.00
27.00
1.00
0.00
0.00
0.00
0.00
34.00
11.00
0.00
20.00
445.00
684.00
245.00
389.00
57.00
92.00
160.00
0.00
22.00
87.00
2.00
23.00
163.00
0.00
0.00
31.00
106.00
113.00
0.00
0.00
155.00
1.00
0.00
0.00
33.00
268.00
367.00
3.00
8.00
9.00
86.00
74.00
79.00
22.00
0.00
19.00
11.00
121.00
8.00
68.00
130.00
760.00
172.00
301.00
118.00
399.00
176.00
0.00
0.00
9.00
194.00
62.00
935.00
340.00
374.00
65.00
12.00
20.00
22.00
128.00
237.00
443.00
0.00
37.00
93.00
177.00
431.00
814.00
309.00
402.00
127.00
44.00
274.00
145.00
7.00
61.00
16.00
111.00
113.00
150.00
86.00
62.00
155.00
72.00
757.00
238.00
219.00
104.00
1.00
2.00
96.00
356.00
26.00
12.00
24.00
984.00
156.00
10.00
35.00
4.00
31.00
11.00
23.00
58.00
111.00
100.00
179.00
21.00
235.00
64.00
23.00
30.00
6.00
24.00
719.00
179.00
25.00
35.00
36.00
8.00
30.00
3.00
78.00
41.00
160.00
39.00
34.00
336.00
110.00
483.00
7.00
130.00
141.00
140.00
108.00
21.00
10.00
11.00
53.00
1.00
35.00
9.00
18.00
12.00
218.00
123.00
85.00
38.00
36.00
0.00
4.00
107.00
32.00
430.00
103.00
29.00
0.00
1.00
0.00
0.00
19.00
288.00
138.00
58.00
575.00
11.00
2.00
0.00
4.00
306.00
156.00
239.00
886.00
6.00
23.00
1.00
547.00
31.00
0.00
0.00
0.00
32.00
169.00
581.00
308.00
1331.00
0.00
0.00
0.00
0.00
0.00
0.00
8.00
698.00
875.00
0.00
0.00
0.00
0.00
0.00
0.00
0.00
0.00
0.00
0.00
0.00
0.00
77.00
6.00
2.00
133.00
26.00
19.00
11.00
0.00
0.00
0.00
0.00
0.00
0.00
0.00
0.00
0.00
0.00
0.00
0.00
0.00
0.00
0.00
0.00
0.00
0.00
1.00
408.00
298.00
247.00
0.00
0.00
0.00
0.00
0.00
0.00
0.00
0.00
31.00
0.00
0.00
0.00
0.00
0.00
0.00
0.00
0.00
0.00
0.00
0.00
76.00
31.00
1.00
0.00
0.00
0.00
0.00
0.00
0.00
0.00
0.00
0.00
0.00
0.00
0.00
0.00
0.00
0.00
0.00
0.00
0.00
0.00
0.00
0.00
0.00
0.00
0.00
0.00
0.00
0.00
0.00
0.00
0.00
0.00
0.00
0.00
0.00
0.00
19.00
2.00
49.00
21.00
8.00
0.00
0.00
0.00
0.00
0.00
0.00
0.00
0.00
0.00
0.00
0.00
35.00
3.00
40.00
503.00
0.00
0.00
0.00
0.00
0.00
0.00
0.00
0.00
0.00
0.00
0.00
0.00
0.00
30.00
446.00
0.00
192.00
107.00
11.00
2.00
0.00
0.00
0.00
0.00
1.00
0.00
0.00
386.00
49.00
39.00
124.00
258.00
1.00
5.00
14.00
0.00
0.00
1.00
68.00
0.00
118.00
33.00
12.00
84.00
39.00
0.00
261.00
1.00
0.00
252.00
69.00
0.00
25.00
345.00
89.00
0.00
1.00
115.00
4.00
8.00
124.00
34.00
342.00
4.00
135.00
57.00
187.00
370.00
673.00
778.00
423.00
428.00
326.00
276.00
0.00
83.00
87.00
218.00
3.00
7.00
0.00
75.00
0.00
11.00
78.00
26.00
178.00
250.00
20.00
269.00
8.00
44.00
32.00
54.00
69.00
111.00
64.00
164.00
1129.00
93.00
7.00
27.00
80.00
677.00
1556.00
481.00
29.00
208.00
166.00
31.00
19.00
4.00
45.00
2.00
115.00
69.00
50.00
59.00
24.00
102.00
46.00
64.00
9.00
22.00
1.00
1.00
42.00
0.00
0.00
30.00
332.00
37.00
51.00
272.00
60.00
102.00
3.00
33.00
38.00
37.00
51.00
12.00
8.00
15.00
152.00
35.00
72.00
112.00
110.00
54.00
34.00
222.00
636.00
902.00
183.00
47.00
1.00
25.00
63.00
377.00
39.00
99.00
38.00
81.00
41.00
107.00
138.00
780.00
2.00
26.00
125.00
4.00
5.00
4.00
681.00
129.00
11.00
223.00
63.00
54.00
152.00
23.00
69.00
20.00
279.00
48.00
193.00
5.00
33.00
49.00
0.00
65.00
4.00
8.00
89.00
36.00
0.00
12.00
77.00
1.00
13.00
245.00
18.00
38.00
116.00
26.00
397.00
0.00
12.00
46.00
2.00
3.00
39.00
0.00
0.00
0.00
1.00
0.00
0.00
0.00
0.00
0.00
0.00
0.00
26.00
157.00
322.00
198.00
24.00
29.00
0.00
0.00
0.00
0.00
0.00
0.00
0.00
0.00
0.00
0.00
0.00
0.00
1169.00
527.00
182.00
130.00
75.00
0.00
0.00
43.00
1.00
0.00
0.00
0.00
0.00
0.00
0.00
0.00
15.00
0.00
0.00
0.00
0.00
0.00
0.00
0.00
0.00
0.00
0.00
0.00
0.00
0.00
0.00
0.00
0.00
0.00
0.00
0.00
0.00
0.00
0.00
0.00
1.00
0.00
0.00
0.00
0.00
3.00
0.00
0.00
0.00
0.00
54.00
33.00
4.00
0.00
0.00
0.00
0.00
0.00
0.00
0.00
0.00
0.00
0.00
0.00
0.00
0.00
0.00
0.00
0.00
0.00
0.00
0.00
0.00
0.00
0.00
0.00
0.00
0.00
0.00
0.00
0.00
0.00
0.00
0.00
0.00
0.00
0.00
0.00
0.00
0.00
0.00
0.00
0.00
0.00
0.00
0.00
0.00
0.00
0.00
0.00
0.00
0.00
0.00
0.00
0.00
0.00
0.00
0.00
0.00
0.00
0.00
0.00
0.00
6.00
0.00
0.00
0.00
0.00
0.00
0.10
0.00
84.60
37.70
72.60
47.50
0.00
0.00
0.00
1.40
29.60
4.70
0.00
0.00
0.00
0.00
0.00
0.00
0.00
0.00
0.20
0.00
41.70
3.90
0.00
13.60
0.00
21.60
0.00
0.00
0.00
1.70
47.40
0.00
0.00
0.00
103.60
22.60
155.20
2.80
15.00
5.30
27.50
0.80
52.10
15.70
0.40
0.00
2.60
0.00
0.00
7.70
0.50
1.20
0.00
0.00
13.90
0.00
0.50
0.00
0.00
0.00
0.00
2.00
31.40
5.80
0.10
0.10
0.80
16.40
26.40
0.00
0.00
0.20
0.00
0.00
0.00
52.70
0.60
19.70
3.40
6.10
14.30
20.20
5.00
0.40
0.40
5.60
7.90
7.90
106.90
1.00
4.70
0.00
0.10
0.00
0.00
36.90
9.40
0.10
0.00
5.50
1.00
35.80
55.10
16.60
6.80
0.40
0.00
0.30
12.90
190.80
30.40
0.00
0.50
10.90
37.80
13.10
8.80
2.70
0.50
0.10
1.40
43.10
1.30
0.60
1.90
4.10
14.70
11.00
31.30
56.90
33.20
19.30
15.10
113.10
8.30
8.30
32.70
32.70
0.00
2.30
2.30
0.60
1.30
2.30
2.30
2.30
8.80
24.00
16.60
13.90
99.20
29.70
10.10
2.40
0.10
5.10
3.00
16.30
33.60
18.10
0.10
2.00
1.30
15.80
9.20
0.60
0.30
0.20
2.80
22.70
13.30
7.50
6.50
5.90
1.90
2.10
3.20
5.40
21.60
13.40
45.00
2.70
6.60
8.40
4.10
2.30
3.20
1.40
2.20
0.60
1.40
14.90
25.60
33.70
8.90
13.10
0.40
14.30
12.20
8.30
1.10
0.40
6.70
15.70
0.30
0.10
0.50
2.80
33.00
32.90
11.90
24.20
18.50
0.20
5.40
18.20
13.20
5.80
5.80
1.00
0.40
0.20
0.40
26.40
16.60
3.50
34.00
24.40
0.20
0.00
0.00
0.00
12.40
1.50
0.00
0.00
0.10
0.00
4.30
7.20
6.10
0.30
0.30
1.30
