20160101
0.00
0.00
0.00
0.00
0.00
0.00
0.00
0.00
6.00
0.00
0.00
0.00
6.00
0.00
0.00
0.00
0.00
3.00
8.00
57.00
0.00
0.00
0.00
0.00
0.00
0.00
0.00
0.00
0.00
0.00
0.00
2.00
0.00
0.00
0.00
0.00
0.00
0.00
1.00
0.00
0.00
5.00
0.00
0.00
0.00
0.00
0.00
0.00
0.00
0.00
6.00
1.00
0.00
0.00
27.00
0.00
6.00
0.00
0.00
0.00
0.00
1.00
0.00
0.00
0.00
291.00
0.00
0.00
0.00
0.00
0.00
0.00
0.00
0.00
0.00
0.00
0.00
0.00
0.00
0.00
10.00
0.00
0.00
0.00
0.00
0.00
0.00
529.00
340.00
293.00
714.00
8.00
6.00
57.00
226.00
4.00
0.00
0.00
0.00
0.00
0.00
0.00
0.00
0.00
213.00
135.00
201.00
240.00
0.00
18.00
6.00
0.00
0.00
0.00
0.00
0.00
3.00
206.00
0.00
0.00
0.00
91.00
2.00
551.00
3.00
77.00
48.00
95.00
4.00
8.00
10.00
13.00
1212.00
56.00
77.00
248.00
1.00
1.00
109.00
70.00
47.00
423.00
1.00
3.00
67.00
158.00
9.00
10.00
65.00
2.00
48.00
117.00
2.00
9.00
0.00
24.00
4.00
20.00
615.00
28.00
31.00
52.00
209.00
99.00
62.00
343.00
79.00
305.00
110.00
49.00
75.00
222.00
218.00
289.00
364.00
68.00
31.00
146.00
78.00
96.00
107.00
127.00
167.00
46.00
201.00
39.00
95.00
9.00
351.00
692.00
166.00
29.00
75.00
38.00
7.00
26.00
133.00
205.00
42.00
76.00
144.00
86.00
119.00
174.00
66.00
139.00
327.00
73.00
297.00
77.00
364.00
77.00
92.00
355.00
157.00
234.00
181.00
62.00
14.00
148.00
337.00
23.00
321.00
70.00
60.00
355.00
394.00
471.00
96.00
148.00
79.00
6.00
210.00
53.00
35.00
40.00
29.00
257.00
54.00
60.00
147.00
319.00
193.00
371.00
143.00
240.00
96.00
49.00
31.00
40.00
68.00
83.00
61.00
151.00
407.00
502.00
865.00
394.00
83.00
131.00
102.00
262.00
239.00
1229.00
150.00
58.00
90.00
190.00
217.00
200.00
41.00
166.00
330.00
69.00
43.00
36.00
20.00
103.00
223.00
196.00
350.00
21.00
26.00
28.00
60.00
141.00
0.00
0.00
0.00
0.00
0.00
0.00
0.00
0.00
0.00
0.00
0.00
25.00
0.00
9.00
101.00
0.00
0.00
0.00
0.00
0.00
0.00
9.00
255.00
313.00
0.00
0.00
0.00
0.00
0.00
0.00
0.00
0.00
0.00
0.00
1.00
6.00
0.00
0.00
0.00
0.00
0.00
0.00
0.00
0.00
0.00
1.00
85.00
2.00
0.00
2.00
0.00
0.00
0.00
0.00
0.00
0.00
0.00
0.00
0.00
0.00
0.00
0.00
0.00
0.00
0.00
0.00
0.00
0.00
0.00
2.00
0.00
59.00
0.00
0.00
0.00
0.00
0.00
0.00
0.00
0.00
34.00
0.00
59.00
0.00
0.00
0.00
0.00
0.00
0.00
2.00
0.00
0.00
0.00
0.00
0.00
0.00
0.00
0.00
0.00
0.00
0.00
0.00
0.00
0.00
0.00
0.00
1.00
0.00
0.00
0.00
0.00
0.00
0.00
0.00
0.00
0.00
0.00
0.00
0.00
0.00
0.00
0.00
0.00
0.00
0.00
0.00
0.00
0.00
0.00
0.00
0.00
0.00
30.00
0.00
0.00
0.00
0.00
0.00
0.00
0.00
0.00
0.00
32.00
19.00
0.00
0.00
9.00
0.00
276.00
75.00
0.00
0.00
0.00
0.00
0.00
0.00
1.00
35.00
133.00
0.00
0.00
0.00
18.00
294.00
0.00
4.00
137.00
351.00
345.00
120.00
93.00
2.00
24.00
27.00
165.00
0.00
17.00
0.00
0.00
0.00
0.00
0.00
0.00
0.00
47.00
4.00
0.00
10.00
800.00
378.00
5.00
757.00
7.00
408.00
233.00
0.00
0.00
0.00
34.00
43.00
768.00
0.00
2.00
45.00
87.00
184.00
0.00
4.00
108.00
5.00
9.00
1.00
141.00
844.00
615.00
0.00
62.00
26.00
194.00
115.00
0.00
176.00
0.00
18.00
2.00
22.00
12.00
12.00
106.00
234.00
792.00
960.00
527.00
228.00
52.00
41.00
12.00
4.00
42.00
44.00
387.00
346.00
573.00
119.00
290.00
63.00
267.00
598.00
2039.00
1284.00
71.00
221.00
348.00
160.00
230.00
49.00
88.00
68.00
259.00
95.00
436.00
189.00
271.00
153.00
229.00
98.00
66.00
65.00
91.00
229.00
166.00
180.00
261.00
170.00
55.00
157.00
96.00
128.00
228.00
119.00
136.00
160.00
329.00
83.00
105.00
120.00
148.00
87.00
76.00
275.00
47.00
78.00
291.00
103.00
366.00
1088.00
222.00
47.00
24.00
32.00
158.00
681.00
1054.00
1188.00
361.00
163.00
217.00
25.00
449.00
96.00
160.00
120.00
264.00
160.00
599.00
366.00
861.00
484.00
573.00
171.00
112.00
222.00
447.00
158.00
109.00
252.00
105.00
185.00
189.00
221.00
400.00
387.00
514.00
70.00
46.00
503.00
174.00
52.00
88.00
325.00
126.00
198.00
120.00
59.00
29.00
24.00
41.00
119.00
34.00
450.00
630.00
486.00
538.00
177.00
119.00
34.00
41.00
31.00
540.00
57.00
50.00
49.00
33.00
18.00
31.00
6.00
13.00
10.00
7.00
18.00
408.00
222.00
977.00
1040.00
0.00
0.00
0.00
0.00
5.00
0.00
3.00
21.00
62.00
6.00
0.00
0.00
0.00
11.00
2.00
3.00
0.00
0.00
0.00
0.00
0.00
30.00
0.00
3.00
547.00
40.00
17.00
8.00
1.00
1.00
0.00
1.00
0.00
0.00
0.00
0.00
0.00
0.00
0.00
0.00
0.00
0.00
0.00
0.00
0.00
0.00
13.00
226.00
284.00
185.00
0.00
0.00
0.00
0.00
0.00
0.00
0.00
0.00
38.00
4.00
2.00
0.00
0.00
0.00
0.00
0.00
0.00
0.00
0.00
0.00
0.00
178.00
7.00
0.00
0.00
0.00
0.00
0.00
0.00
0.00
0.00
0.00
0.00
0.00
0.00
0.00
0.00
0.00
0.00
0.00
0.00
0.00
0.00
0.00
0.00
0.00
0.00
0.00
0.00
0.00
0.00
0.00
0.00
0.00
0.00
5.00
6.00
0.00
850.00
390.00
669.00
86.00
221.00
0.00
175.00
169.00
0.00
0.00
0.00
0.00
0.00
0.00
0.00
0.00
0.00
0.00
584.00
216.00
0.00
0.00
0.00
0.00
0.00
0.00
10.00
0.00
0.00
0.00
0.00
0.00
0.00
0.00
0.00
0.00
0.00
47.00
0.00
0.00
0.00
0.00
0.00
3.00
4.00
14.00
3.00
8.00
0.00
135.00
246.00
499.00
526.00
6.00
11.00
0.00
0.00
176.00
89.00
110.00
17.00
0.00
0.00
90.00
0.00
0.00
251.00
0.00
94.00
55.00
170.00
3.00
59.00
312.00
53.00
0.00
22.00
396.00
104.00
0.00
154.00
184.00
126.00
0.00
69.00
2.00
236.00
629.00
943.00
97.00
343.00
316.00
108.00
183.00
0.00
10.00
0.00
649.00
23.00
18.00
25.00
0.00
1.00
69.00
162.00
50.00
118.00
460.00
214.00
0.00
317.00
5.00
56.00
177.00
74.00
0.00
47.00
24.00
65.00
209.00
123.00
38.00
275.00
20.00
121.00
561.00
20.00
545.00
151.00
25.00
63.00
80.00
170.00
2.00
13.00
16.00
20.00
142.00
63.00
61.00
42.00
33.00
32.00
31.00
110.00
256.00
8.00
112.00
11.00
64.00
82.00
32.00
51.00
21.00
63.00
121.00
206.00
413.00
142.00
19.00
112.00
37.00
34.00
435.00
189.00
100.00
440.00
319.00
142.00
58.00
56.00
39.00
65.00
102.00
281.00
169.00
134.00
25.00
77.00
339.00
346.00
82.00
40.00
147.00
469.00
448.00
275.00
203.00
97.00
370.00
487.00
31.00
162.00
569.00
153.00
98.00
43.00
193.00
288.00
97.00
137.00
93.00
13.00
72.00
22.00
144.00
59.00
13.00
82.00
138.00
97.00
29.00
12.00
37.00
53.00
111.00
194.00
92.00
171.00
187.00
18.00
34.00
6.00
24.00
99.00
97.00
2.00
9.00
99.00
800.00
248.00
142.00
32.00
8.00
16.00
5.00
0.00
2.00
132.00
4.00
0.00
0.00
0.00
0.00
1.00
15.00
123.00
362.00
2.00
0.00
0.00
0.00
0.00
0.00
2.00
0.00
0.00
1.00
0.00
0.00
0.00
1.00
112.00
77.00
153.00
33.00
0.00
0.00
0.00
0.00
22.00
59.00
0.00
0.00
0.00
0.00
0.00
0.00
0.00
0.00
17.00
0.00
0.00
0.00
0.00
0.00
0.00
0.00
0.00
0.00
0.00
0.00
0.00
0.00
0.00
0.00
0.00
0.00
0.00
0.00
0.00
6.00
0.00
0.00
0.00
0.00
0.00
0.00
0.00
0.00
0.00
0.00
5.00
66.00
21.00
0.00
0.00
0.00
0.00
0.00
0.00
0.00
0.00
0.00
0.00
0.00
0.00
0.00
0.00
0.00
0.00
0.00
8.00
0.00
0.00
0.00
0.00
0.00
0.00
0.00
0.00
0.00
0.00
0.00
0.00
0.00
0.00
0.00
0.00
0.00
0.00
0.00
0.00
17.00
17.00
2.00
1.00
0.00
0.00
0.00
0.00
0.00
0.00
0.00
0.00
0.00
1.00
0.00
0.00
0.00
0.00
0.00
0.00
0.00
0.00
5.00
0.00
0.00
0.00
0.00
0.00
0.00
0.00
13.10
6.70
38.20
12.50
0.00
0.00
0.00
3.70
1.40
0.00
0.00
0.00
0.00
0.00
0.00
0.00
0.00
0.00
0.00
0.00
20.80
0.10
0.00
0.00
0.00
21.50
0.00
0.00
0.00
6.50
21.50
0.00
2.20
1.00
104.60
8.20
19.30
0.00
43.80
37.30
40.20
0.00
7.50
54.40
0.30
0.70
4.40
3.70
0.00
0.00
0.70
0.00
0.00
0.00
0.00
10.70
0.30
0.00
0.00
0.00
0.00
1.20
0.10
10.70
0.60
0.60
1.50
66.70
40.70
0.00
0.00
0.00
0.00
2.10
0.00
0.80
0.00
35.50
0.10
8.40
0.60
19.70
22.70
11.10
11.10
3.80
26.70
26.70
12.30
4.10
0.00
19.80
0.00
0.00
9.40
34.90
63.10
35.20
35.90
19.00
15.50
5.20
5.90
7.40
1.90
0.60
0.10
46.30
19.40
44.20
46.00
0.50
96.90
4.30
61.20
17.90
22.50
3.80
1.40
1.00
34.80
122.50
34.90
38.10
3.30
18.50
6.30
5.60
3.10
16.10
7.50
13.80
11.30
68.50
19.30
19.30
82.10
82.10
61.90
5.90
5.90
4.10
7.80
5.90
5.90
5.90
9.80
43.90
15.80
50.30
13.00
7.40
11.90
7.70
9.40
5.00
10.10
18.20
33.40
15.00
4.90
22.40
2.10
13.90
8.70
6.70
10.90
7.50
67.70
26.00
12.30
33.40
43.30
3.20
4.50
3.50
7.40
15.90
70.00
44.40
10.70
9.40
6.60
7.30
40.60
10.80
8.10
25.00
83.20
99.10
32.90
25.40
12.20
16.30
13.80
13.20
5.50
13.50
13.50
4.90
26.70
7.60
16.20
16.60
3.80
5.20
10.50
6.30
14.20
31.90
5.00
56.00
53.00
6.10
17.50
8.40
68.80
23.70
23.70
12.50
5.00
2.40
23.90
7.30
12.10
2.40
18.50
8.80
1.20
3.60
0.40
5.30
5.00
4.40
2.10
4.00
6.30
4.90
0.10
4.30
1.60
0.10
0.00
3.20
