20160101
0.00
0.00
0.00
0.00
0.00
0.00
0.00
0.00
0.00
0.00
0.00
0.00
0.00
0.00
0.00
0.00
0.00
0.00
45.00
92.00
0.00
0.00
0.00
0.00
0.00
2.00
10.00
0.00
0.00
0.00
0.00
0.00
0.00
0.00
0.00
0.00
0.00
0.00
9.00
0.00
0.00
4.00
0.00
0.00
0.00
0.00
0.00
0.00
1.00
1.00
11.00
0.00
0.00
0.00
0.00
0.00
12.00
3.00
0.00
0.00
0.00
0.00
0.00
0.00
0.00
51.00
0.00
0.00
0.00
0.00
0.00
0.00
4.00
3.00
0.00
0.00
0.00
0.00
0.00
0.00
1.00
0.00
0.00
0.00
0.00
0.00
5.00
23.00
16.00
49.00
352.00
1.00
0.00
19.00
0.00
9.00
0.00
0.00
0.00
0.00
0.00
0.00
0.00
0.00
34.00
0.00
88.00
1.00
9.00
0.00
0.00
0.00
0.00
0.00
0.00
0.00
1.00
232.00
0.00
0.00
0.00
0.00
0.00
58.00
0.00
76.00
0.00
314.00
4.00
12.00
52.00
8.00
723.00
246.00
326.00
115.00
176.00
48.00
77.00
160.00
40.00
108.00
0.00
0.00
71.00
175.00
1.00
18.00
1.00
37.00
43.00
198.00
0.00
25.00
0.00
0.00
0.00
33.00
494.00
0.00
33.00
1.00
330.00
51.00
2.00
634.00
115.00
651.00
138.00
55.00
321.00
379.00
67.00
261.00
310.00
118.00
67.00
122.00
138.00
34.00
54.00
33.00
57.00
107.00
110.00
220.00
110.00
12.00
151.00
459.00
216.00
30.00
57.00
60.00
431.00
267.00
134.00
154.00
400.00
163.00
166.00
198.00
110.00
40.00
255.00
181.00
437.00
41.00
5.00
30.00
60.00
67.00
66.00
358.00
208.00
197.00
411.00
144.00
16.00
50.00
38.00
18.00
113.00
10.00
36.00
332.00
320.00
361.00
142.00
100.00
14.00
0.00
61.00
19.00
0.00
9.00
0.00
279.00
30.00
18.00
110.00
81.00
611.00
38.00
341.00
1097.00
318.00
111.00
22.00
81.00
41.00
31.00
1.00
188.00
58.00
198.00
353.00
1.00
16.00
126.00
113.00
136.00
264.00
927.00
60.00
0.00
443.00
113.00
543.00
137.00
1.00
11.00
9.00
0.00
16.00
16.00
0.00
0.00
6.00
0.00
2.00
18.00
115.00
159.00
87.00
1.00
0.00
0.00
0.00
0.00
0.00
0.00
0.00
0.00
0.00
0.00
0.00
0.00
0.00
0.00
123.00
0.00
0.00
0.00
0.00
0.00
0.00
0.00
26.00
165.00
0.00
0.00
0.00
0.00
0.00
0.00
0.00
0.00
0.00
0.00
0.00
0.00
0.00
0.00
0.00
0.00
0.00
0.00
0.00
0.00
0.00
0.00
0.00
0.00
0.00
99.00
0.00
0.00
0.00
0.00
0.00
0.00
0.00
0.00
0.00
0.00
0.00
0.00
0.00
0.00
0.00
0.00
0.00
0.00
0.00
0.00
0.00
0.00
0.00
0.00
27.00
0.00
0.00
0.00
0.00
0.00
0.00
0.00
0.00
7.00
0.00
0.00
0.00
0.00
0.00
35.00
0.00
0.00
0.00
0.00
0.00
0.00
0.00
0.00
0.00
0.00
0.00
0.00
0.00
0.00
0.00
0.00
2.00
1.00
0.00
0.00
0.00
0.00
0.00
0.00
0.00
0.00
0.00
0.00
0.00
0.00
0.00
0.00
0.00
0.00
0.00
0.00
0.00
0.00
0.00
0.00
0.00
0.00
0.00
0.00
0.00
0.00
0.00
0.00
0.00
0.00
0.00
0.00
121.00
0.00
0.00
0.00
22.00
0.00
81.00
1.00
0.00
0.00
0.00
0.00
0.00
71.00
30.00
42.00
102.00
0.00
0.00
0.00
106.00
178.00
0.00
38.00
490.00
339.00
42.00
60.00
9.00
104.00
48.00
39.00
165.00
0.00
0.00
52.00
0.00
0.00
0.00
0.00
0.00
0.00
173.00
201.00
0.00
0.00
446.00
321.00
60.00
651.00
0.00
240.00
197.00
11.00
0.00
0.00
0.00
104.00
118.00
0.00
46.00
65.00
64.00
396.00
1.00
0.00
134.00
2.00
61.00
1.00
35.00
981.00
716.00
1.00
44.00
63.00
408.00
193.00
1.00
150.00
0.00
69.00
103.00
203.00
9.00
5.00
85.00
112.00
131.00
364.00
662.00
309.00
8.00
17.00
0.00
0.00
20.00
0.00
118.00
65.00
1131.00
117.00
295.00
13.00
334.00
161.00
479.00
868.00
69.00
162.00
193.00
40.00
244.00
4.00
38.00
47.00
60.00
62.00
326.00
117.00
90.00
501.00
225.00
77.00
43.00
74.00
128.00
459.00
121.00
202.00
150.00
55.00
55.00
187.00
38.00
23.00
249.00
51.00
11.00
117.00
434.00
59.00
145.00
97.00
55.00
72.00
95.00
167.00
53.00
59.00
386.00
185.00
197.00
266.00
351.00
219.00
31.00
94.00
106.00
1067.00
943.00
521.00
136.00
572.00
98.00
12.00
287.00
90.00
142.00
92.00
499.00
291.00
302.00
141.00
216.00
975.00
272.00
47.00
159.00
197.00
276.00
94.00
471.00
108.00
39.00
31.00
5.00
110.00
60.00
1174.00
865.00
3.00
0.00
186.00
74.00
0.00
7.00
422.00
289.00
197.00
159.00
79.00
44.00
52.00
50.00
11.00
6.00
263.00
94.00
300.00
416.00
252.00
2.00
0.00
5.00
0.00
20.00
0.00
0.00
1.00
0.00
0.00
30.00
8.00
229.00
6.00
0.00
0.00
2.00
7.00
751.00
1017.00
0.00
0.00
0.00
0.00
0.00
0.00
0.00
0.00
3.00
0.00
0.00
0.00
0.00
0.00
0.00
0.00
0.00
0.00
0.00
0.00
0.00
1.00
0.00
15.00
275.00
210.00
15.00
1.00
0.00
0.00
0.00
0.00
0.00
0.00
0.00
0.00
0.00
0.00
0.00
0.00
0.00
0.00
0.00
0.00
0.00
0.00
0.00
4.00
281.00
33.00
0.00
0.00
0.00
0.00
0.00
0.00
0.00
0.00
17.00
4.00
0.00
0.00
0.00
0.00
0.00
0.00
0.00
0.00
0.00
0.00
0.00
1.00
1.00
0.00
0.00
0.00
0.00
0.00
0.00
0.00
0.00
0.00
0.00
0.00
0.00
0.00
0.00
0.00
0.00
0.00
0.00
0.00
0.00
0.00
0.00
0.00
0.00
0.00
0.00
0.00
0.00
0.00
0.00
0.00
0.00
0.00
0.00
0.00
1031.00
257.00
200.00
60.00
58.00
154.00
613.00
386.00
0.00
0.00
0.00
0.00
0.00
0.00
0.00
0.00
0.00
0.00
551.00
17.00
0.00
0.00
0.00
0.00
0.00
0.00
1.00
0.00
0.00
0.00
0.00
0.00
0.00
0.00
0.00
0.00
0.00
7.00
0.00
0.00
0.00
0.00
0.00
0.00
0.00
27.00
67.00
0.00
0.00
15.00
515.00
364.00
443.00
0.00
4.00
0.00
0.00
48.00
8.00
26.00
26.00
59.00
0.00
67.00
4.00
0.00
160.00
0.00
94.00
152.00
3.00
56.00
89.00
45.00
0.00
4.00
49.00
29.00
27.00
2.00
106.00
189.00
350.00
12.00
43.00
0.00
296.00
232.00
1128.00
186.00
57.00
199.00
50.00
4.00
0.00
2.00
0.00
377.00
4.00
0.00
0.00
0.00
0.00
22.00
323.00
90.00
66.00
567.00
314.00
0.00
153.00
4.00
141.00
22.00
367.00
0.00
7.00
0.00
3.00
29.00
11.00
4.00
55.00
25.00
32.00
108.00
93.00
120.00
18.00
93.00
8.00
109.00
134.00
2.00
1.00
0.00
162.00
697.00
150.00
52.00
40.00
26.00
2.00
265.00
255.00
304.00
53.00
127.00
32.00
30.00
36.00
25.00
18.00
33.00
17.00
207.00
262.00
121.00
63.00
43.00
24.00
6.00
5.00
302.00
46.00
10.00
184.00
230.00
247.00
13.00
259.00
293.00
358.00
550.00
219.00
247.00
107.00
18.00
21.00
101.00
300.00
155.00
50.00
91.00
107.00
114.00
137.00
239.00
205.00
619.00
85.00
5.00
6.00
48.00
47.00
27.00
52.00
718.00
399.00
310.00
132.00
43.00
20.00
13.00
34.00
233.00
35.00
133.00
460.00
221.00
39.00
4.00
2.00
59.00
19.00
95.00
570.00
375.00
78.00
28.00
0.00
0.00
0.00
6.00
523.00
356.00
3.00
2.00
8.00
44.00
117.00
131.00
0.00
5.00
0.00
0.00
0.00
0.00
65.00
0.00
0.00
3.00
0.00
0.00
2.00
3.00
186.00
79.00
74.00
0.00
0.00
20.00
0.00
0.00
0.00
0.00
0.00
0.00
0.00
0.00
0.00
0.00
0.00
15.00
15.00
1.00
0.00
0.00
0.00
0.00
1.00
0.00
0.00
0.00
0.00
0.00
0.00
0.00
0.00
0.00
0.00
0.00
0.00
0.00
0.00
0.00
0.00
0.00
0.00
0.00
0.00
0.00
0.00
0.00
0.00
0.00
0.00
0.00
0.00
0.00
0.00
9.00
0.00
0.00
0.00
0.00
0.00
0.00
0.00
0.00
0.00
0.00
5.00
54.00
120.00
0.00
0.00
0.00
0.00
0.00
0.00
0.00
0.00
0.00
0.00
0.00
0.00
0.00
0.00
0.00
0.00
0.00
0.00
0.00
0.00
0.00
0.00
0.00
0.00
0.00
0.00
0.00
0.00
0.00
0.00
0.00
0.00
0.00
0.00
0.00
0.00
0.00
0.00
10.00
10.00
0.00
0.00
0.00
0.00
0.00
0.00
0.00
0.00
0.00
0.00
0.00
13.00
4.00
0.00
0.00
6.00
0.00
0.00
4.00
8.00
4.00
0.00
0.00
0.00
0.00
0.00
0.00
2.20
18.40
0.80
55.90
6.50
0.00
0.00
0.00
7.40
0.00
0.00
0.00
0.00
0.00
0.00
0.00
0.00
0.00
0.10
0.50
0.00
7.20
2.50
0.00
0.00
17.50
0.30
0.00
0.00
0.00
10.00
0.40
0.00
19.20
0.00
66.50
0.70
26.20
0.00
9.80
2.30
34.30
0.00
3.60
53.20
0.00
2.40
0.20
5.70
0.00
8.60
0.00
0.00
0.00
0.00
0.20
8.90
0.00
0.00
0.00
0.00
5.90
1.60
4.00
10.50
9.00
9.00
0.00
150.90
34.90
0.00
0.00
0.00
0.30
45.10
26.80
4.50
0.00
15.60
0.60
25.90
0.40
50.90
31.60
2.00
2.00
0.00
34.00
34.00
31.30
7.10
0.00
18.60
0.60
6.40
16.10
34.10
38.30
34.80
17.70
0.90
0.10
0.40
0.10
0.00
0.00
0.00
0.20
0.90
5.20
11.90
21.20
16.30
14.90
0.00
35.40
32.80
12.40
0.00
0.00
0.60
33.60
72.60
28.80
7.20
0.00
1.50
5.50
0.30
0.40
6.20
15.40
8.70
9.90
63.70
110.00
110.00
68.60
68.60
30.00
1.70
1.70
6.10
0.80
1.70
1.70
1.70
3.30
20.40
38.60
27.20
30.50
34.70
10.10
2.80
5.40
7.20
30.40
11.30
9.10
10.30
8.60
8.10
11.10
2.60
6.70
16.40
4.30
0.90
249.90
35.50
21.10
10.90
17.00
1.80
1.70
0.90
1.40
3.80
30.70
26.30
5.10
3.40
1.30
8.30
4.70
1.20
6.10
7.50
11.80
13.20
18.60
17.10
3.00
3.50
7.30
0.30
33.10
22.90
2.50
6.40
58.10
4.00
19.50
38.60
26.30
0.40
0.40
0.30
1.00
6.90
27.30
38.50
30.60
0.30
5.30
24.60
4.40
43.50
43.50
0.00
0.00
0.00
12.60
4.50
30.20
33.60
34.50
2.00
0.00
0.00
0.00
0.00
0.00
0.00
0.00
0.00
0.00
0.00
1.70
0.10
0.00
0.50
8.00
72.20
