20160101
0.00
0.00
0.00
0.00
0.00
0.00
0.00
0.00
0.00
0.00
0.00
0.00
5.00
0.00
0.00
0.00
0.00
0.00
67.00
33.00
0.00
0.00
0.00
0.00
0.00
0.00
4.00
0.00
0.00
0.00
0.00
0.00
0.00
0.00
0.00
0.00
0.00
0.00
6.00
0.00
0.00
2.00
0.00
0.00
0.00
0.00
6.00
1.00
0.00
1.00
14.00
0.00
0.00
0.00
0.00
0.00
7.00
2.00
0.00
0.00
0.00
0.00
0.00
0.00
0.00
75.00
1.00
1.00
0.00
0.00
0.00
0.00
9.00
10.00
0.00
0.00
0.00
0.00
0.00
2.00
0.00
0.00
0.00
0.00
0.00
0.00
2.00
7.00
4.00
65.00
310.00
4.00
0.00
3.00
0.00
0.00
0.00
0.00
0.00
0.00
0.00
0.00
0.00
0.00
0.00
0.00
52.00
0.00
0.00
0.00
0.00
0.00
0.00
0.00
0.00
0.00
0.00
114.00
0.00
0.00
0.00
0.00
5.00
29.00
0.00
3.00
0.00
297.00
25.00
37.00
143.00
6.00
164.00
90.00
186.00
68.00
50.00
69.00
55.00
385.00
41.00
3.00
0.00
0.00
146.00
103.00
0.00
3.00
0.00
3.00
7.00
227.00
0.00
0.00
0.00
4.00
0.00
34.00
17.00
0.00
0.00
1.00
300.00
3.00
4.00
726.00
73.00
237.00
14.00
36.00
121.00
21.00
21.00
87.00
180.00
40.00
26.00
93.00
61.00
4.00
3.00
14.00
13.00
279.00
124.00
147.00
188.00
4.00
77.00
225.00
78.00
24.00
30.00
32.00
286.00
89.00
6.00
77.00
682.00
165.00
173.00
99.00
147.00
28.00
146.00
47.00
216.00
14.00
15.00
38.00
105.00
114.00
37.00
296.00
96.00
37.00
228.00
99.00
34.00
35.00
7.00
0.00
204.00
14.00
0.00
67.00
151.00
249.00
298.00
116.00
25.00
0.00
21.00
65.00
2.00
1.00
0.00
271.00
7.00
1.00
72.00
14.00
66.00
9.00
13.00
576.00
63.00
59.00
25.00
11.00
21.00
30.00
0.00
23.00
19.00
157.00
127.00
9.00
1.00
14.00
71.00
41.00
54.00
265.00
111.00
0.00
284.00
15.00
965.00
167.00
0.00
106.00
39.00
0.00
8.00
14.00
30.00
0.00
1.00
13.00
0.00
0.00
98.00
207.00
71.00
19.00
0.00
0.00
0.00
0.00
0.00
0.00
0.00
0.00
0.00
0.00
0.00
0.00
0.00
0.00
102.00
0.00
0.00
0.00
0.00
0.00
0.00
7.00
54.00
60.00
0.00
0.00
0.00
0.00
0.00
0.00
0.00
0.00
0.00
0.00
0.00
0.00
0.00
0.00
0.00
0.00
0.00
0.00
0.00
0.00
0.00
0.00
0.00
0.00
0.00
0.00
0.00
0.00
0.00
0.00
0.00
0.00
0.00
0.00
0.00
0.00
0.00
0.00
0.00
0.00
0.00
0.00
0.00
0.00
0.00
0.00
0.00
0.00
0.00
0.00
37.00
0.00
0.00
0.00
0.00
0.00
0.00
0.00
0.00
0.00
0.00
0.00
0.00
0.00
0.00
182.00
0.00
0.00
0.00
0.00
0.00
0.00
0.00
0.00
0.00
0.00
0.00
0.00
0.00
0.00
0.00
23.00
27.00
31.00
0.00
0.00
0.00
0.00
0.00
0.00
0.00
0.00
0.00
0.00
0.00
0.00
0.00
0.00
0.00
0.00
0.00
0.00
0.00
0.00
0.00
0.00
0.00
0.00
3.00
0.00
0.00
0.00
0.00
0.00
0.00
0.00
0.00
1.00
251.00
0.00
0.00
0.00
8.00
1.00
96.00
0.00
0.00
0.00
0.00
0.00
0.00
43.00
13.00
34.00
217.00
0.00
0.00
0.00
0.00
164.00
0.00
2.00
631.00
187.00
1.00
0.00
0.00
11.00
100.00
0.00
15.00
0.00
15.00
85.00
0.00
0.00
0.00
0.00
0.00
0.00
331.00
385.00
0.00
0.00
372.00
60.00
274.00
497.00
0.00
100.00
126.00
0.00
0.00
0.00
0.00
226.00
57.00
0.00
52.00
102.00
64.00
111.00
0.00
15.00
286.00
1.00
92.00
0.00
43.00
625.00
517.00
0.00
95.00
113.00
1.00
88.00
0.00
6.00
0.00
0.00
7.00
251.00
1.00
0.00
113.00
50.00
86.00
202.00
797.00
149.00
6.00
19.00
0.00
0.00
32.00
20.00
103.00
27.00
849.00
32.00
35.00
2.00
290.00
135.00
950.00
383.00
2.00
114.00
27.00
3.00
70.00
5.00
0.00
9.00
7.00
15.00
105.00
204.00
29.00
382.00
187.00
106.00
4.00
45.00
26.00
116.00
106.00
155.00
263.00
8.00
12.00
8.00
14.00
26.00
229.00
105.00
34.00
68.00
121.00
83.00
706.00
82.00
15.00
17.00
18.00
316.00
50.00
0.00
682.00
208.00
131.00
103.00
225.00
162.00
8.00
44.00
93.00
296.00
1049.00
320.00
246.00
123.00
52.00
29.00
109.00
22.00
50.00
86.00
217.00
252.00
210.00
26.00
14.00
617.00
98.00
45.00
202.00
31.00
203.00
214.00
427.00
127.00
2.00
52.00
23.00
27.00
148.00
291.00
251.00
65.00
0.00
1.00
51.00
2.00
0.00
248.00
144.00
66.00
40.00
57.00
3.00
6.00
40.00
4.00
0.00
126.00
120.00
344.00
259.00
361.00
53.00
16.00
0.00
0.00
88.00
0.00
0.00
0.00
0.00
0.00
59.00
64.00
44.00
0.00
0.00
0.00
0.00
8.00
1033.00
594.00
0.00
0.00
0.00
0.00
0.00
0.00
0.00
0.00
0.00
0.00
0.00
0.00
0.00
0.00
0.00
0.00
0.00
0.00
0.00
0.00
0.00
0.00
0.00
4.00
188.00
99.00
0.00
0.00
0.00
0.00
0.00
0.00
0.00
0.00
0.00
0.00
0.00
0.00
0.00
0.00
0.00
0.00
0.00
0.00
0.00
0.00
2.00
0.00
75.00
5.00
0.00
0.00
0.00
0.00
0.00
0.00
0.00
8.00
16.00
0.00
0.00
0.00
0.00
0.00
0.00
0.00
0.00
0.00
0.00
0.00
0.00
0.00
0.00
0.00
0.00
0.00
0.00
0.00
0.00
0.00
0.00
0.00
0.00
0.00
0.00
0.00
0.00
0.00
0.00
0.00
0.00
0.00
0.00
0.00
0.00
0.00
0.00
0.00
0.00
0.00
0.00
0.00
0.00
0.00
0.00
0.00
0.00
0.00
1133.00
221.00
23.00
37.00
0.00
237.00
1054.00
572.00
0.00
0.00
0.00
0.00
0.00
7.00
0.00
0.00
0.00
46.00
114.00
45.00
0.00
0.00
0.00
0.00
0.00
0.00
26.00
0.00
0.00
0.00
0.00
0.00
0.00
36.00
0.00
0.00
0.00
32.00
1.00
0.00
0.00
0.00
0.00
0.00
0.00
0.00
26.00
20.00
0.00
31.00
211.00
898.00
156.00
0.00
0.00
0.00
0.00
46.00
1.00
10.00
21.00
4.00
0.00
3.00
0.00
0.00
51.00
0.00
34.00
90.00
2.00
66.00
25.00
2.00
0.00
5.00
61.00
58.00
8.00
4.00
285.00
241.00
356.00
37.00
190.00
1.00
425.00
67.00
393.00
1.00
0.00
262.00
11.00
0.00
0.00
6.00
0.00
157.00
41.00
0.00
0.00
0.00
0.00
4.00
49.00
91.00
86.00
171.00
29.00
4.00
112.00
1.00
328.00
48.00
27.00
0.00
1.00
0.00
7.00
80.00
35.00
8.00
28.00
59.00
9.00
36.00
1.00
149.00
1.00
0.00
0.00
264.00
116.00
0.00
6.00
0.00
10.00
152.00
28.00
7.00
20.00
10.00
0.00
99.00
188.00
406.00
174.00
41.00
1.00
1.00
1.00
0.00
7.00
19.00
9.00
70.00
57.00
33.00
1.00
6.00
7.00
1.00
1.00
377.00
40.00
44.00
136.00
159.00
36.00
1.00
138.00
119.00
183.00
75.00
374.00
402.00
75.00
92.00
44.00
42.00
104.00
49.00
46.00
4.00
5.00
25.00
42.00
75.00
132.00
430.00
24.00
4.00
1.00
91.00
114.00
25.00
52.00
689.00
283.00
105.00
18.00
4.00
6.00
1.00
15.00
40.00
16.00
128.00
382.00
130.00
27.00
1.00
0.00
0.00
1.00
31.00
165.00
1184.00
40.00
28.00
3.00
0.00
0.00
3.00
544.00
391.00
2.00
0.00
1.00
22.00
14.00
112.00
1.00
266.00
0.00
0.00
0.00
0.00
5.00
0.00
0.00
0.00
0.00
0.00
0.00
0.00
530.00
109.00
4.00
0.00
0.00
0.00
0.00
0.00
0.00
0.00
0.00
0.00
0.00
0.00
0.00
0.00
0.00
6.00
0.00
0.00
0.00
0.00
0.00
0.00
19.00
0.00
0.00
0.00
0.00
0.00
0.00
0.00
0.00
0.00
0.00
0.00
0.00
0.00
0.00
0.00
0.00
0.00
1.00
0.00
0.00
0.00
0.00
0.00
0.00
0.00
0.00
0.00
0.00
0.00
0.00
10.00
0.00
0.00
0.00
0.00
0.00
0.00
0.00
0.00
0.00
0.00
6.00
89.00
348.00
0.00
0.00
0.00
0.00
0.00
0.00
0.00
0.00
0.00
0.00
0.00
0.00
0.00
0.00
0.00
0.00
0.00
3.00
0.00
0.00
0.00
0.00
0.00
0.00
0.00
0.00
0.00
0.00
0.00
0.00
0.00
0.00
0.00
0.00
0.00
0.00
0.00
0.00
0.00
0.00
0.00
0.00
0.00
0.00
0.00
0.00
0.00
0.00
0.00
0.00
1.00
11.00
0.00
0.00
0.00
5.00
0.00
0.00
7.00
4.00
0.00
0.00
0.00
0.00
0.00
0.00
0.00
0.00
9.50
0.20
28.60
1.30
0.00
0.00
0.00
3.90
0.00
0.00
0.00
0.00
0.00
0.00
0.00
0.00
0.00
0.20
2.70
0.00
0.40
5.30
0.00
0.00
0.00
4.90
0.00
0.00
0.00
4.90
0.00
0.00
62.90
0.00
42.20
0.20
21.00
0.00
14.00
29.80
16.90
0.10
2.20
29.90
0.00
2.60
0.00
9.70
0.00
14.50
1.60
0.00
0.00
0.30
0.00
4.70
0.00
0.00
0.00
0.00
13.90
3.80
0.00
0.00
15.30
15.30
0.90
43.40
32.50
0.00
0.00
0.00
0.00
1.00
55.40
0.00
0.00
8.90
1.00
32.20
0.00
33.20
81.50
3.10
3.10
0.00
21.30
21.30
32.30
4.50
0.00
42.00
10.10
0.30
5.90
32.30
21.20
45.00
4.20
0.10
0.00
0.00
1.10
0.00
0.00
0.00
12.70
0.30
8.40
12.70
19.40
13.60
24.00
0.00
2.70
18.10
6.70
0.10
0.00
1.20
24.40
63.10
14.60
5.20
0.00
1.50
2.00
0.00
1.10
3.00
7.20
4.40
4.30
37.40
149.70
149.70
51.40
51.40
33.40
2.30
2.30
1.20
0.80
2.30
2.30
2.30
4.50
13.50
67.70
10.80
6.30
27.80
12.40
3.40
12.30
5.30
8.10
3.70
3.40
1.00
12.60
7.50
9.20
7.10
6.00
2.30
2.60
2.40
40.40
16.60
15.60
6.80
39.00
0.80
0.70
0.00
1.20
0.70
29.50
7.30
2.60
0.70
0.10
1.90
6.20
7.60
4.10
5.00
3.50
3.80
3.60
4.90
0.40
0.30
2.00
0.00
22.80
21.40
1.90
2.40
30.80
35.70
49.60
49.50
34.30
0.00
0.10
0.00
0.00
3.10
11.60
22.60
42.30
0.20
0.20
22.10
17.40
55.80
55.80
0.00
0.00
0.00
11.00
10.10
32.70
47.20
15.80
0.00
0.00
0.00
0.00
0.00
0.00
1.30
0.00
0.00
0.00
0.00
0.30
0.00
0.00
0.00
25.00
113.80
