20160101
0.00
0.00
0.00
0.00
0.00
0.00
0.00
0.00
2.00
0.00
0.00
0.00
3.00
0.00
0.00
0.00
0.00
3.00
11.00
88.00
0.00
0.00
0.00
0.00
0.00
0.00
0.00
0.00
0.00
0.00
0.00
0.00
0.00
0.00
0.00
0.00
0.00
0.00
0.00
0.00
0.00
61.00
0.00
0.00
0.00
0.00
0.00
0.00
0.00
0.00
4.00
0.00
0.00
0.00
66.00
0.00
20.00
0.00
0.00
0.00
0.00
0.00
0.00
5.00
0.00
29.00
0.00
0.00
0.00
0.00
0.00
0.00
0.00
0.00
5.00
0.00
0.00
0.00
7.00
0.00
34.00
0.00
0.00
0.00
0.00
0.00
0.00
469.00
20.00
37.00
444.00
5.00
0.00
583.00
42.00
271.00
153.00
0.00
0.00
81.00
3.00
0.00
0.00
0.00
103.00
85.00
229.00
892.00
56.00
381.00
75.00
3.00
12.00
0.00
0.00
5.00
392.00
124.00
8.00
0.00
20.00
267.00
70.00
264.00
57.00
112.00
94.00
98.00
5.00
5.00
49.00
10.00
302.00
440.00
469.00
79.00
45.00
172.00
214.00
139.00
40.00
677.00
7.00
3.00
26.00
147.00
74.00
11.00
88.00
11.00
48.00
20.00
4.00
0.00
126.00
182.00
4.00
76.00
161.00
284.00
44.00
468.00
205.00
143.00
72.00
1198.00
130.00
526.00
358.00
90.00
83.00
166.00
272.00
611.00
614.00
193.00
14.00
81.00
132.00
79.00
156.00
66.00
71.00
225.00
282.00
40.00
117.00
48.00
320.00
738.00
185.00
76.00
144.00
86.00
80.00
65.00
166.00
175.00
12.00
123.00
290.00
74.00
61.00
64.00
160.00
100.00
138.00
51.00
134.00
26.00
313.00
144.00
26.00
102.00
147.00
101.00
277.00
66.00
44.00
92.00
511.00
94.00
379.00
23.00
80.00
27.00
505.00
692.00
34.00
182.00
29.00
2.00
43.00
93.00
0.00
45.00
1.00
163.00
15.00
32.00
61.00
291.00
351.00
329.00
139.00
105.00
172.00
130.00
229.00
37.00
80.00
15.00
21.00
154.00
161.00
447.00
465.00
270.00
6.00
122.00
77.00
183.00
194.00
554.00
215.00
10.00
186.00
31.00
94.00
153.00
10.00
48.00
156.00
11.00
12.00
9.00
0.00
146.00
257.00
179.00
239.00
30.00
63.00
132.00
113.00
82.00
0.00
0.00
0.00
0.00
0.00
0.00
0.00
0.00
0.00
0.00
0.00
32.00
0.00
0.00
20.00
1.00
1.00
0.00
4.00
0.00
0.00
19.00
213.00
286.00
30.00
0.00
0.00
0.00
0.00
0.00
0.00
0.00
0.00
0.00
0.00
0.00
0.00
4.00
1.00
0.00
0.00
0.00
0.00
0.00
0.00
0.00
0.00
0.00
0.00
4.00
0.00
0.00
8.00
0.00
0.00
0.00
0.00
0.00
0.00
0.00
0.00
0.00
0.00
0.00
0.00
0.00
0.00
0.00
0.00
0.00
0.00
0.00
0.00
0.00
0.00
0.00
0.00
0.00
0.00
31.00
0.00
0.00
59.00
0.00
0.00
0.00
0.00
0.00
0.00
0.00
0.00
0.00
0.00
0.00
0.00
0.00
0.00
0.00
0.00
0.00
0.00
0.00
0.00
0.00
0.00
0.00
4.00
0.00
0.00
0.00
0.00
0.00
0.00
0.00
0.00
0.00
0.00
0.00
0.00
0.00
0.00
0.00
0.00
0.00
0.00
0.00
0.00
0.00
0.00
0.00
0.00
0.00
0.00
0.00
0.00
0.00
0.00
0.00
0.00
0.00
0.00
0.00
50.00
35.00
0.00
0.00
20.00
0.00
201.00
28.00
0.00
0.00
0.00
0.00
0.00
42.00
15.00
20.00
102.00
0.00
0.00
0.00
56.00
240.00
42.00
3.00
43.00
466.00
427.00
26.00
0.00
175.00
245.00
483.00
540.00
1.00
3.00
21.00
0.00
0.00
0.00
0.00
0.00
0.00
239.00
5.00
0.00
2.00
914.00
633.00
209.00
535.00
2.00
213.00
224.00
14.00
0.00
54.00
2.00
111.00
561.00
0.00
14.00
117.00
125.00
162.00
3.00
0.00
36.00
9.00
237.00
24.00
184.00
204.00
542.00
1.00
53.00
676.00
356.00
311.00
28.00
160.00
0.00
59.00
22.00
35.00
26.00
19.00
224.00
374.00
1090.00
374.00
296.00
678.00
296.00
79.00
8.00
28.00
75.00
71.00
121.00
526.00
1174.00
79.00
228.00
139.00
177.00
442.00
1103.00
889.00
82.00
185.00
216.00
385.00
400.00
147.00
80.00
150.00
563.00
94.00
429.00
150.00
193.00
142.00
334.00
67.00
81.00
71.00
51.00
201.00
288.00
362.00
277.00
314.00
147.00
227.00
72.00
53.00
117.00
144.00
90.00
341.00
439.00
201.00
330.00
195.00
38.00
67.00
25.00
177.00
123.00
261.00
264.00
66.00
490.00
343.00
215.00
118.00
20.00
18.00
56.00
949.00
2126.00
732.00
543.00
183.00
334.00
30.00
485.00
92.00
106.00
77.00
408.00
179.00
709.00
370.00
920.00
157.00
647.00
104.00
99.00
360.00
185.00
358.00
386.00
452.00
211.00
164.00
475.00
304.00
253.00
493.00
601.00
138.00
33.00
238.00
371.00
48.00
100.00
220.00
83.00
231.00
122.00
53.00
20.00
73.00
78.00
107.00
21.00
255.00
283.00
366.00
234.00
387.00
56.00
33.00
49.00
5.00
86.00
163.00
47.00
25.00
13.00
7.00
153.00
123.00
73.00
16.00
2.00
36.00
639.00
354.00
882.00
857.00
0.00
0.00
0.00
0.00
8.00
4.00
21.00
40.00
202.00
5.00
0.00
0.00
12.00
6.00
10.00
23.00
59.00
0.00
2.00
2.00
2.00
14.00
5.00
10.00
405.00
87.00
8.00
3.00
50.00
2.00
0.00
0.00
0.00
0.00
0.00
0.00
0.00
0.00
0.00
0.00
0.00
0.00
0.00
0.00
0.00
0.00
2.00
195.00
506.00
168.00
0.00
0.00
0.00
0.00
0.00
0.00
0.00
0.00
31.00
11.00
12.00
0.00
0.00
0.00
0.00
0.00
0.00
0.00
0.00
1.00
33.00
248.00
21.00
0.00
0.00
0.00
0.00
0.00
0.00
0.00
0.00
0.00
0.00
0.00
0.00
0.00
0.00
0.00
0.00
0.00
0.00
0.00
0.00
0.00
0.00
0.00
0.00
0.00
0.00
0.00
0.00
0.00
0.00
0.00
0.00
0.00
0.00
0.00
399.00
163.00
188.00
81.00
175.00
0.00
51.00
53.00
0.00
0.00
0.00
0.00
0.00
0.00
0.00
0.00
0.00
0.00
362.00
350.00
0.00
0.00
0.00
0.00
0.00
0.00
0.00
0.00
0.00
0.00
0.00
0.00
0.00
0.00
9.00
0.00
0.00
50.00
85.00
0.00
0.00
0.00
0.00
3.00
9.00
0.00
31.00
173.00
0.00
49.00
407.00
325.00
161.00
21.00
3.00
0.00
0.00
149.00
4.00
136.00
4.00
0.00
0.00
84.00
43.00
0.00
118.00
1.00
0.00
163.00
91.00
47.00
19.00
231.00
47.00
0.00
52.00
268.00
35.00
0.00
224.00
299.00
161.00
0.00
71.00
1.00
229.00
510.00
892.00
501.00
398.00
339.00
196.00
562.00
2.00
0.00
14.00
311.00
7.00
9.00
0.00
0.00
0.00
10.00
81.00
16.00
99.00
167.00
109.00
7.00
277.00
16.00
170.00
232.00
172.00
0.00
22.00
54.00
244.00
178.00
190.00
19.00
107.00
102.00
181.00
383.00
203.00
775.00
211.00
32.00
108.00
146.00
69.00
17.00
230.00
15.00
49.00
121.00
76.00
82.00
122.00
32.00
72.00
74.00
337.00
429.00
58.00
67.00
30.00
24.00
119.00
174.00
48.00
99.00
23.00
134.00
108.00
655.00
207.00
29.00
104.00
26.00
9.00
79.00
327.00
97.00
706.00
513.00
451.00
36.00
8.00
94.00
71.00
250.00
450.00
134.00
117.00
17.00
74.00
450.00
151.00
175.00
79.00
235.00
345.00
259.00
163.00
226.00
358.00
418.00
464.00
135.00
7.00
117.00
89.00
79.00
38.00
315.00
192.00
129.00
258.00
83.00
45.00
33.00
20.00
95.00
106.00
145.00
68.00
306.00
85.00
10.00
2.00
29.00
94.00
64.00
373.00
101.00
105.00
144.00
1.00
2.00
0.00
13.00
40.00
145.00
1.00
41.00
24.00
101.00
99.00
53.00
63.00
0.00
0.00
0.00
0.00
1.00
0.00
11.00
0.00
0.00
0.00
0.00
0.00
33.00
69.00
459.00
38.00
11.00
2.00
20.00
4.00
4.00
0.00
0.00
0.00
0.00
0.00
0.00
0.00
0.00
65.00
150.00
108.00
29.00
0.00
0.00
0.00
0.00
13.00
28.00
0.00
0.00
0.00
0.00
0.00
0.00
0.00
0.00
0.00
0.00
0.00
0.00
0.00
0.00
0.00
0.00
0.00
0.00
0.00
0.00
0.00
0.00
0.00
0.00
0.00
0.00
0.00
0.00
0.00
38.00
0.00
0.00
0.00
0.00
0.00
0.00
0.00
0.00
0.00
0.00
0.00
79.00
71.00
0.00
0.00
0.00
0.00
0.00
0.00
0.00
0.00
0.00
0.00
0.00
0.00
0.00
0.00
0.00
0.00
0.00
0.00
0.00
0.00
0.00
0.00
0.00
0.00
0.00
0.00
0.00
0.00
0.00
0.00
0.00
0.00
0.00
0.00
0.00
0.00
0.00
0.00
10.00
10.00
1.00
1.00
0.00
0.00
0.00
0.00
0.00
0.00
0.00
0.00
0.00
0.00
1.00
0.00
0.00
0.00
0.00
0.00
0.00
1.00
6.00
0.00
0.00
0.00
0.00
0.00
0.00
0.00
22.30
5.00
24.70
22.80
0.00
0.00
0.00
10.80
1.10
0.00
0.00
0.00
0.00
0.00
0.00
0.00
0.00
0.00
0.50
0.00
20.00
0.20
3.00
0.00
1.90
15.00
0.00
0.00
0.00
2.80
7.00
0.00
0.70
0.10
205.40
12.50
84.90
0.00
27.10
14.40
69.00
0.00
9.80
34.90
0.00
1.10
6.10
0.80
0.00
1.70
1.00
0.00
0.00
0.00
2.10
4.50
0.30
0.00
0.00
0.00
0.00
8.10
30.60
6.20
4.30
4.30
8.50
113.70
59.20
0.00
0.00
1.00
13.90
7.30
0.10
10.20
2.20
23.80
4.30
8.00
0.10
19.70
20.20
3.00
3.00
1.70
24.80
24.80
12.00
3.40
7.00
11.00
3.60
2.50
0.70
33.40
24.00
6.20
23.80
63.50
6.50
8.80
8.40
12.60
2.30
8.50
1.00
0.00
44.10
42.80
35.20
1.00
0.10
4.20
12.50
38.10
9.30
1.60
1.00
0.90
54.90
146.00
63.10
47.70
11.80
21.50
14.30
12.60
3.50
13.30
22.90
33.10
8.20
53.90
71.20
71.20
95.60
95.60
91.20
5.00
5.00
5.50
6.10
5.00
5.00
5.00
20.00
47.40
38.00
30.40
31.40
20.20
12.30
9.30
8.10
18.40
25.20
20.00
29.00
21.10
6.80
9.10
7.10
52.00
13.30
13.50
12.50
2.30
54.20
31.10
37.10
125.80
32.50
1.60
5.20
4.60
2.90
12.30
186.70
60.80
38.40
11.20
7.90
9.00
4.50
5.80
4.60
9.90
60.00
16.10
54.90
50.90
13.40
56.50
16.70
12.00
24.20
6.30
14.60
8.60
28.50
11.10
9.90
19.00
9.60
1.20
1.90
4.90
14.60
38.30
21.00
45.60
35.90
1.90
13.80
6.40
30.80
34.80
34.80
9.20
13.00
1.20
14.20
15.50
11.90
7.10
23.60
4.30
0.00
1.00
0.00
0.10
0.40
0.70
0.00
0.00
0.70
1.20
1.50
2.50
0.60
0.10
0.00
14.40
