20160101
0.00
0.00
0.00
0.00
0.00
0.00
0.00
0.00
3.00
0.00
0.00
0.00
1.00
0.00
0.00
0.00
0.00
0.00
3.00
87.00
0.00
0.00
0.00
0.00
0.00
15.00
0.00
0.00
0.00
0.00
0.00
0.00
0.00
0.00
0.00
0.00
0.00
0.00
3.00
0.00
0.00
5.00
0.00
0.00
0.00
0.00
0.00
0.00
0.00
0.00
2.00
31.00
0.00
0.00
92.00
4.00
26.00
0.00
0.00
0.00
0.00
0.00
0.00
1.00
0.00
1.00
0.00
0.00
0.00
0.00
10.00
0.00
1.00
2.00
4.00
0.00
0.00
0.00
11.00
26.00
23.00
0.00
0.00
0.00
0.00
0.00
28.00
836.00
70.00
67.00
202.00
11.00
0.00
217.00
321.00
982.00
149.00
115.00
255.00
85.00
1.00
123.00
0.00
16.00
224.00
239.00
719.00
1138.00
329.00
668.00
211.00
1466.00
571.00
213.00
22.00
93.00
326.00
538.00
82.00
2.00
280.00
120.00
118.00
55.00
178.00
108.00
107.00
46.00
13.00
5.00
5.00
51.00
103.00
96.00
216.00
263.00
184.00
1624.00
1037.00
70.00
27.00
815.00
8.00
4.00
53.00
88.00
22.00
116.00
53.00
13.00
13.00
171.00
2.00
0.00
1.00
0.00
89.00
121.00
509.00
113.00
99.00
102.00
5.00
0.00
2.00
115.00
25.00
54.00
220.00
39.00
13.00
8.00
525.00
527.00
370.00
18.00
20.00
85.00
169.00
27.00
111.00
57.00
59.00
158.00
108.00
34.00
1.00
40.00
43.00
91.00
219.00
82.00
44.00
62.00
24.00
5.00
107.00
52.00
9.00
16.00
53.00
8.00
130.00
15.00
202.00
111.00
119.00
30.00
7.00
122.00
94.00
259.00
14.00
8.00
1.00
15.00
244.00
212.00
21.00
136.00
133.00
29.00
30.00
21.00
52.00
116.00
179.00
72.00
24.00
55.00
7.00
0.00
84.00
98.00
0.00
14.00
0.00
164.00
34.00
278.00
132.00
128.00
897.00
560.00
265.00
25.00
280.00
66.00
342.00
196.00
123.00
11.00
1.00
45.00
194.00
264.00
403.00
24.00
0.00
7.00
120.00
296.00
27.00
253.00
607.00
71.00
17.00
111.00
419.00
41.00
0.00
843.00
16.00
14.00
5.00
26.00
1.00
7.00
2.00
5.00
70.00
206.00
236.00
113.00
11.00
83.00
0.00
0.00
0.00
0.00
0.00
0.00
0.00
0.00
0.00
0.00
0.00
0.00
0.00
0.00
191.00
5.00
1.00
0.00
0.00
0.00
0.00
13.00
228.00
401.00
400.00
2.00
0.00
0.00
0.00
0.00
0.00
0.00
0.00
0.00
0.00
0.00
0.00
0.00
0.00
0.00
0.00
0.00
0.00
0.00
0.00
0.00
0.00
0.00
0.00
32.00
0.00
0.00
0.00
0.00
0.00
0.00
0.00
0.00
0.00
0.00
0.00
0.00
0.00
0.00
0.00
0.00
0.00
0.00
0.00
0.00
0.00
0.00
0.00
0.00
0.00
0.00
0.00
0.00
0.00
11.00
0.00
0.00
0.00
0.00
0.00
0.00
0.00
0.00
0.00
0.00
0.00
0.00
0.00
0.00
0.00
0.00
0.00
0.00
0.00
0.00
0.00
0.00
0.00
0.00
0.00
1.00
9.00
0.00
0.00
0.00
0.00
0.00
0.00
0.00
0.00
0.00
0.00
0.00
0.00
0.00
0.00
0.00
0.00
0.00
0.00
0.00
0.00
0.00
0.00
0.00
324.00
4.00
1.00
0.00
0.00
0.00
0.00
0.00
0.00
0.00
0.00
0.00
46.00
75.00
0.00
0.00
110.00
0.00
291.00
36.00
0.00
0.00
0.00
0.00
0.00
23.00
166.00
11.00
146.00
0.00
0.00
0.00
1.00
200.00
0.00
78.00
100.00
598.00
571.00
1288.00
610.00
1031.00
637.00
248.00
91.00
0.00
4.00
146.00
326.00
3.00
0.00
0.00
0.00
0.00
232.00
3.00
0.00
0.00
426.00
565.00
364.00
56.00
43.00
59.00
604.00
438.00
4.00
104.00
28.00
75.00
134.00
1.00
4.00
38.00
929.00
276.00
0.00
131.00
262.00
2.00
2.00
0.00
32.00
375.00
264.00
29.00
6.00
366.00
171.00
199.00
327.00
240.00
0.00
253.00
140.00
202.00
2.00
12.00
196.00
446.00
105.00
1098.00
328.00
553.00
180.00
6.00
2.00
17.00
31.00
12.00
927.00
504.00
489.00
576.00
384.00
6.00
176.00
1161.00
951.00
877.00
45.00
31.00
176.00
321.00
685.00
300.00
161.00
215.00
392.00
107.00
384.00
177.00
59.00
60.00
63.00
144.00
184.00
98.00
53.00
113.00
54.00
79.00
549.00
191.00
104.00
437.00
17.00
21.00
60.00
291.00
249.00
145.00
306.00
203.00
62.00
72.00
147.00
43.00
41.00
30.00
49.00
149.00
289.00
99.00
367.00
78.00
662.00
141.00
87.00
35.00
8.00
212.00
694.00
340.00
24.00
155.00
525.00
16.00
319.00
25.00
82.00
12.00
201.00
128.00
165.00
224.00
165.00
142.00
33.00
94.00
182.00
263.00
90.00
55.00
75.00
391.00
111.00
16.00
19.00
72.00
382.00
547.00
450.00
16.00
75.00
128.00
543.00
7.00
2.00
117.00
11.00
122.00
174.00
8.00
1.00
2.00
3.00
0.00
77.00
166.00
352.00
266.00
372.00
367.00
9.00
0.00
0.00
189.00
117.00
439.00
74.00
5.00
0.00
0.00
146.00
108.00
27.00
125.00
0.00
37.00
138.00
395.00
576.00
1622.00
0.00
0.00
0.00
0.00
0.00
0.00
1.00
151.00
257.00
1.00
0.00
0.00
0.00
0.00
6.00
2.00
0.00
0.00
0.00
0.00
0.00
5.00
0.00
1.00
233.00
61.00
2.00
1.00
0.00
0.00
0.00
0.00
0.00
0.00
0.00
0.00
0.00
0.00
0.00
0.00
0.00
0.00
0.00
0.00
0.00
0.00
0.00
43.00
749.00
457.00
2.00
0.00
0.00
0.00
0.00
0.00
0.00
4.00
174.00
0.00
0.00
0.00
0.00
0.00
0.00
0.00
0.00
0.00
0.00
0.00
27.00
194.00
3.00
8.00
0.00
0.00
0.00
0.00
0.00
0.00
0.00
0.00
0.00
0.00
0.00
0.00
0.00
0.00
0.00
0.00
0.00
0.00
0.00
0.00
0.00
0.00
0.00
0.00
0.00
0.00
0.00
0.00
0.00
0.00
0.00
0.00
0.00
0.00
49.00
8.00
132.00
11.00
4.00
0.00
13.00
6.00
0.00
0.00
0.00
0.00
0.00
0.00
0.00
0.00
56.00
1.00
330.00
477.00
0.00
0.00
0.00
0.00
27.00
0.00
0.00
0.00
0.00
0.00
0.00
0.00
0.00
19.00
327.00
0.00
177.00
29.00
24.00
0.00
0.00
0.00
0.00
0.00
0.00
0.00
7.00
43.00
1.00
158.00
539.00
320.00
75.00
0.00
8.00
0.00
0.00
2.00
2.00
8.00
14.00
22.00
426.00
340.00
49.00
1.00
118.00
0.00
0.00
53.00
27.00
1.00
75.00
70.00
11.00
0.00
21.00
67.00
8.00
19.00
210.00
11.00
381.00
13.00
205.00
0.00
252.00
124.00
674.00
393.00
361.00
491.00
369.00
261.00
5.00
0.00
0.00
154.00
7.00
0.00
60.00
16.00
0.00
9.00
1.00
0.00
92.00
540.00
146.00
13.00
146.00
4.00
168.00
121.00
1.00
0.00
79.00
116.00
136.00
112.00
10.00
3.00
3.00
28.00
207.00
412.00
282.00
1131.00
303.00
16.00
2.00
23.00
12.00
13.00
264.00
45.00
32.00
241.00
25.00
74.00
121.00
13.00
149.00
48.00
21.00
23.00
80.00
29.00
11.00
5.00
123.00
48.00
11.00
63.00
67.00
16.00
113.00
248.00
59.00
94.00
44.00
21.00
0.00
47.00
107.00
80.00
176.00
291.00
131.00
91.00
59.00
234.00
234.00
171.00
284.00
90.00
12.00
12.00
24.00
350.00
23.00
92.00
304.00
40.00
274.00
456.00
38.00
469.00
58.00
117.00
207.00
2.00
1.00
1.00
56.00
32.00
64.00
300.00
60.00
223.00
242.00
141.00
77.00
2.00
13.00
251.00
97.00
35.00
649.00
94.00
0.00
1.00
0.00
1.00
9.00
10.00
173.00
308.00
17.00
22.00
1.00
0.00
1.00
245.00
118.00
1.00
79.00
0.00
40.00
55.00
309.00
56.00
33.00
0.00
0.00
13.00
8.00
0.00
0.00
0.00
0.00
0.00
0.00
0.00
0.00
22.00
59.00
486.00
191.00
0.00
0.00
3.00
0.00
2.00
0.00
0.00
0.00
0.00
0.00
0.00
0.00
0.00
52.00
197.00
97.00
59.00
0.00
0.00
0.00
0.00
8.00
0.00
0.00
0.00
0.00
0.00
0.00
0.00
0.00
0.00
0.00
0.00
0.00
0.00
0.00
0.00
0.00
0.00
0.00
0.00
0.00
0.00
0.00
0.00
0.00
0.00
0.00
0.00
0.00
0.00
0.00
25.00
0.00
0.00
0.00
0.00
0.00
0.00
0.00
0.00
0.00
0.00
2.00
129.00
90.00
0.00
0.00
0.00
0.00
0.00
0.00
0.00
0.00
0.00
0.00
0.00
0.00
0.00
0.00
0.00
0.00
0.00
41.00
0.00
0.00
0.00
0.00
0.00
0.00
0.00
0.00
0.00
0.00
0.00
0.00
0.00
0.00
0.00
0.00
0.00
0.00
0.00
0.00
0.00
0.00
0.00
0.00
0.00
0.00
0.00
0.00
0.00
0.00
0.00
0.00
0.00
0.00
6.00
0.00
0.00
0.00
0.00
0.00
0.00
0.00
9.00
0.00
0.00
0.00
0.00
0.00
0.00
0.00
57.80
5.90
43.60
18.50
0.00
0.00
0.00
4.10
1.50
0.00
0.00
0.00
0.00
0.00
0.00
0.00
0.00
0.00
0.60
0.00
8.00
0.10
0.00
0.00
5.50
23.70
0.00
0.00
0.00
0.00
5.50
0.00
0.00
0.00
95.30
37.20
42.30
0.00
45.60
30.20
34.70
0.90
6.90
9.90
0.00
0.00
5.70
0.00
0.00
18.70
55.20
3.80
0.00
0.00
3.70
0.00
1.40
0.00
0.00
0.00
0.00
39.50
29.60
32.90
5.60
5.60
6.20
26.30
90.10
0.70
8.70
16.30
22.10
29.80
3.30
18.20
18.00
12.20
0.10
23.10
11.70
25.50
30.40
0.00
0.00
28.10
49.30
49.30
29.60
4.10
10.80
4.10
0.30
0.00
4.70
15.60
8.30
0.30
4.50
17.60
0.00
16.30
10.30
5.40
10.60
0.70
0.00
0.00
35.00
53.90
29.10
23.30
2.40
24.40
18.10
23.80
58.70
9.80
0.00
6.60
147.00
80.10
46.00
65.00
1.00
19.60
23.10
50.60
2.60
11.10
17.00
12.30
11.50
11.90
22.30
22.30
80.80
80.80
39.20
9.40
9.40
0.90
3.30
9.40
9.40
9.40
61.60
44.50
28.90
16.10
44.80
18.10
8.10
2.20
3.70
35.30
2.90
12.70
75.90
10.10
3.80
3.90
2.30
112.50
1.20
1.70
4.10
0.00
4.00
23.70
12.80
36.30
18.00
4.50
1.80
0.00
0.50
11.00
30.70
30.70
18.10
0.90
0.40
11.40
2.70
0.50
7.80
5.50
0.90
1.60
2.30
32.80
14.20
47.40
15.80
11.90
0.50
17.50
4.50
9.50
2.90
4.90
4.80
10.00
0.70
0.00
0.00
0.00
0.80
37.50
29.80
21.50
27.80
0.00
9.50
3.30
15.40
12.50
12.50
25.40
1.00
4.90
0.10
4.40
2.30
0.90
20.90
6.00
0.00
0.00
0.00
0.00
12.10
0.00
0.00
0.00
0.00
0.00
2.60
4.40
1.00
0.20
0.00
5.10
