20160101
0.00
0.00
0.00
0.00
0.00
0.00
0.00
0.00
4.00
0.00
0.00
0.00
1.00
0.00
0.00
0.00
0.00
0.00
10.00
5.00
13.00
0.00
0.00
0.00
0.00
4.00
0.00
0.00
0.00
0.00
0.00
0.00
0.00
0.00
0.00
0.00
0.00
2.00
0.00
0.00
0.00
0.00
0.00
0.00
0.00
0.00
0.00
0.00
0.00
12.00
10.00
10.00
0.00
83.00
187.00
0.00
29.00
0.00
30.00
1.00
0.00
0.00
0.00
21.00
2.00
2.00
15.00
0.00
5.00
60.00
6.00
0.00
0.00
3.00
6.00
10.00
0.00
0.00
0.00
58.00
45.00
0.00
9.00
0.00
0.00
0.00
0.00
551.00
3.00
289.00
465.00
5.00
0.00
143.00
18.00
198.00
42.00
19.00
121.00
2.00
0.00
7.00
64.00
27.00
169.00
127.00
286.00
82.00
233.00
154.00
13.00
103.00
102.00
549.00
319.00
53.00
104.00
81.00
73.00
6.00
53.00
13.00
21.00
13.00
21.00
6.00
13.00
9.00
6.00
8.00
6.00
20.00
125.00
164.00
70.00
40.00
355.00
643.00
272.00
41.00
54.00
876.00
1.00
14.00
119.00
15.00
6.00
11.00
78.00
64.00
10.00
18.00
0.00
30.00
0.00
60.00
34.00
24.00
654.00
22.00
77.00
31.00
45.00
21.00
17.00
34.00
47.00
34.00
28.00
55.00
29.00
59.00
19.00
24.00
13.00
37.00
97.00
61.00
34.00
16.00
100.00
132.00
200.00
167.00
56.00
55.00
1.00
64.00
46.00
236.00
36.00
90.00
2.00
45.00
30.00
167.00
168.00
241.00
5.00
5.00
15.00
43.00
11.00
58.00
54.00
47.00
198.00
3.00
189.00
16.00
56.00
12.00
119.00
12.00
6.00
1.00
37.00
128.00
43.00
29.00
7.00
9.00
88.00
80.00
2.00
60.00
5.00
47.00
147.00
108.00
17.00
3.00
434.00
15.00
2.00
145.00
0.00
157.00
0.00
98.00
21.00
1.00
8.00
362.00
30.00
30.00
40.00
0.00
3.00
0.00
18.00
7.00
37.00
106.00
12.00
12.00
13.00
0.00
0.00
20.00
82.00
18.00
1.00
142.00
23.00
16.00
72.00
17.00
48.00
2.00
17.00
88.00
0.00
3.00
1.00
0.00
0.00
0.00
12.00
5.00
4.00
46.00
174.00
44.00
4.00
103.00
0.00
0.00
0.00
0.00
0.00
0.00
0.00
0.00
0.00
0.00
0.00
0.00
9.00
0.00
107.00
99.00
50.00
4.00
1.00
1.00
0.00
31.00
119.00
168.00
85.00
0.00
0.00
0.00
15.00
0.00
0.00
0.00
0.00
13.00
2.00
0.00
0.00
0.00
0.00
0.00
0.00
0.00
0.00
0.00
0.00
0.00
0.00
0.00
0.00
8.00
0.00
0.00
0.00
0.00
0.00
0.00
0.00
0.00
0.00
0.00
0.00
0.00
2.00
0.00
0.00
0.00
0.00
0.00
0.00
0.00
0.00
0.00
0.00
0.00
0.00
0.00
0.00
0.00
59.00
2.00
30.00
0.00
40.00
5.00
0.00
0.00
0.00
0.00
0.00
0.00
0.00
0.00
0.00
0.00
0.00
0.00
0.00
0.00
0.00
0.00
0.00
0.00
0.00
0.00
0.00
0.00
33.00
0.00
0.00
0.00
0.00
0.00
0.00
0.00
0.00
0.00
0.00
0.00
0.00
0.00
0.00
0.00
0.00
0.00
0.00
0.00
0.00
0.00
2.00
0.00
18.00
91.00
40.00
0.00
0.00
0.00
0.00
0.00
0.00
0.00
0.00
0.00
8.00
110.00
0.00
0.00
90.00
16.00
69.00
25.00
0.00
0.00
0.00
0.00
0.00
0.00
102.00
10.00
104.00
0.00
0.00
0.00
0.00
10.00
0.00
0.00
0.00
315.00
301.00
350.00
354.00
121.00
262.00
363.00
37.00
0.00
4.00
0.00
17.00
0.00
0.00
0.00
0.00
0.00
55.00
0.00
0.00
2.00
128.00
16.00
81.00
35.00
3.00
23.00
361.00
29.00
12.00
55.00
6.00
232.00
134.00
61.00
2.00
16.00
42.00
51.00
2.00
0.00
171.00
3.00
2.00
0.00
0.00
32.00
136.00
11.00
22.00
0.00
24.00
8.00
24.00
0.00
0.00
53.00
3.00
49.00
45.00
62.00
38.00
356.00
3.00
154.00
33.00
140.00
43.00
2.00
2.00
9.00
265.00
136.00
14.00
175.00
297.00
101.00
72.00
157.00
189.00
31.00
24.00
3.00
26.00
54.00
30.00
73.00
16.00
22.00
6.00
111.00
62.00
192.00
287.00
197.00
86.00
66.00
137.00
88.00
10.00
48.00
146.00
139.00
135.00
99.00
66.00
42.00
43.00
35.00
14.00
39.00
144.00
73.00
64.00
21.00
38.00
118.00
46.00
36.00
20.00
29.00
147.00
8.00
4.00
6.00
51.00
34.00
192.00
39.00
18.00
71.00
11.00
8.00
3.00
6.00
45.00
62.00
12.00
45.00
181.00
55.00
17.00
55.00
55.00
8.00
6.00
28.00
19.00
8.00
128.00
378.00
19.00
7.00
111.00
12.00
35.00
19.00
117.00
27.00
10.00
8.00
6.00
0.00
17.00
11.00
3.00
174.00
23.00
56.00
1.00
6.00
19.00
521.00
109.00
210.00
73.00
0.00
7.00
7.00
4.00
5.00
96.00
41.00
83.00
83.00
9.00
3.00
10.00
4.00
10.00
26.00
5.00
0.00
13.00
23.00
0.00
1.00
162.00
15.00
0.00
0.00
0.00
0.00
5.00
62.00
86.00
974.00
0.00
0.00
17.00
0.00
0.00
0.00
18.00
1003.00
275.00
3.00
0.00
0.00
0.00
0.00
9.00
18.00
0.00
20.00
0.00
151.00
18.00
14.00
0.00
33.00
93.00
5.00
48.00
0.00
0.00
0.00
0.00
62.00
0.00
0.00
0.00
0.00
0.00
0.00
0.00
0.00
0.00
0.00
0.00
0.00
0.00
0.00
221.00
282.00
479.00
48.00
0.00
0.00
0.00
0.00
0.00
0.00
0.00
0.00
9.00
0.00
0.00
0.00
0.00
9.00
0.00
35.00
0.00
0.00
0.00
0.00
149.00
283.00
85.00
0.00
0.00
0.00
0.00
0.00
0.00
0.00
0.00
0.00
0.00
0.00
0.00
0.00
0.00
0.00
0.00
0.00
0.00
0.00
0.00
0.00
0.00
0.00
0.00
0.00
0.00
0.00
0.00
0.00
0.00
0.00
0.00
0.00
0.00
1.00
117.00
37.00
25.00
37.00
17.00
0.00
9.00
49.00
0.00
0.00
0.00
0.00
0.00
0.00
0.00
0.00
0.00
0.00
3.00
201.00
0.00
0.00
0.00
0.00
49.00
0.00
7.00
0.00
0.00
0.00
0.00
0.00
0.00
37.00
591.00
0.00
318.00
74.00
36.00
87.00
0.00
0.00
0.00
0.00
0.00
0.00
0.00
55.00
5.00
0.00
16.00
81.00
4.00
8.00
59.00
19.00
117.00
13.00
0.00
2.00
96.00
1.00
85.00
140.00
109.00
27.00
113.00
0.00
4.00
34.00
2.00
25.00
18.00
78.00
12.00
0.00
0.00
6.00
6.00
4.00
198.00
28.00
134.00
21.00
196.00
1.00
103.00
466.00
250.00
210.00
121.00
406.00
357.00
125.00
79.00
90.00
3.00
21.00
0.00
0.00
0.00
0.00
5.00
0.00
17.00
2.00
3.00
18.00
0.00
7.00
9.00
43.00
13.00
10.00
0.00
14.00
35.00
70.00
18.00
3.00
0.00
20.00
8.00
95.00
376.00
526.00
8.00
22.00
41.00
50.00
0.00
0.00
7.00
21.00
79.00
57.00
79.00
42.00
22.00
29.00
47.00
55.00
22.00
30.00
6.00
15.00
13.00
0.00
1.00
5.00
19.00
36.00
96.00
26.00
30.00
34.00
51.00
24.00
34.00
1.00
6.00
17.00
3.00
20.00
96.00
53.00
32.00
378.00
103.00
9.00
99.00
141.00
294.00
65.00
82.00
245.00
22.00
55.00
40.00
217.00
314.00
19.00
18.00
54.00
77.00
82.00
87.00
28.00
18.00
23.00
2.00
58.00
54.00
81.00
50.00
385.00
103.00
131.00
21.00
15.00
1.00
104.00
3.00
106.00
5.00
6.00
92.00
7.00
8.00
50.00
0.00
0.00
0.00
6.00
15.00
0.00
0.00
0.00
1.00
3.00
1.00
0.00
0.00
5.00
11.00
12.00
0.00
1.00
3.00
7.00
1.00
0.00
14.00
2.00
0.00
1.00
0.00
0.00
2.00
0.00
10.00
0.00
0.00
0.00
46.00
26.00
180.00
235.00
88.00
23.00
0.00
0.00
0.00
0.00
26.00
2.00
0.00
0.00
0.00
0.00
0.00
0.00
387.00
138.00
143.00
124.00
24.00
0.00
0.00
0.00
0.00
4.00
0.00
0.00
0.00
0.00
0.00
0.00
58.00
0.00
5.00
0.00
0.00
0.00
0.00
0.00
0.00
0.00
0.00
0.00
0.00
0.00
0.00
0.00
0.00
0.00
0.00
0.00
0.00
0.00
0.00
13.00
22.00
0.00
0.00
0.00
0.00
43.00
0.00
0.00
26.00
15.00
72.00
16.00
1.00
0.00
0.00
0.00
0.00
0.00
0.00
0.00
0.00
0.00
0.00
0.00
0.00
0.00
0.00
0.00
0.00
0.00
0.00
0.00
0.00
0.00
0.00
0.00
0.00
0.00
0.00
0.00
0.00
0.00
0.00
0.00
0.00
0.00
0.00
0.00
0.00
0.00
0.00
0.00
0.00
0.00
4.00
0.00
0.00
0.00
0.00
0.00
0.00
0.00
0.00
0.00
2.00
0.00
0.00
0.00
0.00
0.00
0.00
0.00
13.00
8.00
0.00
0.00
0.00
0.00
0.00
0.00
0.00
63.20
34.20
38.00
20.00
0.00
0.00
0.10
0.40
1.30
0.00
0.00
0.00
0.00
0.00
0.00
0.00
0.00
0.00
3.80
0.30
30.10
3.20
14.20
0.00
0.00
12.90
0.00
0.00
0.00
0.00
8.90
0.00
0.30
1.00
12.20
67.50
97.10
0.00
54.50
2.00
11.40
0.40
27.60
16.30
0.10
0.00
0.40
2.30
0.00
6.90
0.00
20.70
0.00
0.00
4.10
0.00
0.10
0.00
0.00
0.00
0.40
0.00
5.80
7.00
1.30
1.30
0.00
4.40
5.80
0.00
0.00
0.00
0.00
0.00
0.00
1.20
0.70
7.20
0.00
5.50
0.00
7.80
0.00
0.50
0.50
0.00
0.00
0.00
11.00
0.00
0.00
0.00
0.00
0.00
0.00
0.90
0.20
0.00
0.10
2.40
0.00
0.00
13.60
24.80
34.30
0.00
0.00
0.00
0.00
15.50
16.70
0.00
1.40
0.00
2.80
0.80
16.40
3.90
0.00
1.00
0.30
2.00
0.70
0.10
0.00
0.40
1.50
0.00
0.00
0.80
1.80
1.70
5.20
1.20
1.70
1.70
1.90
1.90
0.20
6.10
6.10
0.00
0.50
6.10
6.10
6.10
5.20
2.80
1.00
0.90
8.10
38.30
7.90
0.20
3.00
6.60
0.60
0.80
0.60
0.00
0.20
17.70
1.30
2.90
3.10
7.00
3.90
0.30
13.00
4.00
3.90
2.20
3.30
0.70
0.10
0.80
7.60
9.10
16.90
23.70
2.60
0.60
0.00
0.00
23.50
0.10
2.20
0.30
2.80
4.80
1.30
0.60
0.30
0.00
0.30
3.70
3.90
1.70
7.40
13.70
2.50
3.50
3.50
11.20
0.00
0.30
0.10
0.00
15.90
24.20
18.90
15.90
9.40
2.10
1.70
2.80
6.00
0.00
0.00
8.60
0.00
0.00
9.80
0.20
1.40
3.20
0.50
6.10
0.00
0.00
0.00
0.10
11.80
0.00
0.00
0.00
0.00
0.00
0.50
5.80
0.10
0.00
1.50
1.50
