20160101
0.00
0.00
0.00
0.00
0.00
0.00
0.00
0.00
0.00
0.00
0.00
0.00
1.00
0.00
0.00
0.00
0.00
0.00
18.00
92.00
0.00
0.00
0.00
0.00
0.00
3.00
0.00
0.00
0.00
0.00
0.00
0.00
0.00
0.00
0.00
0.00
0.00
1.00
12.00
0.00
0.00
38.00
0.00
0.00
0.00
0.00
0.00
0.00
0.00
0.00
14.00
1.00
0.00
0.00
0.00
0.00
15.00
0.00
0.00
0.00
0.00
0.00
0.00
0.00
0.00
1.00
0.00
0.00
0.00
0.00
0.00
0.00
0.00
0.00
0.00
0.00
4.00
0.00
16.00
0.00
5.00
0.00
0.00
0.00
0.00
0.00
3.00
175.00
10.00
26.00
355.00
1.00
0.00
27.00
1.00
16.00
0.00
1.00
0.00
0.00
0.00
0.00
0.00
0.00
15.00
0.00
57.00
176.00
12.00
177.00
44.00
0.00
0.00
0.00
0.00
0.00
204.00
173.00
0.00
0.00
0.00
1.00
0.00
76.00
5.00
107.00
32.00
709.00
7.00
9.00
38.00
10.00
623.00
338.00
296.00
144.00
135.00
94.00
142.00
111.00
55.00
250.00
0.00
1.00
55.00
110.00
1.00
19.00
2.00
28.00
46.00
76.00
0.00
25.00
0.00
51.00
1.00
0.00
415.00
0.00
5.00
11.00
223.00
30.00
1.00
1173.00
282.00
434.00
81.00
78.00
219.00
298.00
116.00
284.00
651.00
155.00
89.00
233.00
177.00
49.00
67.00
85.00
141.00
118.00
283.00
201.00
76.00
7.00
641.00
615.00
344.00
16.00
27.00
116.00
391.00
490.00
242.00
63.00
389.00
166.00
212.00
561.00
173.00
151.00
243.00
194.00
519.00
53.00
16.00
31.00
70.00
50.00
116.00
146.00
291.00
440.00
434.00
115.00
49.00
81.00
61.00
46.00
239.00
43.00
254.00
404.00
218.00
499.00
45.00
61.00
34.00
1.00
27.00
21.00
9.00
12.00
1.00
168.00
11.00
7.00
49.00
330.00
887.00
262.00
622.00
963.00
97.00
43.00
57.00
140.00
143.00
82.00
5.00
596.00
110.00
132.00
260.00
13.00
19.00
315.00
247.00
57.00
262.00
302.00
88.00
20.00
172.00
18.00
340.00
338.00
17.00
6.00
5.00
2.00
4.00
39.00
7.00
1.00
9.00
21.00
15.00
3.00
47.00
176.00
118.00
0.00
0.00
0.00
0.00
0.00
0.00
0.00
0.00
0.00
0.00
0.00
0.00
0.00
0.00
0.00
73.00
0.00
0.00
0.00
0.00
0.00
0.00
0.00
27.00
136.00
0.00
0.00
0.00
0.00
0.00
0.00
0.00
0.00
0.00
0.00
0.00
0.00
0.00
0.00
0.00
0.00
0.00
0.00
0.00
0.00
0.00
0.00
0.00
0.00
0.00
5.00
0.00
0.00
5.00
0.00
0.00
0.00
0.00
0.00
0.00
0.00
0.00
0.00
0.00
0.00
0.00
0.00
0.00
0.00
0.00
0.00
0.00
0.00
0.00
0.00
0.00
0.00
0.00
0.00
0.00
0.00
0.00
0.00
0.00
8.00
0.00
0.00
0.00
0.00
0.00
35.00
0.00
0.00
0.00
0.00
0.00
0.00
0.00
0.00
0.00
0.00
0.00
0.00
0.00
0.00
0.00
1.00
8.00
7.00
0.00
0.00
0.00
0.00
0.00
0.00
0.00
0.00
0.00
0.00
0.00
0.00
0.00
0.00
0.00
0.00
0.00
0.00
0.00
0.00
0.00
0.00
0.00
0.00
22.00
0.00
0.00
0.00
0.00
0.00
0.00
0.00
0.00
0.00
126.00
0.00
0.00
0.00
45.00
0.00
144.00
0.00
0.00
0.00
0.00
0.00
0.00
105.00
39.00
37.00
91.00
0.00
0.00
0.00
54.00
203.00
0.00
14.00
216.00
341.00
44.00
398.00
64.00
348.00
206.00
18.00
299.00
12.00
8.00
50.00
1.00
0.00
0.00
0.00
0.00
0.00
263.00
204.00
0.00
8.00
462.00
463.00
48.00
677.00
0.00
210.00
155.00
285.00
0.00
37.00
0.00
57.00
71.00
0.00
140.00
135.00
68.00
211.00
0.00
2.00
156.00
3.00
142.00
29.00
13.00
488.00
543.00
2.00
21.00
728.00
515.00
524.00
0.00
163.00
40.00
69.00
24.00
144.00
6.00
9.00
142.00
175.00
191.00
490.00
617.00
199.00
2.00
0.00
0.00
45.00
191.00
0.00
82.00
57.00
1094.00
243.00
264.00
30.00
333.00
126.00
478.00
734.00
38.00
276.00
593.00
169.00
149.00
19.00
16.00
24.00
118.00
123.00
726.00
212.00
138.00
415.00
211.00
67.00
91.00
47.00
124.00
117.00
68.00
435.00
194.00
170.00
71.00
252.00
39.00
54.00
622.00
45.00
4.00
63.00
651.00
55.00
88.00
93.00
51.00
129.00
37.00
188.00
49.00
39.00
373.00
271.00
289.00
239.00
366.00
418.00
114.00
119.00
153.00
783.00
1086.00
892.00
265.00
253.00
112.00
25.00
366.00
95.00
209.00
124.00
507.00
290.00
689.00
192.00
344.00
938.00
345.00
48.00
237.00
525.00
293.00
175.00
610.00
412.00
122.00
85.00
58.00
75.00
402.00
1349.00
1215.00
13.00
22.00
108.00
128.00
23.00
39.00
389.00
290.00
252.00
117.00
69.00
37.00
82.00
7.00
25.00
13.00
238.00
177.00
166.00
653.00
89.00
16.00
5.00
23.00
0.00
28.00
4.00
10.00
10.00
0.00
1.00
18.00
58.00
122.00
4.00
0.00
0.00
0.00
109.00
710.00
1102.00
0.00
0.00
0.00
0.00
0.00
0.00
0.00
3.00
15.00
0.00
0.00
0.00
0.00
0.00
0.00
3.00
0.00
0.00
0.00
0.00
0.00
2.00
0.00
10.00
265.00
172.00
11.00
1.00
0.00
0.00
0.00
0.00
0.00
0.00
0.00
0.00
0.00
0.00
0.00
0.00
0.00
0.00
0.00
0.00
0.00
0.00
0.00
39.00
89.00
11.00
0.00
0.00
0.00
0.00
0.00
0.00
0.00
0.00
13.00
7.00
6.00
0.00
0.00
0.00
0.00
0.00
0.00
0.00
0.00
0.00
0.00
2.00
1.00
0.00
0.00
0.00
0.00
0.00
0.00
0.00
0.00
0.00
0.00
0.00
0.00
0.00
0.00
0.00
0.00
0.00
0.00
0.00
0.00
0.00
0.00
0.00
0.00
0.00
0.00
0.00
0.00
0.00
0.00
0.00
0.00
0.00
0.00
0.00
799.00
228.00
183.00
11.00
86.00
178.00
489.00
315.00
0.00
0.00
0.00
0.00
0.00
0.00
0.00
0.00
0.00
0.00
602.00
19.00
0.00
0.00
0.00
0.00
0.00
0.00
0.00
0.00
0.00
0.00
0.00
0.00
0.00
0.00
0.00
0.00
0.00
92.00
0.00
0.00
0.00
0.00
0.00
0.00
0.00
8.00
7.00
0.00
0.00
8.00
859.00
371.00
480.00
0.00
11.00
0.00
0.00
139.00
7.00
25.00
64.00
112.00
0.00
40.00
1.00
0.00
110.00
0.00
30.00
205.00
2.00
230.00
53.00
158.00
0.00
0.00
173.00
2.00
31.00
0.00
74.00
87.00
316.00
16.00
18.00
0.00
141.00
33.00
526.00
281.00
27.00
130.00
85.00
101.00
0.00
0.00
0.00
349.00
0.00
0.00
0.00
0.00
2.00
65.00
173.00
93.00
22.00
273.00
320.00
6.00
156.00
2.00
108.00
45.00
114.00
1.00
43.00
2.00
89.00
58.00
0.00
29.00
69.00
35.00
103.00
31.00
347.00
154.00
79.00
189.00
263.00
117.00
47.00
54.00
12.00
13.00
328.00
607.00
207.00
66.00
60.00
17.00
34.00
239.00
818.00
178.00
94.00
100.00
26.00
22.00
75.00
29.00
19.00
30.00
25.00
259.00
388.00
156.00
54.00
65.00
64.00
14.00
6.00
369.00
39.00
4.00
312.00
313.00
462.00
149.00
468.00
465.00
170.00
544.00
160.00
487.00
254.00
13.00
29.00
89.00
156.00
305.00
74.00
105.00
172.00
126.00
224.00
375.00
242.00
657.00
94.00
32.00
9.00
14.00
39.00
4.00
23.00
802.00
347.00
341.00
131.00
66.00
43.00
9.00
43.00
98.00
70.00
197.00
561.00
260.00
28.00
24.00
13.00
48.00
28.00
324.00
1018.00
514.00
80.00
98.00
4.00
0.00
0.00
7.00
77.00
136.00
0.00
2.00
2.00
354.00
212.00
91.00
8.00
78.00
6.00
0.00
0.00
0.00
4.00
0.00
0.00
2.00
0.00
0.00
7.00
6.00
73.00
65.00
131.00
1.00
0.00
23.00
0.00
0.00
0.00
0.00
0.00
0.00
0.00
0.00
0.00
0.00
6.00
3.00
22.00
14.00
0.00
0.00
0.00
0.00
34.00
0.00
0.00
0.00
0.00
0.00
0.00
0.00
0.00
0.00
0.00
0.00
0.00
0.00
0.00
0.00
0.00
0.00
0.00
0.00
0.00
0.00
0.00
0.00
0.00
0.00
0.00
0.00
0.00
0.00
0.00
1.00
0.00
0.00
0.00
0.00
0.00
0.00
0.00
0.00
0.00
0.00
1.00
59.00
222.00
0.00
0.00
0.00
0.00
0.00
0.00
0.00
0.00
0.00
0.00
0.00
0.00
0.00
0.00
0.00
0.00
0.00
0.00
0.00
0.00
0.00
0.00
0.00
0.00
0.00
0.00
0.00
0.00
0.00
0.00
0.00
0.00
0.00
0.00
0.00
0.00
0.00
0.00
11.00
11.00
0.00
1.00
0.00
0.00
0.00
0.00
0.00
0.00
0.00
0.00
0.00
20.00
4.00
0.00
0.00
5.00
0.00
0.00
1.00
9.00
0.00
0.00
0.00
0.00
0.00
0.00
0.00
5.60
22.00
0.70
55.20
9.00
0.00
0.00
0.00
0.00
0.00
0.00
0.00
0.00
0.00
0.00
0.00
0.00
0.00
3.80
0.10
0.00
10.90
2.40
2.20
0.00
13.50
1.10
0.00
0.00
0.00
10.40
0.80
0.00
23.70
0.40
96.20
0.40
20.90
0.00
14.20
1.30
27.70
0.00
5.00
57.60
0.00
3.00
0.00
3.40
0.00
6.80
1.20
0.00
0.00
0.00
0.10
6.40
0.10
0.00
0.00
0.00
2.90
0.90
25.40
11.50
6.60
6.60
0.00
237.00
40.50
0.00
0.00
13.80
20.50
49.00
38.00
19.00
7.10
20.00
0.60
18.70
0.10
45.10
25.60
1.00
1.00
8.50
61.20
61.20
14.10
2.50
1.20
13.90
3.90
34.20
11.60
30.40
18.40
17.00
37.10
5.70
0.10
1.30
1.90
0.40
10.20
0.00
0.10
0.00
7.20
27.20
9.90
24.50
5.80
0.70
18.40
85.20
28.10
0.20
1.70
4.40
58.90
75.90
72.40
60.50
2.60
7.20
3.90
2.80
1.80
24.70
5.90
6.80
57.40
50.00
113.70
113.70
108.70
108.70
23.70
7.40
7.40
4.00
3.20
7.40
7.40
7.40
11.00
58.80
53.10
40.60
60.50
9.40
6.90
6.40
7.80
14.70
26.80
13.40
23.90
18.20
5.10
9.90
6.30
6.10
5.30
24.00
11.80
2.50
107.30
65.00
51.10
31.60
7.60
1.80
1.30
1.20
1.40
4.80
55.50
25.90
4.70
3.10
7.80
25.40
15.00
1.90
9.10
8.20
10.10
20.70
33.60
23.20
10.10
5.40
12.00
4.30
50.70
54.90
9.80
15.60
53.60
34.40
25.90
53.90
23.00
1.10
2.50
0.70
0.80
22.10
19.60
27.50
31.00
0.40
11.80
24.70
3.30
38.70
38.70
3.30
0.50
0.30
7.60
3.60
31.80
23.80
17.20
9.20
0.00
0.00
0.00
0.00
0.20
0.10
0.00
0.00
0.10
0.00
3.40
0.20
0.00
0.50
24.00
92.30
