20160101
0.00
0.00
0.00
0.00
0.00
0.00
0.00
0.00
0.00
0.00
0.00
0.00
1.00
0.00
0.00
0.00
0.00
2.00
66.00
127.00
0.00
0.00
0.00
0.00
0.00
0.00
1.00
0.00
0.00
0.00
0.00
0.00
0.00
0.00
0.00
0.00
0.00
0.00
19.00
0.00
0.00
0.00
0.00
0.00
0.00
0.00
9.00
2.00
0.00
2.00
14.00
0.00
0.00
0.00
0.00
0.00
10.00
0.00
0.00
0.00
0.00
0.00
0.00
0.00
0.00
166.00
0.00
0.00
0.00
0.00
0.00
0.00
15.00
16.00
0.00
0.00
0.00
0.00
0.00
0.00
0.00
0.00
0.00
0.00
0.00
0.00
0.00
1.00
26.00
123.00
135.00
15.00
0.00
14.00
0.00
5.00
0.00
3.00
0.00
0.00
0.00
0.00
0.00
0.00
0.00
0.00
66.00
0.00
0.00
0.00
0.00
0.00
0.00
0.00
0.00
0.00
0.00
0.00
0.00
0.00
0.00
1.00
3.00
209.00
0.00
0.00
0.00
208.00
29.00
60.00
176.00
4.00
270.00
20.00
102.00
69.00
44.00
0.00
420.00
184.00
117.00
5.00
0.00
6.00
24.00
42.00
0.00
58.00
1.00
10.00
1.00
348.00
0.00
0.00
0.00
0.00
0.00
4.00
126.00
0.00
0.00
0.00
37.00
221.00
4.00
226.00
60.00
315.00
19.00
1.00
78.00
22.00
21.00
75.00
30.00
37.00
8.00
97.00
42.00
1.00
5.00
6.00
32.00
233.00
138.00
49.00
296.00
16.00
19.00
154.00
34.00
1.00
1.00
1.00
118.00
87.00
13.00
272.00
695.00
103.00
139.00
73.00
57.00
39.00
236.00
71.00
203.00
20.00
7.00
47.00
91.00
63.00
35.00
267.00
124.00
64.00
154.00
98.00
7.00
49.00
14.00
2.00
154.00
34.00
0.00
60.00
209.00
78.00
243.00
76.00
13.00
0.00
34.00
82.00
0.00
0.00
0.00
442.00
19.00
0.00
60.00
3.00
83.00
14.00
12.00
403.00
59.00
26.00
4.00
4.00
8.00
16.00
0.00
25.00
20.00
166.00
180.00
0.00
14.00
9.00
179.00
32.00
152.00
225.00
41.00
2.00
4.00
43.00
204.00
181.00
9.00
38.00
209.00
0.00
6.00
13.00
0.00
3.00
1.00
1.00
0.00
6.00
202.00
323.00
34.00
8.00
0.00
0.00
0.00
0.00
0.00
0.00
0.00
0.00
0.00
0.00
0.00
0.00
0.00
0.00
157.00
0.00
0.00
28.00
0.00
2.00
0.00
12.00
180.00
194.00
0.00
0.00
0.00
0.00
0.00
0.00
0.00
0.00
0.00
0.00
0.00
0.00
0.00
0.00
0.00
0.00
0.00
0.00
0.00
0.00
0.00
0.00
0.00
0.00
0.00
81.00
0.00
0.00
0.00
0.00
0.00
0.00
0.00
0.00
0.00
0.00
0.00
0.00
0.00
0.00
0.00
0.00
0.00
0.00
0.00
0.00
0.00
0.00
0.00
0.00
0.00
0.00
0.00
0.00
0.00
0.00
7.00
0.00
0.00
0.00
0.00
0.00
0.00
0.00
0.00
116.00
0.00
0.00
0.00
0.00
0.00
0.00
0.00
0.00
0.00
0.00
0.00
0.00
0.00
0.00
0.00
6.00
37.00
0.00
0.00
0.00
0.00
0.00
0.00
0.00
0.00
0.00
0.00
0.00
0.00
0.00
0.00
0.00
0.00
0.00
0.00
0.00
0.00
0.00
0.00
0.00
0.00
0.00
147.00
0.00
0.00
0.00
0.00
0.00
0.00
0.00
0.00
0.00
153.00
13.00
0.00
0.00
20.00
0.00
185.00
0.00
0.00
0.00
0.00
0.00
0.00
71.00
0.00
90.00
404.00
0.00
0.00
0.00
0.00
211.00
0.00
0.00
269.00
145.00
0.00
0.00
47.00
111.00
14.00
0.00
12.00
0.00
34.00
38.00
0.00
0.00
0.00
0.00
0.00
0.00
275.00
250.00
0.00
1.00
646.00
78.00
105.00
791.00
0.00
64.00
484.00
0.00
0.00
0.00
82.00
459.00
148.00
0.00
1.00
21.00
116.00
84.00
1.00
2.00
88.00
0.00
55.00
0.00
87.00
286.00
550.00
34.00
90.00
0.00
0.00
2.00
0.00
22.00
0.00
0.00
1.00
82.00
1.00
0.00
99.00
70.00
8.00
44.00
568.00
34.00
0.00
72.00
0.00
9.00
73.00
1.00
137.00
15.00
469.00
31.00
71.00
0.00
357.00
69.00
1284.00
364.00
0.00
1.00
39.00
64.00
3.00
3.00
0.00
13.00
19.00
36.00
83.00
25.00
86.00
489.00
309.00
117.00
1.00
45.00
41.00
50.00
34.00
133.00
236.00
65.00
11.00
20.00
48.00
23.00
168.00
65.00
43.00
77.00
85.00
51.00
568.00
51.00
47.00
35.00
67.00
247.00
41.00
32.00
255.00
86.00
102.00
104.00
90.00
25.00
34.00
26.00
30.00
341.00
734.00
355.00
131.00
69.00
35.00
14.00
127.00
24.00
25.00
36.00
167.00
251.00
197.00
15.00
8.00
829.00
93.00
39.00
75.00
48.00
56.00
708.00
306.00
18.00
9.00
41.00
115.00
13.00
72.00
129.00
154.00
59.00
14.00
36.00
20.00
1.00
12.00
223.00
60.00
39.00
222.00
121.00
2.00
14.00
3.00
2.00
1.00
86.00
100.00
184.00
191.00
69.00
150.00
2.00
0.00
0.00
106.00
8.00
1.00
14.00
1.00
0.00
1.00
0.00
22.00
0.00
0.00
0.00
1.00
0.00
830.00
335.00
0.00
0.00
0.00
0.00
0.00
0.00
0.00
0.00
0.00
0.00
0.00
0.00
0.00
0.00
0.00
0.00
0.00
0.00
0.00
0.00
0.00
0.00
0.00
4.00
248.00
150.00
8.00
0.00
0.00
0.00
0.00
0.00
0.00
0.00
0.00
0.00
0.00
0.00
0.00
0.00
0.00
0.00
0.00
0.00
0.00
0.00
2.00
0.00
344.00
0.00
0.00
0.00
0.00
0.00
0.00
0.00
0.00
2.00
9.00
0.00
0.00
0.00
0.00
0.00
0.00
0.00
0.00
0.00
0.00
0.00
0.00
0.00
0.00
0.00
0.00
0.00
0.00
0.00
0.00
0.00
0.00
0.00
0.00
0.00
0.00
0.00
0.00
0.00
0.00
0.00
0.00
0.00
0.00
0.00
0.00
0.00
0.00
0.00
0.00
0.00
0.00
0.00
0.00
0.00
0.00
0.00
0.00
0.00
1185.00
324.00
103.00
48.00
19.00
134.00
1078.00
541.00
0.00
0.00
0.00
0.00
0.00
0.00
0.00
0.00
0.00
0.00
484.00
365.00
0.00
0.00
0.00
0.00
0.00
0.00
96.00
0.00
0.00
0.00
0.00
0.00
0.00
0.00
0.00
0.00
12.00
19.00
0.00
0.00
0.00
0.00
0.00
0.00
0.00
0.00
272.00
55.00
0.00
10.00
17.00
505.00
184.00
0.00
2.00
0.00
0.00
126.00
9.00
27.00
0.00
1.00
0.00
7.00
27.00
0.00
32.00
0.00
0.00
25.00
2.00
0.00
9.00
150.00
0.00
0.00
1.00
244.00
60.00
0.00
238.00
400.00
319.00
0.00
136.00
0.00
84.00
492.00
643.00
4.00
7.00
187.00
33.00
0.00
0.00
3.00
0.00
68.00
115.00
0.00
0.00
0.00
16.00
2.00
173.00
44.00
66.00
14.00
0.00
1.00
87.00
0.00
274.00
45.00
61.00
42.00
13.00
0.00
6.00
93.00
17.00
70.00
71.00
3.00
9.00
23.00
0.00
242.00
3.00
0.00
32.00
43.00
75.00
0.00
0.00
1.00
7.00
200.00
26.00
12.00
11.00
8.00
0.00
69.00
114.00
313.00
171.00
25.00
0.00
4.00
5.00
2.00
3.00
133.00
0.00
61.00
42.00
67.00
24.00
16.00
3.00
0.00
2.00
347.00
8.00
45.00
99.00
399.00
13.00
20.00
80.00
127.00
138.00
82.00
305.00
184.00
15.00
55.00
7.00
21.00
350.00
38.00
20.00
23.00
19.00
11.00
32.00
60.00
36.00
352.00
29.00
5.00
0.00
78.00
97.00
6.00
46.00
567.00
182.00
171.00
22.00
4.00
2.00
7.00
4.00
87.00
2.00
198.00
96.00
54.00
18.00
1.00
0.00
1.00
4.00
7.00
121.00
1167.00
97.00
15.00
1.00
4.00
0.00
4.00
173.00
219.00
75.00
1.00
0.00
0.00
10.00
37.00
0.00
1.00
0.00
0.00
0.00
0.00
0.00
0.00
0.00
0.00
0.00
0.00
0.00
4.00
607.00
115.00
6.00
0.00
0.00
0.00
0.00
0.00
0.00
0.00
0.00
0.00
0.00
0.00
0.00
0.00
0.00
3.00
2.00
0.00
0.00
0.00
0.00
0.00
0.00
0.00
0.00
0.00
0.00
0.00
0.00
0.00
0.00
0.00
0.00
0.00
0.00
0.00
0.00
0.00
0.00
0.00
0.00
0.00
0.00
0.00
0.00
0.00
0.00
0.00
0.00
0.00
0.00
0.00
0.00
3.00
0.00
0.00
0.00
0.00
0.00
0.00
0.00
0.00
0.00
0.00
7.00
77.00
201.00
0.00
0.00
0.00
0.00
0.00
0.00
0.00
0.00
0.00
0.00
0.00
0.00
0.00
0.00
0.00
0.00
0.00
0.00
0.00
0.00
0.00
0.00
0.00
0.00
0.00
0.00
0.00
0.00
0.00
0.00
0.00
0.00
0.00
0.00
0.00
0.00
0.00
0.00
10.00
10.00
1.00
0.00
0.00
0.00
0.00
0.00
0.00
0.00
0.00
0.00
1.00
5.00
1.00
0.00
0.00
0.00
0.00
0.00
5.00
2.00
0.00
0.00
0.00
0.00
0.00
0.00
0.00
0.10
20.40
0.00
18.20
0.20
0.00
0.00
0.00
4.20
0.00
0.00
0.00
0.00
0.00
0.00
0.00
0.00
0.00
1.40
6.20
0.00
4.40
2.00
0.00
0.00
0.00
0.00
0.00
0.00
0.00
6.70
0.10
0.00
26.90
0.10
56.10
0.30
23.20
0.00
71.90
0.00
18.90
0.10
11.70
12.20
0.00
5.50
0.00
38.00
0.00
0.50
1.90
0.00
0.00
0.00
0.00
4.70
0.00
0.00
0.00
0.00
0.10
0.40
0.00
3.00
0.50
0.50
2.70
74.30
27.70
0.00
0.00
0.00
0.00
0.00
0.00
0.00
0.00
16.20
1.70
20.70
0.10
24.50
53.80
3.70
3.70
0.00
48.00
48.00
109.20
1.60
0.00
12.90
26.40
0.00
8.20
3.60
12.90
57.70
0.50
0.10
1.00
0.00
0.00
0.00
0.00
0.00
0.00
0.60
0.20
7.50
20.70
0.00
57.30
0.10
4.60
0.20
23.20
0.90
0.00
0.10
16.40
41.20
12.20
3.10
0.20
35.30
3.30
0.20
0.30
11.60
9.00
12.40
27.50
51.20
152.90
152.90
43.90
43.90
55.20
1.60
1.60
2.10
1.30
1.60
1.60
1.60
2.30
9.70
42.10
29.00
4.80
34.20
5.80
2.70
4.90
3.50
3.00
4.30
4.60
3.70
5.10
7.90
4.30
3.80
13.90
9.10
0.70
0.90
38.60
9.50
9.90
3.90
17.50
2.20
0.80
1.50
0.90
1.70
36.50
10.20
2.90
1.30
1.10
1.00
2.10
5.90
3.30
7.90
11.60
9.90
6.70
2.60
0.10
0.20
12.50
0.50
7.00
16.90
3.20
8.80
26.00
2.80
5.10
27.20
20.70
0.10
1.20
1.10
7.00
1.30
5.20
12.10
60.20
2.40
1.00
22.90
19.10
62.90
62.90
0.00
1.90
0.50
5.60
0.70
5.40
60.60
16.40
0.00
0.00
0.00
0.00
0.00
0.10
0.00
0.00
0.10
0.50
0.30
4.40
1.10
0.30
0.20
15.80
125.60
