20160101
0.00
0.00
0.00
0.00
0.00
0.00
0.00
0.00
22.00
0.00
0.00
0.00
0.00
0.00
0.00
0.00
0.00
0.00
0.00
1.00
0.00
0.00
0.00
0.00
0.00
1.00
0.00
0.00
0.00
0.00
0.00
0.00
0.00
0.00
0.00
0.00
0.00
0.00
0.00
1.00
3.00
0.00
0.00
0.00
0.00
0.00
0.00
0.00
0.00
0.00
0.00
25.00
0.00
49.00
146.00
4.00
17.00
0.00
0.00
0.00
0.00
0.00
0.00
39.00
0.00
4.00
0.00
0.00
32.00
68.00
12.00
0.00
0.00
0.00
0.00
0.00
0.00
0.00
28.00
77.00
53.00
0.00
1.00
0.00
0.00
0.00
0.00
589.00
22.00
201.00
221.00
0.00
0.00
218.00
43.00
228.00
87.00
47.00
83.00
2.00
0.00
47.00
47.00
78.00
253.00
218.00
295.00
96.00
404.00
241.00
26.00
65.00
92.00
884.00
480.00
22.00
168.00
138.00
154.00
0.00
73.00
42.00
14.00
0.00
18.00
0.00
30.00
0.00
0.00
0.00
1.00
8.00
136.00
182.00
196.00
107.00
716.00
748.00
128.00
38.00
62.00
645.00
0.00
1.00
58.00
38.00
1.00
0.00
8.00
10.00
6.00
10.00
0.00
0.00
0.00
9.00
38.00
157.00
182.00
67.00
130.00
78.00
6.00
4.00
1.00
0.00
2.00
12.00
52.00
50.00
4.00
25.00
55.00
13.00
72.00
8.00
40.00
23.00
1.00
6.00
234.00
280.00
356.00
218.00
177.00
14.00
9.00
35.00
2.00
9.00
23.00
51.00
63.00
46.00
11.00
57.00
188.00
106.00
0.00
5.00
51.00
12.00
7.00
52.00
32.00
64.00
202.00
1.00
166.00
60.00
79.00
17.00
101.00
15.00
8.00
0.00
7.00
22.00
56.00
32.00
9.00
10.00
49.00
41.00
17.00
24.00
70.00
12.00
56.00
9.00
0.00
0.00
250.00
43.00
0.00
71.00
0.00
252.00
0.00
97.00
7.00
21.00
38.00
598.00
33.00
8.00
2.00
2.00
8.00
7.00
22.00
1.00
5.00
9.00
3.00
29.00
3.00
0.00
0.00
0.00
85.00
101.00
70.00
117.00
236.00
97.00
81.00
56.00
542.00
0.00
30.00
251.00
0.00
40.00
19.00
0.00
0.00
0.00
0.00
31.00
43.00
18.00
442.00
122.00
4.00
154.00
0.00
0.00
0.00
0.00
0.00
0.00
0.00
0.00
0.00
0.00
0.00
0.00
2.00
0.00
55.00
227.00
41.00
6.00
0.00
0.00
0.00
92.00
167.00
199.00
61.00
0.00
0.00
0.00
0.00
0.00
0.00
0.00
0.00
0.00
0.00
0.00
0.00
0.00
0.00
0.00
0.00
0.00
0.00
0.00
0.00
0.00
0.00
0.00
0.00
4.00
0.00
0.00
0.00
0.00
0.00
0.00
0.00
0.00
0.00
0.00
0.00
0.00
0.00
0.00
0.00
0.00
0.00
0.00
0.00
0.00
0.00
0.00
0.00
0.00
25.00
0.00
0.00
0.00
0.00
0.00
0.00
0.00
1.00
5.00
0.00
0.00
0.00
0.00
0.00
0.00
0.00
0.00
0.00
0.00
0.00
0.00
0.00
0.00
0.00
0.00
0.00
0.00
0.00
0.00
0.00
0.00
1.00
0.00
0.00
0.00
0.00
0.00
0.00
0.00
0.00
0.00
0.00
0.00
0.00
0.00
0.00
0.00
0.00
0.00
0.00
0.00
0.00
0.00
1.00
0.00
29.00
240.00
127.00
1.00
0.00
0.00
0.00
0.00
0.00
0.00
0.00
0.00
21.00
103.00
0.00
0.00
74.00
0.00
211.00
84.00
0.00
2.00
0.00
0.00
0.00
0.00
184.00
4.00
111.00
0.00
0.00
0.00
0.00
19.00
0.00
0.00
12.00
491.00
279.00
353.00
866.00
421.00
416.00
222.00
9.00
0.00
15.00
19.00
109.00
0.00
0.00
0.00
0.00
0.00
71.00
9.00
0.00
16.00
187.00
19.00
69.00
13.00
2.00
9.00
473.00
60.00
26.00
110.00
15.00
120.00
120.00
0.00
0.00
7.00
93.00
71.00
7.00
0.00
29.00
0.00
0.00
0.00
0.00
55.00
117.00
0.00
9.00
32.00
88.00
10.00
18.00
0.00
0.00
146.00
15.00
27.00
226.00
71.00
62.00
482.00
12.00
75.00
47.00
197.00
15.00
0.00
0.00
4.00
173.00
231.00
77.00
318.00
119.00
25.00
0.00
52.00
50.00
107.00
93.00
40.00
0.00
47.00
125.00
26.00
15.00
7.00
34.00
53.00
128.00
105.00
405.00
125.00
22.00
95.00
55.00
76.00
12.00
144.00
134.00
64.00
40.00
82.00
35.00
1.00
159.00
73.00
2.00
7.00
97.00
40.00
222.00
0.00
32.00
23.00
3.00
24.00
15.00
3.00
116.00
11.00
0.00
15.00
1.00
29.00
155.00
25.00
5.00
80.00
22.00
1.00
1.00
13.00
102.00
77.00
22.00
32.00
81.00
16.00
3.00
14.00
1.00
0.00
58.00
43.00
1.00
14.00
103.00
210.00
32.00
15.00
109.00
49.00
24.00
45.00
51.00
21.00
0.00
3.00
7.00
0.00
12.00
81.00
31.00
72.00
25.00
86.00
88.00
6.00
9.00
502.00
106.00
165.00
279.00
0.00
2.00
0.00
8.00
1.00
63.00
27.00
72.00
222.00
120.00
6.00
0.00
14.00
0.00
9.00
16.00
0.00
48.00
26.00
13.00
30.00
17.00
58.00
0.00
0.00
0.00
0.00
20.00
109.00
163.00
865.00
0.00
0.00
0.00
0.00
0.00
0.00
2.00
1273.00
509.00
0.00
0.00
0.00
0.00
0.00
0.00
0.00
0.00
0.00
0.00
0.00
0.00
49.00
0.00
0.00
58.00
4.00
1.00
2.00
0.00
0.00
0.00
0.00
0.00
0.00
0.00
0.00
0.00
0.00
0.00
0.00
0.00
0.00
0.00
0.00
0.00
0.00
0.00
176.00
778.00
161.00
0.00
0.00
0.00
0.00
0.00
0.00
0.00
0.00
92.00
0.00
0.00
0.00
0.00
0.00
0.00
0.00
0.00
0.00
0.00
0.00
0.00
51.00
24.00
0.00
0.00
0.00
0.00
0.00
0.00
0.00
0.00
0.00
0.00
0.00
0.00
0.00
0.00
0.00
0.00
0.00
0.00
0.00
0.00
0.00
0.00
0.00
0.00
0.00
0.00
0.00
0.00
0.00
0.00
0.00
0.00
0.00
0.00
0.00
0.00
0.00
25.00
2.00
0.00
0.00
0.00
0.00
0.00
0.00
0.00
0.00
0.00
2.00
0.00
0.00
0.00
0.00
2.00
795.00
0.00
0.00
0.00
0.00
68.00
0.00
0.00
0.00
0.00
0.00
0.00
0.00
0.00
81.00
1347.00
0.00
467.00
114.00
240.00
65.00
0.00
0.00
0.00
0.00
0.00
0.00
0.00
190.00
11.00
0.00
71.00
321.00
0.00
9.00
40.00
0.00
68.00
0.00
0.00
1.00
33.00
14.00
205.00
295.00
67.00
0.00
124.00
0.00
0.00
25.00
13.00
6.00
53.00
162.00
48.00
0.00
0.00
14.00
0.00
0.00
253.00
31.00
110.00
5.00
240.00
10.00
254.00
492.00
319.00
228.00
87.00
474.00
491.00
73.00
86.00
94.00
0.00
10.00
0.00
0.00
0.00
55.00
0.00
0.00
0.00
26.00
96.00
12.00
0.00
50.00
3.00
147.00
13.00
6.00
10.00
25.00
61.00
74.00
31.00
32.00
3.00
0.00
32.00
37.00
279.00
647.00
43.00
190.00
49.00
0.00
0.00
0.00
0.00
1.00
31.00
27.00
74.00
3.00
47.00
60.00
16.00
15.00
50.00
12.00
10.00
0.00
2.00
0.00
1.00
9.00
44.00
76.00
16.00
188.00
39.00
5.00
17.00
4.00
15.00
1.00
0.00
5.00
0.00
7.00
63.00
93.00
41.00
136.00
226.00
33.00
38.00
44.00
145.00
134.00
32.00
216.00
16.00
65.00
170.00
118.00
140.00
1.00
45.00
178.00
35.00
87.00
97.00
20.00
1.00
20.00
0.00
9.00
46.00
7.00
25.00
105.00
30.00
213.00
26.00
7.00
1.00
36.00
52.00
11.00
0.00
0.00
84.00
6.00
0.00
98.00
0.00
0.00
0.00
1.00
22.00
25.00
0.00
6.00
5.00
0.00
8.00
2.00
4.00
26.00
3.00
1.00
5.00
0.00
19.00
12.00
0.00
0.00
0.00
0.00
0.00
0.00
0.00
0.00
6.00
0.00
0.00
0.00
0.00
0.00
45.00
40.00
112.00
152.00
71.00
0.00
0.00
0.00
0.00
0.00
0.00
0.00
0.00
0.00
0.00
0.00
0.00
0.00
432.00
214.00
151.00
106.00
47.00
0.00
0.00
0.00
0.00
0.00
0.00
0.00
0.00
0.00
0.00
0.00
0.00
0.00
0.00
0.00
0.00
0.00
0.00
0.00
0.00
0.00
0.00
0.00
0.00
0.00
0.00
0.00
0.00
0.00
0.00
0.00
0.00
0.00
0.00
0.00
0.00
0.00
0.00
0.00
0.00
19.00
0.00
0.00
0.00
0.00
14.00
41.00
76.00
0.00
0.00
0.00
0.00
0.00
0.00
0.00
0.00
0.00
0.00
0.00
0.00
0.00
0.00
0.00
0.00
0.00
0.00
0.00
0.00
0.00
0.00
0.00
0.00
0.00
0.00
0.00
0.00
0.00
0.00
0.00
0.00
0.00
0.00
0.00
0.00
0.00
0.00
0.00
0.00
0.00
2.00
0.00
0.00
0.00
0.00
0.00
0.00
0.00
0.00
0.00
0.00
0.00
0.00
0.00
0.00
1.00
0.00
0.00
0.00
14.00
0.00
0.00
0.00
0.00
0.00
2.50
0.00
28.20
20.70
55.00
27.60
0.00
0.00
0.00
0.10
3.00
0.00
0.00
0.00
0.00
0.00
0.00
0.00
0.00
0.00
0.10
0.00
9.50
0.90
5.50
0.30
0.00
6.10
0.00
0.00
0.00
1.10
7.90
0.00
0.00
0.00
27.80
57.40
77.10
0.00
116.40
6.30
4.30
0.20
37.30
11.80
0.00
0.00
0.40
1.00
0.00
10.70
0.00
24.60
0.00
0.00
3.70
0.00
1.40
0.00
0.00
0.00
0.70
0.20
11.40
19.90
3.70
3.70
0.00
3.90
10.60
0.00
0.80
0.60
0.60
2.40
0.00
2.80
4.40
2.50
7.20
5.40
0.50
5.00
5.90
0.10
0.10
0.10
4.10
4.10
11.20
0.10
0.00
0.00
0.00
0.00
0.00
1.00
0.60
0.00
11.30
4.50
0.00
2.10
7.80
0.00
13.10
0.00
0.00
1.20
0.00
14.60
1.50
0.00
4.10
1.00
7.40
2.60
8.80
3.50
0.20
0.50
1.00
8.90
6.60
2.30
0.00
1.50
0.40
0.00
0.00
0.60
2.60
1.00
5.30
1.80
5.50
5.50
4.20
4.20
3.60
21.40
21.40
0.00
0.10
21.40
21.40
21.40
13.20
1.70
2.20
1.30
17.20
18.60
5.80
0.00
0.50
6.20
3.00
7.60
18.40
2.70
0.00
2.50
0.80
1.80
23.80
0.80
9.00
0.40
5.90
7.80
8.10
17.20
1.00
0.10
0.30
0.10
3.70
4.70
9.60
7.90
0.80
0.10
0.10
0.10
15.40
0.20
0.50
2.30
1.40
2.00
0.40
0.20
5.10
0.30
5.40
1.50
0.40
2.50
10.30
6.90
0.60
0.80
3.30
12.00
0.50
0.00
0.10
0.10
9.90
16.60
11.40
20.10
6.20
11.10
0.90
3.70
13.00
0.60
0.60
7.00
0.00
0.00
3.50
0.50
8.50
6.30
3.10
0.90
0.00
0.00
0.00
0.00
15.80
0.60
0.00
0.00
0.00
0.00
0.50
5.80
0.10
0.00
1.50
1.50
