20160101
0.00
0.00
0.00
0.00
0.00
0.00
0.00
0.00
2.00
0.00
0.00
0.00
1.00
0.00
0.00
0.00
0.00
0.00
0.00
0.00
7.00
0.00
0.00
0.00
0.00
1.00
0.00
0.00
0.00
0.00
0.00
0.00
0.00
0.00
0.00
0.00
0.00
0.00
0.00
0.00
72.00
0.00
0.00
0.00
0.00
0.00
0.00
0.00
0.00
0.00
0.00
0.00
0.00
105.00
366.00
7.00
11.00
7.00
0.00
0.00
0.00
0.00
0.00
64.00
0.00
10.00
0.00
0.00
1.00
0.00
7.00
0.00
0.00
0.00
0.00
18.00
0.00
0.00
33.00
4.00
39.00
0.00
50.00
0.00
0.00
0.00
0.00
576.00
3.00
104.00
680.00
22.00
0.00
141.00
144.00
599.00
61.00
17.00
35.00
1.00
3.00
17.00
0.00
105.00
142.00
76.00
338.00
153.00
10.00
129.00
82.00
194.00
265.00
181.00
112.00
121.00
68.00
37.00
272.00
0.00
43.00
12.00
98.00
3.00
146.00
0.00
3.00
3.00
0.00
1.00
0.00
87.00
196.00
262.00
27.00
29.00
51.00
622.00
267.00
15.00
106.00
1060.00
0.00
25.00
25.00
73.00
2.00
110.00
30.00
69.00
76.00
16.00
1.00
0.00
0.00
157.00
109.00
271.00
102.00
50.00
293.00
64.00
19.00
31.00
28.00
0.00
40.00
4.00
65.00
81.00
40.00
21.00
111.00
33.00
54.00
30.00
50.00
10.00
62.00
6.00
113.00
169.00
308.00
237.00
89.00
3.00
6.00
15.00
3.00
87.00
20.00
74.00
41.00
14.00
2.00
115.00
155.00
136.00
2.00
4.00
6.00
1.00
11.00
55.00
50.00
41.00
243.00
3.00
123.00
47.00
35.00
13.00
156.00
73.00
10.00
0.00
10.00
92.00
72.00
32.00
3.00
35.00
80.00
113.00
39.00
14.00
11.00
6.00
94.00
7.00
2.00
4.00
297.00
4.00
5.00
89.00
0.00
296.00
0.00
25.00
58.00
77.00
135.00
468.00
16.00
3.00
1.00
23.00
79.00
14.00
159.00
0.00
8.00
37.00
6.00
17.00
72.00
1.00
4.00
122.00
159.00
30.00
199.00
146.00
817.00
37.00
125.00
163.00
246.00
1.00
146.00
264.00
0.00
65.00
0.00
0.00
0.00
0.00
10.00
180.00
115.00
239.00
96.00
203.00
14.00
167.00
14.00
0.00
0.00
0.00
0.00
6.00
0.00
0.00
0.00
0.00
0.00
0.00
31.00
8.00
193.00
54.00
191.00
3.00
0.00
0.00
2.00
26.00
162.00
306.00
78.00
0.00
0.00
0.00
0.00
0.00
0.00
0.00
0.00
0.00
1.00
0.00
0.00
0.00
0.00
1.00
2.00
0.00
0.00
0.00
0.00
0.00
0.00
0.00
0.00
9.00
0.00
0.00
0.00
0.00
0.00
0.00
0.00
0.00
0.00
0.00
0.00
0.00
0.00
1.00
0.00
0.00
0.00
0.00
0.00
0.00
0.00
0.00
0.00
0.00
0.00
0.00
0.00
0.00
0.00
0.00
0.00
0.00
0.00
0.00
0.00
0.00
0.00
0.00
0.00
0.00
0.00
0.00
0.00
0.00
0.00
0.00
0.00
0.00
0.00
0.00
0.00
0.00
0.00
0.00
0.00
0.00
0.00
0.00
0.00
0.00
0.00
0.00
0.00
0.00
0.00
0.00
0.00
0.00
0.00
0.00
0.00
0.00
0.00
0.00
0.00
0.00
0.00
0.00
0.00
0.00
0.00
21.00
1.00
0.00
0.00
0.00
0.00
0.00
0.00
0.00
0.00
0.00
0.00
60.00
19.00
0.00
103.00
0.00
51.00
63.00
0.00
0.00
0.00
0.00
0.00
0.00
81.00
2.00
111.00
0.00
0.00
0.00
0.00
27.00
0.00
4.00
4.00
382.00
587.00
920.00
224.00
217.00
172.00
533.00
17.00
0.00
0.00
0.00
4.00
0.00
0.00
0.00
0.00
0.00
77.00
6.00
9.00
0.00
270.00
88.00
139.00
175.00
13.00
108.00
186.00
4.00
20.00
44.00
2.00
43.00
112.00
0.00
0.00
18.00
80.00
55.00
0.00
0.00
154.00
0.00
0.00
0.00
62.00
135.00
239.00
38.00
2.00
1.00
101.00
15.00
61.00
4.00
0.00
14.00
0.00
78.00
27.00
70.00
138.00
419.00
10.00
74.00
186.00
155.00
5.00
0.00
0.00
25.00
136.00
434.00
124.00
332.00
86.00
30.00
16.00
90.00
9.00
65.00
25.00
50.00
121.00
107.00
60.00
14.00
4.00
225.00
108.00
24.00
147.00
67.00
330.00
56.00
15.00
38.00
39.00
2.00
27.00
160.00
163.00
68.00
51.00
135.00
101.00
84.00
179.00
16.00
10.00
129.00
91.00
135.00
587.00
25.00
44.00
117.00
69.00
18.00
33.00
19.00
86.00
11.00
24.00
1.00
5.00
107.00
269.00
24.00
42.00
38.00
9.00
0.00
1.00
4.00
145.00
163.00
10.00
5.00
90.00
24.00
5.00
15.00
16.00
28.00
54.00
1.00
3.00
15.00
65.00
291.00
44.00
20.00
58.00
18.00
21.00
13.00
17.00
9.00
2.00
3.00
15.00
0.00
34.00
45.00
15.00
0.00
111.00
33.00
9.00
0.00
18.00
362.00
112.00
156.00
156.00
14.00
0.00
2.00
0.00
0.00
65.00
160.00
32.00
1.00
207.00
50.00
144.00
22.00
0.00
3.00
92.00
27.00
75.00
92.00
102.00
30.00
437.00
135.00
0.00
0.00
0.00
6.00
28.00
191.00
103.00
548.00
0.00
0.00
0.00
0.00
0.00
0.00
3.00
852.00
548.00
0.00
0.00
0.00
0.00
0.00
0.00
0.00
0.00
17.00
0.00
0.00
0.00
87.00
8.00
6.00
60.00
35.00
20.00
5.00
0.00
0.00
0.00
0.00
0.00
0.00
0.00
0.00
0.00
0.00
0.00
0.00
0.00
0.00
0.00
0.00
0.00
0.00
4.00
246.00
195.00
164.00
1.00
0.00
0.00
0.00
0.00
0.00
0.00
0.00
5.00
0.00
0.00
0.00
0.00
0.00
1.00
0.00
0.00
0.00
0.00
0.00
60.00
156.00
142.00
0.00
0.00
0.00
0.00
0.00
0.00
0.00
0.00
0.00
0.00
0.00
0.00
0.00
0.00
0.00
0.00
0.00
0.00
0.00
0.00
0.00
0.00
0.00
0.00
0.00
0.00
0.00
0.00
0.00
0.00
0.00
0.00
0.00
0.00
0.00
4.00
25.00
43.00
12.00
23.00
0.00
0.00
0.00
0.00
0.00
0.00
0.00
0.00
0.00
0.00
0.00
0.00
1.00
0.00
337.00
0.00
0.00
0.00
0.00
45.00
0.00
0.00
0.00
0.00
0.00
0.00
0.00
0.00
110.00
743.00
0.00
86.00
74.00
54.00
14.00
0.00
0.00
0.00
0.00
0.00
0.00
0.00
226.00
19.00
0.00
90.00
223.00
0.00
0.00
29.00
3.00
1.00
9.00
5.00
0.00
101.00
0.00
21.00
173.00
112.00
4.00
105.00
6.00
0.00
157.00
26.00
9.00
27.00
144.00
26.00
0.00
4.00
65.00
3.00
4.00
27.00
38.00
107.00
13.00
121.00
16.00
109.00
287.00
449.00
324.00
276.00
544.00
336.00
142.00
0.00
138.00
0.00
48.00
0.00
0.00
0.00
8.00
0.00
2.00
1.00
10.00
177.00
0.00
54.00
2.00
0.00
117.00
5.00
32.00
3.00
158.00
176.00
100.00
180.00
0.00
0.00
7.00
18.00
67.00
441.00
425.00
12.00
88.00
20.00
62.00
39.00
0.00
1.00
2.00
216.00
38.00
89.00
3.00
2.00
30.00
11.00
64.00
8.00
18.00
0.00
1.00
10.00
0.00
6.00
8.00
82.00
89.00
35.00
70.00
54.00
19.00
52.00
18.00
22.00
5.00
4.00
3.00
2.00
1.00
119.00
56.00
81.00
69.00
137.00
63.00
28.00
42.00
113.00
148.00
19.00
147.00
10.00
46.00
15.00
52.00
159.00
17.00
4.00
16.00
22.00
64.00
129.00
5.00
106.00
36.00
11.00
10.00
15.00
29.00
95.00
214.00
44.00
167.00
19.00
5.00
4.00
34.00
144.00
45.00
1.00
6.00
80.00
19.00
1.00
11.00
7.00
0.00
0.00
4.00
39.00
20.00
3.00
3.00
0.00
2.00
38.00
23.00
0.00
6.00
21.00
22.00
8.00
0.00
12.00
22.00
2.00
0.00
25.00
5.00
9.00
0.00
4.00
0.00
3.00
9.00
6.00
2.00
0.00
47.00
68.00
134.00
305.00
174.00
19.00
20.00
0.00
0.00
0.00
0.00
0.00
0.00
0.00
0.00
0.00
0.00
0.00
0.00
376.00
132.00
226.00
166.00
70.00
0.00
0.00
0.00
0.00
0.00
0.00
0.00
0.00
0.00
0.00
0.00
0.00
0.00
1.00
0.00
0.00
0.00
0.00
0.00
0.00
0.00
0.00
0.00
0.00
0.00
0.00
0.00
0.00
0.00
0.00
0.00
0.00
0.00
0.00
0.00
10.00
0.00
0.00
0.00
0.00
7.00
0.00
0.00
16.00
12.00
9.00
14.00
2.00
0.00
0.00
0.00
0.00
0.00
0.00
0.00
0.00
0.00
0.00
0.00
0.00
0.00
0.00
0.00
0.00
0.00
0.00
0.00
0.00
0.00
0.00
0.00
0.00
0.00
0.00
0.00
0.00
0.00
0.00
0.00
0.00
0.00
0.00
0.00
0.00
0.00
0.00
0.00
0.00
1.00
15.00
0.00
0.00
0.00
0.00
0.00
0.00
0.00
0.00
0.00
0.00
0.00
0.00
0.00
0.00
0.00
0.00
0.00
3.00
8.00
0.00
0.00
0.00
0.00
0.00
0.10
0.00
61.10
38.40
87.00
58.00
0.00
0.00
0.00
0.00
25.30
0.40
0.00
0.00
0.00
0.00
0.00
0.00
0.00
0.00
0.00
0.00
21.60
6.30
0.60
0.20
0.00
10.20
0.00
0.00
0.00
0.00
7.40
0.00
0.70
0.00
35.80
6.30
112.70
1.10
35.50
1.80
6.20
1.30
42.60
20.80
0.60
0.00
0.20
0.00
0.00
14.90
0.00
9.80
0.00
0.00
3.90
0.00
1.50
0.00
0.00
0.00
0.00
0.00
16.50
9.30
0.50
0.50
0.00
18.20
8.10
0.00
0.50
0.00
0.00
0.00
0.00
0.80
0.00
2.30
2.70
1.50
0.00
6.40
4.00
0.80
0.80
7.10
0.80
0.80
37.90
2.80
1.30
0.00
4.00
0.00
0.00
6.40
2.70
0.00
2.00
11.00
2.40
12.60
10.60
3.70
21.70
4.80
1.50
2.10
0.90
32.90
2.30
0.10
4.00
5.20
11.00
12.70
19.30
9.90
2.00
0.00
2.80
5.50
3.00
0.70
0.00
0.40
2.00
0.00
0.00
0.00
6.10
17.00
6.60
3.10
0.70
0.70
4.20
4.20
4.50
4.30
4.30
0.00
0.30
4.30
4.30
4.30
5.10
5.60
2.20
7.30
22.20
39.80
13.70
0.80
2.30
7.10
4.00
14.00
16.60
11.60
0.50
10.80
11.20
1.90
11.60
1.50
0.40
1.20
8.90
21.70
5.70
3.30
1.50
3.60
0.10
2.90
8.10
6.10
13.20
7.80
10.00
2.80
0.00
0.70
19.00
0.20
2.60
2.40
3.80
2.80
1.10
0.30
11.20
0.50
5.30
2.20
1.70
6.70
20.20
29.70
1.50
1.50
12.20
13.10
2.30
0.90
12.20
4.40
28.10
26.10
37.60
42.60
13.90
1.00
0.90
18.00
16.10
9.20
9.20
2.80
0.20
0.10
1.10
6.60
25.60
6.50
7.60
12.30
0.20
0.20
0.00
0.00
23.10
3.00
0.20
0.00
0.10
1.80
5.70
23.00
1.30
0.20
1.80
0.70
