20160101
0.00
0.00
0.00
0.00
0.00
0.00
0.00
0.00
34.00
0.00
0.00
0.00
6.00
0.00
0.00
0.00
0.00
0.00
2.00
51.00
0.00
0.00
0.00
0.00
0.00
19.00
0.00
0.00
0.00
0.00
0.00
0.00
0.00
0.00
0.00
0.00
0.00
0.00
1.00
0.00
0.00
11.00
0.00
0.00
0.00
0.00
0.00
0.00
0.00
0.00
1.00
2.00
0.00
0.00
141.00
16.00
26.00
0.00
0.00
0.00
0.00
0.00
0.00
58.00
0.00
13.00
0.00
0.00
0.00
0.00
21.00
0.00
1.00
0.00
7.00
0.00
0.00
0.00
7.00
14.00
45.00
0.00
0.00
0.00
0.00
0.00
0.00
1075.00
32.00
82.00
226.00
9.00
0.00
296.00
399.00
914.00
163.00
117.00
309.00
103.00
1.00
112.00
0.00
37.00
236.00
174.00
703.00
1464.00
305.00
787.00
139.00
1054.00
715.00
117.00
55.00
108.00
258.00
379.00
58.00
5.00
380.00
56.00
166.00
35.00
304.00
139.00
126.00
14.00
2.00
0.00
3.00
42.00
128.00
97.00
275.00
174.00
283.00
1652.00
709.00
79.00
43.00
812.00
0.00
0.00
42.00
75.00
40.00
63.00
15.00
9.00
74.00
229.00
1.00
0.00
0.00
0.00
136.00
129.00
906.00
13.00
352.00
344.00
6.00
1.00
23.00
54.00
25.00
91.00
574.00
64.00
8.00
5.00
909.00
303.00
122.00
11.00
30.00
42.00
97.00
31.00
184.00
42.00
168.00
312.00
146.00
67.00
1.00
50.00
0.00
96.00
287.00
13.00
55.00
81.00
20.00
11.00
391.00
84.00
0.00
5.00
9.00
10.00
41.00
41.00
178.00
126.00
133.00
8.00
0.00
121.00
105.00
166.00
18.00
8.00
0.00
0.00
142.00
332.00
17.00
206.00
87.00
74.00
87.00
113.00
99.00
166.00
39.00
56.00
6.00
51.00
0.00
0.00
279.00
80.00
0.00
6.00
0.00
255.00
25.00
463.00
89.00
129.00
908.00
375.00
144.00
5.00
398.00
90.00
418.00
357.00
234.00
13.00
11.00
22.00
159.00
184.00
605.00
112.00
0.00
7.00
77.00
203.00
22.00
171.00
962.00
136.00
7.00
154.00
557.00
5.00
0.00
977.00
100.00
111.00
77.00
2.00
0.00
0.00
0.00
60.00
80.00
333.00
196.00
150.00
1.00
119.00
0.00
0.00
0.00
0.00
0.00
0.00
0.00
0.00
0.00
0.00
0.00
2.00
0.00
5.00
145.00
11.00
5.00
0.00
0.00
0.00
0.00
15.00
181.00
410.00
424.00
2.00
0.00
0.00
0.00
0.00
0.00
0.00
0.00
0.00
0.00
0.00
0.00
0.00
0.00
0.00
0.00
0.00
0.00
0.00
0.00
0.00
0.00
0.00
0.00
6.00
0.00
0.00
0.00
0.00
0.00
0.00
0.00
0.00
0.00
0.00
0.00
0.00
0.00
0.00
0.00
0.00
0.00
0.00
0.00
0.00
0.00
0.00
0.00
0.00
0.00
0.00
0.00
0.00
0.00
0.00
0.00
0.00
0.00
0.00
0.00
0.00
0.00
0.00
0.00
0.00
0.00
0.00
0.00
0.00
0.00
0.00
0.00
0.00
0.00
0.00
0.00
0.00
0.00
0.00
0.00
0.00
3.00
0.00
0.00
0.00
0.00
0.00
0.00
0.00
0.00
0.00
0.00
0.00
0.00
0.00
0.00
0.00
0.00
0.00
0.00
0.00
0.00
0.00
0.00
0.00
239.00
131.00
4.00
0.00
0.00
0.00
0.00
0.00
0.00
0.00
0.00
0.00
16.00
148.00
0.00
0.00
86.00
0.00
404.00
48.00
0.00
0.00
0.00
0.00
0.00
69.00
97.00
0.00
133.00
0.00
0.00
0.00
0.00
107.00
0.00
49.00
62.00
705.00
416.00
1153.00
426.00
797.00
439.00
407.00
77.00
1.00
20.00
87.00
234.00
6.00
0.00
0.00
0.00
0.00
246.00
11.00
0.00
4.00
416.00
537.00
156.00
54.00
95.00
49.00
658.00
157.00
14.00
136.00
58.00
144.00
138.00
0.00
0.00
48.00
661.00
188.00
0.00
6.00
254.00
0.00
0.00
0.00
38.00
344.00
290.00
12.00
2.00
215.00
159.00
79.00
340.00
84.00
0.00
298.00
59.00
190.00
11.00
26.00
195.00
503.00
181.00
1085.00
152.00
757.00
158.00
0.00
0.00
10.00
121.00
28.00
619.00
329.00
307.00
55.00
140.00
21.00
94.00
590.00
1068.00
857.00
0.00
14.00
32.00
639.00
449.00
441.00
188.00
179.00
312.00
53.00
244.00
202.00
34.00
97.00
67.00
180.00
63.00
112.00
65.00
126.00
41.00
53.00
590.00
215.00
55.00
518.00
8.00
14.00
59.00
344.00
105.00
50.00
124.00
233.00
48.00
61.00
113.00
19.00
87.00
23.00
123.00
97.00
312.00
38.00
133.00
22.00
386.00
128.00
74.00
30.00
9.00
92.00
697.00
260.00
47.00
68.00
298.00
32.00
64.00
9.00
328.00
4.00
206.00
80.00
87.00
266.00
165.00
153.00
14.00
67.00
87.00
370.00
131.00
65.00
27.00
249.00
54.00
0.00
9.00
5.00
228.00
310.00
470.00
4.00
13.00
39.00
649.00
3.00
1.00
164.00
12.00
139.00
120.00
29.00
0.00
1.00
0.00
0.00
43.00
126.00
194.00
65.00
282.00
150.00
9.00
0.00
0.00
221.00
166.00
395.00
267.00
9.00
0.00
0.00
252.00
69.00
30.00
47.00
0.00
26.00
63.00
235.00
560.00
1497.00
0.00
0.00
0.00
0.00
0.00
0.00
5.00
302.00
481.00
0.00
0.00
0.00
0.00
0.00
4.00
1.00
0.00
0.00
0.00
0.00
0.00
28.00
0.00
2.00
175.00
23.00
2.00
0.00
0.00
0.00
0.00
0.00
0.00
0.00
0.00
0.00
0.00
0.00
0.00
0.00
0.00
0.00
0.00
0.00
0.00
0.00
0.00
110.00
637.00
428.00
0.00
0.00
0.00
0.00
0.00
0.00
0.00
0.00
69.00
1.00
0.00
0.00
0.00
0.00
0.00
0.00
0.00
0.00
0.00
0.00
39.00
185.00
32.00
0.00
0.00
0.00
0.00
0.00
0.00
0.00
0.00
0.00
0.00
0.00
0.00
0.00
0.00
0.00
0.00
0.00
0.00
0.00
0.00
0.00
0.00
0.00
0.00
0.00
0.00
0.00
0.00
0.00
0.00
0.00
0.00
0.00
0.00
0.00
27.00
13.00
66.00
13.00
0.00
0.00
6.00
0.00
0.00
0.00
0.00
0.00
0.00
2.00
0.00
0.00
93.00
0.00
178.00
391.00
0.00
0.00
0.00
0.00
48.00
0.00
0.00
0.00
0.00
0.00
0.00
0.00
0.00
6.00
201.00
0.00
86.00
88.00
237.00
4.00
0.00
0.00
0.00
0.00
0.00
0.00
45.00
242.00
1.00
182.00
621.00
367.00
48.00
4.00
12.00
0.00
0.00
0.00
8.00
11.00
0.00
135.00
122.00
152.00
49.00
0.00
171.00
0.00
0.00
113.00
29.00
13.00
97.00
150.00
27.00
0.00
14.00
65.00
12.00
1.00
115.00
31.00
438.00
1.00
321.00
9.00
231.00
268.00
632.00
519.00
390.00
541.00
758.00
155.00
0.00
0.00
7.00
168.00
10.00
0.00
111.00
48.00
25.00
0.00
21.00
57.00
263.00
535.00
183.00
37.00
117.00
7.00
180.00
97.00
38.00
31.00
128.00
146.00
235.00
218.00
22.00
7.00
15.00
32.00
265.00
425.00
198.00
1102.00
366.00
6.00
4.00
74.00
39.00
13.00
195.00
20.00
17.00
154.00
60.00
80.00
144.00
20.00
143.00
48.00
3.00
9.00
46.00
9.00
0.00
29.00
227.00
40.00
6.00
127.00
36.00
54.00
43.00
125.00
14.00
129.00
20.00
9.00
0.00
24.00
88.00
128.00
196.00
155.00
140.00
52.00
32.00
191.00
258.00
145.00
362.00
119.00
4.00
15.00
59.00
196.00
19.00
15.00
284.00
166.00
137.00
338.00
97.00
282.00
39.00
346.00
58.00
6.00
0.00
0.00
56.00
69.00
10.00
356.00
87.00
233.00
186.00
62.00
53.00
6.00
31.00
118.00
137.00
12.00
301.00
101.00
0.00
0.00
0.00
3.00
108.00
59.00
55.00
64.00
60.00
0.00
9.00
6.00
5.00
250.00
58.00
0.00
68.00
0.00
77.00
5.00
509.00
115.00
64.00
0.00
0.00
0.00
4.00
0.00
0.00
0.00
0.00
0.00
0.00
0.00
0.00
81.00
79.00
333.00
92.00
0.00
0.00
1.00
0.00
1.00
0.00
0.00
0.00
0.00
0.00
0.00
0.00
0.00
581.00
371.00
100.00
73.00
1.00
0.00
0.00
0.00
7.00
40.00
0.00
0.00
0.00
0.00
0.00
0.00
0.00
0.00
0.00
0.00
0.00
0.00
0.00
0.00
0.00
0.00
0.00
0.00
0.00
0.00
0.00
0.00
0.00
0.00
0.00
0.00
0.00
0.00
0.00
7.00
0.00
0.00
0.00
0.00
0.00
0.00
0.00
0.00
0.00
0.00
1.00
52.00
69.00
0.00
0.00
0.00
0.00
0.00
0.00
0.00
0.00
0.00
0.00
0.00
0.00
0.00
0.00
0.00
0.00
0.00
0.00
0.00
0.00
0.00
0.00
0.00
0.00
0.00
0.00
0.00
0.00
0.00
0.00
0.00
0.00
0.00
0.00
0.00
0.00
0.00
0.00
0.00
0.00
0.00
0.00
0.00
0.00
0.00
0.00
0.00
0.00
0.00
0.00
0.00
0.00
5.00
0.00
0.00
0.00
0.00
0.00
0.00
0.00
8.00
0.00
0.00
0.00
0.00
0.00
0.00
0.00
61.40
10.20
34.30
12.60
0.00
0.00
0.00
1.00
5.50
0.00
0.00
0.00
0.00
0.00
0.00
0.00
0.00
0.00
0.20
0.60
7.00
0.40
0.10
0.00
0.00
16.50
0.00
0.00
0.00
2.50
9.80
0.00
0.00
0.00
89.20
25.70
80.40
0.00
50.40
22.90
27.50
0.70
18.00
14.20
0.00
0.00
2.60
0.00
0.00
29.50
45.20
3.00
0.00
0.00
16.20
0.00
0.20
0.00
0.00
0.00
0.00
45.60
22.20
22.70
3.30
3.30
5.70
20.90
54.80
0.00
0.60
2.50
20.90
12.20
0.00
10.70
4.80
10.00
0.50
21.40
21.10
46.40
6.60
0.00
0.00
16.40
36.70
36.70
53.10
0.10
13.70
3.90
0.10
0.00
3.30
28.00
6.00
0.20
1.00
20.40
0.00
61.10
7.40
14.50
2.40
6.30
0.00
0.00
18.10
46.50
32.00
7.60
2.20
13.80
19.20
27.60
12.60
5.30
0.00
7.50
91.40
84.40
15.30
44.10
0.20
3.30
33.00
47.40
12.30
16.40
20.00
15.80
8.00
9.70
14.50
14.50
52.50
52.50
15.00
2.90
2.90
0.40
0.90
2.90
2.90
2.90
17.00
21.10
42.10
11.10
62.80
27.10
6.40
11.40
2.50
29.60
5.70
10.90
49.60
16.40
2.50
5.00
1.50
36.20
3.50
0.00
2.30
0.00
2.90
20.30
6.20
19.70
9.20
4.10
9.30
0.00
1.90
11.10
111.40
25.80
14.40
2.50
0.10
19.10
3.60
0.00
6.30
9.80
0.80
0.80
1.40
48.10
29.90
48.70
13.10
6.60
1.10
10.50
7.90
9.30
8.50
3.40
0.80
22.80
0.40
0.00
0.00
0.00
3.10
41.50
20.90
16.30
18.30
0.10
7.80
3.40
12.50
19.90
19.90
10.30
1.40
7.70
0.00
14.60
9.50
7.60
18.50
4.70
0.30
0.00
0.00
0.00
19.10
0.10
0.00
0.00
0.00
0.00
4.30
7.20
6.10
0.30
0.30
1.30
