20160101
0.00
0.00
0.00
0.00
0.00
0.00
0.00
0.00
41.00
0.00
0.00
0.00
0.00
0.00
0.00
0.00
0.00
1.00
2.00
31.00
0.00
0.00
0.00
0.00
0.00
0.00
0.00
0.00
0.00
0.00
0.00
0.00
0.00
0.00
0.00
0.00
0.00
0.00
0.00
0.00
0.00
0.00
0.00
0.00
0.00
0.00
0.00
0.00
0.00
0.00
5.00
50.00
4.00
39.00
239.00
0.00
22.00
0.00
0.00
0.00
0.00
0.00
0.00
175.00
0.00
12.00
0.00
0.00
0.00
0.00
56.00
0.00
0.00
0.00
9.00
0.00
0.00
0.00
12.00
1.00
49.00
0.00
0.00
0.00
0.00
0.00
0.00
779.00
21.00
23.00
495.00
18.00
0.00
781.00
368.00
911.00
290.00
0.00
183.00
6.00
13.00
0.00
0.00
45.00
60.00
194.00
634.00
1461.00
10.00
613.00
155.00
978.00
479.00
39.00
22.00
395.00
340.00
142.00
8.00
0.00
373.00
76.00
117.00
120.00
173.00
39.00
68.00
24.00
3.00
1.00
36.00
59.00
271.00
45.00
520.00
126.00
47.00
1240.00
157.00
63.00
91.00
804.00
1.00
0.00
7.00
307.00
86.00
27.00
46.00
60.00
151.00
146.00
0.00
0.00
19.00
11.00
0.00
4.00
215.00
13.00
55.00
104.00
26.00
31.00
223.00
39.00
37.00
198.00
694.00
50.00
31.00
5.00
61.00
371.00
231.00
20.00
8.00
57.00
117.00
4.00
149.00
50.00
155.00
385.00
100.00
40.00
6.00
45.00
13.00
107.00
275.00
22.00
61.00
31.00
2.00
42.00
400.00
38.00
1.00
14.00
71.00
30.00
16.00
77.00
130.00
99.00
141.00
22.00
3.00
78.00
225.00
187.00
18.00
7.00
8.00
17.00
237.00
193.00
55.00
121.00
152.00
191.00
45.00
23.00
33.00
22.00
190.00
881.00
7.00
530.00
165.00
0.00
392.00
33.00
0.00
3.00
0.00
323.00
52.00
258.00
88.00
254.00
461.00
258.00
47.00
12.00
349.00
94.00
273.00
107.00
58.00
40.00
46.00
20.00
65.00
455.00
597.00
276.00
0.00
45.00
14.00
83.00
64.00
116.00
955.00
134.00
147.00
95.00
196.00
2.00
0.00
276.00
2.00
9.00
2.00
0.00
0.00
38.00
8.00
1.00
56.00
31.00
94.00
41.00
46.00
45.00
20.00
0.00
0.00
0.00
0.00
0.00
0.00
0.00
0.00
0.00
0.00
0.00
0.00
2.00
45.00
9.00
6.00
0.00
0.00
0.00
0.00
15.00
154.00
388.00
541.00
0.00
0.00
0.00
0.00
0.00
0.00
0.00
0.00
0.00
0.00
0.00
0.00
0.00
0.00
0.00
0.00
0.00
0.00
0.00
0.00
0.00
0.00
0.00
0.00
0.00
0.00
0.00
0.00
0.00
0.00
0.00
0.00
0.00
0.00
0.00
0.00
0.00
0.00
0.00
0.00
0.00
0.00
0.00
0.00
0.00
0.00
0.00
0.00
0.00
0.00
0.00
0.00
0.00
0.00
0.00
0.00
0.00
0.00
0.00
0.00
0.00
0.00
0.00
0.00
0.00
0.00
0.00
0.00
0.00
0.00
0.00
0.00
0.00
0.00
0.00
0.00
0.00
0.00
0.00
0.00
0.00
4.00
0.00
0.00
0.00
0.00
0.00
0.00
0.00
0.00
0.00
0.00
0.00
0.00
0.00
0.00
0.00
0.00
0.00
0.00
0.00
0.00
0.00
0.00
0.00
0.00
0.00
0.00
0.00
0.00
0.00
0.00
0.00
0.00
0.00
0.00
0.00
2.00
83.00
1.00
0.00
75.00
0.00
628.00
31.00
0.00
0.00
0.00
0.00
0.00
36.00
51.00
2.00
80.00
0.00
0.00
0.00
0.00
148.00
3.00
0.00
106.00
617.00
706.00
1010.00
181.00
292.00
208.00
582.00
381.00
0.00
0.00
0.00
42.00
0.00
0.00
0.00
0.00
0.00
232.00
11.00
0.00
7.00
407.00
712.00
210.00
241.00
15.00
287.00
230.00
0.00
3.00
151.00
6.00
59.00
204.00
0.00
0.00
51.00
185.00
133.00
0.00
0.00
280.00
0.00
15.00
0.00
114.00
442.00
357.00
5.00
42.00
49.00
130.00
81.00
50.00
36.00
0.00
71.00
5.00
62.00
3.00
6.00
170.00
376.00
418.00
1245.00
45.00
615.00
329.00
52.00
1.00
3.00
49.00
9.00
359.00
360.00
502.00
20.00
307.00
1.00
63.00
430.00
650.00
1159.00
1.00
27.00
58.00
352.00
457.00
572.00
254.00
177.00
517.00
57.00
120.00
305.00
17.00
54.00
53.00
173.00
54.00
172.00
21.00
127.00
21.00
71.00
503.00
274.00
21.00
320.00
58.00
20.00
24.00
89.00
143.00
129.00
281.00
153.00
209.00
72.00
61.00
39.00
28.00
22.00
60.00
151.00
305.00
45.00
227.00
101.00
129.00
51.00
24.00
26.00
1.00
103.00
547.00
204.00
32.00
112.00
50.00
7.00
219.00
17.00
190.00
33.00
208.00
46.00
584.00
182.00
188.00
142.00
332.00
223.00
113.00
292.00
60.00
53.00
7.00
66.00
141.00
9.00
66.00
138.00
62.00
123.00
162.00
195.00
6.00
69.00
100.00
2.00
0.00
203.00
41.00
331.00
48.00
88.00
0.00
0.00
1.00
0.00
29.00
184.00
242.00
56.00
67.00
90.00
6.00
0.00
2.00
137.00
99.00
8.00
5.00
1.00
0.00
0.00
169.00
28.00
0.00
56.00
0.00
92.00
237.00
288.00
633.00
1676.00
0.00
0.00
0.00
0.00
0.00
0.00
0.00
163.00
305.00
0.00
0.00
0.00
0.00
0.00
1.00
1.00
0.00
0.00
0.00
0.00
3.00
16.00
5.00
1.00
155.00
37.00
6.00
0.00
0.00
0.00
0.00
0.00
0.00
0.00
0.00
0.00
0.00
0.00
0.00
0.00
0.00
0.00
0.00
0.00
0.00
0.00
0.00
227.00
233.00
286.00
6.00
0.00
0.00
0.00
0.00
0.00
0.00
0.00
27.00
0.00
0.00
1.00
1.00
0.00
0.00
0.00
0.00
0.00
0.00
0.00
38.00
218.00
152.00
0.00
0.00
0.00
0.00
0.00
0.00
0.00
0.00
0.00
0.00
0.00
0.00
0.00
0.00
0.00
0.00
0.00
0.00
0.00
0.00
0.00
0.00
0.00
0.00
0.00
0.00
0.00
0.00
0.00
0.00
0.00
0.00
0.00
0.00
0.00
75.00
48.00
68.00
10.00
1.00
0.00
11.00
3.00
0.00
0.00
0.00
0.00
0.00
0.00
0.00
0.00
129.00
0.00
249.00
409.00
0.00
0.00
0.00
0.00
0.00
0.00
0.00
0.00
0.00
0.00
0.00
0.00
0.00
0.00
44.00
0.00
60.00
93.00
107.00
0.00
0.00
0.00
0.00
0.00
2.00
0.00
37.00
128.00
1.00
217.00
566.00
330.00
30.00
0.00
23.00
0.00
0.00
63.00
28.00
6.00
19.00
7.00
23.00
61.00
126.00
0.00
201.00
0.00
0.00
85.00
94.00
6.00
38.00
311.00
112.00
0.00
4.00
57.00
6.00
5.00
242.00
21.00
407.00
1.00
345.00
196.00
248.00
346.00
1107.00
589.00
464.00
507.00
407.00
114.00
0.00
27.00
88.00
297.00
45.00
7.00
120.00
9.00
7.00
31.00
5.00
42.00
84.00
342.00
42.00
32.00
46.00
16.00
207.00
203.00
78.00
6.00
137.00
94.00
155.00
221.00
1.00
48.00
79.00
112.00
496.00
201.00
18.00
578.00
417.00
16.00
25.00
24.00
17.00
2.00
130.00
132.00
16.00
82.00
18.00
82.00
129.00
27.00
51.00
19.00
0.00
3.00
58.00
0.00
0.00
30.00
290.00
49.00
47.00
108.00
15.00
272.00
2.00
62.00
39.00
81.00
130.00
4.00
10.00
31.00
121.00
72.00
124.00
331.00
137.00
59.00
32.00
136.00
202.00
127.00
372.00
50.00
3.00
5.00
42.00
474.00
9.00
149.00
121.00
119.00
78.00
123.00
194.00
656.00
369.00
120.00
346.00
16.00
1.00
0.00
63.00
101.00
2.00
218.00
47.00
151.00
227.00
213.00
11.00
13.00
89.00
11.00
107.00
1.00
94.00
292.00
9.00
8.00
3.00
1.00
310.00
34.00
12.00
6.00
12.00
0.00
5.00
24.00
5.00
137.00
113.00
20.00
93.00
0.00
20.00
8.00
25.00
56.00
131.00
0.00
0.00
4.00
12.00
0.00
0.00
0.00
0.00
0.00
0.00
0.00
5.00
143.00
242.00
188.00
19.00
0.00
0.00
0.00
0.00
0.00
0.00
0.00
0.00
0.00
0.00
0.00
0.00
0.00
907.00
282.00
102.00
69.00
2.00
0.00
0.00
0.00
9.00
0.00
0.00
0.00
0.00
0.00
0.00
0.00
2.00
0.00
0.00
0.00
0.00
0.00
0.00
0.00
0.00
0.00
0.00
0.00
0.00
0.00
0.00
0.00
0.00
0.00
0.00
0.00
0.00
0.00
0.00
2.00
0.00
0.00
0.00
0.00
0.00
0.00
0.00
0.00
0.00
0.00
14.00
69.00
19.00
0.00
0.00
0.00
0.00
0.00
0.00
0.00
0.00
0.00
0.00
0.00
0.00
0.00
0.00
0.00
0.00
0.00
0.00
0.00
0.00
0.00
0.00
0.00
0.00
0.00
0.00
0.00
0.00
0.00
0.00
0.00
0.00
0.00
0.00
0.00
0.00
0.00
0.00
0.00
0.00
0.00
0.00
0.00
0.00
0.00
0.00
0.00
0.00
0.00
0.00
0.00
0.00
0.00
0.00
0.00
0.00
0.00
0.00
0.00
0.00
4.00
0.00
0.00
0.00
0.00
0.00
0.00
1.10
56.80
16.00
51.10
14.10
0.00
0.00
0.00
19.60
12.80
21.50
0.00
0.00
0.00
0.00
0.00
0.00
0.00
0.00
0.80
0.10
43.50
0.90
0.00
0.00
0.00
44.60
0.00
0.00
0.00
4.30
22.30
0.00
0.00
0.00
115.60
16.70
127.40
0.00
39.50
13.60
11.70
0.00
17.80
11.30
0.00
0.00
3.80
0.00
0.00
1.20
23.30
0.30
0.00
0.00
3.30
0.00
0.10
0.00
0.00
0.00
0.00
41.90
23.40
10.80
0.80
0.80
6.70
34.30
46.20
0.00
0.00
0.00
4.00
0.70
0.00
4.40
2.60
26.50
3.10
19.70
18.30
27.00
9.50
0.00
0.00
0.20
20.70
20.70
82.30
2.00
11.00
2.00
0.00
0.00
0.00
31.50
28.90
1.00
0.00
41.10
16.50
0.10
8.40
11.10
0.40
16.70
0.00
2.90
13.70
33.30
2.40
3.90
0.00
1.60
35.00
12.20
4.00
0.50
0.00
0.00
45.30
54.80
9.40
19.50
9.30
23.90
21.50
9.80
15.60
24.20
15.50
17.20
3.20
4.60
39.10
39.10
56.80
56.80
8.90
36.60
36.60
0.20
0.10
36.60
36.60
36.60
5.20
10.50
19.90
32.70
85.90
26.50
5.80
3.50
1.40
21.00
6.50
11.10
53.10
22.00
5.60
0.90
1.10
13.20
3.20
3.90
0.30
0.00
19.50
23.10
12.90
13.10
15.70
3.30
4.60
0.00
2.20
15.00
20.10
14.20
39.40
2.40
6.00
11.80
1.10
0.00
4.40
8.50
2.10
0.20
9.60
40.30
20.20
26.80
17.70
1.20
0.20
6.50
4.00
6.20
4.90
0.30
2.10
23.30
0.30
0.00
0.00
0.00
10.00
19.10
11.90
15.60
17.70
0.10
1.00
0.00
20.50
9.20
9.20
3.00
0.00
1.00
0.00
39.70
4.30
0.60
41.00
13.60
0.00
0.00
0.00
0.00
6.20
0.40
0.00
0.00
0.00
0.00
4.30
7.20
6.10
0.30
0.30
1.30
