20160101
0.00
0.00
0.00
0.00
0.00
0.00
0.00
0.00
43.00
0.00
0.00
0.00
0.00
0.00
0.00
0.00
0.00
0.00
1.00
24.00
0.00
0.00
0.00
0.00
0.00
0.00
0.00
0.00
0.00
0.00
0.00
0.00
0.00
0.00
0.00
0.00
0.00
0.00
0.00
0.00
1.00
5.00
0.00
0.00
0.00
0.00
0.00
0.00
0.00
0.00
1.00
1.00
1.00
14.00
240.00
14.00
19.00
0.00
0.00
0.00
0.00
0.00
0.00
18.00
0.00
6.00
0.00
0.00
2.00
0.00
32.00
0.00
0.00
0.00
1.00
0.00
0.00
0.00
5.00
9.00
42.00
0.00
0.00
0.00
0.00
0.00
0.00
855.00
69.00
77.00
240.00
8.00
0.00
449.00
557.00
841.00
134.00
78.00
240.00
57.00
0.00
197.00
4.00
135.00
497.00
123.00
750.00
686.00
350.00
808.00
142.00
926.00
399.00
586.00
145.00
92.00
208.00
232.00
63.00
10.00
142.00
54.00
146.00
30.00
365.00
22.00
159.00
18.00
3.00
0.00
3.00
28.00
120.00
120.00
293.00
109.00
255.00
1707.00
589.00
65.00
32.00
679.00
0.00
0.00
49.00
120.00
29.00
32.00
4.00
19.00
24.00
39.00
0.00
0.00
0.00
0.00
102.00
510.00
1093.00
23.00
248.00
82.00
4.00
61.00
8.00
1.00
35.00
66.00
545.00
117.00
12.00
10.00
238.00
68.00
19.00
10.00
23.00
24.00
51.00
24.00
335.00
77.00
332.00
255.00
159.00
84.00
11.00
41.00
1.00
19.00
365.00
21.00
25.00
81.00
29.00
17.00
358.00
234.00
0.00
10.00
39.00
3.00
7.00
109.00
156.00
95.00
155.00
5.00
11.00
93.00
84.00
90.00
10.00
7.00
12.00
0.00
68.00
337.00
33.00
219.00
110.00
67.00
22.00
1.00
186.00
77.00
57.00
8.00
2.00
7.00
1.00
0.00
400.00
46.00
0.00
10.00
0.00
284.00
1.00
168.00
61.00
602.00
873.00
496.00
96.00
18.00
378.00
241.00
470.00
951.00
510.00
3.00
13.00
6.00
53.00
85.00
555.00
133.00
0.00
2.00
225.00
152.00
63.00
193.00
794.00
185.00
10.00
187.00
127.00
100.00
1.00
889.00
43.00
248.00
162.00
0.00
0.00
5.00
21.00
53.00
23.00
317.00
357.00
182.00
8.00
120.00
0.00
0.00
0.00
0.00
0.00
0.00
0.00
0.00
0.00
0.00
0.00
1.00
0.00
0.00
163.00
42.00
6.00
0.00
0.00
0.00
0.00
12.00
156.00
304.00
282.00
2.00
0.00
0.00
0.00
0.00
0.00
0.00
0.00
0.00
0.00
0.00
0.00
0.00
0.00
0.00
0.00
0.00
0.00
0.00
0.00
0.00
0.00
0.00
0.00
0.00
0.00
0.00
0.00
0.00
0.00
0.00
0.00
0.00
0.00
0.00
0.00
0.00
0.00
0.00
0.00
0.00
0.00
0.00
0.00
0.00
0.00
0.00
0.00
0.00
64.00
0.00
0.00
0.00
0.00
0.00
0.00
0.00
0.00
0.00
0.00
0.00
0.00
0.00
0.00
0.00
0.00
0.00
0.00
0.00
0.00
0.00
0.00
0.00
0.00
0.00
0.00
0.00
0.00
0.00
0.00
0.00
3.00
0.00
0.00
0.00
0.00
0.00
0.00
0.00
0.00
0.00
0.00
0.00
0.00
0.00
0.00
0.00
0.00
0.00
0.00
0.00
0.00
0.00
0.00
0.00
93.00
204.00
14.00
0.00
0.00
0.00
0.00
0.00
0.00
0.00
0.00
0.00
4.00
175.00
4.00
0.00
80.00
0.00
506.00
54.00
0.00
0.00
0.00
0.00
0.00
35.00
153.00
0.00
123.00
0.00
0.00
0.00
0.00
73.00
0.00
22.00
31.00
966.00
975.00
1165.00
620.00
423.00
479.00
453.00
67.00
0.00
17.00
58.00
316.00
22.00
0.00
0.00
0.00
0.00
200.00
23.00
0.00
25.00
424.00
208.00
207.00
60.00
6.00
80.00
988.00
134.00
25.00
93.00
1.00
122.00
122.00
0.00
0.00
44.00
431.00
124.00
0.00
1.00
63.00
0.00
0.00
0.00
17.00
310.00
248.00
4.00
0.00
124.00
169.00
90.00
192.00
8.00
0.00
136.00
105.00
179.00
5.00
45.00
189.00
672.00
232.00
916.00
166.00
707.00
43.00
0.00
0.00
3.00
254.00
9.00
434.00
629.00
169.00
107.00
48.00
44.00
58.00
307.00
593.00
321.00
28.00
57.00
22.00
481.00
500.00
297.00
533.00
33.00
67.00
200.00
252.00
207.00
32.00
109.00
56.00
125.00
35.00
159.00
88.00
120.00
128.00
211.00
674.00
109.00
80.00
36.00
1.00
2.00
77.00
374.00
33.00
1.00
29.00
200.00
87.00
5.00
102.00
5.00
79.00
32.00
108.00
65.00
122.00
12.00
129.00
26.00
215.00
148.00
98.00
44.00
3.00
40.00
513.00
251.00
100.00
51.00
113.00
7.00
45.00
10.00
460.00
0.00
102.00
151.00
19.00
309.00
170.00
209.00
4.00
89.00
55.00
142.00
154.00
55.00
20.00
170.00
9.00
0.00
1.00
21.00
112.00
67.00
213.00
1.00
125.00
36.00
186.00
0.00
1.00
184.00
17.00
179.00
113.00
102.00
0.00
0.00
0.00
1.00
19.00
118.00
143.00
29.00
334.00
48.00
4.00
0.00
0.00
59.00
201.00
440.00
988.00
4.00
0.00
0.00
233.00
104.00
0.00
9.00
0.00
9.00
51.00
243.00
458.00
1339.00
0.00
0.00
0.00
0.00
0.00
0.00
0.00
366.00
760.00
0.00
0.00
0.00
0.00
0.00
1.00
0.00
0.00
0.00
0.00
0.00
0.00
15.00
0.00
7.00
154.00
71.00
0.00
0.00
0.00
0.00
0.00
0.00
0.00
0.00
0.00
0.00
0.00
0.00
0.00
0.00
0.00
0.00
0.00
0.00
0.00
0.00
0.00
289.00
648.00
561.00
0.00
0.00
0.00
0.00
0.00
0.00
0.00
0.00
166.00
0.00
0.00
0.00
0.00
0.00
0.00
0.00
0.00
0.00
0.00
0.00
50.00
192.00
127.00
0.00
0.00
0.00
0.00
0.00
0.00
0.00
0.00
0.00
0.00
0.00
0.00
0.00
0.00
0.00
0.00
0.00
0.00
0.00
0.00
0.00
0.00
0.00
0.00
0.00
0.00
0.00
0.00
0.00
0.00
0.00
0.00
0.00
0.00
0.00
15.00
5.00
56.00
6.00
9.00
1.00
0.00
0.00
0.00
0.00
0.00
0.00
0.00
0.00
0.00
0.00
20.00
14.00
75.00
504.00
0.00
0.00
0.00
0.00
167.00
0.00
0.00
0.00
0.00
0.00
0.00
0.00
0.00
78.00
732.00
0.00
548.00
55.00
750.00
7.00
0.00
0.00
0.00
0.00
0.00
0.00
1.00
137.00
2.00
224.00
357.00
317.00
14.00
0.00
5.00
0.00
0.00
0.00
10.00
0.00
1.00
130.00
59.00
104.00
19.00
0.00
125.00
0.00
0.00
235.00
15.00
14.00
25.00
228.00
11.00
0.00
31.00
97.00
0.00
1.00
44.00
18.00
405.00
5.00
283.00
21.00
101.00
527.00
694.00
389.00
212.00
495.00
609.00
282.00
0.00
6.00
2.00
146.00
2.00
2.00
28.00
0.00
24.00
3.00
7.00
40.00
261.00
384.00
268.00
146.00
3.00
6.00
227.00
14.00
40.00
39.00
44.00
293.00
282.00
88.00
8.00
43.00
21.00
32.00
409.00
695.00
134.00
634.00
204.00
50.00
45.00
38.00
14.00
0.00
350.00
23.00
33.00
35.00
68.00
52.00
217.00
5.00
58.00
23.00
4.00
7.00
26.00
1.00
1.00
34.00
226.00
31.00
10.00
360.00
101.00
86.00
16.00
18.00
8.00
172.00
7.00
1.00
2.00
33.00
85.00
54.00
102.00
128.00
75.00
53.00
20.00
130.00
231.00
272.00
445.00
118.00
6.00
23.00
60.00
85.00
50.00
8.00
22.00
64.00
383.00
220.00
368.00
144.00
9.00
12.00
60.00
13.00
1.00
3.00
151.00
54.00
2.00
319.00
31.00
176.00
197.00
47.00
69.00
14.00
71.00
62.00
80.00
1.00
268.00
30.00
0.00
0.00
4.00
19.00
131.00
77.00
50.00
31.00
11.00
0.00
22.00
24.00
4.00
58.00
33.00
0.00
172.00
0.00
9.00
8.00
375.00
8.00
58.00
0.00
0.00
0.00
0.00
0.00
0.00
0.00
0.00
0.00
0.00
0.00
0.00
62.00
108.00
225.00
42.00
0.00
0.00
0.00
0.00
0.00
0.00
0.00
0.00
0.00
0.00
0.00
0.00
0.00
1233.00
334.00
72.00
59.00
7.00
0.00
0.00
0.00
2.00
20.00
0.00
0.00
0.00
0.00
0.00
0.00
0.00
0.00
0.00
0.00
0.00
0.00
0.00
0.00
0.00
0.00
0.00
0.00
0.00
0.00
0.00
0.00
0.00
0.00
0.00
0.00
0.00
0.00
0.00
2.00
0.00
0.00
0.00
0.00
0.00
0.00
0.00
0.00
0.00
0.00
9.00
32.00
38.00
0.00
0.00
0.00
0.00
0.00
0.00
0.00
0.00
0.00
0.00
0.00
0.00
0.00
0.00
0.00
0.00
0.00
0.00
0.00
0.00
0.00
0.00
0.00
0.00
0.00
0.00
0.00
0.00
0.00
0.00
0.00
0.00
0.00
0.00
0.00
0.00
0.00
0.00
0.00
0.00
0.00
0.00
0.00
0.00
0.00
0.00
0.00
0.00
0.00
0.00
0.00
0.00
2.00
0.00
0.00
0.00
0.00
0.00
0.00
0.00
6.00
0.00
0.00
0.00
0.00
0.00
2.70
0.00
53.90
7.70
37.90
13.90
0.00
0.00
0.00
0.00
3.40
0.00
0.00
0.00
0.00
0.00
0.00
0.00
0.00
0.00
0.00
0.30
5.90
1.20
1.20
0.00
9.80
39.80
0.00
0.00
0.00
4.70
5.80
0.00
0.00
0.00
65.40
26.10
59.10
0.00
59.60
14.20
17.20
0.70
36.60
11.90
0.00
0.00
0.30
0.00
0.00
7.70
2.00
4.60
0.00
0.00
14.10
0.00
1.30
0.00
0.00
0.00
0.00
18.90
37.50
18.50
4.90
4.90
3.30
16.80
40.70
0.00
1.70
1.50
9.00
12.20
0.00
14.70
7.90
5.50
4.50
13.60
15.30
47.70
7.00
0.00
0.00
1.40
33.30
33.30
42.60
0.00
13.00
4.00
0.00
0.00
1.90
23.70
2.70
0.00
0.00
7.80
1.30
31.30
30.40
19.90
17.40
13.50
0.00
0.00
9.10
44.30
21.90
4.70
67.20
35.60
16.80
15.70
12.80
1.60
0.00
27.10
36.00
54.90
16.70
11.00
0.60
1.50
20.70
44.50
18.80
14.90
33.10
30.80
7.60
4.10
12.40
12.40
48.50
48.50
19.40
4.30
4.30
0.00
0.10
4.30
4.30
4.30
13.20
14.20
30.80
15.60
48.70
60.50
4.00
4.80
3.10
21.30
6.10
15.50
73.50
5.40
1.60
6.00
1.30
1.30
5.80
0.10
1.00
0.00
3.50
2.80
11.80
3.30
3.30
7.20
1.90
0.60
0.90
8.40
62.30
20.10
7.30
0.00
0.00
15.10
3.20
0.00
0.60
6.20
0.00
0.40
0.90
53.20
51.00
76.10
11.00
0.70
2.10
4.10
11.60
6.40
2.80
3.60
3.00
14.70
0.20
0.00
0.00
0.00
8.60
43.80
15.40
15.50
13.40
2.70
4.60
8.70
8.10
0.70
0.70
1.50
3.80
5.80
1.40
10.20
10.10
7.90
12.70
2.20
1.40
0.00
0.00
0.00
28.90
0.00
0.00
0.00
0.00
0.00
5.00
17.40
3.40
0.50
0.10
0.70
