20160101
0.00
0.00
0.00
0.00
0.00
0.00
0.00
0.00
0.00
0.00
0.00
0.00
20.00
0.00
0.00
0.00
0.00
0.00
5.00
37.00
0.00
0.00
0.00
0.00
0.00
7.00
0.00
0.00
0.00
0.00
0.00
0.00
0.00
0.00
0.00
0.00
0.00
1.00
2.00
0.00
0.00
37.00
0.00
0.00
0.00
0.00
0.00
0.00
0.00
0.00
7.00
2.00
0.00
0.00
16.00
4.00
12.00
0.00
0.00
0.00
0.00
0.00
0.00
0.00
0.00
29.00
0.00
0.00
0.00
0.00
0.00
1.00
0.00
1.00
0.00
0.00
0.00
0.00
6.00
0.00
11.00
0.00
0.00
0.00
0.00
0.00
0.00
127.00
19.00
59.00
292.00
3.00
0.00
366.00
29.00
13.00
15.00
2.00
0.00
0.00
0.00
0.00
0.00
0.00
198.00
6.00
40.00
483.00
5.00
133.00
30.00
0.00
0.00
0.00
0.00
0.00
257.00
233.00
9.00
1.00
1.00
58.00
39.00
469.00
17.00
332.00
82.00
372.00
20.00
27.00
37.00
17.00
665.00
108.00
329.00
83.00
90.00
48.00
393.00
49.00
51.00
365.00
7.00
14.00
101.00
181.00
6.00
28.00
95.00
7.00
76.00
14.00
7.00
8.00
11.00
226.00
18.00
364.00
1379.00
110.00
190.00
40.00
207.00
102.00
71.00
584.00
398.00
486.00
130.00
485.00
270.00
601.00
542.00
609.00
874.00
454.00
59.00
354.00
178.00
248.00
328.00
322.00
285.00
281.00
505.00
365.00
303.00
112.00
299.00
796.00
507.00
139.00
174.00
154.00
242.00
211.00
329.00
526.00
78.00
261.00
542.00
190.00
145.00
336.00
254.00
451.00
394.00
158.00
230.00
166.00
184.00
69.00
86.00
211.00
202.00
195.00
432.00
280.00
55.00
228.00
123.00
315.00
677.00
107.00
158.00
166.00
431.00
709.00
132.00
213.00
236.00
27.00
148.00
124.00
15.00
73.00
11.00
186.00
50.00
27.00
533.00
339.00
832.00
1085.00
938.00
266.00
359.00
340.00
130.00
218.00
189.00
107.00
67.00
359.00
373.00
676.00
551.00
474.00
152.00
225.00
207.00
342.00
251.00
1470.00
147.00
135.00
280.00
113.00
308.00
331.00
98.00
111.00
383.00
22.00
50.00
44.00
12.00
33.00
359.00
163.00
521.00
72.00
483.00
144.00
181.00
173.00
7.00
0.00
0.00
2.00
4.00
0.00
3.00
139.00
137.00
15.00
7.00
63.00
5.00
0.00
110.00
0.00
0.00
2.00
7.00
0.00
0.00
2.00
85.00
155.00
0.00
0.00
0.00
16.00
0.00
66.00
8.00
0.00
175.00
0.00
0.00
132.00
189.00
3.00
1.00
0.00
0.00
0.00
5.00
0.00
0.00
0.00
0.00
0.00
0.00
30.00
0.00
0.00
0.00
0.00
0.00
0.00
0.00
0.00
0.00
0.00
0.00
0.00
0.00
0.00
0.00
0.00
0.00
0.00
0.00
0.00
4.00
2.00
0.00
0.00
7.00
0.00
0.00
0.00
0.00
43.00
0.00
0.00
10.00
1.00
0.00
0.00
0.00
0.00
0.00
13.00
0.00
0.00
0.00
0.00
0.00
0.00
0.00
0.00
0.00
0.00
0.00
0.00
0.00
0.00
0.00
0.00
16.00
0.00
0.00
0.00
0.00
0.00
0.00
0.00
0.00
0.00
0.00
0.00
0.00
0.00
0.00
0.00
0.00
0.00
0.00
0.00
0.00
0.00
0.00
0.00
0.00
0.00
1.00
0.00
0.00
0.00
0.00
0.00
0.00
0.00
0.00
0.00
86.00
6.00
0.00
0.00
15.00
0.00
163.00
11.00
0.00
0.00
0.00
0.00
0.00
80.00
1.00
30.00
134.00
0.00
0.00
0.00
171.00
191.00
0.00
14.00
104.00
727.00
167.00
60.00
22.00
216.00
90.00
68.00
273.00
13.00
0.00
29.00
0.00
0.00
0.00
0.00
0.00
2.00
275.00
37.00
0.00
4.00
688.00
594.00
15.00
696.00
0.00
291.00
251.00
1.00
0.00
24.00
71.00
38.00
441.00
0.00
95.00
285.00
121.00
187.00
0.00
1.00
178.00
19.00
83.00
18.00
91.00
506.00
565.00
3.00
55.00
204.00
103.00
63.00
22.00
189.00
3.00
144.00
16.00
75.00
33.00
17.00
201.00
294.00
677.00
558.00
346.00
331.00
102.00
41.00
3.00
13.00
51.00
45.00
171.00
246.00
1230.00
251.00
573.00
358.00
468.00
489.00
1149.00
977.00
180.00
254.00
425.00
319.00
272.00
101.00
81.00
98.00
361.00
65.00
595.00
445.00
504.00
348.00
482.00
199.00
68.00
196.00
91.00
311.00
396.00
519.00
577.00
486.00
158.00
209.00
118.00
95.00
214.00
261.00
439.00
520.00
943.00
337.00
629.00
460.00
161.00
69.00
154.00
228.00
123.00
446.00
710.00
414.00
646.00
519.00
315.00
200.00
65.00
81.00
153.00
1135.00
845.00
2008.00
841.00
249.00
435.00
61.00
371.00
282.00
268.00
306.00
764.00
195.00
612.00
529.00
521.00
1196.00
597.00
123.00
222.00
608.00
490.00
500.00
354.00
336.00
261.00
169.00
331.00
279.00
1253.00
878.00
554.00
190.00
95.00
438.00
341.00
116.00
142.00
434.00
269.00
537.00
173.00
88.00
40.00
126.00
71.00
72.00
62.00
259.00
164.00
414.00
471.00
270.00
137.00
36.00
77.00
18.00
127.00
97.00
105.00
87.00
32.00
23.00
47.00
19.00
23.00
18.00
7.00
2.00
212.00
178.00
567.00
778.00
26.00
20.00
18.00
112.00
175.00
76.00
180.00
32.00
72.00
143.00
8.00
31.00
93.00
58.00
45.00
24.00
333.00
286.00
0.00
3.00
4.00
20.00
0.00
40.00
391.00
84.00
34.00
18.00
19.00
31.00
0.00
3.00
7.00
0.00
500.00
179.00
0.00
0.00
11.00
11.00
0.00
0.00
0.00
0.00
0.00
0.00
19.00
264.00
201.00
209.00
0.00
0.00
0.00
0.00
0.00
0.00
0.00
3.00
49.00
16.00
19.00
6.00
0.00
0.00
0.00
0.00
0.00
0.00
0.00
0.00
0.00
169.00
18.00
0.00
0.00
0.00
0.00
0.00
0.00
0.00
0.00
0.00
0.00
0.00
0.00
0.00
0.00
0.00
0.00
0.00
0.00
0.00
0.00
0.00
0.00
0.00
0.00
0.00
0.00
0.00
0.00
0.00
0.00
0.00
0.00
0.00
0.00
0.00
673.00
313.00
391.00
15.00
24.00
0.00
241.00
133.00
0.00
0.00
0.00
0.00
0.00
0.00
0.00
0.00
0.00
0.00
412.00
129.00
0.00
0.00
0.00
0.00
0.00
0.00
0.00
0.00
0.00
0.00
0.00
0.00
0.00
0.00
0.00
0.00
0.00
48.00
0.00
0.00
0.00
0.00
0.00
0.00
2.00
0.00
8.00
12.00
0.00
4.00
183.00
299.00
714.00
0.00
10.00
0.00
0.00
234.00
12.00
75.00
33.00
0.00
0.00
127.00
1.00
0.00
130.00
0.00
18.00
159.00
11.00
71.00
2.00
151.00
4.00
0.00
214.00
54.00
26.00
0.00
204.00
173.00
179.00
1.00
27.00
0.00
211.00
422.00
979.00
283.00
251.00
306.00
201.00
280.00
0.00
6.00
0.00
605.00
1.00
7.00
0.00
0.00
0.00
403.00
976.00
77.00
162.00
635.00
86.00
0.00
246.00
11.00
79.00
140.00
41.00
0.00
21.00
304.00
191.00
249.00
29.00
49.00
96.00
211.00
136.00
457.00
118.00
354.00
85.00
44.00
28.00
171.00
156.00
31.00
69.00
8.00
130.00
372.00
171.00
101.00
80.00
99.00
96.00
112.00
798.00
493.00
103.00
355.00
170.00
58.00
122.00
290.00
260.00
204.00
70.00
328.00
346.00
600.00
236.00
68.00
121.00
65.00
10.00
276.00
300.00
203.00
328.00
720.00
361.00
134.00
406.00
198.00
179.00
312.00
348.00
257.00
330.00
46.00
280.00
408.00
392.00
336.00
143.00
267.00
992.00
684.00
538.00
475.00
347.00
685.00
382.00
41.00
43.00
516.00
107.00
167.00
118.00
364.00
220.00
255.00
339.00
239.00
115.00
124.00
60.00
190.00
221.00
228.00
323.00
305.00
105.00
58.00
17.00
45.00
179.00
243.00
378.00
181.00
388.00
181.00
7.00
9.00
0.00
29.00
98.00
151.00
13.00
10.00
110.00
166.00
136.00
93.00
22.00
1.00
5.00
0.00
1.00
22.00
21.00
274.00
0.00
0.00
0.00
0.00
0.00
12.00
130.00
225.00
29.00
40.00
0.00
84.00
5.00
7.00
5.00
3.00
0.00
5.00
0.00
0.00
0.00
17.00
100.00
59.00
76.00
15.00
86.00
0.00
0.00
141.00
4.00
6.00
0.00
2.00
2.00
7.00
0.00
0.00
0.00
0.00
38.00
0.00
0.00
2.00
0.00
0.00
0.00
0.00
0.00
0.00
0.00
0.00
0.00
0.00
0.00
0.00
0.00
0.00
0.00
3.00
0.00
5.00
0.00
0.00
0.00
0.00
0.00
0.00
0.00
0.00
0.00
0.00
12.00
84.00
42.00
0.00
0.00
0.00
0.00
0.00
0.00
0.00
0.00
0.00
0.00
0.00
0.00
0.00
0.00
0.00
0.00
0.00
3.00
0.00
0.00
0.00
0.00
0.00
0.00
0.00
0.00
0.00
0.00
0.00
0.00
0.00
0.00
0.00
0.00
0.00
0.00
0.00
0.00
6.00
6.00
2.00
0.00
0.00
0.00
0.00
0.00
0.00
0.00
0.00
0.00
0.00
8.00
0.00
0.00
0.00
2.00
0.00
0.00
0.00
2.00
0.00
0.00
0.00
0.00
0.00
0.00
0.00
0.00
17.50
4.90
49.60
15.10
0.00
0.00
0.00
2.80
0.50
0.00
0.00
0.00
0.00
0.00
0.00
0.00
0.00
0.00
0.30
0.00
15.90
0.60
4.90
0.00
1.70
7.20
0.00
0.00
0.00
8.20
5.60
0.00
0.10
0.00
170.90
3.00
27.00
0.00
32.80
10.90
32.20
0.00
1.40
57.10
0.00
2.40
3.00
2.60
0.00
0.60
0.90
0.00
0.00
0.00
5.50
9.30
0.30
0.00
0.00
0.00
0.10
5.00
8.00
19.40
7.40
7.40
3.80
120.80
50.80
0.00
0.00
0.00
33.20
32.70
9.30
17.00
0.00
45.10
0.60
7.40
0.00
28.20
108.80
5.50
5.50
5.30
38.40
38.40
16.20
3.80
0.00
16.50
10.00
0.70
8.60
33.40
38.00
8.70
25.50
6.30
1.40
13.60
18.00
5.10
2.30
7.10
0.20
3.80
57.60
57.70
40.80
6.10
19.50
7.90
35.60
51.30
10.90
5.40
2.50
3.10
88.50
106.80
93.10
66.90
9.20
38.30
33.50
19.70
9.60
15.00
24.20
89.10
53.00
61.10
99.40
99.40
86.10
86.10
66.00
7.00
7.00
10.40
13.70
7.00
7.00
7.00
26.80
98.70
55.30
43.30
66.90
31.70
34.20
12.50
16.40
9.80
10.00
20.70
40.70
25.10
14.30
18.60
7.80
24.30
25.00
13.20
44.80
4.50
74.00
61.60
15.90
36.40
44.80
3.40
6.50
7.50
13.00
10.60
64.90
55.70
14.80
11.60
7.40
11.30
103.80
8.40
33.80
18.50
27.80
77.20
43.20
53.50
36.80
39.40
23.60
21.20
29.70
23.40
32.10
15.70
33.80
20.30
15.90
30.00
16.50
3.60
4.60
2.60
6.50
42.70
19.10
37.50
53.70
7.70
13.10
10.40
23.70
37.90
37.90
20.20
4.00
4.50
15.00
5.60
29.50
5.30
11.40
14.80
4.90
5.70
13.80
2.70
8.00
3.50
0.20
0.80
5.40
9.70
4.40
1.10
0.30
0.20
15.80
125.60
