20160101
0.00
0.00
0.00
0.00
0.00
0.00
0.00
0.00
11.00
0.00
0.00
0.00
0.00
0.00
0.00
0.00
0.00
3.00
2.00
43.00
0.00
0.00
0.00
0.00
0.00
0.00
0.00
0.00
0.00
0.00
0.00
0.00
0.00
0.00
0.00
0.00
0.00
0.00
0.00
0.00
0.00
0.00
0.00
0.00
0.00
0.00
0.00
0.00
0.00
0.00
1.00
46.00
0.00
13.00
234.00
0.00
22.00
0.00
0.00
0.00
0.00
0.00
0.00
117.00
0.00
31.00
0.00
0.00
0.00
0.00
30.00
0.00
0.00
1.00
3.00
0.00
0.00
0.00
12.00
15.00
63.00
0.00
0.00
0.00
0.00
0.00
0.00
504.00
21.00
41.00
489.00
15.00
0.00
783.00
458.00
953.00
265.00
0.00
49.00
17.00
10.00
0.00
0.00
71.00
48.00
205.00
403.00
716.00
27.00
594.00
466.00
409.00
372.00
8.00
7.00
216.00
287.00
188.00
10.00
0.00
310.00
175.00
87.00
238.00
178.00
39.00
129.00
34.00
3.00
3.00
62.00
92.00
171.00
33.00
473.00
170.00
41.00
1068.00
123.00
108.00
73.00
744.00
2.00
0.00
14.00
103.00
103.00
59.00
122.00
22.00
50.00
126.00
0.00
0.00
73.00
29.00
2.00
4.00
269.00
1.00
24.00
112.00
33.00
30.00
155.00
90.00
34.00
357.00
370.00
52.00
41.00
6.00
117.00
459.00
252.00
7.00
12.00
42.00
145.00
6.00
111.00
40.00
61.00
96.00
112.00
54.00
3.00
36.00
80.00
166.00
373.00
34.00
62.00
24.00
3.00
30.00
232.00
28.00
11.00
13.00
50.00
36.00
6.00
57.00
108.00
104.00
121.00
21.00
15.00
127.00
154.00
220.00
13.00
16.00
23.00
77.00
227.00
140.00
51.00
83.00
131.00
170.00
106.00
2.00
6.00
8.00
265.00
664.00
5.00
228.00
286.00
0.00
213.00
48.00
0.00
1.00
0.00
223.00
46.00
192.00
86.00
325.00
454.00
204.00
56.00
6.00
288.00
56.00
230.00
104.00
37.00
4.00
11.00
40.00
94.00
525.00
551.00
318.00
0.00
63.00
9.00
503.00
25.00
158.00
560.00
15.00
314.00
65.00
296.00
0.00
0.00
138.00
4.00
5.00
0.00
2.00
0.00
355.00
43.00
26.00
144.00
173.00
35.00
31.00
41.00
102.00
6.00
0.00
0.00
0.00
0.00
0.00
0.00
0.00
0.00
0.00
0.00
1.00
0.00
12.00
31.00
5.00
3.00
0.00
0.00
0.00
0.00
14.00
171.00
737.00
386.00
0.00
0.00
0.00
0.00
0.00
0.00
0.00
0.00
0.00
0.00
0.00
0.00
0.00
0.00
0.00
0.00
0.00
0.00
0.00
0.00
0.00
0.00
0.00
0.00
0.00
0.00
0.00
0.00
0.00
0.00
0.00
0.00
0.00
0.00
0.00
0.00
0.00
0.00
0.00
0.00
0.00
0.00
0.00
0.00
0.00
0.00
0.00
0.00
0.00
0.00
0.00
0.00
0.00
0.00
0.00
0.00
1.00
0.00
0.00
0.00
0.00
0.00
0.00
0.00
0.00
0.00
0.00
0.00
0.00
0.00
0.00
0.00
0.00
0.00
0.00
0.00
0.00
0.00
0.00
0.00
0.00
1.00
0.00
0.00
0.00
0.00
0.00
0.00
0.00
0.00
0.00
0.00
0.00
0.00
0.00
0.00
0.00
0.00
0.00
0.00
0.00
0.00
0.00
0.00
0.00
0.00
0.00
0.00
0.00
0.00
0.00
0.00
0.00
0.00
0.00
0.00
0.00
1.00
64.00
0.00
0.00
61.00
0.00
595.00
44.00
0.00
0.00
0.00
0.00
0.00
18.00
35.00
3.00
63.00
0.00
0.00
0.00
0.00
124.00
57.00
4.00
70.00
545.00
505.00
862.00
35.00
245.00
211.00
401.00
679.00
0.00
11.00
0.00
24.00
0.00
0.00
0.00
0.00
0.00
240.00
2.00
0.00
4.00
628.00
904.00
263.00
317.00
1.00
249.00
141.00
1.00
0.00
190.00
13.00
76.00
279.00
0.00
5.00
61.00
186.00
101.00
0.00
0.00
191.00
0.00
41.00
0.00
142.00
271.00
316.00
5.00
45.00
57.00
159.00
299.00
22.00
109.00
0.00
48.00
1.00
23.00
1.00
28.00
206.00
387.00
322.00
840.00
158.00
805.00
420.00
261.00
6.00
81.00
40.00
37.00
152.00
340.00
561.00
30.00
327.00
1.00
166.00
469.00
885.00
1230.00
2.00
105.00
87.00
423.00
441.00
408.00
140.00
177.00
693.00
89.00
194.00
166.00
10.00
24.00
118.00
144.00
71.00
136.00
13.00
99.00
41.00
118.00
449.00
412.00
23.00
405.00
94.00
18.00
26.00
35.00
235.00
243.00
444.00
141.00
182.00
54.00
72.00
34.00
20.00
14.00
54.00
274.00
244.00
31.00
331.00
175.00
148.00
65.00
28.00
13.00
1.00
205.00
844.00
282.00
15.00
117.00
76.00
3.00
367.00
16.00
184.00
25.00
202.00
80.00
976.00
121.00
179.00
125.00
421.00
195.00
75.00
343.00
72.00
194.00
6.00
147.00
144.00
67.00
147.00
76.00
110.00
207.00
164.00
91.00
0.00
156.00
87.00
3.00
0.00
203.00
67.00
490.00
54.00
25.00
0.00
0.00
2.00
0.00
48.00
142.00
360.00
83.00
89.00
168.00
6.00
0.00
5.00
56.00
130.00
13.00
4.00
4.00
1.00
0.00
134.00
10.00
2.00
29.00
0.00
272.00
251.00
527.00
672.00
1306.00
0.00
0.00
0.00
0.00
0.00
0.00
0.00
117.00
209.00
0.00
0.00
0.00
0.00
0.00
2.00
0.00
0.00
0.00
0.00
0.00
3.00
12.00
2.00
6.00
189.00
29.00
0.00
0.00
0.00
0.00
0.00
0.00
0.00
0.00
0.00
0.00
0.00
0.00
0.00
0.00
0.00
0.00
0.00
0.00
0.00
0.00
0.00
178.00
320.00
293.00
0.00
0.00
0.00
0.00
0.00
0.00
0.00
0.00
75.00
1.00
0.00
2.00
1.00
0.00
0.00
0.00
0.00
0.00
0.00
0.00
0.00
265.00
26.00
0.00
0.00
0.00
0.00
0.00
0.00
0.00
0.00
0.00
0.00
0.00
0.00
0.00
0.00
0.00
0.00
0.00
0.00
0.00
0.00
0.00
0.00
0.00
0.00
0.00
0.00
0.00
0.00
0.00
0.00
0.00
0.00
0.00
0.00
0.00
106.00
55.00
121.00
17.00
0.00
2.00
21.00
8.00
0.00
0.00
0.00
0.00
0.00
0.00
0.00
0.00
1.00
0.00
257.00
466.00
0.00
0.00
0.00
0.00
0.00
0.00
0.00
0.00
0.00
0.00
0.00
0.00
0.00
0.00
8.00
0.00
29.00
46.00
222.00
0.00
0.00
0.00
0.00
0.00
3.00
0.00
59.00
407.00
6.00
35.00
706.00
253.00
33.00
0.00
6.00
0.00
0.00
238.00
21.00
69.00
24.00
5.00
6.00
122.00
132.00
0.00
163.00
0.00
0.00
74.00
42.00
63.00
41.00
302.00
57.00
0.00
3.00
88.00
14.00
3.00
325.00
51.00
215.00
0.00
355.00
146.00
114.00
418.00
1025.00
850.00
520.00
336.00
270.00
104.00
2.00
2.00
50.00
252.00
24.00
2.00
65.00
0.00
0.00
48.00
22.00
24.00
122.00
308.00
25.00
27.00
38.00
26.00
206.00
287.00
51.00
19.00
237.00
165.00
187.00
374.00
82.00
61.00
122.00
110.00
284.00
269.00
70.00
1024.00
607.00
22.00
28.00
1.00
7.00
24.00
63.00
94.00
19.00
47.00
6.00
75.00
77.00
16.00
30.00
21.00
5.00
11.00
104.00
0.00
0.00
17.00
170.00
47.00
8.00
66.00
11.00
118.00
4.00
129.00
75.00
54.00
101.00
17.00
12.00
19.00
182.00
60.00
129.00
338.00
180.00
38.00
18.00
95.00
159.00
96.00
325.00
72.00
1.00
2.00
22.00
547.00
11.00
144.00
91.00
189.00
43.00
141.00
70.00
442.00
529.00
171.00
397.00
12.00
0.00
0.00
20.00
97.00
6.00
298.00
49.00
166.00
160.00
139.00
33.00
4.00
35.00
37.00
133.00
0.00
34.00
305.00
17.00
0.00
6.00
1.00
227.00
11.00
87.00
8.00
2.00
0.00
1.00
0.00
1.00
97.00
139.00
26.00
34.00
2.00
43.00
12.00
89.00
50.00
212.00
0.00
0.00
15.00
0.00
0.00
0.00
0.00
6.00
6.00
0.00
0.00
3.00
135.00
190.00
213.00
13.00
0.00
2.00
0.00
0.00
0.00
0.00
0.00
0.00
0.00
0.00
0.00
0.00
0.00
418.00
249.00
81.00
51.00
2.00
0.00
0.00
0.00
7.00
1.00
0.00
0.00
0.00
0.00
0.00
0.00
0.00
0.00
0.00
0.00
0.00
0.00
0.00
0.00
0.00
0.00
0.00
0.00
0.00
0.00
0.00
0.00
0.00
0.00
0.00
0.00
0.00
0.00
0.00
21.00
0.00
0.00
0.00
0.00
0.00
0.00
0.00
0.00
0.00
0.00
7.00
87.00
55.00
0.00
0.00
0.00
0.00
0.00
0.00
0.00
0.00
0.00
0.00
0.00
0.00
0.00
0.00
0.00
0.00
0.00
0.00
0.00
0.00
0.00
0.00
0.00
0.00
0.00
0.00
0.00
0.00
0.00
0.00
0.00
0.00
0.00
0.00
0.00
0.00
0.00
0.00
0.00
0.00
0.00
0.00
0.00
0.00
0.00
0.00
0.00
0.00
0.00
0.00
0.00
0.00
0.00
0.00
0.00
0.00
0.00
0.00
0.00
0.00
5.00
0.00
0.00
0.00
0.00
0.00
0.10
0.10
45.90
14.30
45.50
16.80
0.00
0.00
0.00
17.90
10.00
0.00
0.00
0.00
0.00
0.00
0.00
0.00
0.00
0.00
1.40
0.00
39.90
0.80
0.00
0.00
0.00
33.10
0.00
0.00
0.00
3.70
22.70
0.00
0.00
0.00
147.60
19.60
90.10
0.10
32.50
9.40
29.50
0.00
16.40
16.70
0.00
0.10
5.00
0.00
0.00
4.20
40.20
0.00
0.00
0.00
0.90
0.20
0.10
0.00
0.00
0.00
0.00
11.80
18.90
11.50
3.40
3.40
11.60
39.40
61.70
0.00
0.00
0.00
8.70
1.00
0.00
2.80
2.80
22.70
9.30
29.10
5.90
43.00
13.80
0.00
0.00
0.40
12.30
12.30
67.50
1.60
19.40
0.30
0.00
0.00
0.00
37.50
36.70
5.90
2.20
53.20
4.10
0.00
11.70
18.70
2.60
10.60
0.00
0.40
26.80
51.50
4.30
1.70
5.40
3.10
24.20
20.80
4.30
2.40
0.00
0.00
56.00
44.80
10.80
43.10
3.50
16.50
10.80
13.80
9.80
18.50
11.90
16.50
8.00
13.80
39.40
39.40
64.90
64.90
18.70
7.00
7.00
0.20
0.50
7.00
7.00
7.00
5.00
17.30
15.30
42.20
70.30
11.00
6.40
3.80
0.20
13.30
3.90
9.30
43.60
16.80
5.80
0.40
2.60
17.20
3.20
2.40
1.40
0.00
12.20
32.80
13.50
19.20
20.20
0.50
1.50
0.00
2.80
36.10
50.20
7.30
41.40
1.50
5.30
9.20
2.70
0.00
1.90
7.10
1.70
0.50
16.60
36.90
15.60
22.40
10.20
1.20
0.00
5.20
2.40
4.70
5.20
5.00
2.00
15.60
14.70
0.00
0.00
0.00
11.50
19.30
14.20
23.70
22.60
0.00
0.10
0.00
8.00
9.70
9.70
5.90
0.20
2.10
0.00
41.70
3.40
5.20
21.90
13.20
0.00
0.00
0.00
0.00
0.50
0.70
0.00
0.00
0.00
0.00
0.30
7.40
0.90
0.10
0.00
1.00
