20160101
0.00
0.00
0.00
0.00
0.00
0.00
0.00
0.00
12.00
0.00
0.00
0.00
0.00
0.00
0.00
0.00
0.00
4.00
1.00
31.00
0.00
0.00
0.00
0.00
0.00
0.00
0.00
0.00
0.00
0.00
0.00
0.00
0.00
0.00
0.00
0.00
0.00
0.00
0.00
0.00
0.00
4.00
0.00
0.00
0.00
0.00
0.00
0.00
0.00
0.00
0.00
22.00
0.00
11.00
291.00
0.00
19.00
0.00
0.00
0.00
0.00
1.00
0.00
39.00
0.00
39.00
0.00
0.00
0.00
0.00
4.00
0.00
0.00
0.00
4.00
0.00
0.00
0.00
6.00
24.00
87.00
0.00
0.00
0.00
0.00
0.00
0.00
441.00
91.00
26.00
471.00
11.00
0.00
880.00
362.00
703.00
206.00
0.00
7.00
0.00
0.00
0.00
0.00
69.00
34.00
174.00
337.00
557.00
64.00
540.00
349.00
68.00
275.00
0.00
0.00
242.00
258.00
126.00
1.00
0.00
284.00
162.00
91.00
224.00
146.00
34.00
139.00
30.00
2.00
1.00
35.00
25.00
226.00
41.00
414.00
119.00
28.00
421.00
126.00
105.00
87.00
687.00
2.00
0.00
1.00
63.00
66.00
2.00
189.00
58.00
60.00
80.00
0.00
0.00
186.00
108.00
2.00
12.00
47.00
0.00
1.00
191.00
53.00
60.00
162.00
79.00
41.00
570.00
387.00
38.00
25.00
5.00
57.00
296.00
230.00
23.00
22.00
56.00
186.00
18.00
91.00
47.00
79.00
110.00
53.00
108.00
8.00
23.00
82.00
170.00
324.00
38.00
66.00
15.00
4.00
9.00
248.00
13.00
0.00
17.00
94.00
33.00
4.00
61.00
100.00
86.00
125.00
27.00
1.00
96.00
175.00
142.00
1.00
61.00
33.00
98.00
222.00
161.00
45.00
55.00
130.00
81.00
135.00
3.00
3.00
102.00
303.00
635.00
7.00
203.00
159.00
0.00
130.00
42.00
0.00
1.00
0.00
268.00
45.00
131.00
98.00
358.00
330.00
174.00
75.00
15.00
194.00
53.00
189.00
77.00
31.00
3.00
13.00
46.00
99.00
488.00
752.00
499.00
0.00
45.00
4.00
314.00
18.00
83.00
444.00
2.00
366.00
89.00
242.00
1.00
0.00
85.00
6.00
8.00
0.00
1.00
0.00
568.00
45.00
34.00
233.00
200.00
25.00
4.00
12.00
110.00
52.00
0.00
0.00
0.00
0.00
0.00
0.00
0.00
0.00
0.00
0.00
0.00
0.00
11.00
7.00
4.00
5.00
0.00
0.00
0.00
0.00
11.00
156.00
882.00
366.00
0.00
0.00
0.00
0.00
0.00
0.00
0.00
0.00
0.00
0.00
0.00
0.00
0.00
0.00
0.00
0.00
0.00
0.00
0.00
0.00
0.00
0.00
0.00
0.00
0.00
0.00
0.00
0.00
0.00
0.00
0.00
0.00
5.00
0.00
0.00
0.00
0.00
0.00
0.00
0.00
0.00
0.00
0.00
0.00
0.00
0.00
0.00
0.00
0.00
0.00
0.00
0.00
0.00
0.00
0.00
0.00
0.00
0.00
0.00
0.00
0.00
0.00
0.00
0.00
0.00
0.00
0.00
0.00
0.00
0.00
0.00
0.00
0.00
0.00
0.00
0.00
0.00
0.00
0.00
0.00
0.00
2.00
0.00
0.00
0.00
0.00
0.00
0.00
0.00
0.00
0.00
0.00
0.00
0.00
0.00
0.00
0.00
0.00
0.00
0.00
0.00
0.00
0.00
0.00
0.00
0.00
0.00
0.00
0.00
0.00
0.00
0.00
0.00
0.00
0.00
0.00
0.00
0.00
35.00
0.00
0.00
58.00
0.00
515.00
41.00
0.00
0.00
0.00
0.00
0.00
14.00
21.00
2.00
48.00
0.00
0.00
0.00
0.00
247.00
55.00
3.00
45.00
461.00
509.00
366.00
10.00
139.00
137.00
448.00
783.00
0.00
5.00
0.00
0.00
0.00
0.00
0.00
0.00
0.00
97.00
1.00
0.00
1.00
611.00
908.00
465.00
420.00
4.00
253.00
175.00
1.00
0.00
124.00
60.00
80.00
293.00
0.00
0.00
47.00
137.00
94.00
0.00
0.00
65.00
1.00
33.00
0.00
85.00
223.00
360.00
1.00
56.00
48.00
186.00
254.00
16.00
52.00
0.00
12.00
1.00
24.00
1.00
14.00
175.00
380.00
247.00
774.00
216.00
815.00
555.00
234.00
3.00
8.00
63.00
122.00
178.00
135.00
570.00
18.00
257.00
35.00
257.00
341.00
893.00
587.00
83.00
19.00
56.00
413.00
357.00
452.00
136.00
208.00
567.00
84.00
151.00
140.00
10.00
36.00
106.00
130.00
26.00
126.00
14.00
96.00
33.00
151.00
436.00
381.00
29.00
338.00
162.00
18.00
52.00
32.00
128.00
191.00
427.00
122.00
176.00
67.00
55.00
26.00
11.00
9.00
9.00
87.00
217.00
69.00
277.00
643.00
140.00
58.00
22.00
6.00
5.00
199.00
770.00
231.00
3.00
39.00
56.00
6.00
374.00
28.00
255.00
66.00
238.00
17.00
940.00
144.00
183.00
106.00
278.00
188.00
126.00
187.00
148.00
142.00
5.00
70.00
90.00
316.00
237.00
175.00
149.00
132.00
272.00
112.00
0.00
133.00
65.00
2.00
0.00
151.00
140.00
267.00
48.00
9.00
0.00
0.00
0.00
15.00
35.00
161.00
311.00
77.00
102.00
169.00
6.00
22.00
7.00
74.00
121.00
54.00
0.00
1.00
1.00
0.00
107.00
54.00
1.00
28.00
0.00
402.00
324.00
561.00
657.00
1368.00
0.00
0.00
0.00
0.00
0.00
0.00
0.00
78.00
207.00
0.00
0.00
0.00
0.00
0.00
4.00
2.00
0.00
0.00
0.00
0.00
0.00
18.00
4.00
12.00
195.00
39.00
5.00
0.00
0.00
0.00
0.00
0.00
0.00
0.00
0.00
0.00
0.00
0.00
0.00
0.00
0.00
0.00
0.00
0.00
0.00
0.00
0.00
285.00
247.00
407.00
19.00
0.00
0.00
0.00
0.00
0.00
0.00
0.00
42.00
0.00
0.00
1.00
0.00
0.00
0.00
0.00
0.00
0.00
0.00
0.00
0.00
295.00
5.00
0.00
0.00
0.00
0.00
0.00
0.00
0.00
0.00
0.00
0.00
0.00
0.00
0.00
0.00
0.00
0.00
0.00
0.00
0.00
0.00
0.00
0.00
0.00
0.00
0.00
0.00
0.00
0.00
0.00
0.00
0.00
0.00
0.00
0.00
0.00
146.00
61.00
119.00
18.00
0.00
0.00
23.00
6.00
0.00
0.00
0.00
0.00
0.00
0.00
0.00
0.00
0.00
0.00
309.00
495.00
0.00
0.00
0.00
0.00
0.00
0.00
0.00
0.00
0.00
0.00
0.00
0.00
0.00
0.00
12.00
0.00
37.00
41.00
5.00
0.00
0.00
0.00
0.00
0.00
2.00
0.00
50.00
227.00
3.00
45.00
503.00
255.00
23.00
0.00
26.00
0.00
0.00
337.00
57.00
66.00
5.00
35.00
4.00
73.00
132.00
0.00
75.00
0.00
0.00
142.00
47.00
17.00
28.00
389.00
145.00
0.00
1.00
118.00
30.00
8.00
286.00
75.00
169.00
0.00
281.00
120.00
253.00
462.00
1030.00
1000.00
486.00
353.00
182.00
106.00
1.00
8.00
45.00
223.00
16.00
2.00
78.00
0.00
0.00
23.00
59.00
5.00
285.00
33.00
18.00
33.00
47.00
7.00
67.00
233.00
49.00
33.00
313.00
96.00
164.00
236.00
397.00
125.00
155.00
64.00
161.00
262.00
62.00
634.00
499.00
11.00
69.00
2.00
26.00
2.00
60.00
55.00
18.00
42.00
9.00
59.00
51.00
12.00
35.00
12.00
3.00
52.00
45.00
0.00
0.00
13.00
87.00
19.00
6.00
38.00
25.00
152.00
11.00
127.00
98.00
39.00
117.00
5.00
22.00
30.00
210.00
55.00
92.00
295.00
117.00
18.00
11.00
64.00
124.00
78.00
327.00
67.00
0.00
2.00
15.00
402.00
67.00
97.00
105.00
70.00
20.00
160.00
67.00
412.00
409.00
196.00
610.00
26.00
0.00
0.00
32.00
100.00
11.00
246.00
15.00
107.00
139.00
195.00
25.00
2.00
28.00
37.00
97.00
1.00
49.00
218.00
75.00
0.00
2.00
2.00
173.00
18.00
85.00
5.00
34.00
2.00
0.00
0.00
0.00
127.00
119.00
286.00
59.00
3.00
52.00
8.00
109.00
118.00
117.00
0.00
0.00
4.00
0.00
0.00
0.00
0.00
3.00
12.00
0.00
0.00
6.00
108.00
196.00
196.00
7.00
0.00
0.00
0.00
0.00
0.00
0.00
0.00
0.00
0.00
0.00
0.00
0.00
0.00
380.00
248.00
75.00
65.00
0.00
0.00
0.00
0.00
2.00
9.00
0.00
0.00
0.00
0.00
0.00
0.00
0.00
0.00
0.00
0.00
0.00
0.00
0.00
0.00
0.00
0.00
0.00
0.00
0.00
0.00
0.00
0.00
0.00
0.00
0.00
0.00
0.00
0.00
0.00
10.00
0.00
0.00
0.00
0.00
0.00
0.00
0.00
0.00
0.00
0.00
25.00
99.00
39.00
0.00
0.00
0.00
0.00
0.00
0.00
0.00
0.00
0.00
0.00
0.00
0.00
0.00
0.00
0.00
0.00
0.00
0.00
0.00
0.00
0.00
0.00
0.00
0.00
0.00
0.00
0.00
0.00
0.00
0.00
0.00
0.00
0.00
0.00
0.00
0.00
0.00
0.00
0.00
0.00
0.00
0.00
0.00
0.00
0.00
0.00
0.00
0.00
0.00
0.00
0.00
0.00
0.00
0.00
0.00
0.00
0.00
0.00
0.00
0.00
4.00
0.00
0.00
0.00
0.00
0.00
0.00
0.20
45.90
15.80
45.20
18.90
0.00
0.00
0.00
19.80
9.00
2.20
0.00
0.00
0.00
0.00
0.00
0.00
0.00
0.00
1.60
0.10
50.80
0.80
0.00
0.00
0.00
30.80
0.00
0.00
0.00
3.80
20.40
0.00
0.00
0.00
147.50
19.30
103.40
0.10
25.70
6.90
30.00
0.00
18.30
19.70
0.00
0.80
3.50
0.00
0.00
5.90
13.00
0.00
0.00
0.00
1.90
0.10
0.20
0.00
0.00
0.00
0.00
5.10
12.20
5.80
0.90
0.90
3.50
48.80
62.80
0.00
0.00
0.00
9.10
0.10
0.00
2.50
0.30
29.20
9.70
18.70
5.90
47.40
19.30
0.10
0.10
0.10
6.10
6.10
68.70
3.10
25.60
0.00
0.00
0.00
0.00
46.40
42.50
2.10
16.30
64.70
18.30
0.00
12.90
11.50
1.70
25.30
0.00
2.80
47.40
69.00
13.50
0.40
0.90
13.50
22.90
5.10
20.70
0.60
0.00
0.00
39.00
33.00
7.70
20.90
4.80
19.10
18.60
5.90
6.40
16.40
16.30
14.50
5.90
7.40
43.00
43.00
62.50
62.50
9.30
9.00
9.00
0.20
0.00
9.00
9.00
9.00
4.50
10.00
32.00
48.60
101.70
8.50
3.20
3.70
0.60
20.90
5.40
8.50
46.00
21.00
14.90
0.30
0.40
16.90
2.70
0.30
0.60
0.00
5.60
23.20
15.70
16.90
14.40
0.00
1.60
0.00
3.80
8.70
32.20
21.40
35.40
1.30
11.40
3.30
6.20
0.00
1.00
4.00
14.50
1.70
20.30
40.70
13.50
16.50
6.30
0.70
0.90
5.20
5.80
4.10
2.80
1.10
0.40
11.70
13.80
0.00
0.10
0.00
12.10
19.10
20.30
29.70
26.80
0.00
0.10
0.20
7.20
9.00
9.00
7.50
0.10
2.40
0.00
43.90
3.40
0.10
26.70
14.30
0.00
0.00
0.00
0.00
3.00
4.10
0.00
0.00
0.00
0.00
1.50
2.50
0.60
0.10
0.00
14.40
