20160101
0.00
0.00
0.00
0.00
0.00
0.00
0.00
0.00
2.00
0.00
0.00
0.00
0.00
0.00
0.00
0.00
0.00
0.00
26.00
39.00
0.00
0.00
0.00
0.00
0.00
0.00
0.00
0.00
0.00
0.00
0.00
0.00
0.00
0.00
0.00
0.00
0.00
0.00
8.00
0.00
0.00
0.00
0.00
0.00
0.00
0.00
0.00
0.00
0.00
0.00
7.00
2.00
0.00
0.00
8.00
0.00
9.00
0.00
0.00
0.00
0.00
4.00
0.00
0.00
0.00
286.00
0.00
0.00
0.00
0.00
0.00
1.00
0.00
3.00
1.00
0.00
0.00
0.00
0.00
0.00
1.00
0.00
0.00
0.00
0.00
0.00
0.00
211.00
139.00
173.00
277.00
13.00
1.00
45.00
38.00
15.00
0.00
0.00
0.00
0.00
0.00
0.00
0.00
0.00
0.00
238.00
121.00
19.00
0.00
0.00
0.00
0.00
0.00
0.00
0.00
0.00
0.00
189.00
0.00
0.00
0.00
34.00
1.00
106.00
1.00
46.00
15.00
113.00
13.00
12.00
46.00
8.00
942.00
438.00
77.00
777.00
8.00
11.00
145.00
27.00
41.00
510.00
0.00
0.00
57.00
124.00
1.00
227.00
60.00
17.00
40.00
11.00
0.00
0.00
0.00
0.00
0.00
83.00
1025.00
0.00
11.00
0.00
183.00
136.00
1.00
301.00
72.00
162.00
65.00
6.00
82.00
140.00
110.00
156.00
173.00
70.00
24.00
187.00
80.00
16.00
61.00
78.00
65.00
69.00
80.00
200.00
119.00
27.00
212.00
510.00
149.00
23.00
50.00
13.00
5.00
16.00
50.00
293.00
76.00
240.00
185.00
59.00
52.00
267.00
54.00
272.00
129.00
39.00
155.00
24.00
226.00
49.00
160.00
295.00
112.00
277.00
166.00
68.00
7.00
39.00
49.00
5.00
286.00
5.00
11.00
215.00
314.00
350.00
138.00
33.00
37.00
1.00
178.00
68.00
9.00
15.00
12.00
766.00
24.00
19.00
90.00
67.00
83.00
106.00
118.00
286.00
71.00
25.00
8.00
23.00
20.00
16.00
7.00
115.00
74.00
452.00
574.00
124.00
5.00
42.00
43.00
132.00
228.00
1303.00
98.00
4.00
130.00
131.00
253.00
248.00
4.00
11.00
0.00
135.00
8.00
9.00
0.00
4.00
153.00
2.00
214.00
87.00
166.00
48.00
67.00
1.00
0.00
0.00
0.00
0.00
0.00
0.00
0.00
0.00
0.00
0.00
0.00
15.00
0.00
0.00
127.00
43.00
0.00
5.00
0.00
1.00
0.00
17.00
80.00
193.00
0.00
0.00
0.00
0.00
0.00
0.00
0.00
0.00
0.00
0.00
0.00
1.00
0.00
0.00
0.00
0.00
0.00
0.00
0.00
0.00
0.00
0.00
0.00
0.00
0.00
4.00
0.00
0.00
0.00
0.00
0.00
0.00
0.00
0.00
0.00
0.00
0.00
0.00
0.00
0.00
0.00
0.00
0.00
0.00
0.00
0.00
0.00
0.00
0.00
0.00
0.00
0.00
0.00
0.00
0.00
0.00
0.00
0.00
0.00
0.00
0.00
0.00
0.00
0.00
0.00
1.00
0.00
0.00
0.00
0.00
0.00
0.00
0.00
0.00
0.00
0.00
0.00
0.00
0.00
0.00
0.00
0.00
11.00
0.00
0.00
0.00
0.00
0.00
0.00
0.00
0.00
0.00
0.00
0.00
0.00
0.00
0.00
0.00
0.00
0.00
0.00
0.00
0.00
0.00
0.00
0.00
0.00
0.00
17.00
0.00
0.00
0.00
0.00
0.00
0.00
0.00
0.00
0.00
33.00
4.00
0.00
0.00
28.00
0.00
231.00
34.00
0.00
0.00
0.00
0.00
0.00
0.00
11.00
24.00
182.00
0.00
0.00
0.00
18.00
103.00
0.00
7.00
216.00
398.00
151.00
0.00
201.00
17.00
118.00
0.00
41.00
0.00
13.00
0.00
0.00
0.00
0.00
0.00
0.00
0.00
221.00
33.00
0.00
12.00
742.00
83.00
8.00
685.00
0.00
328.00
303.00
0.00
1.00
0.00
11.00
143.00
591.00
0.00
2.00
50.00
115.00
264.00
0.00
0.00
19.00
3.00
61.00
0.00
72.00
428.00
700.00
2.00
63.00
0.00
35.00
3.00
0.00
96.00
0.00
1.00
0.00
65.00
0.00
3.00
116.00
184.00
357.00
826.00
388.00
606.00
8.00
44.00
0.00
0.00
6.00
3.00
141.00
282.00
991.00
22.00
240.00
3.00
360.00
290.00
785.00
1504.00
10.00
3.00
153.00
0.00
124.00
7.00
20.00
19.00
119.00
32.00
248.00
97.00
152.00
266.00
205.00
124.00
59.00
34.00
26.00
115.00
67.00
119.00
108.00
55.00
25.00
71.00
79.00
340.00
136.00
130.00
66.00
304.00
237.00
15.00
230.00
91.00
186.00
27.00
72.00
151.00
75.00
49.00
232.00
78.00
356.00
709.00
178.00
25.00
17.00
34.00
44.00
454.00
779.00
707.00
269.00
104.00
115.00
91.00
270.00
64.00
84.00
59.00
191.00
406.00
163.00
197.00
294.00
759.00
447.00
47.00
67.00
144.00
285.00
46.00
92.00
48.00
26.00
153.00
98.00
46.00
134.00
242.00
366.00
33.00
3.00
165.00
93.00
3.00
7.00
170.00
143.00
205.00
152.00
66.00
6.00
10.00
11.00
30.00
9.00
319.00
660.00
171.00
217.00
194.00
50.00
0.00
4.00
0.00
580.00
28.00
9.00
5.00
0.00
2.00
3.00
0.00
80.00
0.00
0.00
0.00
0.00
63.00
876.00
516.00
0.00
0.00
0.00
0.00
0.00
0.00
0.00
1.00
12.00
4.00
1.00
0.00
0.00
0.00
0.00
0.00
0.00
0.00
0.00
0.00
0.00
27.00
0.00
30.00
423.00
52.00
16.00
5.00
0.00
0.00
0.00
0.00
0.00
0.00
0.00
0.00
0.00
0.00
0.00
0.00
0.00
0.00
0.00
0.00
0.00
0.00
0.00
10.00
239.00
15.00
0.00
0.00
0.00
0.00
0.00
0.00
0.00
0.00
23.00
2.00
0.00
0.00
0.00
0.00
0.00
0.00
0.00
0.00
0.00
0.00
0.00
186.00
0.00
0.00
0.00
0.00
0.00
0.00
0.00
0.00
0.00
0.00
0.00
0.00
0.00
0.00
0.00
0.00
0.00
0.00
0.00
0.00
0.00
0.00
0.00
0.00
0.00
0.00
0.00
0.00
0.00
0.00
0.00
0.00
0.00
0.00
8.00
0.00
957.00
385.00
315.00
35.00
24.00
0.00
397.00
224.00
0.00
0.00
0.00
0.00
0.00
0.00
0.00
0.00
0.00
0.00
613.00
268.00
0.00
0.00
0.00
0.00
0.00
0.00
22.00
0.00
0.00
0.00
0.00
0.00
0.00
0.00
0.00
0.00
0.00
110.00
0.00
0.00
0.00
0.00
0.00
0.00
6.00
4.00
53.00
22.00
0.00
152.00
241.00
294.00
509.00
0.00
8.00
0.00
0.00
27.00
105.00
119.00
37.00
0.00
0.00
189.00
1.00
3.00
255.00
0.00
224.00
23.00
71.00
7.00
63.00
89.00
10.00
0.00
1.00
334.00
112.00
0.00
108.00
139.00
105.00
0.00
146.00
0.00
62.00
727.00
856.00
15.00
102.00
122.00
47.00
124.00
0.00
1.00
0.00
203.00
11.00
6.00
14.00
15.00
46.00
16.00
82.00
27.00
380.00
52.00
3.00
0.00
243.00
0.00
261.00
96.00
121.00
0.00
25.00
66.00
1.00
14.00
50.00
13.00
384.00
8.00
36.00
342.00
1.00
734.00
73.00
0.00
78.00
121.00
186.00
0.00
15.00
4.00
11.00
171.00
30.00
72.00
22.00
17.00
3.00
13.00
75.00
132.00
27.00
237.00
8.00
42.00
27.00
4.00
47.00
19.00
75.00
96.00
108.00
261.00
107.00
5.00
45.00
9.00
13.00
285.00
64.00
38.00
295.00
243.00
153.00
10.00
114.00
26.00
60.00
211.00
117.00
49.00
43.00
4.00
103.00
174.00
744.00
62.00
9.00
97.00
159.00
145.00
400.00
163.00
30.00
322.00
208.00
27.00
106.00
290.00
89.00
118.00
42.00
235.00
211.00
201.00
161.00
74.00
7.00
37.00
6.00
114.00
31.00
30.00
83.00
105.00
84.00
3.00
2.00
12.00
45.00
42.00
218.00
125.00
156.00
151.00
3.00
1.00
0.00
14.00
125.00
115.00
5.00
2.00
14.00
111.00
96.00
48.00
75.00
0.00
67.00
0.00
0.00
0.00
18.00
12.00
0.00
0.00
0.00
0.00
0.00
12.00
67.00
248.00
2.00
0.00
0.00
0.00
0.00
0.00
0.00
0.00
6.00
2.00
0.00
0.00
0.00
0.00
3.00
54.00
31.00
12.00
0.00
0.00
0.00
0.00
0.00
5.00
0.00
0.00
0.00
0.00
0.00
0.00
0.00
0.00
9.00
0.00
0.00
0.00
0.00
0.00
0.00
0.00
0.00
0.00
0.00
0.00
0.00
0.00
0.00
0.00
0.00
0.00
0.00
4.00
0.00
34.00
0.00
0.00
0.00
0.00
0.00
0.00
0.00
0.00
0.00
0.00
11.00
65.00
21.00
0.00
0.00
0.00
0.00
0.00
0.00
0.00
0.00
0.00
0.00
0.00
0.00
0.00
0.00
0.00
0.00
0.00
0.00
0.00
0.00
0.00
0.00
0.00
0.00
0.00
0.00
0.00
0.00
0.00
0.00
0.00
0.00
0.00
0.00
0.00
0.00
0.00
0.00
1.00
1.00
0.00
0.00
0.00
0.00
0.00
0.00
0.00
0.00
0.00
0.00
0.00
1.00
0.00
0.00
0.00
0.00
0.00
0.00
0.00
1.00
0.00
0.00
0.00
0.00
0.00
0.00
0.00
0.90
13.30
4.80
37.10
7.00
0.00
0.00
0.00
1.20
0.00
0.00
0.00
0.00
0.00
0.00
0.00
0.00
0.00
2.00
0.70
0.00
18.90
1.00
1.90
0.00
0.00
2.90
0.00
0.00
0.00
15.20
11.70
0.00
2.90
7.20
130.20
3.50
48.40
0.00
15.20
1.30
31.80
0.00
7.90
51.30
0.00
4.40
2.00
23.10
0.00
0.00
2.20
0.00
0.00
0.00
0.00
8.20
0.20
0.00
0.00
0.00
0.00
12.20
0.00
4.90
0.60
0.60
2.60
69.40
18.50
0.00
0.00
0.00
0.00
0.10
0.00
0.50
0.00
36.20
1.30
7.50
0.40
15.80
39.70
2.00
2.00
0.20
19.40
19.40
25.50
5.00
0.00
7.20
0.00
0.00
19.90
20.90
11.50
41.50
4.70
0.50
31.00
0.30
0.40
0.00
6.00
0.00
0.00
0.00
3.80
18.80
93.20
0.00
187.90
0.80
13.60
9.10
29.40
0.00
0.00
0.00
16.40
75.30
12.90
49.40
0.80
18.50
10.20
0.40
0.00
2.00
2.10
20.10
15.40
28.80
33.10
33.10
63.90
63.90
43.60
0.10
0.10
1.60
0.00
0.10
0.10
0.10
20.60
6.50
5.00
20.20
25.00
15.40
4.30
0.90
1.90
15.40
10.50
4.70
9.50
5.40
5.00
16.80
1.40
5.90
8.20
4.80
2.60
3.40
38.20
13.20
4.00
13.10
97.70
0.20
0.00
0.00
2.70
5.90
31.30
30.80
7.50
0.40
0.60
3.10
2.50
4.10
0.80
10.70
56.20
79.20
37.70
16.60
8.70
4.60
0.80
0.60
8.20
4.50
1.80
3.40
12.80
3.90
15.70
7.20
3.40
0.00
0.00
0.00
10.60
59.20
8.20
60.10
35.30
1.00
5.00
9.60
2.30
20.50
20.50
10.50
0.00
0.80
12.20
10.70
43.30
2.10
19.10
0.30
0.00
0.00
0.00
0.00
0.00
0.00
0.00
0.00
0.00
0.00
0.10
4.30
1.60
0.10
0.00
3.20
