20160101
0.00
0.00
0.00
0.00
0.00
0.00
0.00
0.00
2.00
0.00
0.00
0.00
0.00
0.00
0.00
0.00
0.00
0.00
24.00
40.00
0.00
0.00
0.00
0.00
0.00
0.00
0.00
0.00
0.00
0.00
0.00
0.00
0.00
0.00
0.00
0.00
0.00
0.00
14.00
0.00
0.00
0.00
0.00
0.00
0.00
0.00
0.00
0.00
0.00
0.00
8.00
1.00
0.00
0.00
9.00
0.00
8.00
0.00
0.00
0.00
0.00
5.00
0.00
0.00
0.00
446.00
0.00
0.00
0.00
2.00
0.00
0.00
0.00
4.00
0.00
0.00
0.00
0.00
0.00
0.00
5.00
0.00
0.00
0.00
0.00
0.00
0.00
36.00
349.00
286.00
489.00
9.00
2.00
102.00
70.00
3.00
0.00
0.00
0.00
0.00
0.00
0.00
0.00
0.00
0.00
168.00
438.00
13.00
0.00
0.00
0.00
0.00
0.00
0.00
0.00
0.00
0.00
103.00
0.00
0.00
0.00
19.00
2.00
90.00
1.00
3.00
30.00
134.00
8.00
16.00
24.00
3.00
1056.00
272.00
43.00
736.00
0.00
17.00
36.00
30.00
11.00
358.00
0.00
0.00
69.00
56.00
1.00
105.00
64.00
2.00
60.00
41.00
0.00
0.00
0.00
0.00
0.00
104.00
1557.00
0.00
15.00
0.00
206.00
90.00
0.00
135.00
62.00
159.00
31.00
5.00
34.00
59.00
87.00
224.00
141.00
19.00
17.00
157.00
77.00
15.00
49.00
53.00
59.00
73.00
147.00
262.00
61.00
23.00
270.00
492.00
77.00
17.00
22.00
13.00
1.00
10.00
118.00
359.00
54.00
220.00
127.00
58.00
30.00
302.00
39.00
203.00
142.00
40.00
194.00
34.00
192.00
87.00
245.00
424.00
108.00
192.00
102.00
48.00
3.00
24.00
53.00
5.00
288.00
4.00
4.00
132.00
366.00
316.00
299.00
25.00
21.00
0.00
144.00
51.00
6.00
6.00
3.00
1096.00
20.00
9.00
89.00
44.00
67.00
93.00
56.00
259.00
92.00
14.00
6.00
9.00
11.00
8.00
4.00
73.00
41.00
506.00
688.00
139.00
5.00
43.00
66.00
15.00
197.00
839.00
79.00
0.00
67.00
6.00
125.00
133.00
4.00
16.00
0.00
151.00
26.00
4.00
0.00
10.00
115.00
5.00
264.00
64.00
30.00
63.00
70.00
2.00
0.00
0.00
0.00
0.00
0.00
0.00
0.00
0.00
0.00
0.00
0.00
34.00
0.00
0.00
129.00
19.00
2.00
0.00
0.00
4.00
0.00
19.00
200.00
207.00
0.00
0.00
0.00
0.00
0.00
0.00
0.00
0.00
0.00
0.00
0.00
3.00
0.00
0.00
0.00
0.00
0.00
0.00
0.00
0.00
0.00
0.00
0.00
0.00
0.00
0.00
0.00
0.00
0.00
0.00
0.00
0.00
0.00
0.00
0.00
0.00
0.00
0.00
0.00
0.00
0.00
0.00
0.00
0.00
0.00
0.00
0.00
0.00
62.00
0.00
0.00
0.00
0.00
0.00
0.00
0.00
14.00
0.00
0.00
0.00
0.00
0.00
0.00
0.00
0.00
1.00
0.00
0.00
0.00
0.00
0.00
0.00
0.00
0.00
0.00
0.00
0.00
0.00
0.00
0.00
0.00
0.00
9.00
0.00
0.00
0.00
0.00
0.00
0.00
0.00
0.00
0.00
0.00
0.00
0.00
0.00
0.00
0.00
0.00
0.00
0.00
0.00
0.00
0.00
0.00
0.00
0.00
0.00
10.00
0.00
0.00
0.00
0.00
0.00
0.00
0.00
0.00
1.00
33.00
8.00
0.00
0.00
21.00
0.00
241.00
95.00
0.00
0.00
0.00
0.00
0.00
0.00
8.00
18.00
156.00
0.00
0.00
0.00
0.00
105.00
0.00
8.00
146.00
273.00
180.00
1.00
209.00
8.00
188.00
0.00
76.00
0.00
12.00
0.00
0.00
0.00
0.00
0.00
0.00
0.00
13.00
7.00
0.00
20.00
710.00
41.00
18.00
802.00
3.00
259.00
362.00
0.00
1.00
0.00
31.00
144.00
373.00
0.00
0.00
46.00
112.00
213.00
0.00
0.00
13.00
1.00
56.00
0.00
54.00
279.00
692.00
0.00
146.00
0.00
37.00
5.00
0.00
14.00
0.00
0.00
0.00
55.00
1.00
2.00
102.00
195.00
401.00
994.00
415.00
648.00
6.00
90.00
0.00
0.00
26.00
12.00
332.00
291.00
827.00
11.00
209.00
6.00
356.00
299.00
769.00
1947.00
3.00
2.00
125.00
0.00
91.00
4.00
44.00
32.00
92.00
40.00
183.00
68.00
114.00
288.00
271.00
127.00
73.00
27.00
36.00
92.00
99.00
87.00
95.00
23.00
13.00
54.00
62.00
360.00
86.00
136.00
137.00
194.00
146.00
11.00
220.00
59.00
328.00
75.00
49.00
141.00
80.00
22.00
136.00
92.00
275.00
475.00
86.00
29.00
13.00
17.00
57.00
427.00
626.00
708.00
213.00
89.00
173.00
43.00
241.00
37.00
82.00
30.00
156.00
465.00
194.00
226.00
164.00
503.00
486.00
41.00
49.00
72.00
289.00
17.00
112.00
79.00
42.00
99.00
109.00
14.00
43.00
148.00
327.00
239.00
3.00
169.00
97.00
0.00
7.00
123.00
108.00
200.00
104.00
41.00
10.00
10.00
10.00
28.00
4.00
300.00
487.00
219.00
117.00
160.00
59.00
0.00
3.00
1.00
331.00
50.00
17.00
5.00
0.00
1.00
6.00
0.00
77.00
0.00
0.00
0.00
0.00
138.00
1113.00
682.00
0.00
0.00
0.00
0.00
0.00
0.00
0.00
3.00
13.00
1.00
0.00
0.00
0.00
0.00
0.00
0.00
0.00
0.00
0.00
0.00
0.00
50.00
0.00
4.00
445.00
37.00
9.00
0.00
0.00
0.00
0.00
0.00
0.00
0.00
0.00
0.00
0.00
0.00
0.00
0.00
0.00
0.00
0.00
0.00
0.00
0.00
0.00
25.00
352.00
3.00
0.00
0.00
0.00
0.00
0.00
0.00
0.00
0.00
21.00
0.00
0.00
0.00
0.00
0.00
0.00
0.00
0.00
0.00
0.00
0.00
0.00
202.00
1.00
0.00
0.00
0.00
0.00
0.00
0.00
0.00
0.00
0.00
0.00
0.00
0.00
0.00
0.00
0.00
0.00
0.00
0.00
0.00
0.00
0.00
0.00
0.00
0.00
0.00
0.00
0.00
0.00
0.00
0.00
0.00
0.00
0.00
8.00
0.00
821.00
405.00
274.00
29.00
148.00
0.00
189.00
191.00
0.00
0.00
0.00
0.00
0.00
0.00
0.00
0.00
0.00
0.00
635.00
310.00
0.00
0.00
0.00
0.00
0.00
0.00
43.00
0.00
0.00
0.00
0.00
0.00
0.00
0.00
0.00
0.00
14.00
71.00
0.00
0.00
0.00
0.00
0.00
0.00
0.00
8.00
57.00
84.00
0.00
397.00
271.00
364.00
544.00
0.00
13.00
0.00
0.00
19.00
110.00
161.00
19.00
2.00
0.00
195.00
5.00
1.00
322.00
0.00
210.00
68.00
52.00
62.00
63.00
101.00
17.00
0.00
0.00
337.00
114.00
0.00
83.00
234.00
76.00
0.00
213.00
1.00
62.00
829.00
565.00
20.00
56.00
203.00
47.00
60.00
0.00
0.00
0.00
251.00
16.00
0.00
19.00
46.00
126.00
14.00
67.00
17.00
250.00
37.00
0.00
0.00
194.00
0.00
216.00
233.00
85.00
0.00
55.00
21.00
0.00
0.00
21.00
31.00
421.00
2.00
29.00
517.00
2.00
654.00
26.00
7.00
60.00
112.00
207.00
0.00
1.00
2.00
13.00
112.00
7.00
81.00
20.00
7.00
2.00
7.00
34.00
150.00
20.00
198.00
1.00
5.00
31.00
2.00
18.00
5.00
117.00
69.00
120.00
288.00
101.00
3.00
20.00
3.00
22.00
259.00
75.00
40.00
296.00
204.00
102.00
6.00
97.00
14.00
50.00
92.00
98.00
94.00
55.00
5.00
69.00
147.00
482.00
38.00
2.00
83.00
108.00
87.00
224.00
166.00
79.00
202.00
251.00
60.00
128.00
409.00
87.00
51.00
20.00
169.00
150.00
101.00
215.00
33.00
6.00
35.00
5.00
6.00
24.00
67.00
55.00
140.00
45.00
2.00
0.00
8.00
28.00
32.00
168.00
93.00
181.00
150.00
6.00
1.00
0.00
15.00
176.00
107.00
3.00
2.00
7.00
101.00
70.00
75.00
141.00
0.00
0.00
0.00
0.00
0.00
19.00
2.00
0.00
0.00
0.00
0.00
1.00
14.00
59.00
283.00
3.00
0.00
0.00
0.00
0.00
0.00
0.00
0.00
3.00
1.00
0.00
0.00
0.00
0.00
9.00
63.00
54.00
19.00
0.00
0.00
0.00
0.00
0.00
24.00
0.00
0.00
0.00
0.00
0.00
0.00
0.00
0.00
9.00
0.00
0.00
0.00
0.00
0.00
0.00
0.00
0.00
0.00
0.00
0.00
0.00
0.00
0.00
0.00
0.00
0.00
0.00
0.00
0.00
53.00
0.00
0.00
0.00
0.00
0.00
0.00
0.00
0.00
0.00
0.00
19.00
65.00
15.00
0.00
0.00
0.00
0.00
0.00
0.00
0.00
0.00
0.00
0.00
0.00
0.00
0.00
0.00
0.00
0.00
0.00
0.00
0.00
0.00
0.00
0.00
0.00
0.00
0.00
0.00
0.00
0.00
0.00
0.00
0.00
0.00
0.00
0.00
0.00
0.00
0.00
0.00
0.00
0.00
0.00
0.00
0.00
0.00
0.00
0.00
0.00
0.00
0.00
0.00
0.00
1.00
0.00
0.00
0.00
0.00
0.00
0.00
0.00
2.00
0.00
0.00
0.00
0.00
0.00
0.00
0.00
1.80
14.70
5.60
34.70
6.50
0.00
0.00
0.00
2.80
0.50
0.00
0.00
0.00
0.00
0.00
0.00
0.00
0.00
2.30
0.60
0.00
22.30
0.40
0.90
0.00
0.00
6.60
0.00
0.00
0.00
11.50
13.00
0.00
0.10
7.70
116.60
7.10
28.30
0.00
6.40
0.00
62.00
0.10
16.60
61.20
0.20
5.50
5.10
24.10
0.00
0.00
6.80
0.00
0.00
0.00
0.00
10.00
0.00
0.00
0.00
0.00
0.00
5.70
0.00
1.70
0.00
0.00
1.50
58.20
19.40
0.00
0.00
0.00
0.00
0.00
0.00
0.30
0.00
34.60
1.40
4.90
0.40
6.40
25.30
2.50
2.50
0.30
18.60
18.60
22.40
3.80
0.00
6.60
0.00
0.00
9.00
23.80
12.80
43.10
6.90
11.20
27.60
1.20
0.30
0.30
2.80
0.00
0.00
0.00
3.70
18.30
89.90
0.00
221.20
0.80
12.70
7.30
10.50
0.00
0.00
0.00
14.60
51.50
10.80
109.80
7.50
15.40
18.10
0.60
0.00
3.20
0.70
18.60
14.70
42.80
17.30
17.30
55.70
55.70
69.30
0.00
0.00
1.50
0.00
0.00
0.00
0.00
4.50
3.70
2.90
18.80
19.40
5.50
4.40
0.10
2.90
19.50
10.60
6.10
12.70
4.80
5.50
17.50
0.80
5.60
12.30
0.00
1.20
5.30
35.60
9.00
10.90
23.20
73.90
0.20
0.00
0.00
2.80
3.20
25.10
24.00
4.90
0.30
0.20
0.00
5.10
3.90
0.80
8.70
69.50
83.10
20.20
13.70
5.40
2.90
0.90
1.20
11.10
1.70
2.50
1.80
22.20
8.90
14.40
9.60
1.50
0.00
0.00
0.00
6.40
68.80
4.00
45.50
42.10
0.70
3.60
7.00
3.90
19.50
19.50
10.60
0.00
0.70
16.70
6.70
18.40
8.50
9.00
2.80
0.00
0.00
0.00
0.00
0.00
0.00
0.00
0.00
0.00
0.00
0.10
4.30
1.60
0.10
0.00
3.20
