20160101
0.00
0.00
0.00
0.00
0.00
0.00
0.00
0.00
82.00
0.00
0.00
0.00
2.00
0.00
0.00
0.00
0.00
0.00
2.00
34.00
0.00
0.00
0.00
0.00
0.00
12.00
0.00
0.00
0.00
0.00
0.00
4.00
0.00
0.00
0.00
0.00
0.00
0.00
0.00
0.00
3.00
7.00
0.00
0.00
0.00
0.00
0.00
0.00
0.00
0.00
0.00
3.00
0.00
10.00
254.00
11.00
21.00
0.00
0.00
0.00
0.00
0.00
0.00
187.00
0.00
7.00
0.00
0.00
0.00
0.00
62.00
0.00
0.00
0.00
8.00
0.00
0.00
0.00
6.00
6.00
66.00
0.00
0.00
0.00
0.00
0.00
0.00
923.00
17.00
43.00
295.00
7.00
0.00
464.00
465.00
966.00
129.00
111.00
277.00
57.00
28.00
77.00
0.00
73.00
194.00
197.00
523.00
1119.00
227.00
778.00
98.00
1181.00
898.00
70.00
88.00
210.00
262.00
250.00
50.00
0.00
232.00
51.00
157.00
57.00
248.00
58.00
72.00
12.00
4.00
0.00
5.00
52.00
178.00
93.00
557.00
133.00
249.00
1881.00
529.00
74.00
48.00
786.00
0.00
0.00
60.00
47.00
66.00
54.00
14.00
38.00
138.00
143.00
1.00
0.00
3.00
0.00
161.00
89.00
763.00
10.00
666.00
253.00
4.00
29.00
22.00
24.00
45.00
110.00
915.00
70.00
23.00
7.00
198.00
108.00
47.00
40.00
13.00
99.00
68.00
29.00
319.00
49.00
245.00
452.00
152.00
42.00
3.00
60.00
5.00
27.00
373.00
18.00
39.00
125.00
34.00
31.00
470.00
67.00
0.00
10.00
15.00
15.00
10.00
85.00
184.00
123.00
167.00
18.00
1.00
160.00
176.00
158.00
22.00
2.00
6.00
3.00
108.00
334.00
10.00
201.00
70.00
88.00
45.00
54.00
113.00
128.00
32.00
149.00
3.00
95.00
2.00
0.00
313.00
65.00
1.00
8.00
0.00
304.00
18.00
326.00
80.00
143.00
957.00
465.00
99.00
13.00
324.00
227.00
573.00
391.00
249.00
61.00
1.00
1.00
122.00
301.00
631.00
172.00
0.00
5.00
69.00
41.00
44.00
31.00
1144.00
338.00
1.00
153.00
121.00
52.00
1.00
951.00
65.00
194.00
133.00
0.00
0.00
11.00
10.00
29.00
38.00
357.00
208.00
122.00
26.00
136.00
15.00
0.00
0.00
0.00
0.00
0.00
0.00
0.00
0.00
0.00
0.00
2.00
0.00
7.00
147.00
25.00
10.00
0.00
0.00
0.00
0.00
16.00
181.00
384.00
342.00
0.00
0.00
0.00
0.00
0.00
0.00
0.00
0.00
0.00
0.00
0.00
0.00
0.00
0.00
0.00
0.00
0.00
0.00
0.00
0.00
0.00
0.00
0.00
0.00
13.00
0.00
0.00
0.00
0.00
0.00
0.00
0.00
0.00
0.00
0.00
0.00
0.00
0.00
0.00
0.00
0.00
0.00
0.00
0.00
0.00
0.00
0.00
0.00
0.00
0.00
0.00
0.00
0.00
0.00
0.00
0.00
0.00
0.00
0.00
0.00
0.00
0.00
0.00
0.00
0.00
0.00
0.00
0.00
0.00
0.00
0.00
0.00
0.00
0.00
0.00
0.00
0.00
0.00
0.00
0.00
0.00
1.00
0.00
0.00
0.00
0.00
0.00
0.00
0.00
0.00
0.00
0.00
0.00
0.00
0.00
0.00
0.00
0.00
0.00
0.00
0.00
0.00
0.00
0.00
0.00
484.00
137.00
0.00
0.00
0.00
0.00
0.00
0.00
0.00
0.00
0.00
0.00
12.00
140.00
2.00
0.00
80.00
0.00
526.00
55.00
0.00
0.00
0.00
0.00
0.00
59.00
128.00
0.00
120.00
0.00
0.00
0.00
0.00
113.00
1.00
31.00
70.00
635.00
522.00
1140.00
351.00
530.00
304.00
535.00
126.00
1.00
24.00
83.00
109.00
0.00
0.00
0.00
0.00
0.00
253.00
18.00
0.00
9.00
398.00
629.00
164.00
81.00
75.00
223.00
407.00
51.00
31.00
202.00
34.00
145.00
113.00
0.00
0.00
61.00
434.00
156.00
0.00
1.00
332.00
0.00
1.00
0.00
38.00
323.00
299.00
7.00
2.00
95.00
132.00
81.00
275.00
35.00
0.00
154.00
52.00
153.00
24.00
29.00
176.00
546.00
187.00
1101.00
228.00
665.00
145.00
0.00
0.00
7.00
66.00
26.00
514.00
339.00
262.00
72.00
88.00
0.00
90.00
315.00
712.00
558.00
0.00
22.00
24.00
627.00
489.00
468.00
519.00
135.00
275.00
90.00
179.00
313.00
35.00
112.00
47.00
172.00
47.00
249.00
50.00
117.00
48.00
80.00
564.00
298.00
69.00
283.00
5.00
2.00
65.00
321.00
97.00
28.00
88.00
215.00
62.00
50.00
107.00
14.00
62.00
20.00
136.00
92.00
245.00
17.00
132.00
22.00
219.00
142.00
91.00
41.00
0.00
56.00
545.00
238.00
70.00
64.00
125.00
44.00
51.00
5.00
657.00
7.00
136.00
85.00
81.00
309.00
187.00
189.00
15.00
82.00
103.00
371.00
163.00
16.00
13.00
164.00
142.00
1.00
5.00
10.00
123.00
150.00
394.00
14.00
3.00
26.00
185.00
1.00
1.00
188.00
15.00
271.00
70.00
53.00
0.00
1.00
0.00
1.00
33.00
144.00
145.00
10.00
304.00
50.00
8.00
0.00
0.00
133.00
153.00
365.00
169.00
10.00
0.00
0.00
307.00
59.00
0.00
57.00
0.00
30.00
88.00
228.00
518.00
1521.00
0.00
0.00
0.00
0.00
0.00
0.00
6.00
327.00
581.00
0.00
0.00
0.00
0.00
0.00
3.00
0.00
0.00
0.00
0.00
0.00
0.00
29.00
0.00
7.00
142.00
50.00
10.00
0.00
0.00
0.00
0.00
0.00
0.00
0.00
0.00
0.00
0.00
0.00
0.00
0.00
0.00
0.00
0.00
0.00
0.00
0.00
0.00
284.00
460.00
392.00
0.00
0.00
0.00
0.00
0.00
0.00
0.00
0.00
59.00
0.00
0.00
0.00
0.00
0.00
0.00
0.00
0.00
0.00
0.00
0.00
70.00
215.00
22.00
0.00
0.00
0.00
0.00
0.00
0.00
0.00
0.00
0.00
0.00
0.00
0.00
0.00
0.00
0.00
0.00
0.00
0.00
0.00
0.00
0.00
0.00
0.00
0.00
0.00
0.00
0.00
0.00
0.00
0.00
0.00
0.00
0.00
0.00
0.00
33.00
16.00
66.00
3.00
1.00
0.00
3.00
0.00
0.00
0.00
0.00
0.00
0.00
5.00
0.00
0.00
59.00
0.00
184.00
457.00
0.00
0.00
0.00
0.00
18.00
0.00
0.00
0.00
0.00
0.00
0.00
0.00
0.00
4.00
651.00
0.00
331.00
109.00
411.00
15.00
0.00
0.00
0.00
0.00
0.00
0.00
42.00
149.00
3.00
218.00
557.00
338.00
31.00
1.00
9.00
0.00
0.00
0.00
17.00
0.00
2.00
287.00
25.00
87.00
52.00
1.00
135.00
0.00
0.00
181.00
29.00
0.00
71.00
224.00
26.00
0.00
20.00
51.00
2.00
4.00
80.00
25.00
443.00
3.00
324.00
47.00
207.00
346.00
742.00
721.00
318.00
532.00
777.00
343.00
0.00
12.00
21.00
224.00
13.00
0.00
83.00
72.00
0.00
4.00
20.00
87.00
274.00
479.00
120.00
50.00
112.00
9.00
207.00
52.00
77.00
48.00
96.00
168.00
331.00
191.00
24.00
14.00
13.00
46.00
420.00
393.00
53.00
713.00
469.00
18.00
45.00
73.00
36.00
37.00
127.00
14.00
17.00
97.00
66.00
40.00
152.00
17.00
85.00
28.00
5.00
18.00
32.00
0.00
2.00
54.00
248.00
44.00
10.00
261.00
57.00
162.00
14.00
263.00
17.00
84.00
40.00
5.00
0.00
22.00
100.00
120.00
165.00
264.00
83.00
20.00
43.00
181.00
237.00
155.00
538.00
105.00
12.00
18.00
69.00
253.00
15.00
104.00
107.00
242.00
121.00
203.00
218.00
303.00
42.00
35.00
67.00
16.00
0.00
3.00
127.00
76.00
3.00
378.00
30.00
163.00
257.00
79.00
51.00
19.00
64.00
263.00
170.00
0.00
408.00
109.00
0.00
18.00
0.00
15.00
211.00
92.00
91.00
10.00
57.00
0.00
17.00
22.00
20.00
520.00
71.00
0.00
106.00
0.00
19.00
36.00
248.00
36.00
149.00
0.00
0.00
0.00
3.00
0.00
0.00
0.00
0.00
0.00
0.00
0.00
0.00
112.00
106.00
189.00
45.00
2.00
0.00
0.00
0.00
0.00
0.00
0.00
0.00
0.00
0.00
0.00
0.00
0.00
1256.00
315.00
87.00
66.00
9.00
0.00
0.00
0.00
31.00
0.00
0.00
0.00
0.00
0.00
0.00
0.00
0.00
0.00
0.00
0.00
0.00
0.00
0.00
0.00
0.00
0.00
0.00
0.00
0.00
0.00
0.00
0.00
0.00
0.00
0.00
0.00
0.00
0.00
0.00
1.00
0.00
0.00
0.00
0.00
0.00
0.00
0.00
0.00
0.00
0.00
3.00
39.00
30.00
0.00
0.00
0.00
0.00
0.00
0.00
0.00
0.00
0.00
0.00
0.00
0.00
0.00
0.00
0.00
0.00
0.00
0.00
0.00
0.00
0.00
0.00
0.00
0.00
0.00
0.00
0.00
0.00
0.00
0.00
0.00
0.00
0.00
0.00
0.00
0.00
0.00
0.00
0.00
0.00
0.00
0.00
0.00
0.00
0.00
0.00
0.00
0.00
0.00
0.00
0.00
0.00
2.00
0.00
0.00
0.00
0.00
0.00
0.00
0.00
8.00
0.00
0.00
0.00
0.00
0.00
0.00
0.00
58.70
11.10
19.40
17.10
0.00
0.00
0.00
2.00
5.30
0.00
0.00
0.00
0.00
0.00
0.00
0.00
0.00
0.00
0.60
0.40
17.10
1.10
0.00
0.00
0.00
19.40
0.00
0.00
0.00
4.80
18.40
0.00
0.00
0.00
81.30
17.40
81.10
0.00
55.60
16.90
23.60
0.30
23.90
13.90
0.00
0.00
1.70
0.00
0.00
17.10
14.10
2.70
0.00
0.00
11.30
0.00
0.30
0.00
0.00
0.00
0.00
22.80
20.80
10.90
3.40
3.40
6.00
22.90
43.60
0.00
1.80
0.70
19.30
5.20
0.00
14.50
4.90
13.80
0.60
19.00
19.20
35.90
5.90
0.00
0.00
7.30
31.80
31.80
61.40
0.00
17.90
6.10
0.00
0.00
0.80
41.80
5.60
0.00
0.20
20.20
0.70
66.50
6.80
18.00
0.40
14.00
0.00
0.00
18.30
53.00
30.30
3.70
1.10
74.50
25.40
17.90
3.60
1.40
0.00
2.80
46.40
73.40
13.90
16.00
0.20
0.70
68.50
49.20
14.80
30.30
22.40
23.20
5.20
5.90
16.10
16.10
44.60
44.60
5.30
14.50
14.50
0.00
0.00
14.50
14.50
14.50
9.10
17.60
39.30
15.80
59.00
29.50
4.90
2.70
11.10
18.90
6.80
7.30
49.30
16.20
1.90
3.60
1.00
6.40
3.50
0.30
1.30
0.00
1.70
13.30
6.80
7.50
7.20
6.00
2.60
0.50
1.00
10.60
35.20
23.10
12.30
8.80
0.10
19.50
2.70
0.00
8.50
8.10
16.30
0.70
1.00
50.00
33.70
61.50
11.30
5.40
0.00
4.80
8.90
3.30
10.50
3.50
1.00
49.00
0.00
0.00
0.00
0.00
4.70
38.30
17.20
15.80
16.10
0.80
7.90
3.90
16.80
14.10
14.10
2.90
1.50
5.60
0.10
19.70
13.90
9.20
18.80
4.80
11.40
0.00
0.00
0.00
30.00
0.30
0.00
0.00
0.00
0.00
4.30
7.20
6.10
0.30
0.30
1.30
