20160101
0.00
0.00
0.00
0.00
0.00
0.00
0.00
0.00
0.00
0.00
0.00
0.00
0.00
0.00
0.00
0.00
0.00
0.00
0.00
0.00
0.00
0.00
0.00
0.00
0.00
0.00
0.00
0.00
0.00
0.00
0.00
0.00
0.00
0.00
0.00
0.00
0.00
11.00
0.00
0.00
2.00
0.00
0.00
0.00
0.00
0.00
0.00
0.00
0.00
2.00
4.00
0.00
4.00
4.00
97.00
0.00
9.00
9.00
0.00
0.00
0.00
0.00
0.00
9.00
0.00
4.00
0.00
0.00
6.00
9.00
0.00
0.00
0.00
8.00
24.00
73.00
0.00
0.00
21.00
2.00
14.00
0.00
5.00
0.00
0.00
0.00
0.00
285.00
0.00
172.00
327.00
20.00
0.00
34.00
22.00
156.00
16.00
2.00
25.00
4.00
2.00
0.00
0.00
8.00
243.00
9.00
265.00
58.00
8.00
73.00
7.00
84.00
111.00
263.00
56.00
54.00
91.00
8.00
143.00
0.00
9.00
45.00
7.00
0.00
27.00
0.00
0.00
0.00
1.00
2.00
0.00
87.00
44.00
141.00
0.00
59.00
26.00
288.00
328.00
6.00
139.00
1205.00
0.00
32.00
1.00
0.00
0.00
0.00
0.00
2.00
0.00
7.00
0.00
0.00
0.00
76.00
26.00
60.00
167.00
40.00
346.00
15.00
63.00
64.00
0.00
1.00
123.00
191.00
113.00
224.00
4.00
47.00
22.00
183.00
40.00
99.00
36.00
60.00
31.00
0.00
109.00
91.00
198.00
59.00
35.00
45.00
3.00
26.00
107.00
176.00
20.00
12.00
21.00
73.00
6.00
47.00
262.00
310.00
0.00
0.00
48.00
9.00
69.00
115.00
200.00
36.00
162.00
0.00
1.00
8.00
36.00
47.00
121.00
9.00
5.00
0.00
8.00
193.00
266.00
57.00
8.00
8.00
121.00
2.00
7.00
60.00
0.00
99.00
152.00
40.00
0.00
4.00
275.00
0.00
3.00
75.00
4.00
148.00
0.00
62.00
0.00
29.00
47.00
146.00
39.00
32.00
23.00
31.00
67.00
4.00
51.00
17.00
165.00
215.00
7.00
0.00
3.00
0.00
17.00
0.00
21.00
1.00
46.00
145.00
5.00
10.00
0.00
1.00
11.00
19.00
23.00
19.00
19.00
21.00
0.00
24.00
0.00
0.00
15.00
0.00
1.00
0.00
62.00
66.00
104.00
30.00
0.00
0.00
0.00
0.00
0.00
0.00
0.00
0.00
0.00
0.00
0.00
0.00
0.00
0.00
190.00
254.00
2.00
8.00
0.00
0.00
0.00
0.00
89.00
117.00
33.00
0.00
0.00
0.00
0.00
0.00
0.00
0.00
0.00
0.00
0.00
0.00
0.00
0.00
0.00
0.00
0.00
0.00
0.00
0.00
0.00
0.00
0.00
0.00
0.00
1.00
0.00
0.00
0.00
0.00
0.00
0.00
0.00
0.00
0.00
0.00
0.00
0.00
0.00
0.00
0.00
0.00
0.00
0.00
0.00
0.00
0.00
0.00
0.00
0.00
0.00
0.00
0.00
0.00
0.00
0.00
0.00
0.00
0.00
0.00
0.00
0.00
0.00
0.00
0.00
0.00
0.00
0.00
0.00
0.00
0.00
0.00
0.00
0.00
0.00
1.00
0.00
0.00
0.00
0.00
0.00
0.00
39.00
0.00
0.00
0.00
0.00
0.00
0.00
0.00
0.00
0.00
0.00
0.00
0.00
0.00
0.00
0.00
0.00
0.00
0.00
0.00
0.00
0.00
0.00
0.00
0.00
0.00
0.00
0.00
0.00
0.00
0.00
0.00
0.00
0.00
0.00
0.00
25.00
21.00
0.00
0.00
47.00
0.00
5.00
42.00
2.00
0.00
0.00
0.00
0.00
0.00
19.00
3.00
64.00
0.00
0.00
0.00
0.00
18.00
0.00
0.00
10.00
124.00
389.00
179.00
159.00
50.00
395.00
578.00
8.00
0.00
0.00
0.00
0.00
0.00
0.00
0.00
0.00
0.00
66.00
4.00
0.00
0.00
106.00
17.00
52.00
63.00
31.00
41.00
51.00
0.00
8.00
9.00
0.00
6.00
203.00
0.00
0.00
7.00
51.00
39.00
1.00
0.00
228.00
0.00
0.00
0.00
27.00
15.00
51.00
14.00
0.00
2.00
0.00
0.00
1.00
0.00
0.00
3.00
0.00
12.00
69.00
26.00
95.00
152.00
5.00
136.00
37.00
20.00
2.00
0.00
0.00
4.00
2.00
12.00
18.00
331.00
108.00
0.00
0.00
11.00
267.00
16.00
1.00
11.00
0.00
62.00
176.00
39.00
1.00
0.00
2.00
80.00
71.00
382.00
530.00
196.00
103.00
225.00
241.00
15.00
11.00
4.00
333.00
124.00
46.00
65.00
14.00
0.00
20.00
21.00
95.00
256.00
118.00
122.00
54.00
147.00
289.00
254.00
35.00
22.00
44.00
2.00
66.00
11.00
5.00
2.00
26.00
6.00
102.00
17.00
219.00
90.00
9.00
6.00
1.00
38.00
24.00
25.00
6.00
43.00
102.00
89.00
12.00
47.00
76.00
6.00
16.00
109.00
0.00
2.00
151.00
485.00
37.00
46.00
5.00
29.00
9.00
206.00
240.00
34.00
10.00
1.00
1.00
45.00
10.00
54.00
50.00
143.00
321.00
57.00
7.00
0.00
557.00
489.00
480.00
243.00
126.00
0.00
1.00
24.00
0.00
4.00
190.00
78.00
199.00
186.00
60.00
31.00
2.00
3.00
0.00
11.00
1.00
0.00
2.00
0.00
0.00
99.00
7.00
15.00
3.00
1.00
0.00
0.00
0.00
14.00
57.00
460.00
0.00
0.00
0.00
0.00
0.00
0.00
0.00
204.00
105.00
0.00
1.00
0.00
0.00
0.00
0.00
0.00
0.00
0.00
0.00
0.00
0.00
46.00
0.00
1.00
25.00
85.00
7.00
0.00
0.00
0.00
0.00
0.00
0.00
0.00
0.00
0.00
0.00
0.00
0.00
0.00
0.00
0.00
0.00
0.00
0.00
1.00
5.00
194.00
147.00
58.00
0.00
0.00
0.00
0.00
0.00
0.00
0.00
0.00
0.00
0.00
0.00
0.00
0.00
0.00
0.00
0.00
0.00
0.00
0.00
0.00
0.00
102.00
114.00
0.00
0.00
0.00
0.00
0.00
0.00
0.00
0.00
0.00
0.00
0.00
0.00
0.00
0.00
0.00
0.00
0.00
0.00
0.00
0.00
0.00
0.00
0.00
0.00
0.00
0.00
0.00
0.00
0.00
0.00
0.00
0.00
0.00
0.00
0.00
0.00
61.00
122.00
0.00
14.00
0.00
1.00
1.00
0.00
0.00
0.00
0.00
0.00
0.00
0.00
0.00
0.00
0.00
0.00
23.00
0.00
0.00
0.00
0.00
5.00
0.00
0.00
0.00
0.00
0.00
0.00
0.00
0.00
11.00
81.00
0.00
16.00
21.00
59.00
0.00
0.00
0.00
0.00
0.00
0.00
0.00
0.00
3.00
17.00
0.00
1.00
12.00
0.00
30.00
20.00
1.00
0.00
76.00
0.00
6.00
192.00
2.00
42.00
30.00
0.00
8.00
12.00
11.00
0.00
148.00
2.00
44.00
96.00
32.00
1.00
0.00
0.00
3.00
3.00
0.00
15.00
34.00
29.00
14.00
147.00
0.00
27.00
75.00
144.00
191.00
140.00
494.00
112.00
129.00
6.00
54.00
0.00
24.00
1.00
0.00
0.00
4.00
0.00
3.00
313.00
68.00
80.00
0.00
126.00
0.00
8.00
134.00
4.00
1.00
8.00
7.00
121.00
93.00
0.00
0.00
5.00
55.00
149.00
124.00
471.00
229.00
26.00
26.00
0.00
0.00
3.00
15.00
0.00
0.00
10.00
36.00
36.00
1.00
0.00
21.00
7.00
26.00
19.00
4.00
16.00
2.00
14.00
2.00
1.00
13.00
8.00
13.00
28.00
34.00
5.00
3.00
135.00
75.00
47.00
2.00
7.00
1.00
53.00
17.00
206.00
28.00
62.00
194.00
15.00
24.00
142.00
48.00
77.00
242.00
287.00
88.00
0.00
2.00
23.00
91.00
80.00
10.00
18.00
38.00
24.00
83.00
88.00
236.00
111.00
44.00
0.00
6.00
22.00
105.00
63.00
96.00
128.00
17.00
90.00
32.00
29.00
169.00
3.00
44.00
11.00
1.00
107.00
6.00
6.00
34.00
0.00
0.00
0.00
30.00
41.00
37.00
0.00
0.00
0.00
121.00
14.00
0.00
0.00
9.00
10.00
6.00
0.00
0.00
19.00
8.00
0.00
0.00
60.00
7.00
0.00
0.00
17.00
0.00
1.00
11.00
0.00
0.00
4.00
0.00
12.00
41.00
198.00
189.00
5.00
0.00
0.00
0.00
0.00
0.00
0.00
0.00
0.00
0.00
0.00
0.00
0.00
0.00
319.00
19.00
86.00
31.00
11.00
0.00
0.00
0.00
0.00
0.00
0.00
0.00
0.00
0.00
0.00
0.00
9.00
0.00
0.00
0.00
0.00
0.00
0.00
0.00
0.00
0.00
0.00
0.00
0.00
0.00
0.00
0.00
0.00
0.00
0.00
0.00
0.00
0.00
0.00
0.00
4.00
0.00
0.00
0.00
0.00
0.00
0.00
0.00
0.00
1.00
18.00
6.00
36.00
0.00
0.00
0.00
0.00
0.00
0.00
0.00
0.00
0.00
0.00
0.00
0.00
0.00
0.00
0.00
0.00
0.00
0.00
0.00
0.00
0.00
0.00
0.00
0.00
0.00
0.00
0.00
0.00
0.00
0.00
0.00
0.00
0.00
0.00
0.00
0.00
0.00
0.00
0.00
0.00
0.00
2.00
0.00
0.00
0.00
0.00
0.00
0.00
0.00
0.00
0.00
0.00
0.00
0.00
0.00
0.00
0.00
0.00
0.00
0.00
4.00
0.00
0.00
0.00
0.00
0.00
0.00
0.20
58.50
61.30
47.10
38.60
0.00
0.00
0.00
0.00
11.20
0.00
0.00
0.00
0.00
0.00
0.00
0.00
0.00
0.00
0.10
0.00
0.00
3.90
0.00
0.10
0.00
3.10
0.00
0.00
0.00
0.00
23.90
0.00
0.00
0.00
11.40
12.50
43.30
0.20
6.10
0.00
1.80
4.30
4.10
42.80
0.00
0.00
2.60
0.70
1.60
2.50
0.00
3.70
0.00
0.00
0.00
0.00
1.20
0.00
0.00
0.00
0.00
0.00
4.10
2.40
0.10
0.10
0.50
7.20
4.50
0.00
0.00
0.00
0.00
0.00
0.00
0.00
0.00
0.50
0.00
0.50
0.00
0.50
0.00
0.00
0.00
0.00
0.00
0.00
9.70
0.10
0.00
0.00
0.00
0.00
0.00
0.10
0.10
0.00
34.10
0.40
2.50
22.70
20.00
20.00
10.90
13.40
0.70
0.00
8.70
35.60
4.10
0.30
0.00
6.70
8.20
12.60
11.30
11.50
0.10
0.00
13.10
7.60
0.10
0.40
0.30
33.10
2.60
0.00
0.00
1.70
8.30
1.30
1.30
0.40
0.00
0.00
2.80
2.80
0.00
2.30
2.30
0.20
0.00
2.30
2.30
2.30
2.80
9.20
10.10
5.10
26.90
16.40
0.70
0.00
5.10
12.50
1.20
2.00
13.40
1.20
0.80
84.70
5.70
4.60
0.60
7.10
8.70
6.40
9.90
27.50
1.90
0.00
4.00
2.20
0.20
0.10
2.80
13.60
31.50
17.80
12.30
0.60
0.00
0.10
22.10
0.70
0.30
0.20
5.50
5.30
7.30
1.00
3.30
1.70
0.10
11.70
20.60
3.80
4.70
0.40
0.10
0.00
6.90
0.30
0.10
0.00
0.90
5.20
7.00
13.00
5.80
17.40
13.50
0.00
0.00
0.00
11.40
2.70
2.70
7.50
3.80
0.00
7.40
4.20
7.20
0.20
4.10
7.20
0.00
0.00
0.00
0.00
2.80
1.00
0.00
0.00
0.00
0.00
0.50
5.80
0.10
0.00
1.50
1.50
