20160101
0.00
0.00
0.00
0.00
0.00
0.00
0.00
0.00
0.00
0.00
0.00
0.00
0.00
0.00
0.00
0.00
0.00
0.00
21.00
50.00
0.00
0.00
0.00
0.00
0.00
0.00
0.00
0.00
0.00
0.00
0.00
0.00
0.00
0.00
0.00
0.00
0.00
0.00
27.00
0.00
0.00
0.00
0.00
0.00
0.00
0.00
0.00
0.00
0.00
0.00
11.00
0.00
0.00
0.00
7.00
0.00
6.00
0.00
0.00
0.00
0.00
0.00
0.00
0.00
0.00
47.00
0.00
0.00
0.00
0.00
0.00
1.00
3.00
4.00
1.00
0.00
0.00
0.00
0.00
0.00
0.00
0.00
0.00
0.00
0.00
0.00
0.00
42.00
12.00
92.00
306.00
3.00
0.00
16.00
2.00
20.00
0.00
0.00
0.00
0.00
0.00
0.00
0.00
0.00
306.00
17.00
130.00
0.00
0.00
0.00
0.00
0.00
0.00
0.00
0.00
0.00
0.00
199.00
1.00
0.00
0.00
29.00
0.00
56.00
0.00
72.00
15.00
137.00
12.00
14.00
105.00
9.00
883.00
503.00
185.00
770.00
34.00
8.00
294.00
18.00
64.00
273.00
0.00
0.00
145.00
87.00
1.00
66.00
6.00
19.00
54.00
25.00
0.00
0.00
0.00
0.00
0.00
11.00
702.00
0.00
53.00
7.00
262.00
34.00
0.00
229.00
39.00
321.00
170.00
19.00
193.00
164.00
73.00
106.00
158.00
161.00
34.00
217.00
35.00
48.00
170.00
110.00
28.00
51.00
22.00
303.00
188.00
31.00
93.00
514.00
181.00
46.00
50.00
14.00
54.00
50.00
74.00
274.00
207.00
169.00
228.00
131.00
75.00
135.00
67.00
302.00
165.00
28.00
13.00
40.00
192.00
38.00
133.00
254.00
132.00
222.00
299.00
118.00
9.00
39.00
92.00
3.00
201.00
11.00
7.00
364.00
339.00
411.00
84.00
37.00
20.00
1.00
138.00
37.00
5.00
13.00
6.00
938.00
24.00
10.00
104.00
26.00
203.00
62.00
166.00
443.00
100.00
29.00
36.00
40.00
14.00
6.00
2.00
167.00
67.00
528.00
415.00
17.00
47.00
7.00
103.00
133.00
279.00
587.00
9.00
0.00
199.00
48.00
339.00
222.00
1.00
1.00
0.00
32.00
7.00
5.00
0.00
0.00
65.00
10.00
33.00
57.00
668.00
38.00
53.00
5.00
0.00
0.00
0.00
0.00
0.00
0.00
0.00
0.00
0.00
0.00
0.00
9.00
0.00
0.00
61.00
1.00
0.00
6.00
0.00
0.00
0.00
3.00
50.00
196.00
0.00
0.00
0.00
0.00
0.00
0.00
0.00
0.00
0.00
0.00
0.00
0.00
0.00
0.00
0.00
0.00
0.00
0.00
0.00
0.00
0.00
0.00
0.00
0.00
0.00
13.00
0.00
0.00
0.00
0.00
0.00
0.00
0.00
0.00
0.00
0.00
0.00
0.00
0.00
0.00
0.00
0.00
0.00
0.00
0.00
0.00
0.00
0.00
0.00
0.00
0.00
0.00
0.00
0.00
0.00
0.00
0.00
0.00
0.00
0.00
0.00
0.00
0.00
0.00
0.00
3.00
0.00
0.00
0.00
0.00
0.00
0.00
0.00
0.00
0.00
0.00
0.00
0.00
0.00
0.00
0.00
0.00
12.00
0.00
0.00
0.00
0.00
0.00
0.00
0.00
0.00
0.00
0.00
0.00
0.00
0.00
0.00
0.00
0.00
0.00
0.00
0.00
0.00
0.00
0.00
0.00
0.00
0.00
84.00
0.00
0.00
0.00
0.00
0.00
0.00
0.00
0.00
0.00
125.00
60.00
0.00
0.00
36.00
0.00
126.00
6.00
0.00
0.00
0.00
0.00
0.00
13.00
15.00
41.00
210.00
0.00
0.00
0.00
41.00
80.00
0.00
4.00
317.00
467.00
57.00
0.00
201.00
12.00
36.00
4.00
55.00
0.00
17.00
0.00
0.00
0.00
0.00
0.00
0.00
0.00
234.00
88.00
0.00
2.00
520.00
282.00
14.00
716.00
0.00
261.00
295.00
0.00
0.00
0.00
7.00
162.00
430.00
0.00
0.00
41.00
94.00
254.00
0.00
0.00
36.00
3.00
167.00
0.00
102.00
536.00
694.00
1.00
64.00
0.00
43.00
115.00
0.00
125.00
0.00
7.00
1.00
131.00
2.00
3.00
117.00
134.00
178.00
368.00
521.00
370.00
6.00
15.00
0.00
0.00
6.00
0.00
182.00
57.00
1380.00
29.00
164.00
12.00
230.00
189.00
629.00
1085.00
172.00
22.00
176.00
15.00
162.00
7.00
17.00
13.00
100.00
14.00
273.00
112.00
168.00
398.00
157.00
156.00
38.00
65.00
25.00
183.00
70.00
179.00
144.00
94.00
19.00
130.00
124.00
24.00
167.00
46.00
28.00
78.00
267.00
16.00
169.00
165.00
53.00
24.00
122.00
159.00
65.00
60.00
284.00
137.00
291.00
459.00
251.00
36.00
15.00
43.00
92.00
455.00
1115.00
641.00
203.00
105.00
161.00
55.00
278.00
78.00
102.00
60.00
342.00
321.00
232.00
207.00
201.00
1185.00
321.00
138.00
101.00
107.00
251.00
70.00
122.00
14.00
9.00
125.00
62.00
83.00
75.00
424.00
533.00
1.00
2.00
99.00
106.00
1.00
1.00
257.00
199.00
188.00
172.00
208.00
10.00
6.00
61.00
21.00
6.00
234.00
322.00
206.00
385.00
512.00
23.00
0.00
3.00
0.00
45.00
3.00
1.00
3.00
0.00
1.00
9.00
0.00
55.00
0.00
0.00
0.00
0.00
7.00
861.00
564.00
0.00
0.00
0.00
0.00
0.00
0.00
0.00
0.00
9.00
0.00
0.00
0.00
0.00
0.00
0.00
0.00
0.00
0.00
0.00
0.00
0.00
19.00
0.00
10.00
399.00
134.00
17.00
7.00
0.00
0.00
0.00
0.00
0.00
0.00
0.00
0.00
0.00
0.00
0.00
0.00
0.00
0.00
0.00
0.00
0.00
0.00
0.00
16.00
182.00
19.00
0.00
0.00
0.00
0.00
0.00
0.00
0.00
0.00
28.00
3.00
0.00
0.00
0.00
0.00
0.00
0.00
0.00
0.00
0.00
0.00
0.00
72.00
0.00
0.00
0.00
0.00
0.00
0.00
0.00
0.00
0.00
0.00
0.00
0.00
0.00
0.00
0.00
0.00
0.00
0.00
0.00
0.00
0.00
0.00
0.00
0.00
0.00
0.00
0.00
0.00
0.00
0.00
0.00
0.00
0.00
0.00
0.00
0.00
978.00
374.00
264.00
20.00
8.00
106.00
654.00
289.00
0.00
0.00
0.00
0.00
0.00
0.00
0.00
0.00
0.00
0.00
614.00
59.00
0.00
0.00
0.00
0.00
0.00
0.00
6.00
0.00
0.00
0.00
0.00
0.00
0.00
0.00
4.00
0.00
0.00
71.00
0.00
0.00
0.00
0.00
0.00
0.00
18.00
0.00
63.00
11.00
0.00
114.00
153.00
291.00
561.00
0.00
5.00
0.00
0.00
33.00
86.00
71.00
47.00
5.00
0.00
82.00
0.00
0.00
175.00
0.00
118.00
21.00
34.00
0.00
11.00
108.00
0.00
0.00
4.00
146.00
44.00
0.00
95.00
116.00
246.00
0.00
117.00
0.00
123.00
639.00
774.00
2.00
170.00
239.00
47.00
15.00
0.00
1.00
0.00
96.00
7.00
7.00
0.00
0.00
2.00
53.00
586.00
51.00
143.00
274.00
20.00
0.00
196.00
9.00
219.00
33.00
188.00
0.00
26.00
91.00
1.00
0.00
22.00
7.00
246.00
1.00
34.00
190.00
5.00
505.00
46.00
0.00
3.00
91.00
154.00
0.00
3.00
6.00
12.00
217.00
66.00
69.00
26.00
15.00
1.00
53.00
122.00
177.00
21.00
110.00
24.00
13.00
31.00
18.00
49.00
33.00
36.00
137.00
124.00
170.00
119.00
13.00
51.00
9.00
7.00
182.00
65.00
31.00
272.00
260.00
114.00
4.00
144.00
34.00
107.00
475.00
116.00
86.00
48.00
7.00
79.00
120.00
508.00
85.00
28.00
98.00
154.00
186.00
413.00
143.00
49.00
497.00
174.00
6.00
16.00
292.00
38.00
72.00
36.00
397.00
255.00
204.00
175.00
79.00
14.00
25.00
7.00
147.00
41.00
55.00
227.00
144.00
59.00
3.00
3.00
37.00
48.00
45.00
501.00
634.00
158.00
71.00
1.00
0.00
0.00
7.00
77.00
105.00
9.00
0.00
9.00
62.00
38.00
127.00
3.00
1.00
0.00
0.00
0.00
0.00
66.00
0.00
0.00
0.00
0.00
0.00
1.00
6.00
120.00
139.00
7.00
0.00
0.00
9.00
0.00
0.00
0.00
0.00
0.00
0.00
0.00
0.00
0.00
0.00
0.00
41.00
40.00
6.00
0.00
0.00
0.00
0.00
0.00
19.00
0.00
0.00
0.00
0.00
0.00
0.00
0.00
0.00
0.00
0.00
0.00
0.00
0.00
0.00
0.00
0.00
0.00
0.00
0.00
0.00
0.00
0.00
0.00
0.00
0.00
0.00
0.00
4.00
0.00
6.00
0.00
0.00
0.00
0.00
0.00
0.00
0.00
0.00
0.00
0.00
3.00
84.00
29.00
0.00
0.00
0.00
0.00
0.00
0.00
0.00
0.00
0.00
0.00
0.00
0.00
0.00
0.00
0.00
0.00
0.00
0.00
0.00
0.00
0.00
0.00
0.00
0.00
0.00
0.00
0.00
0.00
0.00
0.00
0.00
0.00
0.00
0.00
0.00
0.00
0.00
0.00
2.00
2.00
0.00
0.00
0.00
0.00
0.00
0.00
0.00
0.00
0.00
0.00
0.00
4.00
0.00
0.00
0.00
1.00
0.00
0.00
0.00
2.00
2.00
0.00
0.00
0.00
0.00
0.00
0.00
0.00
17.60
1.40
38.00
3.90
0.00
0.00
0.00
0.00
0.00
0.00
0.00
0.00
0.00
0.00
0.00
0.00
0.00
0.00
0.90
0.00
16.00
1.40
0.00
0.00
0.00
1.30
0.00
0.00
0.00
21.10
20.50
0.00
7.50
1.50
119.80
0.40
37.70
0.00
21.50
0.30
31.60
0.00
3.20
37.00
0.00
6.50
0.40
15.80
0.00
0.00
0.40
0.00
0.00
0.00
0.20
6.20
0.00
0.00
0.00
0.00
1.40
11.40
0.00
13.60
0.50
0.50
0.00
89.60
24.10
0.00
0.00
0.00
0.00
11.50
1.50
0.10
0.00
26.70
2.70
30.50
0.00
47.90
44.00
26.20
26.20
0.00
24.90
24.90
30.50
4.30
0.00
8.80
0.30
0.00
37.00
23.80
143.70
35.40
6.50
0.00
10.40
1.40
0.50
0.00
0.70
0.00
0.00
0.60
3.60
14.90
62.10
0.00
55.60
1.30
23.80
9.60
63.70
0.20
0.00
0.00
18.80
46.60
22.10
14.70
0.50
5.30
1.90
0.00
0.20
2.60
12.20
19.10
7.00
37.30
60.60
60.60
61.70
61.70
17.80
0.00
0.00
1.70
0.40
0.00
0.00
0.00
12.80
13.00
20.00
65.80
17.70
35.00
1.90
1.00
1.30
11.50
11.00
1.50
8.20
6.40
2.50
43.70
4.40
3.50
4.90
39.90
3.80
1.80
111.50
16.50
2.50
12.40
44.60
0.50
0.30
1.10
1.50
5.50
32.90
27.00
5.10
0.40
1.00
1.10
2.40
0.20
4.70
8.80
31.20
51.60
27.80
19.30
15.30
8.80
1.10
0.20
9.50
4.80
0.60
5.10
26.10
4.10
19.00
16.80
4.70
0.10
0.00
0.00
0.10
3.70
13.20
39.90
41.20
0.20
1.20
11.40
3.90
34.10
34.10
3.40
0.00
0.30
17.80
6.70
25.50
12.80
21.60
0.60
0.00
0.00
0.00
0.00
0.00
0.00
0.00
0.00
0.00
0.00
4.40
1.10
0.30
0.20
15.80
125.60
