20160101
0.00
0.00
0.00
0.00
0.00
0.00
0.00
0.00
0.00
0.00
0.00
0.00
10.00
0.00
0.00
0.00
0.00
0.00
60.00
114.00
0.00
0.00
0.00
0.00
0.00
0.00
2.00
0.00
0.00
0.00
0.00
0.00
0.00
0.00
0.00
0.00
0.00
0.00
14.00
0.00
0.00
0.00
0.00
0.00
0.00
0.00
4.00
1.00
0.00
1.00
13.00
0.00
0.00
0.00
0.00
0.00
9.00
1.00
0.00
0.00
0.00
0.00
0.00
0.00
0.00
135.00
0.00
0.00
0.00
0.00
0.00
0.00
18.00
20.00
0.00
0.00
0.00
0.00
0.00
0.00
0.00
0.00
0.00
0.00
0.00
0.00
0.00
172.00
24.00
139.00
139.00
15.00
0.00
12.00
6.00
5.00
0.00
1.00
0.00
0.00
0.00
0.00
0.00
0.00
6.00
0.00
287.00
0.00
0.00
0.00
0.00
0.00
0.00
0.00
0.00
0.00
0.00
6.00
0.00
0.00
0.00
0.00
10.00
93.00
0.00
5.00
0.00
271.00
26.00
25.00
152.00
6.00
346.00
62.00
121.00
202.00
55.00
3.00
558.00
107.00
92.00
7.00
0.00
1.00
46.00
52.00
0.00
79.00
14.00
0.00
4.00
324.00
0.00
0.00
0.00
0.00
0.00
85.00
85.00
0.00
0.00
0.00
50.00
86.00
4.00
369.00
59.00
263.00
12.00
4.00
147.00
87.00
41.00
110.00
46.00
39.00
15.00
155.00
27.00
3.00
5.00
8.00
14.00
268.00
91.00
119.00
251.00
43.00
22.00
223.00
59.00
12.00
6.00
5.00
150.00
83.00
100.00
197.00
445.00
90.00
141.00
157.00
59.00
46.00
219.00
54.00
294.00
20.00
7.00
85.00
64.00
72.00
34.00
295.00
78.00
92.00
205.00
140.00
2.00
37.00
10.00
1.00
113.00
6.00
0.00
97.00
228.00
144.00
242.00
79.00
19.00
0.00
51.00
28.00
2.00
1.00
0.00
724.00
10.00
1.00
77.00
3.00
70.00
22.00
27.00
735.00
45.00
18.00
11.00
3.00
2.00
28.00
0.00
51.00
5.00
119.00
399.00
0.00
1.00
1.00
115.00
58.00
219.00
290.00
55.00
11.00
58.00
23.00
371.00
264.00
0.00
8.00
166.00
0.00
60.00
12.00
0.00
0.00
1.00
0.00
1.00
18.00
102.00
236.00
48.00
30.00
0.00
0.00
0.00
0.00
0.00
0.00
0.00
0.00
0.00
0.00
0.00
0.00
0.00
0.00
171.00
0.00
0.00
23.00
0.00
26.00
2.00
1.00
107.00
332.00
0.00
0.00
0.00
0.00
0.00
0.00
0.00
0.00
0.00
0.00
0.00
0.00
0.00
0.00
0.00
0.00
0.00
0.00
0.00
0.00
0.00
0.00
0.00
0.00
0.00
71.00
0.00
0.00
0.00
0.00
0.00
0.00
0.00
0.00
0.00
0.00
0.00
0.00
0.00
0.00
0.00
0.00
0.00
0.00
0.00
0.00
0.00
0.00
0.00
0.00
0.00
0.00
0.00
0.00
0.00
0.00
0.00
0.00
0.00
0.00
0.00
0.00
0.00
0.00
0.00
68.00
0.00
0.00
0.00
0.00
0.00
0.00
0.00
0.00
0.00
0.00
0.00
0.00
0.00
0.00
0.00
2.00
7.00
0.00
0.00
0.00
0.00
0.00
0.00
0.00
0.00
0.00
0.00
0.00
0.00
0.00
0.00
0.00
0.00
0.00
0.00
0.00
0.00
0.00
0.00
0.00
0.00
0.00
389.00
0.00
0.00
0.00
0.00
0.00
0.00
0.00
0.00
0.00
140.00
9.00
0.00
0.00
11.00
1.00
137.00
0.00
0.00
0.00
0.00
0.00
0.00
69.00
0.00
59.00
277.00
0.00
0.00
0.00
0.00
158.00
0.00
0.00
354.00
177.00
11.00
0.00
46.00
70.00
7.00
0.00
0.00
0.00
22.00
39.00
0.00
0.00
0.00
0.00
0.00
0.00
72.00
338.00
0.00
5.00
811.00
43.00
192.00
599.00
0.00
106.00
280.00
0.00
0.00
0.00
14.00
643.00
131.00
0.00
0.00
29.00
94.00
157.00
1.00
2.00
108.00
0.00
171.00
2.00
136.00
403.00
628.00
24.00
87.00
0.00
26.00
4.00
0.00
0.00
0.00
2.00
0.00
126.00
3.00
0.00
160.00
50.00
12.00
94.00
738.00
61.00
0.00
58.00
0.00
1.00
110.00
1.00
226.00
72.00
681.00
57.00
50.00
39.00
421.00
124.00
1113.00
333.00
0.00
27.00
107.00
37.00
11.00
1.00
0.00
5.00
26.00
32.00
88.00
36.00
67.00
491.00
352.00
77.00
4.00
66.00
47.00
74.00
54.00
122.00
221.00
23.00
14.00
11.00
35.00
22.00
164.00
33.00
20.00
130.00
71.00
40.00
518.00
62.00
24.00
39.00
117.00
325.00
46.00
16.00
337.00
117.00
117.00
147.00
130.00
31.00
31.00
35.00
31.00
291.00
912.00
341.00
91.00
90.00
51.00
14.00
139.00
35.00
27.00
26.00
209.00
234.00
135.00
12.00
6.00
1210.00
121.00
48.00
82.00
111.00
65.00
260.00
340.00
20.00
1.00
53.00
112.00
7.00
51.00
148.00
149.00
23.00
3.00
26.00
34.00
2.00
8.00
220.00
110.00
52.00
80.00
88.00
2.00
7.00
7.00
3.00
3.00
132.00
101.00
144.00
231.00
89.00
62.00
1.00
0.00
1.00
94.00
12.00
3.00
6.00
0.00
0.00
420.00
0.00
235.00
0.00
0.00
0.00
0.00
1.00
912.00
331.00
0.00
0.00
0.00
0.00
0.00
0.00
0.00
0.00
0.00
0.00
0.00
0.00
0.00
0.00
0.00
0.00
0.00
0.00
0.00
0.00
0.00
0.00
0.00
18.00
252.00
117.00
3.00
0.00
0.00
0.00
0.00
0.00
0.00
0.00
0.00
0.00
0.00
0.00
0.00
0.00
0.00
0.00
0.00
0.00
0.00
0.00
2.00
1.00
288.00
3.00
0.00
0.00
0.00
0.00
0.00
0.00
0.00
10.00
0.00
0.00
0.00
0.00
0.00
0.00
0.00
0.00
0.00
0.00
0.00
0.00
0.00
1.00
0.00
0.00
0.00
0.00
0.00
0.00
0.00
0.00
0.00
0.00
0.00
0.00
0.00
0.00
0.00
0.00
0.00
0.00
0.00
0.00
0.00
0.00
0.00
0.00
0.00
0.00
0.00
0.00
0.00
0.00
0.00
0.00
0.00
0.00
0.00
0.00
1168.00
295.00
76.00
35.00
23.00
101.00
1023.00
525.00
0.00
0.00
0.00
0.00
0.00
0.00
0.00
0.00
0.00
0.00
340.00
168.00
0.00
0.00
0.00
0.00
0.00
0.00
49.00
0.00
0.00
0.00
0.00
0.00
0.00
0.00
0.00
0.00
0.00
35.00
0.00
0.00
0.00
0.00
0.00
0.00
0.00
0.00
204.00
20.00
0.00
21.00
2.00
585.00
221.00
0.00
9.00
0.00
0.00
54.00
29.00
44.00
2.00
10.00
0.00
17.00
12.00
0.00
59.00
0.00
0.00
13.00
26.00
0.00
37.00
114.00
0.00
0.00
0.00
323.00
48.00
0.00
160.00
181.00
296.00
0.00
207.00
0.00
86.00
528.00
436.00
3.00
31.00
134.00
16.00
1.00
0.00
4.00
0.00
33.00
66.00
0.00
0.00
0.00
19.00
8.00
334.00
64.00
92.00
110.00
0.00
0.00
43.00
1.00
170.00
97.00
38.00
15.00
15.00
0.00
0.00
19.00
84.00
84.00
101.00
0.00
2.00
20.00
0.00
218.00
21.00
0.00
26.00
89.00
165.00
0.00
0.00
1.00
17.00
255.00
26.00
17.00
14.00
9.00
2.00
63.00
108.00
361.00
159.00
36.00
1.00
8.00
9.00
2.00
3.00
97.00
1.00
79.00
76.00
62.00
24.00
11.00
7.00
1.00
2.00
341.00
9.00
37.00
117.00
616.00
30.00
27.00
75.00
75.00
139.00
157.00
237.00
189.00
42.00
24.00
5.00
32.00
391.00
49.00
32.00
27.00
27.00
24.00
25.00
66.00
46.00
431.00
31.00
5.00
1.00
97.00
41.00
2.00
17.00
554.00
158.00
226.00
50.00
8.00
3.00
6.00
6.00
109.00
5.00
141.00
119.00
87.00
33.00
1.00
0.00
5.00
6.00
6.00
211.00
753.00
142.00
36.00
1.00
3.00
0.00
3.00
445.00
284.00
47.00
1.00
4.00
10.00
10.00
178.00
0.00
0.00
0.00
0.00
0.00
0.00
0.00
0.00
0.00
0.00
0.00
0.00
0.00
1.00
501.00
117.00
8.00
0.00
0.00
0.00
0.00
0.00
0.00
0.00
0.00
0.00
0.00
0.00
0.00
0.00
2.00
22.00
3.00
0.00
0.00
0.00
0.00
0.00
0.00
0.00
0.00
0.00
0.00
0.00
0.00
0.00
0.00
0.00
0.00
0.00
0.00
0.00
0.00
0.00
0.00
0.00
0.00
0.00
0.00
0.00
0.00
0.00
0.00
0.00
0.00
0.00
0.00
0.00
0.00
4.00
0.00
0.00
0.00
0.00
0.00
0.00
0.00
0.00
0.00
0.00
8.00
64.00
162.00
0.00
0.00
0.00
0.00
0.00
0.00
0.00
0.00
0.00
0.00
0.00
0.00
0.00
0.00
0.00
0.00
0.00
0.00
0.00
0.00
0.00
0.00
0.00
0.00
0.00
0.00
0.00
0.00
0.00
0.00
0.00
0.00
0.00
0.00
0.00
0.00
0.00
0.00
9.00
9.00
1.00
0.00
0.00
0.00
0.00
0.00
0.00
0.00
0.00
0.00
0.00
4.00
0.00
0.00
0.00
0.00
0.00
0.00
2.00
2.00
0.00
0.00
0.00
0.00
0.00
0.00
0.00
0.20
24.30
0.20
25.90
0.90
0.00
0.00
0.00
6.40
0.10
0.00
0.00
0.00
0.00
0.00
0.00
0.00
0.00
0.90
3.80
0.00
0.30
3.00
0.00
0.00
0.00
0.50
0.00
0.00
0.00
10.40
0.90
0.00
26.70
0.80
85.50
0.20
24.30
0.00
36.30
0.00
41.30
0.00
9.90
16.60
0.00
4.70
0.00
20.70
0.00
4.90
3.40
0.00
0.00
0.00
0.00
3.90
0.00
0.00
0.00
0.00
2.10
1.30
0.00
2.70
1.80
1.80
1.30
69.00
28.30
0.00
0.00
0.00
0.00
0.00
0.00
0.00
0.00
25.80
0.90
19.80
0.00
38.90
29.70
2.10
2.10
0.00
34.90
34.90
81.10
2.40
0.00
9.30
12.10
0.00
9.70
9.00
13.90
52.40
0.80
0.00
0.00
0.00
0.00
0.00
0.10
0.00
0.00
2.90
1.10
8.30
28.50
0.00
50.80
0.10
2.00
1.80
48.90
1.80
0.00
0.00
15.20
41.10
13.20
3.50
0.10
19.00
17.90
0.00
0.30
0.70
11.20
115.70
12.60
40.30
173.40
173.40
66.20
66.20
59.70
0.70
0.70
1.50
1.00
0.70
0.70
0.70
3.90
15.20
46.20
10.30
5.70
38.00
6.80
2.20
6.20
7.00
4.00
2.50
8.40
4.30
5.30
8.80
4.70
4.00
13.20
14.40
5.30
0.60
35.90
10.20
7.20
12.70
30.30
18.30
0.60
1.50
1.30
2.20
23.30
16.50
1.80
1.40
0.80
0.70
3.90
4.30
3.30
14.40
14.70
16.90
6.80
5.10
1.70
0.30
6.30
2.80
24.40
19.80
1.00
7.80
48.60
2.00
5.30
38.50
8.80
0.00
0.20
0.00
2.20
0.70
11.80
29.50
61.70
2.00
0.90
16.80
14.60
42.40
42.40
0.00
0.60
0.00
11.10
9.10
18.60
52.00
21.50
0.00
0.00
0.00
0.00
0.00
0.00
0.30
0.00
0.00
0.00
0.00
4.40
1.10
0.30
0.20
15.80
125.60
