20160101
0.00
0.00
0.00
0.00
0.00
0.00
0.00
0.00
0.00
0.00
0.00
0.00
1.00
0.00
0.00
0.00
0.00
0.00
0.00
0.00
0.00
0.00
0.00
0.00
0.00
1.00
0.00
0.00
0.00
0.00
0.00
0.00
0.00
0.00
0.00
0.00
0.00
0.00
0.00
0.00
0.00
0.00
0.00
0.00
0.00
0.00
0.00
0.00
0.00
0.00
0.00
0.00
0.00
33.00
31.00
0.00
23.00
0.00
0.00
0.00
0.00
0.00
0.00
24.00
0.00
18.00
0.00
1.00
1.00
0.00
0.00
0.00
0.00
0.00
0.00
25.00
0.00
0.00
3.00
0.00
64.00
0.00
29.00
0.00
0.00
0.00
0.00
301.00
0.00
173.00
494.00
2.00
0.00
63.00
88.00
209.00
21.00
0.00
12.00
0.00
7.00
0.00
0.00
64.00
56.00
29.00
267.00
111.00
0.00
123.00
185.00
186.00
225.00
27.00
21.00
113.00
7.00
12.00
51.00
0.00
25.00
38.00
68.00
2.00
52.00
3.00
3.00
0.00
0.00
0.00
0.00
76.00
99.00
148.00
2.00
48.00
6.00
273.00
316.00
8.00
103.00
778.00
0.00
0.00
4.00
4.00
0.00
42.00
1.00
74.00
1.00
22.00
1.00
2.00
0.00
68.00
0.00
154.00
108.00
9.00
193.00
29.00
17.00
196.00
2.00
0.00
120.00
63.00
58.00
213.00
29.00
7.00
44.00
124.00
20.00
54.00
75.00
26.00
44.00
2.00
97.00
18.00
210.00
176.00
66.00
21.00
1.00
4.00
103.00
147.00
106.00
98.00
43.00
25.00
18.00
35.00
35.00
156.00
6.00
0.00
31.00
6.00
60.00
81.00
89.00
18.00
237.00
2.00
9.00
15.00
72.00
17.00
111.00
0.00
17.00
0.00
25.00
136.00
73.00
5.00
10.00
22.00
15.00
67.00
1.00
18.00
3.00
24.00
84.00
2.00
0.00
0.00
386.00
5.00
2.00
23.00
0.00
72.00
0.00
10.00
10.00
28.00
14.00
280.00
17.00
0.00
3.00
30.00
43.00
5.00
17.00
57.00
155.00
8.00
24.00
0.00
0.00
0.00
10.00
102.00
128.00
5.00
221.00
74.00
148.00
57.00
124.00
89.00
29.00
68.00
34.00
58.00
0.00
27.00
10.00
0.00
0.00
0.00
0.00
28.00
34.00
78.00
45.00
229.00
5.00
112.00
0.00
0.00
0.00
0.00
0.00
0.00
0.00
0.00
0.00
0.00
0.00
0.00
0.00
0.00
350.00
226.00
27.00
1.00
0.00
0.00
15.00
3.00
127.00
247.00
64.00
0.00
0.00
0.00
0.00
0.00
0.00
0.00
0.00
0.00
0.00
0.00
0.00
0.00
0.00
0.00
0.00
0.00
0.00
0.00
0.00
0.00
0.00
0.00
0.00
0.00
0.00
0.00
0.00
0.00
0.00
0.00
0.00
0.00
0.00
0.00
0.00
0.00
0.00
0.00
0.00
0.00
0.00
0.00
0.00
0.00
0.00
0.00
0.00
0.00
0.00
0.00
0.00
0.00
0.00
0.00
0.00
0.00
0.00
0.00
0.00
0.00
0.00
0.00
0.00
0.00
0.00
0.00
0.00
0.00
0.00
0.00
0.00
0.00
0.00
0.00
0.00
0.00
0.00
0.00
0.00
0.00
13.00
0.00
0.00
0.00
0.00
0.00
0.00
0.00
0.00
0.00
0.00
0.00
0.00
0.00
0.00
0.00
0.00
0.00
0.00
0.00
0.00
0.00
0.00
0.00
0.00
0.00
0.00
0.00
0.00
0.00
0.00
0.00
0.00
0.00
0.00
0.00
0.00
23.00
9.00
0.00
120.00
0.00
57.00
64.00
2.00
0.00
0.00
0.00
0.00
0.00
82.00
5.00
79.00
0.00
0.00
0.00
0.00
23.00
0.00
0.00
0.00
87.00
375.00
308.00
203.00
74.00
433.00
568.00
7.00
0.00
0.00
0.00
0.00
0.00
0.00
0.00
0.00
0.00
101.00
7.00
61.00
1.00
230.00
93.00
88.00
124.00
80.00
56.00
112.00
0.00
0.00
41.00
0.00
49.00
95.00
0.00
0.00
9.00
39.00
9.00
0.00
0.00
82.00
0.00
0.00
0.00
45.00
23.00
126.00
15.00
5.00
0.00
2.00
0.00
17.00
48.00
0.00
2.00
0.00
2.00
127.00
139.00
214.00
192.00
5.00
28.00
117.00
24.00
0.00
3.00
5.00
32.00
89.00
138.00
9.00
127.00
72.00
20.00
0.00
70.00
0.00
47.00
21.00
4.00
26.00
95.00
38.00
11.00
2.00
25.00
27.00
33.00
14.00
271.00
213.00
43.00
15.00
117.00
119.00
23.00
23.00
63.00
103.00
74.00
85.00
234.00
27.00
2.00
14.00
2.00
12.00
153.00
118.00
104.00
160.00
6.00
140.00
52.00
23.00
22.00
64.00
9.00
55.00
13.00
9.00
2.00
5.00
11.00
124.00
34.00
112.00
36.00
4.00
3.00
14.00
25.00
4.00
20.00
12.00
48.00
94.00
34.00
1.00
53.00
95.00
20.00
38.00
29.00
0.00
8.00
107.00
435.00
21.00
52.00
16.00
24.00
9.00
31.00
17.00
3.00
5.00
3.00
3.00
43.00
4.00
4.00
21.00
37.00
11.00
93.00
121.00
0.00
110.00
481.00
136.00
143.00
119.00
0.00
2.00
5.00
0.00
0.00
219.00
31.00
54.00
0.00
13.00
147.00
46.00
10.00
1.00
0.00
53.00
1.00
15.00
181.00
0.00
2.00
4.00
11.00
0.00
0.00
0.00
0.00
10.00
51.00
147.00
306.00
0.00
0.00
0.00
0.00
0.00
0.00
0.00
321.00
410.00
0.00
0.00
0.00
0.00
0.00
0.00
0.00
0.00
0.00
0.00
0.00
0.00
76.00
0.00
0.00
76.00
105.00
18.00
0.00
0.00
0.00
0.00
0.00
0.00
0.00
0.00
0.00
0.00
0.00
0.00
0.00
0.00
0.00
0.00
0.00
0.00
1.00
10.00
86.00
147.00
119.00
0.00
0.00
0.00
0.00
0.00
0.00
0.00
0.00
1.00
0.00
0.00
0.00
0.00
0.00
0.00
0.00
0.00
0.00
0.00
0.00
85.00
166.00
34.00
0.00
0.00
0.00
0.00
0.00
0.00
0.00
0.00
0.00
0.00
0.00
0.00
0.00
0.00
0.00
0.00
0.00
0.00
0.00
0.00
0.00
0.00
0.00
0.00
0.00
0.00
0.00
0.00
0.00
0.00
0.00
0.00
0.00
0.00
0.00
0.00
27.00
172.00
0.00
10.00
0.00
0.00
0.00
0.00
0.00
0.00
0.00
0.00
0.00
0.00
0.00
0.00
0.00
0.00
64.00
0.00
0.00
0.00
0.00
0.00
0.00
0.00
0.00
0.00
0.00
0.00
0.00
0.00
0.00
19.00
0.00
0.00
0.00
198.00
0.00
0.00
0.00
0.00
0.00
0.00
0.00
0.00
27.00
7.00
0.00
10.00
35.00
1.00
0.00
40.00
61.00
3.00
62.00
0.00
2.00
345.00
0.00
11.00
0.00
1.00
0.00
47.00
5.00
0.00
78.00
22.00
17.00
5.00
75.00
7.00
0.00
0.00
15.00
2.00
1.00
22.00
29.00
51.00
5.00
89.00
0.00
42.00
87.00
202.00
270.00
233.00
485.00
280.00
200.00
2.00
158.00
2.00
10.00
0.00
21.00
0.00
4.00
0.00
0.00
79.00
4.00
70.00
0.00
3.00
1.00
0.00
63.00
3.00
33.00
0.00
89.00
220.00
78.00
40.00
3.00
5.00
30.00
46.00
137.00
274.00
365.00
0.00
0.00
24.00
0.00
0.00
0.00
0.00
0.00
55.00
46.00
11.00
0.00
0.00
70.00
15.00
29.00
9.00
6.00
3.00
5.00
3.00
0.00
0.00
21.00
63.00
19.00
52.00
48.00
42.00
14.00
31.00
12.00
47.00
7.00
13.00
0.00
18.00
10.00
172.00
61.00
50.00
109.00
45.00
27.00
57.00
29.00
101.00
152.00
115.00
188.00
0.00
4.00
4.00
54.00
103.00
33.00
9.00
8.00
21.00
53.00
74.00
27.00
67.00
8.00
0.00
3.00
25.00
88.00
162.00
103.00
7.00
77.00
78.00
32.00
72.00
47.00
52.00
12.00
22.00
3.00
147.00
5.00
12.00
18.00
0.00
0.00
0.00
22.00
78.00
11.00
0.00
13.00
0.00
23.00
29.00
0.00
2.00
24.00
15.00
6.00
6.00
0.00
26.00
0.00
0.00
0.00
5.00
4.00
0.00
0.00
0.00
0.00
0.00
0.00
3.00
0.00
1.00
3.00
86.00
46.00
297.00
230.00
7.00
0.00
0.00
0.00
0.00
0.00
0.00
0.00
2.00
0.00
0.00
0.00
0.00
0.00
331.00
28.00
143.00
88.00
25.00
0.00
0.00
0.00
0.00
0.00
0.00
0.00
0.00
0.00
0.00
0.00
0.00
0.00
0.00
0.00
0.00
0.00
0.00
0.00
0.00
0.00
0.00
0.00
0.00
0.00
0.00
0.00
0.00
0.00
0.00
0.00
0.00
0.00
0.00
0.00
1.00
0.00
0.00
0.00
0.00
0.00
0.00
0.00
1.00
0.00
11.00
22.00
27.00
0.00
0.00
0.00
0.00
0.00
0.00
0.00
0.00
0.00
0.00
0.00
0.00
0.00
0.00
0.00
0.00
0.00
0.00
0.00
0.00
0.00
0.00
0.00
0.00
0.00
0.00
0.00
0.00
0.00
0.00
0.00
0.00
0.00
0.00
0.00
0.00
0.00
0.00
0.00
0.00
0.00
1.00
0.00
0.00
0.00
0.00
0.00
0.00
0.00
0.00
0.00
0.00
0.00
0.00
0.00
0.00
0.00
0.00
0.00
0.00
2.00
0.00
0.00
0.00
0.00
0.00
0.00
0.00
100.80
83.40
92.70
56.90
0.00
0.00
0.00
0.00
29.40
0.00
0.00
0.00
0.00
0.00
0.00
0.00
0.00
0.00
0.00
0.10
2.80
3.30
0.50
0.00
0.00
12.80
0.00
0.00
0.00
0.00
10.10
0.00
0.00
0.00
28.80
9.10
65.90
0.60
8.20
0.00
1.20
1.00
18.20
41.40
0.10
0.00
0.60
0.00
0.00
4.00
0.00
2.80
0.00
0.00
0.00
0.00
1.10
0.00
0.00
0.00
0.00
0.00
5.40
0.70
0.00
0.00
0.00
6.20
2.60
0.00
0.00
0.00
0.00
0.00
0.00
0.40
0.00
0.80
5.30
2.20
0.10
14.80
0.30
0.30
0.30
0.00
0.00
0.00
35.10
0.50
1.40
0.00
0.00
0.00
0.00
0.60
6.80
2.70
0.20
16.10
1.70
3.80
16.90
6.70
9.80
3.90
0.10
2.10
0.50
18.10
3.60
0.00
0.90
9.30
5.00
7.70
42.40
12.80
0.00
0.70
18.50
4.40
0.10
0.10
3.00
5.10
0.00
0.00
0.00
0.00
0.90
5.30
3.00
2.40
1.50
1.50
4.60
4.60
1.60
1.20
1.20
0.00
0.00
1.20
1.20
1.20
3.30
13.90
4.00
16.20
7.80
24.30
7.10
0.00
2.80
6.60
1.00
2.50
8.10
2.60
0.30
26.10
3.90
3.40
24.20
5.80
1.40
18.30
4.40
9.00
1.90
1.60
0.40
1.40
0.40
0.30
5.70
1.50
20.50
21.10
17.50
0.30
0.20
0.80
20.50
0.00
2.00
0.20
11.50
1.60
1.40
0.80
2.60
0.00
6.70
4.00
3.50
7.90
36.10
15.80
1.40
0.10
20.40
13.00
1.20
1.10
2.30
15.10
10.30
20.80
19.10
18.40
15.30
3.70
0.60
4.60
27.60
3.20
3.20
0.70
0.00
0.90
0.20
23.90
13.50
2.60
5.10
3.30
0.00
0.00
0.00
0.00
12.30
0.50
0.00
0.00
0.00
0.00
0.60
1.80
1.10
2.90
1.80
4.50
