20160101
0.00
0.00
0.00
0.00
0.00
0.00
0.00
0.00
1.00
0.00
0.00
0.00
1.00
0.00
0.00
0.00
0.00
0.00
0.00
3.00
0.00
0.00
0.00
0.00
0.00
0.00
0.00
0.00
0.00
0.00
0.00
0.00
0.00
0.00
0.00
0.00
0.00
1.00
2.00
0.00
0.00
0.00
49.00
0.00
0.00
0.00
0.00
0.00
0.00
0.00
2.00
0.00
0.00
49.00
195.00
0.00
12.00
0.00
0.00
0.00
0.00
1.00
0.00
113.00
0.00
69.00
0.00
3.00
1.00
0.00
0.00
0.00
0.00
0.00
0.00
45.00
0.00
0.00
1.00
0.00
73.00
0.00
28.00
0.00
0.00
0.00
0.00
511.00
2.00
124.00
350.00
41.00
0.00
150.00
463.00
945.00
166.00
0.00
7.00
0.00
0.00
0.00
0.00
24.00
84.00
106.00
399.00
438.00
0.00
186.00
131.00
392.00
433.00
0.00
7.00
112.00
24.00
26.00
0.00
0.00
33.00
64.00
456.00
38.00
196.00
14.00
1.00
7.00
0.00
0.00
1.00
10.00
63.00
131.00
19.00
126.00
3.00
386.00
335.00
24.00
223.00
1132.00
1.00
8.00
0.00
4.00
0.00
13.00
15.00
95.00
36.00
4.00
0.00
19.00
1.00
482.00
25.00
30.00
87.00
30.00
44.00
904.00
45.00
35.00
40.00
0.00
87.00
176.00
573.00
27.00
5.00
11.00
53.00
39.00
0.00
16.00
51.00
17.00
65.00
2.00
124.00
12.00
87.00
44.00
17.00
2.00
8.00
10.00
12.00
32.00
261.00
134.00
45.00
1.00
5.00
45.00
244.00
62.00
5.00
2.00
13.00
4.00
1.00
49.00
157.00
101.00
291.00
0.00
45.00
25.00
119.00
15.00
37.00
2.00
0.00
62.00
46.00
91.00
70.00
282.00
171.00
27.00
6.00
53.00
97.00
18.00
101.00
15.00
21.00
23.00
10.00
2.00
396.00
7.00
0.00
24.00
0.00
613.00
12.00
2.00
9.00
11.00
391.00
491.00
114.00
0.00
91.00
81.00
74.00
57.00
175.00
4.00
4.00
9.00
50.00
424.00
348.00
135.00
0.00
390.00
213.00
617.00
102.00
699.00
317.00
135.00
169.00
18.00
50.00
19.00
144.00
182.00
1.00
207.00
0.00
0.00
0.00
59.00
438.00
389.00
283.00
48.00
0.00
42.00
152.00
210.00
9.00
0.00
0.00
0.00
0.00
0.00
0.00
0.00
0.00
0.00
0.00
0.00
33.00
0.00
115.00
8.00
103.00
111.00
3.00
0.00
19.00
27.00
137.00
470.00
132.00
0.00
0.00
0.00
0.00
0.00
0.00
0.00
0.00
0.00
0.00
0.00
0.00
0.00
0.00
0.00
0.00
0.00
0.00
0.00
0.00
0.00
0.00
0.00
0.00
0.00
0.00
0.00
0.00
0.00
0.00
0.00
0.00
0.00
0.00
0.00
0.00
0.00
0.00
0.00
0.00
0.00
0.00
0.00
0.00
0.00
0.00
0.00
0.00
0.00
0.00
0.00
0.00
0.00
0.00
0.00
0.00
0.00
0.00
0.00
0.00
0.00
0.00
0.00
0.00
0.00
0.00
0.00
0.00
0.00
0.00
0.00
0.00
0.00
0.00
0.00
0.00
0.00
0.00
0.00
0.00
0.00
0.00
0.00
0.00
0.00
0.00
0.00
0.00
0.00
0.00
0.00
0.00
0.00
0.00
0.00
0.00
0.00
0.00
0.00
0.00
0.00
0.00
0.00
0.00
0.00
0.00
0.00
0.00
0.00
0.00
0.00
0.00
0.00
0.00
0.00
0.00
0.00
0.00
33.00
0.00
0.00
128.00
0.00
67.00
148.00
0.00
0.00
0.00
0.00
0.00
0.00
87.00
0.00
92.00
0.00
0.00
0.00
0.00
77.00
0.00
0.00
1.00
75.00
597.00
178.00
45.00
59.00
429.00
160.00
201.00
0.00
0.00
0.00
0.00
0.00
0.00
0.00
0.00
0.00
114.00
16.00
0.00
5.00
423.00
388.00
143.00
520.00
7.00
131.00
31.00
0.00
0.00
161.00
0.00
9.00
296.00
0.00
0.00
49.00
10.00
25.00
0.00
0.00
82.00
0.00
0.00
0.00
23.00
101.00
398.00
1.00
25.00
0.00
31.00
8.00
121.00
26.00
0.00
0.00
2.00
51.00
135.00
114.00
130.00
737.00
182.00
320.00
287.00
223.00
199.00
7.00
1.00
26.00
168.00
449.00
949.00
791.00
238.00
63.00
48.00
87.00
36.00
68.00
35.00
236.00
46.00
52.00
13.00
23.00
69.00
422.00
591.00
73.00
223.00
26.00
224.00
70.00
14.00
59.00
12.00
79.00
135.00
99.00
21.00
38.00
107.00
52.00
235.00
171.00
162.00
91.00
29.00
10.00
59.00
43.00
26.00
93.00
12.00
213.00
124.00
6.00
136.00
7.00
98.00
38.00
57.00
24.00
17.00
140.00
549.00
10.00
90.00
82.00
5.00
1.00
10.00
16.00
384.00
126.00
20.00
20.00
53.00
39.00
28.00
13.00
169.00
279.00
66.00
62.00
180.00
61.00
71.00
319.00
3.00
66.00
349.00
38.00
34.00
13.00
23.00
7.00
0.00
16.00
9.00
63.00
87.00
5.00
43.00
37.00
142.00
26.00
10.00
4.00
37.00
222.00
65.00
150.00
49.00
0.00
2.00
0.00
0.00
1.00
47.00
101.00
249.00
28.00
60.00
17.00
186.00
3.00
14.00
130.00
147.00
110.00
190.00
57.00
0.00
7.00
32.00
9.00
0.00
0.00
0.00
21.00
369.00
347.00
265.00
1080.00
0.00
0.00
0.00
0.00
0.00
0.00
13.00
893.00
565.00
0.00
0.00
0.00
0.00
0.00
0.00
0.00
0.00
0.00
0.00
0.00
0.00
91.00
0.00
2.00
103.00
40.00
10.00
0.00
0.00
0.00
0.00
0.00
0.00
0.00
0.00
0.00
0.00
0.00
0.00
0.00
0.00
0.00
0.00
0.00
0.00
0.00
36.00
236.00
326.00
326.00
0.00
0.00
0.00
0.00
0.00
0.00
0.00
0.00
1.00
0.00
0.00
0.00
0.00
0.00
0.00
0.00
0.00
0.00
0.00
0.00
93.00
225.00
43.00
0.00
0.00
0.00
0.00
0.00
0.00
0.00
0.00
0.00
0.00
0.00
0.00
0.00
0.00
0.00
0.00
0.00
0.00
0.00
0.00
0.00
0.00
0.00
0.00
0.00
0.00
0.00
0.00
0.00
0.00
0.00
0.00
0.00
0.00
0.00
8.00
25.00
246.00
0.00
81.00
0.00
1.00
13.00
0.00
0.00
0.00
0.00
0.00
3.00
0.00
0.00
11.00
0.00
0.00
385.00
0.00
0.00
0.00
0.00
0.00
0.00
1.00
0.00
0.00
0.00
0.00
0.00
0.00
0.00
1.00
0.00
0.00
2.00
53.00
635.00
0.00
0.00
0.00
0.00
0.00
0.00
0.00
230.00
12.00
0.00
231.00
142.00
1.00
0.00
26.00
15.00
0.00
290.00
2.00
22.00
162.00
0.00
28.00
40.00
20.00
0.00
37.00
0.00
0.00
167.00
32.00
1.00
10.00
197.00
70.00
0.00
0.00
38.00
8.00
21.00
53.00
80.00
263.00
1.00
64.00
4.00
86.00
356.00
488.00
450.00
494.00
473.00
311.00
137.00
0.00
174.00
20.00
175.00
7.00
6.00
0.00
0.00
2.00
0.00
1.00
0.00
55.00
10.00
0.00
14.00
6.00
156.00
12.00
53.00
23.00
72.00
138.00
133.00
170.00
63.00
0.00
197.00
163.00
296.00
605.00
574.00
6.00
317.00
189.00
0.00
9.00
0.00
11.00
4.00
76.00
91.00
13.00
1.00
0.00
255.00
39.00
5.00
5.00
17.00
0.00
6.00
12.00
1.00
1.00
17.00
67.00
80.00
64.00
287.00
57.00
135.00
37.00
28.00
117.00
24.00
44.00
8.00
27.00
5.00
72.00
35.00
78.00
57.00
33.00
11.00
1.00
25.00
227.00
327.00
141.00
20.00
5.00
12.00
311.00
58.00
53.00
296.00
50.00
19.00
4.00
130.00
223.00
314.00
23.00
417.00
121.00
119.00
9.00
3.00
584.00
154.00
0.00
93.00
53.00
88.00
97.00
11.00
74.00
15.00
27.00
92.00
131.00
1.00
1.00
34.00
21.00
2.00
0.00
2.00
105.00
11.00
1.00
2.00
1.00
1.00
87.00
0.00
0.00
13.00
96.00
8.00
168.00
0.00
29.00
85.00
19.00
3.00
58.00
0.00
0.00
0.00
0.00
0.00
1.00
0.00
0.00
0.00
0.00
0.00
42.00
149.00
363.00
262.00
4.00
0.00
0.00
0.00
0.00
0.00
0.00
0.00
0.00
0.00
0.00
0.00
0.00
0.00
339.00
233.00
254.00
131.00
41.00
0.00
0.00
5.00
0.00
0.00
1.00
0.00
0.00
0.00
0.00
0.00
0.00
0.00
0.00
0.00
0.00
0.00
0.00
0.00
11.00
0.00
0.00
0.00
0.00
0.00
0.00
0.00
0.00
0.00
0.00
0.00
0.00
0.00
0.00
2.00
3.00
0.00
0.00
0.00
0.00
0.00
0.00
0.00
7.00
7.00
0.00
26.00
1.00
0.00
0.00
0.00
0.00
0.00
0.00
0.00
0.00
0.00
0.00
0.00
0.00
0.00
0.00
0.00
0.00
0.00
0.00
0.00
0.00
0.00
0.00
0.00
0.00
0.00
0.00
0.00
0.00
0.00
0.00
0.00
0.00
0.00
0.00
0.00
0.00
0.00
0.00
0.00
0.00
0.00
3.00
0.00
0.00
0.00
0.00
0.00
0.00
0.00
0.00
0.00
0.00
0.00
0.00
0.00
0.00
0.00
0.00
0.00
1.00
4.00
0.00
0.00
0.00
0.00
0.00
0.00
0.00
113.80
79.60
107.70
90.10
0.00
0.00
0.00
15.80
36.20
0.00
0.00
0.00
0.00
0.00
0.00
0.00
0.00
0.00
0.90
0.00
50.90
15.80
0.20
0.00
0.00
23.70
0.00
0.00
0.00
0.00
4.70
0.00
0.00
0.00
74.70
19.80
156.10
13.40
7.60
0.00
6.20
0.20
38.80
28.30
0.00
0.20
1.20
0.20
0.00
1.90
0.00
0.00
0.00
0.00
2.30
0.00
1.20
0.00
0.00
0.00
0.00
0.50
9.10
1.30
0.00
0.00
0.40
4.40
9.70
0.00
0.00
0.00
0.00
0.00
0.00
0.50
0.00
21.00
2.40
0.30
0.30
15.00
3.50
0.20
0.20
0.10
2.60
2.60
95.30
0.50
4.40
0.00
0.00
0.00
0.00
17.80
22.70
0.70
2.40
6.10
2.20
11.70
22.50
0.20
4.20
0.00
0.10
1.60
75.80
10.70
6.60
0.00
0.00
4.10
35.20
33.10
9.60
2.70
0.00
0.30
1.60
1.10
0.80
1.10
3.00
34.20
7.80
6.30
6.00
48.30
23.70
10.50
6.20
4.50
5.20
5.20
15.20
15.20
2.10
12.20
12.20
0.00
1.40
12.20
12.20
12.20
0.90
4.00
2.90
2.30
54.30
24.80
17.90
7.00
1.90
11.30
2.30
7.50
16.30
16.00
2.10
6.10
4.10
91.90
4.00
0.90
0.30
0.20
0.60
14.70
12.10
4.20
4.30
9.50
0.00
0.40
5.00
8.50
53.50
34.70
17.50
4.40
6.20
0.20
7.50
0.20
1.70
1.30
0.40
1.70
2.20
12.40
16.00
110.30
32.50
0.60
0.90
20.90
13.10
7.80
0.20
0.00
10.00
10.40
0.60
0.10
4.70
2.30
16.50
28.90
19.90
24.60
17.40
0.10
6.50
24.40
17.70
3.50
3.50
0.70
0.00
0.10
0.10
30.70
29.00
4.20
30.20
21.50
2.10
0.00
0.00
3.10
7.80
2.90
0.00
0.00
0.00
0.00
1.00
9.20
3.90
0.30
1.00
1.30
