20160101
0.00
0.00
0.00
0.00
0.00
0.00
0.00
0.00
47.00
0.00
0.00
0.00
0.00
0.00
0.00
0.00
0.00
0.00
1.00
0.00
7.00
0.00
0.00
0.00
0.00
1.00
0.00
0.00
0.00
0.00
0.00
0.00
0.00
0.00
0.00
0.00
0.00
0.00
0.00
0.00
168.00
0.00
0.00
0.00
0.00
0.00
0.00
0.00
0.00
0.00
0.00
28.00
4.00
77.00
470.00
22.00
13.00
2.00
0.00
0.00
0.00
0.00
0.00
112.00
0.00
10.00
0.00
2.00
2.00
44.00
21.00
0.00
0.00
2.00
1.00
37.00
0.00
0.00
12.00
10.00
12.00
0.00
78.00
0.00
0.00
0.00
0.00
732.00
5.00
96.00
677.00
4.00
0.00
183.00
171.00
653.00
86.00
29.00
69.00
2.00
0.00
17.00
0.00
41.00
155.00
108.00
400.00
214.00
29.00
260.00
100.00
248.00
297.00
212.00
79.00
117.00
103.00
63.00
11.00
0.00
98.00
27.00
118.00
4.00
155.00
4.00
6.00
4.00
0.00
2.00
0.00
75.00
204.00
227.00
66.00
60.00
65.00
813.00
230.00
18.00
93.00
1050.00
0.00
4.00
55.00
76.00
5.00
63.00
6.00
46.00
108.00
12.00
0.00
0.00
0.00
47.00
41.00
248.00
63.00
85.00
257.00
36.00
2.00
151.00
18.00
1.00
15.00
29.00
149.00
67.00
30.00
13.00
97.00
38.00
37.00
64.00
33.00
98.00
34.00
9.00
199.00
169.00
643.00
490.00
144.00
38.00
4.00
26.00
5.00
49.00
30.00
66.00
34.00
51.00
3.00
105.00
174.00
90.00
1.00
2.00
13.00
4.00
32.00
45.00
95.00
89.00
206.00
3.00
69.00
63.00
100.00
19.00
57.00
29.00
0.00
0.00
26.00
60.00
64.00
47.00
126.00
50.00
79.00
76.00
67.00
11.00
7.00
5.00
81.00
12.00
0.00
1.00
207.00
14.00
4.00
102.00
0.00
243.00
0.00
15.00
85.00
71.00
292.00
794.00
36.00
1.00
29.00
204.00
179.00
78.00
271.00
0.00
1.00
77.00
13.00
18.00
196.00
0.00
0.00
414.00
237.00
8.00
444.00
23.00
1072.00
128.00
129.00
183.00
357.00
10.00
47.00
394.00
0.00
107.00
24.00
0.00
0.00
39.00
14.00
230.00
62.00
174.00
162.00
82.00
4.00
172.00
14.00
0.00
0.00
0.00
0.00
0.00
0.00
0.00
0.00
0.00
0.00
3.00
27.00
0.00
208.00
85.00
136.00
5.00
0.00
0.00
1.00
17.00
160.00
284.00
76.00
0.00
0.00
0.00
0.00
0.00
0.00
0.00
0.00
0.00
2.00
0.00
0.00
0.00
0.00
0.00
0.00
0.00
0.00
0.00
0.00
0.00
0.00
0.00
0.00
14.00
0.00
0.00
0.00
0.00
0.00
0.00
0.00
0.00
0.00
0.00
0.00
0.00
0.00
0.00
0.00
0.00
0.00
0.00
0.00
0.00
0.00
0.00
0.00
0.00
35.00
0.00
0.00
0.00
0.00
0.00
0.00
0.00
0.00
0.00
0.00
0.00
0.00
0.00
0.00
0.00
0.00
0.00
0.00
0.00
0.00
0.00
0.00
0.00
0.00
0.00
0.00
0.00
0.00
0.00
0.00
0.00
0.00
0.00
0.00
0.00
0.00
0.00
0.00
0.00
0.00
0.00
0.00
0.00
0.00
0.00
0.00
0.00
0.00
0.00
0.00
0.00
0.00
0.00
0.00
0.00
53.00
71.00
1.00
0.00
0.00
0.00
0.00
0.00
0.00
0.00
0.00
0.00
0.00
71.00
20.00
0.00
104.00
0.00
98.00
44.00
0.00
0.00
0.00
0.00
0.00
0.00
128.00
3.00
92.00
0.00
0.00
0.00
0.00
23.00
0.00
5.00
5.00
481.00
620.00
877.00
609.00
187.00
247.00
539.00
39.00
0.00
1.00
0.00
32.00
0.00
0.00
0.00
0.00
0.00
73.00
12.00
0.00
1.00
320.00
109.00
157.00
136.00
5.00
98.00
213.00
0.00
17.00
54.00
1.00
4.00
149.00
0.00
0.00
24.00
77.00
72.00
1.00
0.00
131.00
1.00
0.00
0.00
23.00
130.00
251.00
36.00
1.00
1.00
86.00
31.00
68.00
6.00
0.00
34.00
1.00
178.00
61.00
87.00
114.00
429.00
19.00
91.00
194.00
202.00
15.00
0.00
0.00
110.00
260.00
386.00
202.00
363.00
116.00
10.00
6.00
48.00
31.00
184.00
101.00
35.00
80.00
70.00
190.00
5.00
5.00
310.00
93.00
20.00
165.00
69.00
322.00
108.00
24.00
73.00
7.00
40.00
34.00
178.00
138.00
50.00
47.00
156.00
234.00
170.00
425.00
14.00
2.00
56.00
66.00
131.00
190.00
80.00
6.00
182.00
44.00
31.00
54.00
24.00
69.00
17.00
39.00
7.00
17.00
79.00
229.00
12.00
50.00
37.00
27.00
23.00
0.00
2.00
190.00
93.00
23.00
13.00
61.00
9.00
0.00
29.00
13.00
42.00
76.00
94.00
16.00
52.00
46.00
262.00
33.00
6.00
64.00
26.00
47.00
19.00
8.00
28.00
7.00
2.00
0.00
0.00
48.00
88.00
16.00
59.00
259.00
44.00
9.00
0.00
4.00
229.00
51.00
135.00
173.00
18.00
0.00
1.00
1.00
0.00
30.00
312.00
69.00
10.00
188.00
75.00
0.00
0.00
3.00
5.00
116.00
314.00
171.00
22.00
54.00
130.00
518.00
168.00
0.00
0.00
0.00
0.00
28.00
269.00
141.00
726.00
0.00
0.00
0.00
0.00
0.00
0.00
2.00
747.00
611.00
0.00
0.00
0.00
0.00
0.00
0.00
0.00
0.00
0.00
0.00
0.00
0.00
33.00
5.00
0.00
57.00
19.00
16.00
17.00
0.00
0.00
0.00
0.00
0.00
0.00
0.00
0.00
0.00
0.00
0.00
0.00
0.00
0.00
0.00
0.00
0.00
0.00
3.00
312.00
321.00
165.00
4.00
0.00
0.00
0.00
0.00
0.00
0.00
0.00
34.00
0.00
0.00
0.00
0.00
0.00
0.00
0.00
0.00
0.00
0.00
0.00
12.00
70.00
46.00
0.00
0.00
0.00
0.00
0.00
0.00
0.00
0.00
0.00
0.00
0.00
0.00
0.00
0.00
0.00
0.00
0.00
0.00
0.00
0.00
0.00
0.00
0.00
0.00
0.00
0.00
0.00
0.00
0.00
0.00
0.00
0.00
0.00
0.00
0.00
7.00
14.00
29.00
4.00
20.00
0.00
0.00
0.00
0.00
0.00
0.00
0.00
0.00
0.00
0.00
0.00
3.00
0.00
0.00
503.00
0.00
0.00
0.00
0.00
32.00
0.00
0.00
0.00
0.00
0.00
0.00
0.00
0.00
50.00
1228.00
0.00
434.00
85.00
291.00
14.00
0.00
0.00
0.00
0.00
0.00
0.00
0.00
128.00
11.00
0.00
114.00
312.00
0.00
0.00
19.00
20.00
0.00
1.00
18.00
0.00
50.00
0.00
8.00
190.00
3.00
5.00
105.00
4.00
0.00
179.00
23.00
4.00
85.00
236.00
41.00
0.00
2.00
80.00
0.00
8.00
43.00
57.00
191.00
15.00
124.00
17.00
145.00
463.00
508.00
332.00
238.00
646.00
348.00
87.00
0.00
111.00
1.00
66.00
0.00
0.00
0.00
10.00
0.00
1.00
9.00
26.00
115.00
18.00
65.00
13.00
0.00
222.00
6.00
21.00
28.00
194.00
13.00
257.00
244.00
43.00
2.00
4.00
18.00
68.00
541.00
584.00
3.00
107.00
32.00
68.00
107.00
0.00
14.00
3.00
124.00
28.00
51.00
19.00
20.00
30.00
57.00
51.00
3.00
25.00
0.00
0.00
9.00
0.00
2.00
25.00
95.00
49.00
36.00
111.00
58.00
11.00
28.00
12.00
14.00
14.00
5.00
4.00
2.00
10.00
88.00
90.00
66.00
100.00
158.00
41.00
33.00
259.00
203.00
173.00
78.00
93.00
12.00
71.00
56.00
63.00
129.00
23.00
11.00
11.00
27.00
162.00
112.00
37.00
6.00
21.00
29.00
1.00
24.00
4.00
220.00
185.00
8.00
216.00
27.00
3.00
5.00
29.00
225.00
29.00
43.00
16.00
125.00
30.00
12.00
3.00
1.00
4.00
0.00
6.00
42.00
7.00
0.00
31.00
4.00
0.00
59.00
13.00
0.00
3.00
13.00
15.00
153.00
0.00
17.00
61.00
18.00
0.00
210.00
0.00
0.00
0.00
73.00
14.00
0.00
0.00
0.00
0.00
0.00
81.00
30.00
94.00
228.00
164.00
33.00
16.00
0.00
0.00
0.00
0.00
0.00
0.00
0.00
0.00
0.00
0.00
0.00
0.00
311.00
208.00
207.00
108.00
78.00
0.00
0.00
0.00
2.00
0.00
0.00
0.00
0.00
0.00
0.00
0.00
0.00
0.00
4.00
0.00
0.00
0.00
0.00
0.00
0.00
0.00
0.00
0.00
0.00
0.00
0.00
0.00
0.00
0.00
0.00
0.00
0.00
0.00
0.00
0.00
0.00
0.00
0.00
0.00
0.00
19.00
0.00
0.00
0.00
0.00
26.00
17.00
2.00
0.00
0.00
0.00
0.00
0.00
0.00
0.00
0.00
0.00
0.00
0.00
0.00
0.00
0.00
0.00
0.00
0.00
0.00
0.00
0.00
0.00
0.00
0.00
0.00
0.00
0.00
0.00
0.00
0.00
0.00
0.00
0.00
0.00
0.00
0.00
0.00
0.00
0.00
0.00
0.00
0.00
15.00
0.00
0.00
0.00
0.00
0.00
0.00
0.00
0.00
0.00
0.00
0.00
0.00
0.00
0.00
0.00
0.00
0.00
1.00
13.00
0.00
0.00
0.00
0.00
0.00
0.00
2.20
48.10
16.30
67.90
44.00
0.00
0.00
0.00
0.80
16.10
0.00
0.00
0.00
0.00
0.00
0.00
0.00
0.00
0.00
0.10
0.20
16.90
2.80
3.10
8.90
0.00
15.10
0.00
0.00
0.00
0.10
12.90
0.00
0.70
0.00
58.10
13.80
100.80
0.60
45.80
4.50
4.30
0.50
59.30
24.50
0.40
0.00
1.40
0.00
0.00
17.20
0.00
5.30
0.00
0.00
12.00
0.00
1.70
0.00
0.00
0.00
0.00
0.20
18.60
12.60
0.90
0.90
0.20
5.90
7.30
0.10
0.00
0.00
0.00
0.00
0.00
1.70
0.00
3.50
4.40
0.20
0.20
1.60
8.90
1.70
1.70
4.30
5.20
5.20
62.10
4.30
5.20
0.10
1.30
0.00
0.90
10.10
0.20
0.50
2.10
6.60
1.00
19.00
8.80
0.20
14.20
3.30
0.10
8.50
0.90
18.20
10.30
0.00
12.70
3.60
7.60
17.50
14.60
6.90
5.00
0.00
0.50
4.50
7.50
0.70
0.10
0.00
1.70
1.90
3.00
32.40
3.50
5.70
5.80
0.90
2.30
2.30
4.60
4.60
3.10
6.90
6.90
0.10
0.10
6.90
6.90
6.90
6.80
9.00
16.70
12.90
24.30
42.50
7.70
1.50
2.00
5.60
8.10
34.50
28.40
36.70
0.80
3.20
1.30
0.50
18.20
1.70
3.70
0.40
2.20
15.60
11.40
2.30
6.20
3.60
0.90
1.70
3.60
3.10
8.40
5.00
5.60
0.70
0.20
1.00
9.20
0.80
1.20
0.00
1.30
1.90
0.50
3.60
13.40
12.90
7.40
3.90
0.80
5.40
8.60
21.40
0.40
0.00
4.60
10.70
0.80
0.00
6.90
1.30
127.20
19.50
31.70
34.10
6.80
6.40
0.60
19.10
20.90
3.70
3.70
5.60
0.00
0.00
0.00
36.40
39.90
10.20
8.90
18.20
0.00
0.00
0.00
0.00
15.40
0.00
0.00
0.00
0.20
0.00
5.00
17.40
3.40
0.50
0.10
0.70
