20160101
0.00
0.00
0.00
0.00
0.00
0.00
0.00
0.00
0.00
0.00
0.00
0.00
1.00
0.00
0.00
0.00
0.00
0.00
0.00
0.00
0.00
0.00
0.00
0.00
0.00
0.00
0.00
0.00
0.00
0.00
0.00
0.00
0.00
0.00
0.00
0.00
0.00
0.00
0.00
4.00
3.00
0.00
9.00
0.00
0.00
0.00
0.00
0.00
0.00
0.00
0.00
0.00
1.00
103.00
359.00
2.00
14.00
1.00
0.00
0.00
0.00
0.00
0.00
100.00
0.00
12.00
0.00
2.00
6.00
0.00
3.00
0.00
0.00
0.00
0.00
42.00
0.00
0.00
13.00
0.00
45.00
0.00
56.00
0.00
0.00
0.00
0.00
668.00
5.00
80.00
510.00
1.00
0.00
239.00
438.00
733.00
105.00
0.00
43.00
1.00
6.00
0.00
0.00
21.00
137.00
211.00
436.00
375.00
0.00
307.00
191.00
735.00
371.00
6.00
32.00
241.00
77.00
35.00
19.00
0.00
52.00
35.00
469.00
28.00
102.00
20.00
2.00
1.00
0.00
0.00
1.00
65.00
128.00
255.00
38.00
57.00
10.00
784.00
275.00
8.00
142.00
1099.00
0.00
7.00
5.00
43.00
4.00
62.00
9.00
66.00
79.00
8.00
0.00
0.00
0.00
100.00
131.00
343.00
131.00
18.00
173.00
141.00
43.00
78.00
30.00
0.00
8.00
93.00
213.00
60.00
15.00
24.00
74.00
21.00
10.00
106.00
60.00
3.00
64.00
0.00
171.00
83.00
87.00
116.00
50.00
14.00
1.00
23.00
10.00
22.00
105.00
62.00
16.00
11.00
8.00
77.00
175.00
62.00
11.00
1.00
11.00
1.00
9.00
46.00
138.00
68.00
266.00
6.00
44.00
37.00
123.00
23.00
60.00
46.00
0.00
3.00
8.00
126.00
139.00
199.00
216.00
50.00
10.00
59.00
97.00
14.00
25.00
7.00
43.00
1.00
7.00
1.00
372.00
47.00
5.00
53.00
0.00
355.00
1.00
9.00
61.00
104.00
423.00
473.00
52.00
0.00
3.00
105.00
167.00
70.00
263.00
4.00
0.00
56.00
25.00
70.00
215.00
22.00
0.00
434.00
204.00
91.00
144.00
22.00
433.00
107.00
208.00
56.00
184.00
30.00
82.00
296.00
0.00
310.00
10.00
0.00
0.00
49.00
91.00
238.00
127.00
157.00
38.00
79.00
42.00
207.00
18.00
0.00
0.00
0.00
0.00
0.00
0.00
0.00
0.00
0.00
0.00
17.00
40.00
0.00
148.00
24.00
261.00
3.00
0.00
0.00
8.00
27.00
182.00
368.00
115.00
0.00
0.00
0.00
0.00
0.00
0.00
0.00
0.00
0.00
0.00
0.00
0.00
0.00
0.00
0.00
0.00
0.00
0.00
0.00
0.00
0.00
0.00
0.00
0.00
0.00
0.00
0.00
0.00
0.00
0.00
0.00
0.00
0.00
0.00
0.00
0.00
0.00
0.00
0.00
0.00
0.00
0.00
0.00
0.00
0.00
0.00
0.00
0.00
0.00
0.00
0.00
0.00
0.00
0.00
0.00
0.00
0.00
0.00
0.00
0.00
0.00
0.00
0.00
0.00
0.00
0.00
0.00
0.00
0.00
0.00
0.00
0.00
0.00
0.00
0.00
0.00
0.00
0.00
0.00
0.00
0.00
0.00
0.00
0.00
0.00
0.00
0.00
0.00
0.00
0.00
0.00
0.00
0.00
0.00
0.00
0.00
0.00
0.00
0.00
0.00
0.00
0.00
0.00
0.00
0.00
0.00
4.00
0.00
0.00
0.00
0.00
0.00
0.00
0.00
0.00
0.00
0.00
0.00
37.00
6.00
0.00
91.00
0.00
66.00
102.00
0.00
0.00
0.00
0.00
0.00
0.00
74.00
0.00
98.00
0.00
0.00
0.00
0.00
33.00
0.00
6.00
6.00
179.00
610.00
917.00
201.00
125.00
213.00
430.00
126.00
1.00
0.00
0.00
0.00
3.00
0.00
0.00
0.00
0.00
120.00
15.00
0.00
10.00
395.00
404.00
226.00
299.00
64.00
156.00
121.00
0.00
15.00
87.00
3.00
170.00
173.00
0.00
0.00
48.00
64.00
54.00
0.00
0.00
151.00
0.00
0.00
0.00
20.00
197.00
292.00
9.00
5.00
0.00
106.00
16.00
96.00
25.00
0.00
9.00
0.00
119.00
45.00
84.00
147.00
366.00
21.00
165.00
251.00
198.00
97.00
1.00
0.00
3.00
90.00
282.00
311.00
360.00
124.00
51.00
25.00
36.00
56.00
151.00
60.00
172.00
25.00
35.00
27.00
50.00
8.00
753.00
310.00
35.00
237.00
28.00
1021.00
97.00
24.00
71.00
13.00
52.00
61.00
77.00
91.00
53.00
77.00
102.00
781.00
252.00
174.00
17.00
2.00
37.00
57.00
92.00
75.00
127.00
10.00
235.00
130.00
2.00
29.00
10.00
52.00
29.00
34.00
20.00
21.00
136.00
175.00
10.00
63.00
48.00
31.00
1.00
0.00
16.00
336.00
130.00
9.00
9.00
66.00
15.00
11.00
17.00
45.00
64.00
107.00
21.00
55.00
157.00
99.00
299.00
35.00
26.00
97.00
40.00
67.00
3.00
13.00
10.00
29.00
2.00
0.00
0.00
84.00
14.00
75.00
169.00
157.00
42.00
13.00
0.00
3.00
188.00
62.00
132.00
73.00
5.00
0.00
1.00
0.00
0.00
49.00
218.00
180.00
43.00
129.00
2.00
78.00
2.00
33.00
19.00
118.00
172.00
216.00
109.00
30.00
26.00
74.00
79.00
0.00
0.00
0.00
4.00
302.00
294.00
250.00
851.00
0.00
0.00
0.00
0.00
0.00
0.00
8.00
698.00
762.00
0.00
0.00
0.00
0.00
0.00
0.00
0.00
0.00
0.00
0.00
0.00
0.00
64.00
2.00
0.00
70.00
34.00
16.00
0.00
0.00
0.00
0.00
0.00
0.00
0.00
0.00
0.00
0.00
0.00
0.00
0.00
0.00
0.00
0.00
0.00
0.00
0.00
6.00
258.00
199.00
174.00
0.00
0.00
0.00
0.00
0.00
0.00
0.00
0.00
23.00
0.00
0.00
0.00
0.00
0.00
0.00
0.00
0.00
0.00
0.00
0.00
94.00
143.00
167.00
0.00
0.00
0.00
0.00
0.00
0.00
0.00
0.00
0.00
0.00
0.00
0.00
0.00
0.00
0.00
0.00
0.00
0.00
0.00
0.00
0.00
0.00
0.00
0.00
0.00
0.00
0.00
0.00
0.00
0.00
0.00
0.00
0.00
0.00
0.00
14.00
20.00
27.00
9.00
73.00
0.00
0.00
2.00
0.00
0.00
0.00
0.00
0.00
0.00
0.00
0.00
22.00
3.00
1.00
335.00
0.00
0.00
0.00
0.00
0.00
0.00
0.00
0.00
0.00
0.00
0.00
0.00
0.00
0.00
127.00
0.00
71.00
135.00
20.00
0.00
0.00
0.00
0.00
0.00
0.00
0.00
0.00
112.00
82.00
0.00
85.00
107.00
1.00
0.00
26.00
7.00
19.00
0.00
30.00
0.00
106.00
0.00
9.00
133.00
7.00
0.00
139.00
1.00
0.00
351.00
61.00
5.00
39.00
210.00
49.00
0.00
2.00
39.00
1.00
22.00
49.00
62.00
236.00
7.00
165.00
14.00
147.00
246.00
466.00
450.00
454.00
381.00
304.00
130.00
0.00
92.00
33.00
243.00
0.00
10.00
0.00
36.00
0.00
4.00
1.00
8.00
112.00
75.00
37.00
23.00
30.00
201.00
0.00
44.00
5.00
127.00
53.00
85.00
299.00
107.00
11.00
63.00
95.00
194.00
697.00
516.00
5.00
157.00
77.00
29.00
114.00
0.00
65.00
35.00
212.00
117.00
40.00
1.00
1.00
51.00
61.00
59.00
4.00
19.00
0.00
0.00
60.00
0.00
15.00
16.00
82.00
91.00
37.00
227.00
24.00
53.00
18.00
31.00
40.00
10.00
14.00
23.00
29.00
5.00
72.00
57.00
86.00
112.00
104.00
67.00
31.00
58.00
171.00
169.00
111.00
52.00
8.00
45.00
78.00
62.00
67.00
40.00
29.00
5.00
15.00
214.00
111.00
26.00
9.00
34.00
167.00
13.00
10.00
1.00
577.00
173.00
8.00
174.00
39.00
24.00
32.00
6.00
69.00
26.00
129.00
38.00
118.00
13.00
5.00
16.00
2.00
30.00
1.00
1.00
62.00
43.00
0.00
7.00
14.00
0.00
89.00
0.00
0.00
12.00
52.00
17.00
136.00
0.00
31.00
75.00
12.00
0.00
23.00
0.00
0.00
0.00
21.00
4.00
0.00
0.00
0.00
1.00
6.00
8.00
25.00
160.00
349.00
225.00
12.00
4.00
0.00
0.00
0.00
0.00
0.00
0.00
0.00
0.00
0.00
0.00
0.00
0.00
341.00
276.00
195.00
117.00
76.00
0.00
0.00
8.00
0.00
0.00
0.00
0.00
0.00
0.00
0.00
0.00
0.00
0.00
0.00
0.00
0.00
0.00
0.00
0.00
0.00
0.00
0.00
0.00
0.00
0.00
0.00
0.00
0.00
0.00
0.00
0.00
0.00
0.00
0.00
1.00
8.00
0.00
0.00
0.00
0.00
12.00
0.00
0.00
5.00
2.00
5.00
22.00
0.00
0.00
0.00
0.00
0.00
0.00
0.00
0.00
0.00
0.00
0.00
0.00
0.00
0.00
0.00
0.00
0.00
0.00
0.00
0.00
0.00
0.00
0.00
0.00
0.00
0.00
0.00
0.00
0.00
0.00
0.00
0.00
0.00
0.00
0.00
0.00
0.00
0.00
0.00
0.00
0.00
0.00
23.00
0.00
0.00
0.00
0.00
0.00
0.00
0.00
0.00
0.00
0.00
0.00
0.00
0.00
0.00
0.00
0.00
0.00
0.00
1.00
0.00
0.00
0.00
0.00
0.00
0.00
0.00
88.70
47.60
93.40
70.20
0.00
0.00
0.00
1.90
31.30
0.00
0.00
0.00
0.00
0.00
0.00
0.00
0.00
0.00
0.30
0.00
29.60
2.40
0.10
0.00
0.00
24.50
0.00
0.00
0.00
0.10
20.50
0.00
0.00
0.00
59.80
10.30
107.40
3.20
20.40
0.70
10.70
0.60
42.80
12.40
0.00
0.00
0.00
0.00
0.00
8.00
0.00
1.70
0.00
0.00
27.90
0.00
0.80
0.00
0.00
0.00
0.00
0.00
17.70
6.00
0.00
0.00
0.40
12.10
15.10
0.00
0.00
0.00
0.00
0.00
0.00
0.80
0.50
3.80
5.90
0.10
1.20
7.10
9.10
1.40
1.40
0.60
5.30
5.30
97.30
1.60
4.40
0.00
0.00
0.00
0.50
24.60
4.60
0.80
3.30
7.20
3.00
15.80
17.70
2.70
10.50
0.00
0.00
1.80
9.30
105.10
11.70
0.00
3.90
0.80
11.20
34.00
12.50
4.50
1.80
0.00
0.40
3.40
0.60
0.90
0.30
0.90
14.90
3.00
61.00
41.10
12.80
9.70
6.10
2.50
2.90
2.90
11.00
11.00
0.20
3.50
3.50
0.00
0.00
3.50
3.50
3.50
3.40
11.10
12.60
7.30
42.70
33.30
9.20
21.30
3.30
8.50
6.30
26.90
17.70
23.90
0.80
3.60
1.60
4.80
7.30
1.00
0.90
0.30
1.30
16.30
20.30
7.30
9.40
1.10
0.10
0.90
5.00
4.50
17.30
9.60
10.90
1.80
6.20
0.90
8.70
0.90
1.20
1.20
0.90
2.40
0.60
11.40
16.50
67.60
6.60
1.50
3.10
21.30
29.20
11.70
0.30
0.70
16.30
20.10
0.80
1.30
6.00
2.30
17.40
29.10
19.60
29.10
21.90
0.90
9.10
54.70
18.10
8.90
8.90
1.20
1.70
1.00
1.80
24.70
42.50
4.30
16.80
17.80
0.00
0.00
0.00
0.60
13.80
1.10
0.00
0.00
0.10
0.00
4.30
7.20
6.10
0.30
0.30
1.30
