20160101
0.00
0.00
0.00
0.00
0.00
0.00
0.00
0.00
0.00
0.00
0.00
0.00
4.00
0.00
0.00
0.00
0.00
3.00
5.00
95.00
0.00
0.00
0.00
0.00
0.00
8.00
0.00
0.00
0.00
0.00
0.00
0.00
0.00
0.00
0.00
0.00
0.00
4.00
22.00
0.00
0.00
33.00
0.00
0.00
0.00
0.00
0.00
0.00
0.00
0.00
6.00
1.00
0.00
0.00
15.00
0.00
15.00
0.00
0.00
0.00
0.00
0.00
0.00
0.00
0.00
13.00
0.00
0.00
0.00
0.00
0.00
0.00
0.00
1.00
0.00
0.00
0.00
0.00
26.00
1.00
9.00
0.00
0.00
0.00
0.00
0.00
30.00
383.00
128.00
11.00
255.00
0.00
0.00
17.00
78.00
553.00
90.00
5.00
1.00
159.00
1.00
0.00
0.00
6.00
240.00
138.00
286.00
499.00
54.00
293.00
367.00
330.00
20.00
0.00
0.00
67.00
373.00
161.00
42.00
0.00
23.00
170.00
9.00
247.00
109.00
90.00
52.00
364.00
22.00
25.00
95.00
11.00
296.00
108.00
165.00
181.00
140.00
467.00
682.00
38.00
48.00
232.00
3.00
31.00
241.00
50.00
4.00
43.00
10.00
9.00
58.00
25.00
9.00
5.00
204.00
192.00
155.00
495.00
213.00
15.00
193.00
17.00
54.00
12.00
27.00
440.00
338.00
275.00
177.00
320.00
474.00
685.00
551.00
816.00
1233.00
312.00
44.00
384.00
76.00
128.00
176.00
415.00
102.00
200.00
325.00
254.00
146.00
64.00
248.00
495.00
208.00
63.00
25.00
89.00
99.00
247.00
131.00
173.00
112.00
158.00
405.00
287.00
184.00
275.00
243.00
681.00
369.00
103.00
114.00
42.00
105.00
24.00
21.00
85.00
55.00
137.00
827.00
229.00
30.00
84.00
248.00
319.00
455.00
74.00
118.00
208.00
408.00
246.00
60.00
118.00
96.00
15.00
35.00
83.00
4.00
18.00
4.00
136.00
16.00
12.00
205.00
331.00
819.00
1082.00
1641.00
243.00
160.00
58.00
102.00
162.00
146.00
70.00
27.00
115.00
123.00
379.00
224.00
100.00
36.00
151.00
163.00
134.00
76.00
337.00
296.00
221.00
145.00
69.00
174.00
86.00
22.00
52.00
99.00
4.00
172.00
86.00
2.00
1.00
100.00
114.00
79.00
289.00
69.00
37.00
275.00
189.00
1.00
0.00
0.00
0.00
0.00
0.00
0.00
22.00
30.00
0.00
0.00
5.00
0.00
34.00
152.00
0.00
0.00
0.00
0.00
0.00
0.00
2.00
51.00
146.00
1.00
0.00
75.00
0.00
0.00
0.00
0.00
0.00
0.00
0.00
9.00
39.00
45.00
2.00
4.00
0.00
0.00
0.00
0.00
0.00
0.00
0.00
0.00
0.00
0.00
25.00
0.00
0.00
0.00
0.00
0.00
0.00
0.00
0.00
0.00
0.00
0.00
0.00
0.00
0.00
0.00
0.00
0.00
0.00
0.00
0.00
0.00
6.00
1.00
0.00
63.00
0.00
0.00
0.00
14.00
93.00
0.00
0.00
26.00
6.00
0.00
0.00
0.00
0.00
0.00
20.00
0.00
0.00
0.00
0.00
0.00
0.00
0.00
0.00
0.00
0.00
0.00
0.00
0.00
0.00
0.00
0.00
18.00
0.00
0.00
0.00
0.00
0.00
0.00
0.00
0.00
0.00
0.00
0.00
0.00
0.00
0.00
0.00
0.00
0.00
0.00
0.00
0.00
0.00
0.00
0.00
9.00
0.00
0.00
0.00
0.00
0.00
0.00
0.00
0.00
0.00
0.00
0.00
111.00
0.00
0.00
0.00
55.00
0.00
256.00
5.00
0.00
0.00
0.00
0.00
0.00
63.00
57.00
50.00
126.00
0.00
0.00
0.00
69.00
204.00
0.00
93.00
66.00
399.00
173.00
223.00
230.00
883.00
438.00
33.00
312.00
1.00
2.00
80.00
42.00
0.00
0.00
0.00
0.00
0.00
600.00
51.00
0.00
7.00
841.00
458.00
494.00
319.00
0.00
184.00
172.00
138.00
0.00
89.00
13.00
115.00
183.00
2.00
103.00
219.00
314.00
443.00
14.00
304.00
87.00
23.00
262.00
189.00
5.00
278.00
425.00
5.00
17.00
397.00
121.00
396.00
342.00
119.00
83.00
105.00
826.00
82.00
40.00
32.00
189.00
267.00
122.00
484.00
265.00
112.00
331.00
30.00
5.00
76.00
164.00
56.00
168.00
341.00
895.00
569.00
582.00
236.00
816.00
271.00
535.00
393.00
102.00
422.00
498.00
280.00
468.00
102.00
35.00
113.00
358.00
54.00
690.00
342.00
179.00
267.00
358.00
70.00
62.00
85.00
76.00
214.00
190.00
200.00
241.00
100.00
172.00
181.00
88.00
54.00
220.00
99.00
349.00
277.00
459.00
251.00
114.00
117.00
102.00
51.00
60.00
199.00
69.00
306.00
971.00
441.00
300.00
286.00
642.00
316.00
163.00
243.00
93.00
1572.00
1071.00
1796.00
1260.00
175.00
177.00
80.00
413.00
173.00
471.00
219.00
361.00
369.00
385.00
137.00
158.00
557.00
364.00
50.00
199.00
486.00
250.00
123.00
656.00
487.00
189.00
88.00
94.00
79.00
413.00
2217.00
638.00
132.00
78.00
311.00
109.00
44.00
55.00
293.00
76.00
273.00
123.00
96.00
75.00
106.00
21.00
22.00
85.00
281.00
266.00
275.00
589.00
162.00
92.00
29.00
38.00
6.00
121.00
65.00
30.00
27.00
21.00
0.00
105.00
145.00
325.00
18.00
13.00
4.00
100.00
227.00
646.00
1983.00
0.00
0.00
0.00
11.00
52.00
75.00
314.00
24.00
89.00
0.00
7.00
66.00
7.00
23.00
9.00
16.00
15.00
55.00
40.00
12.00
4.00
7.00
9.00
263.00
293.00
101.00
33.00
16.00
17.00
11.00
5.00
0.00
3.00
1.00
0.00
0.00
0.00
0.00
14.00
14.00
0.00
0.00
0.00
0.00
0.00
0.00
30.00
291.00
85.00
46.00
0.00
0.00
0.00
0.00
0.00
0.00
0.00
31.00
51.00
6.00
23.00
6.00
3.00
0.00
5.00
0.00
0.00
0.00
0.00
0.00
0.00
220.00
58.00
0.00
0.00
0.00
0.00
0.00
0.00
0.00
0.00
0.00
0.00
0.00
0.00
0.00
0.00
0.00
0.00
0.00
0.00
0.00
0.00
0.00
0.00
0.00
0.00
0.00
0.00
0.00
0.00
0.00
0.00
0.00
0.00
0.00
0.00
0.00
462.00
92.00
103.00
12.00
36.00
17.00
157.00
80.00
0.00
0.00
0.00
0.00
0.00
0.00
0.00
0.00
0.00
0.00
322.00
274.00
0.00
0.00
0.00
0.00
0.00
0.00
0.00
0.00
0.00
0.00
0.00
0.00
0.00
17.00
0.00
0.00
4.00
27.00
0.00
0.00
0.00
0.00
0.00
0.00
7.00
0.00
33.00
163.00
0.00
335.00
536.00
369.00
462.00
0.00
6.00
0.00
0.00
404.00
3.00
26.00
181.00
223.00
22.00
154.00
1.00
0.00
59.00
1.00
1.00
21.00
1.00
38.00
146.00
89.00
0.00
1.00
171.00
3.00
2.00
0.00
220.00
67.00
148.00
44.00
82.00
0.00
274.00
21.00
440.00
586.00
172.00
339.00
156.00
244.00
0.00
0.00
0.00
269.00
0.00
0.00
0.00
0.00
0.00
172.00
248.00
90.00
81.00
416.00
154.00
2.00
191.00
18.00
154.00
183.00
23.00
12.00
39.00
191.00
67.00
7.00
0.00
52.00
50.00
72.00
48.00
376.00
722.00
990.00
345.00
43.00
141.00
134.00
39.00
8.00
64.00
60.00
210.00
496.00
127.00
119.00
116.00
39.00
128.00
293.00
1070.00
159.00
284.00
249.00
44.00
42.00
80.00
47.00
103.00
176.00
70.00
399.00
354.00
427.00
207.00
160.00
136.00
59.00
5.00
392.00
128.00
67.00
187.00
405.00
323.00
120.00
388.00
393.00
231.00
397.00
208.00
294.00
324.00
17.00
66.00
266.00
141.00
472.00
108.00
294.00
402.00
529.00
353.00
333.00
390.00
477.00
306.00
25.00
14.00
46.00
44.00
56.00
58.00
359.00
409.00
256.00
341.00
173.00
111.00
60.00
44.00
133.00
93.00
384.00
618.00
429.00
2.00
39.00
4.00
20.00
358.00
355.00
704.00
739.00
475.00
279.00
0.00
12.00
0.00
26.00
56.00
61.00
7.00
58.00
11.00
146.00
189.00
55.00
30.00
0.00
10.00
4.00
0.00
4.00
3.00
0.00
0.00
0.00
0.00
0.00
0.00
27.00
48.00
119.00
114.00
13.00
0.00
55.00
4.00
9.00
0.00
0.00
0.00
0.00
0.00
0.00
0.00
0.00
36.00
72.00
94.00
17.00
0.00
0.00
1.00
207.00
30.00
0.00
0.00
3.00
3.00
0.00
2.00
7.00
0.00
0.00
0.00
0.00
0.00
0.00
0.00
0.00
0.00
0.00
0.00
0.00
0.00
0.00
0.00
0.00
0.00
0.00
0.00
0.00
0.00
0.00
2.00
29.00
0.00
0.00
0.00
0.00
0.00
0.00
0.00
0.00
0.00
0.00
14.00
85.00
56.00
0.00
0.00
0.00
0.00
0.00
0.00
0.00
0.00
0.00
0.00
0.00
0.00
0.00
0.00
0.00
0.00
0.00
9.00
0.00
0.00
0.00
0.00
0.00
0.00
0.00
0.00
0.00
0.00
0.00
0.00
0.00
0.00
0.00
0.00
0.00
0.00
0.00
0.00
4.00
4.00
1.00
0.00
0.00
0.00
0.00
0.00
0.00
0.00
0.00
0.00
0.00
11.00
0.00
0.00
0.00
4.00
0.00
0.00
0.00
4.00
2.00
0.00
0.00
0.00
0.00
0.00
0.00
1.80
22.60
4.50
43.40
18.80
0.00
0.00
0.00
0.20
0.00
0.00
0.00
0.00
0.00
0.00
0.00
0.00
0.00
0.00
0.00
0.00
8.20
0.60
9.70
0.00
4.30
8.60
0.00
0.00
0.00
6.80
10.20
0.00
0.40
0.20
157.30
12.40
37.20
0.00
15.80
6.80
40.10
0.00
1.10
27.00
0.00
1.80
1.30
0.70
0.00
5.80
7.40
0.00
0.00
0.00
3.10
18.50
1.70
0.00
0.00
0.00
0.10
11.40
21.10
23.30
16.10
16.10
1.80
130.40
66.90
50.80
3.20
34.80
75.10
52.20
20.30
29.00
10.20
25.80
0.10
12.80
0.70
82.60
27.00
1.30
1.30
68.10
60.20
60.20
19.20
6.80
25.70
5.50
3.60
1.00
8.80
19.80
6.70
7.20
68.60
22.60
0.80
6.70
11.90
5.70
3.10
3.50
9.70
0.90
43.20
36.90
16.30
12.60
0.50
4.10
23.00
69.70
23.40
6.10
2.30
23.60
181.70
187.10
171.40
69.10
15.30
58.40
17.10
23.70
15.60
11.50
15.20
59.10
34.10
77.60
74.00
74.00
109.80
109.80
55.00
80.00
80.00
6.20
10.90
80.00
80.00
80.00
56.20
55.70
98.60
32.20
25.60
33.50
21.40
14.50
19.40
16.70
35.00
23.50
135.00
24.80
8.30
11.70
15.70
34.40
21.40
31.30
51.60
3.50
26.10
47.70
30.80
62.80
26.70
2.10
3.80
1.50
4.20
12.50
55.50
103.00
22.60
3.90
9.00
18.20
6.70
4.60
7.80
18.30
10.70
11.10
74.00
47.10
30.30
23.90
32.30
33.80
50.60
38.40
30.40
50.10
35.10
21.60
29.60
18.30
9.70
2.80
3.10
2.60
13.60
39.60
16.60
19.80
31.30
5.10
12.20
9.10
11.40
94.20
94.20
34.10
3.70
4.40
13.40
6.90
76.60
14.20
11.70
8.60
1.00
0.50
0.80
0.00
1.70
0.90
0.30
0.10
1.90
3.70
1.50
2.50
0.60
0.10
0.00
14.40
