20160101
0.00
0.00
0.00
0.00
0.00
0.00
0.00
0.00
0.00
0.00
0.00
0.00
0.00
0.00
0.00
0.00
0.00
0.00
0.00
25.00
0.00
0.00
0.00
0.00
0.00
0.00
0.00
0.00
0.00
0.00
0.00
0.00
0.00
0.00
0.00
0.00
0.00
0.00
0.00
0.00
0.00
60.00
0.00
0.00
0.00
0.00
0.00
0.00
0.00
0.00
3.00
0.00
0.00
40.00
185.00
0.00
19.00
0.00
0.00
0.00
0.00
7.00
0.00
1.00
0.00
20.00
0.00
0.00
2.00
0.00
0.00
0.00
0.00
1.00
0.00
28.00
0.00
0.00
1.00
0.00
96.00
0.00
0.00
0.00
0.00
0.00
0.00
330.00
108.00
49.00
383.00
19.00
0.00
844.00
369.00
215.00
93.00
0.00
0.00
0.00
0.00
0.00
0.00
56.00
33.00
67.00
201.00
527.00
56.00
120.00
40.00
0.00
22.00
0.00
0.00
66.00
105.00
48.00
0.00
0.00
69.00
165.00
115.00
289.00
108.00
75.00
130.00
40.00
0.00
0.00
5.00
3.00
326.00
56.00
292.00
173.00
3.00
68.00
105.00
62.00
192.00
652.00
1.00
6.00
0.00
43.00
2.00
5.00
186.00
60.00
74.00
45.00
0.00
0.00
196.00
157.00
1.00
4.00
40.00
0.00
0.00
429.00
192.00
30.00
17.00
32.00
10.00
218.00
353.00
45.00
1.00
9.00
20.00
146.00
279.00
8.00
34.00
66.00
116.00
80.00
170.00
61.00
122.00
61.00
131.00
115.00
14.00
4.00
95.00
178.00
238.00
44.00
40.00
0.00
0.00
2.00
255.00
21.00
4.00
42.00
179.00
8.00
6.00
45.00
96.00
69.00
88.00
91.00
1.00
82.00
198.00
155.00
0.00
242.00
98.00
125.00
174.00
140.00
52.00
80.00
124.00
62.00
160.00
17.00
10.00
361.00
355.00
481.00
126.00
280.00
67.00
0.00
184.00
22.00
0.00
2.00
0.00
416.00
55.00
103.00
110.00
415.00
337.00
264.00
103.00
7.00
82.00
46.00
246.00
80.00
12.00
14.00
30.00
46.00
77.00
446.00
1221.00
924.00
15.00
138.00
38.00
269.00
119.00
10.00
146.00
0.00
273.00
1.00
196.00
3.00
2.00
26.00
1.00
51.00
0.00
0.00
0.00
152.00
172.00
40.00
266.00
56.00
6.00
22.00
61.00
49.00
5.00
0.00
0.00
0.00
0.00
0.00
0.00
0.00
0.00
0.00
0.00
0.00
0.00
0.00
7.00
2.00
27.00
0.00
0.00
0.00
0.00
18.00
161.00
846.00
286.00
0.00
0.00
0.00
0.00
0.00
0.00
0.00
0.00
0.00
0.00
0.00
0.00
0.00
0.00
0.00
0.00
0.00
0.00
0.00
0.00
0.00
0.00
0.00
0.00
1.00
0.00
0.00
0.00
0.00
0.00
0.00
0.00
0.00
0.00
2.00
0.00
0.00
0.00
0.00
0.00
0.00
0.00
0.00
0.00
0.00
0.00
0.00
0.00
0.00
0.00
0.00
0.00
0.00
0.00
0.00
0.00
0.00
0.00
0.00
0.00
0.00
0.00
0.00
0.00
0.00
0.00
0.00
0.00
0.00
0.00
0.00
0.00
0.00
0.00
0.00
0.00
0.00
0.00
0.00
0.00
0.00
6.00
0.00
0.00
0.00
0.00
0.00
0.00
0.00
0.00
0.00
0.00
0.00
0.00
0.00
0.00
0.00
0.00
0.00
0.00
0.00
0.00
0.00
0.00
0.00
0.00
0.00
81.00
0.00
0.00
0.00
0.00
0.00
0.00
0.00
0.00
0.00
4.00
35.00
8.00
0.00
66.00
0.00
157.00
60.00
0.00
0.00
0.00
0.00
0.00
2.00
20.00
0.00
52.00
0.00
0.00
0.00
1.00
280.00
9.00
0.00
5.00
141.00
515.00
28.00
8.00
14.00
386.00
424.00
871.00
0.00
0.00
0.00
0.00
0.00
0.00
0.00
0.00
0.00
25.00
6.00
0.00
3.00
660.00
766.00
464.00
700.00
4.00
431.00
107.00
0.00
0.00
27.00
74.00
17.00
284.00
0.00
0.00
34.00
39.00
53.00
1.00
0.00
36.00
0.00
27.00
0.00
8.00
115.00
394.00
0.00
78.00
16.00
183.00
63.00
40.00
29.00
0.00
0.00
14.00
20.00
0.00
2.00
167.00
396.00
654.00
835.00
194.00
702.00
489.00
105.00
1.00
4.00
64.00
209.00
273.00
125.00
555.00
20.00
156.00
132.00
149.00
245.00
462.00
561.00
7.00
0.00
19.00
325.00
467.00
301.00
265.00
141.00
339.00
76.00
90.00
140.00
10.00
28.00
34.00
125.00
21.00
71.00
11.00
93.00
55.00
231.00
346.00
337.00
54.00
340.00
266.00
38.00
114.00
76.00
90.00
154.00
470.00
69.00
277.00
50.00
53.00
48.00
99.00
26.00
36.00
71.00
93.00
118.00
284.00
488.00
86.00
60.00
11.00
2.00
37.00
147.00
805.00
268.00
14.00
15.00
6.00
11.00
218.00
53.00
350.00
177.00
131.00
45.00
664.00
195.00
233.00
154.00
183.00
181.00
154.00
103.00
190.00
59.00
1.00
25.00
15.00
123.00
95.00
233.00
26.00
35.00
514.00
265.00
0.00
47.00
18.00
1.00
5.00
293.00
255.00
65.00
4.00
4.00
0.00
0.00
0.00
108.00
84.00
212.00
315.00
53.00
37.00
260.00
6.00
25.00
15.00
147.00
373.00
114.00
22.00
0.00
0.00
0.00
78.00
4.00
0.00
8.00
0.00
174.00
627.00
406.00
593.00
1393.00
0.00
0.00
0.00
0.00
0.00
0.00
0.00
79.00
347.00
0.00
0.00
0.00
0.00
0.00
0.00
0.00
0.00
0.00
0.00
0.00
0.00
73.00
1.00
3.00
199.00
47.00
3.00
0.00
0.00
0.00
0.00
0.00
0.00
0.00
0.00
0.00
0.00
0.00
0.00
0.00
0.00
0.00
0.00
0.00
0.00
0.00
140.00
466.00
342.00
294.00
0.00
0.00
0.00
0.00
0.00
0.00
0.00
0.00
13.00
0.00
0.00
0.00
0.00
0.00
0.00
0.00
0.00
0.00
0.00
0.00
123.00
320.00
9.00
0.00
0.00
0.00
0.00
0.00
0.00
0.00
0.00
0.00
0.00
0.00
0.00
0.00
0.00
0.00
0.00
0.00
0.00
0.00
0.00
0.00
0.00
0.00
0.00
0.00
0.00
0.00
0.00
0.00
0.00
0.00
0.00
0.00
0.00
0.00
97.00
94.00
111.00
25.00
0.00
0.00
29.00
5.00
0.00
0.00
0.00
0.00
0.00
8.00
0.00
0.00
0.00
0.00
76.00
520.00
0.00
0.00
0.00
0.00
0.00
0.00
0.00
0.00
0.00
0.00
0.00
0.00
0.00
0.00
83.00
0.00
0.00
8.00
14.00
0.00
0.00
0.00
0.00
0.00
0.00
0.00
49.00
204.00
25.00
4.00
198.00
394.00
7.00
0.00
13.00
0.00
0.00
207.00
47.00
42.00
71.00
3.00
44.00
30.00
66.00
0.00
65.00
0.00
3.00
71.00
140.00
10.00
60.00
291.00
273.00
0.00
1.00
135.00
39.00
4.00
247.00
133.00
240.00
2.00
280.00
64.00
223.00
551.00
1040.00
396.00
489.00
354.00
218.00
252.00
0.00
11.00
81.00
159.00
14.00
131.00
125.00
0.00
27.00
39.00
13.00
10.00
214.00
16.00
7.00
57.00
77.00
1.00
68.00
117.00
25.00
49.00
108.00
104.00
594.00
393.00
30.00
172.00
187.00
101.00
165.00
311.00
19.00
1239.00
656.00
2.00
172.00
0.00
31.00
0.00
22.00
83.00
20.00
31.00
6.00
159.00
33.00
2.00
9.00
5.00
0.00
62.00
81.00
5.00
2.00
3.00
29.00
31.00
10.00
45.00
5.00
135.00
39.00
60.00
175.00
20.00
43.00
13.00
66.00
63.00
171.00
23.00
54.00
227.00
29.00
3.00
4.00
86.00
114.00
96.00
195.00
36.00
6.00
5.00
108.00
192.00
102.00
66.00
86.00
107.00
41.00
191.00
98.00
469.00
393.00
398.00
485.00
47.00
2.00
0.00
93.00
183.00
15.00
121.00
48.00
133.00
213.00
187.00
10.00
1.00
24.00
76.00
67.00
0.00
6.00
124.00
177.00
23.00
0.00
1.00
177.00
20.00
35.00
38.00
5.00
3.00
0.00
23.00
8.00
114.00
207.00
155.00
125.00
9.00
47.00
0.00
117.00
80.00
138.00
0.00
0.00
0.00
0.00
0.00
0.00
0.00
1.00
8.00
0.00
0.00
6.00
113.00
259.00
196.00
23.00
5.00
0.00
0.00
0.00
0.00
0.00
0.00
0.00
0.00
0.00
0.00
0.00
0.00
848.00
212.00
120.00
74.00
64.00
0.00
0.00
0.00
1.00
6.00
0.00
0.00
0.00
0.00
0.00
0.00
0.00
0.00
0.00
0.00
0.00
0.00
0.00
0.00
0.00
0.00
0.00
0.00
0.00
0.00
0.00
0.00
0.00
0.00
0.00
0.00
0.00
0.00
0.00
2.00
0.00
0.00
0.00
0.00
0.00
0.00
0.00
0.00
0.00
0.00
42.00
60.00
20.00
0.00
0.00
0.00
0.00
0.00
0.00
0.00
0.00
0.00
0.00
0.00
0.00
0.00
0.00
0.00
0.00
0.00
0.00
0.00
0.00
0.00
0.00
0.00
0.00
0.00
0.00
0.00
0.00
0.00
0.00
0.00
0.00
0.00
0.00
0.00
0.00
0.00
0.00
0.00
0.00
0.00
0.00
0.00
0.00
0.00
0.00
0.00
0.00
0.00
0.00
0.00
0.00
0.00
0.00
0.00
0.00
0.00
0.00
0.00
1.00
5.00
0.00
0.00
0.00
0.00
0.00
0.00
7.30
49.20
27.80
57.00
27.70
0.00
0.00
0.00
19.80
9.30
0.40
0.00
0.00
0.00
0.00
0.00
0.00
0.00
0.00
1.40
0.10
66.30
0.60
0.00
0.00
0.00
29.50
0.00
0.00
0.00
2.30
14.30
0.00
0.00
0.00
124.60
16.10
95.20
6.70
12.10
0.70
24.40
0.10
20.10
16.20
0.00
0.10
3.00
0.80
0.00
0.40
0.00
0.10
0.00
0.00
1.10
0.00
0.10
0.00
0.00
0.00
0.00
2.30
5.60
0.10
0.00
0.00
4.20
42.10
51.00
0.00
0.00
0.00
0.00
0.00
0.00
0.90
0.00
34.60
13.70
7.50
4.00
22.40
20.00
0.10
0.10
0.00
1.50
1.50
81.60
6.90
10.30
0.80
0.00
0.00
0.00
63.60
46.20
0.60
24.50
92.60
2.10
0.10
7.80
11.90
0.70
5.10
0.00
6.40
97.40
169.20
23.00
0.00
0.00
2.70
31.20
2.90
7.00
0.00
2.30
0.00
23.10
10.40
2.20
9.30
10.60
33.70
6.70
1.70
4.10
39.70
9.90
12.10
2.40
13.00
46.10
46.10
61.30
61.30
21.40
12.60
12.60
1.10
0.00
12.60
12.60
12.60
50.90
5.70
20.30
30.00
49.50
10.30
5.90
3.40
0.60
18.60
6.70
3.40
23.30
26.60
34.00
1.20
0.30
16.60
4.50
0.20
1.50
0.00
30.00
20.20
16.70
11.40
5.20
2.00
1.50
0.30
4.80
5.80
54.50
19.30
29.90
1.10
14.20
4.90
3.20
0.20
3.80
3.80
20.30
6.80
19.80
54.50
12.40
25.30
4.70
0.90
1.10
5.80
4.80
8.10
1.90
0.80
1.70
9.20
1.10
0.20
0.20
0.00
20.60
22.70
19.50
34.70
22.00
0.00
0.00
0.00
13.30
9.10
9.10
8.90
0.00
6.50
0.00
28.50
3.20
0.00
24.20
21.80
0.00
0.00
0.00
0.00
10.30
7.90
0.00
0.00
0.00
0.00
0.30
7.40
0.90
0.10
0.00
1.00
