20160101
0.00
0.00
0.00
0.00
0.00
0.00
0.00
0.00
23.00
0.00
0.00
0.00
0.00
0.00
0.00
0.00
0.00
0.00
6.00
103.00
0.00
0.00
0.00
0.00
0.00
3.00
0.00
0.00
0.00
0.00
0.00
0.00
0.00
0.00
0.00
0.00
0.00
0.00
0.00
11.00
0.00
21.00
0.00
0.00
0.00
0.00
0.00
0.00
0.00
0.00
1.00
14.00
0.00
0.00
84.00
5.00
23.00
0.00
0.00
0.00
0.00
0.00
0.00
19.00
0.00
30.00
0.00
0.00
0.00
0.00
3.00
0.00
0.00
1.00
2.00
0.00
0.00
0.00
14.00
151.00
36.00
0.00
0.00
0.00
0.00
0.00
31.00
615.00
17.00
31.00
497.00
0.00
0.00
396.00
346.00
649.00
108.00
0.00
55.00
99.00
92.00
0.00
0.00
0.00
68.00
185.00
361.00
617.00
18.00
485.00
308.00
180.00
282.00
0.00
0.00
190.00
383.00
225.00
21.00
1.00
42.00
120.00
48.00
127.00
144.00
74.00
200.00
93.00
15.00
5.00
50.00
26.00
167.00
88.00
665.00
141.00
153.00
671.00
468.00
135.00
21.00
788.00
4.00
5.00
83.00
151.00
42.00
79.00
64.00
11.00
31.00
40.00
7.00
0.00
352.00
169.00
46.00
21.00
561.00
110.00
41.00
132.00
123.00
77.00
24.00
246.00
82.00
235.00
107.00
60.00
111.00
145.00
301.00
709.00
542.00
71.00
10.00
186.00
114.00
30.00
103.00
47.00
61.00
191.00
221.00
13.00
16.00
48.00
258.00
537.00
296.00
86.00
76.00
69.00
45.00
25.00
118.00
162.00
4.00
19.00
208.00
40.00
53.00
50.00
167.00
128.00
103.00
40.00
60.00
6.00
327.00
188.00
10.00
57.00
45.00
164.00
354.00
87.00
77.00
83.00
237.00
124.00
240.00
26.00
169.00
22.00
375.00
624.00
25.00
194.00
57.00
19.00
48.00
98.00
2.00
27.00
0.00
138.00
6.00
65.00
83.00
185.00
694.00
318.00
191.00
38.00
273.00
82.00
190.00
70.00
68.00
5.00
11.00
110.00
105.00
460.00
433.00
133.00
0.00
199.00
24.00
280.00
52.00
334.00
331.00
13.00
143.00
14.00
275.00
2.00
1.00
62.00
49.00
18.00
4.00
2.00
0.00
376.00
91.00
106.00
225.00
87.00
84.00
156.00
34.00
77.00
0.00
0.00
0.00
0.00
0.00
0.00
0.00
0.00
0.00
0.00
0.00
26.00
0.00
0.00
271.00
1.00
0.00
0.00
9.00
0.00
0.00
10.00
309.00
383.00
28.00
0.00
0.00
0.00
0.00
0.00
0.00
0.00
0.00
0.00
0.00
0.00
0.00
0.00
1.00
0.00
0.00
0.00
0.00
0.00
0.00
0.00
0.00
0.00
0.00
4.00
0.00
0.00
0.00
0.00
0.00
0.00
0.00
0.00
0.00
0.00
0.00
0.00
0.00
0.00
0.00
0.00
0.00
0.00
0.00
0.00
0.00
0.00
0.00
0.00
0.00
0.00
0.00
0.00
0.00
30.00
0.00
0.00
17.00
8.00
0.00
0.00
0.00
0.00
0.00
1.00
0.00
0.00
0.00
0.00
0.00
0.00
0.00
0.00
0.00
0.00
0.00
0.00
0.00
0.00
0.00
1.00
2.00
0.00
0.00
0.00
0.00
0.00
0.00
0.00
0.00
0.00
0.00
0.00
0.00
0.00
0.00
0.00
0.00
0.00
0.00
0.00
0.00
0.00
0.00
0.00
10.00
0.00
0.00
0.00
0.00
0.00
0.00
0.00
0.00
0.00
0.00
0.00
23.00
42.00
0.00
0.00
75.00
0.00
231.00
22.00
0.00
0.00
0.00
0.00
0.00
44.00
52.00
36.00
103.00
0.00
0.00
0.00
2.00
225.00
19.00
25.00
8.00
452.00
475.00
423.00
61.00
585.00
629.00
189.00
534.00
1.00
0.00
45.00
68.00
0.00
0.00
0.00
0.00
0.00
250.00
5.00
0.00
0.00
782.00
796.00
613.00
201.00
3.00
133.00
214.00
25.00
0.00
185.00
12.00
74.00
231.00
1.00
28.00
173.00
325.00
260.00
1.00
59.00
29.00
9.00
158.00
5.00
86.00
217.00
315.00
1.00
43.00
536.00
376.00
695.00
10.00
87.00
11.00
112.00
89.00
40.00
13.00
11.00
251.00
515.00
431.00
978.00
332.00
797.00
283.00
97.00
16.00
32.00
80.00
32.00
150.00
285.00
720.00
35.00
313.00
62.00
175.00
694.00
807.00
1357.00
51.00
233.00
338.00
602.00
463.00
247.00
75.00
229.00
542.00
72.00
481.00
116.00
123.00
98.00
170.00
31.00
145.00
54.00
46.00
201.00
190.00
34.00
328.00
363.00
129.00
230.00
40.00
55.00
26.00
84.00
36.00
430.00
652.00
251.00
38.00
131.00
76.00
67.00
20.00
143.00
86.00
354.00
345.00
82.00
509.00
214.00
396.00
167.00
21.00
21.00
33.00
655.00
854.00
1037.00
157.00
197.00
328.00
20.00
369.00
78.00
143.00
75.00
501.00
221.00
724.00
281.00
466.00
173.00
450.00
152.00
105.00
472.00
121.00
281.00
144.00
1158.00
99.00
104.00
334.00
186.00
382.00
699.00
792.00
56.00
11.00
314.00
363.00
32.00
53.00
192.00
57.00
218.00
120.00
33.00
7.00
29.00
112.00
3.00
78.00
229.00
357.00
171.00
269.00
466.00
72.00
7.00
25.00
16.00
116.00
780.00
7.00
10.00
7.00
0.00
238.00
190.00
105.00
97.00
0.00
37.00
322.00
333.00
543.00
1083.00
0.00
0.00
0.00
0.00
0.00
0.00
7.00
30.00
258.00
4.00
0.00
0.00
0.00
3.00
21.00
22.00
0.00
0.00
2.00
7.00
5.00
33.00
6.00
16.00
411.00
101.00
12.00
2.00
17.00
1.00
0.00
0.00
0.00
0.00
0.00
0.00
0.00
0.00
0.00
0.00
0.00
0.00
0.00
0.00
0.00
1.00
0.00
99.00
464.00
354.00
0.00
0.00
0.00
0.00
0.00
0.00
0.00
0.00
61.00
7.00
6.00
1.00
3.00
0.00
0.00
0.00
0.00
0.00
0.00
0.00
23.00
249.00
41.00
0.00
0.00
0.00
0.00
0.00
0.00
0.00
0.00
0.00
0.00
0.00
0.00
0.00
0.00
0.00
0.00
0.00
0.00
0.00
0.00
0.00
0.00
0.00
0.00
0.00
0.00
0.00
0.00
0.00
0.00
0.00
0.00
0.00
0.00
0.00
206.00
69.00
151.00
91.00
83.00
0.00
35.00
21.00
0.00
0.00
0.00
0.00
0.00
0.00
0.00
0.00
3.00
0.00
286.00
361.00
0.00
0.00
0.00
0.00
0.00
0.00
0.00
0.00
0.00
0.00
0.00
0.00
0.00
0.00
0.00
0.00
3.00
39.00
125.00
0.00
0.00
0.00
0.00
0.00
2.00
0.00
237.00
87.00
0.00
68.00
305.00
212.00
149.00
0.00
41.00
0.00
0.00
197.00
1.00
57.00
2.00
317.00
6.00
131.00
42.00
0.00
58.00
0.00
0.00
74.00
21.00
130.00
24.00
160.00
41.00
0.00
97.00
122.00
40.00
7.00
264.00
115.00
210.00
0.00
89.00
2.00
276.00
374.00
1006.00
710.00
430.00
408.00
326.00
382.00
2.00
0.00
10.00
321.00
0.00
1.00
0.00
0.00
0.00
3.00
69.00
21.00
112.00
201.00
106.00
5.00
191.00
11.00
133.00
277.00
74.00
0.00
82.00
176.00
117.00
120.00
41.00
15.00
45.00
86.00
118.00
521.00
407.00
766.00
586.00
33.00
115.00
65.00
53.00
118.00
203.00
24.00
139.00
191.00
51.00
60.00
100.00
39.00
82.00
60.00
177.00
213.00
26.00
21.00
8.00
18.00
121.00
135.00
27.00
136.00
52.00
105.00
174.00
476.00
186.00
24.00
92.00
15.00
2.00
75.00
190.00
52.00
296.00
404.00
261.00
50.00
49.00
139.00
154.00
210.00
456.00
142.00
54.00
22.00
46.00
427.00
68.00
167.00
140.00
294.00
163.00
301.00
115.00
246.00
290.00
347.00
144.00
38.00
8.00
12.00
43.00
21.00
42.00
289.00
117.00
93.00
281.00
61.00
115.00
43.00
14.00
207.00
212.00
43.00
71.00
241.00
7.00
5.00
5.00
15.00
21.00
25.00
186.00
88.00
22.00
91.00
0.00
0.00
0.00
24.00
86.00
26.00
22.00
2.00
12.00
151.00
149.00
37.00
95.00
0.00
0.00
37.00
0.00
1.00
0.00
14.00
16.00
0.00
0.00
0.00
0.00
27.00
31.00
434.00
50.00
3.00
3.00
4.00
0.00
3.00
0.00
0.00
0.00
0.00
0.00
0.00
0.00
0.00
99.00
219.00
89.00
30.00
0.00
0.00
0.00
0.00
55.00
0.00
0.00
0.00
0.00
0.00
0.00
0.00
0.00
0.00
0.00
0.00
0.00
0.00
0.00
0.00
0.00
0.00
0.00
0.00
0.00
0.00
0.00
0.00
0.00
0.00
0.00
0.00
0.00
0.00
0.00
41.00
0.00
0.00
0.00
0.00
0.00
0.00
0.00
0.00
0.00
0.00
3.00
66.00
67.00
0.00
0.00
0.00
0.00
0.00
0.00
0.00
0.00
0.00
0.00
0.00
0.00
0.00
0.00
0.00
0.00
0.00
0.00
0.00
0.00
0.00
0.00
0.00
0.00
0.00
0.00
0.00
0.00
0.00
0.00
0.00
0.00
0.00
0.00
0.00
0.00
0.00
0.00
0.00
0.00
1.00
0.00
0.00
0.00
0.00
0.00
0.00
0.00
0.00
0.00
0.00
0.00
3.00
0.00
0.00
0.00
0.00
0.00
0.00
0.00
14.00
0.00
0.00
0.00
0.00
0.00
0.00
0.00
34.70
4.80
26.90
26.50
0.00
0.00
0.00
15.10
3.40
0.00
0.00
0.00
0.00
0.00
0.00
0.00
0.00
0.00
0.00
0.00
3.80
0.10
3.30
0.00
0.40
30.60
0.00
0.00
0.00
1.00
11.70
0.00
0.00
0.00
227.60
16.60
52.90
0.00
50.70
10.70
55.50
0.20
3.80
25.60
0.00
0.00
3.20
0.60
0.00
4.40
4.60
0.00
0.00
0.00
4.90
2.90
0.70
0.00
0.00
0.00
0.00
7.70
44.50
10.40
6.40
6.40
15.90
280.80
108.20
1.40
0.00
1.80
21.70
13.30
0.40
15.00
2.90
18.90
3.20
13.00
0.20
40.50
35.50
1.20
1.20
9.00
36.40
36.40
30.40
1.10
4.00
0.10
2.30
0.60
3.90
20.10
29.80
8.10
30.50
15.50
7.30
2.40
10.60
7.70
21.00
2.00
0.00
0.10
71.80
92.70
12.70
9.90
20.30
1.70
16.60
53.90
40.20
16.80
0.80
0.40
69.40
123.00
92.50
76.40
4.70
14.00
19.50
10.70
3.90
17.30
25.80
17.90
11.50
16.80
30.20
30.20
48.00
48.00
83.00
8.70
8.70
2.10
5.80
8.70
8.70
8.70
47.40
69.40
32.90
18.30
17.10
17.90
6.60
5.50
6.10
13.30
8.20
17.50
32.30
22.20
3.00
7.00
2.10
36.90
18.00
5.20
6.70
1.30
8.00
28.40
8.20
17.60
27.30
1.40
3.60
1.10
1.50
15.90
128.90
28.50
16.20
2.30
8.90
10.30
8.90
4.60
2.90
14.50
39.70
3.70
53.80
30.00
11.80
12.50
9.70
3.40
11.60
8.10
11.30
8.30
30.00
10.70
5.50
7.10
1.80
1.10
1.50
2.30
19.50
39.90
19.60
32.90
34.20
1.00
4.30
3.00
11.10
22.50
22.50
14.80
12.70
1.00
20.70
24.80
8.30
16.60
31.20
2.10
0.00
0.00
0.00
0.00
0.30
0.50
0.00
0.00
0.20
0.20
1.50
2.50
0.60
0.10
0.00
14.40
