20160101
0.00
0.00
0.00
0.00
0.00
0.00
0.00
0.00
0.00
0.00
0.00
0.00
3.00
0.00
0.00
0.00
0.00
0.00
37.00
6.00
0.00
0.00
0.00
0.00
0.00
0.00
5.00
1.00
0.00
0.00
0.00
0.00
0.00
0.00
0.00
0.00
0.00
2.00
43.00
0.00
0.00
0.00
0.00
0.00
0.00
0.00
0.00
0.00
0.00
1.00
9.00
0.00
0.00
0.00
6.00
0.00
18.00
0.00
0.00
0.00
14.00
0.00
0.00
0.00
0.00
278.00
0.00
0.00
0.00
0.00
0.00
1.00
2.00
12.00
0.00
0.00
0.00
12.00
0.00
0.00
0.00
0.00
0.00
0.00
0.00
0.00
0.00
1.00
220.00
409.00
499.00
1.00
2.00
127.00
0.00
108.00
0.00
0.00
0.00
0.00
0.00
0.00
0.00
0.00
0.00
0.00
679.00
0.00
0.00
0.00
0.00
0.00
0.00
0.00
0.00
0.00
0.00
0.00
0.00
0.00
0.00
104.00
0.00
1.00
3.00
0.00
0.00
172.00
33.00
0.00
97.00
1.00
691.00
47.00
32.00
17.00
5.00
5.00
14.00
8.00
27.00
27.00
0.00
0.00
178.00
23.00
0.00
98.00
45.00
11.00
103.00
164.00
0.00
0.00
0.00
0.00
0.00
36.00
219.00
0.00
10.00
0.00
513.00
456.00
15.00
35.00
29.00
85.00
7.00
0.00
22.00
9.00
19.00
36.00
21.00
14.00
2.00
186.00
35.00
1.00
1.00
21.00
34.00
141.00
211.00
34.00
307.00
83.00
60.00
208.00
63.00
8.00
1.00
20.00
3.00
15.00
22.00
277.00
46.00
150.00
181.00
85.00
13.00
41.00
31.00
115.00
89.00
45.00
5.00
45.00
87.00
73.00
108.00
235.00
106.00
67.00
79.00
105.00
17.00
45.00
99.00
34.00
171.00
22.00
10.00
7.00
119.00
99.00
208.00
173.00
9.00
1.00
59.00
446.00
33.00
1.00
5.00
488.00
11.00
8.00
14.00
3.00
23.00
9.00
17.00
770.00
85.00
3.00
10.00
13.00
45.00
12.00
1.00
15.00
16.00
225.00
207.00
14.00
21.00
98.00
125.00
171.00
101.00
368.00
219.00
26.00
33.00
193.00
181.00
168.00
11.00
12.00
1.00
3.00
0.00
212.00
7.00
23.00
6.00
1.00
18.00
69.00
41.00
14.00
240.00
35.00
0.00
0.00
0.00
0.00
0.00
0.00
0.00
0.00
0.00
0.00
0.00
33.00
0.00
0.00
15.00
1.00
0.00
0.00
0.00
0.00
1.00
12.00
357.00
437.00
0.00
0.00
0.00
0.00
0.00
0.00
0.00
0.00
0.00
0.00
0.00
0.00
0.00
0.00
0.00
0.00
0.00
0.00
0.00
0.00
0.00
0.00
0.00
0.00
0.00
1.00
0.00
0.00
0.00
0.00
0.00
0.00
0.00
0.00
0.00
0.00
0.00
0.00
0.00
0.00
0.00
0.00
0.00
0.00
0.00
0.00
0.00
0.00
0.00
0.00
0.00
0.00
0.00
0.00
0.00
1.00
0.00
0.00
22.00
0.00
0.00
0.00
0.00
0.00
0.00
3.00
0.00
0.00
0.00
0.00
0.00
0.00
0.00
0.00
0.00
0.00
0.00
0.00
0.00
0.00
0.00
3.00
6.00
0.00
0.00
0.00
0.00
0.00
0.00
0.00
0.00
0.00
0.00
0.00
0.00
0.00
0.00
0.00
0.00
0.00
0.00
0.00
0.00
0.00
0.00
0.00
0.00
0.00
0.00
0.00
0.00
0.00
0.00
0.00
0.00
0.00
0.00
22.00
16.00
154.00
0.00
0.00
31.00
0.00
283.00
7.00
0.00
0.00
0.00
0.00
0.00
86.00
100.00
56.00
246.00
0.00
0.00
0.00
0.00
40.00
0.00
6.00
14.00
169.00
53.00
0.00
403.00
134.00
198.00
0.00
104.00
0.00
36.00
3.00
0.00
0.00
0.00
0.00
0.00
0.00
34.00
2.00
0.00
44.00
571.00
1.00
234.00
758.00
386.00
160.00
297.00
0.00
4.00
0.00
126.00
401.00
234.00
0.00
0.00
0.00
139.00
32.00
0.00
0.00
92.00
0.00
32.00
0.00
43.00
246.00
680.00
2.00
416.00
0.00
0.00
0.00
0.00
0.00
0.00
0.00
0.00
81.00
0.00
16.00
152.00
60.00
13.00
91.00
51.00
23.00
0.00
252.00
0.00
0.00
81.00
0.00
133.00
149.00
606.00
4.00
26.00
71.00
160.00
90.00
295.00
201.00
0.00
3.00
234.00
1.00
0.00
1.00
0.00
2.00
3.00
16.00
42.00
39.00
76.00
166.00
288.00
48.00
21.00
12.00
9.00
78.00
88.00
168.00
258.00
56.00
17.00
32.00
39.00
175.00
115.00
257.00
72.00
259.00
4.00
69.00
941.00
37.00
186.00
56.00
2.00
64.00
37.00
1.00
47.00
134.00
142.00
165.00
26.00
51.00
17.00
4.00
15.00
373.00
1200.00
144.00
266.00
80.00
43.00
28.00
125.00
19.00
65.00
31.00
95.00
486.00
63.00
31.00
19.00
809.00
149.00
64.00
36.00
65.00
183.00
66.00
133.00
46.00
16.00
97.00
3.00
55.00
32.00
46.00
125.00
177.00
17.00
63.00
17.00
15.00
9.00
55.00
222.00
60.00
87.00
68.00
8.00
0.00
0.00
16.00
5.00
115.00
87.00
166.00
144.00
50.00
13.00
0.00
1.00
0.00
464.00
128.00
26.00
80.00
1.00
0.00
0.00
0.00
8.00
0.00
0.00
0.00
14.00
21.00
706.00
248.00
0.00
0.00
0.00
0.00
0.00
0.00
0.00
0.00
0.00
0.00
0.00
0.00
0.00
0.00
0.00
0.00
0.00
0.00
0.00
0.00
0.00
14.00
3.00
1.00
335.00
90.00
4.00
0.00
0.00
0.00
0.00
0.00
0.00
0.00
0.00
0.00
0.00
0.00
0.00
0.00
0.00
0.00
0.00
0.00
0.00
0.00
0.00
2.00
102.00
0.00
0.00
0.00
0.00
0.00
0.00
0.00
0.00
0.00
37.00
0.00
0.00
0.00
0.00
0.00
0.00
0.00
0.00
0.00
0.00
0.00
0.00
16.00
0.00
0.00
0.00
0.00
0.00
0.00
0.00
0.00
0.00
0.00
0.00
0.00
0.00
0.00
0.00
0.00
0.00
0.00
0.00
0.00
0.00
0.00
0.00
0.00
0.00
0.00
0.00
0.00
0.00
0.00
0.00
0.00
0.00
10.00
0.00
0.00
895.00
325.00
241.00
25.00
75.00
0.00
653.00
454.00
0.00
0.00
0.00
0.00
0.00
0.00
0.00
0.00
0.00
0.00
743.00
297.00
48.00
0.00
0.00
0.00
0.00
0.00
238.00
0.00
0.00
0.00
0.00
0.00
0.00
0.00
0.00
0.00
88.00
100.00
0.00
0.00
0.00
0.00
0.00
0.00
5.00
31.00
48.00
89.00
0.00
143.00
14.00
665.00
323.00
1.00
16.00
0.00
0.00
74.00
181.00
163.00
1.00
30.00
0.00
242.00
39.00
2.00
24.00
0.00
0.00
76.00
43.00
38.00
195.00
57.00
0.00
0.00
0.00
355.00
104.00
0.00
128.00
172.00
136.00
0.00
248.00
0.00
15.00
789.00
69.00
30.00
51.00
10.00
100.00
359.00
0.00
1.00
0.00
4.00
34.00
0.00
4.00
0.00
364.00
10.00
43.00
71.00
19.00
120.00
0.00
0.00
44.00
0.00
61.00
36.00
69.00
0.00
483.00
0.00
0.00
4.00
0.00
2.00
320.00
53.00
13.00
71.00
0.00
189.00
13.00
227.00
17.00
5.00
41.00
0.00
0.00
0.00
23.00
77.00
38.00
214.00
3.00
1.00
0.00
1.00
182.00
266.00
147.00
107.00
0.00
0.00
8.00
3.00
14.00
11.00
25.00
36.00
5.00
104.00
70.00
3.00
9.00
1.00
2.00
112.00
26.00
22.00
160.00
210.00
201.00
3.00
307.00
33.00
30.00
223.00
62.00
145.00
25.00
3.00
33.00
39.00
660.00
21.00
9.00
27.00
19.00
21.00
142.00
95.00
81.00
84.00
32.00
15.00
10.00
173.00
80.00
32.00
4.00
214.00
108.00
31.00
21.00
16.00
7.00
4.00
0.00
21.00
4.00
257.00
54.00
103.00
27.00
1.00
0.00
16.00
18.00
7.00
41.00
454.00
436.00
3.00
20.00
13.00
5.00
8.00
173.00
124.00
61.00
8.00
4.00
2.00
43.00
72.00
2.00
0.00
0.00
0.00
0.00
0.00
0.00
0.00
0.00
0.00
0.00
0.00
0.00
5.00
371.00
139.00
8.00
0.00
0.00
0.00
0.00
0.00
0.00
0.00
0.00
0.00
0.00
0.00
0.00
0.00
0.00
14.00
10.00
0.00
0.00
0.00
0.00
0.00
0.00
14.00
0.00
0.00
0.00
0.00
0.00
0.00
0.00
0.00
0.00
0.00
0.00
0.00
0.00
0.00
0.00
0.00
0.00
0.00
0.00
0.00
0.00
0.00
0.00
0.00
0.00
0.00
0.00
0.00
0.00
11.00
0.00
0.00
0.00
0.00
0.00
0.00
0.00
0.00
0.00
0.00
9.00
108.00
14.00
0.00
0.00
0.00
0.00
0.00
0.00
0.00
0.00
0.00
0.00
0.00
0.00
0.00
0.00
0.00
0.00
0.00
0.00
0.00
0.00
0.00
0.00
0.00
0.00
0.00
0.00
0.00
0.00
0.00
0.00
0.00
0.00
0.00
0.00
0.00
0.00
0.00
0.00
1.00
1.00
0.00
0.00
0.00
0.00
0.00
0.00
0.00
0.00
0.00
0.00
0.00
1.00
0.00
0.00
0.00
0.00
0.00
0.00
0.00
2.00
0.00
0.00
0.00
0.00
0.00
0.00
0.00
2.50
15.50
3.80
25.60
0.70
0.00
0.00
0.00
2.00
0.10
0.00
0.00
0.00
0.00
0.00
0.00
0.00
0.00
0.40
3.00
0.00
11.80
2.60
0.10
0.00
0.00
0.00
0.00
0.00
0.00
11.90
5.10
0.00
10.80
6.20
96.00
0.00
5.10
0.00
0.90
0.00
79.10
0.30
9.80
15.70
0.00
71.70
1.30
16.50
0.00
0.00
6.90
0.00
0.00
0.00
0.00
6.80
0.00
0.00
0.00
0.00
0.10
0.00
0.00
0.00
0.00
0.00
0.00
91.30
7.50
0.00
0.00
0.00
0.00
0.00
0.00
0.00
0.00
20.40
2.00
23.40
0.00
8.70
0.00
0.00
0.00
0.00
34.70
34.70
21.30
1.00
0.00
2.30
1.60
0.00
2.90
9.20
0.10
28.80
0.00
3.60
13.40
0.00
0.00
0.00
0.00
0.00
0.00
0.10
0.80
1.20
14.60
0.00
264.60
0.80
0.20
5.50
11.40
4.40
0.00
0.00
3.80
15.60
29.70
14.60
0.30
5.70
4.30
1.80
0.10
0.80
7.00
3.00
13.40
8.00
14.00
14.00
50.60
50.60
79.30
1.90
1.90
3.30
2.20
1.90
1.90
1.90
3.40
8.80
17.00
34.40
8.20
30.70
4.90
2.10
4.60
1.90
4.20
3.00
9.40
3.20
3.50
14.90
3.70
4.50
22.60
6.20
3.00
6.90
26.30
8.90
15.90
19.00
42.50
2.20
0.90
1.60
2.40
3.00
46.10
16.20
4.90
2.10
0.60
1.60
3.90
3.30
2.50
6.80
46.60
23.20
14.80
5.30
3.00
2.20
0.40
1.50
10.70
1.20
4.00
5.00
45.10
1.70
4.60
2.70
3.00
2.00
1.80
2.70
3.30
24.40
2.50
15.90
99.60
8.50
7.00
15.60
15.00
22.20
22.20
0.90
3.30
3.00
2.70
2.50
2.10
48.50
18.40
2.20
0.00
0.10
0.30
0.00
0.10
1.00
0.00
0.30
1.30
0.60
2.00
0.00
0.00
0.80
11.00
53.60
