20160101
0.00
0.00
0.00
0.00
0.00
0.00
0.00
0.00
11.00
0.00
0.00
0.00
0.00
0.00
0.00
0.00
0.00
3.00
7.00
69.00
0.00
0.00
0.00
0.00
0.00
0.00
0.00
0.00
0.00
0.00
0.00
0.00
0.00
0.00
0.00
0.00
0.00
0.00
0.00
1.00
0.00
35.00
0.00
0.00
0.00
0.00
0.00
0.00
0.00
0.00
0.00
9.00
0.00
0.00
115.00
0.00
20.00
0.00
0.00
0.00
0.00
0.00
0.00
12.00
0.00
31.00
0.00
0.00
0.00
2.00
3.00
0.00
0.00
0.00
6.00
0.00
0.00
0.00
9.00
47.00
41.00
0.00
0.00
0.00
0.00
0.00
0.00
625.00
27.00
30.00
507.00
1.00
0.00
568.00
185.00
432.00
211.00
0.00
1.00
109.00
4.00
0.00
0.00
5.00
50.00
235.00
289.00
686.00
60.00
559.00
239.00
10.00
58.00
0.00
0.00
121.00
431.00
135.00
12.00
0.00
56.00
145.00
72.00
202.00
116.00
51.00
201.00
91.00
9.00
2.00
54.00
6.00
189.00
51.00
560.00
90.00
41.00
497.00
226.00
153.00
33.00
954.00
5.00
2.00
33.00
157.00
121.00
10.00
94.00
7.00
52.00
20.00
4.00
0.00
736.00
111.00
5.00
14.00
448.00
46.00
6.00
522.00
130.00
84.00
30.00
197.00
138.00
335.00
358.00
43.00
66.00
57.00
142.00
665.00
378.00
45.00
22.00
60.00
134.00
32.00
89.00
33.00
49.00
188.00
130.00
35.00
13.00
23.00
235.00
431.00
230.00
62.00
121.00
34.00
29.00
32.00
141.00
87.00
1.00
27.00
177.00
48.00
35.00
29.00
86.00
133.00
84.00
51.00
57.00
23.00
269.00
154.00
9.00
71.00
86.00
78.00
356.00
60.00
56.00
137.00
193.00
78.00
226.00
9.00
45.00
10.00
467.00
525.00
15.00
244.00
54.00
5.00
69.00
64.00
1.00
33.00
0.00
161.00
11.00
75.00
110.00
244.00
370.00
205.00
83.00
27.00
245.00
80.00
183.00
47.00
54.00
8.00
5.00
98.00
144.00
232.00
443.00
233.00
2.00
258.00
59.00
272.00
44.00
163.00
257.00
0.00
71.00
4.00
291.00
12.00
0.00
56.00
19.00
25.00
0.00
1.00
0.00
509.00
90.00
153.00
370.00
107.00
73.00
111.00
28.00
73.00
0.00
0.00
0.00
0.00
0.00
0.00
0.00
0.00
0.00
0.00
0.00
21.00
0.00
0.00
72.00
3.00
1.00
0.00
3.00
0.00
0.00
15.00
228.00
376.00
80.00
0.00
0.00
0.00
0.00
0.00
0.00
0.00
0.00
0.00
0.00
0.00
0.00
0.00
2.00
0.00
0.00
0.00
0.00
0.00
0.00
0.00
0.00
0.00
0.00
8.00
0.00
0.00
2.00
0.00
0.00
0.00
0.00
0.00
0.00
0.00
0.00
0.00
0.00
0.00
0.00
0.00
0.00
0.00
0.00
0.00
0.00
0.00
0.00
0.00
0.00
0.00
0.00
0.00
0.00
0.00
0.00
0.00
19.00
0.00
0.00
0.00
0.00
0.00
0.00
0.00
0.00
0.00
0.00
0.00
0.00
0.00
0.00
0.00
0.00
0.00
0.00
0.00
0.00
0.00
0.00
0.00
3.00
0.00
0.00
0.00
0.00
0.00
0.00
0.00
0.00
0.00
0.00
0.00
0.00
0.00
0.00
0.00
0.00
0.00
0.00
0.00
0.00
0.00
0.00
0.00
0.00
0.00
0.00
0.00
0.00
0.00
0.00
0.00
0.00
0.00
0.00
0.00
14.00
51.00
0.00
0.00
18.00
0.00
273.00
29.00
0.00
0.00
0.00
0.00
0.00
48.00
24.00
27.00
104.00
0.00
0.00
0.00
7.00
253.00
63.00
13.00
7.00
507.00
436.00
106.00
14.00
262.00
296.00
467.00
708.00
4.00
2.00
6.00
0.00
0.00
0.00
0.00
0.00
0.00
163.00
0.00
0.00
1.00
808.00
873.00
627.00
290.00
3.00
174.00
207.00
11.00
0.00
271.00
2.00
58.00
351.00
0.00
5.00
101.00
160.00
146.00
3.00
0.00
8.00
4.00
110.00
0.00
177.00
184.00
394.00
0.00
48.00
545.00
244.00
753.00
0.00
75.00
0.00
31.00
39.00
34.00
6.00
1.00
227.00
437.00
499.00
794.00
310.00
766.00
280.00
154.00
15.00
26.00
172.00
26.00
117.00
192.00
739.00
25.00
269.00
16.00
64.00
443.00
1043.00
956.00
33.00
172.00
176.00
491.00
409.00
271.00
56.00
188.00
607.00
80.00
371.00
100.00
71.00
61.00
192.00
64.00
70.00
69.00
60.00
158.00
186.00
87.00
288.00
338.00
61.00
257.00
54.00
45.00
37.00
54.00
71.00
341.00
383.00
137.00
191.00
164.00
58.00
52.00
40.00
86.00
178.00
202.00
275.00
48.00
377.00
257.00
226.00
119.00
31.00
23.00
10.00
530.00
945.00
829.00
88.00
163.00
241.00
15.00
496.00
59.00
123.00
36.00
356.00
149.00
691.00
311.00
729.00
120.00
452.00
99.00
51.00
285.00
148.00
350.00
93.00
761.00
55.00
163.00
334.00
191.00
236.00
497.00
351.00
36.00
60.00
212.00
393.00
24.00
78.00
193.00
87.00
201.00
94.00
34.00
7.00
6.00
230.00
4.00
40.00
186.00
312.00
77.00
326.00
405.00
37.00
5.00
28.00
1.00
101.00
318.00
2.00
7.00
1.00
0.00
272.00
243.00
97.00
114.00
0.00
146.00
854.00
310.00
631.00
1398.00
0.00
0.00
0.00
0.00
0.00
0.00
4.00
28.00
349.00
1.00
0.00
0.00
0.00
0.00
7.00
15.00
0.00
0.00
0.00
2.00
2.00
15.00
0.00
3.00
407.00
80.00
0.00
1.00
3.00
0.00
0.00
0.00
0.00
0.00
0.00
0.00
0.00
0.00
0.00
0.00
0.00
0.00
0.00
0.00
0.00
0.00
0.00
215.00
379.00
151.00
0.00
0.00
0.00
0.00
0.00
0.00
0.00
0.00
55.00
6.00
5.00
1.00
0.00
0.00
0.00
0.00
0.00
0.00
0.00
0.00
25.00
228.00
19.00
0.00
0.00
0.00
0.00
0.00
0.00
0.00
0.00
0.00
0.00
0.00
0.00
0.00
0.00
0.00
0.00
0.00
0.00
0.00
0.00
0.00
0.00
0.00
0.00
0.00
0.00
0.00
0.00
0.00
0.00
0.00
0.00
0.00
0.00
0.00
218.00
74.00
140.00
71.00
3.00
0.00
42.00
23.00
0.00
0.00
0.00
0.00
0.00
0.00
0.00
0.00
0.00
0.00
311.00
360.00
0.00
0.00
0.00
0.00
0.00
0.00
0.00
0.00
0.00
0.00
0.00
0.00
0.00
0.00
1.00
0.00
71.00
59.00
127.00
0.00
0.00
0.00
0.00
0.00
7.00
0.00
303.00
137.00
0.00
77.00
441.00
280.00
110.00
11.00
21.00
0.00
0.00
202.00
12.00
79.00
9.00
161.00
0.00
104.00
62.00
0.00
68.00
0.00
0.00
89.00
41.00
33.00
26.00
182.00
45.00
0.00
77.00
186.00
67.00
26.00
246.00
192.00
187.00
0.00
132.00
29.00
254.00
432.00
1208.00
810.00
391.00
300.00
269.00
280.00
1.00
1.00
5.00
218.00
3.00
3.00
0.00
0.00
0.00
0.00
16.00
19.00
108.00
144.00
41.00
24.00
168.00
6.00
154.00
263.00
70.00
0.00
106.00
80.00
149.00
512.00
60.00
4.00
154.00
79.00
170.00
289.00
111.00
649.00
309.00
38.00
126.00
43.00
49.00
31.00
214.00
31.00
96.00
107.00
111.00
87.00
83.00
20.00
46.00
32.00
34.00
96.00
33.00
10.00
4.00
10.00
128.00
98.00
15.00
26.00
17.00
49.00
44.00
401.00
153.00
59.00
44.00
10.00
12.00
47.00
174.00
78.00
291.00
267.00
302.00
28.00
8.00
81.00
121.00
160.00
373.00
78.00
22.00
13.00
26.00
411.00
57.00
88.00
81.00
224.00
88.00
166.00
75.00
245.00
340.00
235.00
267.00
17.00
3.00
14.00
73.00
43.00
24.00
273.00
130.00
74.00
208.00
88.00
34.00
17.00
12.00
91.00
111.00
27.00
38.00
310.00
41.00
3.00
0.00
11.00
25.00
14.00
162.00
34.00
12.00
26.00
2.00
0.00
0.00
21.00
62.00
429.00
7.00
1.00
20.00
113.00
127.00
136.00
180.00
0.00
0.00
8.00
0.00
0.00
0.00
18.00
17.00
2.00
0.00
0.00
0.00
37.00
56.00
541.00
29.00
0.00
6.00
14.00
0.00
5.00
0.00
0.00
0.00
0.00
0.00
0.00
0.00
0.00
73.00
167.00
69.00
43.00
0.00
0.00
0.00
0.00
6.00
12.00
0.00
0.00
0.00
0.00
0.00
0.00
0.00
0.00
0.00
0.00
0.00
0.00
0.00
0.00
0.00
0.00
0.00
0.00
0.00
0.00
0.00
0.00
0.00
0.00
0.00
0.00
0.00
0.00
0.00
21.00
0.00
0.00
0.00
0.00
0.00
0.00
0.00
0.00
0.00
0.00
5.00
58.00
53.00
0.00
0.00
0.00
0.00
0.00
0.00
0.00
0.00
0.00
0.00
0.00
0.00
0.00
0.00
0.00
0.00
0.00
0.00
0.00
0.00
0.00
0.00
0.00
0.00
0.00
0.00
0.00
0.00
0.00
0.00
0.00
0.00
0.00
0.00
0.00
0.00
0.00
0.00
1.00
1.00
1.00
0.00
0.00
0.00
0.00
0.00
0.00
0.00
0.00
0.00
0.00
0.00
2.00
0.00
0.00
0.00
0.00
0.00
0.00
1.00
9.00
0.00
0.00
0.00
0.00
0.00
0.00
0.00
30.60
5.00
23.60
26.40
0.00
0.00
0.00
13.90
3.00
0.00
0.00
0.00
0.00
0.00
0.00
0.00
0.00
0.00
0.80
0.00
12.90
0.30
0.60
0.00
0.00
31.90
0.00
0.00
0.00
1.30
11.30
0.00
0.00
0.00
194.40
23.90
54.60
0.00
26.10
8.30
58.60
0.10
20.70
36.20
0.00
0.00
6.20
0.30
0.00
4.30
3.70
0.00
0.00
0.00
1.30
1.20
0.40
0.00
0.00
0.00
0.00
6.50
13.90
10.10
4.10
4.10
12.30
128.70
113.70
0.00
0.00
0.20
8.80
5.80
0.00
8.50
6.50
35.40
3.70
8.20
0.00
40.60
21.60
1.90
1.90
15.90
42.10
42.10
24.80
2.00
15.70
0.10
1.70
4.70
3.40
27.00
40.80
7.60
26.70
21.00
16.10
2.60
7.80
7.80
26.30
4.50
0.00
0.30
46.00
63.90
12.10
9.80
8.00
1.00
10.80
42.00
14.80
6.80
0.50
0.50
57.00
106.30
48.30
69.70
4.70
15.20
14.00
4.60
2.50
16.40
20.70
8.70
12.90
35.80
33.10
33.10
65.40
65.40
60.50
6.50
6.50
1.60
5.50
6.50
6.50
6.50
8.10
37.70
41.80
15.40
20.50
12.50
5.80
5.00
5.20
15.00
9.60
11.70
33.30
14.80
2.90
5.80
2.90
45.80
17.30
3.30
5.20
0.60
17.10
39.40
6.80
18.10
28.90
2.50
3.90
0.90
2.20
13.50
98.40
35.40
15.50
2.00
3.90
5.70
9.90
2.40
1.30
11.00
20.90
3.10
52.90
31.60
8.80
14.40
24.20
2.60
1.70
6.30
5.80
6.40
9.60
7.10
5.80
20.70
7.80
0.00
1.70
0.60
16.10
44.60
19.40
39.60
32.50
0.30
2.80
2.70
9.80
22.30
22.30
10.60
6.20
0.20
20.10
30.90
7.70
22.30
21.40
3.00
0.00
0.00
0.00
0.00
0.00
0.50
0.00
0.00
0.00
0.10
0.30
7.40
0.90
0.10
0.00
1.00
