20160101
0.00
0.00
0.00
0.00
0.00
0.00
0.00
0.00
0.00
0.00
0.00
0.00
2.00
0.00
0.00
0.00
0.00
0.00
0.00
0.00
0.00
0.00
0.00
0.00
0.00
0.00
0.00
0.00
0.00
0.00
0.00
0.00
0.00
0.00
0.00
0.00
0.00
0.00
0.00
0.00
0.00
0.00
26.00
0.00
0.00
0.00
0.00
0.00
0.00
0.00
2.00
0.00
1.00
88.00
331.00
0.00
11.00
0.00
0.00
0.00
0.00
0.00
0.00
123.00
0.00
15.00
0.00
17.00
11.00
2.00
0.00
0.00
0.00
0.00
0.00
21.00
0.00
0.00
5.00
0.00
57.00
0.00
35.00
0.00
0.00
0.00
0.00
601.00
4.00
111.00
394.00
9.00
0.00
212.00
453.00
786.00
98.00
0.00
22.00
0.00
1.00
0.00
0.00
18.00
118.00
219.00
365.00
377.00
0.00
384.00
259.00
824.00
373.00
0.00
27.00
202.00
61.00
26.00
15.00
0.00
55.00
38.00
472.00
30.00
109.00
32.00
1.00
5.00
0.00
0.00
0.00
71.00
99.00
272.00
27.00
73.00
5.00
684.00
251.00
9.00
165.00
1144.00
0.00
7.00
0.00
14.00
3.00
46.00
13.00
62.00
76.00
4.00
0.00
0.00
0.00
103.00
134.00
131.00
144.00
11.00
147.00
126.00
50.00
40.00
39.00
0.00
8.00
91.00
158.00
62.00
14.00
34.00
177.00
14.00
5.00
41.00
53.00
4.00
41.00
0.00
165.00
53.00
125.00
98.00
23.00
9.00
6.00
15.00
1.00
20.00
149.00
68.00
26.00
3.00
4.00
80.00
198.00
56.00
15.00
1.00
4.00
3.00
5.00
27.00
112.00
67.00
265.00
0.00
55.00
16.00
122.00
16.00
54.00
62.00
4.00
18.00
5.00
63.00
114.00
217.00
92.00
23.00
8.00
75.00
89.00
26.00
87.00
6.00
44.00
7.00
13.00
0.00
303.00
22.00
0.00
40.00
0.00
447.00
0.00
5.00
31.00
32.00
259.00
447.00
35.00
0.00
12.00
59.00
108.00
69.00
275.00
8.00
4.00
43.00
35.00
109.00
166.00
13.00
0.00
529.00
174.00
43.00
138.00
60.00
587.00
103.00
271.00
48.00
193.00
14.00
125.00
202.00
0.00
849.00
3.00
0.00
0.00
20.00
71.00
239.00
160.00
200.00
27.00
87.00
51.00
202.00
17.00
0.00
0.00
0.00
0.00
0.00
0.00
0.00
0.00
0.00
0.00
58.00
27.00
0.00
175.00
13.00
306.00
58.00
2.00
0.00
18.00
25.00
152.00
399.00
112.00
0.00
0.00
0.00
0.00
0.00
0.00
0.00
0.00
0.00
0.00
0.00
0.00
0.00
0.00
0.00
0.00
0.00
0.00
0.00
0.00
0.00
0.00
0.00
0.00
0.00
0.00
0.00
0.00
0.00
0.00
0.00
0.00
0.00
0.00
0.00
0.00
0.00
0.00
0.00
0.00
0.00
0.00
0.00
0.00
0.00
0.00
0.00
0.00
0.00
0.00
0.00
0.00
0.00
0.00
0.00
0.00
0.00
0.00
0.00
0.00
0.00
0.00
0.00
0.00
0.00
0.00
0.00
0.00
0.00
0.00
0.00
0.00
0.00
0.00
0.00
0.00
0.00
0.00
0.00
0.00
0.00
0.00
0.00
0.00
0.00
0.00
0.00
0.00
0.00
0.00
0.00
0.00
0.00
0.00
0.00
0.00
0.00
0.00
0.00
0.00
0.00
0.00
0.00
0.00
0.00
0.00
0.00
0.00
0.00
0.00
0.00
0.00
0.00
0.00
0.00
0.00
0.00
0.00
24.00
5.00
0.00
100.00
0.00
72.00
128.00
0.00
0.00
0.00
0.00
0.00
0.00
84.00
0.00
100.00
0.00
0.00
0.00
0.00
38.00
0.00
1.00
4.00
139.00
665.00
758.00
133.00
98.00
195.00
332.00
121.00
0.00
0.00
0.00
0.00
4.00
0.00
0.00
0.00
0.00
130.00
10.00
0.00
9.00
381.00
378.00
162.00
376.00
107.00
167.00
58.00
0.00
6.00
103.00
3.00
103.00
154.00
0.00
0.00
34.00
45.00
44.00
0.00
0.00
261.00
0.00
0.00
0.00
65.00
127.00
292.00
2.00
15.00
0.00
61.00
7.00
119.00
20.00
0.00
5.00
0.00
94.00
96.00
93.00
168.00
389.00
15.00
238.00
254.00
137.00
111.00
2.00
0.00
12.00
76.00
350.00
480.00
318.00
171.00
54.00
24.00
84.00
44.00
42.00
30.00
97.00
15.00
11.00
21.00
35.00
6.00
558.00
256.00
33.00
218.00
28.00
284.00
105.00
19.00
65.00
11.00
54.00
91.00
74.00
63.00
63.00
66.00
111.00
217.00
249.00
183.00
15.00
1.00
47.00
71.00
94.00
92.00
130.00
28.00
431.00
95.00
1.00
38.00
5.00
79.00
31.00
30.00
44.00
25.00
137.00
223.00
9.00
39.00
41.00
14.00
1.00
3.00
25.00
279.00
66.00
7.00
11.00
75.00
24.00
8.00
18.00
114.00
133.00
85.00
26.00
51.00
63.00
60.00
305.00
8.00
13.00
155.00
11.00
44.00
3.00
3.00
21.00
0.00
4.00
3.00
24.00
45.00
8.00
57.00
82.00
106.00
55.00
17.00
0.00
6.00
246.00
62.00
131.00
60.00
0.00
0.00
0.00
0.00
0.00
71.00
263.00
223.00
55.00
89.00
1.00
88.00
2.00
37.00
18.00
118.00
120.00
234.00
115.00
37.00
136.00
48.00
27.00
0.00
0.00
0.00
3.00
317.00
214.00
300.00
880.00
0.00
0.00
0.00
0.00
0.00
0.00
9.00
858.00
730.00
0.00
0.00
0.00
0.00
0.00
0.00
0.00
0.00
0.00
0.00
0.00
0.00
80.00
0.00
0.00
84.00
37.00
3.00
0.00
0.00
0.00
0.00
0.00
0.00
0.00
0.00
0.00
0.00
0.00
0.00
0.00
0.00
0.00
0.00
0.00
0.00
0.00
19.00
189.00
234.00
176.00
0.00
0.00
0.00
0.00
0.00
0.00
0.00
0.00
5.00
0.00
0.00
0.00
0.00
0.00
0.00
0.00
0.00
0.00
0.00
0.00
132.00
163.00
166.00
0.00
0.00
0.00
0.00
0.00
0.00
0.00
0.00
0.00
0.00
0.00
0.00
0.00
0.00
0.00
0.00
0.00
0.00
0.00
0.00
0.00
0.00
0.00
0.00
0.00
0.00
0.00
0.00
0.00
0.00
0.00
0.00
0.00
0.00
0.00
7.00
10.00
83.00
9.00
95.00
0.00
0.00
13.00
0.00
0.00
0.00
0.00
0.00
0.00
0.00
0.00
20.00
5.00
0.00
336.00
0.00
0.00
0.00
0.00
0.00
0.00
0.00
0.00
0.00
0.00
0.00
0.00
0.00
0.00
17.00
0.00
3.00
7.00
19.00
0.00
0.00
0.00
0.00
0.00
0.00
0.00
0.00
83.00
48.00
0.00
106.00
86.00
1.00
0.00
12.00
25.00
19.00
2.00
15.00
0.00
118.00
0.00
14.00
98.00
6.00
0.00
93.00
0.00
0.00
227.00
57.00
5.00
22.00
211.00
71.00
0.00
0.00
24.00
6.00
32.00
46.00
55.00
210.00
4.00
152.00
1.00
140.00
226.00
406.00
389.00
454.00
355.00
332.00
129.00
0.00
142.00
23.00
242.00
2.00
29.00
0.00
12.00
0.00
6.00
0.00
15.00
112.00
52.00
22.00
8.00
18.00
148.00
1.00
59.00
6.00
163.00
87.00
73.00
247.00
85.00
21.00
71.00
123.00
212.00
494.00
851.00
1.00
168.00
114.00
0.00
8.00
0.00
36.00
17.00
236.00
100.00
30.00
0.00
0.00
55.00
72.00
11.00
7.00
9.00
0.00
23.00
17.00
0.00
28.00
20.00
117.00
60.00
30.00
240.00
63.00
127.00
18.00
27.00
103.00
7.00
28.00
2.00
28.00
5.00
77.00
41.00
93.00
67.00
82.00
21.00
17.00
29.00
147.00
224.00
138.00
25.00
7.00
17.00
87.00
54.00
61.00
95.00
36.00
4.00
9.00
414.00
206.00
18.00
12.00
133.00
74.00
57.00
13.00
3.00
504.00
180.00
17.00
121.00
34.00
35.00
61.00
7.00
56.00
23.00
111.00
74.00
103.00
2.00
6.00
13.00
2.00
7.00
0.00
1.00
96.00
26.00
2.00
1.00
40.00
1.00
117.00
0.00
0.00
27.00
35.00
17.00
110.00
0.00
27.00
80.00
11.00
0.00
55.00
0.00
0.00
0.00
0.00
0.00
0.00
0.00
0.00
0.00
0.00
0.00
46.00
155.00
368.00
225.00
9.00
2.00
0.00
0.00
0.00
0.00
0.00
0.00
0.00
0.00
0.00
0.00
0.00
0.00
265.00
257.00
212.00
112.00
78.00
0.00
0.00
8.00
0.00
0.00
0.00
0.00
0.00
0.00
0.00
0.00
0.00
0.00
0.00
0.00
0.00
0.00
0.00
0.00
0.00
0.00
0.00
0.00
0.00
0.00
0.00
0.00
0.00
0.00
0.00
0.00
0.00
0.00
0.00
2.00
6.00
0.00
0.00
0.00
0.00
0.00
0.00
0.00
11.00
10.00
1.00
21.00
0.00
0.00
0.00
0.00
0.00
0.00
0.00
0.00
0.00
0.00
0.00
0.00
0.00
0.00
0.00
0.00
0.00
0.00
0.00
0.00
0.00
0.00
0.00
0.00
0.00
0.00
0.00
0.00
0.00
0.00
0.00
0.00
0.00
0.00
0.00
0.00
0.00
0.00
0.00
0.00
0.00
0.00
4.00
0.00
0.00
0.00
0.00
0.00
0.00
0.00
0.00
0.00
0.00
0.00
0.00
0.00
0.00
0.00
0.00
0.00
0.00
1.00
0.00
0.00
0.00
0.00
0.00
0.00
0.00
102.40
65.90
101.90
75.30
0.00
0.00
0.00
7.10
32.90
0.00
0.00
0.00
0.00
0.00
0.00
0.00
0.00
0.00
0.30
0.00
32.20
4.30
0.10
0.00
0.00
21.70
0.00
0.00
0.00
0.00
12.20
0.00
0.00
0.00
70.10
8.80
108.70
6.60
12.80
0.00
12.10
1.10
31.80
26.80
0.10
0.00
0.70
0.10
0.00
6.60
0.00
1.60
0.00
0.00
7.80
0.00
0.50
0.00
0.00
0.00
0.00
0.00
15.30
4.30
0.00
0.00
0.10
11.20
17.80
0.00
0.00
0.00
0.00
0.00
0.00
1.00
0.50
3.00
4.70
0.70
0.50
7.40
7.60
1.50
1.50
0.00
4.30
4.30
83.80
1.40
2.50
0.00
0.00
0.00
0.40
18.00
12.70
0.30
1.20
25.40
4.60
14.50
19.50
2.70
8.10
1.50
0.10
3.40
54.60
21.40
15.50
0.00
2.10
0.80
10.40
36.30
34.40
7.30
0.00
0.00
2.10
2.00
0.40
0.90
0.40
8.00
8.20
0.60
62.20
25.80
18.60
6.30
5.30
2.00
3.10
3.10
8.00
8.00
1.40
4.70
4.70
0.00
0.00
4.70
4.70
4.70
1.40
11.60
3.80
8.60
47.00
35.30
9.50
15.70
0.70
20.40
4.40
28.40
14.60
22.60
0.80
5.20
2.00
10.40
11.10
0.60
0.50
1.20
2.60
24.00
10.30
5.60
7.60
2.90
0.00
0.50
4.20
3.10
11.60
14.60
19.10
0.00
9.40
2.30
8.20
0.00
1.20
0.40
0.50
2.60
0.60
14.90
63.20
26.30
24.90
1.40
1.40
23.40
27.40
12.00
0.10
0.60
18.70
17.80
2.20
1.20
9.80
1.70
12.20
34.20
20.40
28.10
21.60
7.60
21.60
38.10
10.30
3.80
3.80
0.40
0.00
0.30
1.10
13.60
51.70
2.60
19.20
16.40
0.00
0.00
0.00
0.60
4.30
2.20
0.00
0.20
0.20
0.00
1.00
9.20
3.90
0.30
1.00
1.30
