20160101
0.00
0.00
0.00
0.00
0.00
0.00
0.00
0.00
12.00
0.00
0.00
0.00
1.00
0.00
0.00
0.00
0.00
0.00
7.00
91.00
1.00
0.00
0.00
0.00
0.00
5.00
0.00
0.00
0.00
0.00
0.00
0.00
0.00
0.00
0.00
0.00
0.00
0.00
1.00
6.00
0.00
1.00
0.00
0.00
0.00
0.00
0.00
0.00
0.00
0.00
2.00
0.00
0.00
0.00
54.00
4.00
23.00
0.00
0.00
0.00
0.00
0.00
0.00
9.00
0.00
26.00
0.00
0.00
0.00
0.00
2.00
0.00
0.00
0.00
4.00
0.00
1.00
0.00
13.00
73.00
18.00
0.00
0.00
0.00
0.00
0.00
29.00
461.00
19.00
33.00
470.00
1.00
0.00
405.00
262.00
395.00
100.00
0.00
0.00
145.00
40.00
0.00
0.00
0.00
80.00
140.00
270.00
807.00
16.00
503.00
244.00
75.00
63.00
0.00
0.00
32.00
415.00
146.00
13.00
2.00
199.00
98.00
48.00
122.00
95.00
101.00
152.00
103.00
11.00
8.00
58.00
19.00
221.00
63.00
584.00
76.00
134.00
601.00
502.00
91.00
33.00
774.00
5.00
6.00
79.00
129.00
29.00
62.00
59.00
13.00
41.00
11.00
9.00
2.00
359.00
284.00
38.00
111.00
150.00
216.00
60.00
183.00
174.00
105.00
26.00
297.00
83.00
391.00
91.00
80.00
128.00
314.00
316.00
741.00
1052.00
111.00
17.00
491.00
97.00
35.00
137.00
67.00
45.00
209.00
357.00
1.00
66.00
47.00
284.00
618.00
241.00
75.00
70.00
51.00
100.00
46.00
141.00
227.00
15.00
67.00
348.00
67.00
66.00
96.00
214.00
114.00
187.00
66.00
107.00
11.00
241.00
100.00
18.00
104.00
93.00
142.00
343.00
82.00
44.00
81.00
232.00
162.00
252.00
38.00
172.00
31.00
449.00
725.00
43.00
205.00
45.00
8.00
37.00
91.00
1.00
34.00
0.00
118.00
7.00
48.00
66.00
134.00
640.00
500.00
431.00
107.00
236.00
145.00
160.00
56.00
47.00
12.00
21.00
137.00
171.00
257.00
435.00
140.00
6.00
134.00
26.00
376.00
164.00
628.00
273.00
20.00
300.00
6.00
267.00
66.00
12.00
76.00
32.00
2.00
34.00
7.00
0.00
215.00
101.00
172.00
215.00
62.00
81.00
181.00
79.00
80.00
0.00
0.00
0.00
0.00
0.00
0.00
0.00
0.00
0.00
0.00
0.00
55.00
0.00
0.00
111.00
1.00
0.00
0.00
8.00
0.00
0.00
2.00
208.00
363.00
23.00
0.00
0.00
0.00
0.00
0.00
0.00
0.00
0.00
0.00
0.00
5.00
0.00
0.00
2.00
0.00
0.00
0.00
0.00
0.00
0.00
0.00
0.00
0.00
0.00
4.00
0.00
0.00
5.00
0.00
0.00
0.00
0.00
0.00
0.00
0.00
0.00
0.00
0.00
0.00
0.00
0.00
0.00
0.00
0.00
0.00
0.00
0.00
0.00
0.00
0.00
0.00
0.00
0.00
0.00
35.00
0.00
0.00
26.00
4.00
0.00
0.00
0.00
0.00
0.00
1.00
0.00
0.00
0.00
0.00
0.00
0.00
0.00
0.00
0.00
0.00
0.00
0.00
0.00
0.00
0.00
1.00
4.00
0.00
0.00
0.00
0.00
0.00
0.00
0.00
0.00
0.00
0.00
0.00
0.00
0.00
0.00
0.00
0.00
0.00
0.00
0.00
0.00
0.00
0.00
0.00
5.00
0.00
0.00
0.00
0.00
0.00
0.00
0.00
0.00
0.00
0.00
0.00
45.00
23.00
0.00
0.00
42.00
0.00
213.00
20.00
0.00
0.00
0.00
0.00
0.00
61.00
34.00
38.00
102.00
0.00
0.00
0.00
2.00
246.00
23.00
25.00
24.00
567.00
333.00
142.00
28.00
477.00
571.00
475.00
553.00
1.00
0.00
33.00
62.00
0.00
0.00
0.00
0.00
0.00
281.00
10.00
0.00
0.00
859.00
850.00
554.00
314.00
3.00
134.00
250.00
46.00
0.00
267.00
26.00
66.00
264.00
1.00
42.00
208.00
146.00
241.00
1.00
0.00
40.00
14.00
120.00
15.00
81.00
221.00
374.00
2.00
46.00
640.00
351.00
217.00
53.00
106.00
13.00
62.00
159.00
34.00
27.00
18.00
246.00
432.00
433.00
915.00
317.00
645.00
243.00
91.00
23.00
32.00
161.00
19.00
144.00
259.00
753.00
51.00
295.00
124.00
181.00
627.00
948.00
1090.00
47.00
250.00
297.00
542.00
426.00
155.00
88.00
187.00
552.00
69.00
432.00
195.00
180.00
138.00
357.00
39.00
88.00
60.00
48.00
207.00
237.00
72.00
405.00
305.00
103.00
202.00
54.00
51.00
44.00
135.00
151.00
406.00
736.00
202.00
88.00
172.00
87.00
57.00
37.00
176.00
53.00
519.00
712.00
98.00
445.00
264.00
341.00
147.00
22.00
38.00
76.00
726.00
1163.00
1151.00
427.00
196.00
333.00
23.00
352.00
110.00
113.00
88.00
773.00
186.00
589.00
272.00
572.00
247.00
650.00
137.00
127.00
531.00
192.00
342.00
305.00
717.00
226.00
107.00
374.00
224.00
396.00
836.00
464.00
73.00
23.00
346.00
328.00
44.00
92.00
183.00
51.00
225.00
117.00
57.00
27.00
87.00
151.00
14.00
55.00
266.00
332.00
135.00
315.00
568.00
74.00
9.00
35.00
12.00
119.00
402.00
15.00
17.00
13.00
0.00
236.00
216.00
174.00
66.00
3.00
42.00
732.00
454.00
483.00
1239.00
0.00
0.00
0.00
0.00
16.00
0.00
33.00
53.00
250.00
5.00
0.00
7.00
0.00
7.00
35.00
37.00
0.00
0.00
9.00
6.00
3.00
21.00
6.00
15.00
491.00
96.00
23.00
3.00
53.00
1.00
0.00
0.00
0.00
0.00
0.00
0.00
0.00
0.00
0.00
0.00
0.00
0.00
0.00
0.00
0.00
4.00
13.00
105.00
518.00
258.00
0.00
0.00
0.00
0.00
0.00
0.00
0.00
4.00
37.00
9.00
13.00
1.00
4.00
0.00
0.00
0.00
0.00
0.00
0.00
0.00
0.00
245.00
85.00
0.00
0.00
0.00
0.00
0.00
0.00
0.00
0.00
0.00
0.00
0.00
0.00
0.00
0.00
0.00
0.00
0.00
0.00
0.00
0.00
0.00
0.00
0.00
0.00
0.00
0.00
0.00
0.00
0.00
0.00
0.00
0.00
0.00
0.00
0.00
278.00
92.00
163.00
38.00
20.00
0.00
35.00
24.00
0.00
0.00
0.00
0.00
0.00
0.00
0.00
0.00
0.00
0.00
380.00
365.00
0.00
0.00
0.00
0.00
0.00
0.00
0.00
0.00
0.00
0.00
0.00
0.00
0.00
0.00
0.00
0.00
0.00
16.00
111.00
0.00
0.00
0.00
0.00
0.00
2.00
0.00
201.00
98.00
0.00
44.00
308.00
272.00
224.00
2.00
38.00
0.00
0.00
272.00
4.00
115.00
4.00
148.00
11.00
128.00
58.00
0.00
57.00
0.00
1.00
98.00
39.00
95.00
15.00
184.00
33.00
0.00
32.00
205.00
31.00
2.00
243.00
148.00
157.00
4.00
74.00
2.00
256.00
350.00
1046.00
598.00
302.00
397.00
301.00
390.00
2.00
0.00
5.00
244.00
0.00
0.00
0.00
0.00
0.00
14.00
59.00
16.00
87.00
197.00
151.00
1.00
287.00
20.00
127.00
278.00
84.00
1.00
24.00
176.00
144.00
151.00
55.00
8.00
65.00
80.00
85.00
483.00
170.00
877.00
261.00
61.00
117.00
112.00
84.00
38.00
127.00
6.00
218.00
159.00
76.00
50.00
156.00
38.00
83.00
61.00
469.00
314.00
64.00
62.00
30.00
21.00
87.00
100.00
59.00
119.00
52.00
167.00
191.00
529.00
238.00
29.00
120.00
27.00
2.00
142.00
233.00
102.00
450.00
336.00
387.00
49.00
60.00
150.00
104.00
304.00
671.00
151.00
104.00
27.00
52.00
366.00
128.00
204.00
87.00
274.00
230.00
286.00
189.00
203.00
356.00
428.00
155.00
45.00
13.00
36.00
43.00
39.00
37.00
337.00
150.00
155.00
250.00
88.00
125.00
41.00
20.00
209.00
237.00
61.00
92.00
243.00
8.00
10.00
3.00
17.00
52.00
92.00
221.00
107.00
59.00
167.00
1.00
0.00
0.00
20.00
80.00
39.00
7.00
9.00
19.00
147.00
151.00
23.00
126.00
2.00
4.00
5.00
0.00
6.00
0.00
18.00
0.00
0.00
0.00
0.00
0.00
29.00
46.00
606.00
81.00
12.00
1.00
9.00
2.00
4.00
0.00
0.00
0.00
1.00
0.00
0.00
0.00
2.00
65.00
141.00
112.00
19.00
0.00
0.00
0.00
0.00
38.00
0.00
0.00
1.00
0.00
0.00
0.00
0.00
0.00
0.00
0.00
0.00
0.00
0.00
0.00
0.00
0.00
0.00
0.00
0.00
0.00
0.00
0.00
0.00
0.00
0.00
0.00
0.00
0.00
0.00
0.00
44.00
0.00
0.00
0.00
0.00
0.00
0.00
0.00
0.00
0.00
0.00
5.00
71.00
68.00
0.00
0.00
0.00
0.00
0.00
0.00
0.00
0.00
0.00
0.00
0.00
0.00
0.00
0.00
0.00
0.00
0.00
0.00
0.00
0.00
0.00
0.00
0.00
0.00
0.00
0.00
0.00
0.00
0.00
0.00
0.00
0.00
0.00
0.00
0.00
0.00
0.00
0.00
1.00
1.00
1.00
0.00
0.00
0.00
0.00
0.00
0.00
0.00
0.00
0.00
0.00
2.00
1.00
0.00
0.00
0.00
0.00
0.00
0.00
0.00
9.00
0.00
0.00
0.00
0.00
0.00
0.00
0.00
31.00
4.50
26.90
25.50
0.00
0.00
0.00
13.20
2.00
0.00
0.00
0.00
0.00
0.00
0.00
0.00
0.00
0.00
0.00
0.00
6.00
0.10
4.70
0.00
0.80
27.40
0.00
0.00
0.00
2.30
7.70
0.00
0.00
0.00
220.20
15.20
58.10
0.00
21.10
7.80
65.90
0.00
2.70
57.90
0.00
0.00
3.40
1.00
0.00
3.10
1.80
0.00
0.00
0.00
6.80
4.60
0.80
0.00
0.00
0.00
0.00
11.60
21.80
11.70
8.80
8.80
6.10
285.10
116.40
1.10
0.00
2.50
21.60
13.70
0.90
21.60
2.30
25.00
5.60
13.00
0.00
76.40
32.60
1.50
1.50
8.70
29.40
29.40
25.30
1.00
2.80
4.10
4.30
4.10
4.20
24.40
29.50
7.30
32.20
30.30
1.90
3.30
7.90
9.60
103.80
5.50
0.00
0.50
56.80
82.50
32.70
2.70
0.30
2.70
18.40
57.30
21.50
9.20
1.60
0.70
74.20
142.80
98.70
65.60
4.40
19.80
19.10
6.40
4.50
18.90
28.70
28.40
12.10
13.60
32.40
32.40
78.40
78.40
56.90
7.60
7.60
2.80
7.20
7.60
7.60
7.60
23.90
46.40
43.50
21.00
25.70
21.60
9.90
5.40
8.40
12.00
15.60
17.00
32.80
19.10
3.60
7.60
3.40
33.10
12.40
7.80
6.60
1.50
12.60
25.50
11.20
32.90
33.90
1.40
3.80
1.70
2.30
14.50
148.40
42.00
22.20
6.60
8.60
7.70
11.30
4.20
2.80
7.40
45.00
6.90
59.40
29.80
17.00
23.50
12.60
6.20
10.90
8.10
12.30
6.40
29.60
9.20
8.20
16.40
4.00
3.20
1.50
3.90
20.10
37.70
25.60
32.60
34.80
3.20
6.60
4.60
9.70
23.70
23.70
16.80
2.70
2.10
22.60
19.40
11.10
15.30
20.00
2.20
0.00
0.20
0.00
0.30
1.30
0.90
0.00
0.00
0.20
1.20
0.30
7.40
0.90
0.10
0.00
1.00
