20160101
0.00
0.00
0.00
0.00
0.00
0.00
0.00
0.00
2.00
0.00
0.00
0.00
5.00
0.00
0.00
0.00
0.00
3.00
13.00
56.00
0.00
0.00
0.00
0.00
0.00
0.00
0.00
0.00
0.00
0.00
0.00
0.00
0.00
0.00
0.00
0.00
0.00
0.00
1.00
0.00
0.00
7.00
0.00
0.00
0.00
0.00
0.00
0.00
0.00
0.00
4.00
1.00
0.00
0.00
27.00
0.00
6.00
0.00
0.00
0.00
0.00
0.00
0.00
0.00
0.00
191.00
0.00
0.00
0.00
0.00
0.00
0.00
0.00
3.00
0.00
0.00
0.00
0.00
0.00
0.00
10.00
0.00
0.00
0.00
0.00
0.00
0.00
268.00
73.00
213.00
580.00
3.00
1.00
74.00
152.00
2.00
0.00
0.00
0.00
0.00
0.00
0.00
0.00
0.00
190.00
66.00
145.00
337.00
0.00
14.00
5.00
0.00
0.00
0.00
0.00
0.00
24.00
185.00
1.00
0.00
0.00
75.00
14.00
468.00
6.00
131.00
15.00
75.00
8.00
11.00
22.00
20.00
1001.00
92.00
471.00
136.00
16.00
1.00
191.00
54.00
44.00
488.00
1.00
5.00
33.00
188.00
10.00
25.00
61.00
1.00
73.00
45.00
2.00
12.00
0.00
51.00
2.00
29.00
899.00
16.00
32.00
39.00
175.00
143.00
52.00
315.00
86.00
310.00
100.00
76.00
121.00
326.00
327.00
360.00
540.00
78.00
47.00
170.00
100.00
56.00
128.00
141.00
197.00
127.00
300.00
161.00
160.00
19.00
298.00
575.00
268.00
51.00
115.00
26.00
18.00
65.00
115.00
221.00
36.00
105.00
332.00
122.00
151.00
218.00
129.00
202.00
323.00
97.00
277.00
61.00
328.00
56.00
94.00
218.00
208.00
213.00
255.00
120.00
30.00
173.00
414.00
30.00
284.00
68.00
52.00
558.00
622.00
496.00
100.00
157.00
112.00
10.00
102.00
81.00
27.00
46.00
31.00
240.00
53.00
51.00
273.00
342.00
324.00
557.00
223.00
252.00
115.00
79.00
43.00
64.00
77.00
99.00
82.00
187.00
369.00
533.00
750.00
286.00
83.00
114.00
126.00
308.00
261.00
1554.00
156.00
62.00
133.00
85.00
292.00
277.00
55.00
169.00
377.00
76.00
47.00
48.00
24.00
92.00
353.00
125.00
355.00
30.00
136.00
23.00
83.00
191.00
0.00
0.00
0.00
0.00
0.00
0.00
0.00
9.00
0.00
0.00
0.00
31.00
0.00
9.00
83.00
0.00
0.00
0.00
0.00
0.00
0.00
3.00
154.00
303.00
0.00
0.00
0.00
0.00
0.00
0.00
0.00
0.00
0.00
0.00
1.00
117.00
0.00
0.00
0.00
0.00
0.00
0.00
0.00
0.00
0.00
29.00
84.00
3.00
0.00
1.00
0.00
0.00
0.00
0.00
0.00
0.00
0.00
0.00
0.00
0.00
0.00
0.00
0.00
0.00
0.00
0.00
0.00
0.00
0.00
0.00
40.00
54.00
54.00
0.00
20.00
0.00
27.00
0.00
0.00
27.00
0.00
1.00
63.00
0.00
0.00
0.00
0.00
0.00
0.00
2.00
0.00
0.00
0.00
0.00
0.00
0.00
0.00
0.00
0.00
0.00
0.00
0.00
0.00
0.00
0.00
0.00
2.00
0.00
0.00
0.00
0.00
0.00
0.00
0.00
0.00
0.00
0.00
0.00
0.00
0.00
0.00
0.00
0.00
0.00
0.00
0.00
0.00
0.00
0.00
0.00
0.00
0.00
30.00
0.00
0.00
0.00
0.00
0.00
0.00
0.00
0.00
0.00
48.00
32.00
0.00
0.00
12.00
0.00
157.00
49.00
0.00
0.00
0.00
0.00
0.00
20.00
2.00
23.00
133.00
0.00
0.00
0.00
104.00
265.00
0.00
6.00
138.00
441.00
299.00
125.00
75.00
7.00
13.00
29.00
146.00
0.00
15.00
0.00
0.00
0.00
0.00
0.00
0.00
0.00
56.00
4.00
0.00
8.00
827.00
427.00
7.00
807.00
1.00
341.00
265.00
0.00
0.00
0.00
7.00
41.00
735.00
0.00
15.00
104.00
88.00
196.00
0.00
10.00
96.00
7.00
14.00
1.00
264.00
631.00
682.00
0.00
51.00
47.00
50.00
137.00
1.00
197.00
1.00
50.00
4.00
48.00
14.00
8.00
122.00
255.00
694.00
461.00
317.00
247.00
50.00
40.00
10.00
1.00
45.00
35.00
165.00
202.00
734.00
135.00
277.00
111.00
277.00
450.00
2043.00
1607.00
50.00
154.00
414.00
166.00
230.00
42.00
61.00
73.00
294.00
71.00
471.00
232.00
331.00
199.00
296.00
120.00
51.00
183.00
91.00
245.00
295.00
176.00
394.00
224.00
74.00
172.00
128.00
108.00
224.00
106.00
122.00
156.00
484.00
94.00
304.00
127.00
132.00
83.00
102.00
219.00
52.00
126.00
381.00
160.00
410.00
1212.00
374.00
58.00
26.00
44.00
93.00
655.00
1100.00
1026.00
498.00
160.00
253.00
13.00
377.00
146.00
201.00
136.00
411.00
267.00
658.00
463.00
801.00
817.00
618.00
148.00
151.00
239.00
502.00
207.00
100.00
174.00
140.00
185.00
247.00
312.00
1075.00
544.00
704.00
47.00
37.00
564.00
180.00
63.00
100.00
332.00
163.00
240.00
121.00
66.00
29.00
34.00
45.00
127.00
46.00
495.00
670.00
396.00
306.00
163.00
127.00
41.00
39.00
29.00
268.00
65.00
68.00
47.00
34.00
19.00
40.00
13.00
22.00
9.00
6.00
9.00
179.00
122.00
869.00
1825.00
0.00
1.00
0.00
0.00
0.00
0.00
0.00
20.00
51.00
9.00
0.00
0.00
0.00
12.00
4.00
2.00
0.00
0.00
0.00
0.00
0.00
20.00
0.00
4.00
532.00
43.00
22.00
2.00
1.00
0.00
0.00
1.00
0.00
0.00
0.00
0.00
0.00
0.00
0.00
0.00
0.00
0.00
0.00
0.00
0.00
0.00
6.00
180.00
274.00
297.00
0.00
0.00
0.00
0.00
0.00
0.00
0.00
0.00
26.00
5.00
3.00
0.00
0.00
0.00
0.00
0.00
0.00
0.00
0.00
0.00
0.00
201.00
8.00
0.00
0.00
0.00
0.00
0.00
0.00
0.00
0.00
0.00
0.00
0.00
0.00
0.00
0.00
0.00
0.00
0.00
0.00
0.00
0.00
0.00
0.00
0.00
0.00
0.00
0.00
0.00
0.00
0.00
2.00
0.00
0.00
11.00
0.00
0.00
819.00
364.00
470.00
80.00
87.00
0.00
203.00
147.00
0.00
0.00
0.00
0.00
0.00
0.00
0.00
0.00
0.00
0.00
573.00
204.00
0.00
0.00
0.00
0.00
0.00
0.00
10.00
0.00
0.00
0.00
0.00
0.00
0.00
0.00
0.00
0.00
0.00
63.00
5.00
0.00
0.00
0.00
0.00
8.00
12.00
13.00
9.00
8.00
0.00
64.00
356.00
441.00
564.00
1.00
9.00
0.00
0.00
200.00
57.00
116.00
18.00
2.00
0.00
121.00
0.00
0.00
191.00
0.00
80.00
105.00
67.00
6.00
20.00
295.00
25.00
0.00
50.00
206.00
97.00
0.00
181.00
184.00
131.00
0.00
63.00
1.00
191.00
551.00
971.00
94.00
377.00
313.00
136.00
314.00
0.00
4.00
0.00
846.00
17.00
14.00
2.00
0.00
0.00
125.00
422.00
113.00
192.00
562.00
225.00
0.00
325.00
8.00
85.00
387.00
107.00
0.00
57.00
20.00
133.00
212.00
226.00
25.00
228.00
44.00
130.00
323.00
14.00
416.00
137.00
50.00
20.00
87.00
205.00
3.00
26.00
19.00
34.00
434.00
90.00
86.00
43.00
42.00
45.00
41.00
232.00
239.00
60.00
152.00
50.00
37.00
78.00
70.00
90.00
67.00
30.00
154.00
222.00
561.00
145.00
16.00
129.00
33.00
26.00
432.00
210.00
112.00
443.00
317.00
254.00
63.00
97.00
70.00
88.00
145.00
256.00
120.00
196.00
21.00
185.00
363.00
672.00
138.00
44.00
170.00
885.00
512.00
304.00
253.00
122.00
500.00
412.00
33.00
118.00
794.00
142.00
129.00
64.00
234.00
298.00
152.00
133.00
125.00
23.00
71.00
29.00
166.00
68.00
28.00
78.00
189.00
102.00
28.00
18.00
39.00
103.00
117.00
291.00
101.00
203.00
189.00
13.00
28.00
8.00
22.00
65.00
104.00
3.00
39.00
142.00
91.00
245.00
90.00
34.00
9.00
29.00
5.00
0.00
0.00
111.00
4.00
0.00
0.00
0.00
0.00
0.00
12.00
105.00
317.00
7.00
4.00
0.00
0.00
0.00
0.00
2.00
0.00
0.00
2.00
0.00
0.00
0.00
1.00
131.00
72.00
162.00
23.00
0.00
0.00
0.00
0.00
39.00
120.00
0.00
0.00
0.00
0.00
0.00
0.00
0.00
0.00
17.00
0.00
0.00
0.00
0.00
0.00
0.00
0.00
0.00
0.00
0.00
0.00
0.00
0.00
0.00
0.00
0.00
0.00
0.00
0.00
0.00
3.00
0.00
0.00
0.00
0.00
0.00
0.00
0.00
0.00
0.00
0.00
6.00
74.00
24.00
0.00
0.00
0.00
0.00
0.00
0.00
0.00
0.00
0.00
0.00
0.00
0.00
0.00
0.00
0.00
0.00
0.00
12.00
0.00
0.00
0.00
0.00
0.00
0.00
0.00
0.00
0.00
0.00
0.00
0.00
0.00
0.00
0.00
0.00
0.00
0.00
0.00
0.00
16.00
16.00
1.00
0.00
0.00
0.00
0.00
0.00
0.00
0.00
0.00
0.00
0.00
1.00
0.00
0.00
0.00
0.00
0.00
0.00
0.00
0.00
3.00
0.00
0.00
0.00
0.00
0.00
0.00
0.00
13.50
6.50
34.70
12.50
0.00
0.00
0.00
4.60
0.90
0.00
0.00
0.00
0.00
0.00
0.00
0.00
0.00
0.00
0.00
0.00
18.50
0.00
0.00
0.00
0.00
9.50
0.00
0.00
0.00
15.40
16.80
0.00
2.10
0.20
121.70
5.00
46.70
0.00
33.70
42.50
38.00
0.00
4.70
69.30
0.00
22.80
3.70
3.10
0.00
0.00
0.10
0.00
0.00
0.00
0.10
12.30
0.40
0.00
0.00
0.00
0.00
1.50
0.20
12.00
1.80
1.80
1.00
67.80
48.80
0.00
0.00
0.00
2.10
11.60
0.20
3.20
0.20
42.10
1.70
8.10
1.00
19.70
60.70
5.80
5.80
3.80
26.40
26.40
11.20
4.10
0.00
18.30
0.00
0.00
18.40
36.40
35.10
27.00
45.10
4.00
8.60
5.20
4.40
1.50
1.30
4.40
0.10
24.50
23.10
42.50
38.30
0.50
73.90
5.00
50.20
23.50
59.30
4.80
1.70
1.00
42.20
89.70
54.30
31.00
2.40
18.00
7.90
4.20
5.50
13.60
12.90
15.40
5.90
73.40
36.30
36.30
75.50
75.50
31.30
4.60
4.60
4.50
7.30
4.60
4.60
4.60
20.20
32.30
26.80
47.30
10.40
19.50
14.30
7.30
9.70
5.60
11.20
19.30
62.30
18.20
4.80
10.40
4.80
20.20
9.10
5.00
13.80
7.00
70.90
29.90
9.60
33.30
69.30
3.20
5.30
4.40
6.00
12.70
51.00
44.40
12.00
8.50
5.90
7.90
39.30
8.20
9.10
29.70
69.70
86.60
37.90
30.60
17.90
19.20
13.70
14.10
5.60
11.30
16.40
5.00
25.50
9.80
23.20
29.40
4.60
4.80
7.50
6.30
16.60
29.80
4.60
46.00
55.20
7.40
17.50
12.10
34.60
25.90
25.90
7.30
5.40
2.40
15.80
9.70
17.10
3.50
25.50
8.00
2.80
5.70
0.30
5.00
5.90
2.20
2.30
3.60
6.80
4.70
0.10
4.30
1.60
0.10
0.00
3.20
