20160101
0.00
0.00
0.00
0.00
0.00
0.00
0.00
0.00
6.00
0.00
0.00
0.00
0.00
0.00
0.00
0.00
0.00
0.00
21.00
5.00
0.00
0.00
0.00
0.00
0.00
9.00
0.00
0.00
0.00
0.00
0.00
0.00
0.00
0.00
0.00
0.00
0.00
1.00
0.00
0.00
5.00
0.00
0.00
0.00
0.00
0.00
0.00
0.00
0.00
59.00
27.00
10.00
0.00
206.00
238.00
0.00
28.00
0.00
91.00
56.00
0.00
0.00
0.00
19.00
2.00
3.00
18.00
7.00
8.00
131.00
12.00
0.00
0.00
17.00
6.00
6.00
0.00
0.00
1.00
87.00
74.00
4.00
21.00
0.00
0.00
65.00
0.00
575.00
5.00
283.00
486.00
5.00
5.00
165.00
26.00
227.00
58.00
12.00
105.00
0.00
0.00
21.00
63.00
50.00
205.00
144.00
255.00
88.00
327.00
198.00
16.00
95.00
106.00
603.00
218.00
48.00
142.00
103.00
182.00
5.00
59.00
22.00
19.00
9.00
30.00
6.00
11.00
14.00
19.00
31.00
7.00
19.00
152.00
245.00
72.00
50.00
401.00
707.00
410.00
42.00
63.00
763.00
0.00
18.00
120.00
20.00
6.00
7.00
81.00
78.00
56.00
32.00
1.00
14.00
0.00
135.00
41.00
64.00
312.00
29.00
79.00
34.00
74.00
20.00
41.00
56.00
32.00
20.00
18.00
78.00
31.00
60.00
31.00
32.00
9.00
32.00
95.00
53.00
36.00
15.00
117.00
132.00
216.00
223.00
111.00
42.00
7.00
49.00
31.00
208.00
39.00
98.00
1.00
43.00
32.00
164.00
153.00
242.00
4.00
5.00
19.00
27.00
7.00
54.00
52.00
52.00
184.00
10.00
224.00
22.00
53.00
25.00
120.00
75.00
11.00
2.00
28.00
134.00
78.00
31.00
8.00
34.00
78.00
79.00
2.00
68.00
9.00
39.00
135.00
98.00
29.00
5.00
334.00
17.00
8.00
116.00
3.00
185.00
0.00
46.00
17.00
16.00
8.00
365.00
53.00
21.00
30.00
0.00
2.00
0.00
15.00
15.00
30.00
15.00
16.00
29.00
10.00
0.00
0.00
23.00
128.00
41.00
1.00
217.00
73.00
67.00
44.00
25.00
87.00
4.00
30.00
115.00
0.00
9.00
2.00
0.00
0.00
0.00
8.00
6.00
4.00
128.00
205.00
71.00
4.00
117.00
0.00
0.00
0.00
0.00
0.00
0.00
0.00
0.00
0.00
61.00
0.00
0.00
9.00
0.00
113.00
98.00
66.00
6.00
7.00
1.00
4.00
31.00
126.00
173.00
90.00
0.00
0.00
0.00
15.00
0.00
0.00
0.00
0.00
112.00
71.00
0.00
0.00
0.00
0.00
0.00
0.00
0.00
0.00
0.00
0.00
0.00
89.00
0.00
0.00
15.00
0.00
0.00
0.00
0.00
0.00
0.00
0.00
0.00
0.00
0.00
0.00
0.00
128.00
0.00
0.00
0.00
0.00
0.00
0.00
0.00
0.00
0.00
0.00
0.00
23.00
0.00
0.00
0.00
98.00
127.00
71.00
225.00
76.00
8.00
0.00
0.00
0.00
0.00
0.00
0.00
0.00
0.00
0.00
0.00
0.00
0.00
0.00
0.00
0.00
0.00
0.00
0.00
0.00
0.00
0.00
0.00
16.00
0.00
0.00
0.00
0.00
0.00
0.00
0.00
0.00
0.00
0.00
0.00
0.00
0.00
0.00
0.00
0.00
0.00
0.00
0.00
0.00
0.00
2.00
0.00
30.00
89.00
51.00
0.00
0.00
0.00
0.00
0.00
0.00
0.00
0.00
0.00
34.00
119.00
0.00
0.00
95.00
26.00
88.00
40.00
2.00
0.00
0.00
0.00
0.00
0.00
103.00
12.00
120.00
0.00
0.00
0.00
9.00
9.00
0.00
0.00
5.00
305.00
273.00
368.00
507.00
206.00
278.00
370.00
46.00
0.00
4.00
0.00
21.00
0.00
0.00
0.00
0.00
11.00
53.00
0.00
0.00
2.00
138.00
17.00
82.00
38.00
6.00
21.00
354.00
28.00
14.00
51.00
8.00
393.00
128.00
11.00
3.00
18.00
54.00
57.00
1.00
0.00
114.00
5.00
6.00
0.00
0.00
41.00
124.00
11.00
15.00
6.00
31.00
10.00
30.00
0.00
0.00
57.00
2.00
65.00
103.00
85.00
52.00
330.00
0.00
154.00
44.00
127.00
43.00
4.00
3.00
10.00
125.00
254.00
25.00
218.00
258.00
106.00
90.00
178.00
294.00
48.00
57.00
23.00
25.00
54.00
86.00
86.00
28.00
28.00
6.00
88.00
64.00
169.00
381.00
249.00
76.00
51.00
106.00
69.00
16.00
61.00
171.00
145.00
106.00
142.00
75.00
41.00
48.00
41.00
26.00
45.00
142.00
90.00
140.00
22.00
57.00
117.00
24.00
49.00
42.00
45.00
135.00
12.00
4.00
6.00
44.00
35.00
209.00
48.00
22.00
63.00
14.00
2.00
6.00
5.00
52.00
63.00
31.00
48.00
149.00
51.00
13.00
55.00
59.00
14.00
12.00
35.00
18.00
3.00
112.00
372.00
21.00
9.00
133.00
24.00
48.00
20.00
110.00
20.00
14.00
11.00
15.00
11.00
11.00
17.00
7.00
105.00
23.00
69.00
36.00
11.00
18.00
514.00
104.00
206.00
74.00
29.00
5.00
3.00
2.00
5.00
107.00
60.00
193.00
112.00
35.00
6.00
10.00
24.00
15.00
78.00
11.00
0.00
28.00
28.00
0.00
1.00
60.00
26.00
0.00
0.00
0.00
0.00
20.00
72.00
97.00
872.00
0.00
0.00
54.00
16.00
0.00
0.00
30.00
1201.00
299.00
0.00
0.00
0.00
0.00
0.00
19.00
18.00
0.00
44.00
0.00
40.00
139.00
7.00
0.00
36.00
106.00
9.00
37.00
2.00
0.00
65.00
0.00
0.00
0.00
0.00
0.00
0.00
0.00
0.00
0.00
0.00
0.00
0.00
0.00
0.00
0.00
0.00
223.00
289.00
475.00
65.00
0.00
0.00
0.00
0.00
0.00
0.00
0.00
0.00
18.00
0.00
0.00
0.00
0.00
0.00
0.00
34.00
0.00
0.00
0.00
0.00
123.00
274.00
105.00
0.00
0.00
0.00
0.00
0.00
0.00
0.00
0.00
0.00
0.00
0.00
0.00
0.00
0.00
0.00
0.00
0.00
0.00
0.00
0.00
0.00
0.00
0.00
0.00
0.00
0.00
0.00
0.00
0.00
0.00
0.00
0.00
0.00
0.00
1.00
77.00
61.00
28.00
34.00
7.00
0.00
26.00
31.00
0.00
0.00
0.00
0.00
0.00
0.00
0.00
0.00
0.00
417.00
3.00
244.00
0.00
0.00
0.00
0.00
36.00
0.00
15.00
0.00
0.00
0.00
0.00
0.00
0.00
51.00
830.00
7.00
400.00
83.00
43.00
100.00
0.00
0.00
0.00
0.00
0.00
0.00
0.00
44.00
9.00
0.00
26.00
215.00
3.00
9.00
32.00
34.00
138.00
10.00
5.00
1.00
125.00
2.00
95.00
292.00
115.00
35.00
167.00
0.00
3.00
32.00
9.00
24.00
25.00
88.00
18.00
0.00
4.00
6.00
18.00
3.00
408.00
30.00
107.00
16.00
249.00
3.00
141.00
430.00
235.00
232.00
153.00
347.00
401.00
135.00
110.00
78.00
2.00
18.00
10.00
0.00
0.00
0.00
61.00
0.00
5.00
3.00
61.00
11.00
0.00
7.00
9.00
76.00
6.00
21.00
0.00
33.00
37.00
40.00
44.00
5.00
10.00
13.00
13.00
81.00
364.00
544.00
11.00
62.00
47.00
43.00
0.00
0.00
5.00
21.00
153.00
31.00
97.00
30.00
12.00
28.00
54.00
51.00
19.00
41.00
9.00
24.00
12.00
0.00
3.00
8.00
36.00
49.00
96.00
31.00
18.00
23.00
50.00
20.00
31.00
1.00
5.00
17.00
4.00
21.00
71.00
68.00
64.00
495.00
154.00
16.00
92.00
128.00
257.00
87.00
61.00
217.00
28.00
56.00
37.00
161.00
284.00
30.00
29.00
61.00
70.00
105.00
73.00
42.00
16.00
28.00
1.00
29.00
63.00
61.00
38.00
437.00
110.00
136.00
28.00
12.00
1.00
115.00
11.00
102.00
4.00
10.00
83.00
5.00
4.00
39.00
1.00
0.00
1.00
10.00
16.00
2.00
0.00
0.00
2.00
3.00
2.00
0.00
0.00
1.00
7.00
7.00
0.00
0.00
11.00
8.00
2.00
0.00
15.00
1.00
0.00
10.00
0.00
0.00
8.00
0.00
10.00
0.00
0.00
0.00
74.00
29.00
207.00
186.00
74.00
17.00
0.00
0.00
0.00
0.00
47.00
2.00
0.00
0.00
0.00
0.00
0.00
0.00
307.00
146.00
194.00
143.00
28.00
0.00
9.00
3.00
0.00
20.00
9.00
0.00
0.00
0.00
21.00
0.00
42.00
0.00
11.00
0.00
0.00
0.00
0.00
0.00
0.00
0.00
0.00
0.00
0.00
0.00
0.00
0.00
0.00
0.00
0.00
0.00
0.00
0.00
0.00
10.00
19.00
0.00
0.00
0.00
0.00
111.00
0.00
0.00
19.00
18.00
23.00
16.00
3.00
0.00
0.00
0.00
0.00
0.00
0.00
0.00
0.00
0.00
0.00
0.00
0.00
0.00
0.00
0.00
0.00
0.00
0.00
0.00
0.00
0.00
0.00
0.00
0.00
0.00
0.00
0.00
0.00
0.00
0.00
0.00
0.00
0.00
0.00
0.00
0.00
0.00
0.00
0.00
0.00
1.00
7.00
0.00
0.00
0.00
0.00
0.00
0.00
0.00
0.00
0.00
2.00
0.00
0.00
0.00
0.00
0.00
0.00
0.00
13.00
9.00
0.00
0.00
0.00
0.00
0.00
3.00
0.00
68.20
46.60
47.80
21.10
0.00
0.00
0.20
0.40
1.60
0.00
0.00
0.00
0.00
0.00
6.00
0.00
0.00
0.00
6.50
0.40
29.90
8.10
12.50
0.00
0.00
13.60
0.00
0.00
0.00
0.50
8.40
0.00
0.10
0.10
13.20
58.60
89.00
0.00
57.70
3.80
13.10
0.30
26.90
17.80
0.50
0.00
0.40
3.00
0.00
7.30
0.00
15.90
0.00
0.00
2.40
0.00
0.10
0.00
0.00
0.00
0.00
0.00
8.20
11.00
1.90
1.90
0.10
5.30
5.50
0.00
0.00
0.00
1.00
0.00
0.00
0.50
1.10
5.40
4.50
3.70
0.00
8.40
0.10
0.90
0.90
0.00
0.00
0.00
16.50
0.00
0.90
0.00
0.00
0.00
0.00
0.20
0.50
0.30
0.00
3.60
0.00
0.40
12.40
6.80
37.40
0.00
0.00
0.00
1.50
11.30
14.50
0.10
1.40
0.00
2.70
2.10
26.90
3.80
0.20
0.90
0.40
4.70
1.30
0.40
0.60
3.40
3.50
0.00
0.00
1.20
0.30
0.40
2.60
2.50
2.30
2.30
2.30
2.30
0.20
20.90
20.90
0.60
2.40
20.90
20.90
20.90
8.30
2.40
1.40
1.00
16.50
22.30
7.10
1.20
5.10
6.60
1.50
0.40
0.40
1.40
1.10
17.60
3.20
4.10
4.30
4.90
5.40
0.90
14.50
7.20
4.60
5.60
2.90
0.90
0.60
0.90
8.70
9.10
18.20
16.10
4.50
0.40
0.50
3.80
20.10
0.10
3.60
1.90
7.20
6.60
0.40
0.80
0.50
0.00
1.90
3.00
2.80
1.60
8.20
14.70
1.50
5.30
2.00
12.20
0.00
0.40
1.10
3.60
23.40
22.60
22.30
18.00
14.80
3.90
0.90
10.30
4.40
1.40
1.40
9.60
0.00
0.10
9.70
0.20
7.70
4.20
0.90
6.80
0.00
0.00
0.00
0.00
16.80
0.30
0.10
0.00
0.00
0.00
0.50
5.80
0.10
0.00
1.50
1.50
