20160101
0.00
0.00
0.00
0.00
0.00
0.00
0.00
0.00
8.00
0.00
0.00
0.00
0.00
0.00
0.00
0.00
0.00
5.00
2.00
67.00
1.00
0.00
0.00
0.00
0.00
0.00
0.00
0.00
0.00
0.00
0.00
0.00
0.00
0.00
0.00
0.00
0.00
0.00
0.00
0.00
0.00
75.00
0.00
0.00
0.00
0.00
0.00
0.00
0.00
0.00
1.00
0.00
0.00
0.00
64.00
0.00
10.00
0.00
0.00
0.00
0.00
2.00
0.00
0.00
0.00
68.00
0.00
0.00
0.00
1.00
0.00
0.00
0.00
0.00
3.00
0.00
0.00
1.00
0.00
0.00
28.00
0.00
0.00
0.00
0.00
0.00
0.00
582.00
347.00
69.00
623.00
14.00
0.00
338.00
43.00
17.00
4.00
0.00
0.00
0.00
0.00
0.00
0.00
0.00
59.00
64.00
154.00
927.00
12.00
218.00
16.00
0.00
0.00
0.00
0.00
0.00
158.00
140.00
2.00
0.00
0.00
301.00
113.00
466.00
14.00
49.00
147.00
102.00
6.00
2.00
7.00
14.00
476.00
219.00
117.00
110.00
1.00
15.00
131.00
161.00
52.00
440.00
5.00
0.00
26.00
75.00
15.00
18.00
102.00
17.00
39.00
90.00
1.00
20.00
60.00
97.00
7.00
3.00
197.00
16.00
16.00
671.00
236.00
71.00
39.00
268.00
129.00
268.00
205.00
25.00
53.00
37.00
228.00
313.00
534.00
44.00
22.00
82.00
128.00
55.00
101.00
41.00
83.00
91.00
159.00
21.00
99.00
2.00
272.00
755.00
156.00
51.00
69.00
26.00
12.00
12.00
99.00
143.00
7.00
62.00
131.00
49.00
43.00
53.00
61.00
103.00
156.00
37.00
394.00
9.00
303.00
155.00
49.00
183.00
198.00
179.00
149.00
53.00
23.00
76.00
269.00
24.00
377.00
25.00
40.00
674.00
426.00
456.00
35.00
108.00
29.00
1.00
49.00
27.00
8.00
16.00
0.00
179.00
26.00
53.00
42.00
649.00
177.00
112.00
76.00
93.00
77.00
26.00
69.00
24.00
32.00
22.00
43.00
113.00
168.00
359.00
615.00
397.00
7.00
158.00
141.00
196.00
151.00
225.00
101.00
17.00
266.00
7.00
93.00
131.00
10.00
111.00
48.00
16.00
5.00
7.00
5.00
151.00
303.00
164.00
486.00
61.00
11.00
23.00
41.00
40.00
0.00
0.00
0.00
0.00
0.00
0.00
0.00
0.00
0.00
0.00
0.00
19.00
0.00
0.00
71.00
3.00
4.00
0.00
0.00
0.00
0.00
7.00
291.00
274.00
28.00
0.00
0.00
0.00
0.00
0.00
0.00
0.00
0.00
0.00
0.00
0.00
0.00
0.00
0.00
0.00
0.00
0.00
0.00
0.00
0.00
17.00
0.00
76.00
0.00
0.00
0.00
0.00
0.00
0.00
0.00
0.00
0.00
0.00
0.00
0.00
0.00
0.00
0.00
0.00
0.00
0.00
0.00
0.00
0.00
0.00
0.00
81.00
35.00
0.00
0.00
0.00
0.00
0.00
0.00
60.00
11.00
0.00
112.00
0.00
0.00
0.00
0.00
0.00
0.00
1.00
0.00
0.00
0.00
0.00
0.00
0.00
0.00
0.00
0.00
0.00
0.00
0.00
0.00
0.00
0.00
0.00
4.00
0.00
0.00
0.00
0.00
0.00
0.00
0.00
0.00
0.00
0.00
0.00
0.00
0.00
0.00
0.00
0.00
0.00
0.00
0.00
0.00
0.00
0.00
0.00
0.00
0.00
2.00
0.00
0.00
0.00
0.00
0.00
0.00
0.00
0.00
0.00
13.00
35.00
2.00
0.00
25.00
0.00
261.00
79.00
0.00
0.00
0.00
0.00
0.00
0.00
7.00
18.00
111.00
0.00
0.00
0.00
46.00
228.00
4.00
0.00
54.00
511.00
298.00
8.00
25.00
12.00
36.00
305.00
484.00
0.00
9.00
2.00
0.00
0.00
0.00
0.00
0.00
0.00
65.00
7.00
0.00
12.00
1133.00
629.00
27.00
547.00
3.00
339.00
267.00
2.00
0.00
0.00
51.00
57.00
426.00
0.00
0.00
52.00
123.00
51.00
0.00
2.00
157.00
3.00
151.00
0.00
121.00
237.00
553.00
0.00
48.00
64.00
95.00
219.00
3.00
85.00
2.00
1.00
2.00
18.00
10.00
9.00
192.00
345.00
648.00
944.00
299.00
413.00
139.00
85.00
0.00
16.00
93.00
13.00
126.00
243.00
596.00
66.00
256.00
335.00
145.00
562.00
1398.00
1059.00
73.00
277.00
192.00
283.00
407.00
100.00
44.00
138.00
374.00
112.00
320.00
81.00
104.00
47.00
170.00
41.00
62.00
32.00
55.00
143.00
338.00
279.00
166.00
270.00
34.00
195.00
53.00
97.00
151.00
61.00
102.00
161.00
331.00
81.00
112.00
51.00
33.00
72.00
17.00
128.00
69.00
71.00
159.00
19.00
381.00
1051.00
86.00
50.00
6.00
20.00
17.00
704.00
1682.00
400.00
179.00
126.00
209.00
13.00
543.00
67.00
178.00
49.00
223.00
67.00
593.00
453.00
600.00
184.00
810.00
75.00
111.00
167.00
295.00
253.00
72.00
243.00
87.00
167.00
564.00
369.00
200.00
350.00
1240.00
89.00
11.00
377.00
278.00
29.00
74.00
306.00
50.00
186.00
55.00
37.00
15.00
12.00
20.00
158.00
31.00
333.00
489.00
413.00
295.00
249.00
123.00
12.00
26.00
30.00
139.00
35.00
25.00
20.00
10.00
0.00
21.00
34.00
8.00
20.00
10.00
68.00
762.00
255.00
893.00
1464.00
0.00
0.00
0.00
0.00
2.00
0.00
12.00
28.00
153.00
5.00
0.00
0.00
0.00
0.00
8.00
5.00
0.00
0.00
0.00
0.00
2.00
36.00
2.00
2.00
462.00
86.00
4.00
0.00
8.00
1.00
0.00
0.00
0.00
0.00
0.00
0.00
0.00
0.00
0.00
0.00
0.00
0.00
0.00
0.00
0.00
0.00
14.00
135.00
290.00
167.00
0.00
0.00
0.00
0.00
0.00
0.00
0.00
0.00
30.00
1.00
5.00
0.00
0.00
0.00
0.00
0.00
0.00
0.00
0.00
0.00
38.00
180.00
16.00
0.00
0.00
0.00
0.00
0.00
0.00
0.00
0.00
0.00
0.00
0.00
0.00
0.00
0.00
0.00
0.00
0.00
0.00
0.00
0.00
0.00
0.00
0.00
0.00
0.00
0.00
0.00
0.00
0.00
0.00
0.00
0.00
17.00
0.00
0.00
580.00
205.00
400.00
170.00
122.00
0.00
64.00
83.00
0.00
0.00
0.00
0.00
0.00
0.00
0.00
0.00
0.00
0.00
296.00
473.00
0.00
0.00
0.00
0.00
0.00
0.00
0.00
0.00
0.00
0.00
0.00
0.00
0.00
0.00
5.00
0.00
0.00
56.00
3.00
0.00
0.00
0.00
0.00
4.00
3.00
22.00
13.00
127.00
0.00
54.00
545.00
213.00
153.00
3.00
15.00
0.00
0.00
85.00
66.00
109.00
1.00
0.00
1.00
108.00
28.00
0.00
274.00
0.00
13.00
149.00
194.00
2.00
49.00
291.00
75.00
0.00
18.00
452.00
101.00
0.00
264.00
307.00
248.00
0.00
73.00
1.00
268.00
604.00
1071.00
266.00
501.00
441.00
267.00
151.00
0.00
1.00
3.00
253.00
2.00
15.00
1.00
0.00
0.00
27.00
106.00
11.00
152.00
121.00
163.00
2.00
278.00
14.00
52.00
224.00
72.00
16.00
20.00
66.00
543.00
223.00
64.00
12.00
643.00
59.00
121.00
445.00
27.00
499.00
280.00
11.00
94.00
82.00
115.00
1.00
127.00
15.00
8.00
21.00
19.00
50.00
58.00
12.00
17.00
32.00
175.00
72.00
20.00
26.00
4.00
37.00
77.00
24.00
16.00
12.00
14.00
127.00
97.00
632.00
129.00
17.00
79.00
7.00
25.00
101.00
177.00
62.00
621.00
403.00
214.00
10.00
5.00
48.00
43.00
185.00
364.00
87.00
75.00
5.00
21.00
299.00
160.00
66.00
23.00
134.00
138.00
218.00
145.00
196.00
150.00
330.00
586.00
54.00
57.00
180.00
136.00
31.00
20.00
182.00
74.00
64.00
72.00
96.00
10.00
23.00
17.00
39.00
45.00
10.00
153.00
170.00
85.00
9.00
6.00
19.00
82.00
20.00
152.00
61.00
159.00
60.00
4.00
17.00
1.00
25.00
122.00
269.00
6.00
19.00
42.00
134.00
284.00
53.00
75.00
0.00
5.00
0.00
0.00
2.00
0.00
0.00
0.00
0.00
0.00
0.00
4.00
30.00
74.00
331.00
4.00
0.00
0.00
0.00
0.00
0.00
0.00
0.00
0.00
0.00
0.00
0.00
0.00
0.00
80.00
144.00
167.00
27.00
0.00
0.00
0.00
0.00
4.00
22.00
0.00
0.00
0.00
0.00
0.00
0.00
0.00
0.00
0.00
0.00
0.00
0.00
0.00
0.00
0.00
0.00
0.00
0.00
0.00
0.00
0.00
0.00
0.00
0.00
0.00
0.00
0.00
0.00
0.00
50.00
0.00
0.00
0.00
0.00
0.00
0.00
0.00
0.00
0.00
0.00
5.00
82.00
29.00
0.00
0.00
0.00
0.00
0.00
0.00
0.00
0.00
0.00
0.00
0.00
0.00
0.00
0.00
0.00
0.00
0.00
0.00
0.00
0.00
0.00
0.00
0.00
0.00
0.00
0.00
0.00
0.00
0.00
0.00
0.00
0.00
0.00
0.00
0.00
0.00
0.00
0.00
12.00
12.00
2.00
1.00
0.00
0.00
0.00
0.00
0.00
0.00
0.00
0.00
0.00
0.00
0.00
0.00
0.00
0.00
0.00
0.00
0.00
0.00
8.00
0.00
0.00
0.00
0.00
0.00
0.00
0.10
20.80
10.10
36.40
24.50
0.00
0.00
0.00
5.10
2.00
0.00
0.00
0.00
0.00
0.00
0.00
0.00
0.00
0.00
1.50
0.00
21.40
0.10
0.90
0.00
0.00
34.30
0.00
0.00
0.00
2.00
7.50
0.00
2.10
0.00
130.60
16.50
73.60
0.00
32.90
23.50
47.70
1.10
15.90
34.90
0.10
0.30
5.30
2.40
0.00
0.10
0.30
0.00
0.00
0.00
0.00
8.70
0.50
0.00
0.00
0.00
0.00
4.30
3.30
9.30
0.60
0.60
1.40
55.60
61.30
0.00
0.00
0.00
0.50
0.80
0.00
1.00
1.40
30.80
1.10
3.30
0.10
20.20
8.60
4.30
4.30
3.20
14.30
14.30
8.30
1.50
1.30
12.60
0.90
0.00
0.80
50.80
82.80
37.40
36.10
52.20
28.60
7.30
5.70
7.40
10.60
2.90
0.00
1.10
70.10
54.30
46.90
0.20
0.20
3.20
7.80
18.30
27.80
0.20
0.60
0.50
31.40
45.80
48.40
29.50
2.90
12.80
21.00
2.90
5.60
16.70
9.00
6.60
10.60
33.90
27.90
27.90
66.30
66.30
84.60
7.70
7.70
1.60
6.10
7.70
7.70
7.70
3.10
33.70
28.20
29.20
26.40
12.00
10.20
3.90
3.90
7.60
9.40
9.20
24.40
13.10
4.80
4.80
3.30
15.80
7.30
3.80
7.30
1.60
31.20
37.60
8.20
17.40
36.80
6.70
1.70
1.00
6.80
15.70
68.90
45.10
23.60
1.90
19.90
3.00
9.20
4.40
3.20
13.30
77.50
47.00
45.60
35.00
12.40
8.90
7.60
4.30
3.60
8.40
13.70
5.40
15.80
8.60
13.40
7.40
4.70
2.00
4.80
6.80
11.50
26.80
13.40
62.70
39.00
2.90
9.30
5.40
20.90
25.20
25.20
11.00
1.50
5.90
2.80
8.40
7.00
1.70
14.80
4.30
0.00
1.40
0.00
0.50
0.50
2.80
0.20
0.00
0.80
0.60
0.10
5.90
0.70
0.20
0.20
0.70
