20160101
0.00
0.00
0.00
0.00
0.00
0.00
0.00
0.00
72.00
0.00
0.00
0.00
0.00
0.00
0.00
0.00
0.00
1.00
5.00
38.00
0.00
0.00
0.00
0.00
0.00
0.00
0.00
0.00
0.00
0.00
0.00
0.00
0.00
0.00
0.00
0.00
0.00
0.00
0.00
1.00
0.00
4.00
0.00
0.00
0.00
0.00
0.00
0.00
0.00
0.00
2.00
61.00
0.00
21.00
210.00
0.00
26.00
0.00
0.00
0.00
0.00
0.00
0.00
650.00
0.00
16.00
0.00
0.00
10.00
0.00
36.00
0.00
0.00
0.00
7.00
0.00
0.00
0.00
12.00
2.00
23.00
0.00
0.00
0.00
0.00
0.00
0.00
1054.00
12.00
19.00
417.00
14.00
0.00
915.00
398.00
1044.00
283.00
0.00
253.00
24.00
13.00
0.00
0.00
31.00
86.00
218.00
747.00
1323.00
11.00
723.00
152.00
1012.00
516.00
104.00
29.00
385.00
296.00
156.00
13.00
0.00
304.00
73.00
123.00
162.00
196.00
125.00
67.00
23.00
3.00
1.00
30.00
96.00
237.00
45.00
427.00
174.00
46.00
1512.00
156.00
97.00
80.00
845.00
1.00
0.00
20.00
160.00
99.00
116.00
69.00
48.00
107.00
153.00
0.00
0.00
1.00
2.00
0.00
9.00
459.00
1.00
259.00
121.00
24.00
25.00
199.00
48.00
21.00
123.00
724.00
57.00
45.00
3.00
161.00
441.00
226.00
38.00
10.00
47.00
85.00
3.00
133.00
29.00
131.00
269.00
153.00
12.00
2.00
53.00
5.00
74.00
343.00
17.00
61.00
61.00
6.00
56.00
385.00
46.00
0.00
8.00
14.00
25.00
26.00
80.00
150.00
125.00
138.00
33.00
2.00
97.00
198.00
211.00
21.00
6.00
4.00
9.00
216.00
197.00
45.00
134.00
131.00
240.00
36.00
24.00
40.00
29.00
121.00
726.00
4.00
579.00
32.00
0.00
272.00
44.00
1.00
5.00
0.00
259.00
69.00
549.00
67.00
190.00
516.00
244.00
117.00
11.00
368.00
88.00
416.00
125.00
111.00
51.00
26.00
33.00
116.00
348.00
518.00
192.00
0.00
2.00
13.00
120.00
52.00
103.00
690.00
131.00
48.00
226.00
282.00
0.00
0.00
364.00
8.00
12.00
7.00
0.00
0.00
39.00
8.00
1.00
75.00
21.00
50.00
105.00
8.00
116.00
34.00
0.00
0.00
0.00
0.00
0.00
0.00
0.00
0.00
0.00
0.00
1.00
0.00
13.00
83.00
25.00
2.00
0.00
0.00
0.00
0.00
13.00
176.00
432.00
406.00
0.00
0.00
0.00
0.00
0.00
0.00
0.00
0.00
0.00
0.00
0.00
0.00
0.00
0.00
0.00
0.00
0.00
0.00
0.00
0.00
0.00
0.00
0.00
0.00
0.00
0.00
0.00
0.00
0.00
0.00
0.00
0.00
0.00
0.00
0.00
0.00
0.00
0.00
0.00
0.00
0.00
0.00
0.00
0.00
0.00
0.00
0.00
0.00
0.00
0.00
0.00
0.00
0.00
0.00
0.00
0.00
0.00
0.00
0.00
0.00
0.00
0.00
0.00
0.00
0.00
0.00
0.00
0.00
0.00
0.00
0.00
0.00
0.00
0.00
0.00
0.00
0.00
0.00
0.00
0.00
0.00
2.00
0.00
0.00
0.00
0.00
0.00
0.00
0.00
0.00
0.00
0.00
0.00
0.00
0.00
0.00
0.00
0.00
0.00
0.00
0.00
0.00
0.00
0.00
0.00
14.00
0.00
0.00
0.00
0.00
0.00
0.00
0.00
0.00
0.00
0.00
0.00
0.00
111.00
0.00
0.00
88.00
0.00
649.00
30.00
0.00
0.00
0.00
0.00
0.00
37.00
64.00
2.00
100.00
0.00
0.00
0.00
0.00
149.00
0.00
0.00
99.00
728.00
599.00
1025.00
184.00
522.00
274.00
656.00
338.00
2.00
1.00
0.00
58.00
0.00
0.00
0.00
0.00
0.00
256.00
13.00
0.00
12.00
469.00
680.00
195.00
190.00
32.00
244.00
184.00
25.00
9.00
171.00
3.00
58.00
180.00
0.00
0.00
49.00
213.00
172.00
0.00
0.00
142.00
0.00
8.00
0.00
151.00
334.00
330.00
10.00
30.00
57.00
162.00
86.00
134.00
82.00
0.00
94.00
2.00
76.00
10.00
9.00
201.00
398.00
409.00
960.00
26.00
830.00
283.00
75.00
1.00
5.00
38.00
18.00
317.00
375.00
609.00
10.00
379.00
36.00
86.00
584.00
929.00
1101.00
0.00
30.00
157.00
677.00
480.00
478.00
249.00
202.00
513.00
83.00
151.00
312.00
16.00
43.00
23.00
148.00
66.00
141.00
22.00
134.00
24.00
40.00
624.00
283.00
39.00
257.00
19.00
5.00
32.00
118.00
225.00
183.00
331.00
136.00
184.00
110.00
68.00
34.00
32.00
19.00
187.00
242.00
337.00
51.00
204.00
49.00
207.00
78.00
34.00
28.00
1.00
118.00
581.00
243.00
21.00
121.00
82.00
22.00
238.00
15.00
219.00
30.00
194.00
45.00
449.00
327.00
241.00
152.00
173.00
162.00
118.00
431.00
85.00
48.00
5.00
261.00
154.00
17.00
101.00
43.00
125.00
186.00
196.00
111.00
13.00
100.00
146.00
3.00
1.00
198.00
5.00
311.00
67.00
100.00
0.00
0.00
0.00
0.00
58.00
190.00
222.00
75.00
136.00
144.00
1.00
0.00
1.00
150.00
101.00
24.00
14.00
2.00
0.00
0.00
191.00
26.00
2.00
72.00
0.00
86.00
230.00
279.00
668.00
1645.00
0.00
0.00
0.00
0.00
0.00
0.00
0.00
181.00
307.00
0.00
0.00
0.00
0.00
0.00
3.00
1.00
0.00
0.00
0.00
0.00
3.00
12.00
2.00
1.00
149.00
31.00
0.00
0.00
0.00
0.00
0.00
0.00
0.00
0.00
0.00
0.00
0.00
0.00
0.00
0.00
0.00
0.00
0.00
0.00
0.00
0.00
0.00
212.00
401.00
348.00
0.00
0.00
0.00
0.00
0.00
0.00
0.00
0.00
7.00
0.00
0.00
1.00
1.00
0.00
0.00
0.00
0.00
0.00
0.00
0.00
24.00
238.00
153.00
0.00
0.00
0.00
0.00
0.00
0.00
0.00
0.00
0.00
0.00
0.00
0.00
0.00
0.00
0.00
0.00
0.00
0.00
0.00
0.00
0.00
0.00
0.00
0.00
0.00
0.00
0.00
0.00
0.00
0.00
0.00
0.00
0.00
0.00
0.00
67.00
26.00
94.00
9.00
0.00
0.00
11.00
3.00
0.00
0.00
0.00
0.00
0.00
0.00
0.00
0.00
189.00
0.00
271.00
370.00
0.00
0.00
0.00
0.00
0.00
0.00
0.00
0.00
0.00
0.00
0.00
0.00
0.00
0.00
108.00
0.00
24.00
94.00
224.00
0.00
0.00
0.00
0.00
0.00
1.00
0.00
44.00
129.00
3.00
150.00
694.00
413.00
46.00
0.00
22.00
0.00
0.00
70.00
9.00
11.00
14.00
15.00
3.00
76.00
88.00
1.00
178.00
0.00
0.00
84.00
182.00
0.00
43.00
196.00
39.00
0.00
1.00
36.00
6.00
6.00
259.00
15.00
354.00
1.00
324.00
22.00
225.00
326.00
1085.00
541.00
462.00
402.00
548.00
133.00
0.00
17.00
27.00
328.00
55.00
6.00
116.00
2.00
0.00
38.00
1.00
113.00
95.00
409.00
62.00
26.00
77.00
16.00
200.00
192.00
23.00
7.00
133.00
129.00
109.00
219.00
1.00
38.00
38.00
60.00
371.00
281.00
73.00
593.00
411.00
14.00
5.00
38.00
21.00
13.00
170.00
62.00
12.00
111.00
35.00
86.00
134.00
29.00
48.00
33.00
3.00
4.00
79.00
0.00
0.00
41.00
275.00
62.00
26.00
105.00
16.00
338.00
1.00
107.00
36.00
57.00
102.00
6.00
2.00
20.00
131.00
95.00
159.00
303.00
133.00
94.00
73.00
146.00
212.00
110.00
415.00
63.00
3.00
8.00
69.00
493.00
7.00
124.00
153.00
147.00
67.00
156.00
124.00
615.00
392.00
144.00
239.00
1.00
1.00
0.00
49.00
105.00
6.00
260.00
49.00
146.00
237.00
101.00
25.00
16.00
106.00
48.00
137.00
9.00
181.00
359.00
7.00
5.00
0.00
1.00
272.00
26.00
20.00
12.00
4.00
0.00
4.00
3.00
2.00
120.00
123.00
2.00
61.00
0.00
19.00
10.00
90.00
66.00
156.00
0.00
0.00
14.00
28.00
0.00
0.00
0.00
0.00
0.00
0.00
0.00
2.00
138.00
179.00
192.00
23.00
0.00
0.00
7.00
0.00
2.00
0.00
0.00
0.00
0.00
0.00
0.00
0.00
0.00
846.00
320.00
70.00
56.00
5.00
0.00
0.00
0.00
10.00
0.00
0.00
0.00
0.00
0.00
0.00
0.00
0.00
0.00
0.00
0.00
0.00
0.00
0.00
0.00
0.00
0.00
0.00
0.00
0.00
0.00
0.00
0.00
0.00
0.00
0.00
0.00
0.00
0.00
0.00
12.00
0.00
0.00
0.00
0.00
0.00
0.00
0.00
0.00
0.00
0.00
10.00
73.00
22.00
0.00
0.00
0.00
0.00
0.00
0.00
0.00
0.00
0.00
0.00
0.00
0.00
0.00
0.00
0.00
0.00
0.00
0.00
0.00
0.00
0.00
0.00
0.00
0.00
0.00
0.00
0.00
0.00
0.00
0.00
0.00
0.00
0.00
0.00
0.00
0.00
0.00
0.00
0.00
0.00
0.00
0.00
0.00
0.00
0.00
0.00
0.00
0.00
0.00
0.00
0.00
0.00
1.00
0.00
0.00
0.00
0.00
0.00
0.00
1.00
8.00
0.00
0.00
0.00
0.00
0.00
0.00
0.00
57.20
10.00
39.40
12.30
0.00
0.00
0.00
19.20
12.00
10.80
0.00
0.00
0.00
0.00
0.00
0.00
0.00
0.00
2.10
0.60
29.90
0.90
0.00
0.00
0.00
29.50
0.00
0.00
0.00
9.20
18.00
0.00
0.00
0.00
119.00
16.50
63.60
0.00
41.30
18.50
16.80
0.10
15.40
14.80
0.00
0.00
4.50
0.00
0.00
8.80
27.30
0.20
0.00
0.00
2.60
0.00
0.70
0.00
0.00
0.00
0.00
49.60
19.20
13.10
3.20
3.20
5.70
37.80
60.30
0.00
0.00
0.20
13.40
2.70
0.00
5.80
3.00
23.40
3.40
23.20
14.00
27.20
12.00
0.00
0.00
0.60
28.40
28.40
62.30
1.50
12.70
2.30
0.00
0.00
0.00
33.50
17.70
1.10
0.50
37.80
6.50
0.70
10.70
17.90
1.80
16.70
0.00
0.50
15.10
53.50
2.50
13.90
0.00
1.70
25.10
19.70
8.70
1.60
0.00
0.30
66.40
62.40
19.40
33.70
1.50
6.50
21.30
39.70
20.90
21.00
13.20
21.70
4.70
4.90
29.50
29.50
61.60
61.60
8.90
33.20
33.20
0.20
0.20
33.20
33.20
33.20
2.00
12.30
24.50
19.30
77.50
23.10
8.30
4.50
1.10
18.80
5.90
11.00
61.30
14.00
1.50
1.10
1.30
19.80
2.00
1.50
1.50
0.00
14.70
20.80
11.10
22.20
25.80
1.90
9.40
1.10
0.60
7.70
24.90
17.10
27.50
3.20
2.60
16.80
0.80
0.00
4.30
12.00
2.00
0.20
9.10
48.00
18.40
30.00
14.70
2.00
1.50
5.60
4.10
4.60
6.00
0.00
0.50
20.50
0.30
0.00
0.00
0.00
7.40
16.00
12.40
19.70
20.90
0.00
1.40
0.20
17.70
9.60
9.60
3.40
0.00
1.90
0.00
29.30
3.60
0.30
36.30
6.50
0.20
0.00
0.00
0.00
9.60
0.00
0.00
0.00
0.00
0.00
4.30
7.20
6.10
0.30
0.30
1.30
