20160101
0.00
0.00
0.00
0.00
0.00
0.00
0.00
0.00
0.00
0.00
0.00
0.00
0.00
0.00
0.00
0.00
0.00
0.00
0.00
0.00
0.00
0.00
0.00
0.00
0.00
1.00
0.00
0.00
0.00
0.00
0.00
0.00
0.00
0.00
0.00
0.00
0.00
0.00
0.00
0.00
0.00
0.00
0.00
0.00
0.00
0.00
0.00
0.00
0.00
0.00
0.00
1.00
5.00
2.00
50.00
2.00
24.00
1.00
0.00
0.00
0.00
0.00
0.00
10.00
0.00
1.00
0.00
0.00
21.00
3.00
0.00
0.00
1.00
2.00
3.00
52.00
0.00
0.00
2.00
0.00
20.00
0.00
4.00
0.00
0.00
0.00
0.00
267.00
0.00
184.00
381.00
12.00
0.00
17.00
35.00
200.00
10.00
0.00
77.00
6.00
8.00
0.00
0.00
0.00
181.00
3.00
252.00
124.00
0.00
58.00
27.00
87.00
80.00
64.00
51.00
48.00
3.00
3.00
80.00
0.00
22.00
42.00
6.00
0.00
12.00
1.00
0.00
0.00
0.00
0.00
1.00
13.00
71.00
61.00
3.00
60.00
7.00
181.00
351.00
9.00
110.00
1432.00
1.00
11.00
1.00
0.00
0.00
1.00
1.00
1.00
5.00
6.00
0.00
0.00
0.00
28.00
70.00
21.00
259.00
78.00
299.00
45.00
67.00
61.00
34.00
0.00
142.00
92.00
339.00
241.00
86.00
36.00
24.00
205.00
18.00
79.00
53.00
40.00
6.00
2.00
28.00
67.00
250.00
90.00
22.00
57.00
4.00
12.00
143.00
138.00
20.00
15.00
12.00
29.00
25.00
44.00
315.00
264.00
0.00
1.00
95.00
8.00
117.00
175.00
130.00
72.00
189.00
1.00
6.00
5.00
26.00
75.00
89.00
25.00
49.00
3.00
37.00
224.00
177.00
96.00
40.00
201.00
94.00
1.00
16.00
67.00
0.00
86.00
78.00
43.00
0.00
4.00
306.00
0.00
0.00
45.00
4.00
173.00
0.00
47.00
2.00
48.00
38.00
91.00
55.00
23.00
46.00
6.00
10.00
8.00
66.00
3.00
583.00
179.00
23.00
0.00
11.00
0.00
0.00
0.00
33.00
0.00
49.00
228.00
2.00
1.00
0.00
31.00
19.00
4.00
36.00
2.00
0.00
8.00
0.00
8.00
2.00
0.00
117.00
0.00
0.00
11.00
102.00
57.00
79.00
15.00
0.00
0.00
0.00
0.00
0.00
0.00
0.00
0.00
0.00
0.00
0.00
0.00
0.00
0.00
99.00
285.00
25.00
18.00
0.00
0.00
3.00
5.00
46.00
117.00
40.00
0.00
0.00
0.00
0.00
0.00
0.00
0.00
0.00
0.00
0.00
0.00
0.00
0.00
0.00
0.00
0.00
0.00
0.00
0.00
0.00
0.00
0.00
0.00
0.00
5.00
0.00
0.00
0.00
0.00
0.00
0.00
0.00
0.00
0.00
0.00
0.00
0.00
0.00
0.00
0.00
0.00
0.00
0.00
0.00
0.00
0.00
0.00
0.00
0.00
0.00
0.00
0.00
0.00
0.00
0.00
0.00
0.00
0.00
0.00
0.00
0.00
0.00
0.00
0.00
0.00
0.00
0.00
0.00
0.00
0.00
0.00
0.00
0.00
0.00
5.00
0.00
0.00
0.00
0.00
0.00
0.00
15.00
0.00
0.00
0.00
0.00
0.00
0.00
0.00
0.00
0.00
0.00
0.00
0.00
0.00
0.00
0.00
0.00
0.00
0.00
0.00
0.00
0.00
0.00
0.00
0.00
0.00
0.00
0.00
0.00
0.00
0.00
0.00
0.00
0.00
0.00
0.00
4.00
4.00
0.00
0.00
62.00
0.00
6.00
49.00
2.00
0.00
0.00
0.00
0.00
0.00
42.00
1.00
39.00
0.00
0.00
0.00
0.00
16.00
0.00
0.00
6.00
78.00
377.00
112.00
133.00
49.00
429.00
293.00
1.00
0.00
0.00
0.00
0.00
0.00
0.00
0.00
0.00
0.00
31.00
5.00
0.00
0.00
91.00
48.00
61.00
62.00
24.00
31.00
26.00
0.00
5.00
19.00
0.00
2.00
72.00
0.00
0.00
1.00
20.00
8.00
0.00
0.00
82.00
0.00
0.00
1.00
61.00
17.00
48.00
12.00
1.00
0.00
1.00
0.00
1.00
0.00
0.00
0.00
0.00
13.00
84.00
67.00
129.00
104.00
2.00
46.00
59.00
15.00
0.00
22.00
0.00
1.00
0.00
99.00
106.00
137.00
74.00
12.00
0.00
6.00
235.00
38.00
13.00
42.00
1.00
46.00
147.00
50.00
1.00
0.00
9.00
64.00
63.00
505.00
262.00
136.00
33.00
207.00
304.00
2.00
1.00
3.00
359.00
147.00
74.00
162.00
4.00
15.00
9.00
34.00
32.00
354.00
168.00
348.00
63.00
37.00
244.00
109.00
72.00
27.00
79.00
1.00
48.00
5.00
5.00
7.00
7.00
33.00
92.00
30.00
137.00
75.00
11.00
6.00
7.00
24.00
31.00
34.00
16.00
59.00
96.00
83.00
4.00
88.00
8.00
7.00
12.00
66.00
0.00
12.00
241.00
746.00
57.00
28.00
51.00
36.00
15.00
85.00
91.00
38.00
23.00
9.00
1.00
344.00
20.00
38.00
42.00
68.00
176.00
55.00
68.00
1.00
646.00
626.00
300.00
146.00
53.00
0.00
0.00
15.00
0.00
0.00
68.00
23.00
314.00
123.00
72.00
31.00
4.00
9.00
1.00
1.00
3.00
0.00
1.00
0.00
0.00
160.00
8.00
0.00
0.00
64.00
0.00
0.00
5.00
5.00
47.00
187.00
7.00
0.00
0.00
0.00
0.00
0.00
0.00
165.00
71.00
0.00
2.00
0.00
0.00
0.00
0.00
0.00
0.00
0.00
0.00
0.00
0.00
50.00
0.00
7.00
68.00
4.00
5.00
0.00
0.00
0.00
0.00
0.00
0.00
0.00
0.00
0.00
0.00
0.00
0.00
0.00
0.00
0.00
0.00
0.00
0.00
0.00
12.00
176.00
158.00
30.00
0.00
0.00
0.00
0.00
0.00
0.00
0.00
0.00
0.00
0.00
0.00
0.00
0.00
0.00
0.00
0.00
0.00
0.00
0.00
0.00
38.00
122.00
156.00
0.00
0.00
0.00
0.00
0.00
0.00
0.00
0.00
0.00
0.00
0.00
0.00
0.00
0.00
0.00
0.00
0.00
0.00
0.00
0.00
0.00
0.00
0.00
0.00
0.00
0.00
0.00
0.00
0.00
0.00
0.00
0.00
0.00
0.00
0.00
8.00
61.00
158.00
0.00
1.00
0.00
2.00
0.00
0.00
0.00
0.00
0.00
0.00
0.00
0.00
0.00
0.00
0.00
0.00
0.00
0.00
0.00
0.00
0.00
0.00
0.00
0.00
0.00
0.00
0.00
0.00
0.00
0.00
16.00
40.00
0.00
0.00
7.00
72.00
0.00
0.00
0.00
0.00
0.00
0.00
0.00
0.00
4.00
1.00
0.00
0.00
0.00
0.00
2.00
14.00
3.00
0.00
45.00
0.00
0.00
71.00
0.00
109.00
2.00
0.00
5.00
5.00
0.00
1.00
183.00
14.00
19.00
1.00
59.00
1.00
0.00
0.00
0.00
1.00
0.00
29.00
44.00
31.00
20.00
96.00
11.00
36.00
16.00
114.00
184.00
102.00
539.00
94.00
127.00
41.00
73.00
0.00
21.00
0.00
0.00
0.00
0.00
0.00
0.00
402.00
37.00
68.00
0.00
264.00
16.00
33.00
149.00
4.00
7.00
3.00
6.00
114.00
332.00
47.00
13.00
2.00
412.00
124.00
178.00
361.00
248.00
27.00
69.00
2.00
0.00
0.00
0.00
0.00
5.00
25.00
18.00
64.00
6.00
2.00
46.00
25.00
29.00
17.00
23.00
39.00
6.00
6.00
7.00
2.00
13.00
6.00
17.00
38.00
54.00
0.00
21.00
94.00
19.00
71.00
1.00
5.00
2.00
46.00
33.00
350.00
65.00
46.00
195.00
16.00
1.00
285.00
14.00
63.00
249.00
169.00
107.00
1.00
0.00
12.00
253.00
130.00
6.00
11.00
23.00
56.00
37.00
80.00
225.00
141.00
15.00
2.00
4.00
52.00
160.00
87.00
11.00
51.00
22.00
51.00
17.00
55.00
139.00
10.00
18.00
46.00
35.00
72.00
9.00
7.00
26.00
0.00
0.00
0.00
38.00
162.00
84.00
0.00
5.00
4.00
100.00
1.00
0.00
0.00
9.00
83.00
9.00
0.00
3.00
42.00
3.00
2.00
0.00
296.00
3.00
0.00
0.00
1.00
0.00
0.00
2.00
0.00
19.00
3.00
6.00
54.00
32.00
249.00
262.00
8.00
0.00
0.00
0.00
0.00
0.00
0.00
0.00
0.00
0.00
0.00
0.00
0.00
0.00
209.00
12.00
102.00
33.00
14.00
0.00
0.00
0.00
0.00
0.00
0.00
0.00
0.00
0.00
0.00
0.00
0.00
0.00
0.00
0.00
0.00
0.00
0.00
0.00
3.00
0.00
0.00
0.00
0.00
0.00
0.00
0.00
0.00
0.00
0.00
0.00
0.00
0.00
1.00
5.00
7.00
0.00
0.00
0.00
0.00
1.00
0.00
0.00
0.00
0.00
12.00
25.00
17.00
0.00
0.00
0.00
0.00
0.00
0.00
0.00
0.00
0.00
0.00
0.00
0.00
0.00
0.00
0.00
0.00
0.00
0.00
0.00
0.00
0.00
0.00
0.00
0.00
0.00
0.00
0.00
0.00
0.00
0.00
0.00
0.00
0.00
0.00
0.00
0.00
0.00
0.00
0.00
0.00
0.00
1.00
0.00
0.00
0.00
0.00
0.00
0.00
0.00
0.00
0.00
0.00
0.00
0.00
0.00
0.00
0.00
0.00
0.00
0.00
3.00
0.00
0.00
0.00
0.00
0.00
0.00
0.00
75.80
66.00
44.00
48.40
0.00
0.00
0.00
4.90
13.10
0.00
0.00
0.00
0.00
0.00
0.00
0.00
0.00
0.00
0.00
0.00
0.00
3.60
0.90
0.00
0.00
2.50
0.00
0.00
0.00
0.00
19.70
0.00
0.00
0.00
25.30
5.70
51.70
0.00
5.90
0.00
4.40
0.10
3.70
30.40
0.30
0.00
0.00
0.00
0.00
3.20
0.00
1.30
0.00
0.00
0.00
0.00
0.40
0.00
0.00
0.00
0.00
0.00
3.20
0.10
0.30
0.30
0.90
6.50
0.40
0.00
0.00
0.00
0.00
0.00
0.00
0.00
0.00
1.80
0.00
0.10
0.00
0.90
0.00
0.00
0.00
0.00
0.00
0.00
13.40
0.00
0.20
0.00
0.00
0.00
0.00
0.00
0.20
0.00
33.80
0.20
6.20
3.50
9.90
5.10
28.70
20.60
2.70
0.00
11.10
25.50
4.70
0.00
0.20
23.20
16.80
4.50
2.00
5.80
0.50
0.00
20.60
2.30
0.00
0.30
8.90
6.00
0.00
0.00
0.00
0.60
8.70
0.70
3.20
2.10
0.50
0.50
1.70
1.70
3.10
1.80
1.80
0.00
0.00
1.80
1.80
1.80
0.20
3.80
21.40
17.20
34.90
14.20
1.30
0.00
4.40
10.00
2.80
2.20
24.40
0.60
2.40
67.60
4.00
4.80
1.30
6.40
7.30
5.60
12.60
7.30
0.00
0.10
5.50
0.20
1.30
0.00
1.20
2.60
28.10
16.80
25.10
0.50
0.00
0.10
34.60
0.00
1.50
0.20
8.30
4.30
8.70
6.00
4.10
0.80
0.00
4.20
9.40
1.10
4.80
0.10
1.20
0.10
8.80
0.20
0.10
0.00
0.60
9.60
6.90
10.80
2.10
15.20
10.00
0.00
0.00
0.10
7.00
7.40
7.40
1.80
0.00
0.00
3.40
0.30
10.50
0.00
1.40
4.00
0.00
0.00
0.00
0.00
1.90
12.00
0.00
0.00
0.00
0.00
0.60
1.80
1.10
2.90
1.80
4.50
