20160101
0.00
0.00
0.00
0.00
0.00
0.00
0.00
0.00
0.00
0.00
0.00
0.00
0.00
0.00
0.00
0.00
0.00
0.00
19.00
59.00
0.00
0.00
0.00
0.00
0.00
5.00
0.00
0.00
0.00
0.00
0.00
0.00
0.00
0.00
0.00
0.00
0.00
0.00
7.00
0.00
0.00
27.00
0.00
0.00
0.00
0.00
0.00
0.00
0.00
1.00
11.00
1.00
0.00
0.00
6.00
0.00
9.00
3.00
0.00
0.00
0.00
0.00
0.00
0.00
0.00
43.00
0.00
0.00
0.00
0.00
0.00
0.00
2.00
1.00
0.00
0.00
0.00
0.00
0.00
0.00
2.00
0.00
0.00
0.00
0.00
0.00
15.00
43.00
11.00
66.00
421.00
0.00
0.00
330.00
9.00
4.00
0.00
0.00
0.00
0.00
0.00
0.00
0.00
0.00
171.00
0.00
36.00
397.00
5.00
1.00
26.00
0.00
0.00
0.00
0.00
0.00
54.00
175.00
4.00
0.00
1.00
20.00
0.00
82.00
2.00
126.00
12.00
271.00
8.00
21.00
35.00
12.00
900.00
769.00
218.00
84.00
168.00
102.00
88.00
33.00
58.00
367.00
1.00
0.00
44.00
269.00
1.00
44.00
5.00
19.00
73.00
49.00
0.00
3.00
0.00
0.00
0.00
8.00
792.00
0.00
7.00
3.00
129.00
60.00
2.00
620.00
144.00
362.00
366.00
52.00
302.00
354.00
244.00
331.00
470.00
220.00
50.00
180.00
40.00
104.00
294.00
209.00
101.00
173.00
181.00
173.00
150.00
34.00
149.00
725.00
355.00
74.00
131.00
129.00
252.00
266.00
152.00
182.00
200.00
78.00
255.00
206.00
155.00
290.00
85.00
532.00
298.00
70.00
56.00
54.00
190.00
36.00
90.00
265.00
193.00
224.00
522.00
446.00
27.00
86.00
41.00
94.00
252.00
73.00
56.00
647.00
236.00
515.00
71.00
102.00
49.00
4.00
110.00
42.00
11.00
27.00
4.00
154.00
29.00
8.00
234.00
228.00
679.00
320.00
574.00
625.00
196.00
108.00
46.00
142.00
85.00
46.00
9.00
399.00
177.00
328.00
382.00
77.00
19.00
176.00
162.00
168.00
240.00
541.00
31.00
2.00
133.00
38.00
332.00
284.00
21.00
16.00
10.00
8.00
7.00
17.00
0.00
6.00
81.00
36.00
13.00
14.00
83.00
43.00
106.00
32.00
0.00
0.00
0.00
0.00
0.00
0.00
0.00
0.00
0.00
0.00
0.00
4.00
0.00
0.00
98.00
0.00
0.00
0.00
0.00
0.00
0.00
3.00
24.00
173.00
0.00
0.00
0.00
0.00
0.00
13.00
0.00
0.00
0.00
0.00
0.00
1.00
0.00
0.00
0.00
0.00
0.00
0.00
0.00
0.00
0.00
0.00
0.00
0.00
0.00
57.00
0.00
0.00
0.00
0.00
0.00
0.00
0.00
0.00
0.00
0.00
0.00
0.00
0.00
0.00
0.00
0.00
0.00
0.00
0.00
0.00
3.00
0.00
0.00
0.00
18.00
0.00
0.00
0.00
0.00
0.00
0.00
0.00
0.00
0.00
0.00
0.00
0.00
0.00
0.00
17.00
0.00
0.00
0.00
0.00
0.00
0.00
0.00
0.00
0.00
0.00
0.00
0.00
0.00
0.00
0.00
0.00
7.00
0.00
0.00
0.00
0.00
0.00
0.00
0.00
0.00
0.00
0.00
0.00
0.00
0.00
0.00
0.00
0.00
0.00
0.00
0.00
0.00
0.00
0.00
0.00
0.00
0.00
7.00
0.00
0.00
0.00
0.00
0.00
0.00
0.00
0.00
0.00
111.00
46.00
0.00
0.00
31.00
0.00
147.00
2.00
0.00
0.00
0.00
0.00
0.00
153.00
6.00
36.00
146.00
0.00
0.00
0.00
194.00
162.00
0.00
16.00
206.00
445.00
84.00
104.00
22.00
188.00
97.00
16.00
179.00
4.00
0.00
23.00
0.00
0.00
0.00
0.00
0.00
0.00
230.00
184.00
0.00
1.00
607.00
590.00
35.00
726.00
0.00
313.00
305.00
9.00
0.00
10.00
0.00
64.00
199.00
0.00
83.00
98.00
87.00
175.00
0.00
0.00
142.00
5.00
29.00
3.00
45.00
658.00
689.00
1.00
35.00
112.00
156.00
121.00
0.00
149.00
1.00
160.00
80.00
148.00
1.00
8.00
180.00
151.00
513.00
483.00
458.00
375.00
9.00
1.00
0.00
71.00
151.00
0.00
132.00
81.00
1265.00
103.00
125.00
44.00
181.00
194.00
643.00
966.00
16.00
90.00
277.00
161.00
231.00
31.00
20.00
33.00
217.00
25.00
691.00
207.00
328.00
400.00
223.00
121.00
51.00
105.00
60.00
104.00
53.00
244.00
245.00
318.00
95.00
379.00
71.00
53.00
152.00
106.00
33.00
122.00
563.00
72.00
99.00
219.00
85.00
53.00
108.00
124.00
207.00
110.00
526.00
641.00
313.00
339.00
305.00
188.00
55.00
122.00
62.00
619.00
823.00
763.00
375.00
365.00
179.00
16.00
339.00
148.00
339.00
187.00
1112.00
264.00
699.00
363.00
384.00
1208.00
600.00
59.00
189.00
318.00
549.00
211.00
266.00
169.00
148.00
72.00
76.00
103.00
308.00
946.00
680.00
15.00
7.00
210.00
209.00
23.00
37.00
458.00
292.00
327.00
183.00
62.00
49.00
79.00
21.00
47.00
8.00
274.00
269.00
228.00
332.00
81.00
11.00
1.00
25.00
0.00
39.00
8.00
0.00
11.00
0.00
2.00
23.00
27.00
57.00
6.00
0.00
1.00
0.00
52.00
751.00
1237.00
0.00
0.00
0.00
0.00
0.00
0.00
0.00
4.00
24.00
0.00
1.00
0.00
0.00
0.00
0.00
3.00
0.00
0.00
0.00
0.00
0.00
1.00
0.00
11.00
369.00
118.00
13.00
5.00
1.00
0.00
0.00
0.00
0.00
0.00
0.00
0.00
0.00
0.00
0.00
0.00
0.00
0.00
0.00
0.00
0.00
0.00
0.00
49.00
124.00
163.00
0.00
0.00
0.00
0.00
0.00
0.00
0.00
0.00
12.00
13.00
3.00
0.00
0.00
0.00
0.00
0.00
0.00
0.00
0.00
0.00
0.00
148.00
3.00
0.00
0.00
0.00
0.00
0.00
0.00
0.00
0.00
0.00
0.00
0.00
0.00
0.00
0.00
0.00
0.00
0.00
0.00
0.00
0.00
0.00
0.00
0.00
0.00
0.00
0.00
0.00
0.00
0.00
0.00
0.00
0.00
0.00
0.00
0.00
886.00
282.00
340.00
29.00
17.00
19.00
491.00
279.00
0.00
0.00
0.00
0.00
0.00
0.00
0.00
0.00
0.00
0.00
573.00
27.00
0.00
0.00
0.00
0.00
0.00
0.00
1.00
0.00
0.00
0.00
0.00
0.00
0.00
0.00
0.00
0.00
0.00
108.00
0.00
0.00
0.00
0.00
0.00
0.00
0.00
0.00
32.00
4.00
0.00
14.00
165.00
354.00
586.00
0.00
4.00
0.00
0.00
94.00
14.00
39.00
62.00
1.00
0.00
93.00
0.00
0.00
167.00
0.00
34.00
237.00
6.00
49.00
39.00
159.00
0.00
0.00
106.00
32.00
30.00
0.00
112.00
115.00
301.00
1.00
26.00
0.00
168.00
358.00
957.00
196.00
110.00
243.00
130.00
46.00
0.00
1.00
0.00
281.00
2.00
0.00
0.00
0.00
13.00
285.00
584.00
227.00
104.00
407.00
233.00
0.00
192.00
1.00
128.00
67.00
78.00
0.00
35.00
6.00
7.00
244.00
104.00
5.00
155.00
22.00
105.00
62.00
193.00
164.00
21.00
176.00
7.00
115.00
82.00
5.00
34.00
2.00
120.00
509.00
170.00
68.00
48.00
38.00
19.00
109.00
360.00
156.00
39.00
188.00
82.00
56.00
103.00
69.00
80.00
66.00
33.00
216.00
275.00
221.00
181.00
61.00
100.00
25.00
34.00
261.00
121.00
45.00
398.00
332.00
354.00
64.00
304.00
334.00
169.00
832.00
194.00
251.00
165.00
51.00
133.00
232.00
319.00
278.00
94.00
261.00
374.00
389.00
415.00
274.00
258.00
561.00
188.00
17.00
17.00
201.00
49.00
95.00
76.00
560.00
504.00
322.00
230.00
123.00
59.00
37.00
53.00
247.00
101.00
97.00
430.00
197.00
35.00
16.00
6.00
82.00
99.00
284.00
562.00
218.00
111.00
200.00
6.00
3.00
2.00
7.00
268.00
70.00
10.00
7.00
46.00
112.00
209.00
92.00
5.00
27.00
3.00
0.00
0.00
0.00
44.00
0.00
0.00
0.00
0.00
26.00
0.00
4.00
67.00
116.00
165.00
2.00
0.00
26.00
0.00
3.00
1.00
0.00
0.00
0.00
0.00
0.00
0.00
0.00
5.00
22.00
10.00
4.00
0.00
0.00
0.00
0.00
1.00
0.00
0.00
0.00
0.00
0.00
0.00
0.00
0.00
0.00
0.00
0.00
0.00
0.00
0.00
0.00
0.00
0.00
0.00
0.00
0.00
0.00
0.00
0.00
0.00
0.00
0.00
0.00
0.00
1.00
0.00
24.00
0.00
0.00
0.00
0.00
0.00
0.00
0.00
0.00
0.00
0.00
7.00
83.00
38.00
0.00
0.00
0.00
0.00
0.00
0.00
0.00
0.00
0.00
0.00
0.00
0.00
0.00
0.00
0.00
0.00
0.00
0.00
0.00
0.00
0.00
0.00
0.00
0.00
0.00
0.00
0.00
0.00
0.00
0.00
0.00
0.00
0.00
0.00
0.00
0.00
0.00
0.00
19.00
19.00
1.00
0.00
0.00
0.00
0.00
0.00
0.00
0.00
0.00
0.00
0.00
13.00
4.00
0.00
0.00
6.00
0.00
0.00
0.00
13.00
1.00
0.00
0.00
0.00
0.00
0.00
0.00
0.70
20.10
2.50
53.70
11.80
0.00
0.00
0.00
7.10
0.00
0.00
0.00
0.00
0.00
0.00
0.00
0.00
0.00
0.00
0.40
0.00
11.80
0.60
2.20
0.00
0.00
3.20
0.00
0.00
0.00
15.80
3.10
0.00
1.50
0.00
137.00
0.50
24.20
0.00
24.00
4.80
34.80
0.00
3.40
67.00
0.00
2.10
0.60
3.20
0.00
0.90
0.00
0.00
0.00
0.00
1.20
5.00
0.30
0.00
0.00
0.00
1.70
1.50
9.00
12.10
5.60
5.60
0.10
145.20
29.10
0.00
0.00
0.00
17.00
51.10
32.40
9.20
0.00
30.20
0.20
22.50
0.00
42.20
20.50
0.70
0.70
9.10
46.90
46.90
21.30
5.60
0.10
13.40
0.10
11.70
11.60
27.70
128.00
29.50
24.10
0.50
0.80
1.10
0.70
0.10
0.10
0.00
0.00
1.10
10.70
30.90
26.10
2.50
12.60
0.70
30.80
47.20
25.20
0.00
0.10
0.60
45.80
53.60
39.30
21.40
1.50
4.50
4.10
1.10
0.90
15.30
8.90
7.20
15.30
49.60
134.60
134.60
73.90
73.90
30.70
3.70
3.70
4.80
3.00
3.70
3.70
3.70
14.30
30.00
35.10
23.50
77.50
30.50
6.90
4.50
5.00
5.50
15.60
19.30
27.90
17.30
1.90
7.30
4.20
9.30
4.40
3.60
4.20
1.50
153.00
74.30
14.20
14.30
25.30
4.20
1.20
0.40
1.80
7.00
38.50
33.60
4.20
6.50
3.60
7.70
5.80
1.10
12.80
8.60
16.60
38.20
27.30
31.00
17.80
8.70
15.30
3.10
20.10
17.40
4.90
7.40
22.90
10.80
34.70
49.10
25.50
10.10
3.30
0.70
1.30
9.00
16.30
27.90
39.40
0.70
22.00
21.90
4.00
34.80
34.80
13.30
0.30
0.00
6.50
8.20
28.80
13.70
22.10
1.80
0.00
0.00
0.00
0.00
0.10
0.00
0.10
0.00
0.00
0.10
1.70
0.10
0.00
0.50
8.00
72.20
