20160101
0.00
0.00
0.00
0.00
0.00
0.00
0.00
0.00
0.00
0.00
0.00
0.00
0.00
0.00
0.00
0.00
0.00
0.00
0.00
0.00
0.00
0.00
0.00
0.00
0.00
3.00
0.00
0.00
0.00
0.00
0.00
0.00
0.00
0.00
0.00
0.00
0.00
0.00
0.00
0.00
0.00
0.00
0.00
0.00
0.00
0.00
0.00
0.00
0.00
22.00
3.00
0.00
0.00
37.00
146.00
3.00
15.00
0.00
14.00
0.00
0.00
0.00
0.00
13.00
0.00
1.00
0.00
3.00
1.00
0.00
0.00
0.00
0.00
8.00
1.00
39.00
0.00
0.00
22.00
0.00
55.00
0.00
5.00
0.00
0.00
0.00
0.00
294.00
0.00
185.00
484.00
8.00
0.00
41.00
44.00
196.00
10.00
0.00
54.00
5.00
8.00
0.00
0.00
76.00
112.00
16.00
216.00
105.00
4.00
79.00
40.00
149.00
135.00
34.00
58.00
80.00
98.00
10.00
14.00
0.00
5.00
52.00
15.00
0.00
51.00
1.00
0.00
0.00
0.00
0.00
0.00
122.00
67.00
180.00
2.00
93.00
17.00
219.00
273.00
5.00
124.00
1062.00
0.00
3.00
0.00
0.00
0.00
0.00
0.00
20.00
3.00
18.00
0.00
0.00
0.00
117.00
20.00
135.00
154.00
100.00
260.00
24.00
27.00
52.00
1.00
4.00
224.00
143.00
87.00
229.00
18.00
20.00
51.00
167.00
28.00
63.00
70.00
37.00
81.00
0.00
105.00
77.00
211.00
128.00
16.00
27.00
8.00
16.00
78.00
162.00
64.00
49.00
26.00
29.00
18.00
36.00
115.00
314.00
0.00
0.00
32.00
8.00
72.00
125.00
131.00
31.00
205.00
1.00
2.00
25.00
38.00
26.00
134.00
48.00
11.00
0.00
24.00
228.00
160.00
10.00
9.00
29.00
55.00
11.00
13.00
33.00
0.00
54.00
176.00
36.00
0.00
1.00
340.00
1.00
0.00
43.00
0.00
86.00
0.00
36.00
3.00
23.00
21.00
169.00
22.00
5.00
18.00
47.00
40.00
1.00
15.00
33.00
130.00
51.00
45.00
0.00
3.00
0.00
18.00
1.00
33.00
0.00
52.00
192.00
0.00
1.00
4.00
79.00
45.00
0.00
13.00
27.00
0.00
5.00
0.00
1.00
0.00
0.00
23.00
1.00
37.00
48.00
47.00
223.00
14.00
62.00
17.00
0.00
0.00
0.00
0.00
0.00
0.00
0.00
0.00
0.00
0.00
0.00
3.00
0.00
247.00
226.00
15.00
8.00
0.00
16.00
8.00
1.00
102.00
168.00
36.00
0.00
0.00
0.00
0.00
0.00
0.00
0.00
0.00
0.00
0.00
0.00
0.00
0.00
0.00
0.00
0.00
0.00
0.00
0.00
0.00
0.00
0.00
0.00
0.00
0.00
0.00
0.00
0.00
0.00
0.00
0.00
0.00
0.00
0.00
0.00
0.00
0.00
0.00
0.00
0.00
0.00
0.00
0.00
0.00
0.00
0.00
0.00
0.00
0.00
0.00
0.00
0.00
0.00
0.00
0.00
0.00
0.00
0.00
0.00
0.00
0.00
0.00
0.00
0.00
0.00
0.00
0.00
0.00
0.00
0.00
0.00
0.00
0.00
0.00
0.00
0.00
0.00
0.00
0.00
0.00
0.00
44.00
0.00
0.00
0.00
0.00
0.00
0.00
0.00
0.00
0.00
0.00
0.00
0.00
0.00
0.00
0.00
0.00
0.00
0.00
0.00
0.00
0.00
0.00
0.00
0.00
0.00
0.00
0.00
0.00
0.00
0.00
0.00
0.00
0.00
0.00
0.00
0.00
27.00
0.00
0.00
73.00
0.00
22.00
45.00
1.00
0.00
0.00
0.00
0.00
0.00
45.00
4.00
69.00
0.00
0.00
0.00
0.00
11.00
0.00
0.00
1.00
131.00
351.00
342.00
147.00
93.00
408.00
495.00
6.00
0.00
0.00
0.00
0.00
0.00
0.00
0.00
0.00
0.00
40.00
9.00
0.00
0.00
134.00
31.00
66.00
81.00
42.00
53.00
62.00
0.00
19.00
6.00
0.00
17.00
151.00
0.00
0.00
4.00
56.00
39.00
0.00
0.00
163.00
0.00
0.00
0.00
91.00
23.00
76.00
14.00
6.00
0.00
1.00
0.00
5.00
6.00
0.00
6.00
0.00
0.00
31.00
127.00
117.00
133.00
6.00
37.00
59.00
32.00
1.00
0.00
28.00
0.00
37.00
58.00
56.00
405.00
110.00
14.00
0.00
100.00
143.00
4.00
0.00
1.00
0.00
58.00
85.00
19.00
9.00
3.00
10.00
64.00
39.00
333.00
128.00
158.00
156.00
197.00
199.00
33.00
13.00
20.00
266.00
133.00
60.00
136.00
29.00
9.00
25.00
15.00
47.00
334.00
111.00
118.00
76.00
63.00
230.00
203.00
55.00
44.00
55.00
4.00
60.00
2.00
32.00
4.00
66.00
1.00
139.00
22.00
128.00
71.00
5.00
4.00
5.00
14.00
14.00
12.00
20.00
43.00
102.00
69.00
5.00
39.00
86.00
5.00
21.00
76.00
0.00
0.00
159.00
476.00
38.00
28.00
13.00
26.00
13.00
71.00
120.00
21.00
5.00
3.00
5.00
110.00
25.00
19.00
11.00
30.00
56.00
101.00
43.00
0.00
371.00
560.00
302.00
232.00
119.00
7.00
0.00
11.00
0.00
0.00
152.00
31.00
202.00
105.00
50.00
32.00
2.00
16.00
0.00
0.00
20.00
0.00
17.00
1.00
0.00
0.00
3.00
16.00
0.00
0.00
0.00
0.00
2.00
15.00
65.00
387.00
0.00
0.00
0.00
0.00
0.00
0.00
0.00
235.00
161.00
0.00
1.00
0.00
0.00
0.00
0.00
0.00
0.00
0.00
0.00
0.00
0.00
12.00
0.00
0.00
44.00
126.00
27.00
0.00
0.00
0.00
0.00
0.00
0.00
0.00
0.00
0.00
0.00
0.00
0.00
0.00
0.00
0.00
0.00
0.00
0.00
8.00
18.00
107.00
115.00
75.00
0.00
0.00
0.00
0.00
0.00
0.00
0.00
0.00
0.00
0.00
0.00
0.00
0.00
0.00
0.00
0.00
0.00
0.00
0.00
0.00
2.00
148.00
101.00
0.00
0.00
0.00
0.00
0.00
0.00
0.00
0.00
0.00
0.00
0.00
0.00
0.00
0.00
0.00
0.00
0.00
0.00
0.00
0.00
0.00
0.00
0.00
0.00
0.00
0.00
0.00
0.00
0.00
0.00
0.00
0.00
0.00
0.00
0.00
0.00
56.00
155.00
0.00
4.00
0.00
0.00
1.00
0.00
0.00
0.00
0.00
0.00
0.00
0.00
0.00
0.00
0.00
0.00
48.00
0.00
0.00
0.00
0.00
0.00
0.00
0.00
0.00
0.00
0.00
0.00
0.00
0.00
24.00
137.00
1.00
5.00
1.00
119.00
0.00
0.00
0.00
0.00
0.00
0.00
0.00
0.00
23.00
9.00
0.00
2.00
14.00
1.00
1.00
34.00
27.00
0.00
176.00
0.00
7.00
207.00
0.00
19.00
4.00
0.00
0.00
14.00
0.00
0.00
131.00
21.00
28.00
55.00
30.00
2.00
0.00
0.00
2.00
6.00
0.00
77.00
14.00
35.00
13.00
118.00
0.00
42.00
58.00
154.00
209.00
193.00
458.00
199.00
152.00
9.00
90.00
0.00
22.00
0.00
0.00
0.00
0.00
0.00
3.00
290.00
75.00
68.00
0.00
60.00
20.00
2.00
68.00
6.00
7.00
0.00
62.00
177.00
85.00
2.00
1.00
3.00
68.00
122.00
100.00
319.00
261.00
16.00
5.00
11.00
0.00
0.00
1.00
0.00
0.00
36.00
53.00
26.00
0.00
1.00
34.00
28.00
15.00
18.00
1.00
2.00
5.00
6.00
0.00
4.00
15.00
20.00
16.00
41.00
34.00
27.00
6.00
76.00
69.00
55.00
1.00
4.00
0.00
21.00
34.00
180.00
67.00
53.00
240.00
15.00
17.00
113.00
30.00
145.00
161.00
180.00
299.00
0.00
0.00
14.00
74.00
182.00
13.00
10.00
29.00
50.00
50.00
297.00
102.00
83.00
7.00
0.00
3.00
19.00
119.00
61.00
107.00
59.00
50.00
83.00
44.00
45.00
113.00
18.00
36.00
5.00
0.00
77.00
8.00
1.00
11.00
0.00
0.00
0.00
32.00
62.00
38.00
0.00
1.00
0.00
59.00
10.00
0.00
5.00
24.00
43.00
5.00
0.00
0.00
20.00
4.00
0.00
0.00
65.00
23.00
0.00
0.00
0.00
0.00
0.00
11.00
0.00
0.00
0.00
1.00
24.00
55.00
243.00
193.00
3.00
0.00
0.00
0.00
0.00
0.00
0.00
0.00
1.00
0.00
0.00
0.00
0.00
0.00
387.00
30.00
121.00
53.00
19.00
0.00
0.00
0.00
0.00
0.00
0.00
0.00
0.00
0.00
0.00
0.00
0.00
0.00
0.00
0.00
0.00
0.00
0.00
0.00
0.00
0.00
0.00
0.00
0.00
0.00
0.00
0.00
0.00
0.00
0.00
0.00
0.00
0.00
0.00
1.00
0.00
0.00
0.00
0.00
0.00
0.00
0.00
0.00
1.00
1.00
17.00
7.00
16.00
0.00
0.00
0.00
0.00
0.00
0.00
0.00
0.00
0.00
0.00
0.00
0.00
0.00
0.00
0.00
0.00
0.00
0.00
0.00
0.00
0.00
0.00
0.00
0.00
0.00
0.00
0.00
0.00
0.00
0.00
0.00
0.00
0.00
0.00
0.00
0.00
0.00
0.00
0.00
0.00
0.00
2.00
0.00
0.00
0.00
0.00
0.00
0.00
0.00
0.00
0.00
0.00
0.00
0.00
0.00
0.00
0.00
0.00
0.00
0.00
1.00
0.00
0.00
0.00
0.00
0.00
0.00
0.00
83.60
78.00
57.90
48.30
0.00
0.00
0.00
0.00
21.00
0.00
0.00
0.00
0.00
0.00
0.00
0.00
0.00
0.00
0.10
0.00
0.60
4.30
0.00
0.00
0.00
11.40
0.00
0.00
0.00
0.00
15.30
0.00
0.00
0.00
20.30
11.10
55.40
0.20
7.10
0.00
1.00
2.30
9.10
35.00
0.60
0.00
2.70
15.20
0.00
3.00
0.00
3.30
0.00
0.00
0.00
0.00
1.70
0.00
0.00
0.00
0.00
0.00
8.90
1.60
0.00
0.00
2.10
14.20
1.80
0.00
0.00
0.00
0.00
0.00
0.00
0.00
0.00
0.40
0.00
0.40
0.00
1.50
0.00
0.00
0.00
0.00
0.00
0.00
12.90
0.50
0.00
0.00
0.00
0.00
0.00
0.20
0.90
3.30
4.20
6.80
0.00
1.70
6.80
12.70
34.50
22.40
0.90
0.00
4.70
20.50
7.30
0.00
0.00
14.00
17.00
7.20
5.20
16.00
1.60
0.20
15.80
4.90
0.00
0.50
0.80
10.70
0.20
0.00
0.00
1.50
6.00
3.60
8.40
0.70
0.90
0.90
3.00
3.00
0.10
1.70
1.70
0.00
0.10
1.70
1.70
1.70
16.10
9.30
8.00
16.20
23.60
49.00
1.30
0.00
7.10
12.60
1.60
3.10
11.20
1.10
0.70
64.30
1.90
3.30
3.60
10.50
2.60
13.40
11.00
4.50
0.30
0.40
1.60
1.50
0.20
0.40
2.60
6.50
26.80
14.00
21.20
0.40
0.10
0.50
33.30
0.10
2.10
0.10
7.30
4.80
4.40
1.10
1.40
0.20
2.70
13.00
12.00
4.20
26.30
7.90
0.80
0.60
10.10
6.90
1.20
0.20
4.20
5.80
9.20
19.00
11.10
22.10
12.30
0.00
0.10
0.50
16.80
1.30
1.30
3.90
0.30
1.10
2.20
9.30
6.80
1.90
6.50
1.90
0.00
0.00
0.00
0.00
5.10
3.90
0.00
0.00
0.00
0.00
0.60
1.80
1.10
2.90
1.80
4.50
