20160101
0.00
0.00
0.00
0.00
0.00
0.00
0.00
0.00
124.00
0.00
0.00
0.00
0.00
0.00
0.00
0.00
0.00
0.00
0.00
17.00
0.00
0.00
0.00
0.00
0.00
0.00
0.00
0.00
0.00
0.00
0.00
0.00
0.00
0.00
0.00
0.00
0.00
0.00
0.00
0.00
0.00
13.00
0.00
0.00
0.00
0.00
0.00
0.00
0.00
0.00
1.00
6.00
0.00
164.00
161.00
0.00
12.00
0.00
0.00
0.00
0.00
0.00
0.00
249.00
0.00
1.00
0.00
0.00
53.00
18.00
13.00
0.00
0.00
0.00
10.00
0.00
0.00
0.00
5.00
1.00
3.00
0.00
0.00
0.00
0.00
0.00
0.00
618.00
148.00
266.00
183.00
1.00
0.00
100.00
187.00
314.00
196.00
363.00
147.00
17.00
0.00
154.00
164.00
200.00
264.00
220.00
428.00
188.00
486.00
494.00
85.00
372.00
146.00
1264.00
540.00
21.00
125.00
166.00
224.00
46.00
210.00
41.00
52.00
10.00
138.00
3.00
35.00
6.00
1.00
0.00
0.00
20.00
88.00
203.00
258.00
208.00
1019.00
1093.00
330.00
24.00
49.00
559.00
1.00
0.00
91.00
30.00
7.00
25.00
10.00
33.00
22.00
10.00
0.00
0.00
0.00
10.00
12.00
470.00
248.00
28.00
70.00
95.00
203.00
25.00
0.00
5.00
118.00
126.00
190.00
94.00
0.00
7.00
104.00
233.00
5.00
7.00
27.00
7.00
12.00
1.00
140.00
104.00
447.00
186.00
88.00
101.00
1.00
60.00
0.00
5.00
80.00
3.00
23.00
51.00
2.00
3.00
229.00
126.00
2.00
3.00
12.00
2.00
8.00
71.00
172.00
81.00
185.00
17.00
18.00
117.00
34.00
77.00
23.00
18.00
0.00
0.00
7.00
17.00
96.00
104.00
58.00
21.00
83.00
11.00
175.00
7.00
29.00
4.00
1.00
1.00
22.00
1.00
381.00
56.00
0.00
10.00
0.00
289.00
0.00
69.00
127.00
400.00
804.00
389.00
54.00
1.00
313.00
119.00
216.00
395.00
364.00
29.00
2.00
34.00
4.00
86.00
177.00
24.00
0.00
75.00
890.00
65.00
72.00
110.00
262.00
82.00
71.00
103.00
94.00
5.00
0.00
1076.00
5.00
169.00
113.00
0.00
0.00
43.00
0.00
4.00
28.00
316.00
278.00
187.00
22.00
157.00
0.00
0.00
0.00
0.00
0.00
0.00
0.00
0.00
0.00
0.00
0.00
0.00
0.00
0.00
126.00
19.00
1.00
0.00
0.00
0.00
0.00
10.00
130.00
238.00
273.00
0.00
0.00
0.00
0.00
0.00
0.00
0.00
0.00
0.00
0.00
0.00
0.00
0.00
0.00
0.00
0.00
0.00
0.00
0.00
0.00
0.00
0.00
0.00
0.00
32.00
0.00
0.00
0.00
0.00
0.00
0.00
0.00
0.00
0.00
0.00
0.00
0.00
0.00
0.00
0.00
0.00
0.00
0.00
0.00
0.00
0.00
0.00
0.00
0.00
163.00
0.00
0.00
0.00
0.00
0.00
0.00
0.00
0.00
0.00
0.00
0.00
0.00
0.00
0.00
0.00
0.00
0.00
0.00
0.00
0.00
0.00
0.00
0.00
0.00
0.00
0.00
0.00
0.00
0.00
0.00
0.00
1.00
0.00
0.00
0.00
0.00
0.00
0.00
0.00
0.00
0.00
0.00
0.00
0.00
0.00
0.00
0.00
0.00
0.00
0.00
0.00
0.00
0.00
0.00
0.00
18.00
488.00
229.00
3.00
0.00
0.00
0.00
0.00
0.00
0.00
0.00
0.00
18.00
94.00
0.00
0.00
82.00
6.00
284.00
40.00
0.00
0.00
0.00
0.00
0.00
72.00
223.00
15.00
113.00
0.00
0.00
0.00
0.00
63.00
0.00
14.00
15.00
687.00
360.00
963.00
1527.00
668.00
796.00
591.00
0.00
0.00
87.00
76.00
258.00
31.00
12.00
0.00
0.00
0.00
133.00
6.00
0.00
85.00
358.00
65.00
81.00
19.00
4.00
29.00
875.00
208.00
45.00
147.00
24.00
252.00
132.00
0.00
0.00
18.00
332.00
207.00
12.00
9.00
23.00
0.00
1.00
0.00
0.00
188.00
164.00
2.00
0.00
144.00
170.00
91.00
104.00
30.00
0.00
175.00
98.00
125.00
0.00
134.00
165.00
631.00
339.00
520.00
145.00
739.00
1.00
2.00
0.00
0.00
231.00
77.00
247.00
514.00
187.00
93.00
23.00
1.00
18.00
311.00
562.00
167.00
0.00
29.00
48.00
120.00
294.00
364.00
183.00
10.00
67.00
78.00
273.00
85.00
73.00
97.00
42.00
176.00
44.00
70.00
91.00
79.00
85.00
79.00
72.00
9.00
169.00
21.00
5.00
2.00
77.00
323.00
70.00
0.00
15.00
163.00
17.00
1.00
42.00
1.00
66.00
73.00
188.00
79.00
52.00
34.00
97.00
10.00
116.00
59.00
52.00
22.00
2.00
21.00
370.00
276.00
95.00
20.00
129.00
82.00
9.00
6.00
28.00
1.00
120.00
13.00
5.00
117.00
155.00
156.00
10.00
134.00
44.00
20.00
140.00
60.00
73.00
186.00
39.00
0.00
0.00
9.00
160.00
31.00
76.00
66.00
21.00
94.00
161.00
0.00
0.00
232.00
24.00
124.00
120.00
115.00
19.00
0.00
0.00
0.00
10.00
153.00
251.00
210.00
376.00
20.00
4.00
0.00
0.00
20.00
127.00
364.00
457.00
42.00
94.00
11.00
257.00
111.00
35.00
12.00
0.00
0.00
38.00
308.00
442.00
1170.00
10.00
0.00
0.00
0.00
0.00
0.00
0.00
413.00
1237.00
0.00
0.00
0.00
0.00
0.00
1.00
0.00
0.00
0.00
0.00
0.00
0.00
1.00
0.00
0.00
156.00
23.00
4.00
0.00
0.00
0.00
0.00
0.00
0.00
0.00
0.00
0.00
0.00
0.00
0.00
0.00
0.00
0.00
0.00
0.00
0.00
0.00
0.00
167.00
745.00
130.00
0.00
0.00
0.00
0.00
0.00
0.00
0.00
0.00
183.00
0.00
0.00
0.00
0.00
0.00
0.00
0.00
0.00
0.00
0.00
0.00
20.00
152.00
6.00
0.00
0.00
0.00
0.00
0.00
0.00
0.00
0.00
0.00
0.00
0.00
0.00
0.00
0.00
0.00
0.00
0.00
0.00
0.00
0.00
0.00
0.00
0.00
0.00
0.00
0.00
0.00
0.00
0.00
0.00
0.00
0.00
0.00
0.00
0.00
4.00
5.00
21.00
42.00
0.00
2.00
0.00
0.00
0.00
0.00
0.00
0.00
0.00
0.00
0.00
0.00
0.00
1.00
97.00
843.00
0.00
0.00
0.00
0.00
441.00
0.00
7.00
0.00
0.00
0.00
0.00
0.00
0.00
427.00
1642.00
0.00
852.00
112.00
1005.00
5.00
0.00
0.00
0.00
0.00
0.00
0.00
0.00
32.00
1.00
42.00
122.00
386.00
25.00
0.00
6.00
0.00
0.00
0.00
3.00
3.00
4.00
20.00
114.00
120.00
47.00
0.00
177.00
0.00
0.00
120.00
19.00
10.00
62.00
159.00
7.00
0.00
7.00
61.00
0.00
0.00
89.00
19.00
236.00
1.00
99.00
8.00
117.00
396.00
437.00
226.00
162.00
670.00
628.00
83.00
0.00
41.00
0.00
25.00
0.00
0.00
31.00
0.00
0.00
0.00
0.00
41.00
136.00
301.00
489.00
180.00
15.00
21.00
25.00
3.00
142.00
295.00
24.00
159.00
57.00
0.00
1.00
28.00
15.00
20.00
197.00
766.00
253.00
859.00
168.00
26.00
0.00
17.00
0.00
0.00
18.00
109.00
39.00
36.00
9.00
58.00
97.00
8.00
27.00
21.00
0.00
8.00
46.00
59.00
0.00
3.00
196.00
54.00
3.00
343.00
57.00
143.00
15.00
0.00
2.00
27.00
1.00
1.00
0.00
34.00
132.00
40.00
40.00
167.00
302.00
0.00
17.00
23.00
122.00
31.00
804.00
186.00
0.00
51.00
18.00
36.00
26.00
8.00
31.00
16.00
21.00
198.00
491.00
53.00
2.00
0.00
10.00
0.00
12.00
0.00
111.00
42.00
2.00
246.00
30.00
73.00
31.00
82.00
24.00
0.00
0.00
2.00
24.00
0.00
4.00
52.00
0.00
0.00
11.00
1.00
31.00
32.00
36.00
128.00
12.00
0.00
129.00
56.00
1.00
423.00
0.00
0.00
13.00
3.00
17.00
0.00
108.00
0.00
50.00
0.00
0.00
0.00
0.00
0.00
0.00
0.00
0.00
0.00
0.00
0.00
0.00
8.00
41.00
285.00
102.00
28.00
0.00
0.00
0.00
0.00
0.00
0.00
0.00
0.00
0.00
0.00
0.00
0.00
1033.00
251.00
65.00
69.00
0.00
0.00
0.00
0.00
0.00
0.00
0.00
0.00
0.00
0.00
0.00
0.00
0.00
0.00
0.00
0.00
0.00
0.00
0.00
0.00
0.00
0.00
0.00
0.00
0.00
0.00
0.00
0.00
0.00
0.00
0.00
0.00
0.00
0.00
0.00
9.00
0.00
0.00
0.00
0.00
0.00
15.00
0.00
0.00
0.00
0.00
0.00
29.00
114.00
0.00
0.00
0.00
0.00
0.00
0.00
0.00
0.00
0.00
0.00
0.00
0.00
0.00
0.00
0.00
0.00
0.00
0.00
0.00
0.00
0.00
0.00
0.00
0.00
0.00
0.00
0.00
0.00
0.00
0.00
0.00
0.00
0.00
0.00
0.00
0.00
0.00
0.00
0.00
0.00
0.00
0.00
0.00
0.00
0.00
0.00
0.00
0.00
0.00
0.00
0.00
0.00
1.00
0.00
0.00
0.00
0.00
0.00
0.00
0.00
6.00
0.00
0.00
0.00
0.00
0.00
3.00
0.00
32.10
12.70
72.40
22.10
0.00
0.00
0.00
0.00
6.40
0.00
0.00
0.00
0.00
0.00
0.00
0.00
0.00
0.00
0.50
0.00
1.60
0.90
20.70
0.00
0.10
7.50
0.00
0.00
0.00
11.00
1.90
0.00
0.00
0.00
41.00
66.80
51.80
0.00
56.20
10.60
52.60
2.30
17.40
11.30
0.10
0.00
1.40
0.00
0.00
38.00
1.10
13.30
0.00
0.00
7.10
0.00
1.70
0.00
0.00
0.00
0.20
1.00
29.70
37.10
40.60
40.60
0.20
24.40
45.80
0.00
0.00
0.20
6.30
22.50
0.10
10.20
29.40
3.10
9.60
7.70
10.80
13.00
6.00
0.40
0.40
11.80
20.30
20.30
24.70
2.10
7.00
0.30
0.00
0.00
8.10
6.60
0.30
0.00
0.40
4.90
0.00
8.60
18.80
2.90
2.90
4.10
0.00
0.00
0.00
45.80
14.70
4.40
19.50
43.00
10.60
16.90
29.50
4.30
1.50
5.70
14.90
54.30
26.40
6.80
0.00
0.10
0.20
29.00
6.10
2.70
6.20
37.20
19.90
1.00
11.90
11.90
46.60
46.60
6.70
15.10
15.10
0.00
0.00
15.10
15.10
15.10
15.00
2.90
10.20
20.90
31.10
39.10
5.70
0.60
0.10
4.20
8.40
14.40
89.70
4.90
3.50
1.30
5.40
1.20
18.10
2.20
1.90
0.40
4.30
6.30
15.70
2.70
2.10
2.90
0.00
1.50
1.60
5.30
16.10
5.60
2.30
0.30
0.00
1.10
2.40
0.00
0.90
0.70
0.00
1.10
2.30
13.00
23.40
72.00
23.60
2.00
1.40
5.70
14.50
12.00
1.20
0.30
4.50
22.20
0.60
0.00
0.00
0.10
7.10
20.30
13.60
11.40
5.60
0.60
0.10
5.80
11.60
6.70
6.70
7.70
0.00
0.00
1.40
12.70
7.70
6.30
13.20
2.30
0.00
0.00
0.00
0.00
12.00
0.00
0.00
0.00
0.00
0.00
6.50
0.70
0.20
0.70
2.40
15.60
