20160101
0.00
0.00
0.00
0.00
0.00
0.00
0.00
0.00
80.00
0.00
0.00
0.00
2.00
0.00
0.00
0.00
0.00
0.00
0.00
53.00
0.00
0.00
0.00
0.00
0.00
1.00
0.00
0.00
0.00
0.00
0.00
0.00
0.00
0.00
0.00
0.00
0.00
0.00
0.00
0.00
0.00
44.00
0.00
0.00
0.00
0.00
0.00
0.00
0.00
0.00
2.00
7.00
0.00
1.00
98.00
0.00
17.00
0.00
0.00
0.00
0.00
0.00
0.00
14.00
0.00
0.00
0.00
0.00
165.00
3.00
23.00
0.00
0.00
0.00
0.00
0.00
0.00
0.00
21.00
21.00
16.00
0.00
0.00
0.00
0.00
0.00
20.00
686.00
222.00
167.00
187.00
6.00
1.00
143.00
167.00
412.00
221.00
121.00
155.00
18.00
2.00
283.00
58.00
246.00
521.00
407.00
586.00
433.00
432.00
812.00
218.00
659.00
317.00
1517.00
454.00
32.00
114.00
359.00
277.00
48.00
237.00
40.00
110.00
24.00
164.00
6.00
123.00
22.00
2.00
0.00
4.00
29.00
112.00
138.00
279.00
205.00
828.00
1084.00
463.00
25.00
38.00
826.00
1.00
0.00
76.00
38.00
18.00
45.00
49.00
0.00
48.00
70.00
0.00
0.00
0.00
10.00
39.00
541.00
725.00
20.00
50.00
259.00
115.00
29.00
0.00
5.00
155.00
80.00
369.00
67.00
1.00
7.00
214.00
106.00
43.00
0.00
38.00
24.00
121.00
30.00
119.00
45.00
498.00
187.00
239.00
68.00
0.00
47.00
0.00
3.00
231.00
47.00
12.00
33.00
4.00
0.00
306.00
187.00
4.00
4.00
5.00
5.00
61.00
82.00
181.00
93.00
129.00
11.00
0.00
120.00
14.00
111.00
13.00
8.00
0.00
0.00
84.00
174.00
46.00
206.00
142.00
35.00
2.00
1.00
156.00
47.00
310.00
8.00
0.00
0.00
11.00
0.00
320.00
33.00
0.00
5.00
0.00
197.00
0.00
65.00
54.00
828.00
491.00
595.00
133.00
17.00
491.00
82.00
311.00
994.00
337.00
5.00
19.00
12.00
22.00
115.00
268.00
135.00
0.00
33.00
146.00
55.00
31.00
124.00
577.00
155.00
19.00
239.00
213.00
4.00
0.00
877.00
24.00
198.00
157.00
1.00
0.00
0.00
1.00
105.00
42.00
405.00
222.00
138.00
0.00
100.00
0.00
0.00
0.00
0.00
0.00
0.00
0.00
0.00
0.00
0.00
0.00
0.00
0.00
0.00
135.00
1.00
2.00
0.00
0.00
0.00
0.00
10.00
140.00
345.00
534.00
8.00
0.00
0.00
0.00
0.00
0.00
0.00
0.00
0.00
0.00
0.00
0.00
0.00
0.00
0.00
0.00
0.00
0.00
0.00
0.00
0.00
0.00
0.00
0.00
12.00
0.00
0.00
0.00
0.00
0.00
0.00
0.00
0.00
0.00
0.00
0.00
0.00
0.00
0.00
0.00
0.00
0.00
0.00
0.00
0.00
0.00
0.00
0.00
0.00
68.00
0.00
0.00
0.00
0.00
0.00
0.00
0.00
0.00
0.00
0.00
0.00
0.00
0.00
0.00
0.00
0.00
0.00
0.00
0.00
0.00
0.00
0.00
0.00
0.00
0.00
0.00
0.00
0.00
0.00
0.00
0.00
4.00
0.00
0.00
0.00
0.00
0.00
0.00
0.00
0.00
0.00
0.00
0.00
0.00
0.00
0.00
0.00
0.00
0.00
0.00
0.00
0.00
0.00
0.00
0.00
80.00
508.00
63.00
0.00
0.00
0.00
0.00
0.00
0.00
0.00
0.00
0.00
17.00
52.00
0.00
0.00
79.00
1.00
368.00
49.00
0.00
0.00
0.00
0.00
0.00
105.00
191.00
3.00
136.00
0.00
0.00
0.00
0.00
90.00
0.00
35.00
24.00
773.00
562.00
1115.00
1112.00
771.00
772.00
395.00
14.00
0.00
85.00
63.00
236.00
44.00
0.00
0.00
0.00
0.00
224.00
4.00
0.00
33.00
395.00
133.00
155.00
51.00
0.00
31.00
1246.00
173.00
60.00
188.00
9.00
162.00
104.00
0.00
0.00
14.00
434.00
191.00
0.00
11.00
17.00
0.00
3.00
0.00
1.00
216.00
215.00
3.00
0.00
197.00
228.00
126.00
162.00
44.00
5.00
185.00
134.00
194.00
0.00
26.00
181.00
600.00
286.00
823.00
111.00
575.00
26.00
4.00
0.00
6.00
227.00
12.00
316.00
512.00
164.00
204.00
8.00
51.00
52.00
688.00
580.00
529.00
16.00
118.00
12.00
210.00
704.00
256.00
189.00
42.00
80.00
110.00
204.00
98.00
11.00
71.00
131.00
154.00
86.00
80.00
37.00
81.00
77.00
135.00
284.00
12.00
42.00
317.00
11.00
4.00
55.00
351.00
13.00
0.00
39.00
126.00
49.00
2.00
74.00
9.00
103.00
15.00
231.00
62.00
91.00
55.00
78.00
26.00
420.00
73.00
66.00
21.00
39.00
54.00
606.00
287.00
99.00
24.00
373.00
56.00
31.00
5.00
11.00
18.00
107.00
66.00
13.00
197.00
285.00
144.00
1.00
164.00
55.00
30.00
164.00
134.00
58.00
149.00
8.00
0.00
0.00
99.00
339.00
156.00
239.00
9.00
14.00
103.00
451.00
3.00
1.00
154.00
7.00
103.00
90.00
52.00
10.00
1.00
1.00
0.00
33.00
91.00
238.00
77.00
272.00
103.00
11.00
0.00
0.00
40.00
157.00
504.00
646.00
7.00
3.00
0.00
41.00
188.00
28.00
38.00
0.00
3.00
90.00
304.00
475.00
1425.00
0.00
0.00
0.00
0.00
0.00
0.00
0.00
301.00
843.00
0.00
0.00
0.00
0.00
0.00
0.00
0.00
0.00
0.00
0.00
0.00
0.00
0.00
0.00
14.00
213.00
16.00
0.00
0.00
0.00
0.00
0.00
0.00
0.00
0.00
0.00
0.00
0.00
0.00
0.00
0.00
0.00
0.00
0.00
0.00
0.00
0.00
0.00
79.00
735.00
163.00
0.00
0.00
0.00
0.00
0.00
0.00
0.00
0.00
89.00
0.00
0.00
0.00
0.00
0.00
0.00
0.00
0.00
0.00
0.00
0.00
56.00
187.00
10.00
0.00
0.00
0.00
0.00
0.00
0.00
0.00
0.00
0.00
0.00
0.00
0.00
0.00
0.00
0.00
0.00
0.00
0.00
0.00
0.00
0.00
0.00
0.00
0.00
0.00
0.00
0.00
0.00
0.00
0.00
0.00
0.00
0.00
0.00
0.00
9.00
0.00
45.00
42.00
0.00
14.00
2.00
0.00
0.00
0.00
0.00
0.00
0.00
0.00
0.00
0.00
0.00
1.00
116.00
549.00
0.00
0.00
0.00
0.00
420.00
0.00
1.00
0.00
0.00
0.00
0.00
0.00
0.00
347.00
661.00
0.00
689.00
135.00
534.00
0.00
0.00
0.00
0.00
0.00
0.00
0.00
0.00
43.00
5.00
4.00
213.00
351.00
38.00
0.00
22.00
0.00
0.00
0.00
1.00
1.00
12.00
40.00
117.00
188.00
44.00
0.00
187.00
0.00
0.00
273.00
13.00
16.00
117.00
241.00
18.00
0.00
1.00
148.00
0.00
0.00
59.00
14.00
264.00
15.00
112.00
0.00
84.00
357.00
464.00
245.00
154.00
530.00
562.00
141.00
0.00
50.00
0.00
57.00
1.00
0.00
34.00
0.00
2.00
0.00
0.00
22.00
208.00
444.00
727.00
170.00
42.00
7.00
144.00
8.00
4.00
65.00
25.00
103.00
180.00
1.00
0.00
2.00
13.00
10.00
205.00
652.00
686.00
706.00
414.00
83.00
15.00
26.00
1.00
0.00
61.00
133.00
34.00
47.00
26.00
96.00
161.00
7.00
83.00
51.00
2.00
17.00
112.00
81.00
0.00
3.00
171.00
53.00
4.00
74.00
71.00
22.00
25.00
22.00
3.00
106.00
21.00
2.00
0.00
92.00
99.00
44.00
158.00
100.00
193.00
8.00
23.00
119.00
180.00
106.00
309.00
118.00
0.00
41.00
14.00
63.00
23.00
30.00
28.00
19.00
46.00
342.00
136.00
213.00
1.00
4.00
55.00
6.00
2.00
0.00
75.00
18.00
1.00
145.00
108.00
165.00
89.00
33.00
38.00
1.00
0.00
50.00
18.00
2.00
216.00
43.00
0.00
0.00
0.00
0.00
26.00
42.00
112.00
271.00
39.00
0.00
29.00
0.00
0.00
36.00
48.00
0.00
16.00
0.00
25.00
1.00
245.00
0.00
22.00
0.00
0.00
0.00
0.00
0.00
0.00
0.00
0.00
0.00
0.00
0.00
0.00
20.00
44.00
401.00
64.00
0.00
0.00
0.00
0.00
0.00
0.00
0.00
0.00
0.00
0.00
0.00
0.00
0.00
437.00
162.00
103.00
62.00
0.00
0.00
0.00
0.00
26.00
0.00
0.00
0.00
0.00
0.00
0.00
0.00
0.00
0.00
0.00
0.00
0.00
0.00
0.00
0.00
0.00
0.00
0.00
0.00
0.00
0.00
0.00
0.00
0.00
0.00
0.00
0.00
0.00
0.00
0.00
24.00
4.00
0.00
0.00
0.00
0.00
0.00
0.00
0.00
0.00
0.00
0.00
34.00
312.00
0.00
0.00
0.00
0.00
0.00
0.00
0.00
0.00
0.00
0.00
0.00
0.00
0.00
0.00
0.00
0.00
0.00
0.00
0.00
0.00
0.00
0.00
0.00
0.00
0.00
0.00
0.00
0.00
0.00
0.00
0.00
0.00
0.00
0.00
0.00
0.00
0.00
0.00
0.00
0.00
0.00
0.00
0.00
0.00
0.00
0.00
0.00
0.00
0.00
0.00
0.00
0.00
6.00
0.00
0.00
0.00
0.00
0.00
0.00
0.00
4.00
0.00
0.00
0.00
0.00
0.00
2.70
0.00
59.70
7.90
73.80
10.40
0.00
0.00
0.00
0.00
1.80
0.00
0.00
0.00
0.00
0.00
0.00
0.00
0.00
0.00
0.50
0.00
3.20
0.30
11.40
0.00
3.10
14.30
0.00
0.00
0.00
15.90
0.40
0.00
0.00
0.00
60.40
44.10
43.90
0.00
49.60
15.00
58.60
5.40
23.30
16.10
0.00
0.00
4.00
0.00
0.00
39.50
5.00
8.10
0.00
0.00
2.80
0.00
3.50
0.00
0.00
0.00
0.00
3.70
37.70
32.30
51.70
51.70
4.70
22.80
52.60
0.00
1.30
5.10
11.00
28.10
5.40
18.70
13.00
2.50
4.70
16.70
12.30
32.30
13.90
0.00
0.00
24.10
40.30
40.30
19.50
1.50
31.90
3.60
0.00
1.40
5.00
10.20
1.20
0.00
0.10
13.60
0.00
31.80
43.90
1.60
0.90
12.00
1.50
0.00
7.10
42.70
30.80
2.50
34.30
37.50
20.00
37.50
50.20
2.20
0.00
14.90
70.50
64.20
23.50
13.40
0.00
0.00
2.80
45.20
4.10
1.00
92.30
28.60
30.70
1.10
15.40
15.40
55.80
55.80
33.70
8.00
8.00
0.00
0.10
8.00
8.00
8.00
19.30
26.00
17.20
6.70
49.90
44.60
6.70
0.70
0.20
18.70
3.00
9.10
85.30
5.30
2.90
0.60
2.00
3.20
6.40
0.00
1.60
0.00
3.20
0.60
2.40
7.60
6.70
3.50
0.00
0.00
1.40
3.60
26.00
15.70
8.70
0.00
0.00
3.50
3.50
0.00
0.80
5.00
0.40
1.10
2.50
40.00
20.90
75.70
8.30
1.70
0.00
9.70
16.30
12.40
1.60
0.00
5.00
13.50
0.10
0.00
0.00
0.00
6.60
27.90
13.80
14.60
8.00
0.10
0.10
4.80
14.10
3.50
3.50
9.50
0.00
0.40
0.20
4.00
1.80
4.50
15.30
3.00
0.00
0.00
0.00
0.00
7.30
0.00
0.00
0.00
0.00
0.00
4.30
7.20
6.10
0.30
0.30
1.30
