20160101
0.00
0.00
0.00
0.00
0.00
0.00
0.00
0.00
23.00
0.00
0.00
0.00
3.00
0.00
0.00
0.00
0.00
0.00
2.00
63.00
0.00
0.00
0.00
0.00
0.00
14.00
0.00
0.00
0.00
0.00
0.00
0.00
0.00
0.00
0.00
0.00
0.00
0.00
1.00
0.00
0.00
52.00
0.00
0.00
0.00
0.00
0.00
0.00
0.00
0.00
1.00
2.00
0.00
0.00
109.00
6.00
26.00
0.00
0.00
0.00
0.00
0.00
0.00
23.00
0.00
1.00
0.00
0.00
432.00
0.00
19.00
0.00
1.00
0.00
3.00
0.00
2.00
0.00
6.00
29.00
40.00
0.00
0.00
0.00
0.00
0.00
16.00
770.00
85.00
105.00
199.00
8.00
0.00
216.00
342.00
847.00
174.00
61.00
306.00
101.00
0.00
211.00
0.00
48.00
310.00
155.00
653.00
1094.00
568.00
946.00
172.00
1087.00
506.00
538.00
82.00
82.00
259.00
431.00
88.00
16.00
343.00
55.00
174.00
28.00
236.00
44.00
160.00
25.00
6.00
0.00
1.00
38.00
90.00
111.00
140.00
220.00
344.00
1466.00
577.00
66.00
25.00
907.00
1.00
0.00
29.00
92.00
18.00
31.00
26.00
6.00
25.00
98.00
2.00
0.00
0.00
0.00
176.00
345.00
1132.00
13.00
191.00
209.00
2.00
0.00
0.00
65.00
21.00
63.00
498.00
51.00
4.00
5.00
628.00
355.00
146.00
4.00
21.00
51.00
118.00
55.00
144.00
47.00
157.00
289.00
138.00
60.00
1.00
42.00
0.00
52.00
307.00
26.00
35.00
51.00
15.00
2.00
203.00
119.00
6.00
7.00
9.00
5.00
77.00
46.00
197.00
102.00
137.00
6.00
0.00
98.00
81.00
236.00
16.00
19.00
0.00
0.00
155.00
247.00
20.00
199.00
77.00
33.00
16.00
3.00
87.00
131.00
292.00
50.00
28.00
21.00
0.00
0.00
228.00
67.00
0.00
9.00
0.00
206.00
20.00
268.00
105.00
147.00
771.00
569.00
188.00
6.00
434.00
41.00
360.00
380.00
251.00
4.00
3.00
20.00
126.00
181.00
455.00
132.00
0.00
8.00
92.00
210.00
13.00
182.00
741.00
154.00
3.00
154.00
882.00
5.00
0.00
840.00
138.00
98.00
6.00
3.00
73.00
0.00
0.00
150.00
61.00
397.00
166.00
118.00
0.00
79.00
0.00
0.00
0.00
0.00
0.00
0.00
0.00
0.00
0.00
0.00
0.00
1.00
0.00
2.00
175.00
6.00
10.00
0.00
0.00
0.00
0.00
13.00
189.00
422.00
469.00
2.00
0.00
0.00
0.00
0.00
0.00
0.00
0.00
0.00
0.00
0.00
0.00
0.00
0.00
0.00
0.00
0.00
0.00
0.00
0.00
0.00
0.00
0.00
0.00
11.00
0.00
0.00
0.00
0.00
0.00
0.00
0.00
0.00
0.00
0.00
0.00
0.00
0.00
0.00
0.00
0.00
0.00
0.00
0.00
0.00
0.00
0.00
0.00
0.00
0.00
0.00
0.00
0.00
0.00
0.00
0.00
0.00
0.00
0.00
0.00
0.00
0.00
0.00
0.00
0.00
0.00
0.00
0.00
0.00
0.00
0.00
0.00
0.00
0.00
0.00
0.00
0.00
0.00
0.00
0.00
0.00
8.00
0.00
0.00
0.00
0.00
0.00
0.00
0.00
0.00
0.00
0.00
0.00
0.00
0.00
0.00
0.00
0.00
0.00
0.00
0.00
0.00
0.00
0.00
0.00
138.00
92.00
18.00
0.00
0.00
0.00
0.00
0.00
0.00
0.00
0.00
0.00
20.00
92.00
0.00
0.00
82.00
0.00
317.00
44.00
0.00
0.00
0.00
0.00
0.00
55.00
145.00
1.00
133.00
0.00
0.00
0.00
0.00
93.00
0.00
76.00
90.00
632.00
382.00
1147.00
582.00
840.00
632.00
328.00
65.00
0.00
24.00
211.00
274.00
29.00
0.00
0.00
0.00
0.00
303.00
6.00
0.00
5.00
316.00
379.00
156.00
47.00
19.00
50.00
836.00
270.00
17.00
132.00
46.00
132.00
154.00
0.00
1.00
32.00
681.00
223.00
0.00
18.00
78.00
1.00
10.00
0.00
27.00
331.00
245.00
17.00
1.00
325.00
160.00
116.00
405.00
114.00
0.00
222.00
131.00
227.00
4.00
23.00
194.00
492.00
189.00
1214.00
149.00
738.00
133.00
1.00
0.00
17.00
197.00
25.00
621.00
368.00
296.00
391.00
170.00
23.00
122.00
763.00
552.00
692.00
46.00
33.00
56.00
304.00
589.00
331.00
180.00
157.00
272.00
87.00
248.00
168.00
37.00
74.00
81.00
173.00
135.00
91.00
61.00
102.00
46.00
60.00
459.00
164.00
48.00
348.00
15.00
20.00
68.00
332.00
184.00
13.00
148.00
183.00
29.00
44.00
104.00
40.00
82.00
19.00
107.00
82.00
315.00
52.00
161.00
31.00
586.00
134.00
80.00
31.00
9.00
115.00
717.00
294.00
39.00
60.00
342.00
10.00
55.00
9.00
227.00
3.00
171.00
81.00
54.00
216.00
191.00
121.00
10.00
94.00
146.00
174.00
118.00
83.00
37.00
359.00
17.00
0.00
4.00
19.00
347.00
369.00
506.00
0.00
24.00
67.00
688.00
3.00
0.00
127.00
9.00
127.00
142.00
33.00
0.00
0.00
0.00
0.00
42.00
84.00
250.00
70.00
168.00
232.00
11.00
0.00
0.00
213.00
187.00
380.00
316.00
10.00
0.00
0.00
207.00
98.00
18.00
105.00
0.00
19.00
97.00
325.00
536.00
1423.00
0.00
0.00
0.00
0.00
0.00
0.00
2.00
268.00
430.00
0.00
0.00
0.00
0.00
0.00
3.00
1.00
0.00
0.00
0.00
0.00
0.00
22.00
0.00
1.00
191.00
26.00
1.00
0.00
0.00
0.00
0.00
0.00
0.00
0.00
0.00
0.00
0.00
0.00
0.00
0.00
0.00
0.00
0.00
0.00
0.00
0.00
0.00
58.00
805.00
399.00
0.00
0.00
0.00
0.00
0.00
0.00
0.00
0.00
103.00
0.00
0.00
0.00
0.00
0.00
0.00
0.00
0.00
0.00
0.00
0.00
40.00
178.00
60.00
0.00
0.00
0.00
0.00
0.00
0.00
0.00
0.00
0.00
0.00
0.00
0.00
0.00
0.00
0.00
0.00
0.00
0.00
0.00
0.00
0.00
0.00
0.00
0.00
0.00
0.00
0.00
0.00
0.00
0.00
0.00
0.00
0.00
0.00
0.00
26.00
11.00
60.00
11.00
0.00
3.00
8.00
0.00
0.00
0.00
0.00
0.00
0.00
1.00
0.00
0.00
48.00
0.00
175.00
421.00
0.00
0.00
0.00
0.00
163.00
0.00
0.00
0.00
0.00
0.00
0.00
0.00
0.00
45.00
151.00
0.00
181.00
46.00
123.00
0.00
0.00
0.00
0.00
0.00
0.00
0.00
37.00
75.00
4.00
151.00
439.00
263.00
57.00
4.00
14.00
0.00
0.00
0.00
6.00
43.00
8.00
111.00
305.00
275.00
57.00
0.00
190.00
0.00
0.00
104.00
13.00
34.00
106.00
113.00
11.00
0.00
11.00
111.00
10.00
1.00
98.00
19.00
442.00
10.00
189.00
0.00
259.00
295.00
575.00
443.00
565.00
499.00
578.00
120.00
2.00
0.00
9.00
162.00
11.00
0.00
115.00
0.00
60.00
0.00
1.00
52.00
267.00
593.00
226.00
32.00
102.00
2.00
143.00
50.00
6.00
1.00
155.00
197.00
182.00
122.00
7.00
6.00
10.00
20.00
265.00
542.00
368.00
1019.00
414.00
8.00
2.00
69.00
10.00
8.00
209.00
46.00
19.00
98.00
29.00
67.00
135.00
11.00
163.00
59.00
16.00
23.00
114.00
18.00
1.00
10.00
230.00
49.00
5.00
83.00
66.00
46.00
66.00
281.00
16.00
120.00
15.00
11.00
0.00
35.00
66.00
70.00
188.00
112.00
111.00
39.00
47.00
224.00
245.00
143.00
309.00
110.00
4.00
41.00
9.00
221.00
16.00
61.00
81.00
39.00
277.00
494.00
79.00
344.00
14.00
82.00
90.00
8.00
0.00
0.00
48.00
31.00
27.00
347.00
92.00
239.00
185.00
114.00
71.00
1.00
21.00
141.00
65.00
12.00
465.00
112.00
0.00
0.00
0.00
1.00
42.00
38.00
88.00
512.00
27.00
0.00
6.00
3.00
3.00
153.00
52.00
0.00
63.00
0.00
72.00
7.00
674.00
32.00
62.00
0.00
0.00
0.00
5.00
0.00
0.00
0.00
0.00
0.00
0.00
0.00
0.00
58.00
55.00
462.00
108.00
0.00
0.00
1.00
0.00
1.00
0.00
0.00
0.00
0.00
0.00
0.00
0.00
0.00
232.00
256.00
94.00
62.00
0.00
0.00
0.00
0.00
7.00
0.00
0.00
0.00
0.00
0.00
0.00
0.00
0.00
0.00
0.00
0.00
0.00
0.00
0.00
0.00
0.00
0.00
0.00
0.00
0.00
0.00
0.00
0.00
0.00
0.00
0.00
0.00
0.00
0.00
0.00
48.00
0.00
0.00
0.00
0.00
0.00
0.00
0.00
0.00
0.00
0.00
21.00
55.00
90.00
0.00
0.00
0.00
0.00
0.00
0.00
0.00
0.00
0.00
0.00
0.00
0.00
0.00
0.00
0.00
0.00
0.00
5.00
0.00
0.00
0.00
0.00
0.00
0.00
0.00
0.00
0.00
0.00
0.00
0.00
0.00
0.00
0.00
0.00
0.00
0.00
0.00
0.00
0.00
0.00
0.00
0.00
0.00
0.00
0.00
0.00
0.00
0.00
0.00
0.00
0.00
0.00
6.00
0.00
0.00
0.00
0.00
0.00
0.00
0.00
6.00
0.00
0.00
0.00
0.00
0.00
0.00
0.00
63.10
9.10
47.10
9.40
0.00
0.00
0.00
1.00
8.00
0.00
0.00
0.00
0.00
0.00
0.00
0.00
0.00
0.00
0.10
0.50
8.30
0.10
1.40
0.00
7.30
23.10
0.00
0.00
0.00
0.00
5.90
0.00
0.00
0.00
87.20
46.60
41.50
0.00
46.50
22.40
42.60
1.80
15.60
13.70
0.00
0.00
4.00
0.00
0.00
31.20
45.20
4.30
0.00
0.00
4.50
0.00
1.70
0.00
0.00
0.00
0.00
49.00
46.10
25.90
5.30
5.30
7.10
33.40
70.80
0.00
1.30
4.10
17.60
24.50
0.70
17.70
21.50
9.20
12.00
19.10
14.60
46.90
15.20
0.00
0.00
56.80
45.20
45.20
39.10
2.70
10.80
2.70
0.00
0.00
8.40
21.90
6.90
0.00
1.10
13.20
0.00
13.10
17.50
4.70
10.30
1.40
0.00
0.00
13.40
49.20
28.80
9.30
2.50
8.80
15.40
44.30
40.30
8.30
0.00
10.50
98.10
93.20
23.80
52.60
0.30
1.90
14.00
40.60
4.00
5.40
19.30
14.40
8.10
10.10
17.70
17.70
56.40
56.40
15.40
7.20
7.20
0.40
1.40
7.20
7.20
7.20
27.60
34.60
36.50
9.60
50.10
28.40
7.10
5.20
2.70
25.70
2.40
10.80
71.10
8.90
2.10
4.70
1.80
8.60
4.50
0.30
2.40
0.00
3.10
16.40
43.70
33.30
9.20
6.90
8.00
0.10
1.40
16.70
160.80
30.20
15.00
2.40
4.90
14.80
3.10
0.00
6.70
11.20
0.30
1.40
1.60
120.00
25.90
52.50
8.70
5.30
1.10
17.50
11.00
10.10
3.90
2.80
1.70
14.40
0.40
0.00
0.00
0.00
2.00
44.60
24.30
13.70
20.10
0.00
9.60
4.40
16.90
9.10
9.10
11.50
2.30
10.00
0.10
6.70
5.20
3.90
19.20
5.30
0.10
0.00
0.00
0.00
18.90
0.00
0.00
0.00
0.00
0.00
2.60
4.40
1.00
0.20
0.00
5.10
