20160101
0.00
0.00
0.00
0.00
0.00
0.00
0.00
0.00
0.00
0.00
0.00
0.00
15.00
0.00
0.00
0.00
0.00
0.00
104.00
61.00
0.00
0.00
0.00
0.00
0.00
0.00
4.00
0.00
0.00
0.00
0.00
0.00
0.00
0.00
0.00
0.00
0.00
3.00
25.00
0.00
0.00
0.00
0.00
0.00
0.00
0.00
0.00
0.00
0.00
2.00
3.00
0.00
0.00
0.00
2.00
0.00
7.00
1.00
0.00
0.00
0.00
0.00
0.00
0.00
0.00
285.00
0.00
0.00
0.00
0.00
0.00
0.00
3.00
11.00
0.00
0.00
0.00
0.00
0.00
0.00
0.00
0.00
0.00
0.00
0.00
0.00
0.00
13.00
39.00
155.00
95.00
6.00
0.00
91.00
3.00
3.00
0.00
0.00
0.00
0.00
0.00
0.00
0.00
0.00
29.00
0.00
502.00
0.00
0.00
0.00
0.00
0.00
0.00
0.00
0.00
0.00
0.00
1.00
0.00
0.00
0.00
26.00
3.00
148.00
1.00
6.00
0.00
156.00
31.00
12.00
263.00
10.00
551.00
70.00
50.00
312.00
41.00
3.00
154.00
10.00
47.00
19.00
0.00
6.00
58.00
20.00
0.00
137.00
95.00
22.00
4.00
127.00
4.00
0.00
0.00
0.00
95.00
11.00
146.00
0.00
1.00
0.00
179.00
275.00
8.00
210.00
48.00
169.00
27.00
1.00
155.00
73.00
22.00
99.00
43.00
17.00
29.00
105.00
42.00
6.00
31.00
6.00
21.00
267.00
53.00
36.00
254.00
77.00
32.00
246.00
77.00
30.00
4.00
6.00
32.00
27.00
76.00
226.00
250.00
102.00
153.00
140.00
28.00
55.00
53.00
100.00
225.00
24.00
1.00
54.00
77.00
34.00
80.00
371.00
55.00
106.00
178.00
69.00
1.00
18.00
8.00
2.00
140.00
16.00
1.00
101.00
299.00
187.00
168.00
51.00
31.00
1.00
78.00
115.00
3.00
2.00
1.00
873.00
3.00
5.00
16.00
5.00
56.00
5.00
35.00
966.00
48.00
20.00
8.00
8.00
4.00
1.00
0.00
34.00
3.00
210.00
333.00
1.00
5.00
16.00
147.00
99.00
216.00
277.00
70.00
1.00
45.00
38.00
298.00
583.00
0.00
1.00
30.00
5.00
16.00
8.00
0.00
0.00
0.00
0.00
26.00
59.00
42.00
146.00
20.00
27.00
0.00
0.00
0.00
0.00
0.00
0.00
0.00
0.00
0.00
0.00
0.00
14.00
0.00
0.00
122.00
0.00
0.00
39.00
0.00
0.00
0.00
8.00
208.00
349.00
0.00
0.00
0.00
0.00
0.00
0.00
0.00
0.00
0.00
0.00
0.00
0.00
0.00
0.00
0.00
0.00
0.00
0.00
0.00
0.00
0.00
0.00
0.00
0.00
0.00
17.00
0.00
0.00
0.00
0.00
0.00
0.00
0.00
0.00
0.00
0.00
0.00
0.00
0.00
0.00
0.00
0.00
0.00
0.00
0.00
0.00
0.00
0.00
0.00
0.00
0.00
0.00
0.00
0.00
0.00
0.00
0.00
0.00
0.00
0.00
0.00
0.00
0.00
0.00
1.00
11.00
0.00
0.00
0.00
0.00
0.00
0.00
0.00
0.00
0.00
0.00
0.00
0.00
0.00
0.00
0.00
0.00
5.00
0.00
0.00
0.00
0.00
0.00
0.00
0.00
0.00
0.00
0.00
0.00
0.00
0.00
0.00
0.00
0.00
0.00
0.00
0.00
0.00
0.00
0.00
0.00
0.00
0.00
15.00
0.00
0.00
0.00
0.00
0.00
0.00
0.00
0.00
0.00
66.00
8.00
0.00
0.00
24.00
0.00
144.00
1.00
0.00
0.00
0.00
0.00
0.00
93.00
12.00
69.00
313.00
0.00
0.00
0.00
0.00
92.00
0.00
0.00
166.00
213.00
34.00
0.00
231.00
173.00
69.00
0.00
6.00
0.00
29.00
21.00
0.00
0.00
0.00
0.00
0.00
0.00
135.00
54.00
0.00
38.00
635.00
13.00
175.00
888.00
1.00
219.00
352.00
0.00
0.00
0.00
73.00
420.00
245.00
0.00
0.00
4.00
119.00
30.00
0.00
0.00
73.00
1.00
420.00
2.00
88.00
262.00
578.00
28.00
334.00
1.00
30.00
0.00
0.00
0.00
0.00
0.00
2.00
308.00
0.00
1.00
114.00
69.00
20.00
98.00
217.00
80.00
0.00
57.00
0.00
4.00
160.00
0.00
25.00
45.00
705.00
13.00
73.00
53.00
225.00
220.00
988.00
343.00
1.00
19.00
28.00
114.00
8.00
1.00
6.00
8.00
24.00
48.00
95.00
55.00
54.00
502.00
229.00
205.00
6.00
49.00
22.00
62.00
70.00
88.00
224.00
41.00
7.00
17.00
24.00
71.00
136.00
128.00
17.00
185.00
69.00
64.00
557.00
30.00
230.00
12.00
33.00
121.00
23.00
14.00
132.00
100.00
117.00
263.00
140.00
5.00
5.00
36.00
23.00
449.00
777.00
244.00
124.00
80.00
41.00
27.00
158.00
31.00
33.00
24.00
176.00
240.00
40.00
11.00
31.00
872.00
175.00
44.00
114.00
239.00
57.00
171.00
159.00
24.00
1.00
89.00
4.00
30.00
19.00
245.00
565.00
35.00
0.00
45.00
20.00
1.00
2.00
101.00
138.00
44.00
85.00
38.00
5.00
0.00
13.00
4.00
7.00
117.00
157.00
161.00
152.00
128.00
64.00
0.00
0.00
0.00
71.00
33.00
1.00
6.00
0.00
0.00
12.00
0.00
42.00
0.00
0.00
0.00
1.00
10.00
1110.00
263.00
0.00
0.00
0.00
0.00
0.00
0.00
0.00
0.00
2.00
0.00
0.00
0.00
0.00
0.00
0.00
0.00
0.00
0.00
0.00
0.00
0.00
5.00
0.00
3.00
298.00
107.00
4.00
0.00
0.00
0.00
0.00
0.00
0.00
0.00
0.00
0.00
0.00
0.00
0.00
0.00
0.00
0.00
0.00
0.00
0.00
0.00
0.00
4.00
45.00
0.00
0.00
0.00
0.00
0.00
0.00
0.00
0.00
0.00
16.00
0.00
0.00
0.00
0.00
0.00
0.00
0.00
0.00
0.00
0.00
0.00
0.00
17.00
0.00
0.00
0.00
0.00
0.00
0.00
0.00
0.00
0.00
0.00
0.00
0.00
0.00
0.00
0.00
0.00
0.00
0.00
0.00
0.00
0.00
0.00
0.00
0.00
0.00
0.00
0.00
0.00
0.00
0.00
0.00
0.00
0.00
0.00
20.00
0.00
1240.00
336.00
378.00
80.00
45.00
7.00
851.00
477.00
0.00
0.00
0.00
0.00
0.00
0.00
0.00
0.00
0.00
0.00
316.00
237.00
0.00
0.00
0.00
0.00
0.00
0.00
139.00
0.00
0.00
0.00
0.00
0.00
0.00
0.00
0.00
0.00
20.00
41.00
0.00
0.00
0.00
0.00
0.00
39.00
27.00
4.00
69.00
68.00
0.00
115.00
3.00
429.00
363.00
0.00
10.00
0.00
0.00
119.00
102.00
113.00
2.00
1.00
0.00
57.00
8.00
0.00
23.00
0.00
2.00
12.00
38.00
0.00
13.00
85.00
0.00
0.00
0.00
370.00
134.00
0.00
177.00
324.00
161.00
0.00
237.00
0.00
40.00
639.00
383.00
29.00
80.00
317.00
19.00
17.00
0.00
3.00
0.00
34.00
40.00
0.00
0.00
0.00
71.00
66.00
426.00
82.00
68.00
80.00
0.00
0.00
61.00
1.00
52.00
131.00
40.00
14.00
54.00
0.00
0.00
4.00
31.00
46.00
247.00
4.00
27.00
58.00
0.00
248.00
1.00
0.00
179.00
56.00
96.00
0.00
0.00
1.00
10.00
196.00
3.00
51.00
14.00
10.00
0.00
18.00
141.00
285.00
160.00
63.00
1.00
10.00
17.00
2.00
8.00
12.00
3.00
62.00
30.00
80.00
52.00
22.00
7.00
2.00
1.00
200.00
33.00
44.00
112.00
416.00
79.00
1.00
91.00
21.00
63.00
262.00
173.00
173.00
58.00
29.00
25.00
50.00
388.00
31.00
18.00
47.00
28.00
22.00
97.00
89.00
66.00
300.00
56.00
3.00
4.00
129.00
54.00
46.00
5.00
343.00
207.00
90.00
66.00
24.00
6.00
7.00
0.00
67.00
8.00
196.00
56.00
58.00
28.00
1.00
0.00
16.00
18.00
3.00
165.00
346.00
567.00
42.00
1.00
2.00
0.00
6.00
280.00
177.00
30.00
1.00
7.00
16.00
10.00
11.00
1.00
0.00
0.00
0.00
0.00
0.00
1.00
0.00
0.00
5.00
0.00
0.00
0.00
2.00
391.00
137.00
4.00
0.00
0.00
0.00
0.00
0.00
0.00
0.00
0.00
0.00
0.00
0.00
0.00
0.00
5.00
18.00
4.00
0.00
0.00
0.00
0.00
0.00
0.00
2.00
0.00
0.00
0.00
0.00
0.00
0.00
0.00
0.00
0.00
0.00
0.00
0.00
0.00
0.00
0.00
0.00
0.00
0.00
0.00
0.00
0.00
0.00
0.00
0.00
0.00
0.00
0.00
0.00
0.00
1.00
0.00
0.00
0.00
0.00
0.00
0.00
0.00
0.00
0.00
0.00
2.00
88.00
60.00
0.00
0.00
0.00
0.00
0.00
0.00
0.00
0.00
0.00
0.00
0.00
0.00
0.00
0.00
0.00
0.00
0.00
0.00
0.00
0.00
0.00
0.00
0.00
0.00
0.00
0.00
0.00
0.00
0.00
0.00
0.00
0.00
0.00
0.00
0.00
0.00
0.00
0.00
1.00
1.00
0.00
0.00
0.00
0.00
0.00
0.00
0.00
0.00
0.00
0.00
0.00
1.00
0.00
0.00
0.00
0.00
0.00
0.00
1.00
1.00
4.00
0.00
0.00
0.00
0.00
0.00
0.00
0.70
19.10
1.40
27.50
0.90
0.00
0.00
0.00
0.50
0.10
0.00
0.00
0.00
0.00
0.00
0.00
0.00
0.00
0.10
1.50
0.00
6.70
0.50
0.10
0.00
0.00
0.00
0.00
0.00
0.00
11.60
5.00
0.00
12.90
4.10
89.50
0.40
32.30
0.00
73.30
0.90
64.40
0.00
7.40
19.50
0.00
6.90
0.00
26.20
0.00
0.00
3.20
0.00
0.00
0.00
0.00
6.40
0.00
0.00
0.00
0.00
0.00
0.00
0.00
0.80
0.10
0.10
0.00
46.70
16.70
0.00
0.00
0.00
0.00
0.00
0.00
0.00
0.00
20.00
0.10
19.30
0.00
39.10
6.70
0.00
0.00
0.00
30.60
30.60
43.40
4.00
0.00
4.40
6.00
0.00
5.80
22.80
14.80
32.00
1.40
0.00
0.20
0.00
0.00
0.00
0.00
0.00
0.00
4.20
0.90
2.40
24.60
0.00
41.40
0.00
1.40
2.50
10.50
0.00
0.00
0.00
17.20
21.90
13.70
3.70
2.60
64.40
2.80
0.60
0.00
0.10
6.10
3.20
10.30
11.60
50.30
50.30
37.80
37.80
60.60
0.30
0.30
2.60
0.70
0.30
0.30
0.30
5.40
6.20
22.40
25.70
6.40
34.00
2.80
1.40
1.90
2.50
7.90
1.50
8.80
3.50
3.40
12.70
2.30
2.40
18.30
10.00
2.50
2.60
30.10
3.40
4.40
16.20
38.80
1.90
0.40
0.20
1.20
2.70
45.70
21.30
2.10
0.70
0.70
0.50
4.80
0.60
3.10
10.90
26.60
24.50
13.30
8.70
4.70
2.30
10.00
0.20
8.10
6.40
0.70
11.40
29.80
0.60
8.70
10.70
7.30
1.80
0.00
0.20
0.10
13.80
1.20
17.40
67.30
1.90
2.00
13.30
10.50
36.10
36.10
0.00
0.00
0.00
9.00
1.80
4.30
28.70
19.10
0.00
0.00
0.00
0.00
0.00
0.00
0.10
0.00
0.00
0.00
0.00
1.70
0.10
0.00
0.50
8.00
72.20
