20160101
0.00
0.00
0.00
0.00
0.00
0.00
0.00
0.00
28.00
0.00
0.00
0.00
0.00
0.00
0.00
0.00
0.00
1.00
3.00
33.00
0.00
0.00
0.00
0.00
0.00
0.00
0.00
0.00
0.00
0.00
0.00
0.00
0.00
0.00
0.00
0.00
0.00
0.00
0.00
0.00
0.00
0.00
0.00
0.00
0.00
0.00
0.00
0.00
0.00
0.00
1.00
43.00
7.00
58.00
231.00
0.00
20.00
0.00
0.00
0.00
0.00
0.00
0.00
188.00
0.00
11.00
0.00
1.00
0.00
0.00
58.00
0.00
0.00
0.00
5.00
0.00
0.00
0.00
11.00
0.00
37.00
0.00
0.00
0.00
0.00
0.00
0.00
699.00
34.00
11.00
526.00
13.00
0.00
794.00
387.00
861.00
255.00
0.00
77.00
6.00
28.00
0.00
0.00
46.00
68.00
259.00
568.00
1205.00
9.00
454.00
159.00
1261.00
542.00
48.00
14.00
318.00
329.00
132.00
10.00
0.00
365.00
56.00
135.00
105.00
247.00
37.00
76.00
22.00
3.00
0.00
40.00
48.00
282.00
74.00
580.00
118.00
42.00
1524.00
152.00
36.00
89.00
846.00
1.00
0.00
7.00
310.00
65.00
20.00
31.00
74.00
125.00
167.00
0.00
0.00
17.00
13.00
1.00
10.00
236.00
15.00
111.00
67.00
26.00
28.00
98.00
26.00
57.00
198.00
950.00
40.00
27.00
5.00
64.00
243.00
210.00
25.00
11.00
65.00
104.00
18.00
213.00
42.00
193.00
513.00
89.00
64.00
6.00
42.00
7.00
74.00
265.00
23.00
62.00
23.00
3.00
50.00
499.00
29.00
0.00
21.00
81.00
23.00
5.00
89.00
126.00
99.00
107.00
15.00
3.00
97.00
232.00
120.00
17.00
24.00
5.00
14.00
231.00
193.00
56.00
153.00
182.00
186.00
24.00
40.00
45.00
40.00
163.00
820.00
11.00
599.00
78.00
0.00
361.00
31.00
0.00
7.00
0.00
319.00
61.00
207.00
83.00
228.00
541.00
295.00
110.00
9.00
311.00
95.00
256.00
116.00
76.00
77.00
54.00
12.00
67.00
506.00
1017.00
258.00
0.00
23.00
21.00
67.00
57.00
87.00
1038.00
150.00
34.00
90.00
139.00
2.00
0.00
338.00
8.00
27.00
12.00
0.00
0.00
2.00
5.00
1.00
43.00
73.00
41.00
29.00
52.00
133.00
3.00
0.00
0.00
0.00
0.00
0.00
0.00
0.00
0.00
0.00
0.00
0.00
0.00
1.00
42.00
34.00
10.00
0.00
0.00
0.00
0.00
14.00
150.00
350.00
367.00
0.00
0.00
0.00
0.00
0.00
0.00
0.00
0.00
0.00
0.00
0.00
0.00
0.00
0.00
0.00
0.00
0.00
0.00
0.00
0.00
0.00
0.00
0.00
0.00
1.00
0.00
0.00
0.00
0.00
0.00
0.00
0.00
0.00
0.00
0.00
0.00
0.00
0.00
0.00
0.00
0.00
0.00
0.00
0.00
0.00
0.00
0.00
0.00
0.00
0.00
0.00
0.00
0.00
0.00
0.00
0.00
0.00
0.00
0.00
0.00
0.00
0.00
0.00
0.00
0.00
0.00
0.00
0.00
0.00
0.00
0.00
0.00
0.00
0.00
0.00
0.00
0.00
0.00
0.00
0.00
0.00
4.00
0.00
0.00
0.00
0.00
0.00
0.00
0.00
0.00
0.00
0.00
0.00
0.00
0.00
0.00
0.00
0.00
0.00
0.00
0.00
0.00
0.00
0.00
0.00
17.00
0.00
0.00
0.00
0.00
0.00
0.00
0.00
0.00
0.00
0.00
0.00
2.00
92.00
3.00
0.00
61.00
0.00
465.00
30.00
0.00
0.00
0.00
0.00
0.00
44.00
71.00
1.00
78.00
0.00
0.00
0.00
0.00
139.00
3.00
0.00
83.00
620.00
781.00
1014.00
341.00
270.00
193.00
571.00
341.00
1.00
0.00
0.00
50.00
0.00
0.00
0.00
0.00
0.00
228.00
24.00
0.00
5.00
431.00
631.00
257.00
303.00
30.00
249.00
123.00
1.00
15.00
208.00
3.00
47.00
195.00
0.00
0.00
39.00
183.00
129.00
0.00
0.00
84.00
0.00
10.00
0.00
87.00
424.00
336.00
2.00
35.00
41.00
126.00
58.00
53.00
12.00
0.00
71.00
6.00
95.00
1.00
2.00
154.00
431.00
373.00
1239.00
31.00
481.00
282.00
34.00
0.00
1.00
81.00
3.00
469.00
348.00
310.00
28.00
267.00
0.00
51.00
368.00
645.00
675.00
1.00
8.00
45.00
312.00
462.00
805.00
273.00
173.00
375.00
54.00
116.00
348.00
12.00
63.00
29.00
191.00
43.00
192.00
21.00
118.00
23.00
62.00
923.00
273.00
32.00
541.00
12.00
17.00
20.00
121.00
125.00
100.00
223.00
178.00
219.00
101.00
69.00
39.00
19.00
21.00
52.00
134.00
270.00
44.00
210.00
78.00
142.00
54.00
25.00
25.00
0.00
80.00
554.00
230.00
36.00
83.00
49.00
27.00
177.00
8.00
174.00
28.00
222.00
42.00
471.00
202.00
161.00
208.00
249.00
263.00
110.00
267.00
82.00
24.00
10.00
55.00
143.00
5.00
73.00
145.00
56.00
87.00
166.00
193.00
3.00
55.00
93.00
3.00
1.00
209.00
25.00
390.00
38.00
98.00
0.00
0.00
0.00
0.00
13.00
189.00
175.00
14.00
106.00
14.00
8.00
0.00
1.00
126.00
111.00
30.00
36.00
1.00
5.00
0.00
339.00
41.00
0.00
36.00
0.00
87.00
248.00
265.00
607.00
1768.00
0.00
0.00
0.00
0.00
0.00
0.00
0.00
227.00
484.00
0.00
0.00
0.00
0.00
0.00
1.00
0.00
0.00
0.00
0.00
0.00
1.00
26.00
5.00
4.00
150.00
37.00
3.00
0.00
0.00
0.00
0.00
0.00
0.00
0.00
0.00
0.00
0.00
0.00
0.00
0.00
0.00
0.00
0.00
0.00
0.00
0.00
0.00
263.00
255.00
282.00
7.00
0.00
0.00
0.00
0.00
0.00
0.00
0.00
59.00
0.00
0.00
0.00
1.00
0.00
0.00
0.00
0.00
0.00
0.00
0.00
113.00
211.00
129.00
0.00
0.00
0.00
0.00
0.00
0.00
0.00
0.00
0.00
0.00
0.00
0.00
0.00
0.00
0.00
0.00
0.00
0.00
0.00
0.00
0.00
0.00
0.00
0.00
0.00
0.00
0.00
0.00
0.00
0.00
0.00
0.00
0.00
0.00
0.00
69.00
30.00
60.00
11.00
4.00
0.00
6.00
0.00
0.00
0.00
0.00
0.00
0.00
0.00
0.00
0.00
128.00
0.00
204.00
429.00
0.00
0.00
0.00
0.00
0.00
0.00
0.00
0.00
0.00
0.00
0.00
0.00
0.00
0.00
79.00
0.00
42.00
109.00
63.00
0.00
0.00
0.00
0.00
0.00
2.00
0.00
27.00
146.00
1.00
344.00
667.00
368.00
13.00
0.00
24.00
0.00
0.00
64.00
30.00
9.00
13.00
31.00
23.00
59.00
120.00
1.00
211.00
0.00
0.00
110.00
120.00
0.00
33.00
294.00
87.00
0.00
5.00
65.00
8.00
8.00
259.00
23.00
490.00
2.00
370.00
133.00
228.00
367.00
922.00
595.00
452.00
468.00
293.00
115.00
0.00
24.00
98.00
282.00
49.00
0.00
112.00
49.00
0.00
26.00
8.00
73.00
93.00
112.00
51.00
44.00
57.00
4.00
205.00
178.00
79.00
23.00
71.00
108.00
234.00
284.00
0.00
45.00
69.00
62.00
572.00
200.00
35.00
516.00
393.00
12.00
33.00
23.00
16.00
1.00
65.00
190.00
9.00
78.00
26.00
71.00
103.00
33.00
65.00
25.00
0.00
9.00
45.00
0.00
0.00
45.00
147.00
40.00
48.00
149.00
27.00
152.00
2.00
67.00
34.00
51.00
133.00
10.00
11.00
38.00
111.00
72.00
108.00
276.00
125.00
73.00
28.00
141.00
211.00
151.00
450.00
42.00
5.00
8.00
104.00
680.00
10.00
137.00
112.00
93.00
88.00
165.00
257.00
820.00
132.00
101.00
349.00
15.00
1.00
0.00
78.00
91.00
2.00
214.00
25.00
234.00
188.00
216.00
17.00
13.00
108.00
21.00
121.00
1.00
161.00
211.00
7.00
13.00
4.00
6.00
329.00
51.00
1.00
5.00
12.00
0.00
8.00
50.00
16.00
134.00
137.00
21.00
140.00
0.00
19.00
6.00
15.00
56.00
154.00
0.00
0.00
1.00
7.00
0.00
0.00
0.00
0.00
22.00
0.00
0.00
10.00
140.00
231.00
143.00
16.00
0.00
0.00
0.00
0.00
0.00
0.00
0.00
0.00
0.00
0.00
0.00
0.00
0.00
1348.00
270.00
125.00
82.00
6.00
0.00
0.00
0.00
9.00
0.00
0.00
0.00
0.00
0.00
0.00
0.00
4.00
0.00
0.00
0.00
0.00
0.00
0.00
0.00
0.00
0.00
0.00
0.00
0.00
0.00
0.00
0.00
0.00
0.00
0.00
0.00
0.00
0.00
0.00
1.00
0.00
0.00
0.00
0.00
0.00
0.00
0.00
0.00
0.00
0.00
24.00
59.00
14.00
0.00
0.00
0.00
0.00
0.00
0.00
0.00
0.00
0.00
0.00
0.00
0.00
0.00
0.00
0.00
0.00
0.00
0.00
0.00
0.00
0.00
0.00
0.00
0.00
0.00
0.00
0.00
0.00
0.00
0.00
0.00
0.00
0.00
0.00
0.00
0.00
0.00
0.00
0.00
0.00
0.00
0.00
0.00
0.00
0.00
0.00
0.00
0.00
0.00
0.00
0.00
0.00
0.00
0.00
0.00
0.00
0.00
0.00
0.00
0.00
4.00
0.00
0.00
0.00
0.00
0.00
0.00
1.40
59.10
13.50
35.80
15.90
0.00
0.00
0.00
15.60
16.10
11.50
0.00
0.00
0.00
0.00
0.00
0.00
0.00
0.00
1.10
0.00
45.20
1.00
0.00
5.10
0.00
47.20
0.00
0.00
0.00
8.00
16.50
0.00
0.00
0.00
103.40
17.40
145.50
1.50
60.60
10.80
7.70
0.00
22.10
11.90
0.00
0.00
3.50
0.00
0.00
2.90
7.90
0.10
0.00
0.00
4.50
0.00
0.10
0.00
0.00
0.00
0.00
51.10
24.60
6.80
0.50
0.50
5.00
26.80
47.60
0.00
0.00
0.00
13.70
0.60
0.00
4.80
2.50
28.60
2.80
20.90
29.10
54.30
7.50
0.00
0.00
0.10
20.00
20.00
89.00
0.80
6.60
3.40
0.00
0.00
0.30
34.90
21.80
0.00
0.10
36.40
0.40
0.80
7.90
6.90
0.40
13.80
0.00
3.60
20.90
216.80
3.00
0.50
0.00
1.60
56.80
9.80
8.70
0.90
1.50
0.10
36.50
62.10
8.90
21.60
4.20
8.80
24.00
13.70
30.70
33.40
12.90
17.20
1.90
137.20
34.00
34.00
22.20
22.20
13.30
14.80
14.80
0.20
0.00
14.80
14.80
14.80
6.30
10.00
20.80
19.60
87.80
24.90
4.90
4.10
1.80
18.70
6.20
7.80
55.10
20.80
19.60
0.50
1.20
17.70
2.20
1.60
0.50
0.00
11.10
21.40
6.50
8.90
15.40
2.10
5.10
0.00
2.40
11.50
21.20
15.10
38.70
3.20
3.80
15.10
1.20
0.10
7.20
3.90
2.20
0.20
7.50
40.80
24.50
27.50
17.20
2.20
0.60
7.70
5.30
5.80
5.30
7.80
2.30
19.10
0.30
0.00
0.00
0.00
7.60
21.30
15.20
19.90
16.30
0.30
9.20
0.20
18.50
7.80
7.80
1.80
0.00
1.20
0.00
37.40
6.30
3.50
51.30
13.20
0.00
0.00
0.00
0.00
8.10
0.30
0.00
0.00
0.00
0.00
4.30
7.20
6.10
0.30
0.30
1.30
