20160101
0.00
0.00
0.00
0.00
0.00
0.00
0.00
0.00
0.00
0.00
0.00
0.00
0.00
0.00
0.00
0.00
0.00
0.00
21.00
72.00
0.00
0.00
0.00
0.00
0.00
4.00
0.00
0.00
0.00
0.00
0.00
0.00
0.00
0.00
0.00
0.00
0.00
0.00
7.00
0.00
0.00
143.00
0.00
0.00
0.00
0.00
0.00
0.00
0.00
2.00
17.00
0.00
0.00
0.00
1.00
0.00
10.00
2.00
0.00
0.00
0.00
0.00
0.00
0.00
0.00
23.00
0.00
0.00
0.00
0.00
0.00
0.00
4.00
0.00
0.00
0.00
0.00
0.00
0.00
0.00
1.00
0.00
0.00
0.00
0.00
0.00
7.00
41.00
11.00
65.00
466.00
0.00
0.00
272.00
4.00
1.00
0.00
0.00
0.00
0.00
0.00
0.00
0.00
0.00
277.00
0.00
38.00
217.00
6.00
0.00
8.00
0.00
0.00
0.00
0.00
0.00
26.00
209.00
3.00
0.00
0.00
12.00
0.00
66.00
1.00
128.00
3.00
319.00
7.00
21.00
41.00
14.00
944.00
465.00
204.00
82.00
162.00
83.00
95.00
44.00
52.00
325.00
0.00
0.00
46.00
294.00
1.00
31.00
2.00
24.00
88.00
69.00
0.00
14.00
0.00
0.00
0.00
11.00
719.00
0.00
36.00
1.00
274.00
67.00
2.00
306.00
132.00
338.00
298.00
56.00
322.00
298.00
157.00
274.00
423.00
208.00
44.00
149.00
62.00
87.00
236.00
152.00
83.00
70.00
138.00
163.00
124.00
21.00
150.00
749.00
361.00
56.00
106.00
129.00
291.00
226.00
145.00
163.00
301.00
99.00
210.00
425.00
152.00
249.00
98.00
444.00
290.00
57.00
36.00
50.00
190.00
39.00
77.00
284.00
137.00
389.00
547.00
221.00
21.00
79.00
65.00
34.00
237.00
40.00
39.00
706.00
350.00
553.00
70.00
90.00
51.00
2.00
91.00
43.00
6.00
22.00
3.00
497.00
32.00
11.00
194.00
154.00
638.00
228.00
432.00
748.00
288.00
102.00
53.00
123.00
72.00
41.00
5.00
360.00
151.00
265.00
372.00
52.00
12.00
130.00
115.00
50.00
286.00
913.00
17.00
1.00
184.00
38.00
403.00
232.00
12.00
12.00
2.00
6.00
7.00
13.00
0.00
2.00
43.00
13.00
6.00
7.00
61.00
80.00
124.00
16.00
0.00
0.00
0.00
0.00
0.00
0.00
0.00
0.00
0.00
0.00
0.00
4.00
0.00
6.00
93.00
0.00
0.00
0.00
0.00
0.00
0.00
0.00
24.00
173.00
0.00
0.00
0.00
0.00
0.00
0.00
0.00
0.00
0.00
0.00
0.00
0.00
0.00
0.00
0.00
0.00
0.00
0.00
0.00
0.00
0.00
0.00
0.00
0.00
0.00
78.00
0.00
0.00
0.00
0.00
0.00
0.00
0.00
0.00
0.00
0.00
0.00
0.00
0.00
0.00
0.00
0.00
0.00
0.00
0.00
0.00
2.00
0.00
0.00
0.00
44.00
0.00
0.00
0.00
0.00
0.00
0.00
0.00
0.00
0.00
0.00
0.00
0.00
0.00
0.00
14.00
0.00
0.00
0.00
0.00
0.00
0.00
0.00
0.00
0.00
0.00
0.00
0.00
0.00
0.00
0.00
0.00
7.00
0.00
0.00
0.00
0.00
0.00
0.00
0.00
0.00
0.00
0.00
0.00
0.00
0.00
0.00
0.00
0.00
0.00
0.00
0.00
0.00
0.00
0.00
0.00
0.00
0.00
4.00
0.00
0.00
0.00
0.00
0.00
0.00
0.00
0.00
0.00
112.00
3.00
0.00
0.00
37.00
0.00
126.00
2.00
0.00
0.00
0.00
0.00
0.00
118.00
4.00
36.00
138.00
0.00
0.00
0.00
178.00
167.00
0.00
29.00
241.00
406.00
71.00
86.00
22.00
171.00
59.00
22.00
153.00
4.00
0.00
25.00
0.00
0.00
0.00
0.00
0.00
0.00
434.00
260.00
0.00
1.00
509.00
438.00
51.00
556.00
0.00
300.00
300.00
9.00
0.00
3.00
0.00
72.00
191.00
0.00
87.00
89.00
85.00
170.00
1.00
0.00
141.00
5.00
53.00
2.00
35.00
938.00
751.00
1.00
34.00
91.00
365.00
122.00
0.00
217.00
1.00
156.00
162.00
142.00
1.00
13.00
199.00
127.00
291.00
542.00
567.00
309.00
10.00
0.00
0.00
2.00
13.00
0.00
104.00
57.00
1421.00
100.00
112.00
49.00
196.00
188.00
620.00
1369.00
44.00
58.00
243.00
122.00
306.00
23.00
17.00
28.00
225.00
25.00
600.00
169.00
270.00
391.00
186.00
85.00
48.00
96.00
47.00
114.00
57.00
272.00
196.00
202.00
72.00
458.00
66.00
45.00
156.00
73.00
17.00
88.00
616.00
56.00
97.00
229.00
73.00
63.00
102.00
88.00
150.00
164.00
503.00
333.00
239.00
363.00
343.00
195.00
38.00
101.00
72.00
481.00
822.00
1183.00
295.00
322.00
165.00
11.00
318.00
143.00
259.00
142.00
750.00
299.00
513.00
279.00
317.00
1160.00
673.00
54.00
192.00
299.00
391.00
185.00
250.00
154.00
94.00
46.00
54.00
99.00
240.00
1068.00
763.00
9.00
1.00
162.00
185.00
10.00
24.00
400.00
280.00
321.00
165.00
57.00
54.00
93.00
18.00
35.00
14.00
241.00
232.00
240.00
373.00
107.00
3.00
0.00
17.00
0.00
28.00
2.00
0.00
8.00
0.00
1.00
18.00
29.00
606.00
4.00
1.00
0.00
0.00
13.00
779.00
1350.00
0.00
0.00
0.00
0.00
0.00
0.00
0.00
3.00
21.00
0.00
0.00
0.00
0.00
0.00
0.00
3.00
0.00
0.00
0.00
0.00
0.00
4.00
0.00
9.00
335.00
132.00
12.00
2.00
1.00
0.00
0.00
0.00
0.00
0.00
0.00
0.00
0.00
0.00
0.00
0.00
0.00
0.00
0.00
0.00
0.00
0.00
0.00
27.00
107.00
84.00
0.00
0.00
0.00
0.00
0.00
0.00
0.00
0.00
12.00
13.00
2.00
0.00
0.00
0.00
0.00
0.00
0.00
0.00
0.00
0.00
0.00
69.00
1.00
0.00
0.00
0.00
0.00
0.00
0.00
0.00
0.00
0.00
0.00
0.00
0.00
0.00
0.00
0.00
0.00
0.00
0.00
0.00
0.00
0.00
0.00
0.00
0.00
0.00
0.00
0.00
0.00
0.00
0.00
0.00
0.00
0.00
0.00
0.00
885.00
303.00
284.00
37.00
16.00
72.00
547.00
319.00
0.00
0.00
0.00
0.00
0.00
0.00
0.00
0.00
0.00
0.00
484.00
28.00
0.00
0.00
0.00
0.00
0.00
0.00
0.00
0.00
0.00
0.00
0.00
0.00
0.00
0.00
0.00
0.00
0.00
121.00
0.00
0.00
0.00
0.00
0.00
0.00
0.00
1.00
47.00
0.00
0.00
18.00
143.00
292.00
581.00
0.00
7.00
0.00
0.00
98.00
16.00
39.00
54.00
4.00
0.00
81.00
0.00
0.00
142.00
0.00
34.00
227.00
5.00
63.00
58.00
96.00
0.00
0.00
117.00
31.00
24.00
1.00
98.00
160.00
312.00
2.00
34.00
0.00
160.00
364.00
997.00
146.00
85.00
107.00
99.00
30.00
0.00
3.00
0.00
494.00
2.00
0.00
0.00
0.00
5.00
189.00
449.00
147.00
101.00
536.00
53.00
0.00
184.00
3.00
151.00
38.00
106.00
0.00
12.00
0.00
2.00
246.00
38.00
5.00
148.00
17.00
93.00
109.00
214.00
232.00
20.00
26.00
7.00
98.00
89.00
4.00
24.00
3.00
141.00
489.00
148.00
64.00
54.00
27.00
12.00
102.00
300.00
102.00
31.00
165.00
72.00
47.00
59.00
59.00
55.00
46.00
38.00
200.00
220.00
186.00
130.00
61.00
81.00
21.00
37.00
265.00
69.00
30.00
388.00
312.00
250.00
40.00
276.00
238.00
154.00
753.00
184.00
256.00
129.00
36.00
97.00
212.00
308.00
206.00
79.00
228.00
258.00
249.00
363.00
256.00
207.00
497.00
178.00
12.00
16.00
166.00
33.00
90.00
63.00
598.00
522.00
309.00
240.00
108.00
19.00
32.00
47.00
233.00
75.00
74.00
400.00
197.00
41.00
12.00
5.00
115.00
76.00
225.00
461.00
186.00
69.00
185.00
1.00
2.00
0.00
6.00
275.00
73.00
5.00
4.00
54.00
72.00
114.00
72.00
4.00
5.00
0.00
0.00
0.00
0.00
69.00
0.00
0.00
0.00
0.00
11.00
1.00
5.00
63.00
110.00
184.00
0.00
0.00
26.00
0.00
1.00
1.00
0.00
0.00
0.00
0.00
0.00
0.00
0.00
4.00
29.00
9.00
1.00
0.00
0.00
0.00
0.00
5.00
0.00
0.00
0.00
0.00
0.00
0.00
0.00
0.00
0.00
0.00
0.00
0.00
0.00
0.00
0.00
0.00
0.00
0.00
0.00
0.00
0.00
0.00
0.00
0.00
0.00
0.00
0.00
0.00
1.00
0.00
21.00
0.00
0.00
0.00
0.00
0.00
0.00
0.00
0.00
0.00
0.00
4.00
78.00
50.00
0.00
0.00
0.00
0.00
0.00
0.00
0.00
0.00
0.00
0.00
0.00
0.00
0.00
0.00
0.00
0.00
0.00
0.00
0.00
0.00
0.00
0.00
0.00
0.00
0.00
0.00
0.00
0.00
0.00
0.00
0.00
0.00
0.00
0.00
0.00
0.00
0.00
0.00
17.00
17.00
1.00
0.00
0.00
0.00
0.00
0.00
0.00
0.00
0.00
0.00
0.00
13.00
4.00
0.00
0.00
7.00
0.00
0.00
0.00
8.00
1.00
0.00
0.00
0.00
0.00
0.00
0.00
0.70
20.40
2.60
48.40
12.70
0.00
0.00
0.00
9.90
0.00
0.00
0.00
0.00
0.00
0.00
0.00
0.00
0.00
0.00
0.40
0.00
13.50
1.10
0.70
0.00
3.40
5.10
0.00
0.00
0.00
18.10
3.80
0.00
1.50
0.00
90.30
1.00
35.10
0.00
27.30
1.60
32.80
0.00
3.50
55.70
0.00
1.90
0.60
3.10
0.00
1.10
0.00
0.00
0.00
0.00
1.80
5.80
0.10
0.00
0.00
0.00
1.70
0.80
7.30
11.30
5.80
5.80
0.10
164.60
28.20
0.00
0.00
0.00
4.70
61.60
36.20
7.60
0.00
26.40
0.10
25.20
0.00
45.60
29.40
1.20
1.20
6.60
41.50
41.50
22.40
5.50
0.00
14.00
0.00
12.10
14.50
32.10
45.00
25.30
23.40
0.50
0.80
0.80
0.30
0.00
4.00
0.00
0.00
0.60
9.30
27.30
29.40
3.60
20.30
0.50
27.30
37.10
23.80
0.00
0.00
0.20
39.30
51.00
30.50
27.70
1.10
3.20
2.30
1.10
0.20
6.30
12.60
7.00
18.20
49.00
93.60
93.60
89.70
89.70
24.00
1.80
1.80
4.80
1.80
1.80
1.80
1.80
9.40
28.20
38.40
58.00
29.40
36.30
5.20
4.20
5.60
4.70
16.40
16.90
28.50
16.00
1.50
7.50
4.40
5.40
3.40
11.00
3.50
0.80
200.80
40.90
12.50
17.30
25.70
10.80
1.20
2.60
1.40
5.40
38.20
28.90
3.40
4.10
2.40
5.80
5.80
0.50
10.60
8.70
21.90
28.00
28.00
29.10
13.00
9.30
10.40
0.30
19.60
17.30
5.30
12.70
34.20
5.30
31.20
26.40
16.90
6.00
0.60
0.20
0.10
6.70
19.90
31.40
32.20
0.50
12.80
17.20
2.60
33.50
33.50
3.60
0.00
0.00
12.20
4.60
28.00
18.50
19.80
1.60
0.90
0.00
0.00
0.00
0.00
0.00
0.10
0.00
0.00
0.00
4.40
1.10
0.30
0.20
15.80
125.60
