20160101
0.00
0.00
0.00
0.00
0.00
0.00
0.00
0.00
40.00
0.00
0.00
0.00
0.00
0.00
0.00
0.00
0.00
0.00
0.00
1.00
0.00
0.00
0.00
0.00
0.00
4.00
0.00
0.00
0.00
0.00
0.00
0.00
0.00
0.00
0.00
0.00
0.00
0.00
0.00
0.00
0.00
0.00
0.00
0.00
0.00
0.00
0.00
0.00
0.00
0.00
0.00
0.00
0.00
39.00
53.00
0.00
24.00
0.00
0.00
0.00
0.00
0.00
0.00
3.00
0.00
11.00
0.00
0.00
0.00
5.00
0.00
0.00
0.00
0.00
0.00
0.00
1.00
0.00
50.00
37.00
1.00
0.00
0.00
0.00
0.00
0.00
0.00
308.00
29.00
139.00
109.00
4.00
0.00
79.00
16.00
189.00
47.00
12.00
36.00
1.00
0.00
31.00
55.00
46.00
247.00
179.00
341.00
43.00
99.00
103.00
21.00
3.00
25.00
819.00
428.00
13.00
77.00
90.00
133.00
0.00
61.00
75.00
0.00
0.00
6.00
0.00
11.00
14.00
2.00
0.00
0.00
28.00
33.00
115.00
65.00
111.00
407.00
566.00
82.00
93.00
48.00
483.00
0.00
84.00
63.00
11.00
1.00
0.00
0.00
7.00
1.00
5.00
0.00
0.00
0.00
47.00
6.00
109.00
32.00
13.00
36.00
51.00
76.00
3.00
0.00
0.00
104.00
65.00
16.00
3.00
21.00
71.00
14.00
8.00
12.00
44.00
19.00
10.00
4.00
4.00
55.00
124.00
257.00
141.00
125.00
54.00
10.00
16.00
6.00
37.00
22.00
91.00
32.00
80.00
16.00
208.00
168.00
36.00
0.00
0.00
39.00
61.00
17.00
39.00
67.00
49.00
156.00
1.00
162.00
36.00
40.00
2.00
117.00
0.00
1.00
0.00
23.00
18.00
98.00
47.00
0.00
7.00
27.00
18.00
13.00
25.00
1.00
50.00
36.00
1.00
5.00
3.00
647.00
25.00
0.00
80.00
3.00
244.00
0.00
25.00
2.00
7.00
39.00
145.00
6.00
13.00
1.00
4.00
1.00
0.00
0.00
0.00
2.00
24.00
2.00
8.00
5.00
0.00
2.00
13.00
73.00
32.00
21.00
162.00
17.00
7.00
56.00
0.00
129.00
0.00
13.00
17.00
0.00
10.00
8.00
0.00
0.00
0.00
0.00
0.00
0.00
36.00
121.00
23.00
4.00
20.00
0.00
0.00
0.00
0.00
0.00
0.00
0.00
0.00
0.00
0.00
0.00
0.00
0.00
0.00
45.00
110.00
49.00
0.00
0.00
0.00
0.00
36.00
117.00
200.00
133.00
1.00
0.00
0.00
0.00
0.00
0.00
0.00
0.00
0.00
0.00
0.00
0.00
0.00
0.00
0.00
0.00
0.00
0.00
0.00
0.00
0.00
0.00
0.00
0.00
26.00
0.00
0.00
0.00
0.00
0.00
0.00
0.00
0.00
0.00
0.00
0.00
0.00
0.00
0.00
0.00
0.00
0.00
0.00
0.00
0.00
0.00
0.00
0.00
0.00
0.00
0.00
0.00
0.00
0.00
0.00
0.00
0.00
7.00
0.00
0.00
0.00
0.00
0.00
0.00
0.00
0.00
0.00
0.00
0.00
0.00
0.00
0.00
0.00
0.00
0.00
0.00
0.00
0.00
0.00
0.00
0.00
5.00
0.00
0.00
0.00
0.00
0.00
0.00
0.00
0.00
0.00
0.00
0.00
0.00
0.00
0.00
0.00
0.00
0.00
0.00
0.00
0.00
0.00
0.00
0.00
107.00
80.00
9.00
14.00
0.00
0.00
0.00
0.00
0.00
0.00
0.00
0.00
4.00
54.00
0.00
0.00
62.00
0.00
140.00
63.00
0.00
0.00
0.00
0.00
0.00
0.00
83.00
2.00
86.00
0.00
0.00
0.00
0.00
31.00
3.00
0.00
12.00
342.00
252.00
234.00
463.00
281.00
315.00
203.00
0.00
0.00
22.00
14.00
70.00
0.00
0.00
0.00
0.00
1.00
83.00
5.00
9.00
28.00
130.00
9.00
80.00
10.00
0.00
2.00
239.00
53.00
19.00
30.00
12.00
47.00
84.00
0.00
0.00
2.00
65.00
58.00
6.00
0.00
14.00
3.00
0.00
0.00
0.00
39.00
73.00
3.00
21.00
1.00
27.00
7.00
6.00
0.00
0.00
98.00
15.00
21.00
183.00
22.00
86.00
485.00
6.00
57.00
2.00
110.00
52.00
0.00
0.00
21.00
84.00
128.00
16.00
181.00
712.00
0.00
0.00
6.00
154.00
45.00
102.00
23.00
0.00
11.00
69.00
29.00
4.00
0.00
4.00
93.00
20.00
99.00
126.00
134.00
30.00
32.00
92.00
38.00
15.00
7.00
108.00
67.00
31.00
58.00
12.00
4.00
60.00
35.00
2.00
1.00
33.00
81.00
11.00
5.00
58.00
97.00
4.00
12.00
15.00
31.00
116.00
7.00
0.00
7.00
48.00
49.00
110.00
38.00
12.00
138.00
51.00
10.00
1.00
9.00
49.00
76.00
18.00
67.00
181.00
35.00
28.00
67.00
16.00
0.00
15.00
50.00
2.00
21.00
171.00
209.00
23.00
1.00
150.00
10.00
5.00
12.00
37.00
11.00
1.00
15.00
2.00
71.00
1.00
11.00
50.00
96.00
4.00
1.00
29.00
6.00
35.00
338.00
21.00
112.00
115.00
0.00
40.00
40.00
39.00
7.00
138.00
53.00
97.00
201.00
66.00
1.00
0.00
9.00
0.00
0.00
7.00
0.00
5.00
30.00
0.00
1.00
40.00
6.00
0.00
0.00
0.00
0.00
7.00
51.00
90.00
708.00
0.00
0.00
0.00
0.00
0.00
0.00
3.00
1121.00
418.00
0.00
0.00
0.00
0.00
0.00
0.00
0.00
0.00
0.00
0.00
0.00
0.00
1.00
0.00
5.00
96.00
0.00
0.00
0.00
0.00
0.00
0.00
0.00
0.00
0.00
0.00
0.00
0.00
0.00
0.00
0.00
0.00
0.00
0.00
0.00
0.00
0.00
0.00
46.00
777.00
73.00
0.00
0.00
0.00
0.00
0.00
0.00
0.00
0.00
43.00
0.00
0.00
0.00
0.00
0.00
0.00
0.00
0.00
0.00
0.00
0.00
0.00
74.00
100.00
0.00
0.00
0.00
0.00
0.00
0.00
0.00
0.00
0.00
0.00
0.00
0.00
0.00
0.00
0.00
0.00
0.00
0.00
0.00
0.00
0.00
0.00
0.00
0.00
0.00
0.00
0.00
0.00
0.00
0.00
0.00
0.00
0.00
0.00
0.00
0.00
2.00
24.00
1.00
0.00
0.00
1.00
0.00
0.00
0.00
0.00
0.00
0.00
5.00
0.00
0.00
0.00
0.00
0.00
346.00
0.00
0.00
0.00
0.00
0.00
0.00
27.00
0.00
0.00
0.00
0.00
0.00
0.00
59.00
316.00
0.00
101.00
215.00
109.00
18.00
0.00
0.00
0.00
0.00
0.00
0.00
0.00
45.00
48.00
0.00
3.00
14.00
0.00
11.00
30.00
27.00
0.00
0.00
28.00
0.00
6.00
0.00
32.00
111.00
63.00
7.00
31.00
0.00
0.00
11.00
28.00
5.00
17.00
95.00
25.00
0.00
0.00
5.00
0.00
0.00
175.00
80.00
99.00
0.00
194.00
8.00
96.00
325.00
51.00
79.00
88.00
392.00
215.00
50.00
81.00
74.00
0.00
5.00
0.00
0.00
0.00
2.00
0.00
0.00
107.00
1.00
0.00
1.00
6.00
0.00
1.00
59.00
6.00
3.00
0.00
47.00
77.00
13.00
4.00
13.00
0.00
19.00
54.00
107.00
258.00
557.00
132.00
5.00
0.00
57.00
0.00
0.00
23.00
16.00
3.00
34.00
32.00
13.00
96.00
120.00
9.00
40.00
35.00
13.00
1.00
0.00
0.00
0.00
12.00
12.00
33.00
138.00
38.00
15.00
13.00
20.00
56.00
20.00
12.00
4.00
13.00
1.00
0.00
44.00
9.00
58.00
20.00
560.00
167.00
13.00
115.00
135.00
266.00
243.00
11.00
467.00
8.00
79.00
80.00
223.00
152.00
3.00
5.00
118.00
42.00
209.00
116.00
47.00
7.00
41.00
1.00
59.00
19.00
21.00
4.00
137.00
83.00
50.00
35.00
24.00
1.00
104.00
33.00
27.00
0.00
0.00
87.00
54.00
53.00
127.00
0.00
0.00
0.00
3.00
2.00
1.00
0.00
3.00
0.00
0.00
10.00
4.00
0.00
3.00
2.00
84.00
3.00
0.00
2.00
13.00
3.00
0.00
1.00
1.00
0.00
0.00
0.00
0.00
0.00
0.00
0.00
0.00
0.00
0.00
18.00
46.00
64.00
217.00
161.00
0.00
0.00
0.00
0.00
0.00
0.00
0.00
0.00
0.00
0.00
0.00
0.00
0.00
183.00
208.00
68.00
120.00
34.00
0.00
0.00
0.00
1.00
0.00
0.00
0.00
0.00
0.00
0.00
0.00
19.00
0.00
0.00
0.00
0.00
0.00
0.00
0.00
0.00
0.00
0.00
0.00
0.00
0.00
0.00
0.00
0.00
0.00
0.00
0.00
0.00
0.00
0.00
0.00
1.00
0.00
0.00
0.00
0.00
16.00
0.00
0.00
0.00
0.00
7.00
35.00
11.00
0.00
0.00
0.00
0.00
0.00
0.00
0.00
0.00
0.00
0.00
0.00
0.00
0.00
0.00
0.00
0.00
0.00
0.00
0.00
4.00
0.00
0.00
0.00
0.00
0.00
0.00
0.00
0.00
0.00
0.00
0.00
0.00
0.00
0.00
0.00
0.00
0.00
0.00
0.00
0.00
0.00
1.00
0.00
0.00
0.00
0.00
0.00
0.00
0.00
0.00
0.00
0.00
0.00
0.00
0.00
0.00
0.00
0.00
0.00
0.00
3.00
0.00
0.00
0.00
0.00
0.00
1.60
0.00
29.00
17.50
47.00
17.10
0.00
0.00
0.00
0.00
2.80
1.10
0.00
0.00
0.00
0.00
0.00
0.00
0.00
0.00
0.60
0.00
8.50
1.10
3.90
0.00
0.00
0.40
0.00
0.00
0.00
0.70
7.90
0.00
0.00
0.00
13.60
39.80
41.90
0.00
99.20
3.90
1.20
3.60
18.50
5.50
0.10
0.00
0.30
1.30
0.00
5.60
0.00
17.00
0.00
0.00
1.60
0.00
1.80
0.00
0.00
0.00
0.00
0.00
3.40
3.50
3.20
3.20
0.00
10.50
7.20
0.00
0.00
0.00
0.00
1.70
0.00
1.20
3.60
1.70
0.10
2.50
0.00
1.30
0.30
0.00
0.00
0.00
0.00
0.00
4.40
0.10
0.00
0.00
0.00
0.00
0.00
10.20
0.40
0.00
0.00
0.00
0.00
0.00
0.60
3.80
5.30
0.00
0.30
0.60
0.00
12.90
2.40
0.00
0.00
2.50
4.10
0.40
1.20
0.50
1.90
0.50
1.00
1.00
0.50
0.60
0.50
3.10
2.10
0.00
0.00
0.00
1.00
0.20
3.00
0.20
3.10
3.10
0.60
0.60
3.20
6.20
6.20
0.00
0.30
6.20
6.20
6.20
6.40
6.60
0.00
1.10
7.40
7.90
4.60
0.00
0.40
5.10
2.30
1.80
0.00
0.10
0.00
10.10
0.30
3.00
1.20
5.60
15.20
0.40
1.80
0.60
4.00
3.30
0.60
0.00
0.60
0.70
3.70
9.00
8.70
25.10
0.00
0.00
0.00
0.00
17.20
0.00
7.40
0.00
2.40
5.60
0.00
0.30
0.40
0.00
0.00
1.40
0.60
7.70
12.00
4.20
1.20
1.90
1.70
10.60
0.00
0.00
0.00
0.90
18.70
19.30
7.80
9.60
7.80
12.30
0.00
1.40
3.00
1.70
1.70
4.30
0.00
0.00
5.10
1.20
1.10
0.10
1.40
1.60
0.00
0.00
0.00
0.00
6.90
0.30
0.00
0.00
0.00
0.00
0.40
7.20
0.20
0.10
1.40
1.70
