20160101
0.00
0.00
0.00
0.00
0.00
0.00
0.00
0.00
0.00
0.00
0.00
0.00
3.00
0.00
0.00
0.00
0.00
0.00
1.00
112.00
0.00
0.00
0.00
0.00
0.00
1.00
0.00
0.00
0.00
0.00
0.00
0.00
0.00
0.00
0.00
0.00
0.00
1.00
5.00
0.00
0.00
12.00
0.00
0.00
0.00
0.00
0.00
0.00
0.00
0.00
3.00
1.00
0.00
0.00
36.00
0.00
12.00
0.00
0.00
0.00
0.00
0.00
4.00
0.00
0.00
15.00
0.00
0.00
1.00
0.00
6.00
5.00
0.00
0.00
0.00
0.00
0.00
0.00
18.00
24.00
36.00
0.00
0.00
0.00
0.00
0.00
58.00
488.00
62.00
106.00
178.00
8.00
0.00
66.00
182.00
1072.00
168.00
327.00
196.00
162.00
1.00
238.00
24.00
12.00
228.00
171.00
694.00
1196.00
285.00
394.00
277.00
795.00
324.00
299.00
3.00
60.00
317.00
607.00
67.00
30.00
142.00
204.00
82.00
67.00
152.00
34.00
106.00
71.00
10.00
18.00
6.00
93.00
98.00
107.00
211.00
239.00
125.00
648.00
764.00
50.00
67.00
750.00
6.00
0.00
109.00
63.00
1.00
100.00
83.00
7.00
25.00
44.00
0.00
0.00
22.00
4.00
323.00
375.00
715.00
27.00
44.00
188.00
0.00
1.00
1.00
191.00
88.00
75.00
76.00
23.00
80.00
152.00
447.00
481.00
538.00
24.00
9.00
725.00
156.00
44.00
57.00
22.00
78.00
16.00
60.00
9.00
0.00
65.00
126.00
92.00
162.00
97.00
20.00
39.00
14.00
53.00
107.00
31.00
0.00
6.00
96.00
38.00
21.00
30.00
208.00
50.00
74.00
10.00
47.00
30.00
134.00
98.00
23.00
18.00
0.00
71.00
302.00
164.00
51.00
40.00
125.00
140.00
61.00
7.00
12.00
147.00
121.00
84.00
6.00
75.00
0.00
0.00
50.00
62.00
0.00
19.00
0.00
146.00
7.00
77.00
25.00
90.00
843.00
951.00
423.00
45.00
152.00
3.00
284.00
243.00
69.00
43.00
2.00
2.00
134.00
409.00
270.00
4.00
0.00
0.00
231.00
334.00
31.00
449.00
437.00
308.00
21.00
97.00
1005.00
3.00
0.00
594.00
60.00
4.00
34.00
97.00
0.00
0.00
12.00
3.00
30.00
218.00
103.00
118.00
39.00
19.00
0.00
0.00
0.00
0.00
0.00
0.00
0.00
0.00
0.00
0.00
0.00
6.00
0.00
0.00
201.00
0.00
0.00
0.00
0.00
0.00
0.00
5.00
192.00
445.00
131.00
0.00
0.00
0.00
0.00
0.00
0.00
0.00
0.00
0.00
0.00
3.00
0.00
0.00
1.00
0.00
0.00
0.00
0.00
0.00
0.00
0.00
0.00
0.00
0.00
97.00
0.00
0.00
0.00
0.00
0.00
0.00
0.00
0.00
0.00
0.00
0.00
0.00
0.00
0.00
0.00
0.00
0.00
0.00
0.00
0.00
0.00
0.00
0.00
0.00
0.00
0.00
0.00
0.00
0.00
1.00
0.00
0.00
0.00
0.00
0.00
0.00
0.00
0.00
0.00
5.00
0.00
0.00
0.00
0.00
0.00
0.00
0.00
0.00
0.00
2.00
0.00
0.00
0.00
0.00
0.00
3.00
7.00
0.00
0.00
0.00
0.00
0.00
0.00
0.00
0.00
0.00
0.00
0.00
0.00
0.00
0.00
0.00
0.00
0.00
0.00
0.00
0.00
0.00
0.00
0.00
263.00
33.00
40.00
0.00
0.00
0.00
0.00
0.00
0.00
0.00
0.00
0.00
74.00
19.00
0.00
0.00
87.00
0.00
304.00
26.00
0.00
0.00
0.00
0.00
0.00
36.00
132.00
14.00
171.00
0.00
0.00
0.00
38.00
212.00
2.00
172.00
94.00
528.00
313.00
1342.00
565.00
951.00
859.00
177.00
82.00
0.00
38.00
129.00
393.00
8.00
0.00
0.00
0.00
0.00
204.00
1.00
0.00
53.00
575.00
417.00
417.00
46.00
22.00
92.00
234.00
193.00
65.00
82.00
2.00
195.00
110.00
0.00
19.00
48.00
1080.00
269.00
3.00
82.00
121.00
4.00
17.00
11.00
11.00
350.00
260.00
12.00
4.00
302.00
123.00
329.00
187.00
302.00
10.00
250.00
575.00
282.00
2.00
16.00
179.00
466.00
115.00
590.00
143.00
166.00
112.00
61.00
2.00
17.00
27.00
0.00
777.00
476.00
518.00
309.00
294.00
91.00
278.00
1841.00
509.00
681.00
7.00
171.00
184.00
304.00
806.00
186.00
145.00
237.00
363.00
160.00
446.00
286.00
58.00
21.00
152.00
54.00
108.00
27.00
33.00
146.00
91.00
104.00
328.00
66.00
139.00
517.00
16.00
20.00
37.00
174.00
223.00
178.00
1697.00
195.00
1.00
77.00
60.00
34.00
34.00
56.00
80.00
82.00
309.00
415.00
483.00
109.00
647.00
105.00
67.00
29.00
27.00
382.00
892.00
591.00
288.00
154.00
170.00
6.00
357.00
51.00
292.00
51.00
406.00
164.00
381.00
135.00
117.00
204.00
38.00
55.00
167.00
227.00
112.00
109.00
97.00
744.00
127.00
4.00
33.00
52.00
618.00
1373.00
795.00
38.00
88.00
241.00
422.00
9.00
2.00
110.00
10.00
139.00
173.00
1.00
17.00
16.00
3.00
1.00
123.00
159.00
317.00
509.00
136.00
248.00
14.00
0.00
0.00
154.00
83.00
203.00
54.00
5.00
2.00
0.00
206.00
387.00
124.00
70.00
0.00
37.00
74.00
360.00
491.00
1819.00
13.00
0.00
0.00
0.00
0.00
0.00
4.00
37.00
222.00
5.00
0.00
0.00
0.00
11.00
2.00
2.00
0.00
0.00
0.00
0.00
3.00
4.00
4.00
6.00
324.00
79.00
11.00
0.00
1.00
0.00
0.00
3.00
0.00
0.00
0.00
0.00
0.00
0.00
0.00
0.00
0.00
0.00
0.00
0.00
0.00
0.00
2.00
17.00
322.00
236.00
0.00
0.00
0.00
0.00
0.00
0.00
0.00
12.00
55.00
1.00
0.00
0.00
0.00
0.00
0.00
0.00
0.00
0.00
0.00
0.00
0.00
223.00
1.00
0.00
0.00
0.00
0.00
0.00
0.00
0.00
0.00
0.00
0.00
0.00
0.00
0.00
0.00
0.00
0.00
0.00
0.00
0.00
0.00
0.00
0.00
0.00
0.00
0.00
0.00
0.00
0.00
0.00
0.00
0.00
0.00
0.00
0.00
0.00
69.00
24.00
97.00
115.00
24.00
0.00
18.00
5.00
0.00
0.00
0.00
0.00
0.00
0.00
0.00
0.00
130.00
0.00
375.00
282.00
0.00
0.00
0.00
0.00
0.00
0.00
0.00
0.00
0.00
0.00
0.00
0.00
0.00
6.00
64.00
0.00
533.00
17.00
0.00
0.00
0.00
0.00
0.00
0.00
0.00
0.00
1.00
19.00
0.00
43.00
381.00
266.00
116.00
0.00
0.00
0.00
0.00
4.00
8.00
6.00
16.00
232.00
314.00
213.00
37.00
6.00
65.00
0.00
0.00
19.00
14.00
6.00
63.00
40.00
5.00
0.00
29.00
31.00
18.00
58.00
310.00
20.00
297.00
6.00
141.00
0.00
178.00
82.00
634.00
382.00
309.00
475.00
302.00
185.00
24.00
1.00
0.00
144.00
0.00
0.00
7.00
0.00
0.00
0.00
0.00
13.00
152.00
575.00
348.00
2.00
202.00
12.00
87.00
117.00
2.00
0.00
118.00
76.00
31.00
33.00
0.00
0.00
3.00
46.00
88.00
1213.00
846.00
1167.00
224.00
21.00
151.00
104.00
4.00
13.00
107.00
60.00
155.00
267.00
8.00
72.00
58.00
21.00
101.00
18.00
325.00
258.00
180.00
110.00
47.00
2.00
88.00
53.00
21.00
14.00
372.00
121.00
377.00
364.00
211.00
138.00
129.00
5.00
0.00
102.00
141.00
70.00
126.00
390.00
347.00
74.00
25.00
257.00
165.00
319.00
247.00
96.00
26.00
9.00
7.00
315.00
22.00
237.00
191.00
56.00
126.00
616.00
68.00
580.00
137.00
286.00
200.00
3.00
1.00
5.00
34.00
5.00
25.00
211.00
82.00
82.00
322.00
32.00
57.00
38.00
6.00
176.00
100.00
31.00
336.00
130.00
0.00
0.00
0.00
2.00
28.00
31.00
106.00
680.00
80.00
172.00
0.00
0.00
0.00
226.00
155.00
2.00
27.00
18.00
1.00
89.00
166.00
12.00
13.00
0.00
0.00
22.00
0.00
0.00
0.00
0.00
0.00
0.00
0.00
0.00
0.00
29.00
44.00
621.00
81.00
0.00
0.00
0.00
0.00
3.00
0.00
0.00
0.00
0.00
0.00
0.00
0.00
0.00
23.00
186.00
114.00
44.00
0.00
0.00
0.00
0.00
33.00
0.00
0.00
0.00
0.00
0.00
0.00
0.00
0.00
0.00
0.00
0.00
0.00
0.00
0.00
0.00
0.00
0.00
0.00
0.00
0.00
0.00
0.00
0.00
0.00
0.00
0.00
0.00
0.00
0.00
0.00
7.00
0.00
0.00
0.00
0.00
0.00
0.00
0.00
0.00
0.00
0.00
4.00
95.00
115.00
0.00
0.00
0.00
0.00
0.00
0.00
0.00
0.00
0.00
0.00
0.00
0.00
0.00
0.00
0.00
0.00
0.00
0.00
0.00
0.00
0.00
0.00
0.00
0.00
0.00
0.00
0.00
0.00
0.00
0.00
0.00
0.00
0.00
0.00
0.00
0.00
0.00
0.00
0.00
0.00
0.00
0.00
0.00
0.00
0.00
0.00
0.00
0.00
0.00
0.00
0.00
1.00
0.00
0.00
0.00
0.00
0.00
0.00
0.00
0.00
10.00
0.00
0.00
0.00
0.00
0.00
0.00
0.00
44.90
5.30
38.30
31.60
0.00
0.00
0.00
4.30
0.90
0.00
0.00
0.00
0.00
0.00
0.00
0.00
0.00
0.00
0.00
0.00
1.10
1.80
0.00
0.00
0.80
55.40
0.00
0.00
0.00
1.60
0.40
0.00
0.30
0.00
108.90
25.20
61.10
0.00
40.30
28.60
60.60
3.30
3.10
19.50
0.00
0.00
3.90
0.00
0.00
15.90
40.60
1.00
0.00
0.00
6.80
1.80
1.20
0.00
0.00
0.00
0.00
28.80
16.00
31.10
6.90
6.90
9.80
71.00
96.10
7.90
6.90
14.10
43.90
34.40
7.00
21.50
39.80
15.30
7.40
20.30
6.00
25.40
21.00
0.00
0.00
46.00
62.00
62.00
27.50
12.60
12.30
0.60
0.00
0.00
23.60
3.10
7.00
8.40
25.80
10.80
0.70
2.40
5.50
0.80
5.00
1.20
0.00
0.00
54.70
47.10
14.10
6.80
59.30
0.50
14.30
33.40
29.30
6.70
0.00
7.80
182.10
70.00
91.20
101.20
1.70
34.20
10.60
22.30
3.90
17.00
10.60
22.90
13.60
22.70
17.70
17.70
81.80
81.80
46.00
46.20
46.20
0.10
4.30
46.20
46.20
46.20
63.70
65.20
29.30
5.70
36.10
9.90
4.80
3.70
3.30
17.30
8.40
5.70
51.80
15.50
1.60
3.90
1.90
124.70
2.60
11.00
6.40
0.20
8.70
5.10
16.70
17.20
21.90
2.60
0.70
0.00
1.30
16.80
38.70
19.20
21.00
0.70
0.60
14.40
1.30
0.80
1.40
4.00
0.40
3.60
22.10
31.60
9.90
38.70
15.60
20.90
2.30
6.00
3.20
17.10
18.70
0.80
13.50
6.10
0.00
0.00
0.00
0.00
10.70
38.70
28.80
17.50
30.00
0.00
1.70
1.50
26.20
16.80
16.80
59.20
12.70
2.20
0.50
1.40
0.30
0.00
18.40
3.70
0.00
0.00
0.00
0.00
0.60
0.00
0.00
0.00
0.00
0.00
1.50
2.50
0.60
0.10
0.00
14.40
