20160101
0.00
0.00
0.00
0.00
0.00
0.00
0.00
0.00
14.00
0.00
0.00
0.00
0.00
0.00
0.00
0.00
0.00
5.00
1.00
34.00
0.00
0.00
0.00
0.00
0.00
0.00
0.00
0.00
0.00
0.00
0.00
0.00
0.00
0.00
0.00
0.00
0.00
0.00
0.00
0.00
0.00
40.00
3.00
0.00
0.00
0.00
0.00
0.00
0.00
0.00
4.00
0.00
0.00
13.00
329.00
0.00
22.00
0.00
0.00
0.00
0.00
9.00
0.00
1.00
0.00
48.00
0.00
0.00
0.00
0.00
0.00
0.00
0.00
0.00
1.00
5.00
0.00
2.00
1.00
0.00
38.00
0.00
0.00
0.00
0.00
0.00
0.00
443.00
110.00
77.00
626.00
20.00
0.00
625.00
88.00
132.00
79.00
0.00
0.00
0.00
0.00
0.00
0.00
13.00
62.00
57.00
176.00
642.00
23.00
210.00
8.00
0.00
0.00
0.00
0.00
89.00
174.00
77.00
0.00
0.00
19.00
225.00
240.00
377.00
42.00
46.00
328.00
48.00
1.00
0.00
4.00
2.00
318.00
70.00
240.00
164.00
0.00
34.00
100.00
72.00
112.00
752.00
11.00
3.00
2.00
32.00
16.00
1.00
145.00
8.00
26.00
65.00
0.00
17.00
585.00
60.00
0.00
11.00
49.00
1.00
9.00
151.00
216.00
18.00
76.00
75.00
49.00
187.00
228.00
17.00
12.00
2.00
25.00
170.00
224.00
32.00
79.00
58.00
135.00
34.00
77.00
8.00
41.00
130.00
122.00
51.00
48.00
6.00
147.00
262.00
332.00
32.00
41.00
0.00
6.00
2.00
158.00
72.00
5.00
45.00
70.00
28.00
2.00
47.00
90.00
62.00
94.00
23.00
37.00
34.00
198.00
120.00
10.00
195.00
118.00
163.00
180.00
83.00
34.00
36.00
167.00
23.00
225.00
1.00
0.00
770.00
405.00
354.00
124.00
100.00
35.00
0.00
95.00
18.00
0.00
1.00
0.00
308.00
22.00
39.00
84.00
469.00
224.00
156.00
58.00
18.00
83.00
36.00
112.00
19.00
2.00
10.00
29.00
44.00
80.00
217.00
663.00
562.00
219.00
192.00
41.00
174.00
23.00
16.00
149.00
1.00
101.00
0.00
100.00
3.00
2.00
114.00
1.00
46.00
0.00
0.00
0.00
556.00
323.00
99.00
314.00
71.00
222.00
2.00
32.00
85.00
0.00
0.00
0.00
0.00
0.00
0.00
0.00
0.00
0.00
0.00
0.00
3.00
0.00
0.00
67.00
22.00
10.00
0.00
0.00
0.00
0.00
11.00
201.00
427.00
179.00
0.00
0.00
0.00
0.00
0.00
0.00
0.00
0.00
0.00
0.00
0.00
0.00
0.00
0.00
0.00
0.00
0.00
0.00
0.00
0.00
0.00
0.00
0.00
0.00
3.00
0.00
0.00
0.00
0.00
0.00
0.00
0.00
0.00
0.00
0.00
0.00
0.00
0.00
0.00
0.00
0.00
0.00
0.00
0.00
0.00
0.00
0.00
0.00
0.00
0.00
0.00
0.00
0.00
0.00
0.00
0.00
0.00
0.00
0.00
0.00
0.00
0.00
0.00
0.00
0.00
0.00
0.00
0.00
0.00
0.00
0.00
0.00
0.00
0.00
0.00
0.00
0.00
0.00
0.00
0.00
0.00
4.00
0.00
0.00
0.00
0.00
0.00
0.00
0.00
0.00
0.00
0.00
0.00
0.00
0.00
0.00
0.00
0.00
0.00
0.00
0.00
0.00
0.00
0.00
0.00
0.00
0.00
21.00
0.00
0.00
0.00
0.00
0.00
0.00
0.00
0.00
0.00
8.00
17.00
0.00
0.00
26.00
0.00
370.00
62.00
0.00
0.00
0.00
0.00
0.00
0.00
9.00
3.00
39.00
0.00
0.00
0.00
6.00
222.00
10.00
0.00
3.00
420.00
258.00
21.00
8.00
7.00
3.00
383.00
576.00
0.00
7.00
0.00
0.00
0.00
0.00
0.00
0.00
0.00
30.00
13.00
0.00
1.00
657.00
729.00
157.00
737.00
1.00
355.00
149.00
0.00
0.00
22.00
81.00
43.00
277.00
0.00
0.00
71.00
71.00
57.00
2.00
0.00
11.00
0.00
61.00
0.00
36.00
114.00
418.00
0.00
68.00
8.00
94.00
234.00
0.00
67.00
0.00
6.00
0.00
2.00
1.00
10.00
177.00
346.00
676.00
740.00
199.00
476.00
250.00
200.00
3.00
203.00
91.00
157.00
120.00
164.00
564.00
12.00
301.00
111.00
231.00
255.00
1302.00
840.00
10.00
11.00
171.00
362.00
395.00
227.00
92.00
165.00
380.00
146.00
265.00
97.00
6.00
66.00
85.00
108.00
37.00
65.00
8.00
91.00
130.00
195.00
180.00
368.00
17.00
242.00
126.00
82.00
106.00
36.00
47.00
90.00
238.00
92.00
135.00
31.00
68.00
30.00
10.00
16.00
25.00
46.00
122.00
51.00
257.00
656.00
66.00
49.00
17.00
0.00
45.00
271.00
967.00
326.00
10.00
30.00
61.00
12.00
504.00
33.00
228.00
104.00
188.00
26.00
656.00
313.00
184.00
131.00
324.00
82.00
99.00
100.00
188.00
92.00
4.00
159.00
59.00
356.00
384.00
431.00
134.00
90.00
902.00
99.00
72.00
287.00
57.00
2.00
116.00
131.00
157.00
79.00
32.00
5.00
0.00
1.00
5.00
201.00
27.00
180.00
318.00
19.00
54.00
246.00
0.00
23.00
264.00
122.00
188.00
8.00
9.00
0.00
0.00
0.00
27.00
5.00
0.00
43.00
0.00
676.00
839.00
321.00
611.00
1878.00
0.00
0.00
0.00
0.00
0.00
0.00
0.00
60.00
251.00
0.00
0.00
0.00
0.00
0.00
3.00
0.00
0.00
0.00
0.00
0.00
0.00
9.00
1.00
0.00
284.00
34.00
2.00
0.00
0.00
0.00
0.00
0.00
0.00
0.00
0.00
0.00
0.00
0.00
0.00
0.00
0.00
0.00
0.00
0.00
0.00
0.00
1.00
269.00
232.00
356.00
114.00
0.00
0.00
0.00
0.00
0.00
0.00
0.00
33.00
0.00
0.00
0.00
0.00
0.00
0.00
0.00
0.00
0.00
0.00
0.00
1.00
217.00
26.00
0.00
0.00
0.00
0.00
0.00
0.00
0.00
0.00
0.00
0.00
0.00
0.00
0.00
0.00
0.00
0.00
0.00
0.00
0.00
0.00
0.00
0.00
0.00
0.00
0.00
0.00
0.00
0.00
0.00
0.00
0.00
0.00
1.00
0.00
0.00
255.00
117.00
196.00
88.00
2.00
0.00
32.00
16.00
0.00
0.00
0.00
0.00
0.00
7.00
0.00
0.00
0.00
0.00
180.00
373.00
0.00
0.00
0.00
0.00
0.00
0.00
0.00
0.00
0.00
0.00
0.00
0.00
0.00
0.00
35.00
0.00
0.00
34.00
2.00
0.00
0.00
0.00
0.00
0.00
0.00
11.00
54.00
120.00
8.00
222.00
327.00
205.00
61.00
5.00
16.00
0.00
0.00
190.00
25.00
99.00
3.00
0.00
11.00
25.00
35.00
0.00
132.00
0.00
2.00
97.00
203.00
37.00
63.00
457.00
164.00
0.00
41.00
334.00
79.00
5.00
241.00
225.00
235.00
0.00
194.00
77.00
388.00
704.00
1150.00
370.00
703.00
383.00
293.00
94.00
0.00
7.00
34.00
139.00
10.00
36.00
54.00
0.00
0.00
61.00
105.00
21.00
409.00
34.00
28.00
26.00
100.00
0.00
64.00
182.00
136.00
127.00
479.00
116.00
146.00
194.00
122.00
168.00
502.00
14.00
95.00
325.00
49.00
797.00
553.00
0.00
30.00
5.00
84.00
0.00
5.00
18.00
11.00
11.00
5.00
80.00
36.00
1.00
20.00
4.00
0.00
110.00
75.00
2.00
6.00
2.00
44.00
6.00
3.00
15.00
1.00
166.00
41.00
166.00
155.00
45.00
18.00
10.00
36.00
52.00
161.00
32.00
89.00
232.00
74.00
16.00
5.00
34.00
86.00
71.00
222.00
31.00
3.00
4.00
8.00
251.00
92.00
41.00
32.00
44.00
48.00
265.00
49.00
249.00
245.00
423.00
533.00
49.00
23.00
20.00
60.00
100.00
15.00
217.00
31.00
97.00
86.00
221.00
31.00
1.00
11.00
26.00
67.00
0.00
47.00
145.00
184.00
16.00
0.00
4.00
103.00
17.00
87.00
1.00
5.00
6.00
1.00
1.00
1.00
94.00
122.00
854.00
47.00
36.00
54.00
8.00
198.00
114.00
186.00
0.00
563.00
0.00
0.00
0.00
0.00
6.00
38.00
0.00
0.00
0.00
3.00
74.00
156.00
138.00
5.00
0.00
0.00
0.00
0.00
0.00
0.00
0.00
0.00
0.00
0.00
0.00
0.00
0.00
100.00
180.00
57.00
57.00
0.00
0.00
0.00
0.00
2.00
1.00
0.00
0.00
0.00
0.00
0.00
0.00
0.00
0.00
0.00
0.00
0.00
0.00
0.00
0.00
0.00
0.00
0.00
0.00
0.00
0.00
0.00
0.00
0.00
0.00
0.00
0.00
0.00
0.00
0.00
0.00
0.00
0.00
0.00
0.00
0.00
0.00
0.00
0.00
0.00
0.00
16.00
88.00
66.00
0.00
0.00
0.00
0.00
0.00
0.00
0.00
0.00
0.00
0.00
0.00
0.00
0.00
0.00
0.00
0.00
0.00
0.00
0.00
0.00
0.00
0.00
0.00
0.00
0.00
0.00
0.00
0.00
0.00
0.00
0.00
0.00
0.00
0.00
0.00
0.00
0.00
0.00
1.00
1.00
0.00
0.00
0.00
0.00
0.00
0.00
0.00
0.00
0.00
0.00
0.00
0.00
0.00
0.00
0.00
0.00
0.00
0.00
0.00
1.00
4.00
0.00
0.00
0.00
0.00
0.00
0.00
0.00
33.90
24.60
41.90
26.40
0.00
0.00
0.10
16.10
3.70
0.00
0.00
0.00
0.00
0.00
0.00
0.00
0.00
0.00
2.30
0.00
53.80
0.50
0.00
0.00
0.00
54.70
0.00
0.00
0.00
10.30
10.00
0.00
0.00
0.00
116.20
23.10
88.40
0.20
35.60
6.70
31.50
0.60
49.30
17.40
0.00
0.20
2.20
1.00
0.00
0.40
0.00
0.00
0.00
0.00
1.80
0.50
0.70
0.00
0.00
0.00
0.00
3.40
4.80
0.30
0.00
0.00
0.00
58.10
147.70
0.00
0.00
0.00
0.10
0.00
0.00
0.40
6.80
48.80
7.10
3.90
1.30
16.70
18.40
0.60
0.60
0.00
11.10
11.10
32.70
1.50
6.10
0.00
0.00
1.80
0.40
65.70
31.20
5.00
34.20
53.00
12.80
0.50
7.50
43.60
3.10
1.50
0.00
4.20
103.70
66.20
35.60
0.00
0.00
0.00
9.00
7.00
12.70
0.00
2.30
0.00
28.80
16.70
6.80
26.00
5.10
12.20
8.50
1.90
2.60
7.70
5.70
5.40
7.70
32.80
38.00
38.00
78.10
78.10
68.10
16.00
16.00
6.00
0.10
16.00
16.00
16.00
3.90
5.30
26.60
34.40
45.30
7.60
4.30
1.50
0.70
10.40
3.90
4.20
28.20
19.50
14.70
0.60
0.20
16.20
10.90
0.70
1.70
1.00
21.40
30.70
21.30
31.50
4.20
0.00
0.00
0.00
5.90
7.40
37.90
44.90
25.50
1.10
12.50
1.70
16.10
0.00
0.40
8.80
38.40
7.90
26.50
49.50
9.50
9.10
3.40
0.90
0.80
3.80
4.00
6.00
2.20
0.20
4.60
8.40
4.80
0.00
0.30
0.10
12.30
18.50
33.40
60.30
28.50
0.00
0.10
0.00
31.90
14.70
14.70
6.90
0.40
12.20
1.80
24.40
1.10
1.10
16.40
15.30
0.00
0.00
0.00
0.00
3.60
5.10
0.00
0.00
0.00
0.00
0.10
5.90
0.70
0.20
0.20
0.70
