20160101
0.00
0.00
0.00
0.00
0.00
0.00
0.00
0.00
0.00
0.00
0.00
0.00
14.00
0.00
0.00
0.00
0.00
3.00
16.00
76.00
0.00
0.00
0.00
0.00
0.00
16.00
0.00
0.00
0.00
0.00
0.00
1.00
0.00
0.00
0.00
0.00
0.00
2.00
11.00
0.00
0.00
3.00
0.00
0.00
0.00
0.00
0.00
0.00
0.00
0.00
6.00
0.00
0.00
0.00
36.00
0.00
13.00
0.00
0.00
0.00
0.00
0.00
0.00
0.00
0.00
16.00
0.00
0.00
0.00
0.00
0.00
0.00
0.00
1.00
0.00
0.00
0.00
0.00
17.00
94.00
34.00
0.00
0.00
0.00
0.00
0.00
24.00
409.00
31.00
26.00
290.00
0.00
0.00
65.00
13.00
452.00
71.00
4.00
0.00
75.00
0.00
0.00
0.00
0.00
66.00
130.00
127.00
1155.00
14.00
334.00
60.00
11.00
37.00
0.00
0.00
48.00
494.00
167.00
11.00
1.00
2.00
108.00
54.00
123.00
44.00
133.00
77.00
409.00
28.00
34.00
82.00
22.00
622.00
93.00
275.00
81.00
103.00
587.00
953.00
49.00
93.00
227.00
7.00
21.00
498.00
135.00
10.00
27.00
38.00
16.00
55.00
11.00
12.00
9.00
146.00
249.00
123.00
607.00
554.00
47.00
399.00
81.00
137.00
36.00
58.00
425.00
337.00
238.00
222.00
256.00
679.00
615.00
824.00
679.00
836.00
445.00
75.00
786.00
107.00
165.00
300.00
399.00
168.00
510.00
379.00
509.00
282.00
87.00
279.00
802.00
673.00
179.00
91.00
153.00
188.00
280.00
299.00
365.00
262.00
253.00
473.00
191.00
241.00
368.00
350.00
582.00
401.00
143.00
181.00
95.00
133.00
35.00
74.00
140.00
132.00
138.00
572.00
233.00
56.00
197.00
249.00
537.00
656.00
168.00
214.00
124.00
534.00
295.00
95.00
205.00
240.00
28.00
73.00
125.00
1.00
46.00
17.00
142.00
35.00
23.00
322.00
496.00
988.00
1352.00
1228.00
310.00
242.00
208.00
131.00
249.00
183.00
87.00
60.00
430.00
366.00
1104.00
281.00
205.00
83.00
270.00
160.00
329.00
200.00
304.00
413.00
204.00
328.00
102.00
147.00
155.00
87.00
100.00
251.00
10.00
132.00
70.00
11.00
8.00
139.00
138.00
190.00
335.00
304.00
172.00
198.00
158.00
1.00
0.00
0.00
0.00
2.00
0.00
0.00
144.00
54.00
106.00
5.00
34.00
4.00
15.00
35.00
0.00
0.00
0.00
0.00
6.00
0.00
5.00
82.00
144.00
0.00
0.00
74.00
0.00
0.00
16.00
2.00
0.00
421.00
2.00
9.00
130.00
366.00
7.00
4.00
0.00
0.00
0.00
0.00
0.00
6.00
0.00
0.00
0.00
0.00
105.00
0.00
0.00
31.00
0.00
0.00
0.00
0.00
0.00
0.00
0.00
0.00
0.00
0.00
0.00
0.00
0.00
0.00
0.00
0.00
0.00
14.00
6.00
0.00
0.00
19.00
0.00
0.00
0.00
18.00
17.00
0.00
0.00
48.00
8.00
0.00
0.00
0.00
0.00
0.00
31.00
0.00
0.00
0.00
0.00
0.00
0.00
0.00
0.00
0.00
0.00
0.00
0.00
0.00
0.00
0.00
0.00
22.00
0.00
0.00
0.00
0.00
0.00
0.00
0.00
0.00
0.00
0.00
0.00
0.00
0.00
0.00
0.00
0.00
0.00
0.00
0.00
0.00
0.00
0.00
0.00
0.00
0.00
0.00
0.00
0.00
0.00
0.00
0.00
0.00
0.00
0.00
0.00
90.00
1.00
0.00
0.00
7.00
0.00
282.00
2.00
0.00
0.00
0.00
0.00
0.00
126.00
55.00
34.00
135.00
0.00
0.00
0.00
36.00
230.00
0.00
59.00
152.00
391.00
212.00
141.00
46.00
653.00
448.00
130.00
358.00
1.00
0.00
78.00
13.00
0.00
0.00
0.00
0.00
1.00
337.00
69.00
0.00
11.00
748.00
547.00
349.00
477.00
0.00
175.00
251.00
111.00
0.00
91.00
25.00
83.00
213.00
2.00
83.00
189.00
201.00
554.00
1.00
83.00
82.00
24.00
354.00
346.00
60.00
249.00
523.00
8.00
45.00
584.00
167.00
329.00
271.00
101.00
30.00
65.00
221.00
76.00
41.00
32.00
220.00
337.00
173.00
255.00
322.00
182.00
394.00
43.00
5.00
219.00
93.00
179.00
179.00
360.00
1148.00
491.00
540.00
352.00
768.00
438.00
689.00
238.00
141.00
253.00
463.00
514.00
384.00
122.00
103.00
142.00
461.00
76.00
589.00
430.00
361.00
259.00
496.00
116.00
77.00
198.00
86.00
343.00
435.00
357.00
329.00
195.00
207.00
238.00
156.00
84.00
202.00
276.00
524.00
435.00
955.00
185.00
537.00
346.00
168.00
110.00
123.00
187.00
45.00
654.00
1167.00
732.00
451.00
389.00
524.00
344.00
204.00
109.00
178.00
1196.00
860.00
1296.00
1163.00
250.00
305.00
148.00
437.00
264.00
280.00
476.00
661.00
281.00
367.00
316.00
275.00
739.00
471.00
104.00
217.00
700.00
395.00
260.00
594.00
561.00
313.00
131.00
263.00
138.00
689.00
1566.00
486.00
238.00
181.00
445.00
201.00
112.00
116.00
606.00
162.00
572.00
228.00
125.00
54.00
219.00
71.00
56.00
108.00
311.00
237.00
396.00
770.00
284.00
120.00
44.00
53.00
12.00
123.00
210.00
107.00
60.00
35.00
30.00
61.00
81.00
388.00
25.00
4.00
6.00
112.00
333.00
815.00
1059.00
27.00
0.00
0.00
21.00
249.00
241.00
452.00
41.00
105.00
40.00
14.00
166.00
103.00
72.00
56.00
30.00
270.00
181.00
67.00
48.00
7.00
15.00
9.00
319.00
339.00
100.00
46.00
18.00
27.00
29.00
15.00
8.00
8.00
156.00
197.00
242.00
25.00
48.00
40.00
40.00
13.00
0.00
0.00
0.00
0.00
1.00
52.00
346.00
93.00
259.00
0.00
0.00
0.00
0.00
0.00
0.00
0.00
26.00
52.00
45.00
35.00
16.00
3.00
0.00
0.00
0.00
0.00
0.00
0.00
0.00
0.00
255.00
38.00
0.00
0.00
0.00
0.00
0.00
0.00
0.00
0.00
0.00
0.00
0.00
0.00
0.00
0.00
0.00
0.00
0.00
0.00
0.00
0.00
0.00
0.00
0.00
0.00
0.00
0.00
0.00
0.00
0.00
0.00
0.00
0.00
0.00
0.00
0.00
546.00
189.00
246.00
11.00
16.00
14.00
171.00
101.00
0.00
0.00
0.00
0.00
0.00
0.00
0.00
0.00
0.00
0.00
323.00
282.00
0.00
0.00
0.00
0.00
0.00
0.00
0.00
0.00
0.00
0.00
0.00
0.00
0.00
0.00
0.00
0.00
0.00
54.00
0.00
0.00
0.00
0.00
0.00
0.00
94.00
0.00
19.00
119.00
0.00
41.00
236.00
424.00
495.00
0.00
9.00
0.00
0.00
196.00
11.00
35.00
124.00
214.00
0.00
127.00
3.00
0.00
77.00
1.00
0.00
85.00
19.00
139.00
60.00
138.00
2.00
0.00
102.00
30.00
12.00
0.00
184.00
101.00
158.00
1.00
86.00
1.00
184.00
197.00
783.00
531.00
197.00
319.00
148.00
387.00
0.00
4.00
0.00
151.00
0.00
0.00
3.00
0.00
0.00
422.00
786.00
107.00
61.00
331.00
166.00
0.00
261.00
20.00
114.00
129.00
52.00
0.00
34.00
452.00
120.00
145.00
15.00
39.00
61.00
135.00
209.00
255.00
603.00
824.00
513.00
108.00
107.00
228.00
259.00
19.00
61.00
10.00
459.00
715.00
213.00
248.00
114.00
86.00
161.00
127.00
814.00
333.00
346.00
296.00
123.00
50.00
126.00
200.00
258.00
264.00
105.00
479.00
323.00
519.00
307.00
127.00
149.00
58.00
11.00
347.00
290.00
385.00
362.00
711.00
476.00
177.00
321.00
458.00
223.00
584.00
425.00
171.00
333.00
84.00
142.00
369.00
317.00
443.00
166.00
516.00
591.00
642.00
605.00
429.00
552.00
628.00
239.00
42.00
24.00
168.00
93.00
142.00
95.00
350.00
524.00
212.00
406.00
248.00
166.00
87.00
75.00
286.00
190.00
310.00
772.00
289.00
27.00
69.00
26.00
34.00
390.00
354.00
512.00
549.00
632.00
255.00
11.00
5.00
0.00
21.00
199.00
389.00
18.00
22.00
186.00
159.00
152.00
93.00
166.00
5.00
10.00
1.00
19.00
13.00
16.00
3.00
0.00
0.00
0.00
0.00
2.00
29.00
175.00
203.00
140.00
25.00
0.00
204.00
17.00
7.00
17.00
2.00
18.00
6.00
0.00
0.00
0.00
29.00
85.00
91.00
125.00
23.00
83.00
3.00
16.00
225.00
24.00
13.00
0.00
4.00
83.00
15.00
5.00
9.00
0.00
0.00
0.00
0.00
0.00
2.00
0.00
0.00
0.00
0.00
5.00
0.00
0.00
0.00
0.00
0.00
0.00
0.00
0.00
0.00
0.00
0.00
0.00
47.00
0.00
0.00
0.00
0.00
0.00
0.00
0.00
0.00
0.00
4.00
26.00
97.00
47.00
0.00
0.00
0.00
0.00
0.00
0.00
0.00
0.00
0.00
0.00
0.00
0.00
0.00
0.00
0.00
0.00
0.00
15.00
0.00
0.00
0.00
0.00
0.00
0.00
0.00
0.00
0.00
0.00
0.00
0.00
0.00
0.00
0.00
0.00
0.00
0.00
0.00
0.00
7.00
7.00
1.00
0.00
0.00
0.00
0.00
0.00
0.00
0.00
0.00
0.00
0.00
10.00
0.00
0.00
0.00
4.00
0.00
0.00
0.00
4.00
4.00
0.00
0.00
0.00
0.00
0.00
0.00
0.50
19.90
4.70
46.40
23.10
0.00
0.00
0.00
2.00
0.20
0.00
0.00
0.00
0.00
0.00
0.00
0.00
0.00
0.00
0.00
0.00
13.20
0.50
10.60
0.00
15.00
2.80
0.00
0.00
0.00
8.70
5.70
0.00
0.00
1.40
166.60
16.60
51.90
0.00
13.40
13.90
40.70
0.10
0.40
61.70
0.00
0.70
2.60
1.80
0.00
4.10
5.10
0.00
0.00
0.00
4.30
21.60
0.50
0.00
0.00
0.00
0.00
9.20
14.30
21.20
16.40
16.40
2.10
278.00
61.90
37.00
0.20
15.40
75.80
43.20
20.90
21.80
6.50
23.40
7.40
11.80
2.20
42.40
56.70
1.70
1.70
23.10
36.30
36.30
13.80
5.10
8.60
9.10
6.10
1.80
6.70
23.40
13.90
9.00
58.00
16.80
1.60
10.90
16.50
17.20
3.90
4.80
1.10
1.70
64.50
55.90
58.00
77.80
1.10
6.80
14.40
119.70
12.70
12.50
2.60
5.30
116.30
173.60
132.20
57.70
17.90
47.90
48.20
34.50
22.90
15.60
17.60
176.60
73.90
104.20
134.10
134.10
100.40
100.40
53.50
28.50
28.50
8.10
10.00
28.50
28.50
28.50
77.80
219.80
108.80
41.30
68.40
35.90
36.70
13.20
26.20
14.10
26.20
24.70
126.30
26.20
12.40
18.70
15.50
42.10
24.10
23.20
45.30
4.60
30.90
87.80
23.50
66.10
44.50
6.90
5.50
7.20
7.30
13.50
72.40
74.30
19.50
10.70
10.80
37.80
66.10
7.70
13.50
26.00
20.20
38.60
79.40
46.30
40.40
33.00
28.00
27.80
51.30
45.10
28.20
44.50
44.10
32.30
31.70
35.50
16.90
5.10
4.60
3.60
16.30
46.60
98.90
36.00
66.10
9.80
16.10
9.80
22.30
48.60
48.60
36.80
7.50
6.30
29.90
12.90
50.60
10.40
10.10
15.00
5.80
4.80
4.80
2.50
7.60
4.70
0.00
0.90
4.50
10.50
2.60
4.40
1.00
0.20
0.00
5.10
