20160101
0.00
0.00
0.00
0.00
0.00
0.00
0.00
0.00
1.00
0.00
0.00
0.00
0.00
0.00
0.00
0.00
0.00
0.00
0.00
4.00
0.00
0.00
0.00
0.00
0.00
0.00
0.00
0.00
0.00
0.00
0.00
0.00
0.00
0.00
0.00
0.00
0.00
0.00
4.00
2.00
0.00
38.00
30.00
0.00
0.00
0.00
0.00
0.00
0.00
0.00
0.00
1.00
0.00
83.00
164.00
0.00
13.00
0.00
0.00
0.00
0.00
4.00
0.00
117.00
0.00
88.00
0.00
1.00
1.00
5.00
0.00
0.00
0.00
0.00
0.00
100.00
0.00
0.00
2.00
1.00
67.00
0.00
37.00
0.00
0.00
0.00
0.00
586.00
5.00
55.00
347.00
37.00
0.00
267.00
734.00
533.00
131.00
0.00
0.00
0.00
0.00
0.00
0.00
40.00
121.00
125.00
354.00
534.00
1.00
132.00
162.00
269.00
365.00
0.00
0.00
147.00
27.00
26.00
0.00
0.00
42.00
78.00
181.00
64.00
200.00
27.00
33.00
8.00
0.00
0.00
2.00
5.00
58.00
116.00
40.00
138.00
0.00
268.00
407.00
30.00
223.00
932.00
1.00
19.00
1.00
17.00
1.00
1.00
27.00
117.00
22.00
26.00
3.00
2.00
1.00
528.00
1.00
60.00
73.00
6.00
7.00
97.00
43.00
60.00
7.00
0.00
125.00
275.00
677.00
22.00
0.00
12.00
20.00
50.00
3.00
32.00
40.00
22.00
77.00
4.00
197.00
17.00
158.00
55.00
11.00
10.00
3.00
6.00
19.00
31.00
245.00
34.00
44.00
0.00
4.00
46.00
235.00
66.00
1.00
5.00
15.00
4.00
6.00
91.00
175.00
94.00
243.00
20.00
21.00
41.00
123.00
28.00
14.00
66.00
2.00
86.00
83.00
131.00
43.00
269.00
126.00
53.00
17.00
75.00
59.00
38.00
71.00
95.00
13.00
45.00
37.00
3.00
364.00
12.00
0.00
11.00
0.00
761.00
30.00
4.00
26.00
9.00
323.00
403.00
88.00
4.00
120.00
77.00
78.00
84.00
133.00
1.00
3.00
7.00
68.00
387.00
591.00
198.00
0.00
253.00
163.00
170.00
79.00
374.00
616.00
58.00
278.00
6.00
108.00
107.00
97.00
256.00
0.00
300.00
1.00
0.00
0.00
94.00
565.00
272.00
144.00
4.00
1.00
59.00
227.00
219.00
8.00
0.00
0.00
0.00
0.00
0.00
0.00
0.00
0.00
0.00
0.00
0.00
0.00
0.00
94.00
1.00
58.00
113.00
0.00
0.00
22.00
32.00
190.00
515.00
359.00
0.00
0.00
0.00
0.00
0.00
0.00
0.00
0.00
0.00
0.00
0.00
0.00
0.00
0.00
0.00
0.00
0.00
0.00
0.00
0.00
0.00
0.00
0.00
0.00
0.00
0.00
0.00
0.00
0.00
0.00
0.00
0.00
0.00
0.00
0.00
0.00
0.00
0.00
0.00
0.00
0.00
0.00
0.00
0.00
0.00
0.00
0.00
0.00
0.00
0.00
0.00
0.00
0.00
0.00
0.00
0.00
0.00
0.00
0.00
0.00
0.00
0.00
0.00
0.00
0.00
0.00
0.00
0.00
0.00
0.00
0.00
0.00
0.00
0.00
0.00
0.00
0.00
0.00
0.00
0.00
0.00
0.00
0.00
0.00
0.00
0.00
0.00
0.00
0.00
0.00
0.00
0.00
0.00
0.00
0.00
0.00
0.00
0.00
0.00
0.00
0.00
0.00
0.00
0.00
0.00
0.00
0.00
1.00
1.00
0.00
0.00
0.00
0.00
0.00
0.00
0.00
0.00
0.00
36.00
1.00
0.00
142.00
0.00
60.00
184.00
0.00
0.00
0.00
0.00
0.00
0.00
81.00
0.00
95.00
0.00
0.00
0.00
0.00
101.00
0.00
0.00
3.00
80.00
488.00
62.00
46.00
37.00
451.00
208.00
368.00
0.00
0.00
0.00
0.00
0.00
0.00
0.00
0.00
0.00
42.00
24.00
0.00
0.00
652.00
290.00
148.00
611.00
30.00
324.00
36.00
0.00
0.00
105.00
2.00
27.00
237.00
0.00
0.00
62.00
13.00
80.00
0.00
0.00
108.00
0.00
10.00
0.00
28.00
90.00
461.00
1.00
42.00
1.00
61.00
26.00
96.00
17.00
0.00
0.00
3.00
40.00
234.00
132.00
136.00
1014.00
226.00
398.00
208.00
349.00
216.00
26.00
0.00
10.00
135.00
395.00
664.00
414.00
163.00
46.00
37.00
83.00
42.00
71.00
92.00
298.00
16.00
22.00
35.00
62.00
47.00
467.00
571.00
143.00
122.00
48.00
195.00
91.00
8.00
51.00
8.00
97.00
150.00
67.00
17.00
21.00
107.00
56.00
330.00
216.00
182.00
222.00
44.00
3.00
39.00
80.00
72.00
35.00
66.00
151.00
204.00
12.00
67.00
27.00
264.00
52.00
62.00
25.00
6.00
99.00
213.00
35.00
101.00
103.00
13.00
2.00
0.00
53.00
577.00
535.00
8.00
19.00
62.00
35.00
10.00
92.00
379.00
256.00
110.00
82.00
428.00
38.00
263.00
308.00
11.00
70.00
77.00
35.00
24.00
11.00
31.00
17.00
0.00
35.00
57.00
175.00
49.00
4.00
124.00
21.00
49.00
39.00
30.00
0.00
96.00
170.00
338.00
130.00
22.00
0.00
2.00
0.00
0.00
7.00
70.00
157.00
340.00
50.00
37.00
275.00
42.00
1.00
8.00
329.00
154.00
55.00
82.00
11.00
0.00
0.00
46.00
0.00
0.00
0.00
0.00
88.00
413.00
265.00
356.00
1368.00
0.00
0.00
0.00
0.00
0.00
0.00
4.00
1074.00
741.00
0.00
0.00
0.00
0.00
0.00
0.00
0.00
0.00
0.00
0.00
0.00
0.00
103.00
0.00
0.00
109.00
33.00
4.00
0.00
0.00
0.00
0.00
0.00
0.00
0.00
0.00
0.00
0.00
0.00
0.00
0.00
0.00
0.00
0.00
0.00
0.00
1.00
116.00
316.00
330.00
325.00
0.00
0.00
0.00
0.00
0.00
0.00
0.00
0.00
7.00
0.00
0.00
0.00
0.00
0.00
0.00
0.00
0.00
0.00
0.00
0.00
90.00
226.00
25.00
0.00
0.00
0.00
0.00
0.00
0.00
0.00
0.00
0.00
0.00
0.00
0.00
0.00
0.00
0.00
0.00
0.00
0.00
0.00
0.00
0.00
0.00
0.00
0.00
0.00
0.00
0.00
0.00
0.00
0.00
0.00
0.00
0.00
0.00
0.00
43.00
31.00
249.00
6.00
124.00
0.00
3.00
0.00
0.00
0.00
0.00
0.00
0.00
3.00
0.00
0.00
0.00
0.00
1.00
311.00
0.00
0.00
0.00
0.00
0.00
0.00
0.00
0.00
0.00
0.00
0.00
0.00
0.00
0.00
19.00
0.00
0.00
9.00
51.00
333.00
0.00
0.00
0.00
0.00
0.00
0.00
13.00
307.00
28.00
0.00
221.00
246.00
0.00
0.00
37.00
35.00
0.00
231.00
2.00
0.00
116.00
0.00
28.00
29.00
37.00
0.00
24.00
0.00
0.00
65.00
55.00
1.00
20.00
252.00
52.00
0.00
1.00
15.00
1.00
3.00
67.00
103.00
353.00
2.00
94.00
8.00
92.00
472.00
556.00
499.00
598.00
454.00
274.00
173.00
0.00
207.00
27.00
152.00
32.00
5.00
0.00
3.00
32.00
6.00
0.00
16.00
31.00
2.00
0.00
0.00
43.00
185.00
1.00
81.00
16.00
36.00
97.00
159.00
421.00
66.00
0.00
881.00
212.00
296.00
848.00
674.00
0.00
261.00
216.00
0.00
0.00
0.00
6.00
0.00
28.00
93.00
6.00
9.00
0.00
585.00
193.00
6.00
0.00
11.00
0.00
3.00
59.00
3.00
0.00
20.00
53.00
53.00
58.00
227.00
60.00
123.00
83.00
53.00
74.00
18.00
44.00
78.00
36.00
11.00
82.00
22.00
81.00
45.00
17.00
4.00
3.00
50.00
241.00
276.00
130.00
27.00
14.00
8.00
283.00
120.00
39.00
117.00
132.00
67.00
19.00
70.00
418.00
559.00
80.00
451.00
181.00
95.00
7.00
0.00
558.00
146.00
5.00
148.00
65.00
88.00
206.00
34.00
36.00
7.00
31.00
89.00
85.00
0.00
1.00
59.00
33.00
24.00
0.00
0.00
68.00
3.00
4.00
23.00
1.00
1.00
58.00
80.00
12.00
4.00
142.00
18.00
245.00
0.00
44.00
112.00
20.00
2.00
627.00
0.00
0.00
0.00
0.00
0.00
0.00
0.00
0.00
2.00
0.00
0.00
29.00
155.00
403.00
270.00
3.00
2.00
0.00
0.00
0.00
0.00
0.00
0.00
0.00
0.00
0.00
0.00
0.00
0.00
538.00
306.00
274.00
155.00
33.00
0.00
0.00
0.00
0.00
0.00
2.00
0.00
0.00
0.00
0.00
0.00
0.00
0.00
0.00
0.00
0.00
0.00
0.00
0.00
1.00
0.00
0.00
0.00
0.00
0.00
0.00
0.00
0.00
0.00
0.00
0.00
0.00
0.00
0.00
0.00
3.00
0.00
0.00
0.00
0.00
0.00
0.00
0.00
3.00
0.00
1.00
38.00
1.00
0.00
0.00
0.00
0.00
0.00
0.00
0.00
0.00
0.00
0.00
0.00
0.00
0.00
0.00
0.00
0.00
0.00
0.00
0.00
0.00
0.00
0.00
0.00
0.00
0.00
0.00
0.00
0.00
0.00
0.00
0.00
0.00
0.00
0.00
0.00
0.00
0.00
0.00
0.00
0.00
0.00
11.00
0.00
0.00
0.00
0.00
0.00
0.00
0.00
0.00
0.00
0.00
0.00
0.00
0.00
0.00
0.00
0.00
0.00
1.00
8.00
0.00
0.00
0.00
0.00
0.00
0.00
0.00
110.80
68.70
93.60
65.00
0.00
0.00
0.00
6.90
33.10
0.00
0.00
0.00
0.00
0.00
0.00
0.00
0.00
0.00
0.70
0.00
71.80
13.40
0.20
5.40
0.00
28.30
0.00
0.00
0.00
0.10
15.90
0.00
0.00
0.00
94.90
10.50
226.90
27.80
8.40
0.00
8.40
0.10
18.20
16.80
0.00
0.20
0.60
0.60
0.00
0.50
0.00
0.00
0.00
0.00
4.50
0.00
1.30
0.00
0.00
0.00
0.00
0.10
24.10
0.40
0.00
0.00
0.70
4.50
22.50
0.00
0.00
0.00
0.00
0.00
0.00
6.30
0.00
48.40
2.40
0.80
0.40
14.90
6.00
0.40
0.40
2.80
13.20
13.20
78.70
0.30
4.80
0.00
0.00
0.00
0.00
28.20
29.60
0.10
0.10
5.70
0.90
17.20
6.40
0.90
1.50
0.00
0.00
2.70
29.20
19.20
0.00
0.00
0.00
4.90
24.80
16.60
11.40
2.20
0.00
0.30
0.10
5.00
0.30
2.40
44.00
11.50
16.10
29.70
7.00
48.10
20.80
13.20
7.30
8.50
19.70
19.70
17.90
17.90
7.40
5.60
5.60
0.00
0.60
5.60
5.60
5.60
0.40
1.10
1.60
3.00
60.80
20.50
41.40
8.40
1.90
16.70
3.70
10.90
25.80
17.30
8.20
10.20
0.70
19.10
3.20
0.30
0.50
0.00
1.30
11.40
8.50
5.40
2.60
6.80
0.10
0.70
6.70
6.80
126.70
57.40
35.30
12.40
8.30
0.70
4.60
0.00
2.70
4.60
0.80
1.10
16.60
24.30
26.90
22.30
43.00
0.70
0.70
21.10
12.60
6.30
0.90
0.00
10.90
14.50
0.20
0.10
2.10
1.90
9.50
18.90
11.30
32.20
18.80
0.10
9.60
25.20
23.10
8.40
8.40
0.70
0.10
1.40
0.00
24.40
8.70
4.00
30.80
15.40
0.00
0.00
0.00
0.00
9.10
4.90
0.00
0.00
0.00
0.00
0.30
13.20
1.40
0.30
0.30
1.60
