20160101
0.00
0.00
0.00
0.00
0.00
0.00
0.00
0.00
20.00
0.00
0.00
0.00
2.00
0.00
0.00
0.00
0.00
0.00
0.00
67.00
0.00
0.00
0.00
0.00
0.00
0.00
0.00
0.00
0.00
0.00
0.00
0.00
0.00
0.00
0.00
0.00
0.00
3.00
0.00
8.00
0.00
0.00
0.00
0.00
0.00
0.00
0.00
0.00
0.00
0.00
1.00
1.00
0.00
9.00
60.00
0.00
8.00
163.00
0.00
0.00
0.00
0.00
0.00
6.00
0.00
36.00
0.00
0.00
0.00
0.00
0.00
0.00
17.00
0.00
0.00
8.00
0.00
0.00
0.00
115.00
0.00
0.00
20.00
0.00
0.00
0.00
2.00
322.00
31.00
94.00
52.00
2.00
0.00
34.00
9.00
123.00
29.00
26.00
81.00
0.00
0.00
10.00
5.00
1.00
169.00
94.00
243.00
149.00
75.00
142.00
45.00
1.00
11.00
381.00
141.00
0.00
82.00
86.00
198.00
49.00
163.00
44.00
17.00
4.00
19.00
25.00
2.00
0.00
3.00
0.00
0.00
102.00
49.00
56.00
10.00
122.00
582.00
876.00
119.00
15.00
102.00
404.00
0.00
0.00
41.00
14.00
0.00
42.00
43.00
56.00
0.00
40.00
0.00
3.00
0.00
174.00
41.00
112.00
87.00
34.00
13.00
125.00
34.00
66.00
0.00
3.00
8.00
60.00
147.00
45.00
0.00
5.00
6.00
19.00
0.00
22.00
37.00
2.00
0.00
14.00
31.00
45.00
303.00
193.00
271.00
2.00
22.00
11.00
4.00
4.00
0.00
1.00
68.00
27.00
22.00
16.00
52.00
25.00
1.00
4.00
0.00
3.00
11.00
47.00
43.00
30.00
236.00
14.00
69.00
24.00
73.00
64.00
50.00
88.00
1.00
9.00
18.00
36.00
93.00
86.00
46.00
54.00
67.00
95.00
17.00
23.00
28.00
12.00
50.00
4.00
13.00
3.00
207.00
137.00
0.00
45.00
0.00
199.00
0.00
30.00
38.00
88.00
159.00
19.00
10.00
0.00
33.00
2.00
12.00
0.00
9.00
8.00
0.00
3.00
11.00
139.00
65.00
0.00
0.00
23.00
41.00
150.00
178.00
27.00
94.00
7.00
65.00
7.00
206.00
19.00
5.00
84.00
0.00
52.00
133.00
1.00
10.00
0.00
0.00
13.00
22.00
22.00
196.00
55.00
10.00
63.00
0.00
0.00
0.00
0.00
0.00
1.00
0.00
0.00
0.00
0.00
0.00
0.00
0.00
0.00
93.00
6.00
73.00
1.00
0.00
0.00
0.00
73.00
72.00
229.00
181.00
20.00
0.00
0.00
0.00
0.00
0.00
0.00
0.00
0.00
0.00
0.00
0.00
1.00
0.00
0.00
0.00
0.00
0.00
0.00
0.00
0.00
0.00
0.00
0.00
31.00
1.00
0.00
0.00
0.00
0.00
0.00
0.00
0.00
0.00
0.00
0.00
0.00
0.00
0.00
0.00
0.00
0.00
0.00
0.00
0.00
0.00
0.00
0.00
0.00
25.00
0.00
0.00
0.00
0.00
0.00
0.00
0.00
0.00
178.00
0.00
0.00
0.00
0.00
0.00
0.00
0.00
0.00
0.00
0.00
0.00
0.00
0.00
0.00
0.00
0.00
0.00
0.00
0.00
0.00
0.00
0.00
13.00
0.00
0.00
0.00
0.00
0.00
0.00
0.00
0.00
0.00
0.00
0.00
0.00
0.00
0.00
0.00
0.00
0.00
0.00
0.00
0.00
0.00
0.00
0.00
0.00
28.00
430.00
0.00
0.00
0.00
0.00
0.00
0.00
0.00
0.00
0.00
6.00
59.00
0.00
0.00
123.00
9.00
243.00
43.00
0.00
0.00
0.00
0.00
0.00
39.00
227.00
46.00
106.00
0.00
0.00
0.00
0.00
27.00
0.00
0.00
18.00
173.00
233.00
272.00
565.00
756.00
710.00
108.00
0.00
0.00
22.00
159.00
19.00
0.00
0.00
0.00
0.00
0.00
58.00
0.00
38.00
0.00
144.00
12.00
26.00
15.00
0.00
0.00
67.00
62.00
62.00
181.00
15.00
181.00
53.00
0.00
6.00
1.00
115.00
147.00
2.00
3.00
40.00
2.00
0.00
0.00
13.00
36.00
29.00
19.00
0.00
9.00
35.00
10.00
0.00
72.00
3.00
164.00
60.00
82.00
11.00
7.00
148.00
638.00
78.00
179.00
62.00
173.00
61.00
4.00
3.00
8.00
121.00
256.00
134.00
321.00
145.00
50.00
0.00
0.00
41.00
125.00
29.00
79.00
0.00
2.00
32.00
63.00
7.00
71.00
143.00
135.00
148.00
44.00
309.00
101.00
49.00
39.00
35.00
26.00
34.00
31.00
89.00
136.00
69.00
98.00
29.00
35.00
252.00
16.00
21.00
3.00
77.00
134.00
41.00
1.00
76.00
40.00
1.00
24.00
26.00
11.00
71.00
41.00
9.00
0.00
5.00
11.00
99.00
53.00
19.00
42.00
49.00
32.00
7.00
59.00
197.00
109.00
33.00
19.00
20.00
22.00
26.00
5.00
0.00
3.00
39.00
11.00
2.00
22.00
577.00
70.00
6.00
17.00
5.00
43.00
20.00
23.00
3.00
100.00
45.00
4.00
0.00
8.00
9.00
24.00
24.00
81.00
19.00
35.00
14.00
14.00
1.00
214.00
15.00
56.00
123.00
0.00
0.00
16.00
4.00
0.00
28.00
56.00
151.00
307.00
33.00
6.00
41.00
0.00
9.00
0.00
47.00
0.00
45.00
91.00
3.00
0.00
6.00
13.00
1.00
0.00
0.00
0.00
13.00
55.00
275.00
648.00
0.00
0.00
0.00
0.00
0.00
0.00
0.00
733.00
1162.00
0.00
0.00
0.00
0.00
0.00
0.00
0.00
0.00
0.00
0.00
0.00
0.00
0.00
0.00
4.00
203.00
5.00
0.00
0.00
0.00
0.00
0.00
0.00
0.00
0.00
0.00
0.00
0.00
0.00
0.00
0.00
0.00
0.00
0.00
0.00
0.00
0.00
8.00
35.00
98.00
288.00
0.00
0.00
0.00
0.00
0.00
0.00
0.00
0.00
77.00
0.00
0.00
0.00
0.00
0.00
0.00
0.00
0.00
0.00
0.00
0.00
47.00
57.00
2.00
19.00
0.00
0.00
0.00
0.00
0.00
0.00
0.00
0.00
0.00
0.00
0.00
0.00
0.00
0.00
0.00
0.00
0.00
0.00
0.00
0.00
0.00
0.00
0.00
0.00
0.00
0.00
0.00
0.00
0.00
0.00
0.00
0.00
8.00
0.00
0.00
0.00
0.00
5.00
0.00
1.00
0.00
0.00
0.00
0.00
0.00
0.00
0.00
0.00
0.00
0.00
8.00
0.00
29.00
1235.00
0.00
0.00
0.00
0.00
0.00
0.00
34.00
0.00
0.00
0.00
0.00
0.00
0.00
106.00
84.00
0.00
12.00
146.00
87.00
0.00
0.00
0.00
0.00
0.00
0.00
0.00
0.00
43.00
4.00
0.00
65.00
111.00
4.00
0.00
13.00
0.00
18.00
23.00
0.00
2.00
62.00
15.00
27.00
27.00
268.00
1.00
41.00
0.00
35.00
27.00
72.00
22.00
11.00
110.00
5.00
0.00
1.00
12.00
0.00
1.00
122.00
46.00
53.00
16.00
216.00
12.00
117.00
13.00
84.00
91.00
49.00
705.00
318.00
13.00
64.00
108.00
0.00
21.00
0.00
0.00
0.00
6.00
0.00
0.00
5.00
0.00
17.00
10.00
0.00
47.00
11.00
73.00
0.00
6.00
1.00
52.00
9.00
19.00
61.00
293.00
17.00
54.00
210.00
138.00
156.00
587.00
349.00
388.00
56.00
11.00
0.00
1.00
0.00
0.00
0.00
4.00
29.00
70.00
1.00
31.00
11.00
1.00
12.00
0.00
9.00
8.00
57.00
13.00
1.00
66.00
44.00
48.00
2.00
27.00
42.00
18.00
39.00
1.00
0.00
6.00
75.00
11.00
0.00
55.00
43.00
59.00
26.00
216.00
336.00
19.00
5.00
73.00
105.00
167.00
124.00
151.00
17.00
19.00
38.00
30.00
13.00
28.00
219.00
15.00
19.00
40.00
81.00
33.00
1.00
6.00
49.00
11.00
69.00
1.00
28.00
21.00
1.00
120.00
18.00
37.00
23.00
12.00
11.00
1.00
0.00
19.00
120.00
2.00
0.00
61.00
0.00
0.00
0.00
10.00
32.00
1.00
29.00
131.00
14.00
0.00
1.00
4.00
8.00
4.00
3.00
26.00
5.00
2.00
10.00
5.00
0.00
0.00
1.00
0.00
0.00
1.00
0.00
0.00
0.00
0.00
0.00
0.00
1.00
0.00
0.00
43.00
33.00
341.00
386.00
129.00
0.00
0.00
0.00
0.00
0.00
0.00
0.00
0.00
0.00
0.00
0.00
0.00
298.00
282.00
40.00
63.00
0.00
0.00
0.00
0.00
0.00
0.00
0.00
0.00
0.00
0.00
0.00
0.00
3.00
0.00
0.00
0.00
0.00
0.00
0.00
0.00
0.00
0.00
0.00
0.00
0.00
0.00
0.00
0.00
0.00
0.00
0.00
0.00
0.00
0.00
0.00
1.00
0.00
0.00
0.00
0.00
0.00
21.00
0.00
0.00
0.00
0.00
13.00
61.00
251.00
0.00
0.00
0.00
0.00
0.00
0.00
0.00
0.00
0.00
0.00
0.00
0.00
0.00
0.00
0.00
0.00
0.00
93.00
0.00
0.00
5.00
0.00
0.00
0.00
0.00
0.00
0.00
0.00
0.00
0.00
0.00
0.00
0.00
0.00
0.00
0.00
0.00
0.00
0.00
0.00
0.00
11.00
0.00
0.00
0.00
0.00
0.00
0.00
0.00
0.00
0.00
0.00
1.00
0.00
0.00
0.00
0.00
0.00
0.00
0.00
0.00
0.00
0.00
0.00
0.00
0.00
0.00
0.00
14.30
5.20
86.90
51.80
0.00
0.00
0.00
0.00
1.10
0.00
0.00
0.00
0.00
0.00
0.00
0.00
0.00
0.00
0.30
0.00
9.90
14.20
24.90
2.60
0.00
0.20
0.00
0.00
0.00
5.50
2.20
0.00
0.00
0.00
27.50
24.30
58.20
0.00
63.10
11.10
8.70
18.00
15.90
11.90
0.00
0.00
0.00
0.00
11.50
6.00
0.00
23.40
2.30
9.20
41.00
0.00
1.60
0.00
0.00
0.00
0.00
0.10
7.70
7.60
2.30
2.30
2.60
2.10
28.30
0.00
0.00
0.00
3.90
15.00
3.50
21.70
3.80
1.40
0.20
0.10
0.00
5.80
2.10
0.00
0.00
5.70
7.50
7.50
3.10
3.70
0.10
5.30
0.00
0.00
0.00
7.40
0.30
0.00
3.00
1.10
0.00
12.50
1.50
0.10
2.30
1.80
0.00
0.40
2.80
31.60
16.90
0.00
1.80
0.20
7.80
9.80
12.30
1.00
0.00
1.90
1.60
11.80
21.10
5.00
0.10
0.00
0.10
0.10
2.90
1.00
1.50
23.90
12.40
7.00
4.20
4.20
25.20
25.20
3.00
0.80
0.80
0.00
0.00
0.80
0.80
0.80
9.00
2.10
2.10
2.40
24.20
16.30
10.10
0.00
0.30
2.60
4.60
14.10
22.80
7.10
0.60
0.10
6.70
2.20
13.10
0.10
1.60
0.00
2.10
6.70
3.20
4.00
0.60
0.00
0.70
0.50
0.40
4.30
9.70
7.80
0.90
0.00
0.00
3.30
15.00
0.00
1.30
4.50
0.30
2.60
0.60
1.20
6.20
0.30
1.80
1.90
2.80
5.50
1.60
11.30
1.90
1.20
1.30
2.90
1.90
0.40
0.30
0.00
17.60
27.00
17.90
17.50
9.90
15.40
0.00
1.00
3.70
1.50
1.50
4.80
0.10
0.20
0.10
4.60
19.30
18.90
7.00
1.50
0.00
0.00
0.00
0.00
5.60
0.00
0.00
0.00
0.00
0.20
3.20
0.40
1.20
0.20
0.80
5.90
