20160101
0.00
0.00
0.00
0.00
0.00
0.00
0.00
0.00
0.00
0.00
0.00
0.00
1.00
0.00
0.00
0.00
0.00
0.00
15.00
44.00
0.00
0.00
0.00
0.00
0.00
0.00
0.00
0.00
0.00
0.00
0.00
0.00
0.00
0.00
0.00
0.00
0.00
0.00
0.00
0.00
0.00
0.00
0.00
0.00
0.00
0.00
0.00
0.00
0.00
0.00
5.00
0.00
0.00
0.00
0.00
0.00
10.00
0.00
0.00
0.00
0.00
0.00
0.00
0.00
0.00
1.00
0.00
3.00
0.00
0.00
0.00
0.00
1.00
9.00
0.00
0.00
0.00
0.00
10.00
6.00
6.00
0.00
0.00
0.00
0.00
0.00
307.00
239.00
6.00
41.00
227.00
1.00
0.00
0.00
38.00
199.00
57.00
7.00
0.00
51.00
0.00
0.00
0.00
2.00
143.00
2.00
68.00
343.00
211.00
142.00
31.00
36.00
1.00
0.00
0.00
71.00
598.00
112.00
71.00
62.00
9.00
44.00
0.00
56.00
56.00
221.00
132.00
439.00
5.00
61.00
68.00
5.00
203.00
163.00
160.00
813.00
0.00
143.00
225.00
85.00
74.00
145.00
1.00
0.00
43.00
30.00
0.00
48.00
2.00
18.00
11.00
77.00
0.00
0.00
14.00
277.00
3.00
17.00
2.00
0.00
0.00
144.00
0.00
0.00
4.00
165.00
231.00
190.00
42.00
90.00
171.00
162.00
469.00
202.00
505.00
364.00
0.00
145.00
157.00
15.00
54.00
2.00
291.00
48.00
382.00
233.00
193.00
0.00
13.00
282.00
52.00
15.00
2.00
54.00
91.00
204.00
8.00
393.00
177.00
223.00
349.00
895.00
612.00
102.00
319.00
29.00
693.00
16.00
8.00
69.00
96.00
87.00
104.00
44.00
157.00
8.00
164.00
154.00
4.00
76.00
69.00
29.00
76.00
3.00
426.00
81.00
50.00
126.00
52.00
19.00
18.00
0.00
0.00
3.00
0.00
6.00
1.00
323.00
14.00
1.00
83.00
29.00
466.00
265.00
516.00
815.00
69.00
89.00
3.00
24.00
1.00
1.00
0.00
207.00
86.00
13.00
1.00
4.00
1.00
106.00
31.00
81.00
22.00
15.00
25.00
49.00
48.00
13.00
261.00
185.00
0.00
3.00
70.00
1.00
13.00
85.00
122.00
0.00
42.00
0.00
8.00
1.00
587.00
779.00
17.00
2.00
0.00
0.00
0.00
0.00
0.00
0.00
0.00
0.00
0.00
0.00
0.00
0.00
0.00
0.00
91.00
0.00
0.00
0.00
0.00
0.00
0.00
0.00
19.00
87.00
0.00
0.00
0.00
0.00
0.00
0.00
0.00
0.00
0.00
0.00
0.00
0.00
0.00
0.00
0.00
0.00
0.00
0.00
0.00
0.00
0.00
0.00
0.00
0.00
0.00
16.00
0.00
0.00
0.00
0.00
0.00
0.00
0.00
0.00
0.00
0.00
0.00
0.00
0.00
0.00
0.00
0.00
0.00
0.00
0.00
0.00
0.00
0.00
0.00
0.00
0.00
0.00
0.00
0.00
0.00
0.00
0.00
0.00
0.00
0.00
0.00
0.00
0.00
0.00
0.00
3.00
0.00
0.00
0.00
0.00
0.00
0.00
0.00
0.00
0.00
0.00
0.00
0.00
0.00
0.00
0.00
3.00
3.00
0.00
0.00
0.00
0.00
0.00
0.00
0.00
0.00
0.00
0.00
0.00
0.00
0.00
0.00
0.00
0.00
0.00
0.00
0.00
0.00
0.00
0.00
0.00
2.00
0.00
0.00
0.00
0.00
0.00
0.00
0.00
0.00
0.00
0.00
0.00
18.00
0.00
0.00
0.00
47.00
0.00
81.00
0.00
0.00
0.00
0.00
0.00
0.00
0.00
326.00
5.00
46.00
0.00
0.00
0.00
0.00
288.00
11.00
10.00
6.00
33.00
132.00
309.00
688.00
746.00
437.00
1.00
161.00
0.00
37.00
6.00
0.00
0.00
0.00
0.00
0.00
0.00
219.00
97.00
0.00
60.00
191.00
123.00
152.00
402.00
0.00
115.00
51.00
79.00
2.00
397.00
9.00
285.00
19.00
0.00
105.00
186.00
317.00
317.00
18.00
6.00
93.00
0.00
72.00
28.00
2.00
159.00
514.00
6.00
16.00
611.00
215.00
105.00
0.00
125.00
189.00
355.00
126.00
471.00
0.00
1.00
58.00
221.00
110.00
295.00
322.00
82.00
0.00
31.00
1.00
7.00
40.00
60.00
151.00
53.00
1294.00
431.00
337.00
20.00
95.00
102.00
202.00
356.00
0.00
279.00
541.00
48.00
210.00
5.00
42.00
37.00
66.00
95.00
581.00
647.00
107.00
1026.00
198.00
35.00
48.00
89.00
217.00
112.00
92.00
90.00
69.00
29.00
72.00
65.00
69.00
0.00
241.00
92.00
9.00
25.00
239.00
109.00
1.00
42.00
3.00
24.00
43.00
116.00
15.00
0.00
105.00
69.00
122.00
66.00
82.00
98.00
219.00
10.00
283.00
1187.00
1775.00
792.00
413.00
183.00
101.00
18.00
94.00
23.00
0.00
60.00
110.00
133.00
127.00
1.00
83.00
300.00
258.00
35.00
1.00
1.00
146.00
235.00
421.00
65.00
5.00
101.00
0.00
61.00
662.00
958.00
431.00
13.00
14.00
0.00
38.00
4.00
0.00
413.00
209.00
366.00
278.00
58.00
84.00
42.00
45.00
0.00
2.00
59.00
151.00
269.00
331.00
13.00
1.00
3.00
22.00
2.00
19.00
7.00
18.00
0.00
0.00
0.00
44.00
662.00
301.00
0.00
0.00
0.00
0.00
344.00
695.00
1474.00
2.00
0.00
0.00
0.00
0.00
0.00
0.00
2.00
9.00
0.00
0.00
0.00
0.00
0.00
0.00
0.00
0.00
0.00
0.00
0.00
0.00
0.00
0.00
0.00
163.00
108.00
4.00
0.00
0.00
0.00
0.00
0.00
0.00
0.00
0.00
0.00
0.00
0.00
0.00
0.00
0.00
0.00
0.00
0.00
0.00
0.00
4.00
0.00
143.00
0.00
0.00
0.00
0.00
0.00
0.00
0.00
0.00
0.00
11.00
0.00
0.00
0.00
0.00
0.00
0.00
0.00
0.00
0.00
0.00
0.00
0.00
0.00
0.00
0.00
0.00
0.00
0.00
0.00
0.00
0.00
0.00
0.00
0.00
0.00
0.00
0.00
0.00
0.00
0.00
0.00
0.00
0.00
0.00
0.00
0.00
0.00
0.00
0.00
0.00
0.00
0.00
0.00
0.00
0.00
0.00
0.00
0.00
0.00
137.00
14.00
0.00
12.00
22.00
0.00
6.00
6.00
0.00
0.00
0.00
0.00
0.00
0.00
0.00
0.00
0.00
0.00
593.00
21.00
0.00
0.00
0.00
0.00
0.00
0.00
0.00
0.00
0.00
0.00
0.00
0.00
0.00
1.00
1.00
0.00
0.00
22.00
0.00
0.00
0.00
0.00
0.00
0.00
0.00
0.00
13.00
44.00
0.00
84.00
416.00
301.00
238.00
2.00
0.00
97.00
0.00
104.00
4.00
18.00
130.00
176.00
0.00
84.00
55.00
310.00
46.00
1.00
5.00
4.00
0.00
2.00
71.00
229.00
0.00
0.00
59.00
0.00
16.00
0.00
40.00
9.00
160.00
38.00
193.00
0.00
227.00
0.00
274.00
216.00
49.00
246.00
84.00
64.00
5.00
12.00
0.00
175.00
0.00
0.00
0.00
4.00
0.00
7.00
13.00
193.00
21.00
227.00
38.00
32.00
135.00
0.00
64.00
18.00
25.00
0.00
57.00
19.00
478.00
0.00
0.00
2.00
107.00
108.00
27.00
22.00
886.00
754.00
159.00
122.00
172.00
57.00
12.00
87.00
77.00
69.00
111.00
64.00
73.00
90.00
4.00
29.00
76.00
115.00
416.00
903.00
414.00
135.00
4.00
0.00
18.00
4.00
15.00
14.00
46.00
54.00
100.00
63.00
20.00
43.00
3.00
15.00
5.00
183.00
82.00
12.00
108.00
132.00
206.00
139.00
336.00
161.00
158.00
217.00
65.00
237.00
250.00
6.00
15.00
23.00
19.00
108.00
36.00
21.00
3.00
77.00
109.00
58.00
50.00
708.00
10.00
6.00
8.00
52.00
35.00
44.00
96.00
266.00
286.00
194.00
200.00
31.00
179.00
8.00
20.00
4.00
57.00
502.00
149.00
219.00
68.00
0.00
0.00
0.00
4.00
526.00
1372.00
537.00
70.00
53.00
0.00
34.00
0.00
1.00
19.00
11.00
0.00
1.00
27.00
77.00
27.00
14.00
0.00
21.00
51.00
0.00
0.00
0.00
0.00
0.00
0.00
0.00
0.00
0.00
0.00
21.00
51.00
54.00
31.00
0.00
0.00
0.00
0.00
0.00
0.00
0.00
0.00
0.00
0.00
0.00
0.00
0.00
4.00
3.00
1.00
6.00
0.00
0.00
0.00
0.00
26.00
3.00
0.00
0.00
0.00
0.00
0.00
0.00
0.00
0.00
0.00
0.00
0.00
0.00
0.00
0.00
0.00
0.00
0.00
1.00
0.00
0.00
0.00
0.00
0.00
0.00
0.00
0.00
0.00
0.00
0.00
0.00
0.00
0.00
0.00
0.00
0.00
0.00
0.00
0.00
0.00
0.00
2.00
50.00
430.00
0.00
0.00
0.00
0.00
0.00
0.00
0.00
0.00
0.00
0.00
0.00
0.00
0.00
0.00
0.00
0.00
0.00
0.00
0.00
0.00
0.00
0.00
0.00
0.00
0.00
0.00
0.00
0.00
0.00
0.00
0.00
0.00
0.00
0.00
0.00
0.00
0.00
0.00
2.00
2.00
0.00
0.00
0.00
1.00
1.00
0.00
0.00
0.00
0.00
0.00
0.00
19.00
0.00
0.00
0.00
0.00
0.00
0.00
0.00
13.00
9.00
0.00
0.00
0.00
0.00
0.00
0.00
1.70
8.20
0.20
59.00
6.00
0.00
0.00
0.00
0.00
0.00
0.00
0.00
0.00
0.00
0.00
0.00
0.00
0.00
0.00
0.50
0.00
4.10
3.90
0.10
0.00
0.00
1.60
0.00
0.00
0.00
5.30
0.60
0.00
30.30
1.60
155.20
0.40
19.30
0.00
11.00
10.20
21.70
1.50
1.10
35.30
0.00
0.10
0.00
0.30
0.80
12.70
21.20
0.00
0.00
0.20
0.00
24.60
0.20
0.00
0.00
0.00
0.10
9.50
26.50
11.10
10.20
10.20
5.90
86.10
85.10
0.00
0.00
72.20
25.00
17.20
74.30
128.20
35.20
22.40
5.10
16.70
0.00
53.20
22.60
0.90
0.90
23.30
29.70
29.70
43.30
0.70
16.80
18.90
5.10
20.70
20.20
8.50
1.90
6.90
34.50
1.70
0.00
0.00
0.40
0.20
0.00
0.00
0.00
0.00
0.40
11.60
0.50
84.60
2.20
0.00
13.30
10.50
47.10
4.80
2.50
1.50
93.70
184.50
107.70
87.70
0.00
1.40
0.40
0.30
0.40
5.40
7.40
8.90
52.90
146.40
262.90
262.90
56.50
56.50
99.50
6.40
6.40
0.30
0.00
6.40
6.40
6.40
2.50
6.60
77.10
8.20
27.60
3.10
0.60
6.50
0.70
8.40
13.30
10.60
23.60
1.70
23.00
11.80
2.40
1.80
5.50
5.40
5.50
6.00
33.10
32.50
18.50
13.70
1.50
3.70
2.50
1.60
0.20
2.30
56.80
15.30
15.30
0.40
0.70
2.10
4.90
2.00
10.60
1.90
4.80
2.80
32.50
18.60
1.10
2.70
9.10
8.50
55.90
18.40
5.50
35.90
52.70
20.20
11.70
23.50
13.90
2.40
0.00
0.00
0.80
10.70
11.40
17.60
31.50
1.00
12.10
20.40
3.10
52.70
52.70
16.20
0.00
0.00
0.30
2.40
33.40
23.50
3.70
0.10
0.00
0.00
0.00
0.00
0.00
0.00
0.10
0.00
0.00
0.00
3.40
0.20
0.00
0.50
24.00
92.30
