20160101
0.00
0.00
0.00
0.00
0.00
0.00
0.00
0.00
48.00
0.00
0.00
0.00
1.00
0.00
0.00
0.00
0.00
0.00
0.00
62.00
0.00
0.00
0.00
0.00
0.00
1.00
0.00
0.00
0.00
0.00
0.00
0.00
0.00
0.00
0.00
0.00
0.00
1.00
0.00
0.00
0.00
0.00
0.00
0.00
0.00
0.00
0.00
0.00
0.00
0.00
2.00
5.00
0.00
5.00
244.00
0.00
10.00
0.00
6.00
0.00
0.00
0.00
0.00
18.00
0.00
40.00
0.00
0.00
15.00
4.00
8.00
2.00
1.00
0.00
0.00
0.00
0.00
0.00
13.00
3.00
10.00
0.00
0.00
0.00
0.00
0.00
32.00
565.00
132.00
314.00
230.00
4.00
2.00
49.00
104.00
334.00
184.00
249.00
141.00
35.00
1.00
191.00
528.00
203.00
430.00
441.00
588.00
238.00
308.00
539.00
123.00
418.00
180.00
2005.00
794.00
18.00
131.00
180.00
239.00
110.00
493.00
40.00
50.00
24.00
127.00
1.00
84.00
17.00
3.00
0.00
1.00
29.00
95.00
164.00
157.00
338.00
1498.00
881.00
279.00
30.00
43.00
709.00
0.00
0.00
82.00
20.00
18.00
49.00
46.00
28.00
15.00
73.00
0.00
0.00
0.00
13.00
6.00
494.00
537.00
66.00
44.00
262.00
117.00
32.00
0.00
0.00
169.00
90.00
270.00
52.00
1.00
10.00
145.00
74.00
31.00
2.00
21.00
74.00
98.00
33.00
72.00
29.00
328.00
198.00
231.00
95.00
1.00
51.00
0.00
1.00
238.00
27.00
40.00
22.00
6.00
2.00
280.00
108.00
4.00
15.00
0.00
4.00
56.00
76.00
126.00
71.00
119.00
13.00
1.00
153.00
11.00
186.00
13.00
5.00
0.00
0.00
42.00
74.00
45.00
112.00
110.00
32.00
4.00
31.00
157.00
10.00
111.00
1.00
0.00
2.00
16.00
0.00
375.00
52.00
0.00
5.00
0.00
253.00
0.00
40.00
68.00
638.00
445.00
393.00
115.00
27.00
564.00
30.00
424.00
1221.00
227.00
1.00
23.00
21.00
4.00
149.00
184.00
80.00
0.00
23.00
127.00
25.00
53.00
141.00
788.00
69.00
67.00
83.00
181.00
4.00
0.00
834.00
6.00
110.00
92.00
2.00
0.00
1.00
2.00
30.00
234.00
369.00
272.00
116.00
1.00
91.00
0.00
0.00
0.00
0.00
0.00
0.00
0.00
0.00
0.00
0.00
0.00
0.00
0.00
0.00
136.00
1.00
3.00
0.00
0.00
0.00
0.00
9.00
123.00
349.00
502.00
23.00
0.00
0.00
0.00
0.00
0.00
0.00
0.00
0.00
0.00
0.00
0.00
0.00
0.00
0.00
0.00
0.00
0.00
0.00
0.00
0.00
0.00
0.00
0.00
35.00
0.00
0.00
0.00
0.00
0.00
0.00
0.00
0.00
0.00
0.00
0.00
0.00
0.00
0.00
0.00
0.00
0.00
0.00
0.00
0.00
0.00
0.00
0.00
0.00
54.00
0.00
0.00
0.00
0.00
3.00
0.00
0.00
0.00
0.00
0.00
0.00
0.00
0.00
0.00
0.00
0.00
0.00
0.00
0.00
0.00
0.00
0.00
0.00
0.00
0.00
0.00
0.00
0.00
0.00
0.00
0.00
4.00
0.00
0.00
0.00
0.00
0.00
0.00
0.00
0.00
0.00
0.00
0.00
0.00
0.00
0.00
0.00
0.00
0.00
0.00
0.00
0.00
0.00
0.00
0.00
98.00
577.00
185.00
0.00
0.00
0.00
0.00
0.00
0.00
0.00
0.00
0.00
19.00
228.00
0.00
0.00
98.00
0.00
354.00
30.00
0.00
0.00
0.00
0.00
0.00
142.00
306.00
16.00
148.00
0.00
0.00
0.00
0.00
97.00
0.00
34.00
15.00
673.00
270.00
964.00
1737.00
911.00
861.00
372.00
3.00
0.00
84.00
143.00
232.00
32.00
0.00
0.00
0.00
0.00
100.00
3.00
0.00
87.00
449.00
59.00
132.00
19.00
0.00
21.00
726.00
241.00
114.00
286.00
9.00
369.00
74.00
0.00
0.00
18.00
404.00
184.00
7.00
14.00
16.00
0.00
1.00
0.00
0.00
187.00
168.00
7.00
3.00
203.00
202.00
109.00
172.00
102.00
14.00
191.00
184.00
229.00
0.00
39.00
181.00
630.00
232.00
698.00
205.00
486.00
5.00
6.00
0.00
6.00
255.00
26.00
330.00
623.00
224.00
195.00
20.00
29.00
49.00
784.00
604.00
394.00
0.00
179.00
21.00
198.00
585.00
261.00
100.00
33.00
82.00
67.00
238.00
79.00
16.00
69.00
156.00
180.00
113.00
92.00
36.00
59.00
100.00
28.00
44.00
13.00
36.00
194.00
14.00
1.00
79.00
289.00
24.00
0.00
10.00
93.00
10.00
3.00
53.00
9.00
91.00
20.00
281.00
89.00
41.00
66.00
53.00
24.00
108.00
52.00
47.00
17.00
31.00
53.00
590.00
318.00
90.00
3.00
296.00
91.00
27.00
4.00
0.00
10.00
40.00
25.00
5.00
93.00
284.00
162.00
3.00
116.00
62.00
13.00
170.00
166.00
34.00
126.00
33.00
0.00
0.00
31.00
201.00
127.00
106.00
1.00
2.00
88.00
305.00
60.00
0.00
201.00
13.00
192.00
62.00
29.00
3.00
2.00
5.00
0.00
67.00
234.00
371.00
22.00
267.00
93.00
13.00
0.00
1.00
16.00
129.00
445.00
505.00
13.00
0.00
0.00
199.00
172.00
37.00
26.00
0.00
3.00
71.00
298.00
479.00
1325.00
0.00
3.00
0.00
0.00
0.00
0.00
0.00
300.00
1107.00
0.00
0.00
0.00
0.00
0.00
0.00
0.00
0.00
0.00
0.00
0.00
0.00
0.00
0.00
15.00
232.00
10.00
0.00
0.00
0.00
0.00
0.00
0.00
0.00
0.00
0.00
0.00
0.00
0.00
0.00
0.00
0.00
0.00
0.00
0.00
0.00
0.00
0.00
18.00
757.00
121.00
0.00
0.00
0.00
0.00
0.00
0.00
0.00
0.00
108.00
0.00
0.00
0.00
0.00
0.00
0.00
0.00
0.00
0.00
0.00
0.00
57.00
156.00
10.00
39.00
0.00
0.00
0.00
0.00
0.00
0.00
0.00
0.00
0.00
0.00
0.00
0.00
0.00
0.00
0.00
0.00
0.00
0.00
0.00
0.00
0.00
0.00
0.00
0.00
0.00
0.00
0.00
0.00
0.00
0.00
0.00
0.00
0.00
0.00
8.00
0.00
23.00
58.00
0.00
10.00
2.00
0.00
0.00
0.00
0.00
0.00
0.00
0.00
0.00
0.00
0.00
0.00
127.00
684.00
0.00
0.00
0.00
0.00
115.00
0.00
263.00
0.00
0.00
0.00
0.00
0.00
0.00
699.00
1023.00
0.00
636.00
185.00
373.00
0.00
0.00
0.00
0.00
0.00
0.00
0.00
0.00
35.00
4.00
3.00
111.00
347.00
36.00
0.00
38.00
0.00
0.00
0.00
0.00
1.00
27.00
31.00
106.00
138.00
55.00
0.00
124.00
0.00
0.00
343.00
1.00
93.00
99.00
147.00
61.00
0.00
1.00
112.00
0.00
0.00
121.00
15.00
269.00
7.00
74.00
0.00
44.00
363.00
450.00
172.00
182.00
625.00
450.00
160.00
0.00
41.00
0.00
54.00
0.00
0.00
24.00
0.00
0.00
0.00
0.00
35.00
167.00
453.00
710.00
90.00
36.00
14.00
128.00
12.00
8.00
30.00
28.00
83.00
30.00
2.00
29.00
7.00
14.00
14.00
168.00
661.00
835.00
835.00
307.00
59.00
72.00
11.00
0.00
0.00
4.00
118.00
25.00
33.00
6.00
178.00
110.00
12.00
44.00
12.00
1.00
30.00
408.00
145.00
0.00
3.00
58.00
75.00
3.00
78.00
67.00
7.00
27.00
24.00
7.00
58.00
4.00
2.00
0.00
113.00
129.00
35.00
96.00
71.00
231.00
26.00
1.00
101.00
61.00
50.00
277.00
108.00
2.00
45.00
13.00
42.00
21.00
41.00
28.00
17.00
4.00
191.00
79.00
326.00
0.00
8.00
49.00
6.00
7.00
1.00
126.00
27.00
0.00
112.00
134.00
151.00
107.00
5.00
19.00
0.00
0.00
5.00
5.00
0.00
8.00
37.00
0.00
0.00
1.00
0.00
31.00
28.00
174.00
350.00
36.00
0.00
18.00
0.00
0.00
61.00
88.00
0.00
9.00
0.00
10.00
0.00
76.00
0.00
13.00
0.00
0.00
0.00
0.00
0.00
0.00
0.00
0.00
0.00
0.00
0.00
0.00
25.00
52.00
393.00
104.00
131.00
0.00
0.00
0.00
0.00
0.00
0.00
0.00
0.00
0.00
0.00
0.00
0.00
489.00
138.00
108.00
88.00
0.00
0.00
0.00
0.00
14.00
0.00
0.00
0.00
0.00
0.00
0.00
0.00
0.00
0.00
0.00
0.00
0.00
0.00
0.00
0.00
0.00
0.00
0.00
0.00
0.00
0.00
0.00
0.00
0.00
0.00
0.00
0.00
0.00
0.00
0.00
81.00
0.00
0.00
0.00
0.00
0.00
0.00
0.00
0.00
0.00
0.00
0.00
47.00
339.00
0.00
0.00
0.00
0.00
0.00
0.00
0.00
0.00
0.00
0.00
0.00
0.00
0.00
0.00
0.00
0.00
0.00
0.00
0.00
0.00
0.00
0.00
0.00
0.00
0.00
0.00
0.00
0.00
0.00
0.00
0.00
0.00
0.00
0.00
0.00
0.00
0.00
0.00
0.00
0.00
0.00
0.00
0.00
0.00
0.00
0.00
0.00
0.00
0.00
0.00
0.00
0.00
7.00
0.00
0.00
1.00
0.00
0.00
0.00
0.00
2.00
0.00
0.00
0.00
0.00
0.00
1.70
0.00
31.00
6.00
86.80
20.80
0.00
0.00
0.00
0.00
2.30
0.00
0.00
0.00
0.00
0.00
0.00
0.00
0.00
0.00
1.10
0.20
3.20
0.40
14.00
0.00
1.20
13.60
0.00
0.00
0.00
18.00
0.40
0.00
0.00
0.00
59.00
36.20
36.80
0.00
55.50
17.90
53.70
4.90
22.40
14.10
0.00
0.00
3.00
0.00
0.00
25.90
1.80
17.90
0.00
0.00
1.80
0.00
2.50
0.00
0.00
0.00
0.00
1.10
28.70
35.50
64.70
64.70
1.00
29.20
64.90
0.00
1.60
6.10
8.10
31.10
6.80
25.30
31.10
2.70
4.50
23.00
8.70
27.10
13.40
0.00
0.00
24.20
27.60
27.60
28.30
3.80
10.80
5.70
0.00
0.50
5.90
7.10
0.00
0.00
0.20
10.20
0.20
7.90
17.90
0.00
0.60
9.20
1.50
0.00
3.00
32.40
27.30
8.00
59.90
10.50
13.40
51.80
31.90
1.10
0.00
8.50
61.70
46.90
30.30
17.90
0.30
0.00
0.40
46.50
9.20
1.50
33.30
37.40
16.00
3.30
7.80
7.80
62.00
62.00
33.10
11.70
11.70
0.00
0.00
11.70
11.70
11.70
8.70
20.60
16.00
4.20
48.50
33.50
8.50
2.30
0.10
8.10
5.20
3.00
60.50
4.20
3.50
1.30
6.20
6.20
7.90
0.10
1.30
0.10
4.70
1.10
11.50
8.80
4.00
1.90
0.00
3.00
0.70
1.30
9.60
6.60
7.90
0.10
0.00
3.90
2.20
0.00
1.50
2.30
1.20
2.30
4.60
21.90
17.80
69.00
8.80
0.30
0.60
6.70
18.10
12.00
1.10
0.10
1.20
13.00
0.70
0.00
0.00
0.00
5.40
30.10
20.80
6.60
8.10
0.10
0.00
6.50
19.10
4.90
4.90
12.20
0.00
0.10
0.30
3.60
2.20
3.70
12.00
5.40
0.00
0.00
0.00
0.00
8.60
0.00
0.00
0.00
0.00
0.00
6.50
0.70
0.20
0.70
2.40
15.60
