20160101
0.00
0.00
0.00
0.00
0.00
0.00
0.00
0.00
0.00
0.00
0.00
0.00
5.00
0.00
0.00
0.00
0.00
0.00
0.00
42.00
0.00
0.00
0.00
0.00
0.00
0.00
0.00
0.00
0.00
0.00
0.00
0.00
0.00
0.00
0.00
0.00
0.00
3.00
0.00
0.00
0.00
0.00
0.00
0.00
0.00
0.00
0.00
0.00
0.00
0.00
0.00
0.00
0.00
0.00
0.00
0.00
10.00
0.00
0.00
0.00
0.00
0.00
0.00
0.00
0.00
34.00
0.00
0.00
0.00
0.00
11.00
0.00
0.00
7.00
0.00
1.00
0.00
0.00
15.00
24.00
32.00
0.00
0.00
0.00
0.00
0.00
90.00
220.00
59.00
32.00
173.00
2.00
0.00
11.00
80.00
801.00
174.00
239.00
166.00
99.00
1.00
34.00
2.00
64.00
368.00
167.00
323.00
356.00
292.00
233.00
127.00
697.00
117.00
207.00
7.00
93.00
366.00
159.00
78.00
23.00
232.00
508.00
160.00
67.00
156.00
51.00
61.00
206.00
0.00
24.00
10.00
17.00
163.00
105.00
233.00
418.00
81.00
860.00
530.00
24.00
42.00
248.00
3.00
0.00
4.00
26.00
0.00
9.00
37.00
0.00
29.00
27.00
0.00
0.00
33.00
51.00
116.00
550.00
338.00
131.00
12.00
4.00
0.00
19.00
11.00
284.00
249.00
131.00
198.00
40.00
435.00
630.00
276.00
1178.00
1083.00
305.00
8.00
154.00
107.00
3.00
45.00
239.00
57.00
91.00
188.00
5.00
24.00
37.00
112.00
290.00
126.00
53.00
25.00
1.00
26.00
50.00
74.00
50.00
29.00
388.00
658.00
363.00
64.00
230.00
279.00
168.00
295.00
22.00
97.00
72.00
76.00
33.00
43.00
0.00
0.00
166.00
600.00
153.00
13.00
5.00
174.00
56.00
51.00
9.00
200.00
256.00
41.00
172.00
10.00
121.00
19.00
0.00
8.00
16.00
0.00
0.00
0.00
180.00
2.00
4.00
126.00
21.00
588.00
936.00
918.00
151.00
74.00
2.00
31.00
117.00
64.00
63.00
1.00
20.00
90.00
74.00
118.00
13.00
14.00
2.00
5.00
83.00
45.00
163.00
132.00
196.00
181.00
77.00
163.00
1.00
0.00
132.00
15.00
4.00
9.00
175.00
3.00
0.00
23.00
27.00
300.00
218.00
61.00
96.00
6.00
58.00
0.00
0.00
0.00
0.00
0.00
0.00
0.00
0.00
0.00
0.00
0.00
1.00
0.00
3.00
83.00
0.00
0.00
0.00
0.00
0.00
13.00
4.00
53.00
170.00
42.00
0.00
0.00
0.00
0.00
0.00
0.00
0.00
0.00
0.00
0.00
0.00
0.00
0.00
0.00
0.00
0.00
0.00
0.00
0.00
0.00
0.00
0.00
0.00
0.00
22.00
0.00
0.00
0.00
0.00
0.00
0.00
0.00
0.00
0.00
0.00
0.00
0.00
0.00
0.00
0.00
0.00
0.00
0.00
0.00
0.00
0.00
0.00
0.00
0.00
16.00
0.00
0.00
0.00
0.00
0.00
0.00
0.00
4.00
8.00
0.00
0.00
0.00
0.00
0.00
1.00
0.00
0.00
0.00
0.00
0.00
0.00
0.00
0.00
0.00
0.00
0.00
0.00
0.00
0.00
0.00
0.00
29.00
0.00
0.00
0.00
0.00
0.00
0.00
0.00
0.00
0.00
0.00
0.00
0.00
0.00
0.00
0.00
0.00
0.00
0.00
0.00
0.00
0.00
0.00
0.00
172.00
83.00
53.00
0.00
0.00
0.00
0.00
0.00
0.00
0.00
0.00
0.00
20.00
2.00
0.00
0.00
56.00
0.00
332.00
5.00
0.00
0.00
0.00
0.00
0.00
40.00
158.00
44.00
79.00
0.00
0.00
0.00
16.00
285.00
11.00
42.00
0.00
202.00
181.00
727.00
1584.00
892.00
957.00
27.00
40.00
0.00
26.00
93.00
134.00
14.00
0.00
0.00
0.00
0.00
284.00
0.00
0.00
60.00
661.00
344.00
329.00
27.00
0.00
107.00
457.00
324.00
15.00
92.00
9.00
222.00
39.00
0.00
57.00
154.00
343.00
747.00
20.00
92.00
60.00
1.00
39.00
3.00
3.00
128.00
326.00
1.00
1.00
167.00
175.00
260.00
195.00
167.00
163.00
310.00
454.00
131.00
1.00
19.00
122.00
232.00
49.00
394.00
244.00
139.00
1.00
72.00
1.00
23.00
39.00
5.00
152.00
162.00
455.00
564.00
75.00
46.00
1139.00
146.00
782.00
332.00
0.00
394.00
497.00
165.00
390.00
61.00
55.00
101.00
251.00
20.00
691.00
299.00
51.00
386.00
430.00
34.00
102.00
20.00
14.00
80.00
115.00
21.00
164.00
48.00
4.00
298.00
17.00
21.00
97.00
27.00
11.00
282.00
177.00
33.00
0.00
8.00
15.00
21.00
21.00
144.00
58.00
14.00
165.00
94.00
77.00
102.00
572.00
28.00
166.00
103.00
57.00
1354.00
1133.00
1114.00
966.00
57.00
39.00
22.00
268.00
192.00
158.00
40.00
191.00
287.00
75.00
14.00
16.00
210.00
42.00
34.00
39.00
45.00
117.00
58.00
837.00
582.00
196.00
4.00
6.00
22.00
566.00
1926.00
236.00
3.00
54.00
81.00
55.00
0.00
0.00
176.00
46.00
212.00
197.00
128.00
2.00
18.00
0.00
2.00
44.00
148.00
166.00
216.00
325.00
171.00
0.00
0.00
1.00
1.00
22.00
2.00
30.00
2.00
8.00
0.00
103.00
98.00
382.00
1.00
0.00
1.00
2.00
149.00
439.00
1554.00
0.00
0.00
0.00
0.00
0.00
0.00
0.00
13.00
378.00
0.00
0.00
0.00
0.00
0.00
0.00
0.00
0.00
0.00
0.00
0.00
0.00
0.00
0.00
50.00
309.00
93.00
14.00
0.00
0.00
0.00
5.00
0.00
0.00
0.00
0.00
0.00
0.00
0.00
0.00
0.00
0.00
0.00
0.00
0.00
0.00
0.00
0.00
34.00
265.00
34.00
0.00
0.00
0.00
0.00
0.00
0.00
0.00
0.00
23.00
1.00
0.00
0.00
0.00
0.00
0.00
0.00
0.00
0.00
0.00
0.00
0.00
150.00
3.00
0.00
0.00
0.00
0.00
0.00
0.00
0.00
0.00
0.00
0.00
0.00
0.00
0.00
0.00
0.00
0.00
0.00
0.00
0.00
0.00
0.00
0.00
0.00
0.00
0.00
0.00
0.00
0.00
0.00
0.00
0.00
0.00
0.00
0.00
0.00
89.00
12.00
30.00
15.00
3.00
0.00
32.00
15.00
0.00
0.00
0.00
0.00
0.00
0.00
0.00
0.00
0.00
0.00
322.00
358.00
0.00
0.00
0.00
0.00
0.00
0.00
0.00
0.00
0.00
0.00
0.00
0.00
0.00
0.00
1.00
0.00
223.00
69.00
6.00
0.00
0.00
0.00
0.00
0.00
0.00
7.00
17.00
5.00
0.00
139.00
336.00
246.00
242.00
1.00
17.00
0.00
0.00
399.00
1.00
30.00
48.00
200.00
152.00
153.00
40.00
237.00
232.00
0.00
70.00
0.00
8.00
9.00
46.00
46.00
3.00
0.00
55.00
0.00
21.00
2.00
240.00
0.00
114.00
121.00
198.00
0.00
231.00
5.00
387.00
241.00
233.00
213.00
122.00
264.00
35.00
1.00
0.00
336.00
0.00
0.00
0.00
0.00
0.00
12.00
3.00
2.00
425.00
397.00
548.00
9.00
206.00
0.00
58.00
48.00
2.00
1.00
3.00
7.00
15.00
0.00
2.00
17.00
115.00
52.00
27.00
1548.00
1033.00
827.00
372.00
11.00
171.00
32.00
5.00
7.00
136.00
108.00
326.00
344.00
79.00
60.00
14.00
7.00
6.00
193.00
408.00
273.00
661.00
537.00
32.00
0.00
182.00
40.00
10.00
0.00
57.00
41.00
142.00
408.00
89.00
107.00
124.00
152.00
0.00
331.00
105.00
29.00
60.00
97.00
426.00
180.00
31.00
191.00
88.00
210.00
55.00
53.00
50.00
0.00
3.00
106.00
46.00
532.00
33.00
18.00
17.00
223.00
299.00
159.00
47.00
277.00
115.00
25.00
1.00
18.00
44.00
15.00
23.00
184.00
248.00
66.00
264.00
58.00
40.00
5.00
5.00
9.00
7.00
128.00
399.00
187.00
12.00
0.00
0.00
0.00
183.00
513.00
450.00
443.00
376.00
42.00
0.00
0.00
12.00
18.00
2.00
0.00
1.00
0.00
12.00
71.00
38.00
1.00
5.00
0.00
11.00
0.00
0.00
0.00
0.00
0.00
0.00
0.00
0.00
0.00
0.00
45.00
9.00
85.00
79.00
0.00
0.00
0.00
0.00
0.00
0.00
0.00
0.00
0.00
0.00
0.00
252.00
0.00
3.00
50.00
53.00
1.00
0.00
0.00
0.00
0.00
22.00
0.00
0.00
0.00
0.00
0.00
0.00
0.00
0.00
0.00
0.00
0.00
0.00
0.00
0.00
0.00
0.00
0.00
0.00
0.00
0.00
0.00
0.00
0.00
0.00
0.00
0.00
0.00
0.00
0.00
0.00
0.00
0.00
0.00
0.00
0.00
0.00
0.00
0.00
0.00
0.00
0.00
1.00
47.00
130.00
0.00
0.00
0.00
0.00
0.00
0.00
0.00
0.00
0.00
0.00
0.00
0.00
0.00
0.00
0.00
0.00
0.00
0.00
0.00
0.00
0.00
0.00
0.00
0.00
0.00
0.00
0.00
0.00
0.00
0.00
0.00
0.00
0.00
0.00
0.00
0.00
0.00
0.00
0.00
0.00
0.00
0.00
0.00
0.00
0.00
0.00
0.00
0.00
0.00
0.00
0.00
12.00
0.00
0.00
0.00
0.00
0.00
1.00
0.00
0.00
15.00
0.00
0.00
0.00
0.00
0.00
0.00
0.00
34.90
4.30
46.30
18.60
0.00
0.00
0.00
0.00
0.00
0.00
0.00
0.00
0.00
0.00
0.00
0.00
0.00
0.00
0.00
0.00
0.00
0.00
6.60
0.00
0.00
27.30
0.00
0.00
0.00
1.10
0.30
0.00
0.00
0.00
187.30
19.50
82.50
0.00
20.30
11.30
64.90
2.70
1.90
48.30
0.00
0.00
2.10
0.10
0.00
11.20
11.80
0.00
0.00
0.10
2.00
11.60
1.50
0.00
0.00
0.10
0.20
5.90
8.00
19.40
15.10
15.10
12.90
42.10
72.20
35.70
0.50
27.60
51.50
34.90
42.70
25.10
13.00
93.30
3.50
8.70
0.00
23.30
16.50
0.00
0.00
27.60
29.10
29.10
8.10
1.20
23.30
5.80
0.00
0.00
39.40
2.00
1.50
2.00
103.00
6.30
0.10
4.30
1.80
0.30
7.40
3.80
2.70
0.00
30.90
27.80
1.20
13.50
23.50
0.00
14.40
15.80
6.40
0.40
1.00
13.50
133.60
125.60
162.40
91.00
0.00
5.50
2.70
1.80
0.70
10.20
28.60
12.50
7.70
35.30
79.80
79.80
122.60
122.60
42.70
35.10
35.10
0.00
3.50
35.10
35.10
35.10
25.80
65.50
96.00
6.30
8.50
7.10
4.80
7.50
6.20
15.20
16.50
4.70
32.70
1.70
15.20
1.70
6.00
25.20
9.70
23.60
0.60
0.10
7.80
9.00
71.10
31.50
15.50
1.60
0.00
0.00
0.10
9.30
30.70
24.70
15.70
0.60
5.00
5.30
1.20
0.00
4.00
18.90
0.00
5.20
40.70
8.10
0.10
6.80
27.50
18.80
9.40
7.80
2.30
4.30
45.40
15.70
17.10
8.90
5.30
0.00
0.00
0.00
3.60
20.50
22.70
25.40
30.00
0.00
4.80
1.90
9.90
27.60
27.60
41.50
17.50
0.00
0.80
0.00
2.70
1.00
4.00
2.20
0.00
0.00
0.00
0.00
0.00
0.00
0.00
0.00
0.10
0.00
5.20
0.10
0.40
2.10
19.30
110.50
