20160101
0.00
0.00
0.00
0.00
0.00
0.00
0.00
0.00
102.00
0.00
0.00
0.00
0.00
0.00
0.00
0.00
0.00
0.00
0.00
107.00
0.00
0.00
0.00
0.00
0.00
1.00
0.00
0.00
0.00
0.00
0.00
0.00
0.00
0.00
0.00
0.00
0.00
7.00
0.00
0.00
0.00
8.00
0.00
0.00
0.00
0.00
0.00
0.00
0.00
0.00
2.00
10.00
0.00
1.00
23.00
0.00
4.00
0.00
68.00
0.00
0.00
0.00
0.00
1.00
0.00
62.00
0.00
0.00
0.00
0.00
2.00
0.00
105.00
3.00
0.00
0.00
0.00
0.00
11.00
1.00
15.00
0.00
0.00
0.00
0.00
0.00
158.00
351.00
283.00
83.00
188.00
2.00
0.00
3.00
14.00
303.00
85.00
273.00
64.00
3.00
0.00
35.00
828.00
104.00
485.00
286.00
635.00
134.00
232.00
605.00
162.00
215.00
131.00
1668.00
397.00
35.00
183.00
191.00
500.00
325.00
388.00
144.00
42.00
27.00
55.00
16.00
93.00
17.00
5.00
24.00
0.00
64.00
39.00
175.00
40.00
722.00
1040.00
798.00
270.00
18.00
41.00
532.00
1.00
0.00
7.00
3.00
0.00
0.00
34.00
0.00
1.00
135.00
0.00
0.00
0.00
88.00
17.00
497.00
748.00
171.00
8.00
101.00
17.00
23.00
0.00
34.00
166.00
134.00
150.00
2.00
10.00
11.00
27.00
73.00
215.00
1.00
37.00
84.00
183.00
9.00
11.00
17.00
70.00
239.00
67.00
97.00
3.00
3.00
6.00
10.00
272.00
48.00
28.00
2.00
0.00
4.00
6.00
95.00
0.00
8.00
4.00
19.00
49.00
7.00
58.00
9.00
104.00
6.00
12.00
73.00
19.00
234.00
29.00
9.00
0.00
0.00
123.00
126.00
58.00
34.00
98.00
9.00
5.00
7.00
51.00
80.00
240.00
55.00
6.00
2.00
3.00
0.00
138.00
32.00
0.00
3.00
2.00
265.00
0.00
7.00
42.00
89.00
439.00
457.00
190.00
54.00
59.00
0.00
312.00
133.00
157.00
0.00
24.00
80.00
66.00
32.00
176.00
28.00
1.00
9.00
79.00
15.00
83.00
74.00
159.00
46.00
35.00
24.00
222.00
3.00
0.00
895.00
1.00
18.00
1.00
57.00
0.00
101.00
24.00
18.00
33.00
144.00
33.00
60.00
7.00
2.00
0.00
0.00
0.00
0.00
0.00
0.00
0.00
0.00
0.00
0.00
0.00
20.00
0.00
0.00
33.00
0.00
0.00
26.00
0.00
0.00
1.00
0.00
100.00
348.00
406.00
0.00
0.00
0.00
0.00
0.00
0.00
0.00
0.00
0.00
0.00
0.00
0.00
0.00
0.00
0.00
0.00
0.00
0.00
0.00
0.00
0.00
0.00
0.00
0.00
41.00
0.00
0.00
0.00
0.00
0.00
0.00
0.00
0.00
0.00
0.00
0.00
0.00
0.00
0.00
0.00
0.00
0.00
0.00
0.00
0.00
0.00
0.00
0.00
0.00
60.00
0.00
0.00
0.00
0.00
0.00
0.00
0.00
0.00
0.00
0.00
0.00
0.00
0.00
0.00
0.00
0.00
0.00
0.00
0.00
0.00
0.00
0.00
0.00
0.00
1.00
0.00
0.00
0.00
0.00
0.00
0.00
25.00
0.00
0.00
0.00
0.00
0.00
0.00
0.00
0.00
0.00
0.00
0.00
0.00
0.00
0.00
0.00
0.00
0.00
0.00
0.00
0.00
0.00
0.00
0.00
51.00
293.00
423.00
0.00
0.00
0.00
0.00
0.00
0.00
0.00
0.00
7.00
1.00
146.00
0.00
0.00
98.00
0.00
508.00
44.00
0.00
0.00
0.00
0.00
0.00
117.00
384.00
20.00
117.00
0.00
0.00
0.00
0.00
77.00
1.00
67.00
15.00
284.00
276.00
771.00
1287.00
1528.00
1072.00
132.00
7.00
0.00
107.00
80.00
115.00
8.00
0.00
0.00
0.00
0.00
410.00
3.00
0.00
45.00
259.00
49.00
129.00
4.00
0.00
0.00
350.00
209.00
169.00
114.00
77.00
198.00
16.00
0.00
8.00
9.00
398.00
378.00
1.00
12.00
5.00
0.00
10.00
0.00
33.00
69.00
100.00
22.00
0.00
184.00
99.00
143.00
110.00
34.00
3.00
237.00
335.00
176.00
0.00
7.00
123.00
688.00
71.00
452.00
448.00
155.00
0.00
5.00
6.00
6.00
64.00
128.00
468.00
606.00
103.00
110.00
45.00
12.00
118.00
1393.00
702.00
213.00
0.00
205.00
18.00
114.00
408.00
64.00
9.00
40.00
38.00
88.00
327.00
15.00
11.00
45.00
110.00
241.00
16.00
14.00
25.00
70.00
119.00
31.00
72.00
1.00
6.00
192.00
48.00
2.00
58.00
190.00
0.00
5.00
19.00
106.00
7.00
31.00
4.00
9.00
67.00
84.00
175.00
25.00
1.00
23.00
86.00
71.00
78.00
22.00
32.00
11.00
9.00
223.00
764.00
526.00
38.00
8.00
47.00
34.00
226.00
38.00
0.00
16.00
55.00
37.00
0.00
32.00
242.00
110.00
3.00
27.00
3.00
4.00
72.00
120.00
68.00
127.00
140.00
1.00
0.00
0.00
125.00
206.00
736.00
8.00
0.00
24.00
189.00
67.00
17.00
70.00
0.00
72.00
106.00
0.00
1.00
34.00
286.00
1.00
28.00
170.00
353.00
44.00
165.00
205.00
11.00
0.00
8.00
17.00
74.00
0.00
275.00
3.00
1.00
17.00
207.00
82.00
57.00
50.00
0.00
10.00
31.00
499.00
382.00
1332.00
0.00
0.00
0.00
0.00
0.00
0.00
0.00
131.00
855.00
0.00
0.00
0.00
0.00
0.00
0.00
0.00
0.00
0.00
0.00
0.00
0.00
0.00
1.00
7.00
353.00
41.00
8.00
0.00
0.00
0.00
0.00
0.00
0.00
0.00
0.00
0.00
0.00
0.00
0.00
0.00
0.00
0.00
0.00
0.00
0.00
0.00
0.00
11.00
489.00
4.00
0.00
0.00
0.00
0.00
0.00
0.00
0.00
0.00
26.00
0.00
0.00
0.00
0.00
0.00
0.00
0.00
0.00
0.00
0.00
0.00
2.00
298.00
17.00
11.00
0.00
0.00
0.00
0.00
0.00
0.00
0.00
0.00
0.00
0.00
0.00
0.00
0.00
0.00
0.00
0.00
0.00
0.00
0.00
0.00
0.00
0.00
0.00
0.00
0.00
0.00
0.00
0.00
0.00
0.00
0.00
0.00
0.00
0.00
6.00
0.00
8.00
12.00
6.00
0.00
0.00
0.00
0.00
0.00
0.00
0.00
0.00
0.00
0.00
0.00
0.00
0.00
154.00
621.00
0.00
0.00
0.00
0.00
0.00
0.00
0.00
0.00
0.00
0.00
0.00
0.00
0.00
338.00
39.00
0.00
255.00
265.00
91.00
0.00
0.00
0.00
0.00
0.00
0.00
40.00
0.00
24.00
25.00
0.00
123.00
245.00
30.00
8.00
24.00
21.00
0.00
0.00
0.00
22.00
16.00
53.00
297.00
182.00
44.00
4.00
69.00
7.00
2.00
31.00
1.00
18.00
24.00
43.00
31.00
0.00
0.00
36.00
2.00
2.00
120.00
17.00
273.00
97.00
161.00
0.00
11.00
8.00
160.00
135.00
83.00
672.00
491.00
142.00
48.00
25.00
0.00
48.00
0.00
0.00
0.00
0.00
0.00
0.00
0.00
1.00
197.00
457.00
935.00
9.00
20.00
0.00
9.00
23.00
5.00
0.00
0.00
24.00
0.00
36.00
18.00
21.00
50.00
41.00
58.00
1490.00
3082.00
810.00
346.00
40.00
167.00
1.00
1.00
0.00
53.00
77.00
61.00
139.00
7.00
40.00
43.00
1.00
0.00
2.00
42.00
253.00
533.00
108.00
4.00
2.00
49.00
38.00
2.00
0.00
173.00
57.00
131.00
58.00
73.00
65.00
19.00
0.00
0.00
129.00
111.00
24.00
58.00
118.00
191.00
42.00
6.00
141.00
33.00
51.00
245.00
114.00
2.00
2.00
8.00
238.00
10.00
145.00
88.00
5.00
6.00
23.00
19.00
67.00
0.00
35.00
266.00
0.00
2.00
1.00
58.00
10.00
2.00
29.00
141.00
149.00
156.00
21.00
0.00
3.00
0.00
3.00
0.00
26.00
17.00
21.00
0.00
0.00
0.00
0.00
21.00
34.00
203.00
713.00
96.00
0.00
0.00
0.00
19.00
76.00
260.00
45.00
33.00
0.00
18.00
1.00
0.00
2.00
4.00
0.00
0.00
0.00
0.00
0.00
0.00
0.00
0.00
0.00
0.00
0.00
0.00
35.00
49.00
271.00
184.00
10.00
0.00
0.00
0.00
0.00
0.00
0.00
0.00
0.00
0.00
0.00
0.00
0.00
1.00
156.00
102.00
33.00
0.00
0.00
0.00
0.00
2.00
0.00
0.00
0.00
0.00
0.00
0.00
0.00
0.00
0.00
0.00
0.00
0.00
0.00
0.00
0.00
0.00
0.00
0.00
0.00
0.00
0.00
0.00
0.00
1.00
0.00
0.00
0.00
0.00
0.00
0.00
46.00
0.00
0.00
0.00
0.00
0.00
0.00
0.00
0.00
0.00
0.00
14.00
85.00
275.00
0.00
0.00
0.00
0.00
0.00
0.00
0.00
0.00
0.00
0.00
0.00
0.00
0.00
0.00
0.00
0.00
0.00
26.00
0.00
0.00
0.00
0.00
0.00
0.00
0.00
0.00
0.00
0.00
0.00
0.00
0.00
0.00
0.00
0.00
0.00
0.00
0.00
0.00
0.00
0.00
0.00
0.00
0.00
0.00
0.00
0.00
0.00
0.00
0.00
0.00
0.00
0.00
4.00
0.00
0.00
0.00
0.00
0.00
0.00
2.00
4.00
0.00
0.00
0.00
0.00
0.00
0.00
0.30
31.60
0.40
84.80
29.90
0.00
0.00
0.00
0.00
0.50
0.00
0.00
0.00
0.00
0.00
0.00
0.00
0.00
0.00
1.90
0.80
0.10
1.70
4.70
0.00
11.20
6.30
0.00
0.00
0.00
5.80
0.30
0.00
0.20
0.00
93.30
46.40
21.80
0.00
40.90
18.20
65.70
7.80
4.60
16.60
0.00
0.00
4.20
0.00
2.00
19.80
11.30
13.50
0.00
0.10
3.10
0.60
4.70
0.00
0.00
0.00
0.00
0.00
19.00
19.40
42.60
42.60
0.30
28.40
90.50
2.10
0.00
23.30
13.70
41.20
40.40
28.80
12.10
6.20
5.80
16.00
7.80
17.00
23.80
0.00
0.00
31.30
16.40
16.40
6.40
3.20
8.50
0.10
0.00
0.00
12.10
6.10
0.10
0.30
2.20
6.80
0.00
1.30
1.90
0.50
11.40
0.70
0.00
0.00
9.30
32.10
37.40
8.30
15.20
0.00
12.50
30.80
32.90
0.60
0.00
7.10
45.50
57.40
50.30
40.00
0.00
2.50
1.80
6.90
1.20
35.30
38.10
30.80
17.60
8.10
10.50
10.50
72.50
72.50
28.90
3.20
3.20
2.50
0.20
3.20
3.20
3.20
0.30
33.70
13.80
1.10
50.30
18.80
3.20
7.20
0.10
7.50
5.10
8.90
29.70
3.20
0.40
1.60
0.40
16.40
4.30
0.00
1.70
0.00
2.40
12.30
9.80
10.90
0.30
0.30
0.00
0.50
1.30
0.70
4.50
10.90
6.50
0.00
0.00
1.80
1.80
0.00
2.80
4.00
1.70
4.10
2.70
12.70
1.70
24.10
10.70
0.10
1.90
4.00
1.30
8.30
0.30
0.00
1.00
5.90
0.00
1.30
2.40
4.80
3.40
16.40
14.60
4.60
12.70
0.80
1.70
3.70
14.40
9.90
9.90
19.10
0.00
0.00
1.30
0.30
1.80
0.00
21.10
4.50
0.00
0.00
0.00
0.00
0.60
0.00
0.90
0.00
3.20
0.00
4.80
0.70
0.20
2.30
5.50
29.40
