20160101
0.00
0.00
0.00
0.00
0.00
0.00
0.00
0.00
0.00
0.00
0.00
0.00
1.00
0.00
0.00
0.00
0.00
0.00
0.00
0.00
0.00
0.00
0.00
0.00
0.00
0.00
0.00
0.00
0.00
0.00
0.00
0.00
0.00
0.00
0.00
0.00
0.00
0.00
1.00
0.00
0.00
0.00
0.00
0.00
0.00
0.00
0.00
0.00
0.00
0.00
7.00
1.00
0.00
0.00
0.00
0.00
6.00
0.00
0.00
0.00
0.00
0.00
0.00
0.00
0.00
0.00
0.00
0.00
0.00
0.00
0.00
0.00
1.00
4.00
0.00
0.00
1.00
0.00
12.00
0.00
0.00
0.00
0.00
0.00
0.00
0.00
61.00
285.00
5.00
198.00
270.00
7.00
0.00
2.00
16.00
144.00
1.00
1.00
0.00
92.00
0.00
0.00
0.00
0.00
37.00
1.00
86.00
334.00
41.00
262.00
2.00
10.00
2.00
0.00
0.00
89.00
317.00
140.00
30.00
6.00
1.00
3.00
0.00
75.00
20.00
180.00
81.00
401.00
1.00
14.00
71.00
5.00
247.00
376.00
206.00
492.00
3.00
94.00
310.00
168.00
55.00
83.00
0.00
0.00
64.00
70.00
0.00
30.00
0.00
12.00
42.00
21.00
0.00
0.00
0.00
22.00
0.00
33.00
4.00
0.00
4.00
54.00
25.00
0.00
0.00
424.00
309.00
56.00
129.00
69.00
125.00
98.00
257.00
342.00
405.00
327.00
1.00
107.00
190.00
7.00
46.00
259.00
424.00
318.00
323.00
218.00
190.00
0.00
61.00
344.00
43.00
46.00
12.00
72.00
137.00
323.00
16.00
228.00
159.00
280.00
233.00
678.00
327.00
62.00
366.00
46.00
698.00
7.00
3.00
90.00
102.00
52.00
80.00
91.00
300.00
29.00
236.00
168.00
5.00
55.00
62.00
43.00
115.00
1.00
208.00
79.00
38.00
290.00
116.00
9.00
12.00
0.00
1.00
3.00
0.00
8.00
3.00
318.00
10.00
0.00
33.00
53.00
922.00
330.00
370.00
1124.00
27.00
101.00
15.00
23.00
8.00
1.00
0.00
332.00
31.00
52.00
21.00
4.00
9.00
112.00
214.00
0.00
24.00
0.00
57.00
34.00
33.00
29.00
598.00
348.00
0.00
92.00
61.00
1.00
25.00
37.00
97.00
0.00
27.00
0.00
13.00
9.00
348.00
772.00
30.00
0.00
0.00
0.00
0.00
0.00
0.00
0.00
0.00
0.00
0.00
0.00
0.00
0.00
0.00
0.00
79.00
0.00
0.00
0.00
0.00
0.00
0.00
1.00
17.00
72.00
0.00
0.00
0.00
0.00
0.00
0.00
0.00
0.00
0.00
0.00
0.00
0.00
0.00
0.00
0.00
0.00
0.00
0.00
0.00
0.00
0.00
0.00
0.00
0.00
0.00
5.00
0.00
0.00
0.00
0.00
0.00
0.00
0.00
0.00
0.00
0.00
0.00
0.00
0.00
0.00
0.00
0.00
0.00
0.00
0.00
0.00
0.00
0.00
0.00
0.00
0.00
0.00
0.00
0.00
0.00
0.00
0.00
0.00
0.00
0.00
0.00
0.00
0.00
0.00
0.00
7.00
0.00
0.00
0.00
0.00
0.00
0.00
0.00
0.00
0.00
0.00
0.00
0.00
0.00
0.00
0.00
1.00
4.00
0.00
0.00
0.00
0.00
0.00
0.00
0.00
0.00
0.00
0.00
0.00
0.00
0.00
0.00
0.00
0.00
0.00
0.00
0.00
0.00
0.00
0.00
0.00
0.00
0.00
3.00
0.00
0.00
0.00
0.00
0.00
0.00
0.00
0.00
0.00
33.00
0.00
0.00
0.00
28.00
0.00
228.00
0.00
0.00
0.00
0.00
0.00
0.00
0.00
195.00
25.00
47.00
0.00
0.00
0.00
0.00
346.00
0.00
8.00
211.00
68.00
113.00
373.00
453.00
450.00
197.00
11.00
188.00
6.00
0.00
12.00
0.00
0.00
0.00
0.00
0.00
0.00
320.00
115.00
0.00
14.00
250.00
255.00
269.00
482.00
0.00
154.00
38.00
57.00
0.00
239.00
11.00
136.00
28.00
0.00
140.00
158.00
102.00
212.00
68.00
7.00
201.00
2.00
144.00
58.00
3.00
241.00
438.00
1.00
20.00
754.00
296.00
128.00
5.00
117.00
154.00
20.00
172.00
301.00
1.00
0.00
61.00
148.00
174.00
213.00
313.00
202.00
0.00
9.00
1.00
16.00
31.00
62.00
155.00
10.00
1444.00
382.00
1021.00
19.00
201.00
56.00
299.00
483.00
3.00
358.00
318.00
42.00
169.00
5.00
38.00
22.00
76.00
152.00
307.00
417.00
96.00
995.00
221.00
39.00
46.00
106.00
154.00
144.00
112.00
259.00
107.00
23.00
33.00
37.00
79.00
2.00
274.00
123.00
19.00
30.00
247.00
186.00
1.00
94.00
3.00
18.00
16.00
151.00
17.00
0.00
188.00
76.00
110.00
67.00
153.00
218.00
191.00
3.00
154.00
1102.00
2116.00
812.00
382.00
124.00
93.00
44.00
53.00
15.00
9.00
30.00
365.00
151.00
185.00
7.00
166.00
413.00
262.00
33.00
16.00
46.00
94.00
358.00
432.00
108.00
15.00
106.00
0.00
92.00
655.00
1075.00
510.00
0.00
1.00
1.00
2.00
0.00
0.00
332.00
123.00
323.00
467.00
32.00
21.00
38.00
32.00
0.00
2.00
100.00
63.00
267.00
676.00
42.00
2.00
1.00
86.00
0.00
3.00
1.00
9.00
0.00
0.00
0.00
1.00
754.00
253.00
0.00
0.00
0.00
0.00
91.00
732.00
811.00
3.00
0.00
0.00
0.00
0.00
0.00
0.00
0.00
8.00
0.00
0.00
0.00
0.00
0.00
0.00
0.00
0.00
0.00
0.00
0.00
0.00
0.00
0.00
6.00
161.00
88.00
8.00
0.00
0.00
0.00
0.00
0.00
0.00
0.00
0.00
0.00
0.00
0.00
0.00
0.00
0.00
0.00
0.00
0.00
0.00
0.00
1.00
1.00
98.00
1.00
0.00
0.00
0.00
0.00
0.00
0.00
0.00
0.00
18.00
0.00
0.00
0.00
0.00
0.00
0.00
0.00
0.00
0.00
0.00
0.00
0.00
0.00
0.00
0.00
0.00
0.00
0.00
0.00
0.00
0.00
0.00
0.00
0.00
0.00
0.00
0.00
0.00
0.00
0.00
0.00
0.00
0.00
0.00
0.00
0.00
0.00
0.00
0.00
0.00
0.00
0.00
0.00
0.00
0.00
0.00
0.00
0.00
0.00
237.00
39.00
150.00
23.00
17.00
21.00
11.00
29.00
0.00
0.00
0.00
0.00
0.00
0.00
0.00
0.00
0.00
0.00
473.00
14.00
0.00
0.00
0.00
0.00
0.00
0.00
0.00
0.00
0.00
0.00
0.00
0.00
0.00
0.00
15.00
0.00
0.00
24.00
0.00
0.00
0.00
0.00
0.00
0.00
0.00
0.00
0.00
56.00
0.00
80.00
354.00
324.00
285.00
0.00
0.00
52.00
0.00
142.00
22.00
16.00
89.00
82.00
0.00
163.00
6.00
1.00
54.00
7.00
33.00
68.00
0.00
6.00
40.00
72.00
0.00
2.00
14.00
5.00
20.00
0.00
27.00
19.00
263.00
37.00
284.00
0.00
255.00
16.00
320.00
325.00
34.00
237.00
56.00
45.00
11.00
5.00
0.00
278.00
0.00
0.00
0.00
0.00
0.00
36.00
18.00
157.00
31.00
226.00
20.00
33.00
141.00
1.00
77.00
18.00
31.00
0.00
72.00
4.00
373.00
0.00
0.00
1.00
96.00
112.00
1.00
145.00
285.00
599.00
65.00
179.00
240.00
63.00
23.00
100.00
65.00
97.00
38.00
178.00
200.00
66.00
16.00
45.00
115.00
115.00
378.00
1243.00
230.00
145.00
0.00
0.00
17.00
2.00
28.00
55.00
104.00
114.00
82.00
122.00
7.00
29.00
11.00
16.00
3.00
242.00
56.00
9.00
181.00
98.00
272.00
162.00
223.00
213.00
180.00
375.00
73.00
554.00
185.00
4.00
26.00
26.00
19.00
124.00
29.00
13.00
6.00
14.00
64.00
190.00
66.00
458.00
9.00
5.00
6.00
41.00
55.00
53.00
171.00
522.00
228.00
295.00
184.00
29.00
147.00
13.00
15.00
20.00
43.00
449.00
255.00
237.00
43.00
0.00
0.00
0.00
1.00
247.00
642.00
405.00
24.00
33.00
0.00
0.00
0.00
0.00
36.00
83.00
0.00
3.00
10.00
80.00
47.00
9.00
0.00
13.00
54.00
0.00
0.00
0.00
0.00
0.00
0.00
0.00
0.00
0.00
0.00
10.00
84.00
40.00
30.00
0.00
0.00
0.00
0.00
0.00
0.00
0.00
0.00
0.00
0.00
0.00
0.00
0.00
0.00
1.00
0.00
0.00
0.00
0.00
0.00
0.00
95.00
0.00
0.00
0.00
0.00
0.00
0.00
0.00
0.00
0.00
0.00
0.00
0.00
0.00
0.00
0.00
0.00
0.00
0.00
0.00
0.00
0.00
0.00
0.00
0.00
0.00
0.00
0.00
0.00
0.00
0.00
5.00
0.00
0.00
0.00
0.00
0.00
0.00
0.00
0.00
0.00
0.00
1.00
34.00
352.00
0.00
0.00
0.00
0.00
0.00
0.00
0.00
0.00
0.00
0.00
0.00
0.00
0.00
0.00
0.00
0.00
0.00
0.00
0.00
0.00
0.00
0.00
0.00
0.00
0.00
0.00
0.00
0.00
0.00
0.00
0.00
0.00
0.00
0.00
0.00
0.00
0.00
0.00
5.00
5.00
0.00
0.00
0.00
0.00
0.00
0.00
0.00
0.00
0.00
0.00
0.00
13.00
0.00
0.00
0.00
0.00
0.00
0.00
0.00
11.00
2.00
0.00
0.00
0.00
0.00
0.00
0.00
1.10
7.40
0.00
55.60
3.20
0.00
0.00
0.00
0.80
0.00
0.00
0.00
0.00
0.00
0.00
0.00
0.00
0.00
0.00
0.50
0.00
1.00
4.50
0.00
0.00
8.80
0.60
0.00
0.00
0.00
11.00
0.00
0.00
40.70
1.40
116.90
1.20
21.10
0.00
11.60
14.60
20.30
1.20
2.40
31.80
0.00
0.10
0.00
1.10
0.00
13.40
9.30
0.00
0.00
0.30
0.00
15.50
0.00
0.00
0.10
0.00
1.60
0.90
23.50
8.70
8.70
8.70
2.00
120.70
64.90
0.00
0.00
58.30
1.60
30.30
73.10
46.30
28.30
24.00
7.00
34.50
0.00
51.40
28.70
0.20
0.20
7.80
55.80
55.80
12.90
1.70
10.00
25.10
10.50
19.30
19.00
20.10
2.00
15.20
58.30
1.00
0.00
0.40
1.00
0.10
0.00
0.00
0.40
0.10
0.10
12.80
1.00
100.00
7.60
0.10
14.00
16.70
29.30
0.20
2.10
1.90
45.70
108.60
93.70
58.10
0.00
0.50
0.50
0.00
0.10
15.20
19.20
14.10
17.20
84.40
194.60
194.60
75.00
75.00
76.50
5.40
5.40
0.00
0.00
5.40
5.40
5.40
3.70
10.20
72.40
7.90
25.70
5.50
1.00
1.90
0.40
6.40
11.60
14.80
21.50
1.10
23.30
17.00
9.50
2.50
1.80
6.30
8.70
5.50
32.20
32.40
22.50
7.60
2.40
1.80
1.50
1.50
0.20
1.80
48.50
13.30
4.20
0.40
0.00
2.60
2.30
1.10
8.60
0.40
3.80
6.70
29.10
15.00
1.10
2.10
10.80
2.90
40.10
28.80
8.80
16.90
38.40
14.50
19.70
50.00
18.80
0.00
0.00
0.00
0.10
18.00
15.70
12.70
26.70
0.00
10.90
29.70
4.30
59.90
59.90
6.50
0.00
0.00
1.40
3.10
23.20
27.50
6.60
0.50
0.00
0.00
0.00
0.00
0.00
0.00
0.00
0.00
0.00
0.00
3.20
0.20
0.00
0.20
21.30
72.50
