20160101
0.00
13.00
0.00
0.00
0.00
0.00
0.00
0.00
47.00
0.00
0.00
0.00
7.00
0.00
0.00
0.00
0.00
3.00
11.00
53.00
0.00
0.00
0.00
0.00
0.00
0.00
0.00
21.00
2.00
0.00
3.00
0.00
0.00
0.00
0.00
0.00
0.00
3.00
1.00
5.00
0.00
0.00
0.00
0.00
0.00
0.00
0.00
0.00
0.00
0.00
1.00
0.00
0.00
0.00
0.00
0.00
10.00
0.00
1.00
0.00
0.00
0.00
10.00
1.00
0.00
14.00
0.00
1.00
0.00
0.00
0.00
0.00
0.00
3.00
0.00
0.00
1.00
0.00
0.00
33.00
0.00
0.00
0.00
0.00
0.00
0.00
420.00
222.00
6.00
8.00
246.00
5.00
0.00
0.00
42.00
600.00
41.00
149.00
0.00
0.00
0.00
0.00
0.00
43.00
284.00
57.00
178.00
505.00
194.00
90.00
294.00
44.00
17.00
51.00
10.00
37.00
358.00
118.00
209.00
44.00
79.00
37.00
59.00
45.00
110.00
91.00
131.00
203.00
3.00
0.00
49.00
9.00
149.00
113.00
35.00
544.00
197.00
282.00
410.00
44.00
208.00
339.00
7.00
23.00
39.00
3.00
0.00
10.00
4.00
4.00
3.00
65.00
0.00
11.00
18.00
71.00
7.00
233.00
30.00
100.00
24.00
97.00
4.00
103.00
3.00
126.00
218.00
258.00
75.00
0.00
71.00
179.00
253.00
564.00
168.00
28.00
4.00
48.00
124.00
28.00
101.00
32.00
45.00
11.00
256.00
20.00
6.00
4.00
43.00
183.00
83.00
26.00
20.00
0.00
1.00
33.00
19.00
60.00
97.00
447.00
840.00
866.00
260.00
184.00
128.00
72.00
403.00
36.00
96.00
148.00
83.00
88.00
82.00
1.00
0.00
17.00
252.00
132.00
15.00
86.00
161.00
65.00
16.00
0.00
91.00
164.00
25.00
200.00
26.00
169.00
15.00
0.00
3.00
19.00
0.00
39.00
13.00
293.00
0.00
32.00
12.00
50.00
131.00
193.00
427.00
830.00
59.00
4.00
9.00
80.00
4.00
14.00
0.00
20.00
218.00
71.00
35.00
84.00
92.00
24.00
17.00
1.00
54.00
231.00
18.00
43.00
109.00
5.00
124.00
5.00
28.00
12.00
14.00
33.00
14.00
276.00
51.00
140.00
126.00
0.00
6.00
216.00
133.00
396.00
27.00
65.00
0.00
0.00
0.00
0.00
0.00
0.00
0.00
0.00
0.00
0.00
0.00
0.00
0.00
0.00
149.00
0.00
0.00
14.00
10.00
0.00
0.00
13.00
2.00
106.00
0.00
0.00
0.00
0.00
0.00
0.00
0.00
0.00
0.00
0.00
0.00
1.00
0.00
0.00
0.00
0.00
0.00
0.00
0.00
0.00
0.00
10.00
454.00
0.00
0.00
21.00
0.00
0.00
0.00
0.00
0.00
0.00
22.00
0.00
0.00
0.00
0.00
0.00
0.00
0.00
0.00
0.00
0.00
0.00
0.00
0.00
0.00
0.00
0.00
0.00
14.00
0.00
0.00
0.00
0.00
1.00
1.00
6.00
0.00
7.00
0.00
0.00
0.00
0.00
0.00
7.00
0.00
0.00
0.00
0.00
0.00
0.00
0.00
0.00
0.00
0.00
0.00
0.00
0.00
0.00
0.00
0.00
7.00
0.00
0.00
0.00
0.00
0.00
0.00
0.00
0.00
0.00
0.00
0.00
0.00
0.00
0.00
0.00
0.00
0.00
0.00
0.00
0.00
0.00
0.00
0.00
0.00
67.00
0.00
0.00
0.00
0.00
0.00
0.00
0.00
0.00
0.00
0.00
1.00
4.00
0.00
0.00
89.00
0.00
200.00
1.00
0.00
0.00
0.00
0.00
0.00
0.00
206.00
21.00
49.00
0.00
0.00
0.00
0.00
278.00
28.00
0.00
6.00
106.00
147.00
244.00
534.00
782.00
1078.00
101.00
0.00
0.00
111.00
19.00
0.00
0.00
0.00
0.00
60.00
0.00
303.00
0.00
0.00
0.00
184.00
141.00
398.00
140.00
0.00
61.00
40.00
92.00
17.00
192.00
14.00
367.00
18.00
0.00
36.00
99.00
583.00
835.00
1.00
9.00
80.00
1.00
8.00
0.00
27.00
60.00
296.00
34.00
2.00
196.00
28.00
225.00
98.00
64.00
65.00
160.00
253.00
138.00
0.00
4.00
91.00
221.00
26.00
178.00
360.00
51.00
0.00
0.00
62.00
43.00
30.00
154.00
97.00
149.00
687.00
1230.00
0.00
6.00
833.00
161.00
147.00
80.00
0.00
308.00
466.00
63.00
138.00
3.00
48.00
94.00
41.00
12.00
509.00
167.00
28.00
194.00
324.00
63.00
61.00
2.00
53.00
51.00
137.00
48.00
88.00
39.00
119.00
247.00
52.00
92.00
125.00
33.00
3.00
34.00
93.00
51.00
6.00
11.00
0.00
47.00
38.00
40.00
50.00
6.00
35.00
27.00
163.00
79.00
40.00
5.00
125.00
80.00
230.00
1365.00
742.00
784.00
1044.00
322.00
20.00
11.00
216.00
90.00
0.00
74.00
118.00
193.00
53.00
8.00
40.00
150.00
93.00
40.00
1.00
25.00
91.00
65.00
517.00
167.00
9.00
0.00
0.00
0.00
285.00
433.00
27.00
23.00
114.00
4.00
133.00
11.00
0.00
314.00
17.00
321.00
42.00
40.00
6.00
19.00
6.00
0.00
9.00
47.00
369.00
208.00
246.00
60.00
13.00
18.00
79.00
18.00
35.00
20.00
23.00
0.00
41.00
30.00
13.00
50.00
152.00
12.00
0.00
4.00
1.00
242.00
592.00
1080.00
0.00
0.00
0.00
0.00
1.00
0.00
0.00
4.00
87.00
0.00
0.00
6.00
1.00
35.00
5.00
0.00
0.00
16.00
0.00
0.00
0.00
0.00
0.00
0.00
248.00
63.00
7.00
0.00
0.00
0.00
0.00
0.00
0.00
0.00
4.00
1.00
0.00
0.00
0.00
0.00
0.00
0.00
0.00
0.00
0.00
5.00
0.00
0.00
196.00
0.00
0.00
0.00
0.00
0.00
0.00
0.00
0.00
11.00
3.00
17.00
0.00
0.00
0.00
0.00
5.00
0.00
0.00
0.00
6.00
4.00
6.00
40.00
1.00
0.00
0.00
0.00
0.00
11.00
8.00
0.00
0.00
0.00
0.00
0.00
0.00
0.00
0.00
0.00
0.00
0.00
0.00
0.00
0.00
0.00
0.00
0.00
0.00
7.00
0.00
0.00
0.00
0.00
0.00
0.00
0.00
0.00
2.00
30.00
110.00
8.00
0.00
8.00
54.00
3.00
36.00
24.00
0.00
0.00
0.00
0.00
0.00
182.00
73.00
7.00
1.00
0.00
451.00
332.00
0.00
0.00
0.00
0.00
0.00
0.00
0.00
0.00
0.00
0.00
0.00
0.00
0.00
0.00
47.00
0.00
1.00
7.00
7.00
0.00
0.00
0.00
0.00
0.00
0.00
0.00
0.00
0.00
1.00
1.00
359.00
507.00
238.00
8.00
26.00
46.00
194.00
77.00
5.00
57.00
65.00
35.00
22.00
75.00
75.00
193.00
15.00
2.00
9.00
7.00
8.00
0.00
55.00
7.00
6.00
0.00
1.00
11.00
62.00
10.00
109.00
1.00
153.00
139.00
167.00
21.00
78.00
1.00
131.00
152.00
68.00
168.00
124.00
206.00
89.00
8.00
0.00
164.00
0.00
0.00
0.00
0.00
1.00
18.00
2.00
1.00
319.00
195.00
51.00
33.00
273.00
0.00
2.00
6.00
0.00
0.00
7.00
3.00
23.00
26.00
73.00
22.00
134.00
113.00
3.00
239.00
1036.00
472.00
129.00
1.00
271.00
17.00
0.00
0.00
26.00
7.00
214.00
160.00
15.00
35.00
7.00
4.00
30.00
71.00
169.00
605.00
188.00
770.00
25.00
0.00
46.00
3.00
6.00
0.00
14.00
6.00
42.00
93.00
86.00
49.00
19.00
11.00
30.00
140.00
77.00
7.00
127.00
184.00
105.00
6.00
125.00
45.00
87.00
28.00
163.00
30.00
24.00
7.00
9.00
70.00
55.00
261.00
54.00
51.00
21.00
79.00
120.00
130.00
35.00
118.00
115.00
52.00
2.00
30.00
39.00
6.00
5.00
26.00
281.00
85.00
98.00
4.00
16.00
11.00
3.00
6.00
66.00
241.00
112.00
150.00
10.00
1.00
0.00
0.00
18.00
251.00
573.00
209.00
171.00
0.00
24.00
102.00
48.00
20.00
3.00
5.00
1.00
0.00
0.00
2.00
5.00
55.00
1.00
0.00
17.00
0.00
0.00
0.00
0.00
0.00
0.00
0.00
0.00
0.00
0.00
14.00
15.00
37.00
52.00
0.00
0.00
0.00
0.00
0.00
0.00
0.00
0.00
0.00
0.00
0.00
0.00
0.00
0.00
21.00
2.00
0.00
23.00
21.00
0.00
0.00
1.00
0.00
0.00
0.00
0.00
0.00
0.00
0.00
0.00
0.00
0.00
0.00
0.00
0.00
0.00
0.00
0.00
0.00
0.00
0.00
0.00
0.00
0.00
0.00
5.00
0.00
0.00
0.00
0.00
0.00
0.00
1.00
0.00
0.00
0.00
0.00
5.00
0.00
0.00
0.00
0.00
0.00
4.00
113.00
311.00
0.00
0.00
0.00
0.00
0.00
0.00
0.00
0.00
0.00
0.00
0.00
0.00
0.00
0.00
0.00
0.00
0.00
0.00
0.00
0.00
0.00
0.00
0.00
0.00
0.00
0.00
0.00
0.00
0.00
0.00
0.00
0.00
0.00
0.00
0.00
0.00
0.00
0.00
1.00
1.00
0.00
0.00
0.00
0.00
0.00
0.00
0.00
0.00
0.00
0.00
0.00
29.00
1.00
4.00
0.00
1.00
0.00
0.00
0.00
17.00
0.00
0.00
0.00
0.00
0.00
0.00
0.00
1.70
26.40
4.20
74.50
32.80
0.00
0.00
0.20
1.30
0.00
0.00
0.00
0.00
0.00
0.00
0.00
0.00
0.00
1.40
2.30
0.00
0.00
4.00
0.10
0.00
0.00
0.00
0.00
0.00
0.00
4.50
13.30
0.00
1.70
2.50
153.10
6.60
43.10
0.00
6.40
12.30
10.30
1.00
0.40
53.50
0.10
0.00
0.00
1.30
2.40
35.40
25.20
0.10
0.00
0.00
85.30
8.60
1.00
0.00
0.70
7.70
0.00
2.30
6.00
11.80
8.30
8.30
1.20
16.50
55.30
0.40
0.10
29.90
23.90
13.90
39.60
20.70
10.00
89.30
1.00
3.10
1.80
30.50
12.50
0.40
0.40
19.10
14.10
14.10
6.10
3.90
8.80
1.80
1.40
0.20
11.20
2.20
3.20
8.60
47.40
12.20
0.00
0.10
6.10
0.50
2.80
0.00
0.90
0.00
5.30
23.20
0.90
46.50
8.10
0.30
9.70
10.80
3.90
0.00
0.40
0.30
34.20
99.70
117.30
73.90
0.50
16.10
5.50
0.80
0.50
7.50
11.00
24.60
10.30
93.00
200.40
200.40
118.90
118.90
15.60
7.00
7.00
0.00
0.10
7.00
7.00
7.00
0.70
20.80
31.70
5.10
19.20
1.60
12.20
4.70
2.20
6.30
3.40
2.00
14.80
2.50
1.80
0.90
9.60
8.60
2.00
0.30
3.70
0.90
12.90
8.50
10.50
14.40
1.70
0.80
0.10
0.20
1.00
0.70
20.60
9.10
25.60
2.80
0.00
4.90
0.60
0.50
19.90
5.90
3.40
6.30
7.90
9.50
1.40
2.30
5.90
0.30
13.10
15.90
8.80
24.20
27.40
7.20
12.80
10.00
6.50
9.50
1.50
2.00
2.70
13.00
6.20
15.20
23.20
1.60
21.30
10.50
9.40
23.30
23.30
19.30
0.40
0.30
1.60
1.80
14.40
3.00
4.90
0.10
0.00
0.00
0.00
1.80
0.60
0.10
0.10
1.00
0.60
1.30
4.90
0.30
0.20
3.00
11.70
41.50
