20160101
0.00
0.00
0.00
0.00
0.00
0.00
0.00
0.00
0.00
0.00
0.00
0.00
0.00
0.00
0.00
0.00
0.00
0.00
40.00
75.00
0.00
0.00
0.00
0.00
0.00
0.00
0.00
0.00
0.00
0.00
0.00
0.00
0.00
0.00
0.00
0.00
0.00
0.00
1.00
0.00
0.00
0.00
0.00
0.00
0.00
0.00
0.00
0.00
0.00
0.00
7.00
0.00
0.00
0.00
0.00
0.00
3.00
0.00
0.00
0.00
0.00
0.00
16.00
1.00
0.00
82.00
0.00
0.00
0.00
0.00
0.00
0.00
9.00
29.00
0.00
0.00
0.00
0.00
17.00
60.00
8.00
0.00
0.00
0.00
0.00
0.00
330.00
157.00
42.00
13.00
286.00
13.00
0.00
0.00
17.00
378.00
0.00
11.00
0.00
0.00
0.00
0.00
0.00
0.00
25.00
8.00
243.00
166.00
372.00
103.00
145.00
53.00
0.00
13.00
0.00
0.00
322.00
50.00
179.00
6.00
39.00
324.00
2.00
19.00
125.00
58.00
84.00
359.00
0.00
32.00
107.00
18.00
183.00
430.00
152.00
706.00
54.00
311.00
326.00
73.00
47.00
67.00
13.00
58.00
46.00
35.00
0.00
21.00
2.00
14.00
28.00
155.00
0.00
37.00
9.00
4.00
3.00
133.00
0.00
18.00
6.00
24.00
7.00
2.00
0.00
55.00
152.00
129.00
40.00
5.00
19.00
34.00
150.00
111.00
129.00
319.00
61.00
137.00
124.00
2.00
23.00
2.00
111.00
294.00
337.00
310.00
97.00
38.00
0.00
195.00
132.00
89.00
45.00
8.00
14.00
120.00
113.00
341.00
236.00
85.00
213.00
205.00
547.00
52.00
175.00
108.00
496.00
40.00
8.00
120.00
283.00
194.00
119.00
451.00
85.00
56.00
184.00
170.00
57.00
198.00
113.00
152.00
86.00
15.00
10.00
10.00
451.00
146.00
12.00
38.00
62.00
0.00
4.00
26.00
3.00
44.00
66.00
323.00
62.00
4.00
297.00
83.00
36.00
90.00
116.00
242.00
55.00
89.00
3.00
7.00
0.00
0.00
0.00
127.00
27.00
94.00
63.00
110.00
132.00
40.00
44.00
245.00
172.00
1.00
59.00
125.00
53.00
37.00
251.00
64.00
58.00
32.00
13.00
0.00
5.00
33.00
254.00
41.00
240.00
0.00
127.00
371.00
92.00
433.00
222.00
5.00
0.00
0.00
0.00
0.00
0.00
0.00
0.00
0.00
0.00
0.00
0.00
0.00
0.00
0.00
211.00
0.00
0.00
0.00
0.00
0.00
0.00
3.00
9.00
28.00
0.00
0.00
0.00
0.00
0.00
0.00
0.00
0.00
0.00
0.00
0.00
0.00
0.00
0.00
0.00
0.00
0.00
0.00
0.00
0.00
0.00
0.00
0.00
0.00
0.00
0.00
0.00
0.00
0.00
0.00
0.00
0.00
0.00
0.00
0.00
0.00
0.00
0.00
0.00
0.00
0.00
0.00
0.00
0.00
0.00
0.00
0.00
0.00
0.00
0.00
136.00
0.00
0.00
0.00
0.00
1.00
0.00
0.00
0.00
5.00
0.00
0.00
0.00
0.00
0.00
13.00
0.00
0.00
0.00
0.00
0.00
0.00
0.00
0.00
0.00
0.00
0.00
0.00
0.00
0.00
0.00
4.00
0.00
20.00
0.00
0.00
0.00
0.00
0.00
0.00
0.00
0.00
0.00
0.00
0.00
0.00
0.00
0.00
0.00
0.00
0.00
0.00
0.00
0.00
0.00
0.00
0.00
3.00
0.00
0.00
0.00
0.00
0.00
0.00
0.00
0.00
0.00
0.00
3.00
0.00
0.00
0.00
29.00
11.00
94.00
0.00
0.00
0.00
0.00
0.00
0.00
1.00
123.00
43.00
153.00
0.00
0.00
0.00
0.00
304.00
11.00
20.00
8.00
41.00
104.00
85.00
371.00
753.00
660.00
26.00
9.00
0.00
24.00
3.00
0.00
0.00
0.00
0.00
1.00
0.00
129.00
29.00
0.00
48.00
576.00
51.00
904.00
411.00
0.00
54.00
0.00
15.00
0.00
179.00
0.00
124.00
6.00
0.00
83.00
135.00
178.00
102.00
1.00
55.00
72.00
1.00
5.00
5.00
14.00
230.00
308.00
71.00
20.00
264.00
144.00
124.00
21.00
133.00
183.00
120.00
828.00
150.00
0.00
17.00
68.00
198.00
109.00
22.00
137.00
6.00
2.00
60.00
0.00
11.00
45.00
269.00
122.00
45.00
1349.00
596.00
366.00
14.00
284.00
42.00
142.00
95.00
2.00
148.00
208.00
23.00
151.00
79.00
12.00
49.00
46.00
77.00
164.00
466.00
80.00
1078.00
351.00
127.00
72.00
52.00
113.00
218.00
224.00
63.00
105.00
26.00
79.00
193.00
131.00
60.00
249.00
74.00
67.00
16.00
76.00
272.00
10.00
88.00
11.00
46.00
36.00
166.00
27.00
1.00
53.00
60.00
88.00
110.00
174.00
49.00
121.00
19.00
274.00
882.00
1603.00
730.00
469.00
98.00
21.00
76.00
138.00
57.00
40.00
200.00
63.00
162.00
122.00
15.00
2.00
846.00
112.00
36.00
4.00
32.00
164.00
102.00
256.00
48.00
2.00
63.00
0.00
39.00
275.00
220.00
320.00
155.00
138.00
0.00
61.00
24.00
8.00
349.00
69.00
228.00
221.00
55.00
1.00
37.00
52.00
2.00
16.00
140.00
237.00
439.00
473.00
14.00
13.00
17.00
0.00
53.00
46.00
16.00
83.00
10.00
30.00
37.00
76.00
231.00
156.00
0.00
0.00
0.00
13.00
13.00
723.00
1655.00
0.00
0.00
0.00
0.00
0.00
0.00
0.00
0.00
6.00
0.00
0.00
0.00
0.00
0.00
0.00
0.00
0.00
0.00
0.00
0.00
0.00
0.00
0.00
1.00
134.00
35.00
3.00
0.00
0.00
0.00
0.00
0.00
0.00
0.00
0.00
0.00
0.00
0.00
0.00
0.00
0.00
0.00
0.00
0.00
0.00
0.00
1.00
1.00
30.00
1.00
0.00
0.00
0.00
0.00
0.00
0.00
0.00
0.00
2.00
0.00
0.00
0.00
0.00
0.00
0.00
0.00
0.00
0.00
0.00
0.00
0.00
0.00
0.00
0.00
0.00
0.00
0.00
0.00
0.00
0.00
0.00
0.00
0.00
0.00
0.00
0.00
0.00
0.00
0.00
0.00
0.00
0.00
0.00
0.00
0.00
0.00
0.00
0.00
0.00
0.00
0.00
0.00
0.00
0.00
0.00
0.00
0.00
23.00
88.00
7.00
0.00
12.00
1.00
0.00
16.00
79.00
0.00
0.00
0.00
0.00
0.00
0.00
0.00
0.00
0.00
0.00
232.00
60.00
0.00
0.00
0.00
0.00
0.00
0.00
0.00
0.00
0.00
0.00
0.00
0.00
0.00
55.00
2.00
0.00
2.00
0.00
0.00
0.00
0.00
0.00
0.00
0.00
0.00
1.00
0.00
33.00
0.00
3.00
491.00
261.00
122.00
7.00
0.00
245.00
0.00
45.00
4.00
59.00
54.00
120.00
6.00
281.00
42.00
278.00
12.00
0.00
9.00
5.00
30.00
2.00
35.00
19.00
0.00
9.00
2.00
21.00
67.00
2.00
27.00
8.00
84.00
31.00
221.00
5.00
220.00
21.00
106.00
222.00
43.00
307.00
330.00
12.00
20.00
9.00
0.00
197.00
0.00
0.00
0.00
0.00
0.00
0.00
2.00
78.00
49.00
124.00
55.00
486.00
68.00
0.00
6.00
10.00
30.00
0.00
1.00
48.00
24.00
3.00
7.00
20.00
154.00
380.00
60.00
2.00
46.00
787.00
215.00
77.00
60.00
133.00
4.00
23.00
1.00
0.00
7.00
1.00
41.00
41.00
2.00
24.00
7.00
30.00
221.00
272.00
97.00
98.00
5.00
0.00
30.00
12.00
5.00
6.00
28.00
111.00
42.00
194.00
118.00
62.00
38.00
26.00
109.00
385.00
106.00
2.00
105.00
191.00
16.00
13.00
63.00
51.00
66.00
227.00
100.00
301.00
266.00
16.00
152.00
79.00
121.00
69.00
23.00
19.00
0.00
17.00
169.00
174.00
140.00
351.00
49.00
52.00
13.00
218.00
115.00
118.00
90.00
55.00
117.00
56.00
40.00
159.00
111.00
5.00
6.00
122.00
55.00
343.00
86.00
182.00
199.00
1.00
0.00
0.00
0.00
10.00
570.00
301.00
1.00
126.00
0.00
7.00
12.00
0.00
29.00
128.00
27.00
1.00
2.00
26.00
6.00
0.00
0.00
3.00
10.00
0.00
0.00
0.00
0.00
0.00
0.00
0.00
0.00
0.00
0.00
5.00
196.00
36.00
0.00
0.00
0.00
0.00
0.00
0.00
0.00
0.00
0.00
0.00
0.00
0.00
0.00
0.00
0.00
0.00
0.00
210.00
0.00
0.00
0.00
0.00
0.00
0.00
0.00
0.00
0.00
0.00
0.00
0.00
0.00
0.00
0.00
0.00
0.00
0.00
0.00
0.00
0.00
0.00
0.00
0.00
0.00
0.00
0.00
0.00
0.00
0.00
0.00
0.00
0.00
0.00
0.00
35.00
0.00
0.00
0.00
0.00
0.00
0.00
0.00
0.00
0.00
0.00
5.00
240.00
1405.00
0.00
0.00
0.00
0.00
0.00
0.00
0.00
0.00
0.00
0.00
0.00
0.00
0.00
0.00
0.00
0.00
0.00
1.00
0.00
0.00
0.00
0.00
0.00
0.00
0.00
0.00
0.00
0.00
0.00
0.00
0.00
0.00
0.00
0.00
0.00
0.00
0.00
0.00
2.00
2.00
0.00
0.00
0.00
0.00
0.00
0.00
0.00
0.00
0.00
0.00
0.00
71.00
0.00
0.00
0.00
1.00
0.00
0.00
11.00
23.00
1.00
0.00
0.00
0.00
0.00
0.00
0.00
3.70
6.90
0.00
64.10
5.90
0.00
0.00
0.40
0.00
0.00
0.00
0.00
0.00
0.00
0.00
0.00
0.00
0.00
0.00
0.20
0.00
0.00
8.00
7.60
0.00
0.00
0.00
0.00
0.00
0.00
19.10
2.10
0.00
25.20
8.00
192.30
3.50
11.30
0.00
27.30
21.90
12.80
8.80
13.40
22.50
0.00
0.00
0.30
1.50
7.40
24.70
30.40
0.00
0.00
0.00
4.70
10.40
0.10
0.00
0.00
0.00
0.50
0.30
34.60
6.20
0.90
0.90
3.70
49.60
110.70
0.00
0.00
69.30
0.10
0.20
82.90
72.10
33.40
23.00
9.30
22.20
3.80
28.60
34.50
2.80
2.80
6.60
24.60
24.60
21.50
3.60
10.70
21.90
3.90
12.60
30.60
3.00
1.20
10.50
32.50
1.30
0.70
0.00
0.10
0.10
0.10
1.20
1.90
0.80
4.80
4.70
1.90
63.40
3.00
0.00
7.00
34.30
30.20
1.40
0.60
0.50
19.50
220.20
76.60
35.60
1.20
1.30
24.10
0.00
0.00
6.90
10.30
22.70
44.80
80.30
230.10
230.10
56.50
56.50
42.80
0.00
0.00
2.90
0.00
0.00
0.00
0.00
2.00
17.60
76.90
10.90
15.10
12.70
4.80
4.60
0.00
1.70
18.70
8.50
8.20
2.70
57.50
100.70
18.70
162.80
2.70
1.90
9.50
2.90
61.60
3.40
6.60
8.70
2.30
0.10
0.30
0.10
2.30
6.30
43.90
46.30
20.20
3.20
1.40
4.80
28.00
12.30
22.00
10.90
7.20
9.70
36.10
3.60
0.10
5.80
2.50
0.70
4.80
5.90
14.70
19.80
47.00
4.60
3.80
17.10
4.50
0.10
0.00
0.50
5.20
20.60
9.60
20.40
40.10
0.20
52.30
33.30
9.60
97.70
97.70
10.00
0.20
7.10
0.50
2.90
19.90
15.00
7.10
0.00
0.00
0.00
0.00
0.00
0.00
0.00
0.00
0.00
0.10
0.00
2.60
0.00
0.30
1.80
20.20
109.10
