20160101
0.00
0.00
0.00
0.00
0.00
0.00
0.00
0.00
0.00
0.00
0.00
0.00
1.00
0.00
0.00
0.00
0.00
0.00
0.00
20.00
0.00
0.00
0.00
0.00
0.00
0.00
0.00
0.00
0.00
0.00
0.00
0.00
0.00
0.00
0.00
0.00
0.00
3.00
0.00
0.00
0.00
0.00
0.00
0.00
0.00
0.00
0.00
0.00
0.00
0.00
1.00
0.00
0.00
0.00
0.00
0.00
10.00
0.00
0.00
0.00
0.00
0.00
0.00
0.00
0.00
19.00
0.00
0.00
0.00
0.00
0.00
0.00
2.00
0.00
0.00
0.00
0.00
0.00
25.00
1.00
14.00
0.00
0.00
0.00
0.00
0.00
214.00
206.00
27.00
12.00
192.00
1.00
0.00
14.00
97.00
552.00
78.00
461.00
20.00
99.00
0.00
12.00
0.00
88.00
318.00
23.00
235.00
425.00
169.00
128.00
152.00
637.00
47.00
66.00
27.00
63.00
553.00
147.00
82.00
14.00
111.00
336.00
42.00
61.00
158.00
88.00
42.00
305.00
0.00
8.00
24.00
4.00
89.00
68.00
116.00
525.00
221.00
468.00
304.00
18.00
129.00
270.00
0.00
1.00
0.00
17.00
0.00
35.00
7.00
3.00
19.00
150.00
0.00
0.00
174.00
64.00
51.00
420.00
186.00
69.00
26.00
20.00
1.00
8.00
77.00
208.00
266.00
115.00
58.00
39.00
209.00
444.00
306.00
1107.00
1059.00
85.00
1.00
34.00
74.00
3.00
96.00
40.00
1.00
2.00
226.00
28.00
32.00
14.00
49.00
305.00
100.00
47.00
17.00
2.00
47.00
23.00
28.00
84.00
174.00
907.00
492.00
1319.00
136.00
203.00
79.00
183.00
347.00
20.00
58.00
90.00
91.00
50.00
72.00
3.00
0.00
93.00
402.00
152.00
11.00
23.00
134.00
89.00
37.00
3.00
193.00
156.00
21.00
189.00
9.00
162.00
0.00
0.00
1.00
18.00
0.00
4.00
0.00
249.00
0.00
2.00
12.00
5.00
488.00
882.00
1332.00
529.00
166.00
1.00
7.00
163.00
25.00
17.00
3.00
5.00
216.00
35.00
51.00
7.00
3.00
101.00
2.00
1.00
34.00
179.00
61.00
117.00
322.00
23.00
146.00
11.00
0.00
74.00
6.00
0.00
11.00
247.00
22.00
0.00
16.00
29.00
3.00
461.00
265.00
176.00
2.00
50.00
0.00
0.00
0.00
0.00
0.00
0.00
0.00
0.00
0.00
0.00
0.00
0.00
0.00
2.00
93.00
0.00
0.00
0.00
0.00
0.00
0.00
1.00
6.00
157.00
0.00
0.00
0.00
0.00
0.00
0.00
0.00
0.00
0.00
0.00
0.00
0.00
0.00
0.00
0.00
0.00
0.00
0.00
0.00
0.00
0.00
0.00
0.00
0.00
0.00
76.00
0.00
0.00
0.00
0.00
0.00
0.00
0.00
0.00
0.00
0.00
0.00
0.00
0.00
0.00
0.00
0.00
0.00
0.00
0.00
0.00
0.00
0.00
0.00
0.00
56.00
0.00
0.00
0.00
0.00
0.00
0.00
0.00
1.00
5.00
0.00
0.00
0.00
0.00
0.00
0.00
0.00
0.00
0.00
0.00
0.00
0.00
0.00
0.00
0.00
0.00
0.00
0.00
0.00
0.00
0.00
0.00
24.00
0.00
0.00
0.00
0.00
0.00
0.00
0.00
0.00
0.00
0.00
0.00
0.00
0.00
0.00
0.00
0.00
0.00
0.00
0.00
0.00
0.00
0.00
0.00
14.00
7.00
40.00
0.00
0.00
0.00
0.00
0.00
0.00
0.00
0.00
0.00
61.00
0.00
0.00
0.00
153.00
0.00
245.00
4.00
0.00
0.00
0.00
0.00
0.00
40.00
228.00
17.00
19.00
0.00
0.00
0.00
1.00
313.00
37.00
40.00
0.00
164.00
218.00
488.00
871.00
703.00
725.00
3.00
38.00
0.00
30.00
76.00
28.00
0.00
0.00
0.00
5.00
0.00
368.00
0.00
0.00
18.00
1304.00
203.00
387.00
98.00
0.00
83.00
163.00
355.00
0.00
129.00
22.00
268.00
24.00
0.00
118.00
152.00
411.00
413.00
10.00
9.00
38.00
3.00
23.00
85.00
6.00
106.00
323.00
1.00
0.00
242.00
95.00
225.00
159.00
158.00
156.00
141.00
302.00
174.00
0.00
7.00
88.00
184.00
54.00
333.00
463.00
101.00
0.00
4.00
1.00
27.00
145.00
27.00
168.00
211.00
627.00
588.00
18.00
32.00
761.00
157.00
213.00
155.00
0.00
512.00
363.00
123.00
348.00
26.00
22.00
40.00
65.00
19.00
1056.00
387.00
13.00
320.00
388.00
52.00
38.00
1.00
20.00
71.00
122.00
23.00
93.00
7.00
31.00
111.00
3.00
14.00
149.00
31.00
10.00
170.00
183.00
16.00
7.00
2.00
5.00
13.00
7.00
90.00
44.00
5.00
107.00
13.00
77.00
71.00
181.00
44.00
219.00
277.00
158.00
2337.00
1014.00
872.00
1229.00
485.00
40.00
9.00
139.00
211.00
19.00
14.00
200.00
321.00
74.00
15.00
83.00
196.00
74.00
26.00
1.00
1.00
52.00
109.00
1004.00
289.00
106.00
7.00
1.00
2.00
944.00
1550.00
135.00
24.00
2.00
1.00
103.00
0.00
0.00
231.00
48.00
255.00
120.00
64.00
31.00
54.00
2.00
4.00
28.00
95.00
623.00
257.00
347.00
82.00
1.00
0.00
3.00
6.00
11.00
3.00
40.00
1.00
15.00
0.00
7.00
84.00
315.00
0.00
0.00
0.00
0.00
267.00
635.00
1312.00
0.00
0.00
0.00
0.00
0.00
0.00
0.00
4.00
91.00
0.00
0.00
0.00
0.00
0.00
1.00
0.00
0.00
0.00
0.00
0.00
0.00
0.00
0.00
5.00
245.00
100.00
9.00
0.00
0.00
0.00
0.00
0.00
0.00
0.00
0.00
0.00
0.00
0.00
0.00
0.00
0.00
0.00
0.00
0.00
0.00
0.00
0.00
31.00
218.00
2.00
0.00
0.00
0.00
0.00
0.00
0.00
0.00
0.00
9.00
0.00
0.00
0.00
0.00
0.00
0.00
0.00
0.00
0.00
0.00
0.00
0.00
101.00
0.00
0.00
0.00
0.00
0.00
0.00
0.00
0.00
0.00
0.00
0.00
0.00
0.00
0.00
0.00
0.00
0.00
0.00
0.00
0.00
0.00
0.00
0.00
0.00
0.00
0.00
0.00
0.00
0.00
0.00
0.00
0.00
0.00
0.00
0.00
0.00
83.00
1.00
20.00
13.00
56.00
0.00
0.00
5.00
0.00
0.00
0.00
0.00
0.00
0.00
0.00
0.00
0.00
0.00
308.00
407.00
0.00
0.00
0.00
0.00
0.00
0.00
0.00
0.00
0.00
0.00
0.00
0.00
0.00
1.00
17.00
0.00
46.00
62.00
8.00
0.00
0.00
0.00
0.00
0.00
0.00
3.00
6.00
1.00
0.00
110.00
453.00
280.00
305.00
0.00
4.00
0.00
4.00
258.00
2.00
56.00
87.00
112.00
21.00
105.00
76.00
194.00
63.00
0.00
1.00
1.00
0.00
5.00
52.00
53.00
14.00
1.00
127.00
0.00
46.00
0.00
205.00
0.00
126.00
102.00
297.00
0.00
74.00
4.00
194.00
383.00
133.00
189.00
134.00
349.00
5.00
4.00
0.00
176.00
0.00
0.00
0.00
10.00
0.00
4.00
8.00
67.00
169.00
363.00
159.00
13.00
153.00
0.00
19.00
31.00
0.00
16.00
3.00
1.00
38.00
13.00
2.00
15.00
66.00
80.00
3.00
1117.00
1041.00
679.00
196.00
9.00
365.00
28.00
4.00
9.00
103.00
164.00
457.00
240.00
23.00
61.00
8.00
2.00
28.00
405.00
362.00
586.00
339.00
441.00
9.00
0.00
153.00
30.00
10.00
0.00
12.00
16.00
39.00
197.00
72.00
114.00
31.00
4.00
4.00
287.00
75.00
13.00
77.00
120.00
371.00
70.00
99.00
203.00
98.00
53.00
42.00
32.00
57.00
1.00
2.00
47.00
52.00
272.00
27.00
30.00
12.00
179.00
182.00
87.00
4.00
207.00
53.00
15.00
2.00
8.00
64.00
8.00
23.00
22.00
371.00
83.00
147.00
8.00
29.00
0.00
3.00
0.00
32.00
249.00
261.00
247.00
7.00
0.00
0.00
0.00
199.00
481.00
690.00
436.00
951.00
5.00
0.00
1.00
33.00
16.00
4.00
4.00
0.00
11.00
2.00
39.00
34.00
0.00
16.00
3.00
27.00
0.00
0.00
0.00
0.00
0.00
0.00
0.00
0.00
0.00
0.00
33.00
10.00
49.00
119.00
0.00
0.00
0.00
0.00
0.00
0.00
0.00
0.00
0.00
0.00
0.00
0.00
0.00
7.00
20.00
5.00
3.00
0.00
0.00
0.00
0.00
0.00
0.00
0.00
0.00
0.00
0.00
0.00
0.00
0.00
0.00
0.00
0.00
0.00
0.00
0.00
0.00
0.00
0.00
0.00
1.00
0.00
0.00
0.00
0.00
0.00
0.00
0.00
0.00
0.00
0.00
0.00
1.00
0.00
0.00
0.00
0.00
0.00
0.00
0.00
0.00
0.00
0.00
1.00
51.00
166.00
0.00
0.00
0.00
0.00
0.00
0.00
0.00
0.00
0.00
0.00
0.00
0.00
0.00
0.00
0.00
0.00
0.00
0.00
0.00
0.00
0.00
0.00
0.00
0.00
0.00
0.00
0.00
0.00
0.00
0.00
0.00
0.00
0.00
0.00
0.00
0.00
0.00
0.00
0.00
0.00
0.00
0.00
0.00
0.00
0.00
0.00
0.00
0.00
0.00
0.00
0.00
14.00
0.00
0.00
0.00
0.00
0.00
1.00
0.00
6.00
0.00
0.00
0.00
0.00
0.00
0.00
0.00
2.80
25.90
4.40
46.80
3.10
0.00
0.00
0.00
0.00
0.00
0.00
0.00
0.00
0.00
0.00
0.00
0.00
0.00
0.00
0.00
0.00
0.00
0.20
0.20
0.00
0.00
30.00
0.00
0.00
0.00
1.60
5.80
0.00
1.30
7.00
152.00
15.20
49.20
0.00
8.50
4.30
16.90
0.50
1.40
56.40
0.00
0.00
0.10
0.00
0.00
17.90
8.00
0.00
0.00
0.00
8.80
13.30
0.80
0.00
0.10
0.00
0.00
6.80
13.70
15.10
19.20
19.20
3.30
24.50
46.50
17.00
3.00
37.10
53.10
31.00
46.40
24.70
13.60
31.60
11.70
10.30
0.00
43.70
16.40
0.50
0.50
23.20
28.80
28.80
9.10
1.40
16.70
4.60
1.20
1.10
12.60
6.40
1.70
3.40
101.50
18.70
0.00
4.00
2.40
0.10
1.10
0.00
1.80
0.00
14.70
23.10
1.60
22.20
11.70
0.10
12.10
6.80
3.00
0.00
0.20
11.30
103.40
93.50
168.10
112.70
0.00
18.90
1.00
1.60
0.30
4.50
10.50
15.20
1.50
56.10
170.60
170.60
123.30
123.30
49.60
11.60
11.60
0.00
0.00
11.60
11.60
11.60
17.40
42.60
77.30
5.70
4.20
1.50
5.80
7.40
3.40
12.10
6.50
0.20
17.20
0.70
0.50
0.50
5.10
18.40
2.10
17.60
1.00
1.00
17.00
15.40
52.70
25.00
6.10
3.30
0.00
0.00
0.30
3.10
26.60
9.00
18.50
1.20
3.40
2.20
0.20
4.30
10.20
6.90
0.10
5.00
24.10
7.10
0.20
4.80
14.70
2.10
25.50
11.60
5.10
8.10
18.30
17.10
44.20
13.80
4.70
0.00
11.10
0.00
0.50
14.80
26.40
39.20
33.60
0.00
12.20
5.20
23.60
35.60
35.60
38.90
0.00
0.00
0.80
0.60
3.80
3.60
6.70
2.00
0.00
0.00
0.00
0.00
0.40
0.00
0.00
0.00
0.00
0.00
5.20
0.10
0.40
2.10
19.30
110.50
