20160101
0.00
0.00
0.00
0.00
0.00
0.00
0.00
0.00
0.00
0.00
0.00
0.00
0.00
0.00
0.00
0.00
0.00
0.00
13.00
0.00
0.00
0.00
0.00
0.00
0.00
0.00
0.00
0.00
0.00
0.00
0.00
0.00
0.00
0.00
0.00
0.00
0.00
4.00
2.00
0.00
0.00
0.00
0.00
0.00
0.00
0.00
0.00
0.00
0.00
0.00
9.00
1.00
0.00
0.00
0.00
0.00
0.00
0.00
0.00
0.00
0.00
0.00
2.00
0.00
0.00
0.00
0.00
0.00
0.00
0.00
0.00
0.00
11.00
15.00
1.00
0.00
1.00
0.00
4.00
105.00
1.00
0.00
0.00
0.00
0.00
0.00
178.00
316.00
4.00
23.00
410.00
16.00
0.00
0.00
12.00
422.00
0.00
2.00
0.00
0.00
0.00
0.00
0.00
0.00
42.00
32.00
284.00
216.00
438.00
77.00
133.00
79.00
0.00
5.00
0.00
0.00
63.00
27.00
336.00
27.00
25.00
362.00
5.00
13.00
245.00
263.00
65.00
255.00
4.00
21.00
144.00
6.00
198.00
329.00
359.00
645.00
98.00
481.00
553.00
71.00
65.00
62.00
11.00
132.00
55.00
10.00
0.00
35.00
0.00
0.00
110.00
83.00
56.00
2.00
0.00
1.00
80.00
159.00
47.00
20.00
77.00
0.00
21.00
5.00
0.00
5.00
155.00
131.00
110.00
25.00
26.00
45.00
106.00
76.00
399.00
386.00
67.00
108.00
47.00
21.00
28.00
47.00
83.00
272.00
327.00
299.00
140.00
42.00
9.00
97.00
141.00
101.00
118.00
1.00
5.00
37.00
116.00
162.00
298.00
15.00
204.00
49.00
630.00
60.00
127.00
139.00
487.00
53.00
15.00
54.00
309.00
104.00
55.00
424.00
57.00
74.00
140.00
149.00
74.00
133.00
90.00
101.00
78.00
14.00
17.00
2.00
79.00
231.00
11.00
61.00
69.00
0.00
1.00
90.00
0.00
6.00
5.00
206.00
37.00
0.00
132.00
171.00
15.00
55.00
24.00
320.00
44.00
30.00
9.00
0.00
0.00
4.00
0.00
107.00
68.00
5.00
20.00
5.00
116.00
25.00
63.00
162.00
227.00
51.00
205.00
107.00
161.00
55.00
180.00
65.00
1.00
16.00
68.00
6.00
0.00
2.00
150.00
4.00
18.00
0.00
154.00
71.00
181.00
86.00
298.00
6.00
0.00
0.00
0.00
0.00
0.00
0.00
0.00
0.00
0.00
0.00
0.00
0.00
0.00
0.00
364.00
0.00
0.00
0.00
0.00
0.00
0.00
0.00
0.00
0.00
0.00
0.00
0.00
0.00
0.00
0.00
0.00
0.00
0.00
0.00
0.00
0.00
0.00
0.00
0.00
0.00
0.00
0.00
0.00
0.00
0.00
0.00
0.00
0.00
0.00
3.00
0.00
0.00
0.00
0.00
0.00
0.00
0.00
0.00
0.00
0.00
0.00
0.00
0.00
0.00
0.00
0.00
0.00
0.00
0.00
0.00
0.00
0.00
0.00
0.00
3.00
0.00
0.00
0.00
0.00
0.00
0.00
0.00
0.00
8.00
0.00
0.00
0.00
0.00
0.00
11.00
0.00
0.00
0.00
0.00
0.00
0.00
0.00
0.00
0.00
0.00
0.00
0.00
0.00
0.00
0.00
2.00
2.00
7.00
0.00
0.00
0.00
0.00
0.00
0.00
0.00
0.00
0.00
0.00
0.00
0.00
0.00
0.00
0.00
0.00
0.00
0.00
0.00
0.00
0.00
0.00
0.00
0.00
0.00
0.00
0.00
0.00
0.00
0.00
0.00
0.00
0.00
0.00
0.00
0.00
0.00
0.00
17.00
10.00
98.00
6.00
0.00
0.00
0.00
0.00
0.00
2.00
307.00
27.00
361.00
0.00
0.00
0.00
0.00
344.00
4.00
1.00
14.00
3.00
136.00
34.00
331.00
917.00
377.00
98.00
7.00
0.00
26.00
12.00
0.00
0.00
0.00
0.00
3.00
0.00
148.00
9.00
0.00
13.00
1656.00
69.00
548.00
502.00
0.00
85.00
0.00
0.00
0.00
171.00
2.00
74.00
1.00
0.00
228.00
119.00
96.00
99.00
47.00
237.00
114.00
2.00
11.00
3.00
53.00
223.00
303.00
59.00
21.00
205.00
56.00
97.00
2.00
133.00
120.00
55.00
574.00
208.00
0.00
41.00
73.00
124.00
23.00
18.00
93.00
13.00
0.00
133.00
0.00
17.00
80.00
285.00
126.00
52.00
1320.00
377.00
246.00
27.00
396.00
29.00
325.00
115.00
39.00
3.00
89.00
19.00
182.00
71.00
5.00
79.00
40.00
23.00
140.00
350.00
132.00
863.00
228.00
121.00
42.00
75.00
50.00
290.00
183.00
92.00
55.00
0.00
41.00
28.00
44.00
43.00
316.00
41.00
62.00
11.00
95.00
272.00
19.00
104.00
18.00
42.00
27.00
91.00
29.00
22.00
134.00
66.00
94.00
46.00
183.00
17.00
34.00
56.00
292.00
961.00
1561.00
337.00
308.00
78.00
19.00
51.00
115.00
70.00
46.00
122.00
95.00
224.00
63.00
1.00
9.00
515.00
176.00
15.00
29.00
71.00
362.00
102.00
112.00
35.00
0.00
2.00
1.00
32.00
128.00
191.00
483.00
360.00
13.00
29.00
57.00
4.00
0.00
254.00
29.00
190.00
326.00
97.00
0.00
87.00
15.00
9.00
3.00
96.00
91.00
851.00
1056.00
31.00
60.00
44.00
0.00
0.00
155.00
32.00
40.00
8.00
102.00
19.00
7.00
196.00
314.00
0.00
0.00
0.00
11.00
14.00
774.00
1097.00
0.00
0.00
0.00
0.00
0.00
0.00
0.00
0.00
15.00
0.00
0.00
0.00
0.00
0.00
0.00
0.00
0.00
0.00
0.00
0.00
0.00
0.00
0.00
0.00
57.00
61.00
3.00
0.00
0.00
0.00
0.00
0.00
0.00
0.00
0.00
0.00
0.00
0.00
0.00
0.00
0.00
0.00
0.00
0.00
0.00
0.00
0.00
0.00
0.00
1.00
0.00
0.00
0.00
0.00
0.00
0.00
0.00
0.00
1.00
0.00
0.00
0.00
0.00
0.00
0.00
0.00
0.00
0.00
0.00
0.00
0.00
0.00
0.00
0.00
0.00
0.00
0.00
0.00
0.00
0.00
0.00
0.00
0.00
0.00
0.00
0.00
0.00
0.00
0.00
0.00
0.00
0.00
0.00
0.00
0.00
0.00
0.00
0.00
0.00
0.00
0.00
0.00
0.00
0.00
0.00
0.00
0.00
4.00
75.00
3.00
0.00
31.00
0.00
14.00
23.00
55.00
0.00
0.00
0.00
0.00
0.00
8.00
0.00
0.00
0.00
0.00
223.00
544.00
0.00
0.00
0.00
4.00
0.00
0.00
0.00
0.00
0.00
0.00
0.00
0.00
0.00
46.00
3.00
0.00
0.00
0.00
0.00
0.00
0.00
0.00
0.00
0.00
0.00
0.00
0.00
0.00
1.00
0.00
471.00
316.00
148.00
4.00
0.00
78.00
0.00
58.00
0.00
20.00
29.00
151.00
4.00
219.00
44.00
26.00
1.00
0.00
8.00
2.00
13.00
6.00
72.00
6.00
0.00
0.00
9.00
123.00
51.00
1.00
7.00
11.00
65.00
5.00
213.00
7.00
367.00
14.00
56.00
135.00
27.00
285.00
327.00
22.00
18.00
7.00
0.00
279.00
0.00
0.00
5.00
2.00
0.00
3.00
0.00
94.00
89.00
80.00
322.00
653.00
50.00
0.00
1.00
16.00
14.00
0.00
0.00
35.00
2.00
21.00
47.00
7.00
24.00
642.00
180.00
17.00
330.00
572.00
59.00
13.00
35.00
125.00
0.00
0.00
13.00
0.00
16.00
44.00
37.00
47.00
26.00
4.00
9.00
2.00
270.00
234.00
32.00
40.00
4.00
16.00
20.00
28.00
19.00
3.00
28.00
220.00
98.00
199.00
192.00
17.00
59.00
95.00
110.00
648.00
97.00
12.00
31.00
352.00
3.00
30.00
2.00
26.00
10.00
195.00
179.00
609.00
151.00
0.00
125.00
101.00
195.00
35.00
9.00
61.00
5.00
26.00
273.00
137.00
90.00
535.00
85.00
50.00
0.00
169.00
138.00
68.00
73.00
30.00
115.00
74.00
23.00
226.00
33.00
1.00
7.00
93.00
57.00
184.00
74.00
143.00
239.00
3.00
0.00
0.00
2.00
7.00
743.00
350.00
28.00
116.00
0.00
0.00
6.00
2.00
10.00
121.00
59.00
4.00
8.00
78.00
14.00
0.00
0.00
32.00
0.00
0.00
0.00
0.00
0.00
0.00
0.00
0.00
0.00
0.00
0.00
5.00
311.00
75.00
0.00
0.00
0.00
0.00
0.00
0.00
0.00
0.00
0.00
0.00
0.00
0.00
0.00
0.00
0.00
0.00
0.00
322.00
0.00
0.00
0.00
0.00
0.00
0.00
0.00
0.00
0.00
0.00
0.00
0.00
0.00
0.00
0.00
0.00
0.00
0.00
0.00
0.00
0.00
0.00
0.00
0.00
0.00
0.00
0.00
0.00
0.00
0.00
0.00
0.00
0.00
0.00
0.00
36.00
0.00
0.00
0.00
0.00
0.00
0.00
0.00
0.00
0.00
0.00
5.00
364.00
1779.00
0.00
0.00
0.00
0.00
0.00
0.00
0.00
0.00
0.00
0.00
0.00
0.00
0.00
0.00
0.00
0.00
0.00
10.00
0.00
0.00
0.00
0.00
0.00
0.00
0.00
0.00
0.00
0.00
0.00
0.00
0.00
0.00
0.00
0.00
0.00
0.00
0.00
0.00
9.00
9.00
0.00
0.00
0.00
0.00
0.00
0.00
0.00
0.00
0.00
0.00
0.00
63.00
0.00
0.00
0.00
0.00
0.00
0.00
11.00
24.00
0.00
0.00
0.00
0.00
0.00
0.00
0.00
2.70
4.10
0.00
47.30
4.50
0.00
0.00
0.00
0.00
0.00
0.00
0.00
0.00
0.00
0.00
0.00
0.00
0.00
1.20
0.70
0.00
0.00
22.80
2.90
0.00
0.00
0.00
0.00
0.00
0.00
12.00
0.30
0.00
22.40
11.20
168.40
3.00
55.20
0.00
16.40
32.50
18.30
4.50
4.90
18.80
0.10
0.00
2.00
1.00
6.80
45.30
39.20
0.00
0.00
0.00
0.00
11.30
0.20
0.00
0.00
0.00
0.00
11.60
70.40
9.10
5.40
5.40
6.20
53.30
104.40
0.00
0.00
33.80
0.00
0.00
43.50
74.40
26.00
5.70
11.60
23.30
3.60
39.60
36.20
3.20
3.20
10.40
32.00
32.00
14.70
3.00
3.20
22.80
4.00
15.70
26.00
3.10
0.90
8.00
22.10
0.00
0.00
0.20
0.40
0.00
0.00
7.50
8.10
0.10
1.40
2.20
5.00
109.50
3.90
8.40
10.70
60.90
29.20
1.20
0.20
0.70
29.60
110.10
64.50
38.30
2.90
1.90
12.40
0.30
0.50
2.90
10.10
38.10
48.10
42.80
164.10
164.10
76.80
76.80
52.40
0.70
0.70
0.80
0.00
0.70
0.70
0.70
3.90
17.80
90.70
27.90
10.10
17.30
5.20
1.00
0.00
4.10
14.60
3.80
4.70
0.90
70.20
2.30
17.90
52.40
3.00
1.60
7.00
0.70
35.50
3.30
2.80
2.20
4.40
0.30
0.20
0.00
1.70
8.20
30.80
46.30
19.10
1.80
2.00
2.20
25.20
2.60
13.10
23.00
1.80
13.20
16.20
5.70
1.60
7.60
1.60
0.50
2.60
3.00
12.50
16.00
33.00
2.00
13.30
5.00
2.10
0.00
0.00
0.30
1.70
10.90
11.60
24.20
39.50
0.00
41.00
35.80
20.10
115.90
115.90
8.90
0.50
3.60
15.30
1.10
19.50
21.00
7.80
0.00
0.00
0.00
0.00
0.00
0.00
0.00
0.00
0.00
0.30
0.10
0.10
0.10
0.00
0.30
22.00
120.00
