20160101
0.00
0.00
0.00
0.00
0.00
0.00
0.00
0.00
9.00
0.00
0.00
0.00
0.00
0.00
0.00
0.00
0.00
0.00
0.00
0.00
0.00
0.00
0.00
0.00
0.00
26.00
129.00
0.00
0.00
0.00
0.00
0.00
0.00
0.00
0.00
0.00
0.00
0.00
7.00
60.00
0.00
0.00
1.00
0.00
0.00
0.00
0.00
0.00
0.00
0.00
0.00
1.00
0.00
0.00
1.00
0.00
13.00
0.00
0.00
0.00
0.00
0.00
0.00
23.00
0.00
5.00
0.00
71.00
0.00
0.00
0.00
0.00
56.00
1.00
1.00
0.00
0.00
0.00
0.00
0.00
15.00
0.00
0.00
0.00
0.00
0.00
25.00
205.00
41.00
43.00
87.00
25.00
0.00
3.00
19.00
96.00
7.00
15.00
62.00
0.00
0.00
22.00
0.00
4.00
154.00
28.00
221.00
174.00
58.00
131.00
40.00
7.00
0.00
62.00
34.00
0.00
73.00
42.00
125.00
46.00
319.00
43.00
99.00
18.00
16.00
0.00
5.00
1.00
16.00
0.00
0.00
66.00
7.00
23.00
13.00
61.00
322.00
216.00
71.00
47.00
125.00
609.00
2.00
0.00
3.00
4.00
2.00
44.00
7.00
60.00
0.00
66.00
0.00
0.00
0.00
210.00
57.00
89.00
48.00
14.00
24.00
211.00
1.00
35.00
9.00
11.00
62.00
76.00
562.00
30.00
1.00
9.00
0.00
4.00
8.00
26.00
97.00
1.00
140.00
38.00
40.00
19.00
188.00
260.00
186.00
140.00
6.00
47.00
18.00
19.00
84.00
5.00
67.00
7.00
6.00
50.00
114.00
3.00
0.00
1.00
6.00
0.00
33.00
52.00
25.00
33.00
131.00
38.00
22.00
5.00
25.00
329.00
18.00
4.00
4.00
19.00
162.00
108.00
220.00
34.00
199.00
37.00
38.00
153.00
319.00
27.00
185.00
50.00
68.00
4.00
24.00
3.00
175.00
214.00
17.00
11.00
8.00
226.00
0.00
27.00
110.00
296.00
729.00
21.00
0.00
23.00
158.00
68.00
166.00
21.00
45.00
19.00
32.00
45.00
38.00
238.00
60.00
68.00
0.00
244.00
560.00
50.00
96.00
220.00
164.00
3.00
26.00
45.00
68.00
6.00
0.00
28.00
109.00
139.00
365.00
0.00
0.00
0.00
0.00
61.00
83.00
0.00
59.00
76.00
2.00
37.00
0.00
0.00
0.00
0.00
0.00
0.00
0.00
0.00
0.00
0.00
0.00
0.00
0.00
0.00
66.00
0.00
0.00
0.00
0.00
0.00
0.00
21.00
35.00
193.00
338.00
110.00
0.00
0.00
0.00
0.00
0.00
0.00
0.00
0.00
0.00
0.00
0.00
0.00
0.00
0.00
0.00
0.00
0.00
0.00
0.00
0.00
0.00
0.00
0.00
12.00
0.00
0.00
0.00
0.00
0.00
0.00
0.00
0.00
0.00
0.00
0.00
0.00
0.00
0.00
0.00
0.00
0.00
0.00
0.00
0.00
0.00
0.00
0.00
0.00
117.00
0.00
0.00
0.00
0.00
0.00
0.00
0.00
158.00
23.00
0.00
0.00
0.00
0.00
0.00
1.00
0.00
0.00
0.00
0.00
0.00
0.00
0.00
0.00
0.00
0.00
0.00
0.00
0.00
0.00
0.00
0.00
13.00
0.00
0.00
0.00
0.00
0.00
0.00
0.00
0.00
0.00
0.00
0.00
0.00
0.00
0.00
0.00
0.00
0.00
0.00
0.00
0.00
0.00
0.00
0.00
0.00
0.00
5.00
0.00
0.00
0.00
0.00
0.00
0.00
0.00
0.00
0.00
22.00
6.00
0.00
0.00
99.00
6.00
558.00
60.00
11.00
0.00
0.00
0.00
0.00
6.00
204.00
44.00
169.00
0.00
0.00
0.00
0.00
30.00
29.00
0.00
39.00
83.00
156.00
220.00
261.00
434.00
949.00
204.00
0.00
0.00
6.00
63.00
1.00
0.00
0.00
0.00
0.00
0.00
94.00
6.00
0.00
0.00
96.00
1.00
11.00
20.00
5.00
1.00
6.00
23.00
27.00
82.00
1.00
118.00
4.00
0.00
8.00
4.00
90.00
241.00
0.00
23.00
219.00
4.00
1.00
4.00
12.00
37.00
16.00
49.00
0.00
23.00
7.00
136.00
16.00
89.00
58.00
78.00
52.00
116.00
58.00
104.00
90.00
697.00
4.00
114.00
423.00
51.00
0.00
0.00
0.00
0.00
866.00
31.00
259.00
563.00
86.00
11.00
22.00
29.00
58.00
146.00
59.00
85.00
0.00
2.00
42.00
107.00
181.00
29.00
110.00
100.00
88.00
46.00
808.00
138.00
56.00
78.00
107.00
243.00
47.00
20.00
62.00
173.00
139.00
66.00
39.00
85.00
95.00
56.00
63.00
4.00
111.00
320.00
18.00
1.00
104.00
170.00
5.00
39.00
17.00
64.00
140.00
67.00
95.00
6.00
2.00
18.00
129.00
101.00
42.00
62.00
20.00
4.00
4.00
95.00
297.00
141.00
5.00
6.00
26.00
32.00
53.00
9.00
5.00
69.00
92.00
1.00
46.00
5.00
351.00
171.00
20.00
168.00
15.00
16.00
60.00
36.00
0.00
23.00
24.00
0.00
0.00
72.00
2.00
0.00
3.00
228.00
9.00
0.00
1.00
8.00
6.00
95.00
6.00
29.00
46.00
0.00
0.00
74.00
117.00
3.00
163.00
181.00
111.00
295.00
64.00
0.00
176.00
20.00
0.00
0.00
151.00
3.00
97.00
144.00
0.00
278.00
112.00
0.00
1.00
0.00
0.00
5.00
7.00
37.00
423.00
755.00
0.00
0.00
0.00
0.00
0.00
0.00
3.00
516.00
1322.00
0.00
0.00
0.00
0.00
0.00
0.00
0.00
0.00
0.00
0.00
0.00
0.00
0.00
0.00
1.00
105.00
14.00
0.00
0.00
0.00
0.00
0.00
0.00
0.00
0.00
0.00
0.00
0.00
0.00
0.00
0.00
0.00
0.00
0.00
0.00
0.00
0.00
3.00
0.00
5.00
51.00
0.00
0.00
0.00
0.00
0.00
0.00
0.00
0.00
24.00
1.00
0.00
0.00
0.00
0.00
0.00
0.00
0.00
0.00
0.00
0.00
43.00
126.00
79.00
124.00
0.00
0.00
0.00
0.00
0.00
0.00
0.00
0.00
0.00
0.00
0.00
0.00
0.00
0.00
0.00
0.00
0.00
0.00
0.00
0.00
0.00
0.00
0.00
0.00
0.00
0.00
0.00
0.00
0.00
0.00
0.00
0.00
0.00
1.00
0.00
4.00
0.00
11.00
5.00
0.00
0.00
1.00
0.00
0.00
0.00
0.00
0.00
0.00
0.00
0.00
7.00
0.00
54.00
53.00
0.00
0.00
0.00
14.00
0.00
0.00
237.00
2.00
0.00
0.00
0.00
0.00
0.00
43.00
5.00
0.00
0.00
68.00
97.00
46.00
0.00
0.00
0.00
0.00
4.00
0.00
0.00
45.00
4.00
0.00
68.00
136.00
5.00
11.00
14.00
0.00
0.00
4.00
17.00
3.00
27.00
16.00
10.00
8.00
281.00
54.00
32.00
0.00
0.00
43.00
47.00
56.00
17.00
22.00
0.00
0.00
0.00
7.00
0.00
40.00
192.00
41.00
52.00
172.00
116.00
32.00
93.00
8.00
118.00
71.00
1.00
856.00
194.00
27.00
9.00
63.00
0.00
20.00
0.00
2.00
15.00
23.00
0.00
0.00
9.00
9.00
19.00
19.00
1.00
11.00
11.00
6.00
0.00
12.00
0.00
148.00
58.00
45.00
0.00
299.00
0.00
109.00
341.00
260.00
201.00
907.00
486.00
442.00
16.00
7.00
0.00
0.00
0.00
2.00
8.00
0.00
36.00
5.00
86.00
46.00
43.00
5.00
0.00
1.00
15.00
14.00
69.00
111.00
1.00
8.00
38.00
6.00
9.00
7.00
230.00
176.00
65.00
42.00
53.00
74.00
41.00
9.00
7.00
163.00
84.00
29.00
69.00
91.00
254.00
80.00
79.00
94.00
164.00
189.00
487.00
317.00
17.00
2.00
131.00
61.00
13.00
81.00
114.00
7.00
29.00
58.00
17.00
138.00
11.00
61.00
214.00
24.00
31.00
42.00
216.00
27.00
0.00
95.00
57.00
97.00
330.00
30.00
41.00
2.00
0.00
40.00
24.00
10.00
4.00
29.00
0.00
31.00
0.00
2.00
55.00
0.00
1.00
79.00
5.00
34.00
0.00
0.00
5.00
32.00
66.00
11.00
82.00
31.00
1.00
17.00
0.00
8.00
11.00
10.00
6.00
0.00
0.00
0.00
0.00
0.00
0.00
0.00
0.00
11.00
0.00
10.00
58.00
176.00
136.00
14.00
0.00
0.00
0.00
0.00
0.00
0.00
0.00
0.00
0.00
0.00
0.00
0.00
51.00
55.00
67.00
52.00
0.00
0.00
0.00
0.00
0.00
0.00
0.00
0.00
0.00
0.00
0.00
0.00
0.00
0.00
0.00
0.00
0.00
0.00
0.00
0.00
0.00
0.00
0.00
0.00
0.00
0.00
0.00
0.00
0.00
0.00
0.00
0.00
0.00
0.00
0.00
0.00
0.00
0.00
0.00
0.00
0.00
0.00
0.00
0.00
0.00
0.00
5.00
132.00
716.00
0.00
0.00
0.00
0.00
0.00
0.00
0.00
0.00
0.00
0.00
0.00
0.00
0.00
0.00
0.00
0.00
0.00
0.00
0.00
0.00
0.00
0.00
0.00
0.00
0.00
0.00
0.00
0.00
0.00
0.00
0.00
0.00
0.00
0.00
0.00
0.00
0.00
0.00
0.00
0.00
0.00
0.00
0.00
0.00
0.00
0.00
0.00
0.00
0.00
0.00
0.00
0.00
0.00
0.00
0.00
0.00
3.00
0.00
0.00
1.00
0.00
0.00
0.00
0.00
0.00
0.00
0.10
0.00
13.70
1.80
57.00
58.90
0.00
0.00
0.00
0.00
0.00
0.00
0.00
0.00
0.00
0.00
0.00
0.00
0.00
0.00
0.00
0.00
6.30
25.80
25.40
0.00
0.00
3.40
0.00
0.00
0.00
8.80
23.90
0.00
0.00
0.10
33.80
17.40
41.30
0.00
8.20
9.40
1.00
20.20
9.80
19.70
0.10
0.00
0.00
0.20
17.00
2.90
1.80
11.50
13.50
0.40
15.40
0.00
4.50
0.00
0.00
0.00
0.00
0.50
24.40
3.40
0.10
0.10
0.10
35.70
65.80
1.10
0.00
2.40
7.80
14.50
16.10
26.40
4.30
3.50
0.70
4.60
0.00
2.60
11.30
0.00
0.00
1.00
3.60
3.60
0.60
0.70
1.00
18.20
0.00
0.60
0.80
14.80
0.00
1.00
1.00
0.00
0.00
0.80
4.20
0.00
0.30
1.70
0.00
6.60
7.00
36.60
7.90
0.80
2.10
7.40
14.70
17.60
6.10
0.50
0.00
2.70
0.50
14.30
8.10
9.70
0.00
4.20
3.00
2.30
3.40
11.90
24.10
29.90
22.80
6.00
3.60
3.60
26.80
26.80
1.20
0.00
0.00
0.00
0.00
0.00
0.00
0.00
1.20
0.10
1.10
3.90
23.40
24.00
27.10
10.80
0.30
5.20
6.00
5.60
32.80
15.40
1.60
0.50
2.40
11.70
27.60
1.60
0.80
0.10
19.50
2.00
3.80
2.10
0.40
0.80
0.80
0.10
2.50
0.20
90.80
15.30
0.30
0.30
16.00
44.10
18.30
3.70
0.60
0.80
2.10
3.10
2.10
6.10
11.80
0.20
6.90
0.60
2.30
6.20
7.20
6.10
1.70
0.20
0.90
3.80
1.60
1.50
0.10
4.50
7.90
22.40
10.30
16.60
9.00
6.80
0.00
1.10
17.00
9.30
9.30
6.30
0.00
0.00
1.30
21.10
23.00
20.30
2.20
2.80
0.00
0.00
0.00
0.00
4.50
0.00
0.00
0.00
0.10
0.00
2.10
1.30
1.30
1.00
4.40
4.50
