20160101
0.00
0.00
0.00
0.00
0.00
0.00
0.00
0.00
68.00
0.00
0.00
0.00
4.00
0.00
0.00
0.00
0.00
0.00
0.00
113.00
0.00
0.00
0.00
0.00
0.00
0.00
0.00
0.00
0.00
0.00
0.00
0.00
0.00
0.00
0.00
0.00
0.00
6.00
3.00
0.00
0.00
0.00
0.00
0.00
0.00
0.00
0.00
0.00
0.00
0.00
4.00
0.00
0.00
3.00
38.00
0.00
4.00
0.00
1.00
15.00
0.00
0.00
0.00
0.00
0.00
17.00
0.00
0.00
0.00
0.00
1.00
0.00
1.00
1.00
0.00
0.00
0.00
0.00
4.00
2.00
22.00
0.00
0.00
0.00
0.00
0.00
276.00
327.00
997.00
70.00
139.00
6.00
0.00
8.00
66.00
463.00
86.00
459.00
209.00
26.00
0.00
282.00
1096.00
285.00
598.00
465.00
703.00
289.00
232.00
745.00
543.00
586.00
200.00
1806.00
336.00
51.00
239.00
242.00
292.00
395.00
493.00
169.00
34.00
38.00
121.00
7.00
149.00
30.00
6.00
10.00
0.00
7.00
76.00
179.00
80.00
727.00
890.00
661.00
322.00
36.00
41.00
726.00
8.00
0.00
5.00
22.00
0.00
6.00
105.00
0.00
9.00
101.00
0.00
0.00
0.00
49.00
1.00
678.00
572.00
182.00
14.00
134.00
7.00
0.00
0.00
106.00
264.00
93.00
87.00
9.00
16.00
29.00
164.00
440.00
338.00
5.00
18.00
146.00
140.00
13.00
33.00
26.00
29.00
102.00
59.00
34.00
35.00
36.00
15.00
8.00
244.00
60.00
17.00
2.00
0.00
8.00
44.00
140.00
2.00
6.00
45.00
45.00
31.00
8.00
106.00
11.00
73.00
7.00
9.00
81.00
21.00
121.00
40.00
12.00
0.00
105.00
260.00
211.00
56.00
40.00
101.00
5.00
6.00
7.00
98.00
117.00
151.00
64.00
4.00
25.00
2.00
0.00
77.00
21.00
1.00
2.00
3.00
300.00
6.00
18.00
43.00
164.00
732.00
926.00
244.00
25.00
34.00
0.00
394.00
204.00
151.00
59.00
3.00
39.00
131.00
181.00
261.00
12.00
3.00
3.00
128.00
5.00
37.00
39.00
274.00
248.00
48.00
53.00
971.00
3.00
0.00
627.00
0.00
7.00
3.00
16.00
0.00
50.00
0.00
2.00
16.00
253.00
50.00
15.00
0.00
20.00
0.00
0.00
0.00
0.00
0.00
0.00
0.00
0.00
0.00
0.00
0.00
8.00
0.00
0.00
48.00
0.00
0.00
0.00
0.00
0.00
10.00
0.00
94.00
359.00
418.00
0.00
0.00
0.00
0.00
0.00
0.00
0.00
0.00
0.00
0.00
0.00
0.00
0.00
0.00
0.00
0.00
0.00
0.00
0.00
0.00
0.00
0.00
0.00
0.00
31.00
1.00
0.00
0.00
0.00
0.00
0.00
0.00
0.00
0.00
0.00
0.00
0.00
0.00
0.00
0.00
0.00
0.00
0.00
0.00
0.00
0.00
0.00
0.00
0.00
0.00
0.00
0.00
0.00
0.00
0.00
0.00
0.00
0.00
0.00
0.00
0.00
0.00
0.00
0.00
0.00
0.00
0.00
0.00
0.00
0.00
0.00
0.00
0.00
0.00
0.00
0.00
0.00
0.00
0.00
0.00
0.00
19.00
0.00
0.00
0.00
0.00
0.00
0.00
0.00
0.00
0.00
0.00
0.00
0.00
0.00
0.00
0.00
0.00
0.00
0.00
0.00
0.00
0.00
0.00
0.00
176.00
820.00
136.00
0.00
0.00
0.00
0.00
0.00
0.00
0.00
0.00
0.00
16.00
86.00
0.00
0.00
99.00
0.00
424.00
23.00
0.00
0.00
0.00
0.00
0.00
98.00
287.00
27.00
155.00
0.00
0.00
0.00
3.00
112.00
0.00
78.00
37.00
276.00
282.00
876.00
1365.00
1368.00
1467.00
87.00
9.00
0.00
97.00
138.00
319.00
48.00
0.00
0.00
0.00
0.00
633.00
2.00
0.00
89.00
328.00
98.00
163.00
12.00
0.00
15.00
986.00
285.00
80.00
122.00
90.00
300.00
34.00
0.00
8.00
15.00
429.00
420.00
6.00
21.00
30.00
0.00
26.00
0.00
3.00
94.00
191.00
22.00
0.00
255.00
74.00
173.00
124.00
124.00
14.00
365.00
627.00
177.00
0.00
17.00
134.00
622.00
97.00
511.00
371.00
156.00
0.00
0.00
1.00
20.00
31.00
60.00
1154.00
317.00
189.00
226.00
155.00
2.00
126.00
1073.00
645.00
353.00
0.00
430.00
46.00
87.00
434.00
72.00
37.00
68.00
53.00
83.00
353.00
71.00
15.00
48.00
160.00
124.00
52.00
28.00
16.00
68.00
40.00
41.00
133.00
18.00
0.00
309.00
16.00
3.00
32.00
187.00
8.00
8.00
248.00
46.00
0.00
60.00
3.00
10.00
47.00
78.00
167.00
41.00
29.00
107.00
145.00
73.00
107.00
24.00
54.00
12.00
92.00
333.00
1068.00
640.00
72.00
58.00
29.00
24.00
246.00
27.00
27.00
30.00
32.00
141.00
95.00
63.00
162.00
111.00
6.00
46.00
68.00
7.00
67.00
107.00
37.00
193.00
34.00
22.00
0.00
0.00
270.00
921.00
981.00
55.00
0.00
205.00
234.00
7.00
2.00
52.00
1.00
41.00
126.00
18.00
55.00
20.00
37.00
13.00
23.00
66.00
449.00
141.00
92.00
254.00
5.00
0.00
1.00
20.00
127.00
23.00
281.00
2.00
14.00
2.00
184.00
139.00
69.00
171.00
0.00
21.00
74.00
644.00
390.00
1425.00
0.00
0.00
0.00
0.00
0.00
0.00
0.00
54.00
485.00
0.00
0.00
0.00
0.00
0.00
0.00
0.00
0.00
0.00
0.00
0.00
0.00
3.00
2.00
21.00
345.00
55.00
8.00
0.00
0.00
0.00
0.00
0.00
0.00
0.00
0.00
0.00
0.00
0.00
0.00
0.00
0.00
0.00
0.00
0.00
0.00
0.00
0.00
12.00
313.00
26.00
0.00
0.00
0.00
0.00
0.00
0.00
0.00
1.00
45.00
0.00
0.00
0.00
0.00
0.00
0.00
0.00
0.00
0.00
0.00
0.00
0.00
265.00
4.00
182.00
0.00
0.00
0.00
0.00
0.00
0.00
0.00
0.00
0.00
0.00
0.00
0.00
0.00
0.00
0.00
0.00
0.00
0.00
0.00
0.00
0.00
0.00
0.00
0.00
0.00
0.00
0.00
0.00
0.00
0.00
0.00
0.00
0.00
0.00
18.00
1.00
72.00
5.00
39.00
0.00
4.00
0.00
0.00
0.00
0.00
0.00
0.00
4.00
0.00
0.00
57.00
0.00
302.00
405.00
0.00
0.00
0.00
0.00
1.00
0.00
0.00
0.00
0.00
0.00
0.00
0.00
0.00
93.00
31.00
0.00
704.00
192.00
20.00
0.00
0.00
0.00
0.00
0.00
0.00
0.00
1.00
67.00
6.00
0.00
163.00
264.00
48.00
0.00
6.00
2.00
0.00
0.00
0.00
17.00
15.00
36.00
349.00
158.00
58.00
8.00
59.00
0.00
0.00
31.00
0.00
19.00
55.00
30.00
71.00
0.00
0.00
70.00
4.00
3.00
191.00
31.00
402.00
25.00
141.00
0.00
17.00
48.00
200.00
189.00
120.00
447.00
391.00
162.00
28.00
2.00
1.00
55.00
1.00
0.00
0.00
0.00
0.00
0.00
0.00
25.00
91.00
782.00
586.00
2.00
115.00
0.00
27.00
45.00
0.00
0.00
5.00
20.00
2.00
0.00
6.00
1.00
89.00
52.00
47.00
1622.00
2442.00
1112.00
288.00
30.00
272.00
0.00
2.00
0.00
66.00
206.00
116.00
147.00
9.00
39.00
21.00
6.00
16.00
14.00
178.00
236.00
429.00
186.00
10.00
0.00
52.00
56.00
4.00
0.00
139.00
113.00
226.00
42.00
41.00
72.00
51.00
0.00
7.00
116.00
128.00
22.00
96.00
169.00
267.00
152.00
6.00
211.00
147.00
184.00
224.00
72.00
2.00
8.00
10.00
171.00
14.00
441.00
44.00
5.00
8.00
178.00
15.00
420.00
3.00
127.00
198.00
1.00
3.00
4.00
37.00
12.00
4.00
27.00
142.00
71.00
315.00
22.00
3.00
4.00
0.00
2.00
3.00
29.00
66.00
50.00
0.00
0.00
0.00
0.00
10.00
69.00
202.00
1045.00
112.00
2.00
0.00
11.00
19.00
148.00
132.00
6.00
33.00
0.00
0.00
2.00
4.00
75.00
24.00
0.00
0.00
0.00
0.00
0.00
0.00
0.00
0.00
0.00
0.00
0.00
0.00
41.00
33.00
292.00
301.00
0.00
0.00
0.00
0.00
0.00
0.00
0.00
0.00
0.00
0.00
0.00
0.00
0.00
0.00
192.00
95.00
20.00
0.00
0.00
0.00
0.00
0.00
0.00
0.00
0.00
0.00
0.00
0.00
0.00
0.00
0.00
0.00
0.00
0.00
0.00
0.00
0.00
0.00
0.00
0.00
0.00
0.00
0.00
0.00
0.00
0.00
0.00
0.00
0.00
0.00
0.00
0.00
40.00
0.00
0.00
0.00
0.00
0.00
0.00
0.00
0.00
0.00
0.00
8.00
109.00
441.00
0.00
0.00
0.00
0.00
0.00
0.00
0.00
0.00
0.00
0.00
0.00
0.00
0.00
0.00
0.00
0.00
0.00
4.00
0.00
0.00
0.00
0.00
0.00
0.00
0.00
0.00
0.00
0.00
0.00
0.00
0.00
0.00
0.00
0.00
0.00
0.00
0.00
0.00
0.00
0.00
0.00
0.00
0.00
0.00
0.00
0.00
0.00
0.00
0.00
0.00
0.00
0.00
0.00
0.00
0.00
0.00
0.00
0.00
0.00
0.00
9.00
0.00
0.00
0.00
0.00
0.00
0.00
0.30
38.30
6.00
62.40
27.90
0.00
0.00
0.00
0.00
1.50
0.00
0.00
0.00
0.00
0.00
0.00
0.00
0.00
0.00
0.00
0.80
0.00
0.00
1.20
0.00
0.00
25.30
0.00
0.00
0.00
0.00
0.50
0.00
5.50
0.00
110.40
48.60
23.80
0.00
37.10
15.40
58.50
7.30
5.90
9.60
0.00
0.00
5.80
0.00
0.50
26.50
32.10
8.20
0.00
0.00
0.00
0.40
1.60
0.00
0.00
0.00
0.20
0.70
27.70
32.00
86.60
86.60
3.00
22.60
98.70
1.50
0.00
29.00
14.90
55.90
37.80
28.70
12.20
10.90
8.10
24.40
7.90
19.40
36.80
0.00
0.00
19.10
41.70
41.70
11.90
0.60
8.10
0.30
0.00
0.00
12.70
11.90
1.10
0.00
9.20
1.00
1.60
0.70
4.00
0.00
7.80
5.10
0.00
0.00
23.80
24.80
13.60
28.00
32.50
0.00
9.30
38.30
49.40
2.60
0.00
17.50
98.60
104.30
61.00
62.90
0.00
12.10
1.80
20.10
1.50
23.40
20.40
16.90
12.10
14.00
15.30
15.30
75.70
75.70
48.50
12.10
12.10
1.50
0.20
12.10
12.10
12.10
20.20
44.90
33.70
3.90
42.90
12.70
2.90
14.20
0.30
12.30
12.60
11.90
85.70
4.60
0.20
1.20
3.10
11.60
1.70
12.90
1.30
0.00
2.90
11.10
24.30
25.10
6.60
1.50
0.00
1.50
1.90
4.70
14.70
11.30
9.80
0.00
0.10
3.00
0.80
0.00
3.40
4.70
3.50
4.40
2.50
16.90
3.40
50.90
16.40
0.50
9.10
11.80
1.60
8.30
4.90
0.00
2.40
11.10
0.00
0.10
0.40
0.10
14.70
32.40
20.10
17.50
13.30
0.30
4.20
6.80
15.10
11.10
11.10
41.50
1.10
0.40
0.10
0.00
0.20
0.00
17.10
3.30
0.00
0.00
0.00
0.00
0.00
0.00
0.10
0.00
0.10
0.00
4.90
0.30
0.20
3.00
11.70
41.50
