20160101
0.00
6.00
0.00
0.00
0.00
0.00
0.00
2.00
11.00
2.00
5.00
0.00
1.00
0.00
0.00
1.00
0.00
1.00
5.00
85.00
0.00
0.00
0.00
0.00
0.00
67.00
93.00
4.00
0.00
0.00
0.00
0.00
5.00
4.00
0.00
22.00
1.00
18.00
0.00
29.00
0.00
0.00
0.00
0.00
0.00
0.00
2.00
0.00
0.00
0.00
0.00
0.00
0.00
0.00
2.00
11.00
11.00
0.00
58.00
59.00
0.00
2.00
26.00
5.00
14.00
2.00
3.00
53.00
0.00
4.00
0.00
0.00
49.00
0.00
0.00
1.00
0.00
0.00
0.00
70.00
8.00
0.00
1.00
0.00
0.00
0.00
17.00
167.00
25.00
24.00
78.00
41.00
1.00
5.00
10.00
60.00
49.00
11.00
50.00
0.00
3.00
47.00
0.00
0.00
95.00
52.00
308.00
132.00
72.00
310.00
15.00
0.00
3.00
39.00
26.00
0.00
62.00
45.00
141.00
43.00
229.00
30.00
67.00
21.00
7.00
1.00
2.00
2.00
5.00
1.00
1.00
84.00
6.00
25.00
11.00
29.00
344.00
391.00
112.00
28.00
131.00
470.00
12.00
7.00
47.00
22.00
2.00
11.00
14.00
12.00
5.00
149.00
30.00
0.00
0.00
276.00
47.00
26.00
18.00
11.00
79.00
485.00
101.00
19.00
17.00
43.00
170.00
135.00
428.00
185.00
0.00
14.00
8.00
14.00
58.00
28.00
76.00
18.00
31.00
9.00
64.00
75.00
191.00
367.00
464.00
62.00
11.00
37.00
25.00
5.00
13.00
10.00
42.00
42.00
47.00
144.00
168.00
61.00
3.00
1.00
3.00
29.00
26.00
94.00
49.00
55.00
344.00
10.00
84.00
37.00
96.00
61.00
78.00
70.00
25.00
55.00
89.00
104.00
296.00
119.00
148.00
45.00
72.00
506.00
118.00
54.00
19.00
79.00
72.00
31.00
18.00
7.00
246.00
249.00
142.00
55.00
33.00
539.00
0.00
31.00
114.00
490.00
299.00
63.00
12.00
20.00
35.00
61.00
4.00
21.00
58.00
33.00
43.00
68.00
5.00
221.00
78.00
107.00
28.00
117.00
162.00
127.00
360.00
138.00
107.00
13.00
114.00
53.00
49.00
23.00
3.00
29.00
44.00
21.00
201.00
41.00
43.00
75.00
10.00
21.00
43.00
63.00
70.00
83.00
12.00
13.00
0.00
0.00
0.00
0.00
0.00
0.00
0.00
0.00
4.00
0.00
0.00
7.00
1.00
0.00
77.00
4.00
34.00
20.00
0.00
11.00
1.00
46.00
52.00
215.00
270.00
72.00
6.00
0.00
0.00
0.00
0.00
0.00
0.00
6.00
0.00
0.00
0.00
0.00
0.00
0.00
0.00
0.00
0.00
0.00
0.00
0.00
33.00
40.00
4.00
62.00
0.00
1.00
0.00
0.00
0.00
2.00
0.00
0.00
0.00
0.00
0.00
2.00
2.00
3.00
45.00
0.00
5.00
6.00
0.00
37.00
0.00
13.00
14.00
4.00
183.00
17.00
0.00
0.00
90.00
10.00
93.00
34.00
5.00
148.00
47.00
1.00
0.00
0.00
0.00
1.00
0.00
0.00
0.00
0.00
0.00
0.00
0.00
0.00
0.00
0.00
0.00
0.00
0.00
0.00
0.00
1.00
5.00
0.00
0.00
0.00
7.00
0.00
0.00
0.00
0.00
0.00
0.00
0.00
0.00
0.00
0.00
0.00
0.00
0.00
0.00
0.00
0.00
0.00
1.00
1.00
0.00
0.00
75.00
0.00
0.00
19.00
0.00
0.00
1.00
0.00
0.00
35.00
21.00
21.00
0.00
0.00
117.00
12.00
316.00
27.00
0.00
2.00
0.00
0.00
1.00
3.00
307.00
37.00
211.00
2.00
1.00
0.00
31.00
29.00
156.00
0.00
13.00
83.00
205.00
275.00
182.00
488.00
510.00
168.00
16.00
0.00
93.00
76.00
4.00
0.00
0.00
0.00
0.00
0.00
146.00
0.00
34.00
5.00
85.00
4.00
13.00
17.00
1.00
2.00
47.00
21.00
11.00
236.00
0.00
81.00
5.00
0.00
3.00
2.00
105.00
133.00
1.00
0.00
99.00
7.00
12.00
74.00
19.00
19.00
34.00
66.00
9.00
27.00
15.00
34.00
12.00
23.00
48.00
77.00
13.00
66.00
44.00
30.00
262.00
626.00
19.00
102.00
144.00
37.00
0.00
65.00
58.00
50.00
237.00
118.00
149.00
268.00
269.00
66.00
30.00
20.00
638.00
77.00
16.00
36.00
25.00
28.00
56.00
178.00
26.00
5.00
71.00
401.00
186.00
54.00
259.00
283.00
178.00
42.00
96.00
30.00
66.00
21.00
98.00
373.00
165.00
145.00
29.00
66.00
200.00
34.00
26.00
13.00
79.00
269.00
53.00
16.00
252.00
114.00
72.00
75.00
63.00
17.00
115.00
63.00
29.00
12.00
14.00
46.00
102.00
170.00
57.00
136.00
56.00
28.00
9.00
57.00
339.00
139.00
21.00
25.00
38.00
61.00
8.00
17.00
5.00
17.00
22.00
5.00
6.00
50.00
360.00
104.00
9.00
193.00
12.00
11.00
33.00
48.00
2.00
6.00
19.00
78.00
28.00
16.00
38.00
1.00
122.00
268.00
154.00
60.00
133.00
32.00
10.00
291.00
142.00
53.00
139.00
2.00
11.00
0.00
107.00
11.00
59.00
194.00
122.00
262.00
42.00
1.00
26.00
39.00
163.00
32.00
135.00
58.00
53.00
149.00
16.00
17.00
217.00
2.00
8.00
1.00
7.00
15.00
26.00
21.00
247.00
543.00
0.00
23.00
15.00
0.00
0.00
1.00
11.00
668.00
898.00
1.00
1.00
0.00
12.00
0.00
0.00
0.00
0.00
0.00
0.00
0.00
0.00
0.00
4.00
13.00
194.00
6.00
4.00
12.00
0.00
23.00
20.00
0.00
0.00
11.00
0.00
5.00
6.00
12.00
0.00
0.00
0.00
10.00
0.00
0.00
10.00
5.00
10.00
0.00
10.00
20.00
0.00
0.00
0.00
0.00
0.00
0.00
0.00
0.00
42.00
0.00
17.00
0.00
0.00
0.00
0.00
14.00
0.00
0.00
0.00
0.00
4.00
128.00
45.00
86.00
0.00
0.00
0.00
0.00
0.00
0.00
0.00
44.00
0.00
7.00
0.00
0.00
0.00
0.00
0.00
0.00
0.00
0.00
14.00
2.00
0.00
14.00
0.00
0.00
0.00
2.00
1.00
0.00
0.00
2.00
1.00
1.00
2.00
10.00
11.00
7.00
3.00
5.00
0.00
0.00
2.00
43.00
0.00
0.00
6.00
1.00
0.00
2.00
3.00
1.00
1.00
0.00
9.00
744.00
0.00
0.00
0.00
7.00
3.00
0.00
21.00
0.00
0.00
0.00
0.00
10.00
0.00
64.00
50.00
33.00
0.00
80.00
161.00
24.00
0.00
0.00
0.00
0.00
7.00
1.00
0.00
119.00
14.00
1.00
22.00
136.00
1.00
10.00
9.00
30.00
2.00
37.00
99.00
9.00
107.00
8.00
4.00
35.00
183.00
14.00
68.00
42.00
4.00
57.00
13.00
20.00
23.00
54.00
1.00
0.00
3.00
36.00
68.00
24.00
24.00
50.00
82.00
48.00
256.00
52.00
260.00
11.00
69.00
107.00
5.00
532.00
99.00
20.00
129.00
5.00
5.00
49.00
7.00
12.00
0.00
0.00
1.00
84.00
117.00
7.00
25.00
33.00
0.00
32.00
14.00
103.00
0.00
38.00
24.00
106.00
147.00
13.00
130.00
319.00
8.00
108.00
192.00
190.00
213.00
769.00
437.00
197.00
90.00
10.00
2.00
10.00
1.00
4.00
41.00
19.00
6.00
31.00
105.00
17.00
47.00
16.00
31.00
6.00
5.00
21.00
19.00
47.00
1.00
32.00
19.00
27.00
94.00
5.00
163.00
106.00
55.00
25.00
23.00
51.00
129.00
42.00
41.00
108.00
37.00
97.00
64.00
273.00
285.00
175.00
98.00
231.00
280.00
378.00
114.00
207.00
21.00
24.00
77.00
16.00
22.00
56.00
144.00
24.00
41.00
113.00
85.00
146.00
76.00
31.00
102.00
106.00
190.00
3.00
30.00
27.00
8.00
94.00
11.00
135.00
96.00
23.00
52.00
5.00
0.00
40.00
91.00
16.00
2.00
48.00
0.00
18.00
0.00
9.00
50.00
6.00
13.00
36.00
40.00
26.00
23.00
143.00
19.00
51.00
99.00
38.00
19.00
53.00
10.00
31.00
4.00
140.00
5.00
14.00
9.00
5.00
7.00
2.00
7.00
19.00
8.00
6.00
11.00
30.00
0.00
60.00
51.00
190.00
139.00
50.00
5.00
10.00
29.00
0.00
9.00
0.00
1.00
0.00
0.00
10.00
8.00
0.00
144.00
254.00
39.00
57.00
3.00
8.00
20.00
11.00
0.00
3.00
0.00
0.00
0.00
0.00
0.00
0.00
1.00
36.00
0.00
0.00
0.00
1.00
3.00
2.00
0.00
26.00
0.00
0.00
0.00
0.00
0.00
0.00
0.00
0.00
5.00
14.00
9.00
0.00
17.00
35.00
8.00
0.00
2.00
0.00
0.00
8.00
0.00
0.00
4.00
0.00
10.00
82.00
583.00
0.00
0.00
0.00
0.00
0.00
0.00
0.00
0.00
0.00
0.00
0.00
0.00
0.00
0.00
0.00
0.00
0.00
3.00
0.00
4.00
7.00
37.00
2.00
1.00
9.00
3.00
3.00
0.00
0.00
0.00
0.00
3.00
0.00
0.00
5.00
1.00
5.00
5.00
19.00
19.00
7.00
12.00
0.00
2.00
0.00
0.00
0.00
0.00
0.00
0.00
1.00
1.00
1.00
0.00
0.00
0.00
1.00
0.00
1.00
6.00
6.00
0.00
0.00
0.00
0.00
0.00
0.20
0.00
14.70
11.50
85.00
51.90
0.60
0.00
0.80
1.50
0.80
0.00
0.60
1.20
0.00
0.00
0.00
0.00
0.00
0.00
1.10
2.10
0.40
57.80
52.60
23.00
9.10
5.00
5.10
0.00
0.10
3.90
35.20
0.30
0.40
0.00
18.60
14.40
72.90
0.00
25.30
7.50
1.10
7.20
7.20
13.90
0.10
0.00
0.00
0.10
9.20
4.40
2.10
18.60
25.30
0.20
19.30
0.10
4.70
0.00
0.10
0.00
0.00
0.30
7.30
3.20
0.00
0.00
1.30
7.80
38.00
0.10
0.00
0.30
4.10
7.60
9.40
18.40
6.80
1.10
1.70
1.40
0.50
9.80
2.50
0.20
0.20
4.30
0.80
0.80
3.70
16.80
1.60
16.60
16.70
4.50
0.00
7.70
2.10
2.50
10.70
4.00
0.30
7.40
4.30
0.90
0.20
7.30
0.50
17.50
5.10
25.80
8.20
1.70
3.00
5.10
14.30
3.40
13.10
7.60
1.40
4.80
4.20
4.20
7.20
9.00
4.40
2.20
0.40
3.50
10.30
6.10
5.50
27.50
7.20
8.90
10.70
10.70
19.60
19.60
3.30
5.90
5.90
4.70
0.90
5.90
5.90
5.90
5.70
5.30
7.80
5.70
17.80
19.00
17.50
4.10
3.60
13.30
7.20
17.00
26.60
19.50
0.80
5.10
5.20
1.40
17.80
5.80
5.00
3.90
5.50
19.40
5.60
1.30
2.40
5.00
5.00
1.60
1.70
4.10
9.50
16.20
3.90
1.90
2.90
10.90
23.00
2.00
10.60
15.40
2.70
6.40
2.60
7.30
5.30
2.30
2.50
7.10
3.50
18.70
4.80
6.90
2.40
8.10
5.00
10.10
2.60
3.50
0.30
3.70
12.30
18.40
11.80
13.20
5.10
4.40
3.10
5.70
13.30
15.00
15.00
3.60
8.10
2.40
2.60
13.10
13.80
7.60
4.50
12.90
0.90
0.70
0.40
0.40
8.00
1.50
1.10
4.10
2.30
3.00
2.40
0.20
0.90
0.10
0.70
6.20
