20160101
0.00
0.00
0.00
0.00
0.00
0.00
0.00
0.00
0.00
0.00
0.00
0.00
5.00
0.00
0.00
0.00
0.00
0.00
1.00
26.00
0.00
0.00
0.00
0.00
0.00
1.00
0.00
0.00
0.00
0.00
0.00
0.00
0.00
0.00
0.00
0.00
0.00
0.00
7.00
0.00
0.00
0.00
0.00
0.00
0.00
0.00
0.00
0.00
0.00
0.00
15.00
0.00
0.00
0.00
0.00
0.00
10.00
0.00
0.00
0.00
0.00
0.00
0.00
0.00
0.00
7.00
0.00
0.00
0.00
0.00
0.00
0.00
0.00
0.00
4.00
0.00
0.00
0.00
15.00
5.00
0.00
0.00
0.00
0.00
0.00
0.00
29.00
125.00
19.00
143.00
385.00
4.00
0.00
6.00
1.00
8.00
0.00
1.00
0.00
0.00
0.00
0.00
0.00
0.00
3.00
0.00
72.00
127.00
31.00
6.00
27.00
0.00
0.00
0.00
0.00
0.00
80.00
141.00
0.00
0.00
0.00
0.00
0.00
101.00
6.00
59.00
64.00
547.00
11.00
11.00
64.00
8.00
481.00
140.00
192.00
122.00
36.00
62.00
69.00
206.00
47.00
116.00
0.00
0.00
92.00
108.00
0.00
4.00
1.00
30.00
48.00
86.00
0.00
0.00
0.00
0.00
0.00
4.00
103.00
0.00
8.00
1.00
195.00
87.00
2.00
585.00
239.00
307.00
14.00
190.00
223.00
208.00
74.00
357.00
484.00
150.00
69.00
99.00
133.00
26.00
34.00
110.00
199.00
189.00
162.00
294.00
52.00
1.00
210.00
481.00
108.00
45.00
48.00
201.00
411.00
350.00
60.00
79.00
323.00
381.00
163.00
523.00
181.00
40.00
350.00
86.00
707.00
25.00
3.00
84.00
71.00
70.00
46.00
179.00
302.00
75.00
385.00
332.00
75.00
60.00
52.00
82.00
168.00
18.00
137.00
322.00
66.00
449.00
83.00
62.00
9.00
0.00
19.00
11.00
3.00
0.00
1.00
187.00
19.00
3.00
42.00
160.00
695.00
128.00
309.00
1156.00
101.00
56.00
14.00
69.00
57.00
19.00
0.00
326.00
45.00
130.00
208.00
0.00
91.00
187.00
110.00
12.00
182.00
242.00
19.00
3.00
93.00
79.00
947.00
201.00
0.00
18.00
30.00
1.00
27.00
5.00
2.00
0.00
0.00
0.00
13.00
60.00
100.00
244.00
26.00
0.00
0.00
0.00
0.00
0.00
0.00
0.00
0.00
0.00
0.00
0.00
0.00
0.00
0.00
0.00
83.00
0.00
0.00
0.00
0.00
0.00
0.00
0.00
38.00
102.00
0.00
0.00
0.00
0.00
0.00
0.00
0.00
0.00
0.00
0.00
0.00
0.00
0.00
0.00
0.00
0.00
0.00
0.00
0.00
0.00
0.00
0.00
0.00
0.00
0.00
13.00
0.00
0.00
0.00
0.00
0.00
0.00
0.00
0.00
0.00
0.00
0.00
0.00
0.00
0.00
0.00
0.00
0.00
0.00
0.00
0.00
0.00
0.00
0.00
0.00
44.00
0.00
0.00
0.00
0.00
0.00
0.00
0.00
0.00
7.00
0.00
0.00
0.00
0.00
0.00
32.00
0.00
0.00
0.00
0.00
0.00
0.00
0.00
0.00
0.00
0.00
0.00
0.00
0.00
0.00
0.00
3.00
6.00
0.00
0.00
0.00
0.00
0.00
0.00
0.00
0.00
0.00
0.00
0.00
0.00
0.00
0.00
0.00
0.00
0.00
0.00
0.00
0.00
0.00
0.00
0.00
0.00
0.00
49.00
0.00
0.00
0.00
0.00
0.00
0.00
0.00
0.00
0.00
121.00
0.00
0.00
0.00
12.00
0.00
223.00
0.00
0.00
0.00
0.00
0.00
0.00
35.00
51.00
45.00
81.00
0.00
0.00
0.00
19.00
195.00
0.00
21.00
398.00
182.00
43.00
286.00
76.00
354.00
123.00
22.00
640.00
8.00
0.00
38.00
0.00
0.00
0.00
0.00
0.00
0.00
288.00
131.00
0.00
0.00
282.00
485.00
138.00
542.00
0.00
156.00
101.00
93.00
0.00
42.00
0.00
74.00
50.00
0.00
130.00
206.00
40.00
218.00
0.00
6.00
223.00
2.00
186.00
6.00
9.00
499.00
590.00
1.00
24.00
517.00
514.00
144.00
6.00
175.00
49.00
47.00
26.00
109.00
23.00
3.00
102.00
133.00
162.00
224.00
461.00
219.00
4.00
2.00
0.00
7.00
1.00
1.00
124.00
43.00
1499.00
246.00
847.00
35.00
281.00
122.00
404.00
628.00
100.00
305.00
324.00
59.00
137.00
2.00
48.00
36.00
80.00
150.00
316.00
176.00
54.00
680.00
375.00
61.00
103.00
32.00
227.00
280.00
137.00
495.00
282.00
15.00
36.00
73.00
29.00
22.00
693.00
141.00
25.00
88.00
610.00
187.00
65.00
60.00
33.00
32.00
13.00
195.00
0.00
18.00
303.00
178.00
182.00
152.00
332.00
454.00
67.00
31.00
49.00
925.00
1514.00
571.00
224.00
117.00
106.00
46.00
196.00
35.00
70.00
91.00
853.00
280.00
480.00
124.00
289.00
567.00
295.00
27.00
163.00
255.00
297.00
169.00
573.00
336.00
36.00
52.00
8.00
153.00
139.00
1098.00
494.00
12.00
8.00
90.00
11.00
5.00
12.00
372.00
224.00
273.00
191.00
31.00
28.00
17.00
13.00
5.00
2.00
204.00
70.00
235.00
392.00
162.00
27.00
0.00
1.00
2.00
5.00
0.00
2.00
1.00
0.00
0.00
1.00
87.00
268.00
1.00
0.00
0.00
3.00
94.00
831.00
1040.00
0.00
0.00
0.00
0.00
0.00
0.00
0.00
0.00
5.00
0.00
0.00
0.00
0.00
0.00
0.00
0.00
0.00
0.00
0.00
0.00
0.00
1.00
0.00
6.00
205.00
163.00
6.00
0.00
0.00
0.00
0.00
0.00
0.00
0.00
0.00
0.00
0.00
0.00
0.00
0.00
0.00
0.00
0.00
0.00
0.00
0.00
0.00
12.00
90.00
2.00
0.00
0.00
0.00
0.00
0.00
0.00
0.00
0.00
24.00
5.00
0.00
1.00
0.00
0.00
0.00
0.00
0.00
0.00
0.00
0.00
0.00
0.00
0.00
0.00
0.00
0.00
0.00
0.00
0.00
0.00
0.00
0.00
0.00
0.00
0.00
0.00
0.00
0.00
0.00
0.00
0.00
0.00
0.00
0.00
0.00
0.00
0.00
0.00
0.00
0.00
0.00
0.00
0.00
0.00
0.00
0.00
0.00
0.00
773.00
185.00
315.00
24.00
61.00
215.00
302.00
357.00
0.00
0.00
0.00
0.00
0.00
0.00
0.00
0.00
0.00
0.00
471.00
13.00
0.00
0.00
0.00
0.00
0.00
0.00
0.00
0.00
0.00
0.00
0.00
0.00
0.00
0.00
0.00
0.00
0.00
22.00
0.00
0.00
0.00
0.00
0.00
0.00
0.00
54.00
6.00
0.00
0.00
1.00
528.00
423.00
336.00
0.00
9.00
0.00
0.00
44.00
8.00
16.00
198.00
42.00
0.00
50.00
31.00
0.00
95.00
0.00
82.00
228.00
1.00
19.00
22.00
85.00
0.00
34.00
242.00
24.00
11.00
0.00
31.00
87.00
368.00
21.00
232.00
0.00
307.00
9.00
432.00
346.00
10.00
165.00
48.00
12.00
1.00
35.00
0.00
318.00
2.00
0.00
0.00
0.00
0.00
82.00
46.00
185.00
36.00
513.00
56.00
9.00
151.00
2.00
204.00
21.00
122.00
0.00
22.00
6.00
88.00
10.00
0.00
40.00
54.00
52.00
24.00
177.00
247.00
277.00
8.00
212.00
117.00
120.00
67.00
58.00
4.00
1.00
168.00
925.00
269.00
85.00
26.00
19.00
7.00
430.00
357.00
766.00
60.00
88.00
3.00
2.00
15.00
6.00
24.00
72.00
69.00
228.00
277.00
114.00
19.00
18.00
68.00
1.00
3.00
244.00
48.00
3.00
239.00
172.00
396.00
24.00
339.00
406.00
275.00
585.00
145.00
553.00
156.00
4.00
22.00
26.00
115.00
174.00
34.00
28.00
26.00
43.00
81.00
266.00
96.00
592.00
32.00
33.00
4.00
35.00
67.00
7.00
286.00
1187.00
311.00
287.00
61.00
57.00
72.00
32.00
50.00
90.00
47.00
218.00
572.00
224.00
22.00
10.00
3.00
3.00
31.00
145.00
821.00
533.00
94.00
13.00
0.00
0.00
0.00
3.00
106.00
144.00
0.00
0.00
6.00
196.00
116.00
164.00
2.00
52.00
34.00
0.00
0.00
0.00
0.00
0.00
0.00
0.00
0.00
0.00
0.00
3.00
188.00
79.00
31.00
0.00
0.00
0.00
0.00
0.00
0.00
0.00
0.00
0.00
0.00
0.00
0.00
0.00
6.00
9.00
11.00
0.00
0.00
0.00
0.00
0.00
96.00
0.00
0.00
0.00
0.00
0.00
0.00
0.00
0.00
0.00
0.00
0.00
0.00
0.00
0.00
0.00
0.00
0.00
0.00
0.00
0.00
0.00
0.00
0.00
0.00
0.00
0.00
0.00
0.00
0.00
0.00
4.00
0.00
0.00
0.00
0.00
0.00
0.00
0.00
0.00
0.00
0.00
9.00
42.00
271.00
0.00
0.00
0.00
0.00
0.00
0.00
0.00
0.00
0.00
0.00
0.00
0.00
0.00
0.00
0.00
0.00
0.00
1.00
0.00
0.00
0.00
0.00
0.00
0.00
0.00
0.00
0.00
0.00
0.00
0.00
0.00
0.00
0.00
0.00
0.00
0.00
0.00
0.00
3.00
3.00
0.00
0.00
0.00
0.00
0.00
0.00
0.00
0.00
0.00
0.00
0.00
11.00
0.00
0.00
0.00
1.00
0.00
0.00
1.00
9.00
0.00
0.00
0.00
0.00
0.00
0.00
0.00
0.20
10.70
0.50
48.40
3.20
0.00
0.00
0.00
5.00
0.00
0.00
0.00
0.00
0.00
0.00
0.00
0.00
0.00
3.00
0.40
0.00
4.60
2.40
0.00
0.00
2.90
0.10
0.00
0.00
0.00
6.80
0.00
0.00
36.50
0.10
106.10
0.90
18.60
0.00
11.50
12.20
27.50
0.10
4.70
38.60
0.00
1.40
0.00
3.20
0.00
14.80
3.50
0.00
0.00
0.00
0.00
6.90
0.00
0.00
0.00
0.00
4.20
0.70
15.30
11.50
7.90
7.90
1.20
236.80
43.00
0.00
0.00
31.00
0.00
54.70
54.70
39.40
6.90
28.30
0.00
28.60
0.00
38.70
39.40
0.60
0.60
1.70
53.40
53.40
13.70
3.50
0.10
21.40
6.70
21.80
22.10
32.00
12.00
32.90
30.10
2.10
0.10
0.50
0.40
0.50
1.10
0.00
0.00
0.90
2.90
13.80
7.60
42.20
8.10
0.10
25.30
63.60
20.30
1.40
1.40
6.20
51.00
86.00
66.80
27.60
0.80
3.40
0.80
0.00
1.20
9.20
25.70
10.90
15.10
76.30
116.60
116.60
70.90
70.90
79.20
4.20
4.20
1.90
1.70
4.20
4.20
4.20
3.70
23.70
52.90
17.20
38.00
12.10
6.00
3.60
5.20
15.80
17.10
35.70
18.70
7.80
12.10
11.60
15.40
3.40
2.70
7.40
5.90
2.30
84.20
52.70
31.20
24.70
3.50
5.90
0.00
0.70
1.30
3.80
41.70
27.10
15.20
2.00
0.70
11.50
21.20
1.30
5.30
1.40
4.20
11.40
23.60
22.80
1.40
1.00
12.30
2.30
43.80
34.50
9.60
11.80
51.50
13.70
39.60
72.50
21.70
0.20
0.40
0.40
0.20
15.10
21.30
21.50
30.70
0.20
24.20
35.70
4.60
61.70
61.70
0.00
0.00
3.90
4.70
3.60
39.20
31.70
17.90
8.00
0.00
0.00
0.00
0.00
0.00
0.00
0.00
0.00
0.00
0.00
3.40
0.20
0.00
0.50
24.00
92.30
