20160101
0.00
0.00
0.00
0.00
0.00
0.00
0.00
0.00
0.00
0.00
0.00
0.00
0.00
0.00
0.00
0.00
0.00
0.00
52.00
0.00
0.00
0.00
0.00
0.00
0.00
0.00
0.00
0.00
0.00
0.00
0.00
0.00
0.00
0.00
0.00
0.00
0.00
3.00
47.00
0.00
0.00
0.00
0.00
0.00
0.00
0.00
0.00
0.00
0.00
0.00
11.00
0.00
0.00
0.00
0.00
0.00
2.00
0.00
0.00
0.00
0.00
0.00
0.00
0.00
0.00
7.00
0.00
0.00
0.00
0.00
0.00
1.00
3.00
10.00
0.00
0.00
0.00
0.00
0.00
4.00
0.00
0.00
0.00
0.00
0.00
0.00
43.00
53.00
0.00
10.00
359.00
15.00
0.00
0.00
0.00
51.00
0.00
1.00
0.00
0.00
0.00
0.00
0.00
0.00
0.00
0.00
8.00
110.00
150.00
0.00
2.00
0.00
0.00
0.00
0.00
0.00
0.00
27.00
11.00
7.00
0.00
48.00
5.00
11.00
61.00
1.00
9.00
193.00
5.00
2.00
221.00
4.00
52.00
76.00
446.00
174.00
5.00
30.00
218.00
66.00
32.00
38.00
1.00
0.00
251.00
33.00
0.00
26.00
0.00
1.00
43.00
4.00
0.00
0.00
0.00
0.00
0.00
5.00
0.00
0.00
0.00
0.00
252.00
70.00
0.00
194.00
1063.00
615.00
6.00
0.00
4.00
4.00
443.00
56.00
836.00
244.00
100.00
85.00
13.00
9.00
11.00
34.00
90.00
270.00
254.00
17.00
289.00
3.00
12.00
88.00
34.00
59.00
48.00
5.00
21.00
22.00
31.00
212.00
133.00
218.00
83.00
195.00
314.00
36.00
100.00
104.00
339.00
54.00
90.00
174.00
215.00
50.00
109.00
339.00
425.00
21.00
16.00
98.00
2.00
17.00
102.00
23.00
182.00
35.00
5.00
3.00
56.00
83.00
29.00
117.00
0.00
0.00
4.00
76.00
0.00
19.00
1.00
96.00
1.00
2.00
93.00
153.00
10.00
365.00
4.00
560.00
3.00
4.00
0.00
0.00
0.00
0.00
0.00
4.00
20.00
0.00
6.00
101.00
4.00
218.00
194.00
38.00
127.00
0.00
400.00
74.00
103.00
30.00
339.00
40.00
0.00
26.00
397.00
1.00
0.00
1.00
2.00
0.00
16.00
15.00
19.00
67.00
168.00
216.00
101.00
114.00
0.00
0.00
0.00
0.00
0.00
0.00
0.00
0.00
0.00
0.00
0.00
0.00
0.00
0.00
19.00
0.00
0.00
0.00
0.00
0.00
0.00
0.00
0.00
0.00
0.00
0.00
0.00
0.00
0.00
0.00
0.00
0.00
0.00
0.00
0.00
0.00
0.00
0.00
0.00
0.00
0.00
0.00
0.00
0.00
0.00
0.00
0.00
0.00
0.00
0.00
0.00
0.00
0.00
0.00
0.00
0.00
0.00
0.00
0.00
0.00
0.00
0.00
0.00
0.00
0.00
0.00
0.00
0.00
0.00
0.00
0.00
0.00
0.00
0.00
11.00
0.00
0.00
0.00
0.00
0.00
0.00
0.00
0.00
4.00
0.00
0.00
0.00
0.00
0.00
202.00
0.00
0.00
0.00
0.00
0.00
0.00
0.00
0.00
0.00
0.00
0.00
0.00
0.00
0.00
0.00
34.00
90.00
116.00
0.00
0.00
0.00
0.00
0.00
0.00
0.00
0.00
0.00
0.00
0.00
0.00
0.00
0.00
0.00
0.00
0.00
0.00
0.00
0.00
0.00
0.00
0.00
0.00
0.00
0.00
0.00
0.00
0.00
0.00
0.00
0.00
0.00
0.00
22.00
0.00
0.00
0.00
13.00
0.00
315.00
0.00
0.00
0.00
0.00
0.00
0.00
1.00
71.00
33.00
240.00
0.00
0.00
0.00
0.00
264.00
0.00
31.00
544.00
7.00
0.00
0.00
98.00
21.00
445.00
0.00
310.00
15.00
21.00
55.00
0.00
0.00
0.00
0.00
0.00
0.00
480.00
2.00
0.00
8.00
372.00
79.00
651.00
361.00
2.00
135.00
1.00
0.00
0.00
26.00
0.00
676.00
4.00
0.00
476.00
146.00
28.00
47.00
0.00
32.00
1100.00
3.00
25.00
4.00
12.00
760.00
335.00
0.00
29.00
593.00
2.00
35.00
96.00
427.00
0.00
0.00
36.00
331.00
0.00
4.00
26.00
67.00
241.00
31.00
226.00
268.00
0.00
98.00
0.00
13.00
106.00
43.00
1.00
18.00
307.00
56.00
513.00
0.00
209.00
3.00
906.00
260.00
104.00
2.00
22.00
40.00
19.00
1.00
5.00
22.00
24.00
17.00
149.00
874.00
55.00
337.00
73.00
21.00
4.00
13.00
58.00
355.00
175.00
153.00
126.00
15.00
16.00
26.00
168.00
77.00
137.00
176.00
1.00
7.00
56.00
191.00
133.00
223.00
7.00
9.00
33.00
675.00
25.00
9.00
96.00
47.00
10.00
49.00
56.00
101.00
17.00
14.00
478.00
644.00
1339.00
460.00
196.00
117.00
50.00
35.00
58.00
21.00
42.00
55.00
27.00
157.00
18.00
5.00
9.00
525.00
206.00
13.00
3.00
17.00
39.00
58.00
179.00
67.00
4.00
1.00
1.00
134.00
120.00
188.00
776.00
23.00
9.00
31.00
47.00
22.00
9.00
279.00
31.00
100.00
189.00
0.00
0.00
11.00
33.00
3.00
0.00
22.00
201.00
360.00
229.00
99.00
256.00
48.00
0.00
0.00
2.00
12.00
230.00
7.00
1.00
0.00
1.00
106.00
164.00
8.00
0.00
0.00
0.00
10.00
727.00
834.00
0.00
0.00
0.00
0.00
0.00
0.00
0.00
0.00
39.00
0.00
0.00
0.00
0.00
0.00
0.00
0.00
0.00
0.00
0.00
0.00
0.00
0.00
0.00
0.00
11.00
71.00
0.00
0.00
0.00
0.00
0.00
0.00
0.00
0.00
0.00
0.00
0.00
0.00
0.00
0.00
0.00
0.00
0.00
0.00
0.00
0.00
0.00
0.00
1.00
0.00
0.00
0.00
0.00
0.00
0.00
0.00
0.00
0.00
0.00
0.00
0.00
0.00
0.00
0.00
0.00
0.00
0.00
0.00
0.00
0.00
0.00
0.00
0.00
0.00
0.00
0.00
0.00
0.00
0.00
0.00
0.00
0.00
0.00
0.00
0.00
0.00
0.00
0.00
0.00
0.00
0.00
0.00
0.00
0.00
0.00
0.00
0.00
0.00
0.00
0.00
0.00
0.00
0.00
0.00
0.00
0.00
0.00
0.00
485.00
2.00
0.00
50.00
33.00
283.00
522.00
436.00
0.00
0.00
0.00
0.00
0.00
0.00
0.00
0.00
0.00
0.00
48.00
184.00
0.00
0.00
0.00
0.00
0.00
0.00
1.00
0.00
0.00
0.00
0.00
0.00
0.00
25.00
0.00
0.00
0.00
1.00
38.00
0.00
0.00
0.00
0.00
0.00
0.00
0.00
0.00
0.00
0.00
0.00
282.00
777.00
101.00
0.00
8.00
0.00
0.00
161.00
0.00
3.00
46.00
360.00
0.00
24.00
33.00
0.00
43.00
0.00
0.00
99.00
1.00
26.00
0.00
0.00
0.00
0.00
28.00
8.00
15.00
19.00
68.00
44.00
122.00
1.00
160.00
17.00
384.00
0.00
87.00
168.00
0.00
145.00
58.00
3.00
0.00
0.00
0.00
170.00
6.00
0.00
0.00
0.00
0.00
0.00
0.00
2.00
104.00
181.00
93.00
72.00
98.00
0.00
16.00
20.00
91.00
0.00
0.00
5.00
0.00
6.00
73.00
6.00
18.00
147.00
25.00
2.00
116.00
588.00
98.00
19.00
4.00
51.00
56.00
0.00
3.00
1.00
3.00
151.00
7.00
0.00
9.00
6.00
0.00
1.00
347.00
386.00
81.00
4.00
0.00
0.00
1.00
0.00
4.00
3.00
3.00
19.00
25.00
25.00
43.00
3.00
7.00
36.00
53.00
231.00
35.00
14.00
23.00
64.00
1.00
4.00
19.00
89.00
20.00
32.00
70.00
974.00
229.00
6.00
9.00
200.00
91.00
23.00
7.00
9.00
10.00
66.00
184.00
69.00
18.00
395.00
47.00
44.00
3.00
177.00
130.00
36.00
32.00
309.00
329.00
31.00
8.00
104.00
18.00
4.00
24.00
27.00
16.00
54.00
98.00
122.00
86.00
1.00
0.00
3.00
1.00
239.00
347.00
565.00
359.00
103.00
26.00
0.00
0.00
4.00
3.00
58.00
6.00
0.00
1.00
7.00
7.00
82.00
0.00
60.00
0.00
0.00
0.00
0.00
0.00
0.00
0.00
0.00
0.00
0.00
0.00
2.00
408.00
42.00
0.00
0.00
0.00
0.00
0.00
0.00
0.00
0.00
0.00
0.00
0.00
0.00
0.00
0.00
0.00
0.00
0.00
0.00
0.00
0.00
0.00
0.00
0.00
0.00
0.00
0.00
0.00
0.00
0.00
0.00
0.00
0.00
0.00
0.00
0.00
0.00
0.00
0.00
0.00
0.00
0.00
0.00
0.00
0.00
0.00
0.00
0.00
0.00
0.00
0.00
0.00
0.00
0.00
15.00
0.00
0.00
0.00
0.00
0.00
0.00
0.00
0.00
0.00
0.00
1.00
279.00
552.00
0.00
0.00
0.00
0.00
0.00
0.00
0.00
0.00
0.00
0.00
0.00
0.00
0.00
0.00
0.00
0.00
0.00
0.00
0.00
0.00
0.00
0.00
0.00
0.00
0.00
0.00
0.00
0.00
0.00
0.00
0.00
0.00
0.00
0.00
0.00
0.00
0.00
0.00
1.00
1.00
0.00
0.00
0.00
0.00
0.00
0.00
0.00
0.00
0.00
0.00
0.00
36.00
0.00
0.00
0.00
2.00
0.00
1.00
7.00
12.00
0.00
0.00
0.00
0.00
0.00
0.00
0.00
0.50
3.80
0.00
17.00
7.70
0.00
0.00
0.00
0.00
0.00
0.00
0.00
0.00
0.00
0.00
0.00
0.00
0.00
1.20
0.20
0.00
0.20
5.40
0.00
0.00
0.00
0.00
0.00
0.00
0.00
17.30
0.00
0.00
36.40
24.00
89.50
1.30
5.80
0.00
4.20
31.60
9.20
0.00
19.20
26.60
0.00
0.00
0.00
8.80
20.30
37.40
26.80
0.00
0.00
0.00
0.00
0.20
0.00
0.00
0.00
0.00
0.80
0.00
6.90
5.10
9.30
9.30
2.50
46.40
59.50
0.00
0.00
0.00
0.00
0.00
0.30
49.80
10.00
8.30
8.50
10.50
0.00
33.80
43.30
6.10
6.10
7.90
43.50
43.50
13.00
0.90
3.90
82.00
2.70
7.60
60.00
17.20
14.00
24.70
0.50
0.00
0.10
0.00
0.00
0.00
0.00
10.20
2.80
2.00
4.10
11.30
14.80
116.70
3.20
0.00
4.30
10.80
0.20
0.00
0.00
0.00
68.60
67.50
78.90
13.20
0.10
7.30
10.30
1.80
0.20
1.10
1.20
27.80
25.40
56.20
99.40
99.40
52.60
52.60
28.40
3.70
3.70
2.30
2.10
3.70
3.70
3.70
6.30
29.60
141.60
23.90
4.00
14.10
10.60
4.70
6.80
4.90
3.20
4.40
5.80
2.60
11.40
36.40
21.30
19.70
9.50
1.30
4.90
6.60
52.80
5.10
21.10
9.30
33.10
10.10
1.10
0.10
1.00
2.90
49.40
11.60
3.10
1.60
0.60
0.70
33.40
6.70
6.10
20.00
0.80
11.30
9.30
6.60
0.00
0.20
2.30
0.00
12.90
20.20
0.70
1.30
7.60
0.80
42.40
31.00
4.30
0.20
1.40
8.40
2.00
18.20
28.20
27.70
22.00
1.60
3.90
19.90
37.10
105.60
105.60
0.00
1.80
0.70
1.00
0.50
20.80
32.20
4.30
0.00
0.00
0.00
0.00
0.00
0.00
0.00
0.00
0.00
1.10
0.40
0.10
0.10
0.00
0.30
22.00
120.00
