20160101
0.00
0.00
0.00
0.00
0.00
0.00
0.00
0.00
46.00
0.00
0.00
0.00
0.00
0.00
0.00
0.00
0.00
0.00
0.00
87.00
0.00
0.00
0.00
0.00
0.00
0.00
0.00
0.00
0.00
0.00
0.00
0.00
0.00
0.00
0.00
0.00
0.00
6.00
21.00
0.00
0.00
0.00
0.00
0.00
0.00
0.00
0.00
0.00
0.00
0.00
1.00
1.00
0.00
0.00
7.00
0.00
4.00
0.00
2.00
0.00
0.00
0.00
0.00
5.00
0.00
74.00
0.00
0.00
0.00
0.00
0.00
0.00
51.00
2.00
0.00
0.00
0.00
0.00
13.00
2.00
5.00
0.00
0.00
0.00
0.00
0.00
148.00
324.00
78.00
87.00
114.00
2.00
1.00
5.00
13.00
218.00
93.00
207.00
63.00
5.00
0.00
28.00
64.00
73.00
508.00
233.00
668.00
140.00
152.00
392.00
149.00
60.00
14.00
1341.00
382.00
33.00
193.00
123.00
431.00
109.00
425.00
158.00
28.00
35.00
37.00
6.00
36.00
14.00
9.00
24.00
0.00
72.00
29.00
143.00
15.00
726.00
1088.00
640.00
245.00
24.00
41.00
437.00
1.00
0.00
6.00
2.00
0.00
2.00
11.00
0.00
0.00
103.00
0.00
0.00
0.00
104.00
20.00
422.00
667.00
203.00
0.00
12.00
6.00
5.00
0.00
27.00
180.00
16.00
129.00
0.00
5.00
17.00
32.00
47.00
214.00
0.00
70.00
26.00
214.00
8.00
12.00
17.00
10.00
201.00
50.00
116.00
4.00
4.00
16.00
12.00
129.00
44.00
27.00
0.00
1.00
1.00
1.00
42.00
1.00
10.00
11.00
22.00
40.00
13.00
44.00
6.00
91.00
13.00
29.00
66.00
24.00
194.00
31.00
11.00
0.00
0.00
126.00
90.00
80.00
36.00
77.00
16.00
4.00
11.00
34.00
48.00
283.00
84.00
19.00
3.00
7.00
0.00
81.00
37.00
0.00
2.00
8.00
191.00
0.00
21.00
99.00
110.00
131.00
248.00
167.00
66.00
57.00
0.00
223.00
92.00
100.00
0.00
30.00
91.00
46.00
17.00
131.00
23.00
3.00
32.00
121.00
71.00
91.00
75.00
114.00
39.00
29.00
3.00
181.00
24.00
0.00
733.00
0.00
24.00
4.00
68.00
0.00
226.00
27.00
45.00
8.00
56.00
47.00
86.00
13.00
16.00
0.00
0.00
0.00
0.00
0.00
0.00
0.00
0.00
0.00
0.00
0.00
51.00
0.00
0.00
46.00
0.00
0.00
0.00
0.00
0.00
0.00
0.00
94.00
353.00
284.00
0.00
0.00
0.00
0.00
0.00
0.00
0.00
0.00
0.00
0.00
0.00
0.00
0.00
0.00
0.00
0.00
0.00
0.00
0.00
0.00
0.00
0.00
0.00
0.00
38.00
0.00
0.00
0.00
0.00
0.00
0.00
0.00
0.00
0.00
0.00
0.00
0.00
0.00
0.00
0.00
0.00
0.00
0.00
0.00
0.00
0.00
0.00
0.00
0.00
13.00
0.00
0.00
0.00
0.00
0.00
0.00
0.00
0.00
0.00
0.00
0.00
0.00
0.00
0.00
0.00
0.00
0.00
0.00
0.00
0.00
0.00
0.00
0.00
0.00
3.00
0.00
0.00
0.00
0.00
0.00
0.00
22.00
0.00
0.00
0.00
0.00
0.00
0.00
0.00
0.00
0.00
0.00
0.00
0.00
0.00
0.00
0.00
0.00
0.00
0.00
0.00
0.00
0.00
0.00
0.00
14.00
185.00
656.00
0.00
0.00
0.00
0.00
0.00
0.00
0.00
0.00
3.00
0.00
325.00
0.00
0.00
81.00
0.00
429.00
39.00
0.00
0.00
0.00
0.00
0.00
69.00
362.00
26.00
111.00
0.00
0.00
0.00
0.00
70.00
4.00
68.00
16.00
255.00
217.00
572.00
995.00
1360.00
1032.00
144.00
9.00
0.00
67.00
29.00
82.00
0.00
0.00
0.00
0.00
0.00
146.00
3.00
0.00
5.00
235.00
47.00
97.00
2.00
0.00
0.00
179.00
197.00
144.00
104.00
111.00
193.00
15.00
0.00
9.00
5.00
324.00
320.00
1.00
5.00
1.00
0.00
23.00
0.00
17.00
57.00
65.00
16.00
0.00
120.00
91.00
128.00
95.00
31.00
2.00
159.00
302.00
175.00
22.00
2.00
112.00
701.00
20.00
345.00
447.00
80.00
0.00
6.00
9.00
5.00
42.00
140.00
349.00
597.00
92.00
52.00
50.00
9.00
223.00
1427.00
485.00
154.00
0.00
163.00
27.00
80.00
326.00
55.00
13.00
47.00
30.00
87.00
236.00
13.00
9.00
36.00
97.00
247.00
29.00
15.00
29.00
80.00
144.00
30.00
44.00
0.00
3.00
206.00
128.00
1.00
52.00
173.00
0.00
26.00
35.00
35.00
7.00
39.00
7.00
11.00
86.00
75.00
90.00
15.00
0.00
7.00
46.00
86.00
75.00
14.00
24.00
10.00
2.00
289.00
698.00
574.00
41.00
1.00
41.00
27.00
315.00
42.00
0.00
39.00
40.00
2.00
0.00
1.00
141.00
106.00
0.00
41.00
0.00
7.00
76.00
81.00
5.00
153.00
10.00
0.00
0.00
0.00
11.00
85.00
351.00
0.00
0.00
4.00
97.00
63.00
18.00
129.00
0.00
30.00
61.00
0.00
0.00
47.00
482.00
0.00
57.00
187.00
166.00
39.00
97.00
156.00
7.00
0.00
2.00
1.00
76.00
0.00
249.00
5.00
31.00
35.00
154.00
79.00
43.00
33.00
0.00
9.00
7.00
237.00
374.00
1180.00
0.00
0.00
0.00
0.00
0.00
0.00
0.00
137.00
789.00
0.00
0.00
0.00
0.00
0.00
0.00
0.00
0.00
0.00
0.00
0.00
0.00
0.00
0.00
22.00
342.00
58.00
7.00
0.00
0.00
0.00
0.00
0.00
0.00
0.00
0.00
0.00
0.00
0.00
0.00
0.00
0.00
0.00
0.00
0.00
0.00
0.00
0.00
12.00
379.00
22.00
0.00
0.00
0.00
0.00
0.00
0.00
0.00
0.00
15.00
0.00
0.00
0.00
0.00
0.00
0.00
0.00
0.00
0.00
0.00
0.00
0.00
287.00
29.00
8.00
0.00
0.00
0.00
0.00
0.00
0.00
0.00
0.00
0.00
0.00
0.00
0.00
0.00
0.00
0.00
0.00
0.00
0.00
0.00
0.00
0.00
0.00
0.00
0.00
0.00
0.00
0.00
0.00
0.00
0.00
0.00
0.00
0.00
0.00
7.00
0.00
24.00
14.00
27.00
0.00
0.00
0.00
0.00
0.00
0.00
0.00
0.00
0.00
0.00
0.00
0.00
0.00
207.00
619.00
0.00
0.00
0.00
0.00
0.00
0.00
0.00
0.00
0.00
0.00
0.00
0.00
0.00
68.00
29.00
0.00
100.00
201.00
30.00
0.00
0.00
0.00
0.00
0.00
0.00
137.00
0.00
19.00
22.00
0.00
64.00
327.00
28.00
9.00
32.00
23.00
0.00
0.00
0.00
33.00
18.00
47.00
292.00
80.00
37.00
6.00
47.00
16.00
48.00
74.00
3.00
7.00
20.00
47.00
21.00
0.00
0.00
2.00
0.00
3.00
120.00
19.00
232.00
55.00
157.00
0.00
1.00
15.00
155.00
129.00
68.00
731.00
416.00
149.00
27.00
7.00
0.00
43.00
0.00
0.00
0.00
0.00
0.00
0.00
0.00
0.00
169.00
510.00
416.00
8.00
21.00
1.00
3.00
19.00
0.00
0.00
0.00
2.00
1.00
41.00
28.00
15.00
36.00
52.00
75.00
1769.00
2585.00
757.00
253.00
27.00
134.00
0.00
0.00
0.00
44.00
96.00
103.00
109.00
5.00
23.00
34.00
0.00
1.00
2.00
29.00
232.00
456.00
206.00
0.00
3.00
15.00
15.00
4.00
0.00
181.00
50.00
65.00
48.00
110.00
82.00
18.00
0.00
1.00
141.00
130.00
27.00
39.00
111.00
184.00
17.00
6.00
34.00
25.00
50.00
173.00
187.00
1.00
1.00
8.00
231.00
13.00
152.00
71.00
4.00
10.00
31.00
20.00
12.00
12.00
47.00
298.00
1.00
2.00
5.00
97.00
13.00
2.00
5.00
70.00
106.00
148.00
27.00
0.00
2.00
0.00
6.00
2.00
12.00
0.00
53.00
0.00
0.00
0.00
0.00
23.00
46.00
59.00
401.00
87.00
0.00
0.00
0.00
15.00
42.00
250.00
61.00
31.00
0.00
23.00
2.00
0.00
1.00
2.00
0.00
0.00
0.00
0.00
0.00
0.00
0.00
0.00
0.00
0.00
0.00
0.00
25.00
17.00
185.00
207.00
0.00
0.00
0.00
0.00
0.00
0.00
0.00
0.00
0.00
0.00
0.00
0.00
0.00
0.00
86.00
97.00
27.00
0.00
0.00
13.00
0.00
0.00
0.00
0.00
0.00
0.00
0.00
0.00
0.00
0.00
0.00
0.00
0.00
0.00
0.00
0.00
0.00
0.00
0.00
0.00
0.00
0.00
0.00
0.00
0.00
0.00
0.00
0.00
0.00
0.00
0.00
0.00
18.00
0.00
0.00
0.00
0.00
0.00
0.00
0.00
0.00
0.00
0.00
7.00
74.00
333.00
0.00
0.00
0.00
0.00
0.00
0.00
0.00
0.00
0.00
0.00
0.00
0.00
0.00
0.00
0.00
0.00
0.00
0.00
0.00
0.00
0.00
0.00
0.00
0.00
0.00
0.00
0.00
0.00
0.00
0.00
0.00
0.00
0.00
0.00
0.00
0.00
0.00
0.00
0.00
0.00
0.00
0.00
0.00
0.00
0.00
0.00
0.00
0.00
0.00
0.00
0.00
0.00
0.00
0.00
0.00
0.00
0.00
0.00
0.00
6.00
4.00
0.00
0.00
0.00
0.00
0.00
0.00
0.00
32.40
0.10
87.00
33.00
0.00
0.00
0.00
0.00
0.00
0.00
0.10
0.00
0.00
0.00
0.00
0.00
0.00
0.00
0.30
0.00
0.00
2.40
13.00
0.00
20.10
9.30
0.00
0.00
0.00
4.70
0.80
0.00
0.00
0.00
91.80
36.50
42.30
0.00
35.90
19.40
65.40
8.60
5.70
15.20
0.00
0.00
1.60
0.00
5.10
17.60
8.50
9.70
0.00
0.10
3.10
1.20
3.40
0.00
0.00
0.00
0.20
0.00
16.40
15.30
34.50
34.50
0.00
26.90
93.50
3.70
0.00
24.00
11.20
32.30
44.30
31.70
15.70
7.80
1.80
8.30
7.60
16.00
11.30
0.00
0.00
26.50
17.30
17.30
3.20
1.40
6.50
0.00
0.00
0.00
4.20
6.20
0.10
0.10
0.10
2.60
0.00
1.00
0.10
0.10
5.00
0.50
0.00
1.00
2.70
19.30
17.80
13.80
12.60
0.00
10.50
27.10
8.30
0.40
0.00
1.70
17.40
50.60
68.20
20.40
0.00
2.80
3.00
5.10
1.20
41.90
55.70
23.80
17.50
4.00
10.10
10.10
73.60
73.60
28.20
3.10
3.10
2.50
0.70
3.10
3.10
3.10
0.80
21.00
5.30
1.00
44.40
22.50
4.20
9.70
0.30
3.20
4.10
5.80
31.40
2.10
0.80
0.30
0.10
19.00
4.90
0.00
2.40
0.00
4.30
5.40
1.60
0.80
0.30
0.00
0.00
1.20
0.30
0.80
3.30
7.10
8.60
0.00
0.00
6.30
1.50
0.10
4.50
4.50
5.20
6.50
5.50
16.80
0.90
25.10
18.60
0.30
0.80
0.90
0.20
5.10
0.00
0.00
0.90
0.10
0.00
3.20
2.20
7.90
6.90
11.60
10.60
2.10
10.80
2.50
0.00
4.50
15.50
11.40
11.40
17.60
0.00
0.00
6.30
2.40
2.40
0.20
9.50
0.00
0.00
0.40
0.00
0.00
0.30
0.00
0.50
0.00
3.50
0.10
4.90
0.30
0.20
3.00
11.70
41.50
