20160101
0.00
0.00
0.00
0.00
0.00
0.00
0.00
0.00
5.00
0.00
0.00
0.00
0.00
0.00
0.00
0.00
0.00
0.00
1.00
41.00
0.00
0.00
0.00
0.00
0.00
95.00
149.00
0.00
0.00
19.00
0.00
0.00
0.00
0.00
0.00
0.00
0.00
0.00
9.00
4.00
0.00
0.00
8.00
0.00
0.00
0.00
0.00
0.00
0.00
0.00
0.00
0.00
0.00
0.00
0.00
0.00
6.00
0.00
0.00
0.00
0.00
0.00
19.00
6.00
0.00
2.00
0.00
101.00
0.00
16.00
0.00
0.00
59.00
0.00
0.00
0.00
0.00
0.00
0.00
197.00
4.00
0.00
0.00
0.00
0.00
0.00
21.00
214.00
39.00
38.00
76.00
20.00
0.00
4.00
12.00
90.00
19.00
13.00
61.00
0.00
0.00
50.00
0.00
2.00
125.00
77.00
216.00
150.00
48.00
118.00
16.00
6.00
0.00
69.00
27.00
0.00
76.00
44.00
142.00
34.00
242.00
36.00
82.00
29.00
17.00
0.00
2.00
1.00
5.00
0.00
0.00
53.00
12.00
17.00
14.00
48.00
383.00
231.00
80.00
58.00
109.00
525.00
4.00
0.00
14.00
17.00
0.00
51.00
13.00
32.00
0.00
119.00
0.00
0.00
6.00
317.00
24.00
37.00
16.00
2.00
12.00
371.00
34.00
122.00
15.00
1.00
28.00
102.00
350.00
109.00
0.00
11.00
1.00
23.00
24.00
32.00
77.00
3.00
111.00
20.00
61.00
83.00
193.00
591.00
311.00
45.00
13.00
44.00
16.00
17.00
34.00
3.00
44.00
13.00
18.00
85.00
179.00
4.00
0.00
2.00
3.00
3.00
12.00
61.00
40.00
39.00
188.00
45.00
72.00
28.00
12.00
113.00
45.00
10.00
4.00
23.00
148.00
104.00
284.00
75.00
232.00
47.00
93.00
243.00
328.00
57.00
6.00
53.00
76.00
8.00
29.00
1.00
201.00
226.00
45.00
28.00
31.00
363.00
0.00
31.00
186.00
222.00
191.00
24.00
1.00
18.00
83.00
75.00
55.00
6.00
64.00
92.00
20.00
118.00
13.00
169.00
183.00
59.00
2.00
108.00
410.00
102.00
100.00
176.00
179.00
1.00
75.00
26.00
80.00
27.00
0.00
21.00
65.00
38.00
329.00
6.00
0.00
1.00
2.00
39.00
60.00
107.00
44.00
83.00
0.00
32.00
0.00
0.00
0.00
0.00
0.00
0.00
0.00
0.00
0.00
0.00
0.00
6.00
0.00
0.00
71.00
2.00
1.00
0.00
0.00
0.00
0.00
42.00
40.00
205.00
365.00
114.00
0.00
0.00
0.00
0.00
0.00
0.00
0.00
0.00
0.00
0.00
0.00
0.00
0.00
0.00
0.00
0.00
0.00
0.00
0.00
0.00
0.00
0.00
0.00
14.00
0.00
0.00
0.00
0.00
0.00
0.00
0.00
0.00
0.00
0.00
0.00
0.00
0.00
0.00
0.00
0.00
0.00
0.00
0.00
1.00
0.00
0.00
0.00
0.00
183.00
1.00
0.00
0.00
0.00
0.00
0.00
0.00
0.00
4.00
0.00
0.00
0.00
0.00
0.00
1.00
0.00
0.00
0.00
0.00
0.00
0.00
0.00
0.00
0.00
0.00
0.00
0.00
0.00
0.00
0.00
0.00
8.00
0.00
0.00
0.00
0.00
0.00
0.00
0.00
0.00
0.00
0.00
0.00
0.00
0.00
0.00
0.00
0.00
0.00
0.00
0.00
0.00
0.00
0.00
1.00
0.00
0.00
16.00
0.00
0.00
0.00
0.00
0.00
0.00
0.00
0.00
0.00
17.00
24.00
0.00
0.00
105.00
13.00
417.00
168.00
0.00
0.00
0.00
0.00
0.00
7.00
294.00
53.00
187.00
0.00
0.00
0.00
0.00
28.00
40.00
0.00
35.00
90.00
188.00
280.00
204.00
362.00
752.00
118.00
0.00
0.00
31.00
91.00
0.00
0.00
0.00
0.00
0.00
0.00
158.00
3.00
0.00
0.00
86.00
1.00
9.00
10.00
0.00
2.00
5.00
18.00
13.00
140.00
1.00
98.00
4.00
0.00
4.00
5.00
92.00
174.00
0.00
5.00
208.00
5.00
3.00
0.00
25.00
18.00
20.00
57.00
0.00
35.00
11.00
73.00
13.00
76.00
27.00
85.00
26.00
86.00
139.00
85.00
170.00
699.00
5.00
121.00
251.00
48.00
0.00
19.00
0.00
0.00
470.00
90.00
242.00
443.00
114.00
33.00
27.00
89.00
100.00
135.00
18.00
54.00
40.00
23.00
132.00
782.00
33.00
24.00
15.00
319.00
126.00
70.00
808.00
150.00
117.00
34.00
86.00
158.00
54.00
29.00
46.00
256.00
129.00
100.00
24.00
81.00
236.00
20.00
58.00
3.00
112.00
355.00
32.00
2.00
197.00
97.00
13.00
41.00
29.00
20.00
142.00
26.00
52.00
12.00
18.00
55.00
168.00
95.00
54.00
82.00
18.00
2.00
11.00
71.00
368.00
173.00
10.00
13.00
30.00
61.00
33.00
2.00
5.00
65.00
127.00
1.00
101.00
16.00
406.00
125.00
28.00
209.00
9.00
14.00
54.00
33.00
0.00
55.00
4.00
0.00
0.00
36.00
42.00
0.00
47.00
209.00
28.00
10.00
4.00
18.00
9.00
162.00
29.00
34.00
102.00
0.00
2.00
58.00
101.00
3.00
31.00
112.00
84.00
359.00
49.00
1.00
292.00
2.00
0.00
0.00
514.00
0.00
54.00
141.00
0.00
154.00
71.00
1.00
1.00
0.00
0.00
9.00
8.00
47.00
373.00
650.00
0.00
0.00
0.00
0.00
0.00
0.00
5.00
587.00
1257.00
0.00
0.00
0.00
0.00
0.00
0.00
0.00
0.00
0.00
0.00
0.00
0.00
0.00
0.00
7.00
64.00
3.00
3.00
0.00
0.00
0.00
0.00
0.00
0.00
0.00
0.00
0.00
0.00
0.00
0.00
0.00
0.00
0.00
0.00
0.00
0.00
0.00
0.00
0.00
4.00
78.00
0.00
0.00
0.00
0.00
0.00
0.00
0.00
0.00
38.00
2.00
0.00
0.00
0.00
0.00
0.00
0.00
0.00
0.00
0.00
0.00
1.00
90.00
95.00
129.00
0.00
0.00
0.00
0.00
0.00
0.00
0.00
0.00
0.00
0.00
0.00
0.00
0.00
0.00
0.00
0.00
0.00
0.00
0.00
0.00
0.00
0.00
0.00
0.00
0.00
0.00
0.00
0.00
0.00
0.00
0.00
0.00
2.00
0.00
2.00
3.00
0.00
10.00
5.00
0.00
0.00
1.00
0.00
0.00
0.00
0.00
0.00
0.00
0.00
0.00
0.00
0.00
23.00
1083.00
0.00
0.00
0.00
8.00
0.00
0.00
72.00
0.00
0.00
0.00
0.00
0.00
1.00
61.00
28.00
0.00
0.00
74.00
236.00
22.00
0.00
0.00
0.00
0.00
0.00
0.00
0.00
63.00
2.00
0.00
61.00
106.00
1.00
2.00
4.00
0.00
0.00
11.00
62.00
5.00
44.00
17.00
3.00
9.00
350.00
50.00
22.00
6.00
7.00
79.00
20.00
8.00
63.00
38.00
0.00
0.00
1.00
0.00
0.00
17.00
115.00
44.00
49.00
118.00
221.00
40.00
159.00
8.00
108.00
75.00
1.00
716.00
132.00
19.00
12.00
7.00
0.00
122.00
0.00
0.00
3.00
0.00
0.00
11.00
37.00
0.00
4.00
6.00
7.00
6.00
13.00
40.00
0.00
20.00
2.00
201.00
170.00
34.00
12.00
505.00
5.00
114.00
410.00
234.00
217.00
985.00
443.00
276.00
33.00
3.00
0.00
0.00
0.00
0.00
35.00
2.00
28.00
49.00
85.00
27.00
45.00
8.00
3.00
2.00
13.00
18.00
57.00
57.00
0.00
18.00
31.00
15.00
33.00
5.00
300.00
168.00
64.00
11.00
36.00
51.00
111.00
13.00
17.00
115.00
50.00
73.00
61.00
139.00
237.00
152.00
49.00
146.00
163.00
296.00
724.00
141.00
16.00
2.00
130.00
11.00
7.00
76.00
226.00
5.00
19.00
98.00
56.00
190.00
34.00
39.00
175.00
30.00
61.00
12.00
144.00
16.00
5.00
146.00
98.00
93.00
287.00
32.00
72.00
4.00
0.00
48.00
33.00
11.00
3.00
16.00
0.00
20.00
0.00
1.00
67.00
0.00
5.00
45.00
18.00
17.00
1.00
0.00
11.00
16.00
1.00
1.00
68.00
34.00
33.00
28.00
13.00
29.00
2.00
0.00
41.00
0.00
0.00
0.00
0.00
0.00
0.00
0.00
0.00
36.00
0.00
17.00
76.00
172.00
135.00
27.00
1.00
0.00
0.00
0.00
0.00
0.00
0.00
0.00
0.00
0.00
0.00
0.00
85.00
135.00
38.00
44.00
0.00
0.00
0.00
2.00
0.00
0.00
0.00
0.00
0.00
0.00
0.00
0.00
0.00
0.00
0.00
0.00
0.00
0.00
0.00
0.00
0.00
0.00
0.00
0.00
0.00
0.00
0.00
0.00
0.00
0.00
0.00
0.00
0.00
0.00
0.00
1.00
0.00
0.00
0.00
0.00
0.00
0.00
0.00
0.00
0.00
0.00
4.00
124.00
652.00
0.00
0.00
0.00
0.00
0.00
0.00
0.00
0.00
0.00
0.00
0.00
0.00
0.00
0.00
0.00
0.00
0.00
0.00
0.00
0.00
0.00
0.00
0.00
0.00
0.00
0.00
0.00
0.00
0.00
0.00
0.00
0.00
0.00
0.00
0.00
0.00
0.00
0.00
0.00
0.00
0.00
1.00
0.00
0.00
0.00
0.00
0.00
0.00
0.00
0.00
0.00
0.00
1.00
0.00
0.00
0.00
1.00
0.00
0.00
3.00
0.00
0.00
0.00
0.00
0.00
0.00
1.10
0.00
12.40
2.00
51.10
49.00
0.00
0.00
0.00
0.00
0.00
0.00
0.10
0.00
0.00
0.00
0.00
0.00
0.00
0.00
0.00
0.10
3.20
34.30
36.70
22.90
9.40
3.40
2.10
0.00
0.00
6.20
35.10
0.00
0.20
0.00
20.50
4.90
50.00
0.00
12.40
8.50
0.70
8.80
7.90
13.80
0.10
0.00
0.00
0.00
15.60
3.50
1.80
15.30
15.60
0.60
29.80
0.00
4.00
0.00
0.00
0.00
0.00
0.10
12.60
2.30
0.10
0.10
0.40
19.30
59.60
0.10
0.00
0.20
7.20
10.70
12.80
28.70
8.10
1.80
1.00
1.00
0.00
6.10
3.80
0.00
0.00
0.50
2.00
2.00
1.00
6.40
0.10
24.50
1.70
2.20
0.10
7.50
0.30
0.70
14.40
1.20
0.20
2.00
3.60
0.10
0.00
0.50
0.00
10.20
4.10
37.10
7.10
0.10
1.60
7.80
14.20
18.50
6.70
5.60
0.00
8.30
0.80
5.50
8.30
10.00
0.00
0.60
7.40
2.60
1.70
3.50
17.20
41.70
14.80
5.00
1.30
1.30
25.10
25.10
3.10
0.00
0.00
0.00
0.00
0.00
0.00
0.00
2.10
0.50
2.90
3.70
22.70
20.40
26.10
8.00
0.40
6.20
4.60
7.90
12.50
16.40
1.60
1.30
2.70
5.50
19.50
1.80
1.10
0.10
13.90
4.70
5.70
0.10
0.70
4.40
1.40
0.30
1.40
0.40
13.80
13.60
0.20
0.10
10.70
25.90
35.40
3.20
3.30
3.80
4.90
2.40
2.70
6.50
7.20
0.20
3.10
0.60
2.60
6.70
3.00
6.10
1.80
0.10
3.00
2.20
2.80
1.10
0.10
1.20
6.60
31.20
9.60
14.50
5.70
21.00
0.00
1.70
10.30
5.20
5.20
5.50
0.40
0.30
0.20
18.00
17.80
6.70
3.50
5.80
0.10
0.00
0.00
0.00
5.40
0.60
0.00
0.30
0.40
1.10
2.40
0.20
0.90
0.10
0.70
6.20
