20160101
0.00
0.00
0.00
0.00
0.00
0.00
0.00
0.00
5.00
0.00
0.00
0.00
3.00
0.00
0.00
0.00
0.00
0.00
1.00
157.00
0.00
0.00
0.00
0.00
0.00
1.00
0.00
0.00
0.00
0.00
0.00
0.00
0.00
0.00
0.00
0.00
0.00
1.00
23.00
0.00
0.00
56.00
0.00
0.00
0.00
0.00
0.00
0.00
0.00
0.00
1.00
0.00
0.00
3.00
7.00
0.00
10.00
0.00
0.00
0.00
0.00
0.00
56.00
0.00
0.00
34.00
0.00
0.00
41.00
0.00
3.00
1.00
0.00
0.00
0.00
0.00
0.00
0.00
10.00
10.00
37.00
0.00
0.00
0.00
0.00
0.00
302.00
398.00
136.00
101.00
127.00
10.00
0.00
33.00
107.00
768.00
152.00
502.00
121.00
186.00
0.00
495.00
69.00
216.00
414.00
235.00
562.00
910.00
375.00
693.00
454.00
920.00
208.00
794.00
110.00
62.00
268.00
382.00
153.00
205.00
465.00
163.00
66.00
52.00
215.00
53.00
145.00
58.00
6.00
25.00
2.00
29.00
91.00
116.00
133.00
322.00
396.00
743.00
417.00
43.00
59.00
728.00
6.00
0.00
12.00
39.00
0.00
16.00
83.00
0.00
27.00
73.00
0.00
0.00
2.00
16.00
52.00
1201.00
705.00
52.00
4.00
151.00
1.00
7.00
0.00
164.00
51.00
57.00
61.00
24.00
68.00
347.00
453.00
732.00
597.00
13.00
11.00
390.00
146.00
23.00
50.00
22.00
27.00
51.00
61.00
27.00
8.00
56.00
71.00
73.00
204.00
110.00
22.00
17.00
19.00
55.00
146.00
25.00
3.00
4.00
85.00
30.00
20.00
17.00
172.00
22.00
67.00
8.00
21.00
46.00
79.00
88.00
35.00
3.00
0.00
87.00
328.00
168.00
19.00
40.00
146.00
22.00
20.00
8.00
94.00
176.00
109.00
67.00
5.00
66.00
0.00
0.00
48.00
64.00
0.00
0.00
0.00
389.00
11.00
76.00
84.00
159.00
755.00
862.00
271.00
51.00
123.00
1.00
264.00
248.00
119.00
99.00
2.00
5.00
96.00
421.00
286.00
2.00
1.00
1.00
154.00
176.00
29.00
595.00
454.00
358.00
19.00
102.00
689.00
3.00
0.00
442.00
10.00
5.00
0.00
5.00
0.00
0.00
2.00
0.00
18.00
326.00
77.00
28.00
13.00
28.00
0.00
0.00
0.00
0.00
0.00
0.00
0.00
0.00
0.00
0.00
0.00
1.00
0.00
0.00
61.00
0.00
0.00
0.00
0.00
0.00
3.00
1.00
176.00
433.00
65.00
5.00
0.00
0.00
0.00
0.00
0.00
0.00
0.00
0.00
0.00
0.00
0.00
0.00
0.00
0.00
0.00
0.00
0.00
0.00
0.00
0.00
0.00
0.00
0.00
41.00
0.00
0.00
0.00
0.00
0.00
0.00
0.00
0.00
0.00
0.00
0.00
0.00
0.00
0.00
0.00
0.00
0.00
0.00
0.00
0.00
0.00
0.00
0.00
0.00
0.00
0.00
0.00
0.00
0.00
0.00
0.00
0.00
0.00
0.00
0.00
0.00
0.00
0.00
0.00
0.00
0.00
0.00
0.00
0.00
0.00
0.00
0.00
0.00
0.00
4.00
0.00
0.00
0.00
0.00
0.00
3.00
12.00
0.00
0.00
0.00
0.00
0.00
0.00
0.00
0.00
0.00
0.00
0.00
0.00
0.00
0.00
0.00
0.00
0.00
0.00
0.00
0.00
0.00
0.00
0.00
143.00
634.00
69.00
0.00
0.00
0.00
0.00
0.00
0.00
0.00
0.00
0.00
61.00
3.00
0.00
0.00
174.00
0.00
396.00
23.00
0.00
0.00
0.00
0.00
0.00
63.00
186.00
37.00
162.00
0.00
0.00
0.00
23.00
177.00
11.00
245.00
79.00
421.00
266.00
1228.00
697.00
1238.00
1411.00
135.00
32.00
0.00
79.00
106.00
476.00
112.00
0.00
0.00
0.00
0.00
245.00
0.00
0.00
53.00
596.00
216.00
317.00
37.00
1.00
55.00
557.00
133.00
37.00
158.00
24.00
297.00
74.00
0.00
13.00
33.00
409.00
308.00
7.00
44.00
115.00
3.00
15.00
0.00
2.00
209.00
266.00
18.00
1.00
390.00
78.00
244.00
162.00
227.00
8.00
303.00
677.00
201.00
1.00
11.00
177.00
541.00
100.00
509.00
159.00
203.00
50.00
44.00
5.00
18.00
39.00
1.00
920.00
334.00
374.00
230.00
228.00
69.00
292.00
1681.00
666.00
480.00
7.00
140.00
148.00
156.00
898.00
144.00
71.00
224.00
211.00
152.00
364.00
272.00
28.00
21.00
123.00
82.00
109.00
30.00
17.00
184.00
50.00
154.00
265.00
52.00
44.00
395.00
7.00
11.00
41.00
139.00
99.00
75.00
661.00
181.00
1.00
68.00
21.00
19.00
38.00
72.00
134.00
69.00
88.00
460.00
334.00
153.00
320.00
43.00
103.00
30.00
31.00
344.00
1001.00
737.00
150.00
117.00
53.00
8.00
318.00
65.00
334.00
47.00
146.00
132.00
179.00
95.00
163.00
179.00
21.00
54.00
117.00
97.00
152.00
144.00
92.00
652.00
83.00
12.00
0.00
25.00
404.00
1526.00
755.00
37.00
14.00
277.00
297.00
3.00
0.00
83.00
3.00
135.00
166.00
89.00
102.00
33.00
0.00
2.00
115.00
307.00
430.00
157.00
119.00
197.00
7.00
0.00
0.00
15.00
86.00
135.00
422.00
2.00
3.00
0.00
159.00
239.00
169.00
94.00
0.00
30.00
90.00
188.00
453.00
1866.00
2.00
0.00
0.00
0.00
0.00
0.00
2.00
39.00
241.00
3.00
0.00
0.00
0.00
0.00
0.00
0.00
0.00
0.00
0.00
0.00
1.00
7.00
6.00
6.00
311.00
70.00
8.00
0.00
0.00
0.00
0.00
0.00
0.00
0.00
0.00
0.00
0.00
0.00
0.00
0.00
0.00
0.00
0.00
0.00
0.00
0.00
0.00
15.00
284.00
129.00
0.00
0.00
0.00
0.00
0.00
0.00
0.00
43.00
68.00
0.00
0.00
0.00
0.00
0.00
0.00
0.00
0.00
0.00
0.00
0.00
0.00
223.00
1.00
18.00
0.00
0.00
0.00
0.00
0.00
0.00
0.00
0.00
0.00
0.00
0.00
0.00
0.00
0.00
0.00
0.00
0.00
0.00
0.00
0.00
0.00
0.00
0.00
0.00
0.00
0.00
0.00
0.00
0.00
0.00
0.00
0.00
0.00
0.00
39.00
23.00
134.00
49.00
28.00
0.00
11.00
2.00
0.00
0.00
0.00
0.00
0.00
0.00
0.00
0.00
6.00
0.00
351.00
266.00
0.00
0.00
0.00
0.00
0.00
0.00
0.00
0.00
0.00
0.00
0.00
0.00
0.00
50.00
82.00
0.00
720.00
60.00
8.00
0.00
0.00
0.00
0.00
0.00
0.00
0.00
0.00
22.00
1.00
49.00
310.00
319.00
90.00
0.00
0.00
0.00
0.00
0.00
3.00
2.00
22.00
87.00
251.00
181.00
44.00
18.00
151.00
0.00
0.00
15.00
7.00
6.00
56.00
24.00
33.00
0.00
23.00
54.00
36.00
23.00
265.00
5.00
251.00
16.00
126.00
0.00
74.00
33.00
492.00
306.00
387.00
447.00
260.00
253.00
42.00
1.00
0.00
139.00
1.00
0.00
6.00
0.00
0.00
0.00
2.00
47.00
159.00
763.00
296.00
2.00
162.00
5.00
61.00
86.00
3.00
0.00
50.00
41.00
146.00
0.00
0.00
0.00
19.00
43.00
80.00
1764.00
1640.00
1219.00
209.00
2.00
270.00
13.00
3.00
0.00
546.00
78.00
168.00
430.00
6.00
51.00
22.00
15.00
45.00
12.00
481.00
289.00
190.00
205.00
35.00
0.00
97.00
54.00
13.00
2.00
158.00
107.00
345.00
303.00
172.00
148.00
113.00
2.00
0.00
107.00
127.00
79.00
119.00
414.00
253.00
81.00
4.00
252.00
316.00
393.00
175.00
95.00
24.00
4.00
12.00
246.00
17.00
334.00
61.00
19.00
73.00
523.00
58.00
451.00
26.00
155.00
176.00
0.00
0.00
5.00
33.00
4.00
26.00
126.00
103.00
58.00
409.00
33.00
42.00
18.00
0.00
62.00
9.00
6.00
223.00
123.00
3.00
0.00
0.00
0.00
12.00
44.00
156.00
870.00
145.00
70.00
0.00
1.00
0.00
367.00
136.00
0.00
27.00
0.00
0.00
113.00
69.00
6.00
7.00
0.00
0.00
16.00
3.00
0.00
0.00
0.00
0.00
0.00
0.00
52.00
20.00
25.00
47.00
617.00
147.00
1.00
0.00
0.00
0.00
0.00
0.00
0.00
0.00
0.00
0.00
0.00
0.00
0.00
8.00
142.00
117.00
21.00
0.00
0.00
0.00
0.00
15.00
0.00
0.00
0.00
0.00
0.00
0.00
0.00
0.00
0.00
0.00
0.00
0.00
0.00
0.00
0.00
0.00
0.00
0.00
0.00
0.00
0.00
0.00
0.00
0.00
0.00
0.00
0.00
0.00
0.00
0.00
9.00
0.00
0.00
0.00
0.00
0.00
0.00
0.00
0.00
0.00
0.00
6.00
96.00
406.00
0.00
0.00
0.00
0.00
0.00
0.00
0.00
0.00
0.00
0.00
0.00
0.00
0.00
0.00
0.00
0.00
0.00
1.00
0.00
0.00
0.00
0.00
0.00
0.00
0.00
0.00
0.00
0.00
0.00
0.00
0.00
0.00
0.00
0.00
0.00
0.00
0.00
0.00
0.00
0.00
0.00
0.00
0.00
0.00
0.00
0.00
0.00
0.00
0.00
0.00
0.00
1.00
1.00
0.00
0.00
0.00
0.00
0.00
0.00
0.00
1.00
0.00
0.00
0.00
0.00
0.00
0.00
0.00
50.60
5.60
46.00
25.60
0.00
0.00
0.00
0.20
0.10
0.00
0.00
0.00
0.00
0.00
0.00
0.00
0.00
0.00
0.00
0.50
1.90
1.40
3.40
0.00
0.00
34.00
0.00
0.00
0.00
0.70
0.20
0.00
4.90
0.00
128.20
27.80
40.50
0.00
45.80
18.10
52.30
5.00
3.80
15.80
0.00
0.00
3.40
0.00
0.00
38.50
55.90
3.00
0.00
0.00
0.00
1.20
0.80
0.00
0.00
0.00
0.00
5.30
19.40
27.80
62.20
62.20
4.00
32.00
125.10
5.50
6.40
32.10
29.90
52.50
17.20
24.70
30.50
36.60
5.70
17.60
6.90
21.50
44.20
0.00
0.00
26.40
39.40
39.40
14.30
5.00
7.40
0.40
0.00
0.00
22.00
2.50
6.40
12.40
24.00
9.90
0.80
1.50
4.80
0.40
7.70
1.70
0.00
0.00
51.00
79.50
14.50
13.00
8.70
0.90
13.00
25.40
35.60
6.50
0.00
13.40
168.70
72.80
88.60
91.20
0.40
47.80
7.00
20.30
2.30
22.60
17.20
15.00
16.40
19.30
13.20
13.20
81.40
81.40
35.20
18.30
18.30
0.40
1.10
18.30
18.30
18.30
35.40
71.40
32.30
7.90
37.30
8.50
2.90
3.30
1.10
20.70
10.20
3.70
63.00
4.60
0.70
2.20
1.50
18.00
3.70
12.60
3.70
0.00
3.10
9.80
17.80
20.10
9.60
1.80
0.00
0.20
2.10
8.20
24.10
18.90
27.20
1.70
4.50
6.00
1.20
0.10
1.40
2.00
1.10
3.40
5.50
17.60
7.60
48.70
15.90
7.00
1.40
10.20
1.70
11.60
23.40
0.10
2.60
3.80
0.00
0.00
0.00
0.00
3.40
47.20
29.80
17.00
23.40
0.00
7.70
5.70
26.40
9.60
9.60
65.20
11.70
1.50
0.00
0.00
0.20
0.00
27.10
2.20
0.00
0.00
0.00
0.00
1.00
0.00
0.00
0.00
0.00
0.00
4.90
0.30
0.20
3.00
11.70
41.50
