20160101
0.00
0.00
0.00
0.00
0.00
0.00
0.00
0.00
0.00
0.00
0.00
0.00
1.00
0.00
0.00
0.00
0.00
0.00
0.00
0.00
0.00
0.00
0.00
0.00
0.00
34.00
108.00
0.00
0.00
0.00
0.00
0.00
0.00
0.00
0.00
0.00
0.00
0.00
11.00
65.00
0.00
0.00
0.00
0.00
0.00
0.00
0.00
0.00
0.00
0.00
0.00
1.00
0.00
0.00
0.00
0.00
16.00
0.00
0.00
0.00
0.00
0.00
5.00
25.00
0.00
3.00
0.00
49.00
0.00
6.00
0.00
0.00
31.00
1.00
2.00
2.00
0.00
0.00
0.00
1.00
21.00
0.00
0.00
0.00
0.00
0.00
26.00
209.00
32.00
50.00
83.00
21.00
0.00
3.00
16.00
101.00
7.00
16.00
67.00
0.00
0.00
14.00
0.00
2.00
141.00
26.00
185.00
220.00
65.00
127.00
49.00
7.00
0.00
73.00
39.00
0.00
77.00
41.00
119.00
40.00
319.00
55.00
91.00
10.00
20.00
0.00
6.00
2.00
13.00
0.00
1.00
67.00
6.00
34.00
19.00
98.00
377.00
241.00
58.00
45.00
145.00
621.00
2.00
0.00
0.00
3.00
1.00
41.00
6.00
66.00
0.00
79.00
34.00
0.00
0.00
267.00
68.00
122.00
72.00
24.00
27.00
147.00
4.00
17.00
7.00
0.00
61.00
109.00
1092.00
13.00
0.00
16.00
1.00
2.00
2.00
27.00
79.00
1.00
150.00
36.00
60.00
11.00
220.00
131.00
185.00
154.00
5.00
45.00
18.00
33.00
86.00
8.00
61.00
7.00
3.00
34.00
92.00
3.00
0.00
2.00
7.00
10.00
51.00
48.00
43.00
24.00
116.00
66.00
29.00
25.00
37.00
412.00
16.00
5.00
0.00
23.00
141.00
105.00
180.00
29.00
199.00
61.00
44.00
282.00
317.00
23.00
351.00
55.00
57.00
11.00
20.00
3.00
130.00
122.00
10.00
9.00
5.00
167.00
0.00
26.00
98.00
474.00
103.00
26.00
2.00
18.00
224.00
63.00
115.00
18.00
37.00
3.00
21.00
52.00
50.00
195.00
60.00
55.00
0.00
440.00
347.00
52.00
63.00
199.00
177.00
4.00
19.00
44.00
65.00
9.00
0.00
28.00
149.00
107.00
263.00
0.00
0.00
0.00
0.00
262.00
87.00
0.00
40.00
142.00
13.00
37.00
0.00
0.00
0.00
0.00
0.00
0.00
0.00
0.00
0.00
0.00
0.00
0.00
0.00
0.00
66.00
0.00
0.00
0.00
0.00
0.00
0.00
9.00
31.00
199.00
317.00
89.00
0.00
0.00
0.00
0.00
0.00
0.00
0.00
0.00
0.00
0.00
0.00
0.00
0.00
0.00
0.00
0.00
0.00
0.00
0.00
0.00
0.00
0.00
0.00
14.00
0.00
0.00
0.00
0.00
0.00
0.00
0.00
0.00
0.00
0.00
0.00
0.00
0.00
0.00
0.00
0.00
0.00
0.00
0.00
0.00
0.00
0.00
0.00
0.00
153.00
0.00
0.00
0.00
0.00
0.00
0.00
0.00
228.00
26.00
0.00
0.00
0.00
0.00
0.00
1.00
0.00
0.00
0.00
0.00
0.00
0.00
0.00
0.00
0.00
0.00
0.00
0.00
0.00
0.00
0.00
0.00
13.00
0.00
0.00
0.00
0.00
0.00
0.00
0.00
0.00
0.00
0.00
0.00
0.00
0.00
0.00
0.00
0.00
0.00
0.00
0.00
0.00
0.00
0.00
0.00
0.00
0.00
4.00
0.00
0.00
0.00
0.00
0.00
0.00
0.00
0.00
0.00
29.00
4.00
0.00
0.00
104.00
3.00
527.00
75.00
13.00
0.00
0.00
0.00
0.00
5.00
212.00
38.00
162.00
0.00
0.00
0.00
0.00
31.00
13.00
0.00
41.00
91.00
173.00
218.00
297.00
458.00
1002.00
244.00
2.00
0.00
14.00
65.00
3.00
0.00
0.00
0.00
0.00
0.00
98.00
6.00
0.00
0.00
99.00
1.00
16.00
18.00
3.00
0.00
10.00
30.00
43.00
54.00
0.00
124.00
6.00
0.00
11.00
3.00
79.00
184.00
0.00
27.00
139.00
7.00
1.00
0.00
15.00
34.00
17.00
41.00
11.00
42.00
9.00
136.00
16.00
69.00
79.00
69.00
56.00
128.00
52.00
86.00
101.00
630.00
3.00
118.00
454.00
54.00
0.00
0.00
0.00
0.00
856.00
33.00
223.00
319.00
88.00
13.00
18.00
0.00
59.00
153.00
84.00
98.00
0.00
1.00
41.00
78.00
146.00
27.00
150.00
95.00
107.00
48.00
653.00
79.00
42.00
78.00
110.00
276.00
66.00
13.00
59.00
155.00
141.00
64.00
47.00
66.00
60.00
60.00
67.00
5.00
106.00
277.00
15.00
4.00
84.00
219.00
6.00
36.00
18.00
56.00
133.00
67.00
101.00
4.00
3.00
16.00
109.00
117.00
42.00
62.00
19.00
4.00
5.00
80.00
320.00
181.00
20.00
3.00
22.00
39.00
75.00
30.00
6.00
76.00
48.00
1.00
37.00
4.00
371.00
170.00
11.00
161.00
14.00
16.00
59.00
19.00
1.00
33.00
29.00
0.00
0.00
89.00
2.00
0.00
1.00
237.00
21.00
0.00
0.00
7.00
3.00
73.00
2.00
43.00
33.00
0.00
0.00
117.00
64.00
3.00
239.00
210.00
203.00
162.00
71.00
0.00
71.00
22.00
0.00
0.00
660.00
8.00
38.00
97.00
0.00
218.00
95.00
0.00
1.00
0.00
0.00
5.00
9.00
39.00
424.00
870.00
0.00
0.00
0.00
0.00
0.00
0.00
1.00
552.00
1096.00
0.00
0.00
0.00
0.00
0.00
0.00
0.00
0.00
0.00
0.00
0.00
0.00
0.00
0.00
4.00
109.00
15.00
1.00
0.00
0.00
0.00
0.00
0.00
0.00
0.00
0.00
0.00
0.00
0.00
0.00
0.00
0.00
0.00
0.00
0.00
0.00
0.00
3.00
2.00
4.00
66.00
0.00
0.00
0.00
0.00
0.00
0.00
0.00
0.00
14.00
1.00
0.00
0.00
0.00
0.00
0.00
0.00
0.00
0.00
0.00
0.00
46.00
131.00
84.00
104.00
0.00
0.00
0.00
0.00
0.00
0.00
0.00
0.00
0.00
0.00
0.00
0.00
0.00
0.00
0.00
0.00
0.00
0.00
0.00
0.00
0.00
0.00
0.00
0.00
0.00
0.00
0.00
0.00
0.00
0.00
0.00
0.00
0.00
1.00
1.00
4.00
0.00
10.00
11.00
0.00
0.00
6.00
0.00
0.00
0.00
0.00
0.00
0.00
0.00
0.00
17.00
0.00
69.00
57.00
0.00
0.00
0.00
15.00
0.00
0.00
235.00
2.00
0.00
0.00
0.00
0.00
17.00
40.00
1.00
0.00
0.00
60.00
92.00
36.00
0.00
0.00
0.00
0.00
9.00
0.00
0.00
27.00
8.00
0.00
63.00
205.00
10.00
12.00
12.00
0.00
0.00
9.00
2.00
2.00
31.00
16.00
18.00
13.00
279.00
158.00
28.00
0.00
0.00
40.00
51.00
51.00
17.00
18.00
1.00
0.00
0.00
8.00
4.00
35.00
243.00
44.00
53.00
170.00
71.00
24.00
108.00
7.00
110.00
69.00
1.00
741.00
208.00
18.00
0.00
84.00
0.00
59.00
0.00
0.00
16.00
15.00
0.00
0.00
4.00
6.00
19.00
39.00
2.00
5.00
19.00
1.00
0.00
10.00
0.00
159.00
31.00
46.00
0.00
216.00
0.00
100.00
217.00
256.00
202.00
810.00
523.00
440.00
12.00
41.00
0.00
0.00
0.00
2.00
1.00
0.00
34.00
5.00
71.00
34.00
58.00
4.00
0.00
1.00
16.00
30.00
98.00
127.00
7.00
4.00
47.00
3.00
8.00
4.00
278.00
175.00
56.00
52.00
68.00
84.00
43.00
3.00
5.00
187.00
100.00
40.00
64.00
68.00
150.00
61.00
86.00
81.00
108.00
161.00
568.00
292.00
10.00
1.00
164.00
95.00
12.00
82.00
93.00
3.00
20.00
49.00
16.00
89.00
7.00
69.00
228.00
12.00
21.00
31.00
166.00
34.00
0.00
84.00
40.00
88.00
307.00
38.00
35.00
1.00
0.00
36.00
30.00
9.00
2.00
63.00
1.00
42.00
0.00
3.00
56.00
2.00
1.00
57.00
2.00
24.00
0.00
0.00
0.00
65.00
124.00
23.00
73.00
24.00
0.00
18.00
0.00
6.00
6.00
19.00
6.00
0.00
0.00
0.00
0.00
0.00
0.00
0.00
0.00
12.00
0.00
8.00
62.00
159.00
130.00
13.00
0.00
0.00
0.00
0.00
0.00
0.00
0.00
0.00
0.00
0.00
0.00
0.00
38.00
53.00
68.00
44.00
0.00
0.00
0.00
0.00
0.00
0.00
24.00
0.00
0.00
0.00
0.00
0.00
0.00
0.00
0.00
0.00
0.00
0.00
0.00
0.00
0.00
0.00
0.00
0.00
0.00
0.00
0.00
0.00
0.00
0.00
0.00
0.00
0.00
0.00
0.00
0.00
0.00
0.00
0.00
0.00
0.00
0.00
0.00
0.00
0.00
0.00
12.00
178.00
843.00
0.00
0.00
0.00
0.00
0.00
0.00
0.00
0.00
0.00
0.00
0.00
0.00
0.00
0.00
0.00
0.00
0.00
0.00
0.00
0.00
0.00
0.00
0.00
0.00
0.00
0.00
0.00
0.00
0.00
0.00
0.00
0.00
0.00
0.00
0.00
0.00
0.00
0.00
0.00
0.00
0.00
0.00
0.00
0.00
0.00
0.00
0.00
0.00
0.00
0.00
0.00
1.00
0.00
0.00
0.00
0.00
4.00
0.00
1.00
3.00
0.00
0.00
0.00
0.00
0.00
0.00
0.10
0.00
15.00
1.20
56.10
64.10
0.00
0.00
0.00
0.00
0.00
0.00
0.00
0.00
0.00
0.00
0.00
0.00
0.00
0.00
0.00
0.50
7.90
20.20
27.30
0.00
7.00
3.90
0.00
0.00
0.00
11.50
26.20
0.00
0.00
0.20
36.40
17.50
33.90
0.00
7.40
10.10
10.60
26.20
10.20
14.20
0.10
0.00
0.00
0.20
17.30
3.50
2.20
9.30
7.50
0.50
15.00
0.00
4.80
0.00
0.00
0.00
0.00
0.40
24.90
3.40
0.20
0.20
0.10
38.50
79.80
2.10
0.00
2.80
7.60
16.60
17.40
31.20
3.80
3.80
0.60
11.60
0.00
3.20
14.90
0.00
0.00
1.40
5.20
5.20
0.60
1.10
1.60
7.40
0.00
0.30
0.80
17.70
0.00
0.60
3.10
1.60
0.20
0.90
5.30
0.10
0.20
1.90
0.00
1.80
7.90
33.80
4.60
0.80
5.20
4.30
10.70
14.60
5.30
0.50
0.40
1.10
0.40
33.80
11.50
5.50
0.00
7.30
6.10
3.60
5.50
12.10
35.10
45.30
23.50
6.80
7.30
7.30
31.10
31.10
5.40
0.20
0.20
0.20
0.00
0.20
0.20
0.20
0.70
0.80
1.80
7.40
23.50
23.60
24.60
10.90
0.10
7.10
7.30
7.10
43.20
13.20
1.20
0.30
2.10
20.20
13.20
1.90
0.60
0.10
18.40
6.70
0.40
5.80
0.20
0.70
0.40
0.10
0.80
0.20
12.70
11.60
1.30
3.80
45.50
67.10
15.30
3.20
0.40
6.80
1.80
3.50
4.30
4.10
9.50
2.50
5.30
0.70
2.20
6.30
7.70
5.40
2.20
0.70
1.60
5.70
0.80
1.80
0.20
4.60
9.60
53.80
10.40
18.70
9.10
7.10
0.00
0.70
10.40
7.70
7.70
7.30
0.00
0.00
1.70
23.80
17.00
6.60
2.00
0.00
0.00
0.00
0.00
0.00
6.30
0.20
0.00
0.00
0.00
0.40
2.40
0.20
0.90
0.10
0.70
6.20
