20160101
0.00
0.00
0.00
0.00
0.00
0.00
0.00
0.00
0.00
0.00
0.00
0.00
0.00
0.00
0.00
0.00
0.00
0.00
99.00
2.00
0.00
0.00
0.00
0.00
0.00
16.00
0.00
0.00
0.00
0.00
0.00
0.00
0.00
0.00
0.00
0.00
0.00
2.00
82.00
0.00
0.00
0.00
0.00
0.00
0.00
0.00
0.00
0.00
0.00
0.00
19.00
0.00
0.00
0.00
0.00
0.00
3.00
0.00
0.00
0.00
0.00
0.00
0.00
0.00
0.00
2.00
0.00
0.00
0.00
0.00
0.00
0.00
21.00
10.00
0.00
0.00
0.00
0.00
0.00
3.00
0.00
0.00
0.00
0.00
0.00
1.00
32.00
86.00
0.00
4.00
551.00
16.00
0.00
0.00
0.00
168.00
0.00
2.00
0.00
0.00
0.00
0.00
0.00
0.00
0.00
0.00
2.00
95.00
49.00
0.00
3.00
0.00
0.00
0.00
0.00
0.00
0.00
50.00
78.00
17.00
13.00
137.00
21.00
0.00
332.00
0.00
24.00
265.00
7.00
28.00
298.00
3.00
144.00
90.00
246.00
279.00
4.00
85.00
497.00
75.00
72.00
37.00
2.00
0.00
213.00
21.00
0.00
48.00
1.00
0.00
0.00
0.00
0.00
0.00
0.00
0.00
3.00
7.00
47.00
0.00
12.00
0.00
208.00
10.00
0.00
232.00
1200.00
458.00
43.00
2.00
35.00
24.00
418.00
69.00
578.00
276.00
191.00
96.00
44.00
17.00
52.00
66.00
76.00
213.00
233.00
39.00
147.00
24.00
28.00
67.00
55.00
67.00
72.00
23.00
7.00
37.00
71.00
187.00
295.00
160.00
141.00
203.00
763.00
85.00
139.00
183.00
427.00
93.00
136.00
353.00
237.00
45.00
111.00
408.00
248.00
95.00
60.00
91.00
19.00
50.00
116.00
29.00
69.00
13.00
20.00
4.00
100.00
179.00
12.00
104.00
16.00
0.00
3.00
68.00
3.00
13.00
2.00
62.00
8.00
2.00
33.00
38.00
19.00
438.00
25.00
640.00
31.00
24.00
0.00
1.00
6.00
5.00
1.00
23.00
43.00
4.00
209.00
19.00
18.00
185.00
61.00
104.00
134.00
25.00
289.00
75.00
109.00
36.00
488.00
10.00
17.00
92.00
529.00
38.00
0.00
4.00
14.00
6.00
18.00
17.00
31.00
32.00
206.00
156.00
86.00
71.00
0.00
0.00
0.00
0.00
0.00
0.00
0.00
0.00
0.00
0.00
0.00
0.00
0.00
0.00
7.00
0.00
0.00
0.00
0.00
0.00
0.00
0.00
3.00
12.00
0.00
0.00
0.00
0.00
0.00
0.00
0.00
0.00
0.00
0.00
0.00
0.00
0.00
0.00
0.00
0.00
0.00
0.00
0.00
0.00
0.00
0.00
0.00
0.00
0.00
0.00
0.00
0.00
0.00
0.00
0.00
0.00
0.00
0.00
0.00
0.00
0.00
0.00
0.00
0.00
0.00
0.00
0.00
0.00
0.00
0.00
0.00
0.00
0.00
0.00
242.00
0.00
0.00
0.00
0.00
0.00
2.00
0.00
0.00
0.00
0.00
0.00
0.00
0.00
0.00
257.00
0.00
0.00
0.00
0.00
0.00
0.00
0.00
0.00
0.00
0.00
0.00
0.00
0.00
0.00
0.00
35.00
98.00
45.00
0.00
0.00
0.00
0.00
0.00
0.00
0.00
0.00
0.00
0.00
0.00
0.00
0.00
0.00
2.00
0.00
0.00
0.00
0.00
0.00
0.00
0.00
0.00
0.00
0.00
0.00
0.00
0.00
0.00
0.00
0.00
0.00
0.00
1.00
1.00
0.00
0.00
0.00
91.00
2.00
144.00
25.00
0.00
0.00
0.00
0.00
0.00
9.00
58.00
46.00
139.00
0.00
0.00
0.00
2.00
222.00
0.00
36.00
418.00
0.00
0.00
0.00
198.00
2.00
304.00
6.00
209.00
10.00
10.00
35.00
0.00
0.00
0.00
0.00
0.00
0.00
635.00
2.00
0.00
0.00
478.00
85.00
336.00
330.00
6.00
325.00
0.00
0.00
1.00
139.00
0.00
279.00
0.00
0.00
561.00
225.00
15.00
135.00
0.00
59.00
1312.00
3.00
4.00
2.00
53.00
371.00
304.00
0.00
10.00
560.00
28.00
170.00
89.00
180.00
0.00
1.00
205.00
311.00
3.00
2.00
171.00
70.00
81.00
33.00
124.00
45.00
0.00
248.00
1.00
29.00
122.00
72.00
2.00
40.00
449.00
104.00
147.00
3.00
249.00
2.00
837.00
184.00
135.00
20.00
152.00
39.00
22.00
5.00
7.00
70.00
27.00
27.00
149.00
722.00
84.00
364.00
120.00
37.00
24.00
49.00
140.00
530.00
241.00
119.00
118.00
27.00
52.00
30.00
115.00
89.00
153.00
165.00
9.00
22.00
108.00
243.00
117.00
231.00
34.00
23.00
73.00
429.00
23.00
4.00
103.00
166.00
20.00
62.00
73.00
18.00
20.00
32.00
348.00
904.00
1615.00
450.00
114.00
110.00
91.00
12.00
124.00
41.00
77.00
78.00
70.00
140.00
61.00
25.00
15.00
843.00
222.00
26.00
10.00
38.00
102.00
150.00
332.00
78.00
3.00
10.00
8.00
26.00
171.00
421.00
680.00
35.00
8.00
37.00
211.00
7.00
24.00
254.00
33.00
73.00
229.00
2.00
1.00
89.00
43.00
3.00
1.00
5.00
161.00
426.00
76.00
25.00
117.00
79.00
5.00
1.00
12.00
58.00
24.00
20.00
2.00
0.00
10.00
67.00
3.00
1.00
0.00
0.00
0.00
3.00
695.00
491.00
0.00
0.00
0.00
0.00
0.00
0.00
0.00
0.00
126.00
0.00
0.00
0.00
0.00
0.00
0.00
0.00
0.00
0.00
0.00
0.00
0.00
0.00
0.00
0.00
9.00
81.00
0.00
0.00
0.00
0.00
0.00
0.00
0.00
0.00
0.00
0.00
0.00
0.00
0.00
0.00
0.00
0.00
0.00
0.00
0.00
0.00
0.00
0.00
0.00
0.00
0.00
0.00
0.00
0.00
0.00
0.00
0.00
1.00
0.00
0.00
0.00
0.00
0.00
0.00
0.00
0.00
0.00
0.00
0.00
0.00
0.00
0.00
0.00
0.00
0.00
0.00
0.00
0.00
0.00
0.00
0.00
0.00
0.00
0.00
0.00
0.00
0.00
0.00
0.00
0.00
0.00
0.00
0.00
0.00
0.00
0.00
0.00
0.00
0.00
0.00
0.00
0.00
0.00
0.00
0.00
0.00
0.00
7.00
865.00
3.00
0.00
57.00
33.00
219.00
487.00
406.00
0.00
0.00
0.00
0.00
0.00
0.00
0.00
0.00
0.00
0.00
53.00
120.00
0.00
0.00
0.00
0.00
0.00
0.00
2.00
0.00
0.00
0.00
0.00
0.00
0.00
11.00
1.00
0.00
0.00
0.00
12.00
0.00
0.00
0.00
0.00
0.00
0.00
0.00
0.00
0.00
0.00
0.00
291.00
798.00
81.00
0.00
4.00
0.00
0.00
76.00
0.00
2.00
7.00
192.00
0.00
50.00
46.00
0.00
15.00
0.00
0.00
137.00
0.00
1.00
170.00
0.00
0.00
0.00
56.00
20.00
10.00
27.00
9.00
20.00
124.00
1.00
266.00
25.00
352.00
0.00
23.00
95.00
0.00
528.00
252.00
32.00
2.00
0.00
0.00
290.00
5.00
0.00
0.00
0.00
0.00
0.00
0.00
0.00
176.00
205.00
93.00
175.00
90.00
5.00
7.00
4.00
60.00
0.00
3.00
0.00
0.00
0.00
44.00
5.00
51.00
129.00
9.00
4.00
486.00
512.00
106.00
8.00
117.00
38.00
95.00
0.00
18.00
15.00
5.00
117.00
23.00
5.00
8.00
24.00
0.00
0.00
273.00
211.00
18.00
9.00
2.00
1.00
6.00
2.00
3.00
10.00
6.00
47.00
37.00
92.00
55.00
32.00
18.00
35.00
59.00
221.00
60.00
5.00
61.00
90.00
4.00
32.00
12.00
54.00
19.00
61.00
72.00
735.00
306.00
11.00
25.00
170.00
151.00
41.00
8.00
16.00
24.00
113.00
388.00
54.00
23.00
269.00
74.00
114.00
5.00
279.00
108.00
8.00
31.00
138.00
261.00
36.00
11.00
137.00
32.00
11.00
55.00
58.00
4.00
74.00
22.00
80.00
110.00
2.00
4.00
21.00
17.00
851.00
609.00
664.00
295.00
106.00
31.00
15.00
8.00
8.00
56.00
65.00
8.00
2.00
1.00
17.00
3.00
41.00
0.00
35.00
0.00
0.00
0.00
0.00
0.00
0.00
0.00
0.00
0.00
0.00
0.00
5.00
479.00
32.00
0.00
0.00
0.00
0.00
0.00
0.00
0.00
0.00
0.00
0.00
0.00
0.00
0.00
0.00
0.00
0.00
0.00
6.00
0.00
0.00
0.00
0.00
152.00
0.00
0.00
0.00
0.00
0.00
0.00
0.00
0.00
0.00
0.00
0.00
0.00
0.00
0.00
0.00
0.00
0.00
0.00
0.00
0.00
0.00
0.00
0.00
0.00
0.00
0.00
0.00
0.00
0.00
0.00
19.00
0.00
0.00
0.00
0.00
0.00
0.00
0.00
0.00
0.00
0.00
7.00
511.00
690.00
0.00
0.00
0.00
0.00
0.00
0.00
0.00
0.00
0.00
0.00
0.00
0.00
0.00
0.00
0.00
0.00
0.00
0.00
0.00
0.00
0.00
0.00
0.00
0.00
0.00
0.00
0.00
0.00
0.00
0.00
0.00
0.00
0.00
0.00
0.00
0.00
0.00
0.00
5.00
5.00
0.00
0.00
0.00
0.00
0.00
0.00
0.00
0.00
0.00
0.00
0.00
45.00
3.00
0.00
0.00
1.00
0.00
4.00
10.00
21.00
0.00
0.00
0.00
0.00
0.00
0.00
0.00
0.30
3.20
0.00
21.60
16.00
0.00
0.00
0.00
0.00
0.00
0.00
0.00
0.00
0.00
0.00
0.00
0.00
0.00
1.20
0.40
0.00
0.00
11.90
0.00
0.00
0.00
0.00
0.00
0.00
0.00
11.20
0.00
0.00
28.10
0.00
89.50
1.60
4.80
0.00
4.90
126.40
10.20
0.60
21.40
30.30
0.00
0.00
0.00
6.00
24.70
43.70
35.20
0.20
0.00
0.00
0.00
0.20
0.00
0.00
0.00
0.00
0.10
0.00
44.80
0.80
3.60
3.60
3.90
61.00
82.70
0.00
0.00
0.00
0.00
0.00
0.00
54.20
50.60
7.50
20.90
8.10
4.80
29.40
42.60
10.50
10.50
16.90
55.10
55.10
7.20
0.60
4.50
77.60
7.70
18.70
14.30
13.30
4.10
22.30
2.20
0.50
0.50
0.10
0.00
0.00
0.00
20.80
3.50
0.20
3.30
15.20
13.10
199.80
1.90
0.30
4.90
11.60
0.60
0.00
0.10
0.00
61.50
54.50
73.20
16.30
12.90
23.40
3.60
2.00
1.30
0.50
1.40
23.60
36.90
97.50
81.30
81.30
84.40
84.40
34.40
5.20
5.20
3.40
3.90
5.20
5.20
5.20
12.90
74.10
223.80
32.50
6.00
19.80
14.30
8.00
8.80
3.90
4.60
2.80
9.60
5.80
12.40
21.10
48.20
33.90
7.40
4.30
17.10
1.70
69.40
7.40
11.70
3.40
33.00
3.30
1.80
2.10
2.80
2.90
35.10
16.40
5.90
1.10
1.20
1.50
39.20
4.20
5.10
27.80
3.60
11.60
13.20
10.20
2.40
0.30
3.10
1.20
0.50
18.20
4.80
3.40
12.00
0.30
40.60
38.90
4.00
0.40
1.40
8.40
2.90
17.60
34.40
33.20
37.10
1.40
9.70
24.80
38.60
81.70
81.70
0.00
3.60
0.80
5.20
3.20
54.60
31.00
5.20
0.00
0.00
0.00
0.00
0.00
0.20
0.30
0.00
0.00
1.50
0.70
0.00
0.10
0.00
0.30
22.80
128.40
