20160101
0.00
0.00
0.00
0.00
0.00
0.00
0.00
0.00
47.00
0.00
0.00
0.00
1.00
0.00
0.00
0.00
0.00
0.00
2.00
90.00
0.00
0.00
0.00
0.00
0.00
0.00
0.00
0.00
0.00
0.00
0.00
0.00
0.00
0.00
0.00
0.00
0.00
6.00
6.00
0.00
0.00
33.00
0.00
0.00
0.00
0.00
0.00
0.00
0.00
0.00
0.00
1.00
0.00
4.00
3.00
0.00
1.00
0.00
2.00
0.00
0.00
0.00
0.00
0.00
0.00
28.00
0.00
0.00
0.00
0.00
0.00
0.00
14.00
3.00
0.00
0.00
2.00
0.00
7.00
5.00
18.00
0.00
0.00
0.00
0.00
0.00
325.00
272.00
59.00
88.00
119.00
3.00
0.00
4.00
29.00
482.00
60.00
493.00
131.00
0.00
0.00
101.00
534.00
266.00
571.00
359.00
682.00
219.00
270.00
586.00
311.00
318.00
146.00
1540.00
375.00
63.00
260.00
404.00
237.00
236.00
376.00
384.00
95.00
49.00
96.00
7.00
100.00
34.00
10.00
22.00
0.00
39.00
77.00
181.00
50.00
769.00
1044.00
685.00
297.00
31.00
46.00
465.00
5.00
0.00
5.00
4.00
0.00
5.00
27.00
0.00
11.00
116.00
0.00
0.00
0.00
67.00
0.00
378.00
760.00
191.00
4.00
126.00
12.00
2.00
0.00
102.00
195.00
34.00
93.00
1.00
26.00
26.00
70.00
365.00
499.00
19.00
33.00
99.00
172.00
7.00
35.00
35.00
0.00
68.00
59.00
14.00
33.00
23.00
33.00
60.00
196.00
58.00
20.00
1.00
1.00
15.00
67.00
124.00
7.00
1.00
53.00
71.00
12.00
25.00
50.00
12.00
108.00
7.00
14.00
67.00
27.00
133.00
55.00
12.00
0.00
66.00
282.00
243.00
85.00
29.00
103.00
13.00
7.00
6.00
111.00
182.00
172.00
74.00
8.00
35.00
7.00
0.00
49.00
31.00
1.00
1.00
0.00
324.00
4.00
9.00
41.00
118.00
352.00
606.00
534.00
70.00
14.00
3.00
249.00
103.00
60.00
47.00
1.00
45.00
142.00
186.00
209.00
46.00
13.00
3.00
103.00
11.00
43.00
224.00
189.00
110.00
12.00
18.00
452.00
3.00
0.00
448.00
0.00
15.00
4.00
42.00
0.00
105.00
0.00
6.00
12.00
172.00
57.00
77.00
8.00
0.00
0.00
0.00
0.00
0.00
0.00
0.00
0.00
0.00
0.00
0.00
0.00
22.00
0.00
0.00
50.00
0.00
0.00
0.00
0.00
0.00
0.00
1.00
83.00
338.00
246.00
0.00
0.00
0.00
0.00
0.00
0.00
0.00
0.00
0.00
0.00
0.00
0.00
0.00
0.00
0.00
0.00
0.00
0.00
0.00
0.00
0.00
0.00
0.00
0.00
23.00
1.00
0.00
0.00
0.00
0.00
0.00
0.00
0.00
0.00
0.00
0.00
0.00
0.00
0.00
0.00
0.00
0.00
0.00
0.00
0.00
0.00
0.00
0.00
0.00
0.00
0.00
0.00
0.00
0.00
0.00
0.00
0.00
0.00
0.00
0.00
0.00
0.00
0.00
0.00
0.00
0.00
0.00
0.00
0.00
0.00
0.00
0.00
0.00
0.00
0.00
0.00
0.00
0.00
0.00
0.00
2.00
22.00
0.00
0.00
0.00
0.00
0.00
0.00
0.00
0.00
0.00
0.00
0.00
0.00
0.00
0.00
0.00
0.00
0.00
0.00
0.00
0.00
0.00
0.00
0.00
75.00
483.00
1724.00
0.00
0.00
0.00
0.00
0.00
0.00
0.00
0.00
0.00
2.00
338.00
0.00
0.00
112.00
0.00
525.00
10.00
0.00
0.00
0.00
0.00
0.00
162.00
344.00
29.00
139.00
0.00
0.00
0.00
2.00
129.00
0.00
92.00
11.00
226.00
217.00
761.00
1428.00
1380.00
1430.00
68.00
5.00
0.00
91.00
54.00
165.00
13.00
0.00
0.00
0.00
0.00
301.00
0.00
0.00
40.00
266.00
124.00
145.00
6.00
0.00
4.00
930.00
260.00
143.00
80.00
183.00
312.00
20.00
0.00
23.00
9.00
509.00
390.00
6.00
6.00
20.00
0.00
39.00
0.00
4.00
57.00
133.00
15.00
0.00
225.00
56.00
164.00
86.00
114.00
6.00
276.00
465.00
171.00
0.00
3.00
120.00
561.00
35.00
289.00
434.00
128.00
0.00
0.00
1.00
26.00
18.00
104.00
296.00
375.00
219.00
152.00
204.00
0.00
160.00
1130.00
430.00
234.00
0.00
351.00
103.00
76.00
470.00
54.00
45.00
55.00
53.00
40.00
470.00
118.00
19.00
27.00
137.00
101.00
17.00
41.00
18.00
71.00
37.00
43.00
115.00
3.00
0.00
328.00
46.00
1.00
68.00
176.00
5.00
20.00
21.00
41.00
0.00
49.00
1.00
28.00
56.00
56.00
171.00
13.00
6.00
39.00
151.00
85.00
107.00
14.00
46.00
19.00
71.00
523.00
1234.00
775.00
175.00
7.00
40.00
30.00
347.00
29.00
3.00
33.00
61.00
79.00
139.00
4.00
102.00
109.00
9.00
45.00
0.00
5.00
63.00
61.00
155.00
222.00
63.00
0.00
0.00
0.00
480.00
652.00
734.00
30.00
0.00
50.00
119.00
7.00
0.00
80.00
7.00
45.00
127.00
10.00
14.00
32.00
126.00
0.00
20.00
46.00
334.00
128.00
136.00
182.00
2.00
0.00
38.00
23.00
73.00
31.00
706.00
3.00
36.00
6.00
115.00
130.00
99.00
81.00
0.00
12.00
52.00
751.00
374.00
1554.00
0.00
0.00
0.00
0.00
0.00
0.00
0.00
22.00
346.00
0.00
0.00
0.00
0.00
0.00
0.00
0.00
0.00
0.00
0.00
0.00
0.00
0.00
2.00
58.00
370.00
64.00
9.00
0.00
0.00
0.00
0.00
0.00
0.00
0.00
0.00
0.00
0.00
0.00
0.00
0.00
0.00
0.00
0.00
0.00
0.00
0.00
0.00
12.00
299.00
157.00
0.00
0.00
0.00
0.00
0.00
0.00
0.00
0.00
32.00
0.00
0.00
0.00
0.00
0.00
0.00
0.00
0.00
0.00
0.00
0.00
0.00
291.00
3.00
119.00
0.00
0.00
0.00
0.00
0.00
0.00
0.00
0.00
0.00
0.00
0.00
0.00
0.00
0.00
0.00
0.00
0.00
0.00
0.00
0.00
0.00
0.00
0.00
0.00
0.00
0.00
0.00
0.00
0.00
0.00
0.00
0.00
0.00
0.00
31.00
7.00
175.00
3.00
13.00
0.00
0.00
0.00
0.00
0.00
0.00
0.00
0.00
9.00
0.00
0.00
9.00
0.00
290.00
452.00
0.00
0.00
0.00
0.00
0.00
0.00
0.00
0.00
0.00
0.00
0.00
0.00
0.00
49.00
4.00
0.00
299.00
148.00
12.00
0.00
0.00
0.00
0.00
0.00
0.00
2.00
0.00
34.00
3.00
1.00
223.00
463.00
59.00
0.00
2.00
8.00
0.00
1.00
0.00
22.00
14.00
20.00
366.00
153.00
53.00
22.00
62.00
1.00
7.00
1.00
1.00
3.00
76.00
75.00
9.00
0.00
1.00
14.00
5.00
4.00
225.00
30.00
314.00
29.00
115.00
0.00
17.00
8.00
114.00
191.00
151.00
405.00
244.00
177.00
34.00
11.00
0.00
43.00
0.00
0.00
0.00
0.00
0.00
0.00
0.00
1.00
99.00
1004.00
515.00
26.00
108.00
2.00
8.00
32.00
0.00
0.00
0.00
10.00
5.00
10.00
27.00
1.00
61.00
88.00
78.00
1707.00
1747.00
762.00
198.00
2.00
462.00
0.00
0.00
0.00
187.00
229.00
103.00
204.00
8.00
31.00
17.00
1.00
2.00
38.00
148.00
298.00
384.00
383.00
9.00
0.00
67.00
57.00
12.00
0.00
172.00
74.00
103.00
117.00
86.00
75.00
41.00
10.00
12.00
119.00
140.00
28.00
48.00
119.00
123.00
177.00
4.00
150.00
31.00
98.00
147.00
69.00
8.00
2.00
14.00
165.00
14.00
243.00
44.00
10.00
11.00
39.00
11.00
58.00
24.00
190.00
247.00
8.00
5.00
8.00
49.00
12.00
8.00
9.00
119.00
70.00
188.00
31.00
3.00
8.00
0.00
0.00
1.00
85.00
43.00
85.00
0.00
0.00
0.00
0.00
36.00
126.00
216.00
811.00
275.00
12.00
0.00
17.00
22.00
74.00
159.00
10.00
19.00
1.00
1.00
6.00
0.00
43.00
24.00
0.00
0.00
0.00
0.00
0.00
0.00
0.00
0.00
0.00
0.00
0.00
0.00
34.00
16.00
230.00
326.00
0.00
0.00
0.00
0.00
0.00
0.00
0.00
0.00
0.00
0.00
0.00
0.00
0.00
0.00
97.00
70.00
17.00
0.00
0.00
0.00
0.00
0.00
3.00
0.00
0.00
0.00
0.00
0.00
0.00
0.00
0.00
0.00
0.00
0.00
0.00
0.00
0.00
0.00
0.00
0.00
0.00
0.00
0.00
0.00
0.00
0.00
0.00
0.00
0.00
0.00
0.00
0.00
46.00
0.00
0.00
0.00
0.00
0.00
0.00
0.00
0.00
0.00
0.00
3.00
68.00
210.00
0.00
0.00
0.00
0.00
0.00
0.00
0.00
0.00
0.00
0.00
0.00
0.00
0.00
0.00
0.00
0.00
0.00
0.00
0.00
0.00
0.00
0.00
0.00
0.00
0.00
0.00
0.00
0.00
0.00
0.00
0.00
0.00
0.00
0.00
0.00
0.00
0.00
0.00
0.00
0.00
0.00
0.00
0.00
0.00
0.00
0.00
0.00
0.00
0.00
0.00
0.00
0.00
3.00
0.00
0.00
0.00
0.00
0.00
0.00
6.00
13.00
0.00
0.00
0.00
0.00
0.00
0.00
0.00
41.60
3.00
60.40
26.00
0.00
0.00
0.00
0.00
0.00
0.00
0.00
0.00
0.00
0.00
0.00
0.00
0.00
0.00
0.00
0.00
0.00
0.00
1.20
0.00
0.00
8.90
0.00
0.00
0.00
0.00
1.00
0.00
4.00
0.00
120.00
38.90
32.00
0.00
32.60
16.40
58.20
8.30
3.80
10.20
0.00
0.00
3.10
0.00
0.30
31.70
45.10
5.80
0.00
0.00
0.10
1.80
1.90
0.10
0.30
0.00
0.00
0.80
23.20
17.40
39.30
39.30
1.50
12.80
113.30
5.50
2.10
40.50
20.20
41.90
53.80
31.10
44.80
8.30
9.50
9.90
7.70
21.00
21.60
0.00
0.00
19.90
16.80
16.80
6.80
3.30
2.70
2.90
0.00
0.00
7.70
8.50
0.40
0.00
27.50
4.80
0.80
0.20
4.10
1.30
14.70
0.50
0.00
0.00
21.60
29.10
12.10
38.20
20.70
0.00
9.00
10.00
24.40
1.10
0.00
8.30
68.10
116.50
86.60
110.60
0.00
3.10
4.40
6.10
1.90
32.30
21.40
15.50
13.10
17.20
16.00
16.00
79.50
79.50
58.20
8.00
8.00
3.80
2.80
8.00
8.00
8.00
5.40
44.30
23.30
2.60
30.80
11.90
2.50
8.00
1.50
11.70
8.90
4.40
40.60
2.90
0.20
0.10
3.10
12.90
2.80
0.80
0.60
0.00
3.10
10.70
15.00
28.30
5.40
2.00
0.00
0.10
0.20
1.20
12.70
7.10
11.80
3.10
0.00
3.30
0.60
0.00
3.60
0.90
9.20
5.50
5.60
16.70
2.20
49.40
19.40
6.90
9.20
4.60
0.20
11.00
4.80
0.00
2.70
0.40
0.00
0.40
0.10
0.00
6.50
37.40
23.10
7.70
17.60
0.00
4.10
8.80
18.00
13.40
13.40
36.90
1.60
0.00
0.20
0.00
0.20
0.00
16.00
0.80
0.00
0.00
0.00
0.00
0.00
0.00
0.40
0.00
0.10
0.00
4.80
0.70
0.20
2.30
5.50
29.40
