20160101
0.00
0.00
0.00
0.00
0.00
0.00
0.00
0.00
16.00
0.00
1.00
0.00
7.00
0.00
0.00
1.00
0.00
0.00
0.00
55.00
0.00
0.00
0.00
0.00
0.00
3.00
1.00
0.00
0.00
0.00
0.00
0.00
0.00
0.00
0.00
2.00
0.00
8.00
1.00
3.00
0.00
0.00
0.00
0.00
0.00
0.00
0.00
0.00
0.00
0.00
1.00
0.00
0.00
21.00
6.00
0.00
6.00
0.00
0.00
0.00
0.00
0.00
8.00
2.00
0.00
11.00
0.00
0.00
0.00
24.00
0.00
0.00
49.00
0.00
4.00
32.00
0.00
0.00
0.00
0.00
3.00
0.00
0.00
0.00
0.00
0.00
1.00
185.00
8.00
36.00
52.00
3.00
6.00
12.00
19.00
74.00
119.00
28.00
65.00
0.00
0.00
31.00
0.00
0.00
94.00
48.00
337.00
155.00
45.00
285.00
15.00
0.00
1.00
209.00
57.00
0.00
55.00
71.00
164.00
40.00
141.00
25.00
22.00
4.00
3.00
12.00
0.00
8.00
0.00
0.00
0.00
64.00
16.00
26.00
8.00
28.00
319.00
538.00
165.00
18.00
90.00
314.00
1.00
22.00
17.00
12.00
0.00
7.00
11.00
5.00
0.00
22.00
0.00
2.00
0.00
194.00
24.00
10.00
6.00
2.00
18.00
166.00
32.00
21.00
0.00
3.00
101.00
59.00
142.00
180.00
1.00
15.00
4.00
19.00
0.00
45.00
44.00
7.00
0.00
8.00
65.00
44.00
154.00
248.00
514.00
32.00
10.00
12.00
18.00
17.00
1.00
15.00
59.00
53.00
23.00
93.00
123.00
0.00
6.00
4.00
7.00
39.00
7.00
56.00
30.00
18.00
236.00
4.00
23.00
41.00
53.00
42.00
53.00
29.00
19.00
0.00
19.00
39.00
133.00
86.00
60.00
11.00
11.00
210.00
36.00
24.00
7.00
78.00
104.00
1.00
54.00
0.00
359.00
152.00
2.00
70.00
22.00
163.00
1.00
75.00
22.00
65.00
191.00
36.00
5.00
6.00
23.00
30.00
0.00
0.00
9.00
2.00
29.00
12.00
10.00
173.00
18.00
3.00
8.00
21.00
85.00
14.00
68.00
26.00
17.00
0.00
58.00
13.00
7.00
21.00
14.00
4.00
1.00
2.00
8.00
0.00
0.00
1.00
2.00
9.00
8.00
17.00
94.00
74.00
2.00
15.00
0.00
0.00
0.00
0.00
0.00
0.00
0.00
0.00
0.00
0.00
0.00
0.00
0.00
0.00
40.00
36.00
11.00
10.00
1.00
0.00
0.00
47.00
48.00
226.00
175.00
16.00
1.00
0.00
0.00
0.00
0.00
0.00
0.00
1.00
0.00
0.00
0.00
0.00
0.00
0.00
0.00
0.00
4.00
0.00
1.00
0.00
10.00
0.00
0.00
44.00
11.00
0.00
0.00
0.00
0.00
0.00
0.00
0.00
0.00
0.00
0.00
0.00
0.00
0.00
0.00
0.00
0.00
0.00
0.00
0.00
0.00
0.00
0.00
0.00
3.00
0.00
0.00
0.00
0.00
0.00
0.00
4.00
0.00
33.00
25.00
0.00
0.00
0.00
0.00
0.00
0.00
0.00
0.00
0.00
0.00
0.00
0.00
0.00
0.00
0.00
0.00
0.00
0.00
0.00
0.00
0.00
0.00
0.00
0.00
0.00
0.00
0.00
0.00
0.00
0.00
0.00
0.00
0.00
0.00
0.00
0.00
0.00
0.00
0.00
0.00
0.00
0.00
0.00
0.00
0.00
0.00
0.00
79.00
0.00
0.00
0.00
0.00
0.00
0.00
0.00
0.00
0.00
0.00
11.00
0.00
0.00
63.00
12.00
269.00
55.00
0.00
0.00
0.00
0.00
0.00
4.00
230.00
42.00
99.00
0.00
0.00
0.00
16.00
34.00
25.00
0.00
5.00
94.00
274.00
169.00
351.00
489.00
440.00
227.00
8.00
0.00
9.00
88.00
12.00
0.00
0.00
0.00
0.00
0.00
61.00
1.00
9.00
0.00
95.00
1.00
1.00
33.00
0.00
16.00
94.00
62.00
28.00
88.00
1.00
72.00
24.00
0.00
3.00
2.00
104.00
88.00
1.00
0.00
74.00
12.00
1.00
0.00
8.00
29.00
24.00
64.00
0.00
3.00
19.00
7.00
0.00
0.00
11.00
89.00
14.00
69.00
8.00
0.00
180.00
539.00
33.00
60.00
55.00
37.00
1.00
4.00
3.00
168.00
121.00
274.00
51.00
176.00
207.00
14.00
0.00
0.00
401.00
50.00
28.00
9.00
5.00
7.00
20.00
100.00
1.00
2.00
113.00
157.00
58.00
40.00
72.00
165.00
124.00
14.00
77.00
11.00
2.00
47.00
166.00
299.00
124.00
154.00
36.00
59.00
177.00
70.00
1.00
2.00
31.00
203.00
66.00
132.00
106.00
144.00
53.00
10.00
62.00
29.00
44.00
13.00
8.00
14.00
20.00
43.00
151.00
73.00
41.00
71.00
101.00
44.00
11.00
22.00
86.00
79.00
19.00
17.00
41.00
8.00
16.00
12.00
0.00
2.00
17.00
19.00
2.00
39.00
364.00
111.00
2.00
34.00
13.00
5.00
39.00
34.00
0.00
59.00
8.00
0.00
12.00
40.00
11.00
0.00
21.00
5.00
40.00
20.00
54.00
23.00
0.00
368.00
10.00
16.00
75.00
0.00
10.00
0.00
64.00
1.00
33.00
37.00
99.00
217.00
13.00
0.00
13.00
0.00
26.00
1.00
62.00
0.00
31.00
13.00
2.00
1.00
17.00
3.00
0.00
0.00
0.00
9.00
10.00
15.00
149.00
432.00
0.00
0.00
1.00
0.00
0.00
0.00
4.00
942.00
656.00
10.00
0.00
0.00
0.00
0.00
0.00
0.00
0.00
0.00
0.00
0.00
0.00
0.00
4.00
1.00
307.00
7.00
10.00
0.00
0.00
0.00
0.00
0.00
0.00
0.00
0.00
0.00
1.00
0.00
0.00
0.00
0.00
0.00
0.00
0.00
0.00
1.00
2.00
5.00
53.00
25.00
0.00
0.00
0.00
0.00
0.00
0.00
0.00
0.00
59.00
0.00
2.00
0.00
0.00
0.00
0.00
0.00
0.00
0.00
0.00
0.00
8.00
207.00
123.00
4.00
0.00
0.00
0.00
0.00
0.00
0.00
0.00
0.00
0.00
0.00
0.00
0.00
0.00
0.00
0.00
0.00
0.00
0.00
0.00
11.00
0.00
0.00
0.00
0.00
0.00
0.00
0.00
0.00
0.00
0.00
0.00
5.00
0.00
0.00
13.00
9.00
0.00
31.00
0.00
0.00
0.00
0.00
0.00
0.00
0.00
0.00
0.00
1.00
0.00
0.00
0.00
0.00
0.00
609.00
0.00
0.00
0.00
5.00
0.00
0.00
18.00
0.00
0.00
0.00
0.00
0.00
0.00
83.00
45.00
0.00
6.00
135.00
13.00
11.00
0.00
0.00
0.00
0.00
0.00
0.00
0.00
22.00
10.00
0.00
56.00
70.00
3.00
18.00
15.00
6.00
16.00
10.00
19.00
6.00
139.00
5.00
12.00
16.00
81.00
13.00
50.00
118.00
12.00
3.00
51.00
3.00
5.00
108.00
17.00
0.00
0.00
53.00
0.00
1.00
3.00
59.00
31.00
6.00
356.00
17.00
107.00
8.00
47.00
75.00
24.00
653.00
117.00
0.00
150.00
47.00
0.00
0.00
0.00
8.00
0.00
0.00
0.00
17.00
43.00
0.00
0.00
4.00
0.00
28.00
5.00
76.00
0.00
4.00
3.00
70.00
82.00
7.00
59.00
148.00
36.00
38.00
243.00
201.00
125.00
421.00
324.00
96.00
46.00
7.00
0.00
1.00
2.00
14.00
28.00
13.00
43.00
31.00
32.00
25.00
47.00
15.00
16.00
0.00
5.00
23.00
2.00
6.00
0.00
14.00
41.00
75.00
52.00
7.00
63.00
7.00
20.00
10.00
3.00
6.00
39.00
12.00
3.00
37.00
24.00
35.00
97.00
414.00
140.00
13.00
44.00
140.00
207.00
230.00
16.00
56.00
11.00
34.00
34.00
2.00
0.00
16.00
250.00
14.00
123.00
146.00
69.00
53.00
3.00
12.00
2.00
39.00
172.00
0.00
5.00
36.00
1.00
68.00
32.00
36.00
2.00
50.00
61.00
22.00
4.00
59.00
127.00
19.00
8.00
14.00
0.00
0.00
0.00
4.00
22.00
13.00
3.00
1.00
6.00
0.00
7.00
11.00
7.00
59.00
28.00
16.00
0.00
5.00
3.00
2.00
3.00
1.00
0.00
0.00
0.00
0.00
0.00
0.00
0.00
36.00
0.00
42.00
0.00
0.00
0.00
24.00
29.00
215.00
499.00
104.00
14.00
0.00
0.00
0.00
0.00
0.00
0.00
0.00
0.00
0.00
0.00
0.00
375.00
277.00
54.00
59.00
0.00
0.00
0.00
3.00
0.00
2.00
0.00
0.00
0.00
0.00
0.00
0.00
5.00
5.00
0.00
0.00
0.00
0.00
0.00
0.00
0.00
0.00
0.00
0.00
0.00
0.00
0.00
0.00
0.00
0.00
0.00
0.00
14.00
0.00
0.00
6.00
9.00
0.00
0.00
14.00
0.00
7.00
0.00
0.00
0.00
0.00
1.00
15.00
242.00
0.00
0.00
0.00
0.00
0.00
0.00
0.00
0.00
0.00
0.00
0.00
0.00
0.00
0.00
0.00
0.00
0.00
0.00
0.00
0.00
5.00
0.00
0.00
0.00
0.00
0.00
0.00
0.00
0.00
0.00
0.00
0.00
0.00
0.00
0.00
0.00
0.00
0.00
4.00
4.00
1.00
18.00
0.00
0.00
1.00
0.00
0.00
0.00
0.00
0.00
0.00
0.00
0.00
0.00
0.00
0.00
0.00
0.00
0.00
0.00
0.00
0.00
0.00
0.00
0.00
0.00
0.00
0.00
17.60
4.40
72.00
29.20
0.00
0.00
0.00
0.10
0.00
0.40
0.00
0.00
0.00
0.00
0.00
0.00
0.00
0.00
0.20
0.30
4.90
53.70
51.40
0.30
0.00
0.00
0.00
0.00
0.00
1.60
13.10
0.10
0.00
0.00
14.50
23.90
58.00
0.00
48.60
8.70
0.50
10.90
17.20
3.50
0.10
0.00
0.00
0.00
5.40
4.20
0.10
18.40
8.50
2.30
15.50
0.00
3.40
0.00
0.10
0.00
0.00
0.00
4.90
3.70
0.10
0.10
2.40
3.20
10.20
0.00
0.00
0.00
2.60
4.30
2.80
14.10
5.10
0.90
0.00
0.00
0.00
1.70
1.80
0.00
0.00
0.40
0.70
0.70
1.50
3.40
0.00
1.80
0.00
0.00
0.00
1.60
0.10
2.90
4.10
0.10
0.00
1.20
0.00
0.00
1.20
5.10
0.10
5.20
0.80
6.80
3.60
0.00
1.00
19.50
9.70
8.10
10.90
2.50
0.00
5.40
1.10
2.10
8.90
2.30
0.20
0.50
0.00
1.30
4.00
0.90
3.10
21.00
2.50
7.20
4.00
4.00
6.40
6.40
1.10
1.90
1.90
0.70
0.70
1.90
1.90
1.90
7.60
5.80
1.40
2.70
9.80
11.90
1.60
0.30
0.10
9.10
4.00
7.50
9.20
3.40
0.00
2.80
4.20
0.10
13.90
1.90
3.10
2.20
2.10
7.40
3.50
3.20
0.30
0.10
2.10
0.20
2.30
3.00
14.70
4.10
0.80
0.50
0.10
0.00
24.50
4.60
3.30
3.50
0.70
0.80
0.10
1.20
9.90
0.20
0.60
1.20
3.00
11.70
5.90
5.70
1.00
0.50
0.90
9.00
0.60
3.50
3.90
6.20
7.40
19.40
14.90
10.10
4.70
13.30
0.20
0.90
4.30
3.60
3.60
8.70
1.00
0.10
0.90
5.70
9.00
5.30
9.10
2.80
0.90
0.00
0.00
0.60
2.90
0.70
0.30
0.20
0.00
0.60
3.20
0.40
1.20
0.20
0.80
5.90
