20160101
0.00
0.00
0.00
0.00
0.00
0.00
0.00
0.00
0.00
0.00
0.00
0.00
4.00
0.00
0.00
0.00
0.00
0.00
0.00
35.00
0.00
0.00
0.00
0.00
0.00
0.00
0.00
0.00
0.00
0.00
0.00
0.00
0.00
0.00
0.00
0.00
0.00
0.00
0.00
0.00
0.00
0.00
0.00
0.00
0.00
0.00
0.00
0.00
0.00
0.00
6.00
0.00
0.00
0.00
0.00
0.00
9.00
0.00
0.00
0.00
0.00
0.00
0.00
0.00
0.00
0.00
0.00
1.00
0.00
0.00
0.00
0.00
1.00
5.00
0.00
0.00
0.00
0.00
45.00
3.00
3.00
0.00
0.00
0.00
0.00
0.00
60.00
218.00
8.00
44.00
278.00
1.00
0.00
1.00
39.00
168.00
62.00
2.00
0.00
76.00
0.00
0.00
0.00
26.00
154.00
1.00
58.00
384.00
160.00
201.00
7.00
26.00
3.00
0.00
0.00
55.00
583.00
142.00
38.00
21.00
5.00
8.00
0.00
52.00
47.00
268.00
113.00
451.00
4.00
95.00
58.00
6.00
197.00
204.00
301.00
513.00
0.00
164.00
259.00
71.00
71.00
226.00
1.00
0.00
36.00
34.00
0.00
86.00
0.00
23.00
28.00
30.00
0.00
0.00
23.00
323.00
3.00
13.00
46.00
0.00
23.00
127.00
1.00
0.00
5.00
189.00
342.00
127.00
59.00
99.00
209.00
281.00
446.00
254.00
572.00
308.00
0.00
96.00
155.00
14.00
53.00
7.00
321.00
141.00
465.00
317.00
102.00
1.00
70.00
356.00
58.00
9.00
5.00
135.00
124.00
406.00
18.00
385.00
190.00
297.00
313.00
915.00
499.00
105.00
331.00
40.00
713.00
20.00
8.00
42.00
102.00
73.00
101.00
65.00
143.00
20.00
280.00
193.00
7.00
53.00
78.00
26.00
104.00
17.00
365.00
89.00
39.00
192.00
49.00
4.00
67.00
0.00
0.00
4.00
0.00
6.00
0.00
306.00
10.00
1.00
9.00
42.00
743.00
313.00
662.00
859.00
42.00
57.00
9.00
19.00
1.00
7.00
0.00
308.00
86.00
59.00
9.00
2.00
1.00
108.00
223.00
13.00
11.00
131.00
39.00
15.00
70.00
18.00
248.00
636.00
0.00
4.00
27.00
1.00
26.00
86.00
71.00
0.00
42.00
0.00
7.00
42.00
608.00
666.00
11.00
25.00
0.00
0.00
0.00
0.00
0.00
0.00
0.00
0.00
0.00
0.00
0.00
0.00
0.00
0.00
61.00
0.00
0.00
0.00
0.00
0.00
0.00
0.00
19.00
90.00
0.00
0.00
0.00
0.00
0.00
0.00
0.00
0.00
0.00
0.00
0.00
0.00
0.00
0.00
0.00
0.00
0.00
0.00
0.00
0.00
0.00
0.00
0.00
0.00
0.00
12.00
0.00
0.00
0.00
0.00
0.00
0.00
0.00
0.00
0.00
0.00
0.00
0.00
0.00
0.00
0.00
0.00
0.00
0.00
0.00
0.00
0.00
0.00
0.00
0.00
0.00
0.00
0.00
0.00
0.00
0.00
0.00
0.00
0.00
0.00
0.00
0.00
0.00
0.00
0.00
3.00
0.00
0.00
0.00
0.00
0.00
0.00
0.00
0.00
0.00
0.00
0.00
0.00
0.00
0.00
0.00
6.00
3.00
0.00
0.00
0.00
0.00
0.00
0.00
0.00
0.00
0.00
0.00
0.00
0.00
0.00
0.00
0.00
0.00
0.00
0.00
0.00
0.00
0.00
0.00
0.00
0.00
0.00
2.00
0.00
0.00
0.00
0.00
0.00
0.00
0.00
0.00
0.00
20.00
0.00
0.00
0.00
71.00
0.00
138.00
0.00
0.00
0.00
0.00
0.00
0.00
1.00
128.00
11.00
62.00
0.00
0.00
0.00
0.00
318.00
1.00
5.00
54.00
65.00
110.00
456.00
439.00
675.00
303.00
1.00
146.00
0.00
7.00
15.00
2.00
0.00
0.00
0.00
0.00
0.00
266.00
187.00
0.00
15.00
347.00
160.00
103.00
483.00
0.00
128.00
68.00
198.00
0.00
392.00
66.00
129.00
36.00
0.00
167.00
197.00
315.00
226.00
12.00
5.00
99.00
0.00
75.00
59.00
4.00
184.00
430.00
4.00
21.00
664.00
232.00
157.00
0.00
144.00
156.00
72.00
119.00
405.00
0.00
0.00
75.00
236.00
130.00
390.00
357.00
116.00
0.00
7.00
3.00
9.00
47.00
30.00
134.00
92.00
1319.00
390.00
268.00
17.00
106.00
131.00
260.00
468.00
0.00
348.00
549.00
65.00
236.00
8.00
32.00
19.00
70.00
138.00
653.00
592.00
147.00
862.00
240.00
24.00
65.00
64.00
243.00
88.00
72.00
140.00
56.00
19.00
45.00
73.00
62.00
1.00
234.00
72.00
8.00
68.00
327.00
141.00
0.00
37.00
18.00
22.00
30.00
95.00
9.00
3.00
153.00
59.00
126.00
65.00
179.00
199.00
236.00
28.00
291.00
1078.00
1648.00
791.00
432.00
156.00
133.00
13.00
79.00
21.00
5.00
25.00
295.00
128.00
211.00
3.00
101.00
329.00
311.00
83.00
23.00
60.00
137.00
231.00
642.00
108.00
9.00
111.00
0.00
76.00
801.00
1527.00
294.00
1.00
5.00
0.00
33.00
6.00
2.00
373.00
172.00
393.00
218.00
174.00
71.00
69.00
21.00
0.00
2.00
58.00
155.00
254.00
349.00
30.00
1.00
7.00
23.00
1.00
28.00
8.00
6.00
0.00
1.00
0.00
28.00
654.00
319.00
0.00
0.00
0.00
0.00
383.00
771.00
1341.00
5.00
0.00
0.00
0.00
0.00
0.00
0.00
1.00
12.00
0.00
0.00
0.00
0.00
0.00
0.00
0.00
0.00
0.00
0.00
0.00
0.00
0.00
0.00
0.00
189.00
119.00
6.00
0.00
0.00
0.00
0.00
0.00
0.00
0.00
0.00
0.00
0.00
0.00
0.00
0.00
0.00
0.00
0.00
0.00
0.00
0.00
7.00
0.00
122.00
10.00
0.00
0.00
0.00
0.00
0.00
0.00
0.00
0.00
12.00
0.00
0.00
0.00
0.00
0.00
0.00
0.00
0.00
0.00
0.00
0.00
0.00
3.00
0.00
0.00
0.00
0.00
0.00
0.00
0.00
0.00
0.00
0.00
0.00
0.00
0.00
0.00
0.00
0.00
0.00
0.00
0.00
0.00
0.00
0.00
0.00
0.00
0.00
0.00
0.00
0.00
0.00
0.00
0.00
0.00
0.00
0.00
0.00
0.00
223.00
18.00
0.00
14.00
23.00
14.00
14.00
26.00
0.00
0.00
0.00
0.00
0.00
0.00
0.00
0.00
0.00
0.00
575.00
21.00
0.00
0.00
0.00
0.00
0.00
0.00
0.00
0.00
0.00
0.00
0.00
0.00
0.00
0.00
0.00
0.00
0.00
30.00
0.00
0.00
0.00
0.00
0.00
0.00
0.00
0.00
0.00
314.00
0.00
184.00
567.00
243.00
300.00
0.00
1.00
41.00
0.00
254.00
24.00
21.00
63.00
141.00
0.00
88.00
32.00
136.00
40.00
8.00
6.00
12.00
0.00
4.00
70.00
191.00
0.00
0.00
65.00
0.00
9.00
0.00
44.00
11.00
213.00
36.00
165.00
0.00
172.00
0.00
323.00
246.00
47.00
208.00
77.00
76.00
1.00
7.00
0.00
292.00
0.00
0.00
0.00
12.00
0.00
24.00
34.00
295.00
11.00
208.00
67.00
25.00
148.00
0.00
83.00
18.00
24.00
0.00
127.00
19.00
280.00
0.00
0.00
3.00
109.00
103.00
12.00
156.00
816.00
557.00
193.00
92.00
234.00
78.00
9.00
127.00
94.00
94.00
197.00
166.00
139.00
98.00
2.00
23.00
74.00
153.00
407.00
731.00
245.00
79.00
0.00
0.00
21.00
5.00
10.00
13.00
109.00
77.00
152.00
63.00
18.00
53.00
17.00
8.00
3.00
220.00
60.00
8.00
174.00
194.00
302.00
129.00
334.00
171.00
175.00
339.00
61.00
304.00
267.00
1.00
8.00
24.00
18.00
174.00
26.00
31.00
5.00
41.00
143.00
118.00
36.00
496.00
9.00
0.00
8.00
26.00
36.00
49.00
101.00
442.00
339.00
253.00
250.00
56.00
168.00
9.00
23.00
1.00
35.00
671.00
307.00
269.00
35.00
0.00
0.00
0.00
4.00
455.00
909.00
603.00
99.00
26.00
0.00
0.00
0.00
5.00
24.00
12.00
0.00
0.00
35.00
85.00
63.00
21.00
0.00
51.00
409.00
0.00
0.00
0.00
0.00
0.00
0.00
0.00
0.00
0.00
0.00
14.00
46.00
60.00
57.00
0.00
0.00
0.00
0.00
0.00
0.00
0.00
0.00
0.00
0.00
0.00
0.00
0.00
2.00
7.00
1.00
18.00
0.00
0.00
0.00
0.00
21.00
0.00
0.00
0.00
0.00
0.00
0.00
0.00
0.00
0.00
0.00
0.00
0.00
0.00
0.00
0.00
0.00
0.00
0.00
0.00
0.00
0.00
0.00
0.00
0.00
0.00
0.00
0.00
0.00
0.00
0.00
2.00
0.00
0.00
0.00
0.00
0.00
0.00
0.00
0.00
0.00
0.00
1.00
40.00
171.00
0.00
0.00
0.00
0.00
0.00
0.00
0.00
0.00
0.00
0.00
0.00
0.00
0.00
0.00
0.00
0.00
0.00
0.00
0.00
0.00
0.00
0.00
0.00
0.00
0.00
0.00
0.00
0.00
0.00
0.00
0.00
0.00
0.00
0.00
0.00
0.00
0.00
0.00
4.00
4.00
0.00
0.00
0.00
0.00
1.00
0.00
0.00
0.00
0.00
0.00
0.00
15.00
0.00
0.00
0.00
0.00
0.00
0.00
0.00
10.00
7.00
0.00
0.00
0.00
0.00
0.00
0.00
1.50
8.60
0.20
65.00
3.60
0.00
0.00
0.00
0.00
0.00
0.00
0.00
0.00
0.00
0.00
0.00
0.00
0.00
0.00
0.00
0.00
3.30
3.30
0.00
0.00
16.40
1.80
0.00
0.00
0.00
4.70
0.60
0.00
26.30
1.90
125.90
0.50
23.70
0.00
18.60
7.40
22.80
0.40
1.00
40.60
0.00
0.50
0.00
0.50
0.00
11.30
7.80
0.00
0.00
0.10
0.00
18.40
0.40
0.00
0.00
0.00
0.50
14.40
32.60
11.80
8.10
8.10
10.40
104.70
71.70
0.00
0.00
67.90
20.00
33.30
81.40
55.70
32.30
22.70
6.10
21.80
0.10
63.00
24.20
1.50
1.50
28.00
57.80
57.80
17.40
1.70
18.10
14.90
7.50
24.60
16.40
14.90
3.30
8.50
56.50
1.50
0.00
0.00
1.30
0.10
0.10
0.00
0.00
0.00
1.20
15.90
0.60
72.00
0.70
0.00
13.30
17.00
45.40
1.20
5.40
6.60
116.20
134.80
127.90
107.20
0.00
1.70
0.30
1.40
0.20
8.50
6.20
12.40
44.90
128.90
248.00
248.00
85.10
85.10
126.20
10.20
10.20
0.00
0.00
10.20
10.20
10.20
4.20
22.40
77.30
10.20
36.30
1.70
1.50
2.30
1.00
9.70
31.60
16.70
33.40
3.10
14.20
11.00
2.90
1.40
1.40
14.70
6.30
5.30
48.10
43.10
31.70
15.70
1.40
2.10
2.30
4.70
0.50
2.50
60.40
12.40
13.00
0.30
0.30
3.40
1.20
0.60
10.50
0.30
4.40
4.80
29.30
17.30
1.70
1.80
12.80
10.90
64.70
26.40
4.60
27.50
50.10
26.50
11.50
33.90
10.80
1.90
0.00
0.00
0.10
15.90
16.70
20.00
29.20
0.00
11.40
18.30
2.00
60.90
60.90
9.50
0.00
0.00
1.70
2.10
19.80
19.20
4.90
2.30
0.00
0.00
0.00
0.00
0.10
0.00
0.00
0.00
0.00
0.00
2.60
0.00
0.30
1.80
20.20
109.10
