20160101
0.00
0.00
0.00
0.00
0.00
0.00
0.00
0.00
13.00
0.00
0.00
0.00
2.00
0.00
0.00
0.00
0.00
0.00
0.00
105.00
0.00
0.00
0.00
0.00
0.00
3.00
0.00
0.00
0.00
0.00
0.00
0.00
0.00
0.00
0.00
0.00
0.00
0.00
0.00
0.00
0.00
0.00
0.00
0.00
0.00
0.00
0.00
0.00
0.00
0.00
2.00
1.00
0.00
31.00
3.00
3.00
4.00
0.00
0.00
0.00
0.00
0.00
0.00
10.00
0.00
39.00
0.00
0.00
0.00
0.00
0.00
0.00
25.00
0.00
0.00
0.00
0.00
0.00
0.00
117.00
1.00
0.00
4.00
0.00
0.00
0.00
9.00
292.00
41.00
76.00
41.00
13.00
0.00
7.00
25.00
99.00
14.00
21.00
78.00
0.00
0.00
17.00
0.00
2.00
165.00
59.00
260.00
193.00
40.00
91.00
47.00
8.00
0.00
255.00
63.00
2.00
74.00
68.00
171.00
45.00
196.00
32.00
14.00
6.00
19.00
18.00
10.00
1.00
1.00
4.00
0.00
150.00
27.00
38.00
9.00
92.00
391.00
675.00
97.00
43.00
118.00
398.00
0.00
0.00
17.00
12.00
5.00
29.00
29.00
57.00
0.00
101.00
12.00
0.00
0.00
213.00
50.00
123.00
54.00
28.00
3.00
253.00
34.00
80.00
0.00
3.00
13.00
84.00
248.00
55.00
0.00
10.00
5.00
8.00
2.00
13.00
50.00
8.00
49.00
15.00
8.00
26.00
214.00
214.00
211.00
22.00
8.00
13.00
9.00
4.00
7.00
2.00
60.00
3.00
14.00
39.00
119.00
0.00
0.00
4.00
0.00
4.00
12.00
55.00
31.00
43.00
199.00
22.00
54.00
20.00
33.00
80.00
48.00
96.00
9.00
7.00
71.00
60.00
169.00
76.00
160.00
61.00
21.00
121.00
61.00
51.00
11.00
22.00
53.00
3.00
19.00
2.00
169.00
184.00
3.00
21.00
13.00
376.00
0.00
19.00
79.00
118.00
32.00
17.00
0.00
3.00
85.00
10.00
79.00
4.00
26.00
9.00
2.00
39.00
22.00
154.00
76.00
7.00
0.00
144.00
59.00
45.00
155.00
46.00
125.00
1.00
84.00
20.00
181.00
111.00
0.00
68.00
14.00
115.00
374.00
2.00
0.00
0.00
2.00
39.00
21.00
48.00
188.00
55.00
4.00
48.00
0.00
0.00
0.00
0.00
0.00
0.00
0.00
0.00
0.00
0.00
0.00
0.00
0.00
0.00
68.00
4.00
3.00
0.00
0.00
0.00
0.00
27.00
50.00
198.00
326.00
63.00
0.00
0.00
0.00
0.00
0.00
0.00
0.00
0.00
0.00
0.00
0.00
0.00
0.00
0.00
0.00
0.00
0.00
0.00
0.00
0.00
0.00
0.00
0.00
28.00
3.00
0.00
0.00
0.00
0.00
0.00
0.00
0.00
0.00
0.00
0.00
0.00
0.00
0.00
0.00
0.00
0.00
0.00
0.00
0.00
0.00
0.00
0.00
0.00
59.00
0.00
0.00
0.00
0.00
0.00
1.00
0.00
0.00
160.00
0.00
0.00
0.00
0.00
0.00
0.00
0.00
0.00
0.00
0.00
0.00
0.00
0.00
0.00
0.00
0.00
0.00
0.00
0.00
0.00
0.00
0.00
6.00
0.00
0.00
0.00
0.00
0.00
0.00
0.00
0.00
0.00
0.00
0.00
0.00
0.00
0.00
0.00
0.00
0.00
0.00
0.00
0.00
0.00
0.00
0.00
0.00
4.00
94.00
0.00
0.00
0.00
0.00
0.00
0.00
0.00
0.00
0.00
4.00
45.00
0.00
0.00
109.00
2.00
323.00
32.00
0.00
0.00
0.00
0.00
0.00
24.00
238.00
61.00
146.00
0.00
0.00
0.00
33.00
18.00
1.00
0.00
35.00
119.00
269.00
239.00
344.00
613.00
792.00
120.00
0.00
0.00
11.00
189.00
4.00
0.00
0.00
0.00
0.00
0.00
59.00
1.00
0.00
0.00
145.00
6.00
17.00
12.00
0.00
6.00
20.00
25.00
24.00
159.00
2.00
76.00
16.00
0.00
6.00
1.00
118.00
249.00
1.00
5.00
213.00
6.00
0.00
0.00
11.00
32.00
18.00
37.00
0.00
5.00
33.00
24.00
2.00
99.00
10.00
148.00
50.00
86.00
26.00
46.00
139.00
676.00
44.00
167.00
137.00
149.00
1.00
8.00
0.00
0.00
195.00
71.00
191.00
324.00
78.00
14.00
2.00
14.00
10.00
184.00
38.00
79.00
1.00
16.00
23.00
65.00
39.00
134.00
88.00
164.00
107.00
42.00
551.00
101.00
68.00
33.00
61.00
88.00
43.00
8.00
48.00
150.00
111.00
90.00
32.00
91.00
218.00
31.00
46.00
3.00
70.00
233.00
30.00
0.00
111.00
71.00
5.00
42.00
44.00
30.00
139.00
23.00
3.00
2.00
0.00
39.00
128.00
78.00
41.00
52.00
32.00
4.00
15.00
66.00
263.00
122.00
40.00
12.00
16.00
48.00
22.00
4.00
1.00
12.00
48.00
4.00
6.00
15.00
448.00
112.00
19.00
73.00
30.00
41.00
36.00
23.00
1.00
100.00
38.00
0.00
0.00
5.00
11.00
8.00
87.00
100.00
21.00
26.00
2.00
3.00
3.00
164.00
22.00
51.00
139.00
0.00
0.00
25.00
43.00
1.00
17.00
85.00
44.00
240.00
6.00
3.00
157.00
9.00
0.00
0.00
153.00
0.00
80.00
46.00
0.00
158.00
12.00
8.00
0.00
0.00
0.00
0.00
5.00
48.00
341.00
655.00
0.00
0.00
0.00
0.00
0.00
0.00
14.00
549.00
1421.00
0.00
0.00
0.00
0.00
0.00
0.00
0.00
0.00
0.00
0.00
0.00
0.00
0.00
0.00
11.00
136.00
8.00
5.00
0.00
0.00
0.00
0.00
0.00
0.00
0.00
0.00
0.00
0.00
0.00
0.00
0.00
0.00
0.00
0.00
0.00
0.00
0.00
3.00
5.00
38.00
168.00
0.00
0.00
0.00
0.00
0.00
0.00
0.00
0.00
16.00
0.00
0.00
0.00
0.00
0.00
0.00
0.00
0.00
0.00
0.00
0.00
1.00
128.00
7.00
12.00
0.00
0.00
0.00
0.00
0.00
0.00
0.00
0.00
0.00
0.00
0.00
0.00
0.00
0.00
0.00
0.00
0.00
0.00
0.00
0.00
0.00
0.00
0.00
0.00
0.00
0.00
0.00
0.00
0.00
0.00
0.00
0.00
11.00
0.00
4.00
0.00
0.00
5.00
0.00
0.00
0.00
2.00
0.00
0.00
0.00
0.00
0.00
0.00
0.00
0.00
0.00
0.00
34.00
1449.00
0.00
0.00
0.00
2.00
0.00
0.00
27.00
0.00
0.00
0.00
0.00
0.00
0.00
90.00
55.00
0.00
0.00
116.00
16.00
2.00
0.00
0.00
0.00
0.00
0.00
0.00
0.00
36.00
0.00
0.00
119.00
108.00
2.00
13.00
2.00
0.00
0.00
40.00
1.00
8.00
31.00
18.00
22.00
22.00
306.00
4.00
28.00
13.00
17.00
52.00
108.00
125.00
3.00
59.00
12.00
0.00
1.00
23.00
22.00
26.00
183.00
35.00
61.00
86.00
160.00
20.00
111.00
0.00
149.00
251.00
133.00
525.00
87.00
56.00
33.00
98.00
0.00
23.00
0.00
0.00
2.00
2.00
0.00
1.00
17.00
0.00
16.00
14.00
0.00
35.00
10.00
49.00
2.00
12.00
2.00
43.00
46.00
34.00
51.00
356.00
7.00
111.00
377.00
170.00
199.00
1027.00
527.00
429.00
48.00
3.00
0.00
0.00
0.00
0.00
6.00
19.00
39.00
12.00
51.00
26.00
47.00
1.00
0.00
0.00
28.00
21.00
50.00
67.00
0.00
25.00
26.00
9.00
5.00
4.00
183.00
103.00
73.00
1.00
5.00
33.00
98.00
22.00
18.00
71.00
52.00
45.00
29.00
204.00
323.00
104.00
43.00
88.00
171.00
266.00
244.00
121.00
10.00
2.00
55.00
49.00
6.00
48.00
163.00
3.00
9.00
59.00
101.00
86.00
3.00
16.00
88.00
6.00
64.00
2.00
44.00
18.00
2.00
109.00
51.00
62.00
121.00
7.00
23.00
1.00
1.00
45.00
99.00
15.00
5.00
34.00
0.00
0.00
0.00
1.00
52.00
1.00
47.00
98.00
27.00
0.00
10.00
1.00
6.00
2.00
2.00
10.00
25.00
22.00
30.00
3.00
5.00
0.00
27.00
0.00
0.00
2.00
2.00
0.00
0.00
0.00
0.00
0.00
0.00
39.00
0.00
42.00
39.00
324.00
337.00
80.00
0.00
0.00
0.00
0.00
0.00
0.00
0.00
0.00
0.00
0.00
0.00
0.00
158.00
182.00
53.00
63.00
0.00
0.00
3.00
0.00
0.00
0.00
0.00
0.00
0.00
0.00
0.00
0.00
0.00
0.00
0.00
0.00
0.00
0.00
0.00
0.00
0.00
0.00
0.00
0.00
0.00
0.00
0.00
0.00
0.00
0.00
0.00
0.00
0.00
0.00
0.00
7.00
0.00
0.00
0.00
0.00
0.00
0.00
0.00
0.00
0.00
0.00
7.00
85.00
460.00
0.00
0.00
0.00
0.00
0.00
0.00
0.00
0.00
0.00
0.00
0.00
0.00
0.00
0.00
0.00
0.00
0.00
2.00
0.00
0.00
0.00
0.00
0.00
0.00
0.00
0.00
0.00
0.00
0.00
0.00
0.00
0.00
0.00
0.00
0.00
0.00
0.00
0.00
0.00
0.00
0.00
2.00
0.00
0.00
0.00
0.00
0.00
0.00
0.00
0.00
0.00
0.00
0.00
0.00
0.00
0.00
0.00
0.00
0.00
1.00
0.00
0.00
0.00
0.00
0.00
0.00
0.00
0.00
13.90
4.40
84.30
48.20
0.00
0.00
0.10
0.50
0.00
0.00
0.00
0.00
0.00
0.00
0.00
0.00
0.00
0.00
0.10
0.00
12.90
23.40
26.30
0.00
4.30
0.90
0.00
0.00
0.00
6.40
6.30
0.00
0.00
0.00
21.10
6.80
62.40
0.00
32.00
8.90
1.80
19.20
12.10
17.30
0.00
0.00
0.00
0.00
10.80
4.20
0.10
12.10
11.00
4.30
38.30
0.00
5.10
0.00
0.00
0.00
0.00
0.60
8.60
6.40
0.40
0.40
2.40
10.70
62.80
0.00
0.00
0.00
5.10
19.00
7.10
19.80
5.40
0.40
0.60
1.10
0.00
4.40
2.20
0.00
0.00
2.40
6.30
6.30
1.80
1.50
0.90
7.10
0.10
2.50
0.00
16.40
0.70
0.30
10.70
1.30
0.00
18.40
2.80
0.00
1.30
1.80
0.00
2.30
4.00
28.10
12.90
0.00
1.90
8.40
11.10
10.20
6.30
0.60
0.00
0.50
0.80
9.70
13.20
8.40
0.10
1.10
0.20
0.70
3.50
1.10
7.30
30.70
12.00
2.70
2.10
2.10
29.40
29.40
5.10
1.70
1.70
0.00
0.20
1.70
1.70
1.70
5.80
1.60
3.00
2.70
31.90
21.90
20.90
0.20
0.50
5.60
8.70
15.40
22.60
10.70
4.10
0.80
4.60
4.50
15.90
1.40
0.80
0.10
12.20
4.50
2.70
0.40
0.90
0.20
1.40
0.60
0.40
3.30
12.00
16.00
1.60
0.10
0.70
15.60
17.80
0.30
3.40
4.10
1.20
2.60
2.40
7.70
4.80
0.60
4.50
0.80
0.90
5.10
0.70
6.60
3.80
1.70
1.80
12.10
1.30
0.70
0.00
0.20
9.20
25.20
13.90
19.70
15.20
13.30
0.00
0.80
7.60
5.10
5.10
6.60
0.20
0.60
1.70
10.40
19.80
14.40
8.50
2.60
0.00
0.00
0.00
0.00
11.20
0.00
0.00
0.00
0.00
1.60
2.40
0.20
0.90
0.10
0.70
6.20
