20160101
0.00
39.00
6.00
0.00
0.00
0.00
0.00
0.00
14.00
0.00
0.00
0.00
0.00
0.00
0.00
0.00
0.00
0.00
10.00
44.00
0.00
0.00
0.00
0.00
0.00
1.00
3.00
13.00
6.00
0.00
0.00
0.00
0.00
0.00
0.00
0.00
0.00
1.00
4.00
0.00
0.00
0.00
0.00
0.00
0.00
0.00
0.00
0.00
0.00
0.00
0.00
0.00
0.00
0.00
0.00
0.00
8.00
116.00
134.00
12.00
0.00
0.00
1.00
35.00
17.00
19.00
0.00
0.00
0.00
0.00
0.00
0.00
4.00
2.00
0.00
0.00
1.00
0.00
1.00
12.00
0.00
0.00
0.00
0.00
0.00
0.00
326.00
197.00
4.00
7.00
182.00
9.00
0.00
0.00
15.00
601.00
25.00
123.00
0.00
9.00
0.00
0.00
0.00
52.00
431.00
61.00
391.00
194.00
194.00
138.00
248.00
63.00
45.00
237.00
3.00
36.00
180.00
149.00
195.00
30.00
157.00
109.00
176.00
54.00
87.00
52.00
31.00
176.00
0.00
12.00
36.00
19.00
95.00
164.00
17.00
462.00
98.00
393.00
327.00
52.00
63.00
305.00
4.00
3.00
44.00
2.00
0.00
1.00
5.00
2.00
1.00
60.00
0.00
21.00
8.00
94.00
8.00
239.00
67.00
69.00
18.00
34.00
5.00
1.00
3.00
92.00
206.00
214.00
70.00
0.00
85.00
157.00
118.00
713.00
212.00
29.00
12.00
31.00
65.00
4.00
93.00
60.00
37.00
82.00
119.00
48.00
4.00
2.00
59.00
130.00
83.00
49.00
40.00
0.00
15.00
24.00
15.00
67.00
91.00
358.00
590.00
672.00
215.00
152.00
83.00
54.00
321.00
11.00
133.00
180.00
52.00
50.00
39.00
16.00
0.00
17.00
255.00
140.00
17.00
30.00
220.00
27.00
2.00
11.00
111.00
139.00
20.00
131.00
22.00
100.00
21.00
0.00
2.00
50.00
0.00
20.00
1.00
221.00
1.00
41.00
26.00
40.00
128.00
148.00
294.00
516.00
18.00
1.00
3.00
94.00
1.00
5.00
0.00
85.00
230.00
39.00
68.00
88.00
59.00
41.00
11.00
57.00
149.00
279.00
5.00
78.00
88.00
15.00
122.00
0.00
29.00
32.00
9.00
41.00
15.00
250.00
18.00
145.00
54.00
0.00
6.00
60.00
71.00
295.00
45.00
79.00
0.00
0.00
0.00
0.00
0.00
0.00
0.00
0.00
0.00
0.00
0.00
0.00
0.00
0.00
199.00
0.00
0.00
0.00
0.00
0.00
2.00
7.00
23.00
147.00
2.00
0.00
0.00
0.00
0.00
0.00
0.00
0.00
0.00
0.00
0.00
0.00
0.00
0.00
0.00
0.00
0.00
0.00
0.00
0.00
0.00
0.00
494.00
161.00
0.00
18.00
0.00
0.00
0.00
0.00
0.00
0.00
0.00
0.00
0.00
0.00
3.00
0.00
0.00
16.00
0.00
0.00
0.00
0.00
0.00
0.00
0.00
0.00
0.00
0.00
9.00
0.00
0.00
0.00
0.00
0.00
0.00
0.00
0.00
47.00
1.00
0.00
0.00
0.00
0.00
12.00
0.00
0.00
0.00
0.00
0.00
0.00
0.00
0.00
0.00
0.00
0.00
0.00
0.00
0.00
0.00
0.00
12.00
0.00
1.00
0.00
0.00
0.00
0.00
0.00
0.00
0.00
0.00
0.00
0.00
0.00
0.00
0.00
1.00
34.00
1.00
0.00
0.00
1.00
0.00
0.00
0.00
1.00
0.00
0.00
0.00
0.00
0.00
0.00
0.00
0.00
0.00
0.00
0.00
8.00
0.00
0.00
149.00
0.00
272.00
1.00
0.00
0.00
0.00
0.00
0.00
2.00
314.00
34.00
74.00
0.00
0.00
0.00
0.00
167.00
25.00
4.00
5.00
157.00
120.00
381.00
564.00
610.00
1051.00
298.00
7.00
0.00
102.00
74.00
2.00
0.00
0.00
0.00
49.00
61.00
280.00
0.00
0.00
0.00
260.00
73.00
334.00
69.00
0.00
32.00
63.00
118.00
12.00
114.00
15.00
285.00
13.00
0.00
37.00
65.00
415.00
858.00
3.00
55.00
54.00
0.00
29.00
1.00
20.00
40.00
210.00
13.00
0.00
121.00
67.00
113.00
38.00
90.00
52.00
193.00
266.00
134.00
1.00
8.00
115.00
224.00
31.00
156.00
300.00
99.00
0.00
2.00
14.00
83.00
23.00
187.00
203.00
90.00
431.00
335.00
162.00
0.00
1135.00
224.00
100.00
98.00
0.00
325.00
578.00
37.00
176.00
17.00
50.00
47.00
39.00
12.00
609.00
146.00
16.00
148.00
309.00
64.00
73.00
5.00
15.00
72.00
116.00
28.00
53.00
5.00
62.00
207.00
43.00
56.00
90.00
66.00
0.00
104.00
120.00
115.00
0.00
21.00
2.00
22.00
27.00
61.00
75.00
9.00
43.00
19.00
124.00
106.00
35.00
4.00
93.00
63.00
98.00
962.00
873.00
862.00
792.00
187.00
28.00
11.00
230.00
98.00
0.00
44.00
94.00
83.00
27.00
0.00
40.00
166.00
47.00
44.00
2.00
20.00
68.00
120.00
547.00
256.00
1.00
2.00
0.00
11.00
230.00
579.00
114.00
6.00
7.00
17.00
94.00
0.00
0.00
251.00
30.00
350.00
39.00
29.00
19.00
54.00
36.00
15.00
17.00
36.00
334.00
261.00
346.00
37.00
2.00
9.00
97.00
37.00
64.00
1.00
38.00
4.00
78.00
29.00
19.00
16.00
153.00
0.00
3.00
0.00
3.00
166.00
429.00
1085.00
0.00
0.00
0.00
5.00
16.00
1.00
0.00
4.00
204.00
0.00
0.00
4.00
0.00
23.00
8.00
0.00
7.00
0.00
0.00
0.00
0.00
0.00
0.00
4.00
278.00
63.00
3.00
0.00
0.00
0.00
0.00
0.00
0.00
0.00
10.00
2.00
0.00
0.00
0.00
0.00
0.00
0.00
0.00
13.00
0.00
0.00
1.00
2.00
230.00
31.00
0.00
0.00
0.00
0.00
0.00
0.00
0.00
3.00
10.00
16.00
0.00
0.00
0.00
7.00
0.00
0.00
0.00
0.00
5.00
0.00
20.00
181.00
0.00
0.00
0.00
0.00
0.00
0.00
6.00
0.00
0.00
0.00
0.00
0.00
2.00
0.00
0.00
0.00
0.00
0.00
0.00
0.00
0.00
0.00
0.00
0.00
0.00
0.00
0.00
0.00
0.00
0.00
0.00
0.00
0.00
0.00
10.00
28.00
79.00
15.00
0.00
1.00
35.00
0.00
19.00
12.00
3.00
0.00
0.00
0.00
0.00
132.00
56.00
0.00
0.00
0.00
406.00
272.00
0.00
0.00
0.00
0.00
0.00
0.00
0.00
0.00
0.00
0.00
0.00
0.00
0.00
6.00
15.00
0.00
15.00
17.00
4.00
0.00
0.00
0.00
0.00
0.00
0.00
0.00
0.00
0.00
2.00
1.00
287.00
270.00
237.00
55.00
9.00
17.00
158.00
79.00
0.00
73.00
40.00
21.00
111.00
146.00
61.00
131.00
16.00
3.00
221.00
67.00
13.00
5.00
77.00
23.00
24.00
0.00
11.00
14.00
12.00
8.00
237.00
8.00
162.00
127.00
74.00
23.00
44.00
2.00
97.00
181.00
91.00
267.00
155.00
155.00
205.00
13.00
0.00
126.00
0.00
0.00
0.00
0.00
0.00
5.00
0.00
4.00
286.00
473.00
153.00
15.00
222.00
0.00
10.00
17.00
0.00
2.00
8.00
9.00
27.00
0.00
102.00
23.00
101.00
87.00
0.00
387.00
1117.00
454.00
218.00
0.00
290.00
1.00
3.00
0.00
9.00
40.00
191.00
183.00
18.00
31.00
15.00
8.00
4.00
34.00
191.00
413.00
343.00
537.00
7.00
0.00
17.00
7.00
4.00
0.00
30.00
27.00
48.00
245.00
269.00
224.00
116.00
45.00
8.00
139.00
78.00
6.00
62.00
57.00
65.00
22.00
134.00
35.00
55.00
14.00
108.00
71.00
10.00
6.00
0.00
130.00
53.00
373.00
67.00
97.00
6.00
30.00
222.00
112.00
40.00
48.00
176.00
43.00
2.00
37.00
83.00
2.00
17.00
22.00
197.00
68.00
111.00
6.00
7.00
0.00
10.00
8.00
37.00
111.00
77.00
176.00
1.00
0.00
0.00
1.00
18.00
202.00
284.00
245.00
189.00
0.00
3.00
95.00
64.00
56.00
9.00
4.00
3.00
7.00
13.00
14.00
5.00
5.00
2.00
0.00
4.00
0.00
0.00
0.00
0.00
0.00
0.00
0.00
0.00
0.00
0.00
14.00
18.00
33.00
90.00
0.00
0.00
0.00
0.00
0.00
0.00
0.00
0.00
0.00
0.00
0.00
0.00
0.00
0.00
23.00
31.00
4.00
0.00
0.00
0.00
0.00
0.00
0.00
0.00
0.00
0.00
4.00
0.00
0.00
0.00
0.00
0.00
0.00
0.00
0.00
0.00
0.00
0.00
0.00
0.00
0.00
0.00
0.00
0.00
0.00
0.00
0.00
31.00
0.00
0.00
0.00
0.00
11.00
0.00
0.00
0.00
0.00
1.00
0.00
0.00
0.00
0.00
0.00
5.00
151.00
201.00
0.00
0.00
0.00
0.00
0.00
0.00
0.00
0.00
0.00
0.00
0.00
0.00
0.00
0.00
0.00
0.00
0.00
0.00
0.00
0.00
0.00
0.00
0.00
0.00
0.00
0.00
0.00
0.00
0.00
0.00
0.00
0.00
0.00
0.00
0.00
0.00
0.00
0.00
1.00
1.00
0.00
0.00
0.00
0.00
0.00
0.00
0.00
0.00
0.00
0.00
0.00
16.00
1.00
2.00
6.00
0.00
0.00
0.00
0.00
8.00
0.00
0.00
0.00
0.00
0.00
0.00
0.00
1.10
28.80
3.90
75.20
20.60
0.00
0.00
0.20
0.00
0.00
0.00
0.00
0.00
0.00
0.00
0.00
0.00
0.00
0.00
1.80
0.00
0.00
5.30
0.30
0.00
0.00
3.00
0.00
0.00
0.00
2.40
31.20
0.00
0.00
0.30
205.80
12.20
63.80
0.00
7.30
12.40
15.60
1.90
2.40
57.30
0.10
0.00
0.00
0.40
0.60
34.00
27.00
0.40
0.00
0.00
32.20
11.30
1.20
0.70
1.20
3.30
0.00
0.40
8.00
12.30
14.20
14.20
1.30
17.80
88.70
0.80
0.10
32.00
33.40
16.70
43.10
24.70
12.40
85.00
5.90
2.20
1.00
15.30
15.60
0.20
0.20
16.40
26.10
26.10
3.20
5.30
8.40
0.00
0.40
1.30
7.00
3.50
1.70
7.10
77.00
15.80
0.00
0.10
3.30
2.00
7.10
0.00
2.30
0.00
8.80
22.60
0.70
30.00
14.10
0.10
15.90
4.30
2.60
0.40
0.00
0.40
33.70
98.10
115.80
100.60
0.70
4.50
5.20
0.90
0.60
10.20
22.20
14.70
10.50
92.20
170.20
170.20
95.40
95.40
8.70
2.20
2.20
0.60
0.10
2.20
2.20
2.20
0.40
19.20
22.00
2.00
11.20
6.10
13.90
3.50
1.80
14.70
4.00
0.50
12.10
2.20
0.10
0.70
10.30
11.20
4.80
0.40
1.50
0.40
13.30
2.60
8.20
9.70
1.40
0.10
0.00
0.40
1.10
2.40
16.70
9.50
18.80
2.70
0.40
5.80
0.90
0.20
15.10
7.40
7.20
8.30
7.50
9.70
1.60
4.20
15.10
0.50
5.30
11.50
14.80
16.10
15.90
11.00
7.90
6.30
4.40
3.30
7.50
1.60
1.50
8.20
14.30
7.00
24.80
1.20
16.10
12.20
10.00
15.80
15.80
24.30
0.90
0.20
1.40
5.10
10.80
5.50
2.70
0.30
0.00
0.10
0.00
2.10
0.70
0.00
2.60
0.80
0.60
0.70
4.90
0.30
0.20
3.00
11.70
41.50
