20160101
0.00
6.00
0.00
0.00
0.00
0.00
0.00
0.00
12.00
0.00
0.00
0.00
5.00
0.00
0.00
0.00
0.00
0.00
1.00
127.00
0.00
0.00
0.00
0.00
0.00
11.00
19.00
0.00
0.00
0.00
0.00
0.00
0.00
0.00
0.00
0.00
2.00
1.00
1.00
82.00
0.00
0.00
0.00
0.00
0.00
0.00
0.00
0.00
0.00
0.00
2.00
1.00
0.00
0.00
0.00
0.00
12.00
3.00
15.00
27.00
0.00
0.00
38.00
11.00
1.00
19.00
0.00
6.00
0.00
0.00
0.00
0.00
4.00
7.00
1.00
0.00
0.00
0.00
0.00
5.00
0.00
0.00
0.00
0.00
0.00
0.00
196.00
189.00
1.00
29.00
247.00
13.00
0.00
0.00
25.00
213.00
2.00
96.00
1.00
39.00
0.00
0.00
0.00
30.00
205.00
17.00
417.00
206.00
81.00
99.00
181.00
13.00
9.00
131.00
18.00
9.00
175.00
94.00
339.00
58.00
139.00
203.00
121.00
55.00
32.00
12.00
58.00
43.00
37.00
10.00
50.00
113.00
26.00
139.00
15.00
221.00
137.00
276.00
96.00
38.00
33.00
436.00
5.00
10.00
143.00
17.00
83.00
3.00
21.00
53.00
22.00
126.00
92.00
98.00
0.00
124.00
64.00
193.00
28.00
45.00
40.00
77.00
14.00
25.00
27.00
17.00
188.00
152.00
81.00
1.00
1.00
27.00
47.00
259.00
70.00
3.00
93.00
49.00
111.00
20.00
48.00
60.00
118.00
91.00
39.00
198.00
16.00
13.00
169.00
62.00
205.00
44.00
73.00
0.00
0.00
10.00
30.00
114.00
32.00
62.00
95.00
321.00
152.00
88.00
60.00
75.00
392.00
28.00
64.00
96.00
10.00
100.00
47.00
2.00
1.00
38.00
264.00
175.00
34.00
9.00
174.00
5.00
24.00
1.00
19.00
74.00
203.00
169.00
80.00
36.00
11.00
6.00
4.00
86.00
0.00
17.00
46.00
397.00
8.00
41.00
162.00
19.00
22.00
71.00
100.00
118.00
19.00
23.00
30.00
82.00
2.00
5.00
14.00
124.00
122.00
54.00
39.00
35.00
76.00
281.00
234.00
160.00
119.00
192.00
343.00
71.00
23.00
10.00
73.00
73.00
8.00
33.00
1.00
111.00
3.00
40.00
0.00
17.00
19.00
8.00
24.00
77.00
33.00
165.00
63.00
88.00
0.00
0.00
0.00
0.00
0.00
0.00
0.00
0.00
0.00
0.00
0.00
0.00
2.00
0.00
181.00
0.00
0.00
0.00
0.00
0.00
0.00
7.00
37.00
281.00
20.00
0.00
0.00
0.00
0.00
0.00
0.00
0.00
0.00
0.00
0.00
0.00
0.00
0.00
0.00
0.00
0.00
0.00
0.00
0.00
0.00
0.00
0.00
0.00
0.00
10.00
0.00
0.00
0.00
0.00
0.00
0.00
0.00
0.00
0.00
0.00
0.00
0.00
0.00
0.00
0.00
0.00
0.00
0.00
0.00
0.00
0.00
0.00
0.00
0.00
95.00
0.00
0.00
0.00
0.00
0.00
0.00
0.00
0.00
199.00
0.00
0.00
0.00
0.00
0.00
27.00
0.00
0.00
0.00
0.00
0.00
0.00
0.00
0.00
0.00
0.00
0.00
0.00
0.00
0.00
0.00
0.00
22.00
1.00
0.00
0.00
0.00
0.00
0.00
0.00
0.00
0.00
0.00
0.00
0.00
0.00
0.00
0.00
0.00
0.00
0.00
0.00
0.00
0.00
0.00
0.00
0.00
0.00
0.00
0.00
0.00
0.00
0.00
0.00
0.00
0.00
0.00
0.00
7.00
4.00
0.00
0.00
124.00
0.00
308.00
9.00
0.00
0.00
0.00
0.00
0.00
84.00
216.00
38.00
179.00
0.00
0.00
0.00
0.00
60.00
84.00
7.00
59.00
104.00
253.00
291.00
341.00
484.00
1149.00
256.00
0.00
1.00
41.00
5.00
3.00
0.00
0.00
0.00
4.00
265.00
191.00
4.00
0.00
0.00
154.00
45.00
52.00
6.00
0.00
0.00
40.00
87.00
12.00
244.00
7.00
193.00
8.00
5.00
27.00
42.00
174.00
286.00
1.00
24.00
17.00
13.00
25.00
93.00
69.00
32.00
92.00
19.00
21.00
44.00
34.00
133.00
51.00
57.00
13.00
111.00
317.00
195.00
17.00
4.00
101.00
575.00
4.00
85.00
177.00
29.00
12.00
32.00
67.00
42.00
59.00
148.00
299.00
327.00
407.00
168.00
11.00
0.00
372.00
251.00
145.00
49.00
6.00
97.00
213.00
44.00
109.00
13.00
25.00
20.00
57.00
25.00
345.00
40.00
4.00
15.00
128.00
168.00
19.00
5.00
80.00
77.00
102.00
47.00
28.00
0.00
18.00
168.00
46.00
17.00
105.00
146.00
4.00
309.00
46.00
133.00
7.00
58.00
30.00
21.00
61.00
96.00
61.00
94.00
24.00
30.00
117.00
224.00
46.00
53.00
16.00
24.00
41.00
617.00
857.00
888.00
331.00
41.00
11.00
14.00
341.00
167.00
0.00
164.00
32.00
6.00
10.00
11.00
81.00
162.00
21.00
158.00
19.00
44.00
53.00
89.00
122.00
226.00
59.00
0.00
11.00
6.00
39.00
56.00
24.00
22.00
38.00
19.00
7.00
4.00
0.00
142.00
33.00
65.00
56.00
11.00
11.00
248.00
178.00
12.00
50.00
50.00
109.00
60.00
293.00
29.00
41.00
56.00
20.00
8.00
15.00
30.00
53.00
33.00
89.00
20.00
25.00
24.00
26.00
4.00
0.00
0.00
0.00
86.00
508.00
967.00
0.00
0.00
0.00
0.00
0.00
0.00
0.00
20.00
217.00
0.00
0.00
0.00
0.00
0.00
0.00
0.00
0.00
0.00
0.00
0.00
0.00
0.00
0.00
4.00
280.00
47.00
2.00
0.00
0.00
0.00
0.00
0.00
0.00
0.00
0.00
0.00
0.00
0.00
0.00
0.00
0.00
0.00
0.00
0.00
0.00
0.00
8.00
0.00
74.00
26.00
0.00
0.00
0.00
0.00
0.00
0.00
0.00
0.00
5.00
1.00
0.00
0.00
0.00
0.00
0.00
0.00
0.00
0.00
0.00
0.00
0.00
314.00
0.00
3.00
0.00
0.00
0.00
0.00
0.00
0.00
0.00
0.00
0.00
0.00
0.00
0.00
0.00
0.00
0.00
0.00
0.00
0.00
0.00
0.00
0.00
0.00
0.00
0.00
0.00
0.00
0.00
0.00
0.00
0.00
0.00
0.00
0.00
16.00
39.00
8.00
4.00
14.00
21.00
2.00
8.00
102.00
0.00
0.00
0.00
0.00
0.00
1.00
0.00
0.00
0.00
0.00
258.00
519.00
0.00
0.00
0.00
33.00
0.00
0.00
0.00
0.00
0.00
0.00
0.00
2.00
48.00
4.00
88.00
0.00
2.00
17.00
0.00
0.00
0.00
0.00
0.00
0.00
218.00
0.00
2.00
12.00
42.00
0.00
177.00
229.00
89.00
46.00
32.00
25.00
54.00
96.00
2.00
40.00
59.00
60.00
187.00
71.00
50.00
66.00
51.00
116.00
307.00
140.00
36.00
13.00
16.00
22.00
6.00
0.00
1.00
16.00
52.00
42.00
353.00
33.00
231.00
74.00
152.00
1.00
28.00
25.00
105.00
289.00
54.00
413.00
213.00
51.00
58.00
7.00
1.00
72.00
0.00
0.00
0.00
0.00
0.00
0.00
1.00
14.00
73.00
319.00
119.00
108.00
54.00
0.00
41.00
14.00
18.00
6.00
61.00
22.00
28.00
146.00
38.00
70.00
35.00
71.00
81.00
552.00
289.00
209.00
66.00
1.00
191.00
0.00
38.00
0.00
34.00
2.00
98.00
25.00
25.00
48.00
24.00
16.00
3.00
4.00
66.00
232.00
241.00
142.00
23.00
0.00
29.00
0.00
1.00
0.00
192.00
99.00
37.00
42.00
107.00
106.00
24.00
2.00
14.00
153.00
110.00
24.00
11.00
72.00
8.00
2.00
0.00
39.00
40.00
148.00
177.00
139.00
0.00
0.00
5.00
461.00
33.00
185.00
77.00
46.00
2.00
55.00
130.00
44.00
97.00
64.00
326.00
35.00
6.00
19.00
124.00
3.00
0.00
21.00
21.00
52.00
108.00
2.00
17.00
0.00
0.00
128.00
103.00
12.00
27.00
97.00
0.00
1.00
2.00
6.00
46.00
81.00
46.00
89.00
56.00
44.00
23.00
2.00
22.00
4.00
67.00
68.00
51.00
22.00
19.00
24.00
42.00
0.00
12.00
44.00
0.00
4.00
0.00
0.00
0.00
0.00
1.00
0.00
14.00
0.00
0.00
18.00
17.00
66.00
32.00
0.00
0.00
0.00
0.00
0.00
0.00
0.00
0.00
0.00
0.00
116.00
0.00
0.00
0.00
13.00
6.00
7.00
0.00
0.00
179.00
2.00
0.00
0.00
0.00
0.00
0.00
0.00
0.00
0.00
0.00
0.00
0.00
0.00
0.00
0.00
0.00
0.00
0.00
0.00
0.00
0.00
0.00
0.00
0.00
0.00
0.00
1.00
0.00
0.00
0.00
0.00
0.00
13.00
0.00
0.00
0.00
0.00
0.00
0.00
0.00
0.00
0.00
0.00
41.00
397.00
327.00
0.00
0.00
0.00
0.00
0.00
0.00
0.00
0.00
0.00
0.00
0.00
0.00
0.00
0.00
0.00
0.00
0.00
0.00
0.00
0.00
0.00
0.00
0.00
0.00
0.00
0.00
0.00
0.00
0.00
0.00
0.00
0.00
0.00
0.00
0.00
0.00
0.00
0.00
0.00
0.00
0.00
0.00
0.00
0.00
1.00
0.00
0.00
0.00
0.00
0.00
0.00
36.00
4.00
0.00
0.00
0.00
5.00
0.00
0.00
29.00
18.00
0.00
0.00
0.00
0.00
0.00
0.00
0.50
27.00
3.40
64.20
58.60
0.00
1.70
1.30
0.00
0.00
0.00
0.00
0.00
0.00
0.00
0.00
0.00
0.00
0.50
5.40
0.00
0.00
18.10
9.00
0.00
0.00
12.00
0.00
0.00
0.00
7.40
26.90
0.00
0.00
0.80
111.30
23.20
47.70
1.60
5.00
13.90
20.00
13.30
6.10
12.60
0.00
0.00
0.00
4.60
14.50
11.90
14.50
13.40
1.10
1.60
11.90
6.40
2.90
4.90
1.10
1.20
3.30
0.10
9.40
5.50
9.80
9.80
1.80
23.80
101.00
0.00
0.00
36.10
14.70
7.40
34.80
33.70
20.20
5.30
4.50
4.00
2.20
14.00
6.60
0.10
0.10
9.40
14.70
14.70
1.90
2.60
1.30
5.50
2.10
3.70
6.10
11.40
2.30
5.20
10.00
2.10
0.30
0.10
6.80
0.10
3.90
0.80
1.40
2.90
1.20
10.60
1.00
20.50
8.10
4.60
5.00
6.60
5.00
0.00
0.10
1.70
6.10
67.00
41.60
67.00
7.30
3.60
1.90
1.90
1.40
29.60
66.80
22.90
15.00
32.30
65.00
65.00
50.70
50.70
16.10
1.60
1.60
12.80
1.70
1.60
1.60
1.60
6.30
12.30
7.30
10.90
13.60
18.10
6.00
10.30
0.30
19.70
11.20
1.20
27.90
4.80
8.40
0.40
6.70
22.00
2.40
0.80
3.70
0.10
19.60
1.40
0.20
0.00
2.40
0.00
0.00
3.00
0.10
0.40
13.10
12.10
2.90
0.10
3.50
14.80
4.90
0.50
7.00
7.10
0.90
67.00
7.50
11.00
3.20
5.60
14.10
0.90
0.90
1.90
1.00
21.40
11.80
3.00
3.60
0.30
0.10
6.70
0.80
7.40
5.60
8.10
13.80
9.30
9.10
5.10
0.00
13.10
5.10
7.20
7.20
27.30
2.20
7.40
2.60
9.80
5.00
10.60
0.90
0.20
0.50
0.10
0.00
0.00
2.20
0.40
0.00
0.30
0.40
1.50
4.90
0.30
0.20
3.00
11.70
41.50
