20160101
0.00
22.00
4.00
0.00
10.00
12.00
0.00
13.00
10.00
0.00
0.00
0.00
2.00
0.00
5.00
1.00
0.00
0.00
11.00
146.00
0.00
15.00
0.00
0.00
1.00
39.00
37.00
5.00
2.00
0.00
3.00
0.00
0.00
0.00
0.00
0.00
0.00
197.00
9.00
42.00
0.00
0.00
26.00
0.00
0.00
0.00
0.00
0.00
0.00
4.00
0.00
1.00
0.00
0.00
5.00
1.00
6.00
0.00
88.00
0.00
7.00
0.00
26.00
4.00
5.00
5.00
3.00
86.00
0.00
12.00
0.00
0.00
49.00
3.00
1.00
0.00
0.00
0.00
0.00
3.00
7.00
1.00
1.00
0.00
0.00
0.00
2.00
152.00
20.00
22.00
67.00
28.00
0.00
5.00
6.00
47.00
59.00
8.00
40.00
0.00
0.00
47.00
1.00
5.00
75.00
56.00
259.00
128.00
70.00
285.00
15.00
0.00
2.00
36.00
30.00
0.00
59.00
51.00
146.00
58.00
222.00
35.00
61.00
16.00
4.00
1.00
4.00
3.00
4.00
5.00
1.00
89.00
9.00
50.00
10.00
35.00
368.00
313.00
117.00
23.00
140.00
425.00
2.00
3.00
63.00
33.00
3.00
10.00
19.00
20.00
11.00
84.00
31.00
11.00
7.00
205.00
68.00
40.00
33.00
25.00
124.00
311.00
178.00
34.00
39.00
17.00
189.00
140.00
255.00
199.00
2.00
23.00
3.00
33.00
52.00
35.00
77.00
22.00
17.00
12.00
89.00
66.00
207.00
327.00
452.00
75.00
9.00
37.00
42.00
10.00
9.00
13.00
56.00
59.00
65.00
174.00
177.00
76.00
17.00
4.00
7.00
56.00
13.00
80.00
47.00
51.00
320.00
8.00
64.00
47.00
87.00
42.00
51.00
108.00
45.00
71.00
54.00
86.00
254.00
110.00
111.00
55.00
130.00
542.00
109.00
40.00
15.00
100.00
64.00
22.00
46.00
5.00
245.00
279.00
242.00
65.00
94.00
451.00
0.00
34.00
95.00
386.00
356.00
58.00
11.00
62.00
35.00
65.00
0.00
10.00
74.00
13.00
71.00
8.00
20.00
231.00
85.00
98.00
52.00
123.00
189.00
153.00
120.00
116.00
71.00
9.00
95.00
67.00
31.00
31.00
19.00
93.00
60.00
0.00
169.00
31.00
20.00
32.00
6.00
135.00
47.00
37.00
64.00
76.00
20.00
9.00
16.00
0.00
1.00
0.00
1.00
22.00
20.00
0.00
0.00
3.00
0.00
0.00
4.00
0.00
90.00
7.00
21.00
0.00
18.00
6.00
1.00
75.00
65.00
248.00
239.00
52.00
0.00
0.00
0.00
0.00
0.00
0.00
0.00
0.00
7.00
0.00
0.00
0.00
0.00
7.00
10.00
3.00
0.00
0.00
0.00
0.00
18.00
14.00
220.00
96.00
7.00
1.00
0.00
0.00
0.00
2.00
0.00
0.00
0.00
0.00
0.00
2.00
22.00
2.00
45.00
0.00
0.00
6.00
0.00
2.00
0.00
0.00
0.00
75.00
109.00
14.00
4.00
0.00
99.00
7.00
21.00
10.00
18.00
208.00
5.00
3.00
0.00
3.00
0.00
19.00
0.00
0.00
0.00
0.00
0.00
0.00
0.00
0.00
0.00
0.00
0.00
0.00
0.00
0.00
0.00
0.00
11.00
1.00
0.00
54.00
7.00
0.00
0.00
0.00
0.00
0.00
0.00
0.00
0.00
0.00
0.00
1.00
0.00
0.00
0.00
0.00
0.00
0.00
1.00
2.00
0.00
1.00
58.00
9.00
0.00
33.00
0.00
21.00
0.00
0.00
0.00
1.00
33.00
23.00
23.00
0.00
93.00
34.00
321.00
59.00
1.00
3.00
0.00
1.00
3.00
0.00
271.00
50.00
182.00
4.00
0.00
0.00
33.00
26.00
283.00
1.00
10.00
77.00
217.00
189.00
207.00
478.00
484.00
236.00
24.00
0.00
25.00
72.00
4.00
0.00
0.00
0.00
0.00
6.00
96.00
0.00
23.00
24.00
85.00
1.00
17.00
29.00
2.00
1.00
73.00
48.00
31.00
129.00
0.00
81.00
11.00
1.00
3.00
1.00
118.00
115.00
3.00
1.00
119.00
21.00
24.00
29.00
13.00
28.00
27.00
60.00
2.00
39.00
16.00
28.00
4.00
39.00
70.00
55.00
22.00
77.00
22.00
18.00
224.00
518.00
14.00
98.00
112.00
43.00
0.00
79.00
93.00
36.00
207.00
166.00
211.00
313.00
245.00
37.00
16.00
8.00
422.00
55.00
17.00
15.00
30.00
50.00
87.00
99.00
73.00
12.00
9.00
236.00
100.00
72.00
161.00
241.00
152.00
40.00
113.00
21.00
59.00
45.00
156.00
395.00
199.00
143.00
50.00
71.00
162.00
48.00
6.00
13.00
62.00
257.00
50.00
80.00
205.00
140.00
82.00
72.00
73.00
19.00
110.00
35.00
25.00
13.00
7.00
47.00
100.00
132.00
55.00
114.00
103.00
35.00
28.00
57.00
258.00
83.00
30.00
17.00
68.00
61.00
12.00
14.00
7.00
25.00
11.00
9.00
4.00
39.00
203.00
87.00
9.00
121.00
21.00
12.00
26.00
57.00
22.00
1.00
133.00
21.00
26.00
108.00
33.00
1.00
38.00
223.00
137.00
27.00
209.00
38.00
10.00
348.00
88.00
47.00
153.00
2.00
26.00
1.00
50.00
1.00
21.00
175.00
82.00
372.00
48.00
4.00
0.00
39.00
224.00
100.00
121.00
139.00
45.00
151.00
3.00
14.00
78.00
17.00
12.00
5.00
0.00
22.00
38.00
18.00
247.00
488.00
0.00
0.00
0.00
26.00
0.00
0.00
28.00
765.00
785.00
6.00
5.00
0.00
12.00
8.00
0.00
0.00
0.00
0.00
0.00
28.00
0.00
0.00
0.00
15.00
273.00
1.00
5.00
7.00
0.00
31.00
0.00
0.00
0.00
0.00
0.00
14.00
4.00
0.00
0.00
0.00
0.00
0.00
0.00
16.00
10.00
10.00
29.00
3.00
17.00
5.00
0.00
16.00
0.00
0.00
0.00
0.00
0.00
5.00
51.00
11.00
14.00
0.00
0.00
0.00
14.00
13.00
0.00
19.00
0.00
0.00
1.00
134.00
207.00
110.00
0.00
0.00
0.00
0.00
0.00
0.00
0.00
31.00
0.00
51.00
21.00
0.00
3.00
1.00
0.00
0.00
0.00
0.00
0.00
14.00
0.00
24.00
0.00
0.00
7.00
32.00
0.00
1.00
8.00
0.00
0.00
0.00
0.00
1.00
23.00
23.00
0.00
5.00
0.00
0.00
7.00
61.00
0.00
0.00
2.00
0.00
0.00
0.00
3.00
1.00
0.00
2.00
4.00
881.00
0.00
0.00
0.00
9.00
4.00
0.00
24.00
0.00
0.00
0.00
3.00
0.00
0.00
65.00
35.00
1.00
3.00
99.00
143.00
23.00
0.00
0.00
0.00
0.00
21.00
0.00
0.00
140.00
24.00
1.00
15.00
79.00
2.00
28.00
22.00
55.00
14.00
29.00
73.00
6.00
141.00
6.00
3.00
38.00
84.00
14.00
106.00
50.00
18.00
76.00
12.00
76.00
28.00
55.00
3.00
0.00
33.00
103.00
61.00
21.00
30.00
50.00
82.00
27.00
261.00
52.00
169.00
11.00
43.00
90.00
5.00
492.00
92.00
6.00
126.00
23.00
2.00
47.00
17.00
15.00
0.00
4.00
5.00
49.00
99.00
2.00
38.00
32.00
9.00
40.00
33.00
150.00
2.00
33.00
17.00
77.00
156.00
46.00
96.00
307.00
63.00
88.00
219.00
200.00
166.00
635.00
358.00
143.00
64.00
13.00
15.00
83.00
3.00
6.00
69.00
29.00
29.00
42.00
82.00
31.00
79.00
11.00
21.00
7.00
1.00
24.00
47.00
11.00
1.00
44.00
26.00
45.00
131.00
9.00
110.00
74.00
38.00
25.00
13.00
50.00
128.00
58.00
29.00
80.00
57.00
71.00
100.00
216.00
298.00
190.00
79.00
286.00
297.00
325.00
59.00
162.00
65.00
17.00
63.00
6.00
16.00
45.00
158.00
21.00
65.00
132.00
119.00
98.00
36.00
11.00
63.00
127.00
219.00
5.00
16.00
27.00
8.00
73.00
59.00
66.00
33.00
93.00
155.00
25.00
0.00
107.00
94.00
46.00
11.00
18.00
8.00
0.00
0.00
11.00
42.00
49.00
13.00
44.00
50.00
12.00
34.00
107.00
38.00
54.00
90.00
41.00
13.00
7.00
0.00
23.00
14.00
57.00
39.00
0.00
7.00
4.00
10.00
12.00
16.00
30.00
1.00
0.00
23.00
35.00
1.00
57.00
46.00
189.00
102.00
58.00
6.00
0.00
13.00
37.00
1.00
0.00
0.00
0.00
0.00
19.00
0.00
21.00
187.00
270.00
36.00
73.00
8.00
0.00
12.00
19.00
1.00
2.00
0.00
0.00
21.00
16.00
0.00
16.00
14.00
83.00
0.00
0.00
0.00
1.00
0.00
45.00
6.00
0.00
0.00
1.00
0.00
0.00
0.00
0.00
0.00
22.00
0.00
0.00
0.00
0.00
7.00
80.00
17.00
20.00
0.00
0.00
0.00
8.00
0.00
0.00
37.00
63.00
7.00
70.00
506.00
19.00
0.00
0.00
0.00
0.00
0.00
0.00
0.00
0.00
0.00
0.00
0.00
0.00
0.00
0.00
37.00
0.00
3.00
1.00
9.00
5.00
27.00
24.00
0.00
15.00
0.00
0.00
8.00
8.00
0.00
0.00
1.00
0.00
0.00
4.00
6.00
0.00
0.00
43.00
43.00
8.00
17.00
0.00
4.00
4.00
0.00
0.00
0.00
0.00
0.00
0.00
0.00
1.00
0.00
0.00
2.00
4.00
1.00
0.00
4.00
11.00
2.00
0.00
0.00
0.00
0.00
0.10
0.00
15.00
9.20
81.40
54.70
0.50
0.00
4.90
1.70
0.10
0.00
0.00
0.10
0.00
0.00
0.80
0.00
0.00
0.00
5.20
4.20
0.70
59.70
58.30
9.50
0.60
2.90
4.60
0.00
0.40
3.50
33.60
0.10
0.30
0.00
21.30
24.70
81.80
0.40
30.50
7.90
3.70
9.40
13.50
9.80
0.30
0.00
0.00
0.00
7.10
4.80
3.40
20.60
28.40
0.20
17.70
0.20
3.90
0.00
1.10
1.60
1.30
0.30
4.50
3.50
0.10
0.10
1.20
9.40
29.70
0.00
0.00
0.50
3.50
6.60
9.70
17.10
6.00
0.90
1.70
2.60
0.60
9.50
2.00
0.30
0.30
2.20
0.80
0.80
14.00
9.40
2.70
1.90
10.90
2.40
0.30
8.20
3.10
8.50
11.30
4.00
0.50
6.20
4.60
0.70
0.50
8.80
5.60
30.80
5.20
13.50
6.60
3.10
2.80
5.80
13.30
5.80
10.50
9.20
0.90
4.60
2.90
5.00
5.10
23.70
7.00
2.10
0.60
4.60
9.20
6.70
5.90
24.60
3.40
4.80
6.00
6.00
24.00
24.00
1.70
3.60
3.60
8.40
2.30
3.60
3.60
3.60
5.00
5.90
5.40
4.30
22.20
21.90
15.70
4.00
5.50
19.60
12.30
13.40
24.10
23.10
4.30
4.90
7.10
1.70
21.20
5.90
3.30
2.30
4.20
21.80
8.40
4.60
2.10
4.90
2.70
1.50
3.40
12.60
16.10
9.20
7.10
3.70
1.20
9.00
23.00
1.10
10.70
12.30
3.00
5.00
1.50
8.70
8.10
3.50
2.40
7.80
4.10
16.40
6.00
14.60
4.50
8.20
4.80
6.90
1.30
7.70
1.20
4.20
10.40
20.10
11.70
14.00
3.90
2.30
3.90
6.30
27.50
8.90
8.90
5.50
1.90
4.10
2.70
22.40
11.60
9.10
4.90
7.00
1.80
1.60
0.20
1.00
11.10
2.50
2.70
2.10
1.20
2.10
3.20
0.40
1.20
0.20
0.80
5.90
