20160101
0.00
0.00
0.00
0.00
0.00
0.00
0.00
0.00
0.00
0.00
0.00
0.00
0.00
0.00
0.00
0.00
0.00
0.00
8.00
3.00
0.00
0.00
0.00
0.00
0.00
0.00
0.00
0.00
0.00
0.00
0.00
0.00
0.00
0.00
0.00
0.00
0.00
0.00
7.00
0.00
0.00
0.00
0.00
0.00
0.00
0.00
2.00
0.00
0.00
0.00
14.00
2.00
0.00
0.00
0.00
0.00
4.00
0.00
0.00
0.00
0.00
0.00
0.00
0.00
0.00
8.00
0.00
1.00
0.00
0.00
0.00
0.00
2.00
8.00
0.00
0.00
0.00
0.00
17.00
7.00
0.00
0.00
0.00
0.00
0.00
0.00
25.00
246.00
1.00
378.00
312.00
6.00
0.00
1.00
0.00
4.00
0.00
0.00
0.00
0.00
0.00
0.00
0.00
0.00
0.00
0.00
227.00
8.00
41.00
0.00
17.00
0.00
0.00
0.00
0.00
0.00
0.00
247.00
0.00
0.00
0.00
0.00
0.00
108.00
7.00
28.00
41.00
297.00
19.00
45.00
128.00
7.00
98.00
127.00
393.00
119.00
20.00
45.00
162.00
352.00
49.00
9.00
0.00
0.00
162.00
123.00
0.00
2.00
0.00
0.00
5.00
80.00
0.00
0.00
0.00
45.00
0.00
1.00
53.00
0.00
15.00
141.00
205.00
0.00
0.00
170.00
104.00
205.00
3.00
91.00
80.00
7.00
69.00
79.00
549.00
108.00
60.00
32.00
68.00
3.00
8.00
6.00
74.00
441.00
110.00
251.00
157.00
0.00
114.00
338.00
70.00
25.00
111.00
83.00
142.00
152.00
58.00
108.00
617.00
240.00
87.00
205.00
367.00
55.00
240.00
20.00
301.00
16.00
11.00
89.00
212.00
154.00
53.00
221.00
279.00
12.00
204.00
136.00
15.00
49.00
20.00
50.00
63.00
53.00
11.00
87.00
120.00
209.00
257.00
139.00
7.00
0.00
1.00
39.00
0.00
2.00
4.00
138.00
12.00
0.00
377.00
25.00
148.00
22.00
31.00
351.00
12.00
36.00
1.00
12.00
56.00
6.00
0.00
129.00
17.00
39.00
2.00
2.00
17.00
26.00
40.00
59.00
23.00
54.00
123.00
0.00
245.00
45.00
543.00
176.00
0.00
43.00
108.00
0.00
15.00
0.00
16.00
0.00
0.00
22.00
5.00
1.00
247.00
325.00
46.00
0.00
0.00
0.00
0.00
0.00
0.00
0.00
0.00
0.00
0.00
0.00
0.00
0.00
0.00
0.00
48.00
0.00
0.00
0.00
0.00
0.00
0.00
10.00
13.00
27.00
0.00
0.00
0.00
0.00
0.00
0.00
0.00
0.00
0.00
0.00
0.00
0.00
0.00
0.00
0.00
0.00
0.00
0.00
0.00
0.00
0.00
0.00
0.00
0.00
0.00
1.00
0.00
0.00
0.00
0.00
0.00
0.00
0.00
0.00
0.00
0.00
0.00
0.00
0.00
0.00
0.00
0.00
0.00
0.00
0.00
0.00
0.00
0.00
0.00
0.00
2.00
0.00
0.00
0.00
0.00
0.00
0.00
0.00
0.00
0.00
0.00
0.00
0.00
0.00
0.00
87.00
0.00
0.00
0.00
0.00
0.00
0.00
0.00
0.00
0.00
0.00
0.00
0.00
0.00
0.00
0.00
13.00
28.00
27.00
0.00
0.00
0.00
0.00
0.00
0.00
0.00
0.00
0.00
0.00
0.00
0.00
0.00
0.00
1.00
0.00
0.00
0.00
0.00
0.00
0.00
0.00
0.00
0.00
0.00
0.00
0.00
0.00
0.00
0.00
0.00
0.00
0.00
0.00
77.00
0.00
0.00
0.00
9.00
0.00
100.00
0.00
0.00
0.00
0.00
0.00
0.00
1.00
157.00
23.00
130.00
0.00
0.00
0.00
0.00
259.00
0.00
16.00
905.00
62.00
15.00
27.00
122.00
247.00
312.00
0.00
213.00
13.00
7.00
63.00
0.00
0.00
0.00
0.00
0.00
0.00
622.00
127.00
0.00
0.00
153.00
56.00
418.00
536.00
0.00
162.00
50.00
1.00
0.00
39.00
0.00
74.00
29.00
0.00
276.00
168.00
39.00
275.00
0.00
9.00
245.00
6.00
191.00
16.00
14.00
772.00
478.00
0.00
29.00
376.00
27.00
102.00
2.00
70.00
3.00
0.00
8.00
239.00
1.00
0.00
93.00
44.00
73.00
134.00
374.00
154.00
1.00
7.00
0.00
6.00
59.00
37.00
95.00
12.00
1046.00
54.00
44.00
1.00
222.00
77.00
540.00
460.00
2.00
191.00
12.00
2.00
107.00
165.00
0.00
21.00
13.00
20.00
64.00
269.00
13.00
482.00
148.00
54.00
38.00
57.00
36.00
179.00
194.00
211.00
79.00
0.00
2.00
4.00
47.00
9.00
547.00
306.00
6.00
11.00
173.00
315.00
162.00
50.00
7.00
9.00
15.00
307.00
24.00
15.00
496.00
109.00
66.00
48.00
244.00
351.00
44.00
8.00
138.00
333.00
1072.00
342.00
483.00
155.00
71.00
17.00
51.00
10.00
11.00
103.00
337.00
211.00
74.00
11.00
25.00
473.00
86.00
23.00
107.00
12.00
133.00
586.00
335.00
100.00
0.00
35.00
29.00
102.00
299.00
569.00
812.00
30.00
0.00
0.00
1.00
0.00
0.00
405.00
116.00
215.00
125.00
5.00
1.00
3.00
22.00
2.00
0.00
207.00
72.00
293.00
430.00
85.00
106.00
2.00
0.00
0.00
18.00
0.00
1.00
0.00
0.00
0.00
1.00
199.00
36.00
7.00
0.00
0.00
0.00
18.00
820.00
560.00
0.00
0.00
0.00
0.00
0.00
0.00
0.00
0.00
3.00
0.00
0.00
0.00
0.00
0.00
0.00
0.00
0.00
0.00
0.00
0.00
0.00
0.00
2.00
5.00
170.00
41.00
2.00
0.00
0.00
0.00
0.00
0.00
0.00
0.00
0.00
0.00
0.00
0.00
0.00
0.00
0.00
0.00
0.00
0.00
0.00
0.00
0.00
2.00
81.00
5.00
0.00
0.00
0.00
0.00
0.00
0.00
0.00
0.00
5.00
0.00
0.00
0.00
0.00
0.00
0.00
0.00
0.00
0.00
0.00
0.00
0.00
0.00
0.00
0.00
0.00
0.00
0.00
0.00
0.00
0.00
0.00
0.00
0.00
0.00
0.00
0.00
0.00
0.00
0.00
0.00
0.00
0.00
0.00
0.00
0.00
0.00
0.00
0.00
0.00
0.00
0.00
0.00
0.00
0.00
0.00
0.00
0.00
0.00
896.00
90.00
0.00
25.00
13.00
162.00
471.00
500.00
0.00
0.00
0.00
0.00
0.00
0.00
0.00
0.00
0.00
0.00
299.00
1.00
0.00
0.00
0.00
0.00
0.00
0.00
0.00
0.00
0.00
0.00
0.00
0.00
0.00
52.00
0.00
0.00
0.00
16.00
0.00
0.00
0.00
0.00
0.00
0.00
0.00
0.00
0.00
66.00
0.00
42.00
246.00
698.00
153.00
1.00
1.00
0.00
0.00
11.00
0.00
12.00
23.00
72.00
0.00
44.00
9.00
0.00
51.00
0.00
66.00
136.00
5.00
44.00
0.00
6.00
0.00
5.00
45.00
49.00
6.00
0.00
26.00
75.00
314.00
114.00
204.00
2.00
372.00
0.00
494.00
277.00
0.00
301.00
34.00
1.00
4.00
53.00
0.00
207.00
4.00
0.00
0.00
0.00
0.00
11.00
25.00
64.00
53.00
193.00
72.00
8.00
147.00
0.00
84.00
27.00
34.00
0.00
12.00
0.00
10.00
92.00
1.00
1.00
12.00
83.00
22.00
29.00
5.00
80.00
3.00
60.00
55.00
118.00
90.00
10.00
0.00
0.00
7.00
161.00
33.00
20.00
5.00
18.00
32.00
103.00
302.00
457.00
50.00
43.00
0.00
0.00
6.00
0.00
3.00
20.00
18.00
75.00
51.00
39.00
17.00
8.00
5.00
6.00
1.00
363.00
59.00
42.00
136.00
162.00
111.00
6.00
130.00
239.00
154.00
65.00
101.00
627.00
125.00
31.00
14.00
58.00
63.00
37.00
46.00
3.00
3.00
12.00
70.00
96.00
78.00
581.00
35.00
4.00
2.00
120.00
153.00
48.00
128.00
1151.00
285.00
104.00
63.00
5.00
62.00
3.00
4.00
47.00
44.00
255.00
547.00
207.00
31.00
3.00
0.00
0.00
1.00
35.00
208.00
814.00
81.00
16.00
0.00
0.00
0.00
5.00
98.00
137.00
0.00
1.00
2.00
34.00
43.00
73.00
0.00
111.00
0.00
0.00
0.00
0.00
0.00
0.00
0.00
0.00
0.00
0.00
0.00
1.00
459.00
24.00
26.00
0.00
0.00
0.00
0.00
0.00
0.00
0.00
0.00
0.00
0.00
0.00
0.00
0.00
0.00
0.00
0.00
0.00
0.00
0.00
0.00
0.00
0.00
0.00
0.00
0.00
0.00
0.00
0.00
0.00
0.00
0.00
0.00
0.00
0.00
0.00
0.00
0.00
0.00
0.00
0.00
0.00
0.00
0.00
0.00
0.00
0.00
0.00
0.00
0.00
0.00
0.00
0.00
14.00
0.00
0.00
0.00
0.00
0.00
0.00
0.00
0.00
0.00
0.00
0.00
71.00
269.00
0.00
0.00
0.00
0.00
0.00
0.00
0.00
0.00
0.00
0.00
0.00
0.00
0.00
0.00
0.00
0.00
0.00
19.00
0.00
0.00
0.00
0.00
0.00
0.00
0.00
0.00
0.00
0.00
0.00
0.00
0.00
0.00
0.00
0.00
0.00
0.00
0.00
0.00
1.00
1.00
0.00
0.00
0.00
0.00
0.00
0.00
0.00
0.00
0.00
0.00
3.00
14.00
0.00
0.00
0.00
1.00
0.00
0.00
6.00
8.00
0.00
0.00
0.00
0.00
0.00
0.00
0.00
4.10
3.30
0.00
35.10
4.00
0.00
0.00
0.00
21.80
0.00
0.00
0.00
0.00
0.00
0.00
0.00
0.00
0.00
0.10
0.30
0.00
0.20
4.50
0.00
0.00
0.00
0.70
0.00
0.00
0.00
12.90
0.00
0.00
53.30
0.70
73.40
1.60
21.30
0.00
11.20
20.50
12.70
0.80
2.00
17.70
0.00
0.00
0.00
3.90
0.00
21.10
10.60
0.00
0.00
0.00
0.00
4.80
0.00
0.00
0.00
0.00
11.50
0.00
6.60
4.50
11.80
11.80
2.50
55.80
50.90
0.00
0.00
0.60
0.00
18.80
54.40
28.80
0.00
14.00
2.70
37.40
0.00
30.40
44.70
2.80
2.80
0.00
25.20
25.20
12.30
2.30
0.30
33.50
7.60
5.90
6.30
31.40
16.10
33.90
5.30
0.10
0.30
0.10
0.10
0.00
0.00
0.00
29.70
0.10
5.70
5.40
15.30
49.20
9.50
0.00
11.40
17.10
6.60
0.20
0.00
0.30
33.90
69.50
32.40
4.30
0.00
0.20
2.10
0.00
0.00
6.60
7.40
12.70
6.60
55.10
212.20
212.20
61.80
61.80
28.60
1.40
1.40
5.90
0.40
1.40
1.40
1.40
1.50
8.40
68.90
11.80
6.20
20.60
4.80
1.50
3.30
22.20
23.30
4.20
2.30
2.50
21.70
5.70
11.20
8.80
4.00
2.10
3.50
7.50
40.50
33.90
15.10
11.40
15.70
2.70
0.50
0.20
1.20
2.50
90.00
13.00
8.60
1.40
0.30
1.40
8.30
1.10
4.00
3.90
2.20
10.00
7.40
7.80
0.80
6.50
4.10
0.30
25.40
25.40
6.80
0.80
41.00
9.50
12.70
66.70
24.70
0.00
0.00
0.00
0.40
11.90
11.80
31.70
23.40
0.00
1.10
24.60
12.70
98.20
98.20
0.00
0.70
2.00
10.00
2.70
91.60
47.10
11.70
0.00
0.00
0.00
0.00
0.00
0.00
0.20
0.00
0.00
0.00
0.00
0.10
0.10
0.00
0.30
22.00
120.00
