20160101
0.00
0.00
0.00
0.00
0.00
0.00
0.00
0.00
54.00
0.00
0.00
0.00
1.00
0.00
0.00
0.00
0.00
0.00
0.00
121.00
0.00
0.00
0.00
0.00
0.00
0.00
0.00
0.00
0.00
0.00
0.00
0.00
0.00
0.00
0.00
0.00
0.00
3.00
4.00
0.00
0.00
0.00
0.00
0.00
0.00
0.00
0.00
0.00
0.00
0.00
0.00
9.00
0.00
4.00
115.00
0.00
0.00
0.00
0.00
0.00
0.00
0.00
0.00
14.00
0.00
104.00
0.00
0.00
0.00
0.00
0.00
0.00
35.00
0.00
0.00
1.00
0.00
0.00
0.00
0.00
0.00
0.00
1.00
0.00
0.00
0.00
43.00
449.00
80.00
271.00
133.00
1.00
0.00
16.00
26.00
192.00
29.00
79.00
98.00
0.00
0.00
5.00
130.00
42.00
311.00
200.00
403.00
119.00
204.00
251.00
92.00
14.00
66.00
1376.00
410.00
9.00
139.00
128.00
196.00
123.00
330.00
69.00
20.00
18.00
46.00
2.00
6.00
5.00
3.00
7.00
0.00
78.00
76.00
106.00
51.00
250.00
1641.00
647.00
181.00
21.00
61.00
584.00
0.00
0.00
42.00
13.00
4.00
75.00
15.00
74.00
5.00
59.00
0.00
0.00
0.00
101.00
8.00
227.00
265.00
99.00
22.00
228.00
13.00
12.00
6.00
0.00
164.00
42.00
168.00
25.00
0.00
5.00
9.00
14.00
6.00
2.00
37.00
79.00
51.00
5.00
17.00
20.00
188.00
111.00
228.00
78.00
50.00
25.00
10.00
4.00
34.00
9.00
44.00
5.00
4.00
3.00
104.00
8.00
0.00
5.00
2.00
9.00
29.00
45.00
79.00
59.00
96.00
40.00
5.00
110.00
19.00
288.00
22.00
3.00
0.00
1.00
44.00
49.00
83.00
33.00
101.00
0.00
155.00
43.00
79.00
8.00
149.00
8.00
1.00
35.00
6.00
1.00
224.00
251.00
0.00
17.00
0.00
347.00
0.00
20.00
98.00
80.00
70.00
476.00
82.00
39.00
142.00
14.00
97.00
155.00
51.00
0.00
11.00
53.00
22.00
55.00
90.00
26.00
0.00
62.00
69.00
8.00
52.00
52.00
92.00
32.00
71.00
7.00
414.00
0.00
0.00
442.00
27.00
31.00
105.00
15.00
0.00
1.00
0.00
6.00
251.00
69.00
231.00
108.00
13.00
62.00
0.00
0.00
0.00
0.00
0.00
0.00
0.00
0.00
0.00
0.00
0.00
0.00
0.00
0.00
100.00
0.00
0.00
0.00
0.00
0.00
0.00
4.00
89.00
234.00
440.00
111.00
0.00
0.00
0.00
0.00
0.00
0.00
0.00
0.00
0.00
0.00
0.00
0.00
0.00
0.00
0.00
0.00
0.00
0.00
0.00
0.00
0.00
0.00
0.00
48.00
0.00
0.00
0.00
0.00
0.00
0.00
0.00
0.00
0.00
0.00
0.00
0.00
0.00
0.00
0.00
0.00
0.00
0.00
0.00
0.00
0.00
0.00
0.00
0.00
100.00
0.00
0.00
0.00
0.00
0.00
0.00
0.00
0.00
107.00
0.00
0.00
0.00
0.00
0.00
0.00
0.00
0.00
0.00
0.00
0.00
0.00
0.00
0.00
0.00
0.00
0.00
0.00
0.00
0.00
0.00
0.00
9.00
0.00
0.00
0.00
0.00
0.00
0.00
0.00
0.00
0.00
0.00
0.00
0.00
0.00
0.00
0.00
0.00
0.00
0.00
0.00
0.00
0.00
0.00
0.00
25.00
131.00
685.00
0.00
0.00
0.00
0.00
0.00
0.00
0.00
0.00
1.00
10.00
186.00
0.00
0.00
143.00
9.00
516.00
31.00
0.00
0.00
0.00
0.00
0.00
124.00
314.00
42.00
118.00
0.00
0.00
0.00
0.00
60.00
0.00
18.00
11.00
288.00
139.00
670.00
1118.00
892.00
1074.00
199.00
0.00
0.00
83.00
252.00
41.00
4.00
0.00
0.00
0.00
1.00
63.00
6.00
0.00
39.00
206.00
36.00
78.00
2.00
0.00
9.00
111.00
167.00
130.00
317.00
30.00
133.00
44.00
0.00
0.00
5.00
283.00
399.00
8.00
16.00
25.00
0.00
2.00
13.00
28.00
92.00
69.00
17.00
1.00
35.00
130.00
87.00
53.00
34.00
0.00
128.00
119.00
223.00
15.00
47.00
177.00
744.00
111.00
388.00
211.00
335.00
0.00
0.00
14.00
0.00
170.00
20.00
299.00
558.00
253.00
115.00
0.00
0.00
28.00
467.00
354.00
265.00
0.00
198.00
24.00
76.00
269.00
767.00
86.00
9.00
103.00
50.00
322.00
28.00
29.00
73.00
152.00
200.00
19.00
71.00
36.00
57.00
141.00
43.00
33.00
27.00
33.00
154.00
29.00
5.00
102.00
199.00
67.00
5.00
19.00
36.00
12.00
12.00
34.00
13.00
127.00
20.00
116.00
39.00
0.00
13.00
74.00
64.00
28.00
41.00
30.00
10.00
2.00
61.00
548.00
294.00
34.00
4.00
156.00
161.00
30.00
6.00
0.00
19.00
23.00
0.00
1.00
22.00
327.00
150.00
1.00
51.00
17.00
6.00
80.00
116.00
24.00
84.00
89.00
0.00
0.00
17.00
39.00
3.00
29.00
66.00
1.00
55.00
102.00
101.00
2.00
100.00
12.00
158.00
85.00
0.00
0.00
13.00
72.00
0.00
71.00
197.00
151.00
85.00
342.00
78.00
76.00
0.00
0.00
0.00
53.00
11.00
240.00
41.00
5.00
2.00
138.00
97.00
25.00
0.00
0.00
2.00
19.00
197.00
458.00
1106.00
1.00
0.00
0.00
0.00
0.00
0.00
0.00
352.00
1419.00
0.00
0.00
0.00
0.00
0.00
0.00
0.00
0.00
0.00
0.00
0.00
0.00
0.00
0.00
6.00
300.00
4.00
2.00
0.00
0.00
0.00
0.00
0.00
0.00
0.00
0.00
0.00
0.00
0.00
0.00
0.00
0.00
0.00
0.00
0.00
0.00
3.00
8.00
14.00
378.00
126.00
0.00
0.00
0.00
0.00
0.00
0.00
0.00
0.00
42.00
0.00
0.00
0.00
0.00
0.00
0.00
0.00
0.00
0.00
0.00
0.00
21.00
109.00
56.00
35.00
0.00
0.00
0.00
0.00
0.00
0.00
0.00
0.00
0.00
0.00
0.00
0.00
0.00
0.00
0.00
0.00
0.00
0.00
0.00
0.00
0.00
0.00
0.00
0.00
0.00
0.00
0.00
0.00
0.00
0.00
0.00
0.00
0.00
0.00
1.00
0.00
33.00
12.00
9.00
0.00
0.00
0.00
0.00
0.00
0.00
0.00
0.00
0.00
0.00
0.00
0.00
0.00
127.00
824.00
0.00
0.00
0.00
0.00
0.00
0.00
100.00
0.00
0.00
0.00
0.00
0.00
0.00
124.00
259.00
0.00
98.00
141.00
194.00
0.00
0.00
0.00
0.00
0.00
0.00
15.00
0.00
18.00
27.00
0.00
127.00
141.00
33.00
15.00
9.00
0.00
0.00
3.00
3.00
21.00
37.00
28.00
54.00
89.00
64.00
0.00
112.00
5.00
18.00
76.00
5.00
18.00
9.00
156.00
39.00
0.00
1.00
10.00
0.00
0.00
188.00
29.00
102.00
23.00
47.00
19.00
54.00
73.00
127.00
115.00
52.00
838.00
543.00
134.00
1.00
27.00
0.00
41.00
0.00
0.00
7.00
0.00
0.00
0.00
0.00
2.00
23.00
323.00
200.00
50.00
30.00
12.00
4.00
4.00
0.00
6.00
2.00
21.00
1.00
1.00
12.00
31.00
91.00
5.00
214.00
778.00
1522.00
520.00
146.00
21.00
4.00
4.00
0.00
0.00
0.00
7.00
7.00
5.00
1.00
11.00
30.00
2.00
0.00
3.00
0.00
42.00
682.00
164.00
0.00
16.00
23.00
21.00
1.00
8.00
54.00
79.00
43.00
46.00
27.00
68.00
15.00
7.00
0.00
120.00
139.00
21.00
21.00
190.00
66.00
38.00
12.00
52.00
27.00
56.00
404.00
164.00
5.00
14.00
45.00
73.00
12.00
31.00
68.00
8.00
4.00
32.00
129.00
13.00
3.00
131.00
79.00
3.00
20.00
3.00
89.00
10.00
0.00
74.00
36.00
85.00
154.00
2.00
3.00
0.00
0.00
3.00
15.00
0.00
1.00
43.00
0.00
0.00
0.00
0.00
8.00
1.00
266.00
352.00
56.00
0.00
0.00
0.00
0.00
26.00
144.00
0.00
19.00
0.00
8.00
0.00
0.00
0.00
10.00
0.00
0.00
0.00
4.00
0.00
0.00
0.00
0.00
0.00
0.00
0.00
0.00
20.00
42.00
384.00
252.00
82.00
0.00
0.00
0.00
0.00
0.00
0.00
0.00
0.00
0.00
0.00
0.00
0.00
176.00
107.00
98.00
51.00
0.00
0.00
4.00
0.00
2.00
0.00
0.00
0.00
0.00
0.00
0.00
0.00
0.00
0.00
0.00
0.00
0.00
0.00
0.00
0.00
0.00
0.00
0.00
0.00
0.00
0.00
0.00
0.00
1.00
0.00
0.00
0.00
0.00
0.00
0.00
53.00
0.00
0.00
0.00
0.00
0.00
0.00
0.00
0.00
0.00
0.00
7.00
169.00
406.00
0.00
0.00
0.00
0.00
0.00
0.00
0.00
0.00
0.00
0.00
0.00
0.00
0.00
0.00
0.00
0.00
0.00
0.00
0.00
0.00
0.00
0.00
0.00
0.00
0.00
0.00
0.00
0.00
0.00
0.00
0.00
0.00
0.00
0.00
0.00
0.00
0.00
0.00
0.00
0.00
0.00
0.00
0.00
0.00
0.00
0.00
0.00
0.00
0.00
0.00
0.00
0.00
11.00
0.00
0.00
0.00
0.00
0.00
0.00
0.00
6.00
0.00
0.00
0.00
0.00
0.00
0.00
0.00
24.30
1.30
107.00
33.80
0.00
0.00
0.00
0.00
7.90
0.00
0.00
0.00
0.00
0.00
0.00
0.00
0.00
0.00
0.70
0.40
1.30
4.00
11.70
0.00
0.10
1.20
0.00
0.00
0.00
13.50
0.20
0.00
0.00
0.00
51.10
28.80
33.20
0.00
47.90
15.40
19.90
8.10
24.10
10.90
0.00
0.00
0.20
0.00
7.10
11.10
1.40
12.50
0.00
3.40
3.00
0.40
2.40
0.00
0.00
0.00
0.20
0.20
13.50
26.50
16.90
16.90
1.10
38.80
67.00
0.00
0.00
4.90
8.50
31.10
15.20
17.50
35.90
1.00
5.50
16.60
8.50
8.90
10.70
0.20
0.20
6.60
32.10
32.10
7.20
8.20
0.90
2.60
0.00
0.00
3.00
8.20
0.20
0.00
8.20
1.40
0.10
0.70
6.30
0.00
0.90
2.80
0.00
2.00
0.60
38.60
45.90
6.80
3.60
24.30
10.40
22.90
6.10
0.20
0.00
0.50
31.80
49.70
34.50
10.30
0.00
0.10
0.00
26.30
4.20
0.60
10.10
46.40
17.60
3.40
10.10
10.10
48.80
48.80
8.20
3.80
3.80
0.00
1.70
3.80
3.80
3.80
2.00
13.60
1.60
4.70
37.20
28.20
11.50
9.00
0.10
4.60
2.90
5.20
53.60
3.70
5.90
3.20
2.30
15.00
19.80
0.00
3.20
1.90
9.80
2.10
2.40
0.90
0.10
0.00
0.00
0.30
0.80
2.60
6.30
3.50
3.20
0.00
0.00
6.60
5.50
0.90
1.10
1.90
0.50
1.60
2.20
16.10
4.30
21.00
4.80
0.70
0.70
1.20
11.00
14.10
0.80
0.10
0.70
5.70
1.10
2.50
0.30
2.70
7.60
18.70
16.60
7.40
11.90
5.70
0.30
18.90
8.90
3.00
3.00
10.80
0.00
0.00
1.80
5.30
13.90
3.70
5.60
3.10
0.00
0.00
0.00
0.00
0.90
0.60
0.00
0.00
0.00
0.00
3.20
0.40
1.20
0.20
0.80
5.90
