20160101
0.00
0.00
0.00
0.00
0.00
0.00
0.00
0.00
31.00
0.00
0.00
0.00
7.00
0.00
0.00
0.00
0.00
0.00
0.00
129.00
0.00
0.00
0.00
0.00
0.00
2.00
0.00
0.00
0.00
0.00
0.00
0.00
0.00
0.00
0.00
0.00
0.00
3.00
2.00
0.00
0.00
98.00
0.00
0.00
0.00
0.00
0.00
0.00
0.00
0.00
2.00
0.00
0.00
6.00
31.00
0.00
12.00
0.00
0.00
0.00
0.00
0.00
81.00
3.00
0.00
42.00
0.00
0.00
44.00
0.00
5.00
0.00
1.00
0.00
0.00
0.00
1.00
0.00
5.00
18.00
34.00
0.00
0.00
0.00
0.00
0.00
239.00
453.00
240.00
63.00
131.00
11.00
0.00
26.00
221.00
717.00
141.00
373.00
186.00
98.00
0.00
575.00
290.00
241.00
416.00
316.00
643.00
870.00
420.00
840.00
447.00
930.00
205.00
1229.00
149.00
54.00
262.00
542.00
197.00
168.00
557.00
68.00
84.00
41.00
203.00
42.00
282.00
34.00
6.00
18.00
0.00
22.00
84.00
125.00
143.00
407.00
609.00
883.00
338.00
41.00
29.00
774.00
7.00
0.00
7.00
54.00
0.00
5.00
121.00
0.00
22.00
101.00
0.00
0.00
0.00
22.00
45.00
503.00
548.00
106.00
6.00
354.00
3.00
0.00
0.00
123.00
73.00
44.00
81.00
43.00
32.00
28.00
311.00
476.00
487.00
17.00
11.00
256.00
160.00
10.00
59.00
28.00
32.00
18.00
86.00
23.00
4.00
33.00
12.00
40.00
182.00
104.00
33.00
1.00
4.00
29.00
84.00
52.00
7.00
7.00
42.00
16.00
68.00
2.00
219.00
41.00
62.00
7.00
8.00
65.00
30.00
100.00
43.00
7.00
0.00
90.00
286.00
197.00
13.00
70.00
125.00
8.00
31.00
21.00
90.00
139.00
201.00
64.00
4.00
38.00
1.00
0.00
69.00
49.00
0.00
0.00
0.00
418.00
18.00
116.00
77.00
175.00
802.00
1047.00
335.00
56.00
73.00
2.00
408.00
266.00
193.00
18.00
3.00
31.00
163.00
285.00
319.00
4.00
1.00
4.00
115.00
202.00
26.00
41.00
360.00
258.00
30.00
112.00
638.00
4.00
0.00
554.00
3.00
4.00
0.00
4.00
2.00
23.00
0.00
0.00
30.00
386.00
89.00
21.00
6.00
22.00
0.00
0.00
0.00
0.00
0.00
0.00
0.00
0.00
0.00
0.00
0.00
0.00
0.00
0.00
72.00
0.00
0.00
0.00
0.00
0.00
0.00
4.00
144.00
398.00
177.00
8.00
0.00
0.00
0.00
0.00
0.00
0.00
0.00
0.00
0.00
0.00
0.00
0.00
0.00
0.00
0.00
0.00
0.00
0.00
0.00
0.00
0.00
0.00
0.00
36.00
0.00
0.00
0.00
0.00
0.00
0.00
0.00
0.00
0.00
0.00
0.00
0.00
0.00
0.00
0.00
0.00
0.00
0.00
0.00
0.00
0.00
0.00
0.00
0.00
0.00
0.00
0.00
0.00
0.00
1.00
0.00
0.00
0.00
0.00
0.00
0.00
0.00
0.00
0.00
0.00
0.00
0.00
0.00
0.00
0.00
0.00
0.00
0.00
0.00
0.00
0.00
0.00
0.00
0.00
0.00
2.00
13.00
0.00
0.00
0.00
0.00
0.00
0.00
0.00
0.00
0.00
0.00
0.00
0.00
0.00
0.00
0.00
0.00
0.00
0.00
0.00
0.00
0.00
0.00
0.00
208.00
697.00
50.00
0.00
0.00
0.00
0.00
0.00
0.00
0.00
0.00
0.00
49.00
20.00
0.00
0.00
100.00
0.00
342.00
33.00
0.00
0.00
0.00
0.00
0.00
93.00
206.00
31.00
196.00
0.00
0.00
0.00
3.00
179.00
1.00
206.00
77.00
435.00
299.00
916.00
848.00
1646.00
1329.00
198.00
26.00
0.00
94.00
87.00
497.00
57.00
0.00
0.00
0.00
0.00
180.00
0.00
0.00
50.00
346.00
155.00
270.00
43.00
12.00
34.00
674.00
147.00
47.00
149.00
23.00
277.00
82.00
0.00
5.00
23.00
518.00
264.00
6.00
43.00
108.00
2.00
33.00
0.00
2.00
183.00
257.00
18.00
0.00
411.00
81.00
215.00
149.00
152.00
13.00
261.00
529.00
156.00
1.00
16.00
168.00
584.00
113.00
776.00
197.00
274.00
43.00
22.00
9.00
20.00
52.00
2.00
967.00
342.00
268.00
407.00
198.00
69.00
150.00
1081.00
505.00
514.00
1.00
164.00
134.00
149.00
885.00
135.00
81.00
120.00
134.00
170.00
407.00
220.00
27.00
29.00
106.00
105.00
152.00
26.00
22.00
148.00
44.00
114.00
328.00
40.00
28.00
354.00
9.00
6.00
51.00
176.00
81.00
23.00
282.00
122.00
0.00
66.00
21.00
19.00
30.00
61.00
131.00
71.00
63.00
260.00
242.00
121.00
271.00
29.00
80.00
24.00
121.00
321.00
910.00
677.00
109.00
106.00
70.00
15.00
259.00
33.00
229.00
35.00
84.00
93.00
68.00
264.00
201.00
186.00
20.00
65.00
121.00
110.00
87.00
214.00
62.00
195.00
3.00
25.00
0.00
21.00
325.00
1096.00
983.00
30.00
4.00
261.00
512.00
0.00
0.00
56.00
0.00
59.00
164.00
64.00
99.00
19.00
0.00
0.00
38.00
127.00
583.00
93.00
160.00
362.00
8.00
0.00
0.00
23.00
110.00
135.00
413.00
0.00
4.00
0.00
265.00
249.00
90.00
120.00
0.00
30.00
123.00
188.00
449.00
1628.00
0.00
0.00
0.00
0.00
0.00
0.00
1.00
78.00
257.00
1.00
0.00
0.00
0.00
0.00
0.00
0.00
0.00
0.00
0.00
0.00
0.00
1.00
1.00
6.00
313.00
56.00
7.00
0.00
0.00
0.00
0.00
2.00
0.00
0.00
0.00
0.00
0.00
0.00
0.00
0.00
0.00
0.00
0.00
0.00
0.00
0.00
0.00
13.00
293.00
266.00
0.00
0.00
0.00
0.00
0.00
0.00
0.00
45.00
55.00
1.00
0.00
0.00
0.00
0.00
0.00
0.00
0.00
0.00
0.00
0.00
0.00
234.00
11.00
18.00
0.00
0.00
0.00
0.00
0.00
0.00
0.00
0.00
0.00
0.00
0.00
0.00
0.00
0.00
0.00
0.00
0.00
0.00
0.00
0.00
0.00
0.00
0.00
0.00
0.00
0.00
0.00
0.00
0.00
0.00
0.00
0.00
0.00
0.00
33.00
8.00
80.00
90.00
1.00
0.00
9.00
1.00
0.00
0.00
0.00
0.00
0.00
0.00
0.00
0.00
5.00
33.00
322.00
182.00
0.00
0.00
0.00
0.00
13.00
0.00
0.00
0.00
0.00
0.00
0.00
0.00
0.00
66.00
107.00
0.00
767.00
55.00
17.00
0.00
0.00
0.00
0.00
0.00
0.00
0.00
0.00
37.00
1.00
11.00
345.00
267.00
77.00
0.00
0.00
0.00
0.00
0.00
0.00
2.00
18.00
49.00
242.00
180.00
73.00
3.00
121.00
0.00
0.00
24.00
1.00
6.00
31.00
54.00
38.00
0.00
15.00
71.00
68.00
1.00
187.00
6.00
309.00
28.00
149.00
0.00
70.00
51.00
277.00
228.00
274.00
360.00
404.00
209.00
30.00
0.00
2.00
115.00
1.00
0.00
18.00
0.00
0.00
2.00
3.00
22.00
164.00
836.00
270.00
4.00
128.00
5.00
53.00
59.00
1.00
0.00
44.00
49.00
103.00
0.00
0.00
0.00
18.00
27.00
52.00
2140.00
1675.00
1124.00
288.00
5.00
137.00
12.00
4.00
0.00
135.00
100.00
115.00
394.00
7.00
30.00
28.00
10.00
63.00
10.00
471.00
185.00
295.00
172.00
11.00
0.00
104.00
48.00
6.00
0.00
140.00
193.00
296.00
93.00
60.00
180.00
54.00
2.00
0.00
92.00
136.00
39.00
113.00
338.00
239.00
106.00
13.00
326.00
206.00
257.00
253.00
89.00
17.00
17.00
10.00
232.00
17.00
287.00
54.00
13.00
84.00
449.00
25.00
507.00
6.00
73.00
155.00
0.00
0.00
3.00
25.00
5.00
28.00
100.00
94.00
107.00
285.00
33.00
54.00
31.00
0.00
96.00
14.00
0.00
185.00
94.00
4.00
0.00
0.00
0.00
5.00
45.00
122.00
705.00
26.00
12.00
0.00
8.00
0.00
333.00
110.00
1.00
37.00
0.00
0.00
193.00
68.00
14.00
11.00
0.00
0.00
8.00
1.00
0.00
0.00
0.00
0.00
0.00
0.00
0.00
0.00
23.00
41.00
736.00
194.00
0.00
0.00
0.00
0.00
0.00
0.00
0.00
0.00
0.00
0.00
0.00
0.00
0.00
24.00
173.00
109.00
12.00
0.00
0.00
0.00
0.00
0.00
0.00
0.00
0.00
0.00
0.00
0.00
0.00
0.00
0.00
0.00
0.00
0.00
0.00
0.00
0.00
0.00
0.00
0.00
0.00
0.00
0.00
0.00
0.00
0.00
0.00
0.00
0.00
0.00
0.00
0.00
27.00
0.00
0.00
0.00
0.00
0.00
0.00
0.00
0.00
0.00
0.00
4.00
100.00
426.00
0.00
0.00
0.00
0.00
0.00
0.00
0.00
0.00
0.00
0.00
0.00
0.00
0.00
0.00
0.00
0.00
0.00
32.00
0.00
0.00
0.00
0.00
0.00
0.00
0.00
0.00
0.00
0.00
0.00
0.00
0.00
0.00
0.00
0.00
0.00
0.00
0.00
0.00
0.00
0.00
0.00
0.00
0.00
0.00
0.00
0.00
0.00
0.00
0.00
0.00
0.00
0.00
2.00
0.00
0.00
0.00
0.00
0.00
0.00
0.00
0.00
0.00
0.00
0.00
0.00
0.00
0.00
0.00
43.80
5.00
47.40
24.40
0.00
0.00
0.00
0.00
0.00
0.00
0.00
0.00
0.00
0.00
0.00
0.00
0.00
0.00
0.00
0.00
1.00
0.60
1.90
0.00
0.00
34.30
0.00
0.00
0.00
0.40
0.10
0.00
10.50
0.00
103.70
30.70
32.70
0.00
46.80
17.40
59.80
5.40
5.50
15.60
0.00
0.00
8.70
0.00
0.00
44.80
43.70
12.70
0.00
0.00
0.20
0.10
2.40
0.00
0.00
0.00
0.40
5.90
26.00
29.90
57.70
57.70
4.80
30.70
104.60
0.80
9.90
34.80
23.60
56.30
18.10
25.60
17.30
13.80
2.90
16.10
7.90
20.10
57.20
0.00
0.00
30.00
55.10
55.10
17.40
4.50
6.00
0.50
0.00
0.00
13.00
7.70
3.70
10.20
12.70
8.30
0.60
1.50
4.50
0.00
10.80
6.10
0.00
0.00
31.20
43.20
15.20
23.20
10.60
1.70
11.70
31.70
42.40
7.20
0.00
13.90
197.00
103.10
65.00
76.90
0.20
51.30
7.60
31.90
3.30
18.20
18.70
14.30
11.50
15.40
11.20
11.20
77.80
77.80
22.20
14.30
14.30
0.80
0.30
14.30
14.30
14.30
31.60
57.90
28.50
7.30
39.20
8.70
3.50
3.60
0.60
19.70
8.70
9.20
72.90
4.90
0.10
1.90
1.40
16.40
1.90
22.60
2.20
0.00
2.60
11.70
11.80
13.90
14.00
2.00
0.00
0.40
1.60
7.40
22.80
16.00
21.50
0.00
0.50
3.50
1.80
0.00
1.30
2.60
0.10
3.20
2.70
18.00
7.10
51.10
20.60
6.80
0.40
12.40
2.60
8.80
11.70
0.10
1.90
4.10
0.00
0.00
0.00
0.00
4.20
41.70
32.20
21.70
17.90
0.00
7.10
5.40
13.30
10.30
10.30
55.80
1.70
0.60
0.00
1.20
0.70
0.00
18.10
4.20
0.00
0.00
0.00
0.00
8.50
0.00
0.00
0.00
0.00
0.00
4.80
0.70
0.20
2.30
5.50
29.40
