20160101
0.00
0.00
0.00
0.00
0.00
0.00
0.00
0.00
83.00
0.00
0.00
0.00
4.00
0.00
0.00
0.00
0.00
0.00
0.00
0.00
0.00
0.00
0.00
4.00
0.00
19.00
252.00
0.00
0.00
0.00
0.00
0.00
0.00
0.00
0.00
0.00
2.00
1.00
0.00
14.00
0.00
0.00
0.00
0.00
0.00
0.00
0.00
0.00
0.00
0.00
1.00
1.00
0.00
0.00
5.00
0.00
10.00
3.00
0.00
0.00
16.00
2.00
108.00
420.00
0.00
3.00
0.00
24.00
0.00
0.00
0.00
0.00
0.00
7.00
11.00
2.00
0.00
0.00
0.00
0.00
6.00
0.00
0.00
0.00
0.00
0.00
128.00
209.00
4.00
34.00
209.00
9.00
0.00
0.00
43.00
118.00
5.00
79.00
9.00
17.00
0.00
21.00
0.00
0.00
191.00
12.00
163.00
264.00
86.00
80.00
87.00
14.00
0.00
75.00
6.00
0.00
154.00
66.00
179.00
60.00
188.00
62.00
116.00
14.00
16.00
0.00
17.00
9.00
11.00
1.00
35.00
187.00
33.00
110.00
34.00
185.00
458.00
311.00
40.00
44.00
45.00
557.00
0.00
0.00
119.00
15.00
60.00
58.00
20.00
33.00
18.00
175.00
3.00
0.00
7.00
310.00
40.00
169.00
40.00
25.00
23.00
33.00
91.00
2.00
15.00
0.00
5.00
187.00
193.00
4.00
4.00
28.00
47.00
90.00
17.00
19.00
63.00
87.00
293.00
41.00
39.00
88.00
35.00
135.00
212.00
5.00
31.00
26.00
67.00
78.00
283.00
88.00
112.00
2.00
0.00
8.00
12.00
41.00
47.00
17.00
64.00
14.00
56.00
83.00
97.00
60.00
236.00
54.00
147.00
49.00
4.00
138.00
9.00
0.00
0.00
58.00
528.00
154.00
15.00
1.00
267.00
30.00
33.00
47.00
62.00
108.00
205.00
201.00
317.00
67.00
40.00
0.00
20.00
52.00
1.00
3.00
1.00
202.00
19.00
45.00
163.00
16.00
344.00
120.00
43.00
4.00
105.00
52.00
40.00
187.00
5.00
1.00
111.00
103.00
75.00
8.00
25.00
9.00
61.00
1.00
104.00
148.00
92.00
170.00
183.00
169.00
60.00
35.00
148.00
64.00
3.00
20.00
61.00
269.00
4.00
12.00
0.00
0.00
2.00
53.00
352.00
61.00
80.00
53.00
17.00
128.00
1.00
0.00
0.00
0.00
0.00
0.00
0.00
0.00
0.00
0.00
0.00
0.00
1.00
0.00
124.00
0.00
0.00
0.00
0.00
0.00
0.00
11.00
35.00
259.00
71.00
1.00
0.00
0.00
0.00
0.00
0.00
0.00
0.00
0.00
0.00
0.00
0.00
0.00
0.00
0.00
0.00
0.00
0.00
0.00
0.00
0.00
0.00
0.00
0.00
0.00
0.00
0.00
0.00
0.00
0.00
0.00
0.00
0.00
0.00
0.00
0.00
0.00
0.00
0.00
0.00
0.00
0.00
0.00
0.00
0.00
0.00
0.00
0.00
0.00
55.00
0.00
0.00
0.00
0.00
0.00
0.00
0.00
0.00
83.00
0.00
0.00
0.00
0.00
0.00
69.00
0.00
0.00
0.00
0.00
0.00
0.00
0.00
0.00
0.00
0.00
0.00
0.00
0.00
0.00
0.00
0.00
10.00
2.00
0.00
0.00
0.00
0.00
0.00
0.00
0.00
0.00
0.00
0.00
0.00
0.00
0.00
0.00
0.00
0.00
0.00
0.00
0.00
0.00
0.00
0.00
0.00
76.00
6.00
0.00
0.00
0.00
0.00
0.00
0.00
0.00
0.00
0.00
15.00
15.00
0.00
0.00
138.00
0.00
213.00
17.00
0.00
0.00
0.00
0.00
0.00
36.00
93.00
14.00
147.00
0.00
0.00
0.00
0.00
63.00
93.00
0.00
76.00
96.00
95.00
102.00
241.00
364.00
976.00
218.00
0.00
7.00
9.00
14.00
6.00
0.00
0.00
0.00
5.00
3.00
118.00
1.00
0.00
0.00
90.00
15.00
9.00
13.00
0.00
13.00
28.00
66.00
2.00
82.00
0.00
197.00
7.00
0.00
6.00
14.00
99.00
157.00
0.00
9.00
123.00
15.00
22.00
0.00
148.00
36.00
47.00
28.00
23.00
39.00
30.00
49.00
69.00
39.00
8.00
78.00
240.00
360.00
5.00
7.00
134.00
641.00
5.00
130.00
293.00
20.00
0.00
27.00
3.00
0.00
353.00
121.00
156.00
462.00
243.00
233.00
59.00
0.00
244.00
717.00
103.00
125.00
1.00
81.00
112.00
48.00
259.00
50.00
193.00
132.00
33.00
77.00
233.00
36.00
1.00
5.00
71.00
253.00
7.00
16.00
112.00
148.00
350.00
71.00
34.00
0.00
0.00
74.00
75.00
13.00
111.00
450.00
31.00
366.00
770.00
104.00
21.00
111.00
41.00
29.00
86.00
62.00
124.00
62.00
3.00
35.00
155.00
150.00
62.00
25.00
7.00
19.00
6.00
255.00
513.00
440.00
41.00
9.00
29.00
2.00
368.00
137.00
46.00
187.00
65.00
9.00
0.00
0.00
68.00
316.00
23.00
148.00
21.00
54.00
67.00
28.00
0.00
142.00
33.00
11.00
21.00
112.00
102.00
7.00
25.00
30.00
10.00
5.00
0.00
0.00
0.00
95.00
19.00
22.00
132.00
20.00
6.00
452.00
512.00
0.00
94.00
83.00
384.00
45.00
192.00
54.00
146.00
207.00
0.00
7.00
148.00
4.00
146.00
30.00
0.00
0.00
43.00
21.00
16.00
36.00
0.00
14.00
2.00
39.00
422.00
901.00
0.00
0.00
0.00
0.00
0.00
0.00
0.00
39.00
407.00
0.00
0.00
0.00
0.00
0.00
0.00
0.00
0.00
0.00
0.00
0.00
0.00
0.00
0.00
0.00
198.00
42.00
1.00
0.00
0.00
0.00
0.00
0.00
0.00
0.00
0.00
0.00
0.00
0.00
0.00
0.00
0.00
0.00
0.00
0.00
0.00
0.00
1.00
0.00
23.00
0.00
0.00
0.00
0.00
0.00
0.00
0.00
0.00
1.00
0.00
0.00
0.00
0.00
0.00
0.00
0.00
0.00
0.00
0.00
0.00
0.00
0.00
140.00
2.00
280.00
0.00
0.00
0.00
0.00
0.00
0.00
0.00
0.00
0.00
0.00
0.00
0.00
0.00
0.00
0.00
0.00
0.00
0.00
0.00
0.00
0.00
0.00
0.00
0.00
0.00
0.00
0.00
0.00
0.00
0.00
0.00
0.00
0.00
1.00
5.00
11.00
0.00
13.00
3.00
0.00
1.00
195.00
0.00
0.00
0.00
0.00
0.00
0.00
0.00
0.00
0.00
0.00
155.00
122.00
0.00
0.00
0.00
39.00
0.00
0.00
0.00
6.00
0.00
0.00
0.00
0.00
113.00
6.00
6.00
0.00
1.00
2.00
0.00
7.00
0.00
0.00
0.00
0.00
6.00
0.00
0.00
13.00
6.00
0.00
86.00
277.00
34.00
2.00
1.00
1.00
1.00
42.00
1.00
22.00
17.00
103.00
17.00
58.00
50.00
146.00
40.00
97.00
61.00
63.00
17.00
68.00
40.00
10.00
6.00
22.00
0.00
135.00
31.00
20.00
145.00
37.00
159.00
181.00
265.00
10.00
27.00
5.00
72.00
171.00
20.00
458.00
232.00
17.00
15.00
0.00
4.00
57.00
0.00
0.00
0.00
0.00
0.00
0.00
0.00
34.00
34.00
291.00
34.00
19.00
25.00
0.00
56.00
7.00
18.00
48.00
16.00
22.00
145.00
223.00
1.00
59.00
13.00
340.00
221.00
559.00
524.00
595.00
76.00
34.00
31.00
1.00
11.00
0.00
51.00
3.00
26.00
1.00
36.00
52.00
99.00
21.00
6.00
6.00
24.00
77.00
152.00
91.00
12.00
4.00
91.00
2.00
0.00
0.00
302.00
83.00
26.00
92.00
58.00
115.00
0.00
11.00
9.00
240.00
180.00
57.00
46.00
84.00
82.00
0.00
17.00
46.00
7.00
122.00
254.00
285.00
0.00
7.00
22.00
439.00
15.00
181.00
71.00
18.00
10.00
105.00
81.00
55.00
52.00
81.00
397.00
11.00
28.00
25.00
80.00
1.00
0.00
9.00
26.00
58.00
206.00
7.00
67.00
0.00
0.00
152.00
161.00
2.00
20.00
307.00
6.00
1.00
0.00
6.00
119.00
91.00
32.00
49.00
55.00
3.00
0.00
0.00
0.00
0.00
120.00
107.00
114.00
31.00
11.00
45.00
7.00
2.00
10.00
0.00
0.00
0.00
0.00
0.00
0.00
0.00
4.00
1.00
13.00
0.00
0.00
19.00
52.00
82.00
29.00
1.00
0.00
0.00
0.00
0.00
0.00
0.00
0.00
0.00
0.00
0.00
0.00
0.00
0.00
14.00
1.00
13.00
0.00
0.00
99.00
14.00
0.00
0.00
0.00
0.00
0.00
0.00
0.00
0.00
0.00
0.00
0.00
0.00
0.00
0.00
0.00
0.00
0.00
0.00
0.00
0.00
0.00
0.00
0.00
0.00
0.00
0.00
0.00
0.00
0.00
0.00
0.00
0.00
0.00
0.00
0.00
0.00
0.00
0.00
0.00
0.00
0.00
0.00
2.00
451.00
574.00
0.00
0.00
0.00
0.00
0.00
0.00
0.00
0.00
0.00
0.00
0.00
0.00
0.00
0.00
0.00
0.00
0.00
1.00
0.00
0.00
0.00
0.00
0.00
0.00
0.00
0.00
0.00
0.00
0.00
0.00
0.00
0.00
0.00
0.00
0.00
0.00
0.00
0.00
0.00
0.00
3.00
1.00
0.00
0.00
1.00
0.00
0.00
0.00
0.00
0.00
0.00
32.00
11.00
0.00
0.00
0.00
7.00
1.00
0.00
23.00
21.00
0.00
0.00
0.00
0.00
0.00
0.00
0.10
18.30
3.30
45.50
85.00
0.00
0.00
0.00
3.30
0.00
0.00
0.00
0.00
0.00
0.00
0.00
0.00
0.00
0.10
1.90
6.30
0.80
20.50
30.00
0.00
0.00
27.20
0.00
0.00
0.00
8.60
51.80
0.00
0.00
0.40
78.80
17.20
55.00
0.80
2.40
9.40
26.00
10.30
5.80
7.90
0.00
0.00
0.10
4.60
5.90
3.90
6.50
7.20
14.20
1.70
20.40
1.80
3.30
0.00
0.00
0.00
6.90
1.50
10.00
0.80
7.90
7.90
0.20
20.40
96.80
0.50
0.00
28.80
5.90
5.80
23.00
40.10
10.50
18.00
2.50
7.50
3.70
5.40
5.30
0.00
0.00
6.20
10.40
10.40
3.20
1.20
2.40
7.50
0.00
6.60
4.00
8.30
0.10
5.90
7.20
11.80
0.60
0.10
6.80
0.20
2.00
0.10
0.00
3.80
0.20
7.10
1.40
7.20
2.30
6.40
3.20
5.20
16.20
0.30
0.30
4.30
0.60
57.00
37.70
19.60
0.00
0.60
10.80
1.80
1.00
71.20
25.30
40.50
17.70
12.10
44.50
44.50
35.80
35.80
21.20
0.30
0.30
0.30
0.00
0.30
0.30
0.30
2.40
7.20
4.00
6.20
31.60
58.00
14.00
10.20
0.10
10.70
7.90
7.40
20.20
1.70
9.70
0.70
5.50
35.10
9.20
2.20
1.20
0.00
27.90
6.90
0.20
0.00
1.20
0.20
0.00
0.80
0.30
0.20
18.90
29.10
2.40
8.50
10.80
18.30
4.60
0.00
0.80
3.40
0.20
0.80
18.20
12.00
7.50
8.40
18.20
0.80
1.00
3.00
1.00
17.60
5.90
1.20
1.90
0.40
0.60
0.70
0.90
0.40
4.60
10.30
23.20
31.70
13.40
5.40
0.00
4.10
6.00
20.20
20.20
12.30
0.80
6.50
11.80
0.70
2.30
0.30
6.30
17.50
0.00
0.00
0.00
0.00
2.10
2.20
0.00
0.00
1.80
12.50
4.90
0.30
0.20
3.00
11.70
41.50
