20160101
0.00
0.00
2.00
0.00
0.00
0.00
0.00
0.00
6.00
0.00
0.00
0.00
4.00
0.00
0.00
0.00
0.00
0.00
0.00
212.00
0.00
0.00
0.00
3.00
0.00
16.00
44.00
0.00
0.00
0.00
0.00
0.00
0.00
0.00
0.00
0.00
2.00
0.00
10.00
0.00
0.00
0.00
0.00
0.00
0.00
0.00
0.00
0.00
0.00
0.00
4.00
2.00
0.00
0.00
1.00
4.00
9.00
1.00
4.00
53.00
1.00
0.00
51.00
9.00
0.00
7.00
0.00
7.00
0.00
0.00
0.00
0.00
0.00
6.00
6.00
0.00
0.00
0.00
0.00
0.00
0.00
0.00
0.00
0.00
0.00
0.00
228.00
272.00
2.00
25.00
180.00
30.00
0.00
0.00
55.00
223.00
7.00
54.00
0.00
51.00
0.00
0.00
0.00
0.00
158.00
0.00
405.00
383.00
83.00
128.00
281.00
56.00
8.00
67.00
0.00
2.00
164.00
84.00
393.00
96.00
145.00
35.00
89.00
85.00
39.00
17.00
20.00
93.00
10.00
7.00
14.00
96.00
11.00
142.00
70.00
288.00
222.00
481.00
45.00
34.00
99.00
461.00
7.00
0.00
134.00
68.00
69.00
27.00
28.00
102.00
17.00
60.00
158.00
58.00
0.00
52.00
479.00
113.00
132.00
108.00
54.00
45.00
87.00
46.00
54.00
11.00
256.00
244.00
140.00
1.00
73.00
9.00
82.00
273.00
202.00
10.00
102.00
197.00
178.00
58.00
203.00
97.00
86.00
83.00
52.00
190.00
7.00
26.00
373.00
75.00
215.00
68.00
68.00
8.00
3.00
16.00
120.00
83.00
56.00
113.00
89.00
350.00
203.00
77.00
137.00
62.00
454.00
16.00
77.00
95.00
10.00
97.00
84.00
34.00
0.00
88.00
211.00
128.00
49.00
16.00
294.00
18.00
12.00
53.00
12.00
125.00
244.00
200.00
102.00
31.00
53.00
3.00
0.00
80.00
0.00
35.00
71.00
373.00
4.00
113.00
140.00
64.00
145.00
84.00
81.00
72.00
64.00
20.00
16.00
45.00
7.00
39.00
57.00
71.00
158.00
63.00
49.00
47.00
69.00
491.00
215.00
230.00
237.00
363.00
130.00
110.00
158.00
22.00
128.00
6.00
5.00
26.00
8.00
245.00
1.00
56.00
0.00
109.00
60.00
30.00
469.00
36.00
129.00
186.00
75.00
85.00
0.00
0.00
0.00
0.00
0.00
0.00
0.00
0.00
0.00
0.00
0.00
0.00
1.00
0.00
164.00
0.00
0.00
0.00
0.00
0.00
0.00
3.00
21.00
181.00
18.00
0.00
0.00
0.00
0.00
0.00
0.00
0.00
0.00
0.00
0.00
0.00
0.00
0.00
0.00
0.00
0.00
0.00
0.00
0.00
0.00
0.00
0.00
0.00
0.00
0.00
0.00
0.00
0.00
0.00
0.00
0.00
0.00
0.00
0.00
0.00
0.00
0.00
0.00
0.00
0.00
0.00
0.00
0.00
0.00
0.00
0.00
0.00
0.00
0.00
343.00
0.00
0.00
0.00
0.00
6.00
0.00
2.00
255.00
145.00
0.00
0.00
0.00
0.00
0.00
85.00
0.00
0.00
0.00
0.00
0.00
0.00
0.00
0.00
0.00
0.00
0.00
0.00
0.00
0.00
0.00
0.00
21.00
13.00
0.00
0.00
0.00
0.00
0.00
0.00
0.00
0.00
0.00
0.00
0.00
0.00
0.00
0.00
0.00
0.00
0.00
0.00
0.00
0.00
0.00
0.00
0.00
0.00
0.00
0.00
0.00
0.00
0.00
0.00
0.00
0.00
0.00
0.00
8.00
3.00
0.00
0.00
91.00
1.00
154.00
1.00
0.00
0.00
0.00
0.00
0.00
51.00
245.00
33.00
136.00
0.00
0.00
0.00
0.00
54.00
42.00
3.00
61.00
79.00
184.00
315.00
346.00
324.00
1097.00
300.00
0.00
7.00
28.00
6.00
7.00
0.00
0.00
0.00
0.00
84.00
168.00
0.00
0.00
0.00
111.00
16.00
79.00
24.00
0.00
4.00
16.00
59.00
29.00
68.00
4.00
212.00
8.00
0.00
26.00
58.00
169.00
233.00
0.00
7.00
72.00
7.00
19.00
93.00
55.00
24.00
100.00
31.00
13.00
29.00
26.00
59.00
3.00
25.00
10.00
118.00
347.00
226.00
2.00
15.00
107.00
458.00
0.00
86.00
99.00
49.00
0.00
58.00
8.00
34.00
45.00
166.00
243.00
334.00
566.00
186.00
10.00
34.00
668.00
606.00
55.00
46.00
73.00
54.00
290.00
49.00
67.00
2.00
79.00
44.00
51.00
54.00
304.00
71.00
2.00
56.00
119.00
149.00
65.00
25.00
48.00
390.00
160.00
64.00
53.00
0.00
119.00
72.00
66.00
4.00
141.00
145.00
16.00
137.00
130.00
165.00
11.00
60.00
36.00
81.00
66.00
50.00
13.00
89.00
52.00
109.00
125.00
120.00
80.00
88.00
18.00
33.00
72.00
500.00
826.00
756.00
347.00
32.00
40.00
13.00
315.00
248.00
5.00
129.00
44.00
11.00
126.00
60.00
118.00
158.00
109.00
252.00
35.00
143.00
147.00
103.00
223.00
185.00
33.00
2.00
0.00
17.00
69.00
3.00
75.00
60.00
84.00
59.00
24.00
0.00
1.00
599.00
7.00
48.00
118.00
29.00
19.00
306.00
77.00
3.00
75.00
24.00
80.00
316.00
465.00
218.00
132.00
14.00
29.00
11.00
21.00
49.00
46.00
116.00
67.00
35.00
124.00
10.00
41.00
0.00
0.00
0.00
1.00
93.00
505.00
1060.00
0.00
0.00
0.00
0.00
0.00
0.00
0.00
6.00
111.00
0.00
0.00
0.00
0.00
0.00
0.00
0.00
0.00
0.00
0.00
0.00
0.00
0.00
0.00
4.00
180.00
48.00
2.00
0.00
0.00
0.00
0.00
0.00
0.00
0.00
0.00
0.00
0.00
0.00
0.00
0.00
0.00
0.00
0.00
0.00
0.00
0.00
9.00
2.00
74.00
2.00
0.00
0.00
0.00
0.00
0.00
0.00
0.00
2.00
4.00
0.00
0.00
0.00
0.00
0.00
0.00
0.00
0.00
0.00
0.00
0.00
0.00
167.00
190.00
0.00
0.00
0.00
0.00
0.00
0.00
0.00
0.00
0.00
0.00
0.00
0.00
0.00
0.00
0.00
0.00
0.00
0.00
0.00
0.00
0.00
0.00
0.00
0.00
0.00
0.00
0.00
0.00
0.00
0.00
0.00
0.00
0.00
0.00
1.00
44.00
4.00
0.00
21.00
41.00
2.00
14.00
124.00
0.00
0.00
0.00
0.00
0.00
2.00
0.00
0.00
0.00
0.00
277.00
329.00
0.00
0.00
0.00
24.00
0.00
0.00
0.00
0.00
0.00
0.00
0.00
1.00
3.00
0.00
105.00
0.00
11.00
7.00
1.00
0.00
0.00
0.00
0.00
6.00
0.00
0.00
0.00
2.00
10.00
0.00
396.00
316.00
89.00
47.00
15.00
107.00
218.00
196.00
4.00
70.00
15.00
102.00
72.00
80.00
89.00
20.00
46.00
57.00
240.00
76.00
34.00
17.00
32.00
19.00
7.00
0.00
69.00
101.00
65.00
20.00
507.00
72.00
193.00
105.00
150.00
0.00
50.00
12.00
66.00
268.00
57.00
312.00
152.00
70.00
85.00
13.00
0.00
42.00
0.00
24.00
0.00
0.00
0.00
0.00
1.00
32.00
34.00
241.00
73.00
110.00
69.00
0.00
48.00
25.00
33.00
33.00
99.00
3.00
165.00
115.00
20.00
56.00
5.00
73.00
27.00
125.00
598.00
181.00
103.00
6.00
256.00
0.00
19.00
3.00
26.00
3.00
99.00
46.00
24.00
21.00
57.00
62.00
5.00
6.00
70.00
261.00
167.00
167.00
63.00
19.00
192.00
6.00
6.00
4.00
178.00
118.00
64.00
172.00
172.00
55.00
29.00
6.00
19.00
218.00
173.00
11.00
113.00
160.00
34.00
2.00
16.00
48.00
41.00
74.00
263.00
257.00
5.00
0.00
39.00
374.00
78.00
161.00
97.00
105.00
46.00
135.00
557.00
86.00
164.00
69.00
239.00
38.00
4.00
32.00
149.00
34.00
14.00
30.00
144.00
81.00
45.00
22.00
33.00
39.00
20.00
158.00
146.00
7.00
53.00
150.00
45.00
4.00
4.00
6.00
67.00
64.00
156.00
88.00
95.00
23.00
20.00
9.00
40.00
2.00
14.00
88.00
21.00
22.00
3.00
17.00
19.00
1.00
0.00
93.00
0.00
12.00
0.00
0.00
0.00
0.00
86.00
0.00
45.00
0.00
0.00
25.00
44.00
70.00
31.00
0.00
0.00
0.00
0.00
0.00
0.00
0.00
0.00
0.00
0.00
126.00
84.00
0.00
0.00
20.00
0.00
7.00
0.00
0.00
11.00
0.00
0.00
0.00
0.00
0.00
0.00
0.00
0.00
0.00
0.00
0.00
0.00
0.00
0.00
0.00
0.00
0.00
0.00
0.00
0.00
0.00
0.00
0.00
0.00
0.00
0.00
0.00
0.00
0.00
0.00
0.00
0.00
1.00
0.00
0.00
0.00
0.00
0.00
0.00
0.00
0.00
0.00
0.00
205.00
721.00
627.00
0.00
0.00
0.00
0.00
0.00
0.00
0.00
0.00
0.00
0.00
0.00
0.00
0.00
0.00
0.00
0.00
0.00
0.00
0.00
0.00
0.00
0.00
0.00
0.00
0.00
0.00
0.00
0.00
0.00
0.00
0.00
0.00
0.00
0.00
0.00
0.00
0.00
0.00
0.00
0.00
0.00
0.00
0.00
0.00
1.00
0.00
0.00
0.00
0.00
0.00
0.00
51.00
3.00
0.00
0.00
0.00
3.00
1.00
0.00
31.00
5.00
0.00
0.00
0.00
0.00
0.00
0.00
0.20
31.10
4.20
75.90
37.00
0.00
0.70
0.90
3.60
0.10
0.00
0.00
0.00
0.00
0.00
0.00
0.00
0.00
1.30
4.20
0.00
0.00
15.50
13.50
0.00
0.00
5.70
0.60
0.00
0.00
13.00
70.20
0.00
0.10
1.90
130.80
11.80
25.10
1.70
0.90
3.90
27.20
8.40
1.70
13.30
0.00
0.00
0.00
4.40
12.50
8.50
12.80
3.90
0.00
0.00
8.00
7.60
3.00
7.40
1.50
4.80
5.60
2.20
6.70
2.50
16.00
16.00
2.70
31.10
106.00
0.00
0.00
33.70
7.00
2.50
34.10
29.40
17.40
14.90
3.40
2.50
2.60
9.90
5.30
0.00
0.00
13.20
11.60
11.60
4.40
1.80
2.40
3.30
0.20
0.40
6.00
10.80
1.50
6.70
11.50
3.60
0.30
0.60
6.90
0.10
3.50
2.10
2.80
13.40
5.30
8.90
1.80
15.50
5.70
17.20
6.90
15.00
13.70
0.40
0.60
3.80
3.50
55.00
115.60
134.30
9.10
2.90
10.00
1.60
2.40
23.60
72.60
17.00
13.50
64.00
54.00
54.00
35.60
35.60
7.10
5.60
5.60
17.10
1.90
5.60
5.60
5.60
11.10
19.40
16.70
16.30
10.40
22.70
16.30
15.70
3.40
24.00
23.00
4.80
28.50
2.80
4.10
1.60
8.70
9.60
2.60
8.30
4.50
0.20
30.10
3.80
1.20
0.40
4.70
2.70
0.00
0.70
0.50
0.20
22.00
16.60
4.20
0.70
5.90
19.80
6.30
6.20
14.20
18.00
3.40
11.90
7.10
11.40
4.40
5.70
18.30
2.70
1.90
5.10
3.00
41.60
22.20
4.30
9.30
3.10
1.60
3.70
0.80
11.40
6.30
14.90
17.40
11.70
11.50
1.30
1.10
15.60
9.80
8.00
8.00
29.50
4.00
3.10
18.00
14.10
15.90
17.50
9.00
2.20
0.10
0.00
0.00
0.10
2.10
0.00
0.10
0.10
0.80
0.50
5.20
0.10
0.40
2.10
19.30
110.50
