20160101
0.00
0.00
0.00
0.00
0.00
0.00
0.00
0.00
0.00
0.00
0.00
0.00
0.00
0.00
0.00
0.00
0.00
0.00
21.00
0.00
0.00
0.00
0.00
0.00
0.00
0.00
0.00
0.00
0.00
0.00
0.00
0.00
0.00
0.00
0.00
0.00
0.00
2.00
1.00
0.00
0.00
0.00
0.00
0.00
0.00
0.00
0.00
0.00
0.00
0.00
7.00
0.00
0.00
0.00
0.00
0.00
1.00
0.00
0.00
0.00
0.00
1.00
3.00
0.00
0.00
0.00
0.00
0.00
0.00
0.00
0.00
0.00
6.00
14.00
7.00
0.00
1.00
0.00
29.00
74.00
1.00
0.00
0.00
0.00
0.00
0.00
286.00
288.00
23.00
30.00
324.00
13.00
0.00
0.00
20.00
725.00
0.00
2.00
0.00
0.00
0.00
0.00
0.00
0.00
100.00
40.00
343.00
210.00
409.00
105.00
191.00
23.00
0.00
24.00
0.00
0.00
109.00
27.00
328.00
53.00
25.00
516.00
1.00
9.00
127.00
173.00
76.00
263.00
0.00
1.00
128.00
19.00
196.00
344.00
295.00
758.00
33.00
428.00
444.00
74.00
60.00
66.00
12.00
37.00
36.00
14.00
0.00
38.00
1.00
3.00
67.00
79.00
75.00
64.00
0.00
11.00
17.00
160.00
29.00
17.00
51.00
0.00
34.00
14.00
0.00
3.00
85.00
150.00
104.00
32.00
37.00
44.00
97.00
100.00
186.00
414.00
56.00
111.00
73.00
20.00
8.00
22.00
130.00
319.00
346.00
313.00
122.00
49.00
8.00
131.00
162.00
107.00
107.00
0.00
6.00
77.00
168.00
217.00
248.00
22.00
201.00
51.00
541.00
57.00
92.00
150.00
545.00
76.00
14.00
64.00
346.00
107.00
109.00
431.00
81.00
86.00
164.00
167.00
84.00
176.00
69.00
139.00
86.00
23.00
14.00
2.00
240.00
234.00
8.00
108.00
30.00
0.00
3.00
45.00
0.00
11.00
10.00
184.00
76.00
3.00
110.00
149.00
4.00
84.00
43.00
227.00
69.00
35.00
13.00
1.00
0.00
0.00
0.00
100.00
51.00
35.00
17.00
1.00
268.00
33.00
77.00
232.00
192.00
37.00
50.00
91.00
159.00
41.00
210.00
125.00
55.00
60.00
41.00
3.00
0.00
15.00
271.00
107.00
18.00
0.00
132.00
107.00
53.00
268.00
279.00
7.00
0.00
0.00
0.00
0.00
0.00
0.00
0.00
0.00
0.00
0.00
0.00
0.00
0.00
0.00
119.00
0.00
0.00
0.00
0.00
0.00
0.00
0.00
2.00
5.00
0.00
0.00
0.00
0.00
0.00
0.00
0.00
0.00
0.00
0.00
0.00
0.00
0.00
0.00
0.00
0.00
0.00
0.00
0.00
0.00
0.00
0.00
0.00
0.00
0.00
8.00
0.00
0.00
0.00
0.00
0.00
0.00
0.00
0.00
0.00
0.00
0.00
0.00
0.00
0.00
0.00
0.00
0.00
0.00
0.00
0.00
0.00
0.00
0.00
0.00
82.00
0.00
0.00
0.00
0.00
0.00
0.00
0.00
0.00
8.00
0.00
0.00
0.00
0.00
0.00
8.00
0.00
0.00
0.00
0.00
0.00
0.00
0.00
0.00
0.00
0.00
0.00
0.00
0.00
0.00
0.00
1.00
2.00
12.00
0.00
0.00
0.00
0.00
0.00
0.00
0.00
0.00
0.00
0.00
0.00
0.00
0.00
0.00
0.00
0.00
0.00
0.00
0.00
0.00
0.00
0.00
0.00
0.00
0.00
0.00
0.00
0.00
0.00
0.00
0.00
0.00
0.00
0.00
0.00
0.00
0.00
0.00
32.00
8.00
74.00
4.00
0.00
0.00
0.00
0.00
0.00
1.00
247.00
28.00
316.00
0.00
0.00
0.00
0.00
320.00
5.00
2.00
21.00
4.00
112.00
25.00
403.00
1173.00
505.00
193.00
11.00
0.00
41.00
6.00
0.00
0.00
0.00
0.00
2.00
0.00
89.00
36.00
0.00
22.00
1170.00
36.00
531.00
424.00
0.00
61.00
0.00
2.00
0.00
205.00
2.00
80.00
2.00
0.00
159.00
145.00
120.00
219.00
4.00
106.00
95.00
1.00
29.00
4.00
30.00
192.00
290.00
66.00
6.00
230.00
62.00
133.00
5.00
92.00
154.00
57.00
381.00
159.00
1.00
41.00
62.00
150.00
15.00
18.00
124.00
15.00
0.00
101.00
0.00
12.00
74.00
327.00
52.00
39.00
1339.00
438.00
331.00
15.00
401.00
36.00
180.00
93.00
26.00
0.00
107.00
19.00
181.00
95.00
7.00
91.00
68.00
22.00
176.00
391.00
140.00
1035.00
260.00
151.00
43.00
34.00
65.00
273.00
184.00
113.00
76.00
10.00
59.00
55.00
59.00
26.00
402.00
70.00
81.00
2.00
121.00
255.00
24.00
91.00
25.00
49.00
36.00
114.00
28.00
12.00
120.00
69.00
79.00
46.00
202.00
23.00
53.00
34.00
332.00
997.00
1744.00
399.00
473.00
45.00
15.00
77.00
163.00
75.00
54.00
156.00
57.00
308.00
82.00
15.00
7.00
551.00
110.00
21.00
16.00
77.00
322.00
67.00
169.00
33.00
18.00
6.00
0.00
26.00
119.00
158.00
304.00
320.00
7.00
32.00
26.00
2.00
2.00
295.00
40.00
203.00
312.00
46.00
0.00
60.00
9.00
3.00
3.00
186.00
144.00
735.00
650.00
3.00
28.00
38.00
0.00
7.00
147.00
32.00
41.00
15.00
107.00
27.00
0.00
203.00
195.00
0.00
0.00
0.00
7.00
8.00
752.00
1088.00
0.00
0.00
0.00
0.00
0.00
0.00
0.00
0.00
15.00
0.00
0.00
0.00
0.00
0.00
0.00
0.00
0.00
0.00
0.00
0.00
0.00
0.00
0.00
0.00
83.00
42.00
9.00
0.00
0.00
0.00
0.00
0.00
0.00
0.00
0.00
0.00
0.00
0.00
0.00
0.00
0.00
0.00
0.00
0.00
0.00
0.00
0.00
0.00
1.00
3.00
0.00
0.00
0.00
0.00
0.00
0.00
0.00
0.00
1.00
0.00
0.00
0.00
0.00
0.00
0.00
0.00
0.00
0.00
0.00
0.00
0.00
0.00
0.00
0.00
0.00
0.00
0.00
0.00
0.00
0.00
0.00
0.00
0.00
0.00
0.00
0.00
0.00
0.00
0.00
0.00
0.00
0.00
0.00
0.00
0.00
0.00
0.00
0.00
0.00
0.00
0.00
0.00
0.00
0.00
0.00
0.00
0.00
1.00
69.00
3.00
0.00
26.00
0.00
13.00
16.00
45.00
0.00
0.00
0.00
0.00
0.00
10.00
0.00
0.00
0.00
0.00
205.00
182.00
0.00
0.00
0.00
3.00
0.00
0.00
0.00
0.00
0.00
0.00
0.00
0.00
4.00
67.00
10.00
0.00
3.00
0.00
4.00
0.00
0.00
0.00
0.00
0.00
0.00
0.00
0.00
0.00
2.00
0.00
410.00
392.00
108.00
19.00
0.00
96.00
0.00
96.00
1.00
29.00
41.00
129.00
8.00
273.00
45.00
59.00
1.00
0.00
0.00
5.00
20.00
6.00
54.00
2.00
0.00
0.00
9.00
82.00
54.00
2.00
16.00
12.00
55.00
12.00
263.00
21.00
249.00
45.00
48.00
127.00
42.00
262.00
260.00
14.00
12.00
3.00
0.00
259.00
0.00
2.00
2.00
2.00
0.00
0.00
10.00
9.00
63.00
90.00
85.00
569.00
37.00
0.00
0.00
15.00
13.00
0.00
0.00
85.00
1.00
13.00
41.00
11.00
48.00
652.00
113.00
12.00
31.00
617.00
64.00
11.00
50.00
121.00
1.00
0.00
23.00
0.00
18.00
6.00
38.00
77.00
21.00
2.00
10.00
1.00
257.00
238.00
24.00
62.00
6.00
14.00
8.00
16.00
14.00
2.00
34.00
222.00
87.00
262.00
194.00
25.00
74.00
76.00
95.00
535.00
111.00
8.00
50.00
326.00
11.00
40.00
6.00
37.00
27.00
277.00
163.00
392.00
224.00
0.00
193.00
117.00
173.00
38.00
15.00
51.00
1.00
47.00
216.00
197.00
138.00
321.00
65.00
40.00
2.00
228.00
144.00
84.00
69.00
21.00
127.00
69.00
23.00
281.00
57.00
1.00
34.00
94.00
61.00
217.00
95.00
161.00
199.00
36.00
0.00
1.00
0.00
14.00
518.00
392.00
11.00
118.00
0.00
4.00
6.00
0.00
1.00
356.00
48.00
0.00
3.00
49.00
4.00
0.00
0.00
65.00
0.00
0.00
0.00
0.00
0.00
0.00
0.00
0.00
0.00
0.00
0.00
4.00
309.00
69.00
0.00
0.00
0.00
0.00
0.00
0.00
0.00
0.00
0.00
0.00
0.00
0.00
0.00
0.00
0.00
0.00
0.00
168.00
0.00
0.00
0.00
0.00
0.00
0.00
0.00
0.00
0.00
0.00
0.00
0.00
0.00
0.00
0.00
0.00
0.00
0.00
0.00
0.00
0.00
0.00
0.00
0.00
0.00
0.00
0.00
0.00
0.00
0.00
0.00
0.00
0.00
0.00
0.00
40.00
0.00
0.00
0.00
0.00
0.00
0.00
0.00
0.00
0.00
0.00
2.00
326.00
1820.00
0.00
0.00
0.00
0.00
0.00
0.00
0.00
0.00
0.00
0.00
0.00
0.00
0.00
0.00
0.00
0.00
0.00
7.00
0.00
0.00
0.00
0.00
0.00
0.00
0.00
0.00
0.00
0.00
0.00
0.00
0.00
0.00
0.00
0.00
0.00
0.00
0.00
0.00
4.00
4.00
0.00
0.00
0.00
0.00
0.00
0.00
0.00
0.00
0.00
0.00
0.00
74.00
1.00
0.00
0.00
1.00
0.00
1.00
8.00
28.00
0.00
1.00
0.00
0.00
0.00
0.00
0.00
4.30
4.20
0.00
52.00
5.70
0.00
0.00
0.10
0.00
0.00
0.00
0.00
0.00
0.00
0.00
0.00
0.00
0.00
0.00
0.00
0.00
0.00
11.00
7.70
0.00
0.00
0.00
0.00
0.00
0.00
14.00
0.40
0.00
15.50
14.00
173.30
2.70
25.80
0.00
13.60
27.00
11.30
3.30
12.20
16.90
0.10
0.00
0.80
0.70
8.10
45.40
35.40
0.00
0.00
0.00
0.20
8.80
0.30
0.00
0.00
0.00
2.20
3.40
47.10
8.80
6.60
6.60
8.80
58.10
107.20
0.00
0.00
49.60
0.00
0.00
48.10
72.60
32.70
11.20
11.10
28.30
5.00
35.20
34.60
6.20
6.20
11.00
27.50
27.50
17.60
3.50
6.00
19.70
4.10
13.70
27.60
3.90
1.40
9.80
33.90
0.20
0.00
0.10
0.10
0.00
0.10
8.10
3.90
1.30
1.10
2.20
4.00
88.50
2.40
0.10
10.50
58.90
29.00
0.90
0.00
0.30
22.20
100.60
70.00
39.20
1.00
1.00
23.30
0.30
0.30
3.00
17.30
31.20
50.40
60.40
158.70
158.70
66.40
66.40
46.80
0.10
0.10
1.40
0.00
0.10
0.10
0.10
2.60
18.60
81.50
22.60
15.90
14.70
4.40
1.40
0.00
0.80
15.60
3.60
7.20
2.10
53.60
3.40
19.30
70.40
2.60
1.50
10.20
0.40
29.10
3.00
6.20
3.60
4.70
0.40
0.20
0.40
1.70
3.90
29.10
46.40
20.00
1.50
2.80
3.40
38.00
3.20
39.40
28.90
2.10
6.10
18.60
5.30
0.60
5.50
1.20
0.70
2.30
3.60
15.40
16.20
32.70
1.60
12.50
5.40
3.50
0.20
0.00
0.60
1.90
23.80
16.10
28.90
40.00
0.00
47.10
29.60
16.00
104.70
104.70
12.30
0.00
6.20
21.20
1.00
17.60
16.50
6.20
0.10
0.00
0.00
0.00
0.00
0.00
0.00
0.00
0.00
0.20
0.00
0.10
0.10
0.00
0.30
22.00
120.00
