20160101
0.00
0.00
0.00
0.00
0.00
0.00
0.00
0.00
0.00
0.00
0.00
0.00
2.00
0.00
0.00
0.00
0.00
0.00
11.00
18.00
0.00
0.00
0.00
0.00
0.00
0.00
0.00
0.00
0.00
0.00
0.00
0.00
0.00
0.00
0.00
0.00
0.00
0.00
3.00
0.00
0.00
0.00
0.00
0.00
0.00
0.00
0.00
0.00
0.00
0.00
7.00
0.00
0.00
0.00
0.00
0.00
5.00
0.00
0.00
0.00
0.00
0.00
0.00
0.00
0.00
0.00
0.00
0.00
0.00
0.00
0.00
0.00
2.00
4.00
1.00
0.00
1.00
0.00
4.00
1.00
0.00
0.00
0.00
0.00
0.00
0.00
18.00
299.00
1.00
340.00
310.00
10.00
5.00
1.00
3.00
122.00
0.00
0.00
0.00
0.00
0.00
0.00
0.00
0.00
0.00
0.00
64.00
168.00
29.00
14.00
57.00
0.00
0.00
0.00
0.00
0.00
131.00
159.00
22.00
0.00
3.00
0.00
0.00
103.00
10.00
52.00
40.00
342.00
1.00
43.00
93.00
4.00
159.00
153.00
261.00
327.00
4.00
49.00
258.00
323.00
50.00
41.00
0.00
0.00
122.00
92.00
0.00
28.00
0.00
3.00
34.00
29.00
0.00
0.00
0.00
5.00
0.00
1.00
7.00
0.00
26.00
32.00
103.00
81.00
1.00
240.00
388.00
37.00
7.00
62.00
97.00
67.00
162.00
221.00
792.00
405.00
1.00
64.00
130.00
1.00
31.00
32.00
368.00
141.00
150.00
371.00
157.00
0.00
136.00
280.00
46.00
43.00
61.00
100.00
144.00
210.00
41.00
198.00
229.00
211.00
156.00
774.00
306.00
83.00
307.00
64.00
551.00
8.00
4.00
145.00
166.00
130.00
59.00
101.00
296.00
18.00
203.00
180.00
13.00
51.00
59.00
21.00
77.00
3.00
128.00
40.00
56.00
231.00
155.00
52.00
5.00
0.00
0.00
1.00
0.00
3.00
9.00
262.00
18.00
0.00
77.00
38.00
494.00
212.00
136.00
472.00
4.00
122.00
12.00
19.00
10.00
2.00
0.00
182.00
44.00
32.00
11.00
0.00
8.00
31.00
145.00
27.00
23.00
24.00
29.00
2.00
88.00
28.00
511.00
107.00
0.00
67.00
139.00
0.00
7.00
4.00
26.00
0.00
0.00
35.00
25.00
5.00
262.00
508.00
81.00
0.00
0.00
0.00
0.00
0.00
0.00
0.00
0.00
0.00
0.00
0.00
0.00
0.00
0.00
0.00
64.00
0.00
0.00
0.00
0.00
0.00
0.00
0.00
9.00
46.00
0.00
0.00
0.00
0.00
0.00
0.00
0.00
0.00
0.00
0.00
0.00
0.00
0.00
0.00
0.00
0.00
0.00
0.00
0.00
0.00
0.00
0.00
0.00
0.00
0.00
11.00
0.00
0.00
0.00
0.00
0.00
0.00
0.00
0.00
0.00
0.00
0.00
0.00
0.00
0.00
0.00
0.00
0.00
0.00
0.00
0.00
0.00
0.00
0.00
0.00
80.00
0.00
0.00
0.00
0.00
0.00
0.00
0.00
0.00
0.00
0.00
0.00
0.00
0.00
0.00
37.00
0.00
0.00
0.00
0.00
0.00
0.00
0.00
0.00
0.00
0.00
0.00
0.00
0.00
0.00
0.00
1.00
18.00
1.00
0.00
0.00
0.00
0.00
0.00
0.00
0.00
0.00
0.00
0.00
0.00
0.00
0.00
0.00
0.00
0.00
0.00
0.00
0.00
0.00
0.00
0.00
0.00
0.00
558.00
0.00
0.00
0.00
0.00
0.00
0.00
0.00
0.00
0.00
42.00
0.00
0.00
0.00
20.00
0.00
139.00
0.00
0.00
0.00
0.00
0.00
0.00
0.00
255.00
25.00
45.00
0.00
0.00
0.00
0.00
440.00
0.00
32.00
325.00
68.00
60.00
220.00
225.00
267.00
139.00
10.00
265.00
6.00
0.00
27.00
0.00
0.00
0.00
0.00
0.00
0.00
519.00
120.00
0.00
1.00
166.00
118.00
311.00
398.00
0.00
183.00
34.00
39.00
0.00
112.00
9.00
162.00
27.00
0.00
120.00
176.00
48.00
137.00
40.00
9.00
403.00
3.00
287.00
33.00
4.00
336.00
468.00
0.00
21.00
604.00
336.00
130.00
16.00
89.00
140.00
1.00
165.00
255.00
3.00
1.00
40.00
117.00
259.00
133.00
289.00
120.00
0.00
7.00
0.00
5.00
30.00
73.00
134.00
9.00
1446.00
208.00
314.00
10.00
310.00
45.00
486.00
601.00
27.00
176.00
248.00
7.00
171.00
4.00
3.00
8.00
20.00
62.00
170.00
266.00
23.00
747.00
151.00
51.00
40.00
73.00
105.00
267.00
155.00
357.00
213.00
4.00
20.00
18.00
74.00
4.00
488.00
190.00
7.00
13.00
162.00
246.00
30.00
82.00
7.00
15.00
10.00
137.00
23.00
2.00
232.00
57.00
112.00
60.00
147.00
279.00
115.00
6.00
166.00
975.00
2227.00
458.00
299.00
152.00
70.00
71.00
61.00
5.00
1.00
45.00
231.00
153.00
145.00
9.00
68.00
413.00
143.00
25.00
13.00
2.00
81.00
1024.00
398.00
138.00
0.00
105.00
11.00
144.00
575.00
1020.00
522.00
6.00
0.00
0.00
3.00
0.00
1.00
342.00
88.00
273.00
352.00
5.00
1.00
17.00
10.00
1.00
1.00
149.00
81.00
317.00
418.00
61.00
126.00
0.00
5.00
0.00
4.00
0.00
3.00
0.00
0.00
0.00
0.00
972.00
189.00
0.00
0.00
0.00
0.00
69.00
716.00
1008.00
0.00
0.00
0.00
0.00
0.00
0.00
0.00
0.00
8.00
0.00
0.00
0.00
0.00
0.00
0.00
0.00
0.00
0.00
0.00
0.00
0.00
0.00
0.00
1.00
140.00
100.00
1.00
0.00
0.00
0.00
0.00
0.00
0.00
0.00
0.00
0.00
0.00
0.00
0.00
0.00
0.00
0.00
0.00
0.00
0.00
0.00
0.00
0.00
77.00
2.00
0.00
0.00
0.00
0.00
0.00
0.00
0.00
0.00
5.00
0.00
0.00
0.00
0.00
0.00
0.00
0.00
0.00
0.00
0.00
0.00
0.00
0.00
0.00
0.00
0.00
0.00
0.00
0.00
0.00
0.00
0.00
0.00
0.00
0.00
0.00
0.00
0.00
0.00
0.00
0.00
0.00
0.00
0.00
0.00
0.00
0.00
0.00
0.00
0.00
0.00
0.00
0.00
0.00
0.00
0.00
0.00
0.00
0.00
320.00
43.00
37.00
29.00
15.00
16.00
16.00
30.00
0.00
0.00
0.00
0.00
0.00
0.00
0.00
0.00
0.00
0.00
428.00
14.00
0.00
0.00
0.00
0.00
0.00
0.00
0.00
0.00
0.00
0.00
0.00
0.00
0.00
4.00
14.00
0.00
0.00
4.00
0.00
0.00
0.00
0.00
0.00
0.00
0.00
0.00
0.00
50.00
0.00
53.00
349.00
403.00
279.00
2.00
7.00
33.00
0.00
26.00
12.00
11.00
90.00
72.00
0.00
169.00
41.00
0.00
51.00
15.00
124.00
189.00
0.00
16.00
29.00
71.00
0.00
3.00
4.00
31.00
4.00
0.00
4.00
15.00
378.00
67.00
537.00
0.00
373.00
1.00
350.00
292.00
14.00
318.00
44.00
62.00
27.00
12.00
0.00
272.00
2.00
0.00
0.00
0.00
0.00
59.00
37.00
64.00
61.00
236.00
16.00
42.00
119.00
0.00
110.00
27.00
60.00
0.00
99.00
1.00
109.00
11.00
2.00
0.00
58.00
141.00
2.00
98.00
79.00
357.00
10.00
128.00
233.00
80.00
45.00
58.00
2.00
2.00
11.00
237.00
171.00
36.00
3.00
36.00
72.00
108.00
408.00
689.00
78.00
67.00
0.00
0.00
16.00
0.00
23.00
53.00
51.00
233.00
132.00
93.00
11.00
12.00
12.00
3.00
1.00
297.00
46.00
14.00
209.00
135.00
243.00
45.00
159.00
393.00
80.00
211.00
83.00
547.00
126.00
1.00
25.00
38.00
44.00
59.00
35.00
4.00
1.00
16.00
62.00
157.00
56.00
482.00
19.00
3.00
5.00
91.00
72.00
55.00
244.00
887.00
200.00
220.00
110.00
15.00
109.00
9.00
11.00
34.00
45.00
311.00
313.00
232.00
63.00
1.00
0.00
0.00
0.00
118.00
979.00
414.00
38.00
28.00
23.00
0.00
0.00
5.00
41.00
133.00
0.00
0.00
6.00
154.00
69.00
56.00
1.00
33.00
1.00
0.00
0.00
0.00
0.00
0.00
0.00
0.00
0.00
0.00
0.00
2.00
211.00
21.00
37.00
0.00
0.00
0.00
0.00
0.00
0.00
0.00
0.00
0.00
0.00
0.00
0.00
0.00
0.00
0.00
0.00
0.00
0.00
0.00
0.00
0.00
113.00
0.00
0.00
0.00
0.00
0.00
0.00
0.00
0.00
0.00
0.00
0.00
0.00
0.00
0.00
0.00
0.00
0.00
0.00
0.00
0.00
0.00
0.00
0.00
0.00
0.00
0.00
0.00
0.00
0.00
0.00
9.00
0.00
0.00
0.00
0.00
0.00
0.00
0.00
0.00
0.00
0.00
1.00
40.00
191.00
0.00
0.00
0.00
0.00
0.00
0.00
0.00
0.00
0.00
0.00
0.00
0.00
0.00
0.00
0.00
0.00
0.00
16.00
0.00
0.00
0.00
0.00
0.00
0.00
0.00
0.00
0.00
0.00
0.00
0.00
0.00
0.00
0.00
0.00
0.00
0.00
0.00
0.00
6.00
6.00
0.00
0.00
0.00
0.00
0.00
0.00
0.00
0.00
0.00
0.00
1.00
12.00
0.00
0.00
0.00
0.00
0.00
0.00
1.00
11.00
2.00
0.00
0.00
0.00
0.00
0.00
0.00
1.00
4.00
0.00
54.20
2.80
0.00
0.00
0.00
3.70
0.00
0.00
0.00
0.00
0.00
0.00
0.00
0.00
0.00
0.10
0.30
0.00
0.10
3.10
0.00
0.00
0.00
0.00
0.00
0.00
0.00
2.50
0.00
0.00
55.70
1.40
120.40
2.20
18.10
0.00
12.70
16.80
17.80
0.80
3.60
34.60
0.00
0.00
0.00
2.60
0.00
19.70
8.00
0.00
0.00
0.00
0.00
10.60
0.00
0.00
0.00
0.00
3.30
0.70
6.80
4.80
10.20
10.20
7.10
119.20
60.70
0.00
0.00
53.40
0.00
25.70
46.30
45.80
10.60
11.10
19.80
48.60
0.00
23.50
38.60
2.10
2.10
1.60
40.20
40.20
6.90
2.20
4.20
30.60
10.90
19.10
29.50
22.80
1.40
18.20
39.60
0.00
0.20
0.00
0.50
0.00
0.00
1.00
1.40
0.00
1.40
8.80
5.10
115.70
4.10
0.20
22.60
22.00
21.00
0.20
0.00
0.60
60.60
154.10
141.30
21.50
0.30
0.50
1.50
0.00
0.50
14.30
14.00
10.60
13.10
78.80
148.00
148.00
74.00
74.00
27.10
3.50
3.50
1.80
0.00
3.50
3.50
3.50
5.20
15.00
83.50
6.40
27.00
6.70
1.60
0.70
1.10
11.90
5.60
7.20
4.60
1.00
34.90
14.00
12.90
7.50
3.60
4.10
10.20
9.10
37.70
28.30
18.60
9.10
2.10
3.20
2.20
0.20
0.20
1.20
41.40
16.70
9.20
0.10
0.00
1.20
5.00
1.30
6.00
0.30
2.40
5.80
19.50
11.00
0.50
3.40
7.80
1.50
22.30
17.90
3.10
6.40
33.70
13.10
10.00
41.80
33.20
0.00
0.00
0.00
0.40
9.40
20.50
21.60
25.00
0.00
6.00
42.60
4.40
71.40
71.40
1.00
0.00
5.20
2.10
1.30
36.70
27.50
5.00
0.10
0.00
0.00
0.00
0.00
0.00
0.00
0.00
0.00
0.00
0.00
3.40
0.20
0.00
0.50
24.00
92.30
