20160101
0.00
0.00
0.00
0.00
0.00
0.00
0.00
0.00
115.00
0.00
0.00
0.00
6.00
0.00
0.00
0.00
0.00
0.00
0.00
16.00
0.00
0.00
0.00
0.00
0.00
3.00
0.00
0.00
0.00
0.00
0.00
0.00
5.00
0.00
0.00
0.00
0.00
0.00
0.00
0.00
0.00
0.00
0.00
0.00
0.00
0.00
0.00
0.00
0.00
0.00
0.00
35.00
0.00
109.00
350.00
3.00
16.00
0.00
0.00
0.00
0.00
0.00
0.00
10.00
0.00
40.00
0.00
0.00
43.00
7.00
0.00
0.00
2.00
0.00
0.00
0.00
1.00
0.00
162.00
2.00
2.00
0.00
0.00
0.00
0.00
0.00
0.00
349.00
50.00
151.00
123.00
0.00
0.00
95.00
77.00
194.00
82.00
101.00
77.00
0.00
0.00
62.00
111.00
78.00
265.00
407.00
491.00
176.00
481.00
372.00
45.00
28.00
64.00
1476.00
727.00
9.00
152.00
118.00
431.00
32.00
118.00
80.00
9.00
0.00
42.00
4.00
35.00
10.00
1.00
0.00
0.00
32.00
118.00
161.00
115.00
498.00
1092.00
836.00
163.00
20.00
49.00
540.00
0.00
0.00
109.00
10.00
0.00
7.00
10.00
48.00
4.00
15.00
0.00
0.00
0.00
27.00
10.00
108.00
149.00
17.00
129.00
72.00
6.00
1.00
0.00
1.00
84.00
2.00
81.00
64.00
2.00
13.00
67.00
146.00
3.00
7.00
4.00
14.00
0.00
0.00
200.00
230.00
430.00
297.00
185.00
32.00
5.00
74.00
0.00
3.00
11.00
0.00
67.00
38.00
3.00
12.00
29.00
30.00
0.00
7.00
15.00
4.00
6.00
60.00
52.00
53.00
197.00
4.00
52.00
34.00
114.00
43.00
63.00
39.00
9.00
1.00
4.00
9.00
72.00
19.00
12.00
1.00
126.00
5.00
94.00
29.00
20.00
4.00
12.00
0.00
3.00
6.00
161.00
84.00
0.00
26.00
0.00
461.00
0.00
38.00
15.00
74.00
130.00
279.00
5.00
8.00
43.00
35.00
0.00
42.00
111.00
1.00
0.00
2.00
7.00
46.00
66.00
0.00
0.00
5.00
97.00
49.00
66.00
58.00
74.00
118.00
189.00
91.00
372.00
0.00
0.00
379.00
0.00
69.00
107.00
0.00
2.00
0.00
0.00
132.00
22.00
67.00
352.00
330.00
18.00
153.00
0.00
0.00
0.00
0.00
0.00
0.00
0.00
0.00
0.00
0.00
0.00
0.00
0.00
0.00
73.00
46.00
39.00
2.00
0.00
0.00
0.00
34.00
145.00
203.00
117.00
0.00
0.00
0.00
0.00
0.00
0.00
0.00
0.00
0.00
0.00
0.00
0.00
0.00
0.00
0.00
0.00
0.00
0.00
0.00
0.00
0.00
0.00
0.00
0.00
31.00
0.00
0.00
0.00
0.00
0.00
0.00
0.00
0.00
0.00
0.00
0.00
0.00
0.00
0.00
0.00
0.00
0.00
0.00
0.00
0.00
0.00
0.00
0.00
0.00
53.00
0.00
0.00
0.00
0.00
0.00
0.00
0.00
0.00
0.00
0.00
0.00
0.00
0.00
0.00
0.00
0.00
0.00
0.00
0.00
0.00
0.00
0.00
0.00
0.00
0.00
0.00
0.00
0.00
0.00
0.00
0.00
1.00
0.00
0.00
0.00
0.00
0.00
0.00
0.00
0.00
0.00
0.00
0.00
0.00
0.00
0.00
0.00
0.00
0.00
0.00
0.00
0.00
0.00
0.00
0.00
77.00
273.00
343.00
4.00
0.00
0.00
0.00
0.00
0.00
0.00
0.00
0.00
27.00
105.00
0.00
0.00
73.00
6.00
297.00
66.00
1.00
0.00
0.00
0.00
0.00
49.00
227.00
25.00
113.00
0.00
0.00
0.00
0.00
37.00
0.00
0.00
14.00
442.00
119.00
500.00
1292.00
780.00
822.00
153.00
0.00
0.00
66.00
329.00
145.00
6.00
0.00
0.00
0.00
0.00
107.00
7.00
0.00
50.00
282.00
18.00
57.00
6.00
0.00
13.00
366.00
170.00
52.00
226.00
32.00
63.00
146.00
0.00
0.00
10.00
256.00
153.00
27.00
5.00
12.00
0.00
0.00
0.00
1.00
97.00
102.00
5.00
19.00
40.00
137.00
15.00
24.00
10.00
0.00
297.00
71.00
61.00
16.00
59.00
69.00
655.00
206.00
184.00
57.00
402.00
7.00
0.00
0.00
9.00
181.00
265.00
160.00
389.00
141.00
59.00
0.00
0.00
9.00
205.00
150.00
131.00
3.00
41.00
98.00
8.00
226.00
27.00
213.00
56.00
56.00
60.00
319.00
167.00
38.00
256.00
25.00
65.00
5.00
45.00
80.00
75.00
49.00
82.00
24.00
27.00
216.00
7.00
2.00
1.00
47.00
159.00
164.00
0.00
20.00
17.00
3.00
2.00
50.00
8.00
85.00
13.00
27.00
46.00
3.00
15.00
114.00
16.00
8.00
59.00
35.00
17.00
1.00
18.00
226.00
166.00
74.00
35.00
87.00
95.00
3.00
1.00
0.00
1.00
48.00
5.00
0.00
19.00
246.00
114.00
18.00
50.00
101.00
5.00
36.00
10.00
1.00
16.00
123.00
0.00
0.00
0.00
0.00
91.00
31.00
93.00
3.00
97.00
60.00
31.00
2.00
269.00
33.00
113.00
122.00
17.00
21.00
0.00
9.00
0.00
57.00
61.00
36.00
157.00
161.00
5.00
2.00
0.00
0.00
3.00
17.00
6.00
63.00
62.00
103.00
147.00
84.00
39.00
23.00
1.00
0.00
0.00
10.00
150.00
312.00
1019.00
0.00
0.00
0.00
0.00
0.00
0.00
5.00
769.00
1067.00
0.00
0.00
0.00
0.00
0.00
0.00
0.00
0.00
0.00
0.00
0.00
0.00
2.00
0.00
1.00
115.00
1.00
0.00
0.00
0.00
0.00
0.00
0.00
0.00
0.00
0.00
0.00
0.00
0.00
0.00
0.00
0.00
0.00
0.00
0.00
0.00
0.00
0.00
35.00
809.00
92.00
0.00
0.00
0.00
0.00
0.00
0.00
0.00
0.00
127.00
0.00
0.00
0.00
0.00
0.00
0.00
0.00
0.00
0.00
0.00
0.00
53.00
99.00
0.00
0.00
0.00
0.00
0.00
0.00
0.00
0.00
0.00
0.00
0.00
0.00
0.00
0.00
0.00
0.00
0.00
0.00
0.00
0.00
0.00
0.00
0.00
0.00
0.00
0.00
0.00
0.00
0.00
0.00
0.00
0.00
0.00
0.00
0.00
0.00
2.00
0.00
9.00
6.00
1.00
0.00
0.00
0.00
0.00
0.00
0.00
0.00
0.00
0.00
0.00
0.00
0.00
0.00
23.00
873.00
0.00
0.00
0.00
0.00
0.00
0.00
62.00
0.00
0.00
0.00
0.00
0.00
0.00
172.00
1083.00
0.00
502.00
201.00
678.00
0.00
0.00
0.00
0.00
0.00
0.00
0.00
0.00
60.00
3.00
32.00
80.00
210.00
0.00
0.00
6.00
0.00
0.00
0.00
0.00
0.00
35.00
12.00
144.00
244.00
117.00
0.00
133.00
1.00
0.00
40.00
5.00
0.00
25.00
190.00
10.00
0.00
4.00
5.00
0.00
0.00
208.00
21.00
105.00
3.00
282.00
11.00
131.00
288.00
331.00
140.00
77.00
512.00
809.00
27.00
18.00
25.00
0.00
28.00
0.00
0.00
0.00
15.00
0.00
0.00
4.00
55.00
115.00
57.00
156.00
143.00
10.00
110.00
7.00
15.00
8.00
53.00
41.00
70.00
18.00
0.00
3.00
17.00
80.00
22.00
136.00
1020.00
179.00
602.00
83.00
23.00
0.00
0.00
0.00
0.00
0.00
12.00
39.00
28.00
15.00
74.00
2.00
6.00
7.00
2.00
1.00
9.00
0.00
3.00
0.00
15.00
110.00
66.00
5.00
433.00
35.00
19.00
1.00
0.00
3.00
3.00
0.00
0.00
0.00
29.00
54.00
40.00
11.00
169.00
177.00
9.00
6.00
36.00
34.00
66.00
157.00
162.00
3.00
45.00
113.00
20.00
66.00
5.00
69.00
18.00
13.00
58.00
417.00
7.00
20.00
3.00
0.00
7.00
29.00
1.00
26.00
31.00
7.00
129.00
17.00
10.00
0.00
18.00
24.00
1.00
0.00
0.00
58.00
2.00
5.00
82.00
1.00
0.00
0.00
4.00
29.00
19.00
11.00
82.00
0.00
0.00
18.00
17.00
0.00
94.00
4.00
7.00
13.00
0.00
15.00
1.00
2.00
0.00
18.00
0.00
0.00
0.00
0.00
0.00
0.00
0.00
0.00
0.00
0.00
0.00
0.00
37.00
51.00
255.00
142.00
139.00
0.00
0.00
0.00
0.00
0.00
0.00
0.00
0.00
0.00
0.00
0.00
0.00
652.00
279.00
27.00
65.00
6.00
0.00
0.00
0.00
8.00
0.00
0.00
0.00
0.00
0.00
0.00
0.00
0.00
0.00
0.00
0.00
0.00
0.00
0.00
0.00
0.00
0.00
0.00
0.00
0.00
0.00
0.00
0.00
0.00
0.00
0.00
0.00
0.00
0.00
0.00
0.00
0.00
0.00
0.00
0.00
0.00
88.00
0.00
0.00
0.00
0.00
0.00
53.00
159.00
0.00
0.00
0.00
0.00
0.00
0.00
0.00
0.00
0.00
0.00
0.00
0.00
0.00
0.00
0.00
0.00
0.00
0.00
0.00
0.00
0.00
0.00
0.00
0.00
0.00
0.00
0.00
0.00
0.00
0.00
0.00
0.00
0.00
0.00
0.00
0.00
0.00
0.00
0.00
0.00
0.00
10.00
0.00
0.00
0.00
0.00
0.00
0.00
0.00
0.00
0.00
0.00
0.00
0.00
0.00
0.00
0.00
0.00
0.00
0.00
4.00
0.00
0.00
0.00
0.00
0.00
1.20
0.00
16.10
8.60
60.50
44.40
0.00
0.00
0.00
0.00
11.50
0.00
0.00
0.00
0.00
0.00
0.00
0.00
0.00
0.00
0.60
0.00
0.30
1.60
18.50
0.30
0.80
0.70
0.00
0.00
0.00
4.80
1.30
0.00
0.00
0.00
43.70
43.30
58.20
0.00
93.20
8.80
7.70
0.70
22.20
6.70
0.10
0.00
0.00
0.00
0.30
10.20
0.10
21.90
0.00
0.30
26.60
0.00
1.30
0.00
0.00
0.00
0.40
1.00
19.40
33.50
35.70
35.70
0.60
15.00
20.00
0.00
0.00
0.00
2.10
11.70
0.00
14.20
6.60
2.50
5.40
7.40
5.10
8.30
7.20
0.30
0.30
0.60
9.90
9.90
10.70
1.40
0.00
0.00
0.00
0.00
0.70
3.50
0.10
0.00
7.90
1.10
0.00
8.00
14.30
0.00
10.40
0.00
0.00
0.10
0.00
56.80
14.90
0.00
9.70
5.70
16.20
11.50
19.40
5.10
1.00
1.10
7.20
27.40
23.90
0.60
0.00
0.10
0.00
0.10
0.50
2.50
0.50
4.70
10.60
0.70
3.50
3.50
38.40
38.40
10.40
15.50
15.50
0.00
0.00
15.50
15.50
15.50
7.10
1.90
2.00
2.60
28.90
28.70
9.20
0.30
0.10
3.00
1.70
28.80
22.30
6.80
0.00
0.10
3.20
2.40
46.10
0.20
0.90
0.60
4.20
5.70
11.60
3.50
0.20
1.20
0.00
0.20
1.30
5.30
7.90
2.50
1.30
0.30
0.00
0.00
8.10
0.00
1.30
1.40
0.20
1.50
0.60
0.50
13.30
3.70
9.80
8.00
2.20
2.40
9.30
9.80
1.20
0.30
0.60
11.00
0.70
0.00
0.00
0.10
8.40
18.90
24.10
11.80
7.30
12.40
0.80
7.10
11.80
1.30
1.30
3.00
0.00
0.00
0.00
4.50
41.30
16.60
3.80
1.00
0.00
0.00
0.00
0.00
6.90
0.30
0.00
0.00
0.00
0.00
3.20
0.40
1.20
0.20
0.80
5.90
