20160101
0.00
0.00
0.00
0.00
0.00
0.00
0.00
1.00
54.00
0.00
0.00
0.00
0.00
0.00
0.00
0.00
0.00
0.00
0.00
36.00
0.00
0.00
0.00
0.00
0.00
0.00
0.00
0.00
0.00
0.00
0.00
0.00
0.00
0.00
0.00
0.00
0.00
0.00
1.00
0.00
0.00
0.00
0.00
0.00
0.00
0.00
0.00
0.00
0.00
0.00
1.00
29.00
0.00
157.00
230.00
1.00
8.00
0.00
0.00
0.00
0.00
0.00
0.00
21.00
0.00
77.00
0.00
0.00
23.00
11.00
12.00
1.00
2.00
0.00
9.00
0.00
0.00
0.00
0.00
0.00
2.00
0.00
0.00
0.00
0.00
0.00
0.00
614.00
79.00
471.00
186.00
1.00
0.00
77.00
250.00
202.00
163.00
324.00
135.00
13.00
0.00
88.00
286.00
151.00
359.00
243.00
438.00
195.00
428.00
556.00
84.00
76.00
78.00
1643.00
652.00
13.00
117.00
132.00
277.00
69.00
205.00
41.00
42.00
9.00
94.00
2.00
14.00
7.00
3.00
0.00
0.00
48.00
89.00
160.00
132.00
330.00
1949.00
870.00
224.00
18.00
45.00
526.00
1.00
0.00
71.00
21.00
7.00
41.00
17.00
44.00
14.00
25.00
0.00
0.00
0.00
25.00
1.00
361.00
273.00
33.00
43.00
113.00
134.00
2.00
0.00
0.00
160.00
96.00
152.00
53.00
0.00
9.00
98.00
149.00
8.00
0.00
19.00
11.00
10.00
1.00
69.00
228.00
285.00
138.00
87.00
96.00
1.00
123.00
0.00
0.00
123.00
12.00
46.00
25.00
0.00
4.00
262.00
46.00
0.00
3.00
1.00
0.00
17.00
66.00
202.00
67.00
155.00
15.00
17.00
130.00
19.00
118.00
31.00
11.00
0.00
4.00
10.00
16.00
85.00
76.00
53.00
9.00
83.00
22.00
161.00
11.00
24.00
2.00
1.00
2.00
34.00
1.00
354.00
84.00
0.00
8.00
0.00
353.00
0.00
29.00
91.00
233.00
212.00
216.00
54.00
1.00
233.00
9.00
170.00
1008.00
137.00
22.00
1.00
26.00
6.00
130.00
170.00
20.00
0.00
24.00
204.00
48.00
63.00
169.00
237.00
57.00
89.00
90.00
161.00
1.00
0.00
988.00
4.00
131.00
289.00
0.00
0.00
36.00
0.00
4.00
254.00
313.00
197.00
181.00
10.00
127.00
0.00
0.00
0.00
0.00
0.00
0.00
0.00
0.00
0.00
0.00
0.00
0.00
0.00
0.00
126.00
5.00
3.00
1.00
0.00
0.00
0.00
10.00
124.00
256.00
364.00
9.00
0.00
0.00
0.00
0.00
0.00
0.00
0.00
0.00
0.00
0.00
0.00
0.00
0.00
0.00
0.00
0.00
0.00
0.00
0.00
0.00
0.00
0.00
0.00
36.00
0.00
0.00
0.00
0.00
0.00
0.00
0.00
0.00
0.00
0.00
0.00
0.00
0.00
0.00
0.00
0.00
0.00
0.00
0.00
0.00
0.00
0.00
0.00
0.00
95.00
0.00
0.00
0.00
0.00
0.00
0.00
0.00
0.00
1.00
0.00
0.00
0.00
0.00
0.00
0.00
0.00
0.00
0.00
0.00
0.00
0.00
0.00
0.00
0.00
0.00
0.00
0.00
0.00
0.00
0.00
0.00
1.00
0.00
0.00
0.00
0.00
0.00
0.00
0.00
0.00
0.00
0.00
0.00
0.00
0.00
0.00
0.00
0.00
0.00
0.00
0.00
0.00
0.00
0.00
0.00
89.00
338.00
546.00
3.00
0.00
0.00
0.00
0.00
0.00
0.00
0.00
0.00
21.00
92.00
0.00
0.00
92.00
6.00
276.00
56.00
0.00
0.00
0.00
0.00
0.00
107.00
316.00
16.00
138.00
0.00
0.00
0.00
0.00
63.00
0.00
13.00
18.00
655.00
240.00
873.00
1930.00
774.00
865.00
392.00
0.00
0.00
65.00
192.00
180.00
31.00
14.00
0.00
0.00
0.00
138.00
3.00
0.00
108.00
456.00
45.00
93.00
7.00
0.00
27.00
591.00
321.00
69.00
313.00
29.00
174.00
114.00
0.00
0.00
11.00
390.00
219.00
16.00
13.00
10.00
0.00
1.00
0.00
0.00
193.00
143.00
1.00
3.00
108.00
205.00
86.00
96.00
49.00
0.00
177.00
148.00
178.00
1.00
85.00
145.00
622.00
197.00
483.00
120.00
544.00
1.00
1.00
1.00
0.00
169.00
34.00
209.00
761.00
243.00
184.00
14.00
3.00
26.00
603.00
401.00
232.00
0.00
76.00
43.00
71.00
217.00
304.00
121.00
16.00
93.00
46.00
251.00
78.00
62.00
84.00
84.00
195.00
37.00
84.00
45.00
69.00
117.00
46.00
44.00
7.00
114.00
107.00
10.00
0.00
51.00
236.00
85.00
0.00
17.00
49.00
8.00
5.00
35.00
7.00
89.00
45.00
220.00
78.00
46.00
42.00
79.00
17.00
50.00
58.00
46.00
16.00
13.00
28.00
376.00
262.00
86.00
13.00
138.00
120.00
10.00
4.00
0.00
4.00
54.00
8.00
8.00
161.00
239.00
141.00
11.00
116.00
38.00
7.00
132.00
51.00
95.00
120.00
48.00
0.00
0.00
18.00
102.00
10.00
31.00
55.00
6.00
67.00
168.00
17.00
0.00
164.00
11.00
125.00
63.00
32.00
0.00
0.00
4.00
0.00
12.00
185.00
200.00
271.00
354.00
42.00
5.00
1.00
0.00
3.00
108.00
166.00
668.00
54.00
63.00
2.00
147.00
127.00
31.00
8.00
0.00
0.00
57.00
330.00
475.00
1294.00
0.00
0.00
0.00
0.00
0.00
0.00
0.00
351.00
1312.00
0.00
0.00
0.00
0.00
0.00
0.00
0.00
0.00
0.00
0.00
0.00
0.00
0.00
0.00
1.00
133.00
9.00
0.00
0.00
0.00
0.00
0.00
0.00
0.00
0.00
0.00
0.00
0.00
0.00
0.00
0.00
0.00
0.00
0.00
0.00
0.00
0.00
0.00
48.00
714.00
135.00
0.00
0.00
0.00
0.00
0.00
0.00
0.00
0.00
172.00
0.00
0.00
0.00
0.00
0.00
0.00
0.00
0.00
0.00
0.00
0.00
5.00
160.00
6.00
30.00
0.00
0.00
0.00
0.00
0.00
0.00
0.00
0.00
0.00
0.00
0.00
0.00
0.00
0.00
0.00
0.00
0.00
0.00
0.00
0.00
0.00
0.00
0.00
0.00
0.00
0.00
0.00
0.00
0.00
0.00
0.00
0.00
0.00
0.00
4.00
2.00
32.00
16.00
0.00
7.00
0.00
0.00
0.00
0.00
0.00
0.00
0.00
0.00
0.00
0.00
6.00
0.00
99.00
788.00
0.00
0.00
0.00
0.00
96.00
0.00
264.00
0.00
0.00
0.00
0.00
0.00
0.00
560.00
1264.00
0.00
670.00
161.00
744.00
0.00
0.00
0.00
0.00
0.00
0.00
0.00
0.00
19.00
1.00
31.00
181.00
256.00
28.00
0.00
3.00
0.00
0.00
1.00
0.00
8.00
18.00
12.00
114.00
126.00
46.00
0.00
163.00
0.00
2.00
129.00
1.00
47.00
62.00
158.00
20.00
0.00
2.00
13.00
0.00
0.00
144.00
17.00
170.00
8.00
78.00
4.00
92.00
342.00
414.00
181.00
178.00
726.00
583.00
78.00
1.00
18.00
0.00
40.00
0.00
0.00
25.00
0.00
0.00
0.00
0.00
91.00
127.00
319.00
281.00
124.00
16.00
10.00
39.00
3.00
87.00
142.00
18.00
92.00
15.00
0.00
108.00
23.00
14.00
18.00
185.00
919.00
984.00
774.00
172.00
40.00
0.00
19.00
0.00
0.00
2.00
49.00
20.00
22.00
1.00
46.00
72.00
8.00
21.00
16.00
1.00
9.00
172.00
98.00
0.00
9.00
80.00
94.00
0.00
378.00
39.00
57.00
6.00
1.00
1.00
40.00
5.00
1.00
0.00
51.00
307.00
35.00
40.00
193.00
379.00
4.00
3.00
30.00
113.00
37.00
418.00
131.00
0.00
47.00
21.00
22.00
25.00
12.00
40.00
5.00
4.00
114.00
280.00
67.00
0.00
1.00
19.00
0.00
13.00
3.00
107.00
51.00
0.00
134.00
46.00
92.00
32.00
31.00
17.00
0.00
0.00
1.00
11.00
0.00
4.00
42.00
0.00
0.00
8.00
0.00
12.00
21.00
169.00
240.00
11.00
0.00
79.00
32.00
0.00
225.00
14.00
0.00
7.00
3.00
19.00
0.00
97.00
0.00
32.00
0.00
0.00
0.00
0.00
0.00
0.00
0.00
0.00
0.00
0.00
0.00
0.00
8.00
34.00
276.00
153.00
72.00
0.00
0.00
0.00
0.00
0.00
0.00
0.00
0.00
0.00
0.00
0.00
0.00
706.00
205.00
52.00
69.00
0.00
0.00
0.00
0.00
7.00
0.00
0.00
0.00
0.00
0.00
0.00
0.00
0.00
0.00
0.00
0.00
0.00
0.00
0.00
0.00
0.00
0.00
0.00
0.00
0.00
0.00
0.00
0.00
0.00
0.00
0.00
0.00
0.00
0.00
0.00
43.00
0.00
0.00
0.00
0.00
0.00
15.00
0.00
0.00
0.00
0.00
3.00
35.00
242.00
0.00
0.00
0.00
0.00
0.00
0.00
0.00
0.00
0.00
0.00
0.00
0.00
0.00
0.00
0.00
0.00
0.00
0.00
0.00
0.00
0.00
0.00
0.00
0.00
0.00
0.00
0.00
0.00
0.00
0.00
0.00
0.00
0.00
0.00
0.00
0.00
0.00
0.00
0.00
0.00
0.00
0.00
0.00
0.00
0.00
0.00
0.00
0.00
0.00
0.00
0.00
0.00
3.00
0.00
0.00
0.00
0.00
0.00
0.00
0.00
3.00
0.00
0.00
0.00
0.00
0.00
1.50
0.00
23.30
3.70
92.60
22.70
0.00
0.00
0.00
0.00
5.80
0.00
0.00
0.00
0.00
0.00
0.00
0.00
0.00
0.00
1.00
0.10
1.00
1.20
39.20
0.00
0.00
7.40
0.00
0.00
0.00
8.30
0.90
0.00
0.00
0.00
39.50
45.80
41.50
0.00
58.20
11.20
22.60
3.30
21.30
9.90
0.10
0.00
1.70
0.00
0.00
21.00
1.50
14.40
0.00
0.30
4.90
0.00
3.00
0.00
0.00
0.00
0.40
0.90
28.90
39.40
59.20
59.20
0.90
27.10
44.20
0.00
0.70
0.60
7.20
29.60
1.70
22.50
29.20
2.20
9.10
18.90
9.90
9.90
5.50
0.40
0.40
12.60
35.40
35.40
16.30
6.30
6.40
0.90
0.00
0.00
7.60
6.10
0.30
0.00
2.10
3.90
0.10
6.20
14.30
0.00
20.50
4.50
0.00
0.00
0.30
77.70
29.00
5.00
13.10
61.40
10.10
19.80
27.00
1.50
0.00
3.10
13.80
44.20
36.20
11.20
0.00
0.10
0.00
47.80
9.10
1.20
7.50
44.20
19.50
4.70
12.40
12.40
56.30
56.30
31.30
23.40
23.40
0.00
0.00
23.40
23.40
23.40
9.60
13.90
8.90
10.10
33.00
42.00
7.50
1.00
0.00
4.80
3.20
9.90
46.40
10.50
3.90
1.10
5.80
3.80
17.20
0.50
3.50
0.80
4.60
2.30
8.00
5.40
2.20
0.10
0.00
0.70
0.70
1.50
3.70
3.30
3.90
0.20
0.00
3.80
3.50
0.00
2.70
1.30
0.70
1.40
2.80
8.10
13.50
34.40
16.10
0.40
0.40
1.60
12.20
12.60
0.80
0.00
4.00
15.40
1.00
0.00
0.00
0.40
3.80
20.30
21.20
7.70
8.10
2.40
1.60
6.80
13.70
3.00
3.00
8.70
0.00
0.00
12.30
11.90
4.90
0.30
9.70
5.60
0.00
0.00
0.00
0.00
5.50
0.00
0.40
0.00
0.20
0.00
3.20
0.40
1.20
0.20
0.80
5.90
