20160101
0.00
0.00
0.00
0.00
0.00
0.00
0.00
0.00
0.00
0.00
0.00
0.00
0.00
0.00
0.00
0.00
0.00
0.00
54.00
4.00
0.00
0.00
0.00
0.00
0.00
0.00
0.00
0.00
0.00
0.00
0.00
0.00
0.00
0.00
0.00
0.00
0.00
0.00
2.00
0.00
0.00
0.00
0.00
0.00
0.00
0.00
0.00
0.00
0.00
0.00
6.00
0.00
0.00
0.00
0.00
0.00
4.00
0.00
10.00
0.00
0.00
0.00
17.00
0.00
0.00
6.00
0.00
0.00
0.00
0.00
0.00
0.00
0.00
36.00
0.00
0.00
0.00
0.00
7.00
8.00
14.00
0.00
0.00
0.00
0.00
0.00
283.00
162.00
0.00
55.00
288.00
20.00
0.00
2.00
13.00
216.00
6.00
2.00
0.00
4.00
0.00
0.00
0.00
0.00
25.00
0.00
203.00
293.00
223.00
17.00
7.00
13.00
0.00
0.00
0.00
10.00
184.00
142.00
88.00
7.00
15.00
65.00
5.00
37.00
62.00
116.00
36.00
363.00
2.00
43.00
123.00
6.00
139.00
615.00
115.00
787.00
8.00
220.00
290.00
91.00
48.00
37.00
0.00
47.00
105.00
77.00
0.00
34.00
0.00
0.00
3.00
59.00
0.00
0.00
53.00
74.00
18.00
235.00
0.00
0.00
0.00
114.00
1.00
7.00
0.00
91.00
343.00
68.00
2.00
17.00
65.00
39.00
238.00
74.00
494.00
789.00
22.00
349.00
105.00
1.00
12.00
4.00
206.00
233.00
224.00
357.00
120.00
12.00
0.00
186.00
74.00
31.00
20.00
34.00
60.00
153.00
77.00
405.00
108.00
98.00
167.00
356.00
626.00
80.00
247.00
66.00
508.00
24.00
6.00
121.00
227.00
179.00
126.00
167.00
162.00
19.00
103.00
132.00
22.00
118.00
47.00
27.00
75.00
1.00
62.00
15.00
235.00
98.00
54.00
27.00
4.00
0.00
2.00
10.00
0.00
20.00
37.00
332.00
21.00
0.00
76.00
14.00
421.00
108.00
184.00
357.00
49.00
125.00
1.00
5.00
0.00
0.00
0.00
185.00
55.00
99.00
4.00
16.00
18.00
61.00
20.00
168.00
59.00
0.00
142.00
89.00
98.00
35.00
275.00
150.00
0.00
37.00
95.00
0.00
0.00
27.00
144.00
0.00
94.00
0.00
38.00
164.00
230.00
549.00
155.00
1.00
0.00
0.00
0.00
0.00
0.00
0.00
0.00
0.00
0.00
0.00
0.00
0.00
0.00
0.00
77.00
0.00
0.00
0.00
0.00
0.00
0.00
2.00
4.00
20.00
0.00
0.00
0.00
0.00
0.00
0.00
0.00
0.00
0.00
0.00
0.00
0.00
0.00
0.00
0.00
0.00
0.00
0.00
0.00
0.00
0.00
0.00
0.00
0.00
0.00
2.00
0.00
0.00
0.00
0.00
0.00
0.00
0.00
0.00
0.00
0.00
0.00
0.00
0.00
0.00
0.00
0.00
0.00
0.00
0.00
0.00
0.00
0.00
0.00
0.00
102.00
0.00
0.00
0.00
0.00
0.00
0.00
0.00
1.00
0.00
0.00
0.00
0.00
0.00
0.00
61.00
0.00
0.00
0.00
0.00
0.00
0.00
0.00
0.00
0.00
0.00
0.00
0.00
0.00
0.00
0.00
2.00
4.00
8.00
0.00
0.00
0.00
0.00
0.00
0.00
0.00
0.00
0.00
0.00
0.00
0.00
0.00
0.00
0.00
0.00
0.00
0.00
0.00
0.00
0.00
0.00
0.00
0.00
0.00
0.00
0.00
0.00
0.00
0.00
0.00
0.00
0.00
0.00
15.00
0.00
0.00
0.00
23.00
0.00
114.00
0.00
0.00
0.00
0.00
0.00
0.00
0.00
318.00
30.00
91.00
0.00
0.00
0.00
0.00
324.00
0.00
138.00
119.00
47.00
113.00
256.00
566.00
357.00
370.00
1.00
104.00
0.00
0.00
10.00
0.00
0.00
0.00
0.00
0.00
0.00
428.00
122.00
0.00
25.00
189.00
181.00
803.00
471.00
0.00
116.00
6.00
21.00
0.00
119.00
0.00
243.00
14.00
0.00
165.00
150.00
46.00
139.00
8.00
19.00
346.00
2.00
154.00
4.00
2.00
282.00
450.00
0.00
12.00
362.00
230.00
141.00
27.00
138.00
207.00
33.00
902.00
301.00
1.00
9.00
95.00
102.00
180.00
25.00
254.00
143.00
0.00
81.00
1.00
10.00
33.00
178.00
382.00
30.00
1306.00
327.00
484.00
20.00
480.00
42.00
285.00
306.00
1.00
147.00
306.00
1.00
87.00
7.00
1.00
19.00
21.00
64.00
238.00
498.00
47.00
1096.00
308.00
90.00
55.00
118.00
62.00
157.00
144.00
60.00
185.00
11.00
22.00
161.00
106.00
70.00
174.00
88.00
26.00
10.00
142.00
344.00
7.00
107.00
14.00
16.00
17.00
172.00
20.00
17.00
40.00
32.00
63.00
34.00
99.00
104.00
153.00
11.00
187.00
751.00
2194.00
506.00
344.00
137.00
25.00
52.00
71.00
24.00
4.00
97.00
62.00
180.00
119.00
0.00
5.00
566.00
230.00
34.00
0.00
50.00
99.00
182.00
297.00
71.00
14.00
60.00
1.00
137.00
679.00
418.00
664.00
87.00
18.00
8.00
27.00
35.00
14.00
344.00
178.00
243.00
312.00
31.00
23.00
20.00
218.00
1.00
0.00
68.00
182.00
504.00
469.00
71.00
41.00
0.00
102.00
25.00
6.00
6.00
50.00
1.00
0.00
7.00
9.00
846.00
225.00
1.00
0.00
0.00
10.00
13.00
751.00
1059.00
15.00
0.00
0.00
0.00
0.00
0.00
0.00
0.00
5.00
0.00
0.00
0.00
0.00
0.00
0.00
0.00
0.00
0.00
0.00
0.00
0.00
0.00
0.00
3.00
137.00
53.00
0.00
0.00
0.00
0.00
0.00
0.00
0.00
0.00
0.00
0.00
0.00
0.00
0.00
0.00
0.00
0.00
0.00
0.00
0.00
0.00
2.00
0.00
55.00
9.00
0.00
0.00
0.00
0.00
0.00
0.00
0.00
0.00
7.00
2.00
0.00
0.00
0.00
0.00
0.00
0.00
0.00
0.00
0.00
0.00
0.00
0.00
0.00
0.00
0.00
0.00
0.00
0.00
0.00
0.00
0.00
0.00
0.00
0.00
0.00
0.00
0.00
0.00
0.00
0.00
0.00
0.00
0.00
0.00
0.00
0.00
0.00
0.00
0.00
0.00
0.00
0.00
0.00
0.00
0.00
0.00
0.00
5.00
110.00
10.00
26.00
25.00
2.00
15.00
16.00
111.00
0.00
0.00
0.00
0.00
0.00
3.00
0.00
0.00
0.00
0.00
396.00
16.00
0.00
0.00
0.00
0.00
0.00
0.00
0.00
0.00
0.00
0.00
0.00
0.00
0.00
15.00
15.00
0.00
0.00
2.00
2.00
0.00
0.00
0.00
0.00
0.00
0.00
0.00
0.00
8.00
0.00
0.00
639.00
773.00
153.00
49.00
5.00
36.00
21.00
27.00
4.00
20.00
87.00
151.00
0.00
289.00
33.00
82.00
38.00
0.00
43.00
81.00
0.00
1.00
14.00
25.00
0.00
9.00
12.00
4.00
8.00
0.00
11.00
6.00
118.00
45.00
447.00
4.00
295.00
0.00
207.00
227.00
35.00
299.00
97.00
23.00
45.00
5.00
0.00
199.00
1.00
0.00
0.00
0.00
0.00
0.00
4.00
169.00
41.00
137.00
72.00
230.00
77.00
0.00
35.00
21.00
38.00
0.00
30.00
12.00
60.00
1.00
1.00
4.00
120.00
209.00
54.00
11.00
38.00
881.00
62.00
60.00
126.00
29.00
14.00
45.00
1.00
0.00
2.00
16.00
110.00
32.00
1.00
63.00
39.00
31.00
402.00
330.00
155.00
20.00
0.00
0.00
25.00
0.00
19.00
11.00
22.00
130.00
31.00
115.00
102.00
21.00
4.00
16.00
66.00
285.00
65.00
11.00
173.00
157.00
29.00
57.00
90.00
192.00
103.00
149.00
82.00
539.00
171.00
5.00
115.00
92.00
64.00
33.00
15.00
8.00
0.00
38.00
62.00
92.00
113.00
538.00
46.00
16.00
15.00
83.00
106.00
156.00
120.00
129.00
208.00
190.00
96.00
95.00
121.00
2.00
16.00
15.00
166.00
294.00
113.00
234.00
204.00
1.00
0.00
0.00
0.00
131.00
926.00
564.00
42.00
97.00
49.00
0.00
5.00
1.00
16.00
73.00
0.00
8.00
6.00
41.00
23.00
0.00
0.00
29.00
7.00
0.00
0.00
0.00
11.00
0.00
0.00
0.00
0.00
0.00
0.00
2.00
213.00
41.00
50.00
0.00
10.00
0.00
0.00
0.00
0.00
0.00
0.00
0.00
0.00
0.00
0.00
0.00
0.00
0.00
0.00
2.00
0.00
0.00
0.00
0.00
231.00
0.00
0.00
0.00
0.00
0.00
0.00
0.00
0.00
0.00
0.00
0.00
0.00
0.00
0.00
0.00
0.00
0.00
0.00
0.00
0.00
0.00
0.00
0.00
0.00
0.00
0.00
0.00
0.00
0.00
0.00
17.00
0.00
0.00
0.00
0.00
0.00
0.00
0.00
0.00
0.00
0.00
0.00
76.00
612.00
0.00
0.00
0.00
0.00
0.00
0.00
0.00
0.00
0.00
0.00
0.00
0.00
0.00
0.00
0.00
0.00
0.00
10.00
0.00
0.00
0.00
0.00
0.00
0.00
0.00
0.00
0.00
0.00
0.00
0.00
0.00
0.00
0.00
0.00
0.00
0.00
0.00
0.00
8.00
8.00
0.00
0.00
0.00
0.00
0.00
0.00
0.00
0.00
0.00
0.00
0.00
28.00
0.00
0.00
0.00
0.00
0.00
0.00
13.00
16.00
2.00
0.00
0.00
0.00
0.00
0.00
0.00
4.00
5.60
0.00
51.10
5.30
0.00
0.00
0.20
0.30
0.00
0.00
0.00
0.00
0.00
0.00
0.00
0.00
0.00
1.10
0.60
0.00
0.00
5.80
0.00
0.00
0.00
0.10
0.00
0.00
0.00
17.90
1.50
0.00
57.30
3.90
173.40
5.50
6.50
0.00
32.10
27.30
9.10
9.30
1.90
29.10
0.00
0.00
0.00
1.90
0.10
18.00
28.20
0.00
0.00
0.60
0.00
11.20
0.10
0.00
0.60
0.00
0.20
0.50
24.30
3.40
6.60
6.60
3.60
85.30
75.60
0.00
0.00
69.60
0.00
4.10
63.20
90.20
26.70
16.50
12.70
31.80
0.00
46.00
27.20
2.40
2.40
3.10
38.20
38.20
28.40
1.00
8.90
29.90
11.30
19.50
29.80
11.40
2.20
11.40
39.00
0.00
0.00
0.00
0.00
0.00
0.00
1.20
1.90
0.00
3.50
6.80
2.40
123.20
8.30
1.90
22.20
11.50
43.90
0.70
0.00
0.20
50.20
160.20
107.40
90.30
0.00
1.20
0.70
0.00
0.60
2.90
10.30
16.90
21.90
80.80
196.10
196.10
65.00
65.00
49.50
0.90
0.90
7.00
0.00
0.90
0.90
0.90
5.80
34.90
98.90
6.20
22.90
9.30
2.20
2.00
0.00
4.20
15.00
10.20
11.30
1.30
44.90
15.40
20.00
13.40
6.70
2.20
8.50
7.80
35.40
7.50
6.30
12.70
0.10
1.60
1.20
0.20
6.50
7.40
58.70
24.40
17.30
1.30
0.00
0.60
4.20
3.30
16.50
10.40
2.80
6.20
24.70
5.40
0.50
7.10
7.80
0.40
16.50
14.20
5.40
14.10
28.40
8.00
25.70
21.30
16.30
0.40
0.60
1.20
1.70
9.50
18.30
18.80
31.30
0.00
14.60
49.20
7.60
101.40
101.40
4.30
0.00
0.30
0.50
2.20
27.60
24.00
3.20
0.00
0.00
0.00
0.00
0.00
0.30
0.20
0.30
0.00
0.00
0.10
3.40
0.20
0.00
0.50
24.00
92.30
