20160101
0.00
0.00
0.00
0.00
0.00
0.00
0.00
0.00
0.00
0.00
0.00
0.00
4.00
0.00
0.00
0.00
0.00
0.00
0.00
25.00
0.00
0.00
0.00
0.00
0.00
0.00
0.00
0.00
0.00
0.00
0.00
0.00
0.00
0.00
0.00
0.00
0.00
2.00
2.00
0.00
0.00
0.00
0.00
0.00
0.00
0.00
0.00
0.00
0.00
0.00
2.00
0.00
0.00
0.00
0.00
0.00
8.00
0.00
0.00
0.00
0.00
0.00
0.00
0.00
0.00
16.00
0.00
0.00
0.00
0.00
0.00
0.00
1.00
0.00
0.00
0.00
0.00
0.00
24.00
2.00
0.00
0.00
0.00
0.00
0.00
0.00
92.00
329.00
32.00
16.00
209.00
0.00
0.00
10.00
61.00
418.00
50.00
4.00
1.00
219.00
0.00
0.00
0.00
109.00
236.00
14.00
144.00
453.00
151.00
160.00
97.00
188.00
12.00
0.00
0.00
73.00
656.00
122.00
52.00
8.00
19.00
14.00
5.00
87.00
96.00
116.00
27.00
444.00
9.00
17.00
21.00
15.00
136.00
111.00
197.00
705.00
0.00
227.00
466.00
30.00
147.00
329.00
2.00
0.00
15.00
14.00
7.00
119.00
7.00
25.00
27.00
105.00
3.00
0.00
547.00
163.00
247.00
1132.00
120.00
152.00
87.00
21.00
30.00
2.00
1.00
289.00
321.00
308.00
14.00
128.00
212.00
872.00
250.00
602.00
1567.00
181.00
17.00
63.00
107.00
25.00
68.00
81.00
153.00
160.00
304.00
163.00
62.00
7.00
96.00
482.00
152.00
42.00
47.00
22.00
181.00
241.00
28.00
122.00
457.00
224.00
338.00
1465.00
273.00
223.00
107.00
228.00
537.00
36.00
14.00
44.00
139.00
82.00
96.00
60.00
7.00
54.00
398.00
325.00
20.00
54.00
122.00
35.00
178.00
16.00
311.00
203.00
46.00
232.00
9.00
57.00
40.00
0.00
0.00
14.00
1.00
0.00
0.00
270.00
2.00
4.00
40.00
105.00
1049.00
802.00
1381.00
508.00
118.00
20.00
5.00
110.00
59.00
13.00
11.00
196.00
228.00
402.00
45.00
8.00
8.00
227.00
165.00
100.00
24.00
149.00
175.00
152.00
318.00
15.00
247.00
95.00
10.00
21.00
99.00
32.00
10.00
91.00
33.00
0.00
39.00
40.00
17.00
333.00
358.00
407.00
7.00
39.00
0.00
0.00
0.00
0.00
0.00
0.00
0.00
0.00
0.00
0.00
0.00
0.00
0.00
3.00
88.00
0.00
0.00
0.00
0.00
0.00
0.00
0.00
47.00
125.00
0.00
0.00
0.00
0.00
0.00
0.00
0.00
0.00
0.00
0.00
0.00
0.00
0.00
0.00
0.00
0.00
0.00
0.00
0.00
0.00
0.00
0.00
0.00
0.00
0.00
17.00
0.00
0.00
0.00
0.00
0.00
0.00
0.00
0.00
0.00
0.00
0.00
0.00
0.00
0.00
0.00
0.00
0.00
0.00
0.00
0.00
0.00
0.00
0.00
0.00
150.00
0.00
0.00
0.00
0.00
0.00
0.00
0.00
1.00
0.00
0.00
0.00
0.00
0.00
0.00
19.00
0.00
0.00
0.00
0.00
0.00
0.00
0.00
0.00
0.00
0.00
0.00
0.00
0.00
0.00
0.00
1.00
8.00
0.00
0.00
0.00
0.00
0.00
0.00
0.00
0.00
0.00
0.00
0.00
0.00
0.00
0.00
0.00
0.00
0.00
0.00
0.00
0.00
0.00
0.00
0.00
41.00
0.00
17.00
0.00
0.00
0.00
0.00
0.00
0.00
0.00
0.00
0.00
14.00
0.00
0.00
0.00
175.00
0.00
212.00
4.00
0.00
0.00
0.00
0.00
0.00
28.00
124.00
42.00
82.00
0.00
0.00
0.00
5.00
227.00
2.00
6.00
23.00
188.00
102.00
428.00
401.00
949.00
436.00
1.00
103.00
0.00
0.00
66.00
21.00
0.00
0.00
0.00
0.00
0.00
278.00
40.00
0.00
12.00
949.00
287.00
207.00
348.00
0.00
190.00
136.00
197.00
0.00
169.00
8.00
107.00
42.00
0.00
145.00
319.00
145.00
222.00
31.00
10.00
100.00
7.00
57.00
101.00
3.00
135.00
369.00
4.00
7.00
455.00
143.00
236.00
221.00
128.00
243.00
23.00
409.00
226.00
8.00
9.00
119.00
233.00
102.00
425.00
379.00
119.00
0.00
0.00
3.00
23.00
218.00
15.00
194.00
245.00
1025.00
719.00
286.00
44.00
324.00
70.00
364.00
404.00
2.00
925.00
880.00
125.00
668.00
17.00
13.00
15.00
101.00
36.00
1220.00
359.00
171.00
307.00
357.00
47.00
75.00
9.00
85.00
117.00
255.00
177.00
82.00
150.00
43.00
99.00
20.00
25.00
248.00
9.00
49.00
230.00
346.00
79.00
2.00
13.00
6.00
33.00
7.00
44.00
18.00
77.00
325.00
203.00
186.00
86.00
389.00
118.00
264.00
211.00
128.00
1822.00
1021.00
1070.00
559.00
444.00
73.00
7.00
184.00
79.00
102.00
33.00
279.00
411.00
200.00
51.00
54.00
468.00
239.00
44.00
14.00
49.00
142.00
358.00
1175.00
176.00
135.00
382.00
26.00
24.00
560.00
1494.00
253.00
185.00
0.00
11.00
67.00
12.00
24.00
503.00
94.00
395.00
132.00
157.00
49.00
107.00
3.00
1.00
31.00
146.00
512.00
213.00
449.00
133.00
36.00
2.00
13.00
20.00
105.00
22.00
3.00
3.00
18.00
3.00
20.00
123.00
877.00
13.00
0.00
0.00
2.00
524.00
822.00
1522.00
0.00
0.00
0.00
0.00
0.00
0.00
0.00
5.00
47.00
0.00
0.00
2.00
0.00
7.00
1.00
1.00
0.00
0.00
0.00
0.00
0.00
0.00
0.00
4.00
254.00
134.00
1.00
0.00
3.00
0.00
0.00
0.00
0.00
0.00
0.00
0.00
0.00
0.00
0.00
0.00
0.00
0.00
0.00
0.00
0.00
0.00
2.00
26.00
135.00
7.00
0.00
0.00
0.00
0.00
0.00
0.00
0.00
0.00
24.00
0.00
14.00
0.00
0.00
0.00
0.00
0.00
0.00
0.00
0.00
0.00
0.00
104.00
9.00
0.00
0.00
0.00
0.00
0.00
0.00
0.00
0.00
0.00
0.00
0.00
0.00
0.00
0.00
0.00
0.00
0.00
0.00
0.00
0.00
0.00
0.00
0.00
0.00
0.00
0.00
0.00
0.00
0.00
0.00
0.00
0.00
0.00
0.00
0.00
290.00
39.00
28.00
32.00
59.00
23.00
35.00
65.00
0.00
0.00
0.00
0.00
0.00
0.00
0.00
0.00
0.00
0.00
368.00
249.00
0.00
0.00
0.00
0.00
0.00
0.00
0.00
0.00
0.00
0.00
0.00
0.00
0.00
88.00
3.00
0.00
0.00
15.00
0.00
0.00
0.00
0.00
0.00
0.00
0.00
0.00
1.00
3.00
0.00
329.00
1153.00
173.00
577.00
0.00
1.00
0.00
0.00
327.00
19.00
63.00
70.00
248.00
0.00
72.00
33.00
59.00
69.00
6.00
0.00
1.00
2.00
13.00
171.00
118.00
0.00
10.00
354.00
0.00
2.00
0.00
88.00
8.00
136.00
49.00
120.00
0.00
179.00
0.00
302.00
368.00
105.00
207.00
135.00
395.00
0.00
3.00
0.00
181.00
0.00
0.00
0.00
17.00
7.00
21.00
125.00
156.00
247.00
437.00
263.00
26.00
222.00
1.00
171.00
34.00
16.00
4.00
94.00
25.00
384.00
2.00
0.00
17.00
44.00
58.00
0.00
221.00
448.00
407.00
466.00
10.00
262.00
102.00
53.00
67.00
213.00
173.00
532.00
384.00
126.00
101.00
50.00
8.00
189.00
371.00
743.00
267.00
266.00
370.00
1.00
0.00
91.00
56.00
3.00
5.00
24.00
127.00
173.00
177.00
79.00
133.00
23.00
9.00
13.00
391.00
63.00
11.00
165.00
200.00
357.00
55.00
299.00
339.00
178.00
266.00
123.00
93.00
299.00
2.00
15.00
46.00
35.00
293.00
38.00
69.00
69.00
229.00
211.00
181.00
62.00
1405.00
14.00
15.00
3.00
15.00
54.00
3.00
22.00
212.00
318.00
212.00
192.00
29.00
62.00
1.00
12.00
38.00
48.00
653.00
526.00
467.00
7.00
0.00
2.00
0.00
82.00
1685.00
818.00
704.00
319.00
40.00
2.00
0.00
2.00
5.00
31.00
20.00
0.00
0.00
216.00
445.00
84.00
18.00
2.00
8.00
26.00
0.00
0.00
0.00
0.00
0.00
0.00
0.00
0.00
0.00
0.00
20.00
15.00
66.00
52.00
0.00
0.00
0.00
0.00
0.00
0.00
0.00
0.00
0.00
0.00
0.00
0.00
0.00
6.00
3.00
15.00
37.00
0.00
0.00
0.00
0.00
0.00
0.00
0.00
0.00
0.00
0.00
0.00
0.00
0.00
0.00
0.00
0.00
0.00
0.00
0.00
0.00
0.00
0.00
0.00
1.00
0.00
0.00
0.00
0.00
0.00
0.00
0.00
0.00
0.00
0.00
0.00
43.00
0.00
0.00
0.00
0.00
0.00
0.00
0.00
0.00
0.00
0.00
1.00
66.00
226.00
0.00
0.00
0.00
0.00
0.00
0.00
0.00
0.00
0.00
0.00
0.00
0.00
0.00
0.00
0.00
0.00
0.00
0.00
0.00
0.00
0.00
0.00
0.00
0.00
0.00
0.00
0.00
0.00
0.00
0.00
0.00
0.00
0.00
0.00
0.00
0.00
0.00
0.00
0.00
0.00
0.00
0.00
0.00
0.00
0.00
0.00
0.00
0.00
0.00
0.00
0.00
17.00
0.00
0.00
0.00
1.00
0.00
0.00
0.00
8.00
0.00
0.00
0.00
0.00
0.00
0.00
0.00
2.00
20.60
4.20
52.90
4.60
0.00
0.00
0.00
0.00
0.00
0.00
0.00
0.00
0.00
0.00
0.00
0.00
0.00
0.00
0.00
0.00
0.00
0.20
0.00
0.00
7.70
10.10
0.00
0.00
0.00
4.50
1.10
0.00
7.60
6.20
142.00
4.90
33.30
0.00
8.90
3.70
25.80
0.10
1.20
46.50
0.00
0.40
0.00
0.20
0.00
8.90
7.40
0.00
0.00
0.00
0.00
22.50
1.50
0.00
0.00
0.00
0.00
7.20
39.40
24.20
11.00
11.00
8.10
120.80
53.50
4.40
1.90
48.70
51.30
44.90
45.70
30.30
24.10
38.10
0.20
12.80
0.00
48.50
35.90
0.20
0.20
20.80
41.60
41.60
9.60
5.40
31.10
9.90
4.90
19.90
47.80
12.70
3.40
6.30
114.10
13.40
0.10
3.50
2.60
0.00
5.20
0.00
0.30
0.00
13.00
35.70
3.10
63.40
0.70
1.30
9.40
21.70
41.90
1.70
12.70
9.40
134.50
174.50
166.40
75.80
2.20
26.60
4.40
5.70
4.20
6.40
5.50
22.20
8.90
99.00
132.30
132.30
108.00
108.00
80.40
17.30
17.30
3.80
1.70
17.30
17.30
17.30
15.30
58.00
70.40
14.10
9.70
3.20
5.50
3.60
4.50
8.10
15.10
4.50
30.30
10.40
3.40
3.40
5.50
10.20
4.00
98.30
13.20
3.60
54.00
51.00
36.40
42.60
3.40
8.20
1.10
3.90
0.80
6.40
95.30
33.40
7.00
2.30
4.10
7.30
5.10
3.60
8.50
13.30
4.90
6.00
76.90
23.70
9.30
5.20
20.20
5.60
58.00
25.80
7.00
28.50
42.90
55.50
17.60
37.30
12.00
1.20
1.50
3.30
1.60
26.80
61.40
30.70
40.50
3.00
23.50
11.10
5.00
41.80
41.80
32.10
1.80
1.60
3.60
1.90
26.50
9.90
12.50
4.50
0.30
0.50
0.00
0.00
0.80
0.50
0.00
0.10
5.30
1.20
2.60
0.00
0.30
1.80
20.20
109.10
