20160101
0.00
0.00
0.00
0.00
0.00
0.00
0.00
0.00
0.00
0.00
0.00
0.00
0.00
0.00
0.00
0.00
0.00
0.00
156.00
9.00
0.00
0.00
0.00
0.00
0.00
0.00
0.00
0.00
0.00
0.00
0.00
0.00
0.00
0.00
0.00
0.00
0.00
0.00
70.00
0.00
0.00
0.00
0.00
0.00
0.00
0.00
0.00
0.00
0.00
0.00
13.00
1.00
0.00
0.00
0.00
0.00
1.00
0.00
0.00
0.00
0.00
0.00
0.00
0.00
0.00
1.00
0.00
0.00
0.00
0.00
0.00
0.00
33.00
7.00
0.00
0.00
0.00
0.00
0.00
5.00
0.00
0.00
0.00
0.00
0.00
2.00
50.00
191.00
0.00
7.00
619.00
14.00
1.00
0.00
1.00
736.00
0.00
2.00
0.00
0.00
0.00
0.00
0.00
0.00
0.00
0.00
29.00
97.00
48.00
3.00
17.00
0.00
0.00
0.00
0.00
0.00
11.00
257.00
377.00
0.00
44.00
206.00
3.00
1.00
432.00
6.00
28.00
383.00
8.00
47.00
326.00
4.00
188.00
103.00
313.00
352.00
11.00
323.00
644.00
141.00
97.00
66.00
1.00
0.00
151.00
24.00
2.00
110.00
0.00
0.00
0.00
0.00
0.00
5.00
9.00
0.00
17.00
31.00
239.00
0.00
23.00
0.00
113.00
17.00
0.00
118.00
927.00
292.00
73.00
4.00
76.00
102.00
506.00
84.00
885.00
392.00
156.00
104.00
83.00
19.00
59.00
140.00
142.00
125.00
163.00
162.00
235.00
28.00
97.00
93.00
51.00
68.00
85.00
13.00
8.00
44.00
88.00
197.00
308.00
94.00
154.00
145.00
563.00
146.00
197.00
166.00
562.00
99.00
139.00
430.00
269.00
47.00
98.00
698.00
639.00
220.00
87.00
58.00
47.00
84.00
145.00
17.00
82.00
26.00
38.00
33.00
150.00
269.00
18.00
95.00
44.00
1.00
3.00
115.00
5.00
4.00
2.00
25.00
12.00
0.00
38.00
14.00
9.00
287.00
69.00
716.00
35.00
58.00
0.00
3.00
0.00
2.00
2.00
25.00
88.00
9.00
227.00
14.00
40.00
100.00
49.00
177.00
110.00
18.00
130.00
71.00
192.00
35.00
427.00
5.00
14.00
53.00
391.00
49.00
0.00
1.00
24.00
8.00
27.00
28.00
11.00
154.00
269.00
202.00
41.00
27.00
0.00
0.00
0.00
0.00
0.00
0.00
0.00
0.00
0.00
0.00
0.00
0.00
0.00
0.00
5.00
0.00
0.00
0.00
0.00
0.00
0.00
0.00
0.00
0.00
0.00
0.00
0.00
0.00
0.00
0.00
0.00
0.00
0.00
0.00
0.00
0.00
0.00
0.00
0.00
0.00
0.00
0.00
0.00
0.00
0.00
0.00
0.00
0.00
0.00
0.00
0.00
0.00
0.00
0.00
0.00
0.00
0.00
0.00
0.00
0.00
0.00
0.00
0.00
0.00
0.00
0.00
0.00
0.00
0.00
0.00
0.00
0.00
0.00
0.00
233.00
0.00
0.00
0.00
0.00
0.00
1.00
0.00
0.00
0.00
0.00
0.00
0.00
0.00
0.00
211.00
0.00
0.00
0.00
0.00
0.00
0.00
0.00
0.00
0.00
0.00
0.00
0.00
0.00
0.00
0.00
48.00
71.00
7.00
0.00
0.00
0.00
0.00
0.00
0.00
0.00
0.00
0.00
0.00
0.00
0.00
0.00
0.00
0.00
0.00
0.00
0.00
0.00
0.00
0.00
0.00
0.00
0.00
0.00
0.00
0.00
0.00
0.00
0.00
0.00
0.00
0.00
1.00
0.00
0.00
0.00
0.00
79.00
1.00
85.00
20.00
0.00
0.00
0.00
0.00
0.00
7.00
92.00
55.00
250.00
0.00
0.00
0.00
2.00
193.00
0.00
12.00
224.00
7.00
6.00
0.00
49.00
155.00
234.00
0.00
17.00
0.00
3.00
21.00
0.00
0.00
0.00
0.00
0.00
0.00
592.00
3.00
0.00
0.00
798.00
52.00
257.00
594.00
14.00
167.00
0.00
0.00
0.00
245.00
0.00
118.00
0.00
0.00
437.00
224.00
7.00
317.00
0.00
276.00
1066.00
14.00
43.00
1.00
69.00
253.00
275.00
0.00
13.00
426.00
58.00
273.00
51.00
324.00
5.00
17.00
195.00
493.00
1.00
0.00
198.00
66.00
57.00
24.00
75.00
19.00
2.00
463.00
3.00
78.00
118.00
75.00
5.00
38.00
409.00
332.00
283.00
2.00
262.00
20.00
1112.00
141.00
142.00
74.00
222.00
34.00
28.00
3.00
14.00
67.00
62.00
45.00
210.00
670.00
67.00
332.00
203.00
64.00
77.00
81.00
171.00
691.00
336.00
134.00
107.00
23.00
67.00
17.00
87.00
74.00
197.00
104.00
47.00
21.00
159.00
385.00
83.00
209.00
45.00
26.00
121.00
348.00
20.00
2.00
100.00
184.00
24.00
92.00
113.00
7.00
17.00
22.00
312.00
935.00
1943.00
376.00
154.00
123.00
65.00
19.00
297.00
56.00
97.00
75.00
98.00
125.00
91.00
44.00
8.00
1032.00
221.00
28.00
13.00
21.00
170.00
174.00
262.00
51.00
8.00
13.00
0.00
41.00
205.00
181.00
702.00
36.00
56.00
43.00
26.00
7.00
23.00
347.00
36.00
92.00
223.00
11.00
3.00
63.00
24.00
7.00
2.00
5.00
146.00
650.00
192.00
85.00
247.00
53.00
8.00
0.00
161.00
63.00
38.00
28.00
9.00
1.00
44.00
87.00
0.00
0.00
0.00
0.00
0.00
8.00
760.00
231.00
0.00
0.00
0.00
0.00
0.00
0.00
0.00
0.00
194.00
0.00
0.00
0.00
0.00
0.00
0.00
0.00
0.00
0.00
0.00
0.00
0.00
0.00
0.00
0.00
2.00
38.00
0.00
0.00
0.00
0.00
0.00
0.00
0.00
0.00
0.00
0.00
0.00
0.00
0.00
0.00
0.00
0.00
0.00
0.00
0.00
0.00
0.00
0.00
0.00
0.00
0.00
0.00
0.00
0.00
0.00
0.00
0.00
0.00
0.00
0.00
0.00
0.00
0.00
0.00
0.00
0.00
0.00
0.00
0.00
0.00
0.00
0.00
0.00
0.00
0.00
0.00
0.00
0.00
0.00
0.00
0.00
0.00
0.00
0.00
0.00
0.00
0.00
0.00
0.00
0.00
0.00
0.00
0.00
0.00
0.00
0.00
0.00
0.00
0.00
0.00
0.00
0.00
0.00
0.00
0.00
0.00
9.00
1.00
440.00
5.00
0.00
53.00
17.00
192.00
372.00
236.00
0.00
0.00
0.00
0.00
0.00
9.00
0.00
0.00
0.00
0.00
53.00
481.00
0.00
0.00
0.00
12.00
0.00
0.00
1.00
0.00
0.00
0.00
0.00
0.00
0.00
0.00
4.00
0.00
0.00
0.00
3.00
0.00
0.00
0.00
0.00
0.00
0.00
0.00
0.00
0.00
0.00
0.00
339.00
550.00
91.00
1.00
2.00
0.00
0.00
53.00
0.00
5.00
18.00
200.00
0.00
74.00
101.00
24.00
0.00
0.00
0.00
179.00
0.00
45.00
142.00
0.00
0.00
0.00
52.00
61.00
15.00
2.00
4.00
16.00
103.00
0.00
138.00
15.00
564.00
0.00
41.00
68.00
20.00
584.00
210.00
57.00
56.00
0.00
0.00
245.00
2.00
0.00
2.00
0.00
0.00
0.00
0.00
0.00
522.00
142.00
248.00
371.00
141.00
8.00
2.00
3.00
38.00
0.00
76.00
1.00
84.00
1.00
11.00
13.00
174.00
132.00
21.00
10.00
942.00
634.00
108.00
55.00
236.00
148.00
61.00
0.00
34.00
18.00
8.00
8.00
10.00
15.00
15.00
27.00
2.00
2.00
269.00
296.00
17.00
3.00
7.00
7.00
10.00
8.00
15.00
12.00
18.00
72.00
67.00
90.00
82.00
21.00
69.00
55.00
66.00
207.00
63.00
7.00
60.00
171.00
11.00
24.00
6.00
58.00
35.00
108.00
87.00
1101.00
321.00
13.00
63.00
247.00
239.00
42.00
17.00
23.00
21.00
170.00
471.00
60.00
61.00
293.00
111.00
101.00
3.00
260.00
68.00
7.00
47.00
46.00
166.00
34.00
9.00
159.00
43.00
9.00
21.00
98.00
7.00
72.00
28.00
134.00
171.00
2.00
9.00
39.00
36.00
769.00
1256.00
769.00
159.00
143.00
122.00
5.00
12.00
8.00
65.00
31.00
74.00
3.00
1.00
61.00
6.00
3.00
0.00
22.00
0.00
0.00
0.00
0.00
0.00
0.00
0.00
0.00
0.00
0.00
0.00
8.00
468.00
50.00
0.00
0.00
0.00
0.00
0.00
0.00
0.00
0.00
0.00
0.00
0.00
0.00
9.00
0.00
0.00
0.00
0.00
2.00
0.00
0.00
0.00
0.00
117.00
0.00
0.00
0.00
0.00
0.00
0.00
0.00
0.00
0.00
0.00
0.00
0.00
0.00
0.00
0.00
0.00
0.00
0.00
0.00
0.00
0.00
0.00
0.00
0.00
0.00
0.00
0.00
0.00
0.00
0.00
13.00
0.00
0.00
0.00
0.00
0.00
0.00
0.00
0.00
0.00
0.00
12.00
718.00
867.00
0.00
0.00
0.00
0.00
0.00
0.00
0.00
0.00
0.00
0.00
0.00
0.00
0.00
0.00
0.00
0.00
0.00
0.00
0.00
0.00
0.00
0.00
0.00
0.00
0.00
0.00
0.00
0.00
0.00
0.00
0.00
0.00
0.00
0.00
0.00
0.00
0.00
0.00
5.00
5.00
0.00
0.00
0.00
0.00
0.00
0.00
0.00
0.00
0.00
0.00
0.00
45.00
9.00
0.00
0.00
0.00
0.00
6.00
9.00
17.00
0.00
0.00
0.00
0.00
0.00
0.00
0.00
0.30
2.30
0.00
27.20
9.20
0.00
0.00
0.00
0.00
0.00
0.00
0.00
0.00
0.00
0.00
0.00
0.00
0.00
0.80
0.30
0.00
0.00
11.80
0.00
0.00
0.00
0.00
0.00
0.00
0.00
5.10
0.00
0.00
17.30
0.70
102.60
3.70
0.30
0.00
3.60
159.90
17.20
1.00
30.70
22.80
0.40
0.00
0.00
3.00
31.10
56.20
36.70
0.50
0.00
0.00
0.00
3.50
0.00
0.00
0.00
0.00
0.50
0.00
44.10
0.00
0.30
0.30
5.20
65.10
90.20
0.00
0.00
0.20
0.00
0.00
0.00
68.30
52.60
8.20
17.50
6.40
3.10
24.70
42.40
106.90
106.90
28.30
65.00
65.00
2.60
0.50
5.20
69.00
5.50
33.40
19.30
6.70
3.90
14.70
2.20
0.00
2.40
0.20
0.00
0.60
0.00
15.00
6.20
0.20
3.50
13.70
13.40
251.40
1.00
0.80
2.50
5.10
1.50
2.60
0.60
0.00
52.00
74.80
52.10
78.40
15.00
2.70
10.80
3.20
2.00
2.00
4.30
28.40
30.40
96.80
88.60
88.60
52.90
52.90
42.40
5.80
5.80
3.60
3.90
5.80
5.80
5.80
15.00
67.20
172.40
23.60
11.70
18.00
13.50
6.50
9.70
4.60
7.10
2.40
9.10
4.40
13.70
11.60
57.40
40.50
7.90
3.40
18.20
1.80
47.70
5.80
14.60
3.90
4.80
6.00
2.10
1.60
4.00
3.50
19.60
24.10
17.10
13.00
1.20
2.30
47.40
4.10
4.50
31.70
3.10
24.40
14.80
11.80
1.60
1.10
0.80
1.80
2.40
10.00
5.80
5.90
21.50
1.90
29.70
12.40
3.90
0.20
1.00
6.60
2.50
29.60
14.70
36.00
33.40
1.30
17.10
30.10
23.70
77.90
77.90
0.20
2.20
1.00
11.10
5.00
77.00
38.00
4.10
0.00
0.00
0.00
0.00
0.00
0.00
0.00
0.00
0.00
1.70
0.70
0.10
0.10
0.00
0.30
22.00
120.00
