20160101
0.00
0.00
0.00
0.00
0.00
0.00
0.00
0.00
0.00
0.00
0.00
0.00
4.00
0.00
0.00
0.00
0.00
0.00
1.00
46.00
0.00
0.00
0.00
0.00
0.00
1.00
0.00
0.00
0.00
0.00
0.00
0.00
0.00
0.00
0.00
0.00
0.00
0.00
10.00
0.00
0.00
0.00
0.00
0.00
0.00
0.00
0.00
0.00
0.00
0.00
12.00
1.00
0.00
0.00
0.00
0.00
13.00
0.00
0.00
0.00
0.00
0.00
0.00
0.00
0.00
1.00
0.00
0.00
0.00
0.00
0.00
0.00
0.00
0.00
0.00
0.00
2.00
0.00
5.00
0.00
4.00
0.00
0.00
0.00
0.00
0.00
23.00
145.00
23.00
86.00
347.00
2.00
0.00
20.00
12.00
47.00
0.00
2.00
0.00
0.00
0.00
0.00
0.00
0.00
2.00
0.00
66.00
337.00
31.00
189.00
36.00
0.00
2.00
0.00
0.00
0.00
221.00
161.00
0.00
0.00
0.00
6.00
0.00
85.00
9.00
102.00
153.00
554.00
3.00
39.00
36.00
11.00
517.00
194.00
348.00
167.00
21.00
94.00
182.00
170.00
48.00
236.00
0.00
0.00
77.00
90.00
0.00
36.00
0.00
36.00
49.00
78.00
1.00
26.00
0.00
70.00
2.00
0.00
211.00
1.00
5.00
7.00
114.00
3.00
0.00
1128.00
277.00
365.00
33.00
50.00
261.00
266.00
113.00
192.00
680.00
208.00
95.00
146.00
174.00
37.00
23.00
139.00
199.00
289.00
266.00
235.00
37.00
1.00
331.00
617.00
185.00
7.00
48.00
56.00
387.00
649.00
188.00
57.00
268.00
177.00
220.00
613.00
209.00
147.00
266.00
82.00
569.00
33.00
8.00
12.00
75.00
50.00
85.00
118.00
181.00
341.00
418.00
149.00
33.00
75.00
78.00
47.00
178.00
23.00
340.00
475.00
130.00
385.00
40.00
41.00
43.00
1.00
20.00
17.00
4.00
1.00
4.00
217.00
7.00
9.00
42.00
264.00
697.00
418.00
660.00
1291.00
170.00
42.00
23.00
144.00
100.00
26.00
0.00
650.00
57.00
43.00
160.00
9.00
25.00
349.00
163.00
35.00
125.00
200.00
113.00
14.00
240.00
28.00
975.00
552.00
0.00
5.00
12.00
0.00
3.00
36.00
10.00
0.00
2.00
3.00
14.00
11.00
135.00
189.00
107.00
1.00
0.00
0.00
0.00
0.00
0.00
0.00
0.00
0.00
0.00
0.00
0.00
0.00
0.00
0.00
74.00
0.00
0.00
0.00
0.00
0.00
0.00
0.00
34.00
112.00
0.00
0.00
0.00
0.00
0.00
0.00
0.00
0.00
0.00
0.00
0.00
0.00
0.00
0.00
0.00
0.00
0.00
0.00
0.00
0.00
0.00
0.00
0.00
0.00
0.00
2.00
0.00
0.00
4.00
0.00
0.00
0.00
0.00
0.00
0.00
0.00
0.00
0.00
0.00
0.00
0.00
0.00
0.00
0.00
0.00
0.00
0.00
0.00
0.00
0.00
0.00
0.00
0.00
0.00
0.00
0.00
0.00
0.00
0.00
5.00
0.00
0.00
0.00
0.00
0.00
25.00
0.00
0.00
0.00
0.00
0.00
0.00
0.00
0.00
0.00
0.00
0.00
0.00
0.00
0.00
0.00
3.00
4.00
0.00
0.00
0.00
0.00
0.00
0.00
0.00
0.00
0.00
0.00
0.00
0.00
0.00
0.00
0.00
0.00
0.00
0.00
0.00
0.00
0.00
0.00
0.00
0.00
0.00
14.00
0.00
0.00
0.00
0.00
0.00
0.00
0.00
0.00
0.00
56.00
0.00
0.00
0.00
56.00
0.00
209.00
0.00
0.00
0.00
0.00
0.00
0.00
61.00
51.00
52.00
84.00
0.00
0.00
0.00
35.00
296.00
0.00
12.00
307.00
228.00
49.00
524.00
81.00
495.00
169.00
14.00
184.00
4.00
10.00
48.00
4.00
0.00
0.00
0.00
0.00
0.00
257.00
117.00
0.00
2.00
562.00
641.00
23.00
410.00
0.00
211.00
111.00
265.00
0.00
59.00
0.00
65.00
53.00
0.00
166.00
163.00
75.00
213.00
0.00
0.00
152.00
4.00
161.00
47.00
11.00
342.00
542.00
3.00
18.00
832.00
377.00
329.00
0.00
166.00
53.00
77.00
15.00
124.00
8.00
10.00
129.00
189.00
172.00
404.00
473.00
190.00
1.00
0.00
0.00
42.00
32.00
0.00
76.00
40.00
1109.00
247.00
272.00
24.00
239.00
87.00
433.00
697.00
28.00
443.00
522.00
93.00
162.00
2.00
15.00
26.00
101.00
206.00
792.00
298.00
118.00
507.00
217.00
48.00
87.00
25.00
160.00
102.00
50.00
485.00
173.00
25.00
203.00
150.00
43.00
47.00
463.00
58.00
17.00
82.00
488.00
140.00
31.00
56.00
27.00
62.00
24.00
95.00
4.00
16.00
281.00
195.00
307.00
210.00
334.00
402.00
125.00
77.00
110.00
910.00
1433.00
1034.00
255.00
116.00
102.00
16.00
263.00
51.00
122.00
86.00
837.00
275.00
697.00
124.00
365.00
724.00
313.00
30.00
214.00
458.00
369.00
185.00
765.00
837.00
87.00
58.00
35.00
10.00
589.00
1378.00
635.00
13.00
6.00
63.00
46.00
25.00
33.00
389.00
272.00
332.00
127.00
87.00
17.00
51.00
3.00
11.00
9.00
165.00
60.00
216.00
564.00
85.00
12.00
8.00
1.00
6.00
27.00
0.00
9.00
5.00
0.00
0.00
9.00
57.00
350.00
4.00
0.00
0.00
0.00
148.00
755.00
1059.00
0.00
0.00
0.00
0.00
0.00
0.00
0.00
3.00
13.00
0.00
0.00
0.00
0.00
0.00
0.00
0.00
0.00
0.00
0.00
0.00
0.00
1.00
0.00
4.00
241.00
146.00
12.00
9.00
0.00
0.00
0.00
0.00
0.00
0.00
0.00
0.00
0.00
0.00
0.00
0.00
0.00
0.00
0.00
0.00
0.00
0.00
1.00
39.00
83.00
9.00
0.00
0.00
0.00
0.00
0.00
0.00
0.00
0.00
13.00
6.00
0.00
0.00
0.00
0.00
0.00
0.00
0.00
0.00
0.00
0.00
0.00
0.00
0.00
0.00
0.00
0.00
0.00
0.00
0.00
0.00
0.00
0.00
0.00
0.00
0.00
0.00
0.00
0.00
0.00
0.00
0.00
0.00
0.00
0.00
0.00
0.00
0.00
0.00
0.00
0.00
0.00
0.00
0.00
0.00
0.00
0.00
0.00
0.00
730.00
139.00
137.00
12.00
74.00
110.00
510.00
286.00
0.00
0.00
0.00
0.00
0.00
0.00
0.00
0.00
0.00
0.00
608.00
14.00
0.00
0.00
0.00
0.00
0.00
0.00
0.00
0.00
0.00
0.00
0.00
0.00
0.00
0.00
0.00
0.00
0.00
68.00
0.00
0.00
0.00
0.00
0.00
0.00
0.00
2.00
5.00
0.00
0.00
2.00
829.00
370.00
406.00
0.00
4.00
0.00
0.00
131.00
4.00
42.00
71.00
59.00
0.00
43.00
1.00
0.00
65.00
0.00
33.00
174.00
1.00
79.00
38.00
169.00
0.00
0.00
283.00
5.00
12.00
0.00
48.00
75.00
270.00
17.00
113.00
0.00
189.00
6.00
434.00
258.00
18.00
166.00
85.00
64.00
0.00
0.00
0.00
504.00
0.00
0.00
0.00
0.00
12.00
83.00
185.00
157.00
5.00
231.00
567.00
10.00
146.00
1.00
187.00
30.00
85.00
0.00
73.00
7.00
117.00
1.00
0.00
57.00
70.00
56.00
65.00
43.00
348.00
207.00
89.00
170.00
272.00
103.00
47.00
92.00
26.00
16.00
216.00
542.00
261.00
40.00
37.00
14.00
38.00
548.00
975.00
319.00
87.00
90.00
4.00
4.00
65.00
8.00
1.00
17.00
50.00
205.00
436.00
138.00
35.00
51.00
81.00
2.00
6.00
302.00
36.00
3.00
285.00
246.00
427.00
110.00
483.00
422.00
226.00
548.00
132.00
557.00
101.00
4.00
12.00
51.00
121.00
245.00
50.00
50.00
87.00
61.00
134.00
362.00
136.00
731.00
46.00
49.00
8.00
8.00
43.00
7.00
93.00
992.00
392.00
351.00
124.00
89.00
39.00
4.00
17.00
124.00
77.00
392.00
557.00
217.00
11.00
20.00
6.00
9.00
17.00
306.00
1128.00
728.00
74.00
49.00
0.00
0.00
0.00
5.00
44.00
198.00
0.00
0.00
1.00
525.00
225.00
109.00
1.00
51.00
56.00
0.00
0.00
0.00
1.00
0.00
0.00
0.00
0.00
0.00
0.00
7.00
101.00
59.00
51.00
0.00
0.00
0.00
0.00
0.00
0.00
0.00
0.00
0.00
0.00
0.00
0.00
0.00
5.00
5.00
18.00
17.00
0.00
0.00
0.00
0.00
77.00
0.00
0.00
0.00
0.00
0.00
0.00
0.00
0.00
0.00
0.00
0.00
0.00
0.00
0.00
0.00
0.00
0.00
0.00
0.00
0.00
0.00
0.00
0.00
0.00
0.00
0.00
0.00
0.00
0.00
0.00
2.00
0.00
0.00
0.00
0.00
0.00
0.00
0.00
0.00
0.00
0.00
3.00
42.00
246.00
0.00
0.00
0.00
0.00
0.00
0.00
0.00
0.00
0.00
0.00
0.00
0.00
0.00
0.00
0.00
0.00
0.00
0.00
0.00
0.00
0.00
0.00
0.00
0.00
0.00
0.00
0.00
0.00
0.00
0.00
0.00
0.00
0.00
0.00
0.00
0.00
0.00
0.00
1.00
1.00
0.00
0.00
0.00
0.00
0.00
0.00
0.00
0.00
0.00
0.00
0.00
16.00
2.00
0.00
0.00
2.00
0.00
0.00
0.00
8.00
0.00
0.00
0.00
0.00
0.00
0.00
0.00
1.70
16.10
0.60
50.80
5.80
0.00
0.00
0.00
1.10
0.00
0.00
0.00
0.00
0.00
0.00
0.00
0.00
0.00
3.70
0.10
0.00
5.90
3.80
0.00
0.00
14.90
1.40
0.00
0.00
0.00
14.40
0.00
0.00
26.40
1.60
94.20
0.30
22.10
0.00
13.00
2.80
25.70
0.00
5.20
42.90
0.00
7.00
0.00
2.50
0.00
14.10
2.40
0.00
0.00
0.00
0.00
7.40
0.00
0.00
0.00
0.00
2.90
2.80
24.50
11.80
8.20
8.20
2.10
230.30
43.70
0.00
0.00
31.30
5.70
45.40
44.70
37.50
18.40
26.80
0.40
19.80
0.40
54.40
25.80
1.00
1.00
20.40
70.10
70.10
12.10
5.00
3.30
14.00
5.50
56.50
22.50
30.40
8.50
13.50
50.00
3.00
0.10
0.80
4.60
0.10
7.60
0.00
0.00
0.10
6.10
25.40
5.00
39.80
4.50
0.90
15.80
77.10
47.70
1.10
8.60
5.60
83.10
85.80
87.80
67.80
2.30
5.60
2.20
1.10
2.70
18.70
9.60
8.60
60.30
84.00
122.60
122.60
100.50
100.50
62.50
11.70
11.70
1.30
1.90
11.70
11.70
11.70
6.30
63.00
75.20
29.20
54.10
10.90
5.20
5.20
4.00
20.40
107.00
17.70
28.80
13.20
6.00
11.60
4.80
6.50
3.50
12.40
9.80
3.60
73.80
63.30
37.30
21.30
4.90
1.00
1.40
0.90
2.50
4.10
63.90
19.60
4.80
2.90
6.30
28.60
8.40
2.80
7.70
5.70
7.80
13.80
33.60
19.80
5.50
4.40
16.70
4.60
63.80
45.40
16.10
17.60
49.90
42.10
26.90
62.60
18.40
0.70
0.40
1.10
0.40
34.50
14.80
15.80
32.10
0.30
10.90
25.60
2.40
44.60
44.60
1.30
0.50
0.20
5.70
1.30
28.20
24.60
19.20
12.30
0.00
0.00
0.00
0.00
0.00
0.00
0.00
0.00
0.00
0.00
5.20
0.10
0.40
2.10
19.30
110.50
