20160101
0.00
0.00
0.00
0.00
0.00
0.00
0.00
0.00
0.00
0.00
0.00
0.00
0.00
0.00
0.00
0.00
0.00
0.00
23.00
1.00
0.00
0.00
0.00
0.00
0.00
0.00
4.00
0.00
0.00
0.00
0.00
0.00
0.00
0.00
0.00
0.00
0.00
0.00
8.00
0.00
0.00
0.00
0.00
0.00
0.00
0.00
2.00
0.00
0.00
0.00
15.00
0.00
0.00
0.00
0.00
0.00
4.00
0.00
0.00
0.00
0.00
0.00
0.00
0.00
0.00
7.00
0.00
1.00
0.00
0.00
0.00
0.00
4.00
7.00
0.00
0.00
0.00
0.00
0.00
43.00
0.00
0.00
0.00
0.00
0.00
0.00
27.00
182.00
0.00
284.00
231.00
7.00
0.00
3.00
0.00
0.00
0.00
0.00
0.00
0.00
0.00
0.00
0.00
0.00
0.00
0.00
60.00
0.00
32.00
0.00
0.00
0.00
0.00
0.00
0.00
0.00
0.00
99.00
0.00
0.00
0.00
0.00
0.00
77.00
0.00
24.00
10.00
338.00
42.00
47.00
188.00
12.00
54.00
129.00
147.00
99.00
23.00
51.00
146.00
282.00
91.00
20.00
0.00
0.00
129.00
146.00
0.00
1.00
0.00
1.00
34.00
98.00
0.00
0.00
0.00
18.00
14.00
17.00
4.00
0.00
1.00
4.00
262.00
19.00
0.00
295.00
156.00
350.00
1.00
33.00
28.00
64.00
57.00
18.00
547.00
37.00
73.00
24.00
153.00
1.00
1.00
3.00
8.00
139.00
58.00
159.00
130.00
5.00
42.00
240.00
41.00
28.00
64.00
56.00
107.00
54.00
10.00
80.00
621.00
233.00
97.00
80.00
288.00
18.00
170.00
21.00
185.00
17.00
5.00
45.00
217.00
123.00
55.00
248.00
235.00
11.00
100.00
74.00
5.00
40.00
26.00
10.00
60.00
20.00
3.00
21.00
137.00
210.00
178.00
112.00
20.00
0.00
0.00
46.00
1.00
6.00
1.00
139.00
8.00
0.00
257.00
17.00
73.00
7.00
13.00
260.00
0.00
35.00
14.00
5.00
74.00
0.00
0.00
27.00
14.00
50.00
7.00
22.00
11.00
53.00
34.00
60.00
30.00
7.00
166.00
0.00
237.00
33.00
366.00
115.00
0.00
179.00
57.00
0.00
2.00
0.00
0.00
0.00
0.00
3.00
3.00
3.00
623.00
450.00
52.00
0.00
0.00
0.00
0.00
0.00
0.00
0.00
0.00
0.00
0.00
0.00
0.00
0.00
0.00
0.00
19.00
0.00
0.00
0.00
0.00
0.00
0.00
0.00
23.00
22.00
0.00
0.00
0.00
0.00
0.00
0.00
0.00
0.00
0.00
0.00
0.00
0.00
0.00
0.00
0.00
0.00
0.00
0.00
0.00
0.00
0.00
0.00
0.00
0.00
0.00
5.00
0.00
0.00
0.00
0.00
0.00
0.00
0.00
0.00
0.00
0.00
0.00
0.00
0.00
0.00
0.00
0.00
0.00
0.00
0.00
0.00
0.00
0.00
0.00
0.00
8.00
0.00
0.00
0.00
0.00
0.00
0.00
0.00
0.00
0.00
0.00
0.00
0.00
0.00
0.00
159.00
0.00
0.00
0.00
0.00
0.00
0.00
0.00
0.00
0.00
0.00
0.00
0.00
0.00
0.00
0.00
8.00
51.00
93.00
0.00
0.00
0.00
0.00
0.00
0.00
0.00
0.00
0.00
0.00
0.00
0.00
0.00
0.00
1.00
0.00
0.00
0.00
0.00
0.00
0.00
0.00
0.00
0.00
0.00
0.00
0.00
0.00
0.00
0.00
0.00
0.00
0.00
0.00
123.00
0.00
0.00
0.00
16.00
0.00
115.00
0.00
0.00
0.00
0.00
0.00
0.00
12.00
92.00
21.00
277.00
0.00
0.00
0.00
0.00
248.00
0.00
16.00
566.00
82.00
0.00
20.00
41.00
144.00
150.00
0.00
88.00
0.00
25.00
84.00
0.00
0.00
0.00
0.00
0.00
0.00
444.00
156.00
0.00
0.00
226.00
41.00
574.00
491.00
0.00
137.00
43.00
0.00
0.00
25.00
0.00
110.00
30.00
0.00
57.00
131.00
52.00
254.00
0.00
16.00
398.00
6.00
78.00
0.00
29.00
628.00
405.00
0.00
63.00
389.00
0.00
100.00
38.00
83.00
0.00
0.00
28.00
249.00
0.00
1.00
82.00
58.00
50.00
83.00
444.00
296.00
6.00
16.00
0.00
2.00
64.00
11.00
58.00
7.00
792.00
19.00
69.00
1.00
292.00
77.00
856.00
409.00
1.00
115.00
1.00
3.00
81.00
16.00
1.00
12.00
19.00
46.00
106.00
300.00
19.00
372.00
106.00
128.00
29.00
35.00
31.00
154.00
150.00
253.00
151.00
7.00
5.00
4.00
39.00
16.00
522.00
237.00
16.00
8.00
106.00
164.00
253.00
111.00
21.00
10.00
11.00
227.00
16.00
30.00
478.00
158.00
92.00
46.00
167.00
256.00
30.00
5.00
193.00
344.00
1092.00
386.00
296.00
100.00
48.00
26.00
41.00
11.00
20.00
95.00
143.00
224.00
25.00
5.00
30.00
492.00
89.00
25.00
351.00
50.00
328.00
217.00
299.00
318.00
2.00
29.00
10.00
103.00
184.00
169.00
780.00
133.00
0.00
2.00
1.00
1.00
0.00
290.00
152.00
115.00
100.00
9.00
3.00
1.00
27.00
4.00
0.00
117.00
111.00
544.00
334.00
366.00
124.00
0.00
0.00
0.00
14.00
0.00
1.00
0.00
0.00
0.00
5.00
363.00
11.00
0.00
0.00
0.00
1.00
7.00
965.00
805.00
0.00
0.00
7.00
0.00
0.00
0.00
0.00
0.00
1.00
0.00
0.00
0.00
0.00
0.00
0.00
0.00
0.00
0.00
0.00
0.00
0.00
0.00
0.00
0.00
166.00
91.00
0.00
0.00
0.00
0.00
0.00
0.00
0.00
0.00
0.00
0.00
0.00
0.00
0.00
0.00
0.00
0.00
0.00
0.00
0.00
0.00
0.00
2.00
53.00
1.00
0.00
0.00
0.00
0.00
0.00
0.00
0.00
0.00
6.00
0.00
0.00
0.00
0.00
0.00
0.00
0.00
0.00
0.00
0.00
0.00
0.00
5.00
0.00
0.00
0.00
0.00
0.00
0.00
0.00
0.00
0.00
0.00
0.00
0.00
0.00
0.00
0.00
0.00
0.00
0.00
0.00
0.00
0.00
0.00
0.00
0.00
0.00
0.00
0.00
0.00
0.00
0.00
0.00
0.00
0.00
0.00
0.00
0.00
1187.00
103.00
0.00
13.00
21.00
179.00
863.00
552.00
0.00
0.00
0.00
0.00
0.00
0.00
0.00
0.00
0.00
0.00
216.00
76.00
0.00
0.00
0.00
0.00
0.00
0.00
7.00
0.00
0.00
0.00
0.00
0.00
0.00
108.00
0.00
0.00
0.00
19.00
0.00
0.00
0.00
0.00
0.00
0.00
0.00
0.00
0.00
0.00
0.00
52.00
304.00
500.00
134.00
1.00
1.00
0.00
0.00
8.00
0.00
8.00
11.00
295.00
0.00
25.00
0.00
0.00
5.00
0.00
25.00
136.00
8.00
88.00
0.00
7.00
0.00
8.00
44.00
72.00
1.00
1.00
173.00
123.00
240.00
109.00
151.00
43.00
260.00
1.00
425.00
215.00
0.00
247.00
10.00
0.00
2.00
4.00
0.00
108.00
3.00
0.00
0.00
0.00
0.00
0.00
32.00
65.00
25.00
115.00
9.00
23.00
138.00
0.00
72.00
18.00
61.00
0.00
13.00
0.00
0.00
109.00
8.00
7.00
6.00
81.00
4.00
56.00
12.00
43.00
13.00
109.00
14.00
119.00
115.00
1.00
0.00
0.00
5.00
48.00
17.00
16.00
4.00
18.00
8.00
26.00
295.00
434.00
77.00
39.00
1.00
0.00
4.00
0.00
3.00
5.00
4.00
67.00
32.00
24.00
15.00
5.00
13.00
7.00
1.00
301.00
53.00
58.00
105.00
148.00
27.00
12.00
106.00
124.00
241.00
22.00
169.00
510.00
115.00
28.00
14.00
113.00
102.00
30.00
25.00
6.00
1.00
16.00
23.00
100.00
61.00
477.00
30.00
6.00
1.00
95.00
142.00
60.00
73.00
722.00
346.00
46.00
25.00
12.00
84.00
5.00
5.00
56.00
31.00
127.00
375.00
139.00
39.00
2.00
0.00
0.00
1.00
38.00
139.00
423.00
143.00
27.00
2.00
0.00
0.00
1.00
277.00
368.00
0.00
0.00
1.00
23.00
21.00
82.00
1.00
169.00
0.00
0.00
0.00
0.00
0.00
0.00
0.00
0.00
0.00
0.00
0.00
0.00
635.00
14.00
38.00
0.00
0.00
0.00
0.00
0.00
0.00
0.00
0.00
0.00
0.00
0.00
0.00
0.00
0.00
0.00
0.00
0.00
0.00
0.00
0.00
0.00
66.00
0.00
0.00
0.00
0.00
0.00
0.00
0.00
0.00
0.00
0.00
0.00
0.00
0.00
0.00
0.00
0.00
0.00
0.00
0.00
0.00
0.00
0.00
0.00
0.00
0.00
0.00
0.00
0.00
0.00
0.00
7.00
7.00
0.00
0.00
0.00
0.00
0.00
0.00
0.00
0.00
0.00
1.00
126.00
441.00
0.00
0.00
0.00
0.00
0.00
0.00
0.00
0.00
0.00
0.00
0.00
0.00
0.00
0.00
0.00
0.00
0.00
17.00
0.00
0.00
0.00
0.00
0.00
0.00
0.00
0.00
0.00
0.00
0.00
0.00
0.00
0.00
0.00
0.00
0.00
0.00
0.00
0.00
0.00
0.00
0.00
0.00
0.00
0.00
0.00
0.00
0.00
0.00
0.00
0.00
2.00
20.00
0.00
0.00
0.00
1.00
0.00
0.00
11.00
6.00
0.00
0.00
0.00
0.00
0.00
0.00
0.00
3.70
4.60
0.00
26.50
7.80
0.00
0.00
0.00
0.00
0.00
0.00
0.00
0.00
0.00
0.00
0.00
0.00
0.00
0.30
0.50
0.00
0.90
4.30
0.10
0.00
0.00
2.10
0.00
0.00
0.00
5.50
0.00
0.00
59.10
0.30
59.00
1.40
13.70
0.00
12.70
21.40
8.30
0.80
1.60
31.30
0.00
0.30
0.00
8.10
3.60
25.40
6.50
0.00
0.00
0.00
0.00
2.80
0.00
0.00
0.00
0.00
9.00
2.30
0.00
0.00
18.70
18.70
2.10
46.90
45.50
0.00
0.00
0.00
0.00
2.30
15.90
15.80
0.00
9.60
1.10
27.10
0.00
26.30
83.00
7.50
7.50
0.00
28.90
28.90
15.70
2.40
4.80
61.70
8.20
1.20
3.10
24.40
27.20
29.50
3.70
0.10
0.00
0.00
0.70
0.60
0.00
0.00
21.10
0.00
7.70
4.30
12.60
42.10
10.50
0.00
3.60
9.90
6.40
0.10
0.00
0.00
25.70
70.70
27.80
9.50
0.00
0.10
2.00
0.00
0.00
3.00
8.80
16.90
4.50
35.60
163.40
163.40
54.90
54.90
32.10
1.50
1.50
1.60
0.70
1.50
1.50
1.50
1.80
22.40
97.60
12.90
4.50
25.10
15.30
3.00
20.00
11.40
14.60
2.40
5.00
2.00
17.80
11.60
11.60
9.10
2.60
2.00
2.50
6.10
40.50
29.10
22.20
15.80
26.00
1.60
0.50
0.20
0.30
0.60
85.90
15.20
5.30
2.00
0.00
0.80
5.80
4.90
3.90
8.90
1.20
4.70
5.60
7.70
0.80
3.70
2.30
1.00
37.60
14.20
1.00
1.60
24.90
4.10
12.60
62.90
26.60
0.00
0.10
0.10
0.00
9.70
9.90
21.40
30.80
0.10
0.50
24.00
16.50
85.20
85.20
0.00
0.00
0.00
6.80
5.40
53.20
37.10
14.70
0.00
0.00
0.00
0.00
0.00
0.00
1.30
0.00
0.00
0.00
0.00
0.00
0.10
0.00
0.30
22.80
128.40
