20160101
0.00
4.00
0.00
0.00
0.00
0.00
0.00
0.00
8.00
0.00
0.00
0.00
7.00
0.00
0.00
0.00
0.00
0.00
0.00
173.00
0.00
0.00
0.00
0.00
0.00
9.00
44.00
0.00
0.00
0.00
0.00
0.00
0.00
0.00
0.00
0.00
1.00
0.00
29.00
17.00
0.00
0.00
0.00
0.00
0.00
0.00
0.00
0.00
0.00
0.00
2.00
1.00
0.00
0.00
0.00
0.00
9.00
2.00
25.00
39.00
0.00
0.00
10.00
7.00
1.00
22.00
1.00
6.00
0.00
0.00
0.00
0.00
3.00
8.00
1.00
0.00
0.00
0.00
0.00
0.00
0.00
0.00
0.00
0.00
0.00
0.00
259.00
216.00
1.00
20.00
233.00
25.00
0.00
0.00
39.00
276.00
2.00
70.00
0.00
49.00
0.00
0.00
0.00
19.00
286.00
11.00
451.00
206.00
95.00
92.00
243.00
13.00
2.00
150.00
12.00
19.00
181.00
99.00
319.00
77.00
149.00
56.00
136.00
89.00
49.00
27.00
27.00
81.00
5.00
17.00
44.00
84.00
26.00
141.00
23.00
211.00
117.00
319.00
81.00
33.00
67.00
404.00
2.00
18.00
124.00
2.00
70.00
3.00
21.00
44.00
21.00
69.00
177.00
86.00
0.00
68.00
36.00
146.00
21.00
60.00
37.00
75.00
39.00
50.00
16.00
20.00
154.00
193.00
103.00
1.00
12.00
36.00
58.00
385.00
48.00
11.00
83.00
88.00
141.00
16.00
88.00
74.00
120.00
67.00
84.00
378.00
14.00
11.00
186.00
45.00
179.00
47.00
84.00
0.00
0.00
10.00
68.00
91.00
65.00
151.00
143.00
416.00
174.00
81.00
61.00
28.00
427.00
16.00
88.00
141.00
5.00
68.00
47.00
45.00
0.00
43.00
238.00
158.00
42.00
14.00
198.00
1.00
8.00
5.00
28.00
82.00
196.00
140.00
74.00
37.00
31.00
4.00
1.00
87.00
0.00
34.00
81.00
557.00
17.00
36.00
125.00
30.00
45.00
63.00
66.00
120.00
21.00
16.00
17.00
68.00
2.00
4.00
9.00
96.00
155.00
41.00
43.00
30.00
87.00
291.00
218.00
162.00
118.00
368.00
112.00
91.00
18.00
9.00
79.00
3.00
21.00
32.00
1.00
109.00
9.00
75.00
0.00
214.00
35.00
9.00
11.00
71.00
25.00
241.00
71.00
77.00
0.00
0.00
0.00
0.00
0.00
0.00
0.00
0.00
0.00
0.00
0.00
8.00
0.00
0.00
271.00
0.00
0.00
10.00
0.00
0.00
0.00
8.00
36.00
179.00
4.00
0.00
0.00
0.00
0.00
0.00
0.00
0.00
0.00
0.00
0.00
0.00
0.00
0.00
0.00
0.00
0.00
0.00
0.00
0.00
0.00
0.00
0.00
114.00
0.00
11.00
0.00
0.00
0.00
0.00
0.00
0.00
0.00
0.00
0.00
0.00
0.00
0.00
0.00
0.00
0.00
0.00
0.00
0.00
0.00
0.00
0.00
0.00
0.00
0.00
150.00
0.00
1.00
0.00
0.00
0.00
0.00
0.00
1.00
222.00
0.00
0.00
0.00
0.00
0.00
49.00
0.00
0.00
0.00
0.00
0.00
0.00
0.00
0.00
0.00
0.00
0.00
0.00
0.00
0.00
0.00
0.00
18.00
1.00
0.00
0.00
0.00
0.00
0.00
0.00
0.00
0.00
0.00
0.00
0.00
0.00
0.00
0.00
0.00
0.00
0.00
0.00
0.00
1.00
0.00
0.00
0.00
0.00
0.00
0.00
0.00
0.00
0.00
0.00
0.00
0.00
0.00
0.00
5.00
2.00
0.00
0.00
109.00
1.00
271.00
3.00
0.00
0.00
0.00
0.00
0.00
98.00
281.00
47.00
173.00
0.00
0.00
0.00
0.00
53.00
77.00
5.00
41.00
83.00
238.00
289.00
402.00
463.00
1284.00
298.00
0.00
1.00
49.00
11.00
2.00
0.00
0.00
0.00
5.00
111.00
207.00
0.00
0.00
0.00
176.00
26.00
85.00
11.00
0.00
0.00
35.00
100.00
20.00
126.00
8.00
264.00
7.00
26.00
34.00
64.00
182.00
370.00
0.00
15.00
21.00
7.00
17.00
78.00
63.00
28.00
154.00
24.00
3.00
55.00
26.00
54.00
5.00
43.00
15.00
148.00
402.00
228.00
1.00
7.00
83.00
527.00
8.00
52.00
171.00
38.00
0.00
43.00
76.00
23.00
53.00
204.00
352.00
226.00
442.00
82.00
43.00
6.00
376.00
308.00
124.00
55.00
16.00
134.00
223.00
39.00
84.00
1.00
32.00
6.00
52.00
22.00
306.00
37.00
0.00
23.00
126.00
129.00
41.00
11.00
51.00
131.00
108.00
49.00
37.00
0.00
44.00
152.00
43.00
9.00
117.00
120.00
14.00
167.00
111.00
244.00
10.00
54.00
31.00
24.00
55.00
82.00
33.00
137.00
61.00
33.00
80.00
192.00
42.00
26.00
17.00
26.00
59.00
628.00
925.00
964.00
424.00
58.00
14.00
23.00
310.00
199.00
1.00
140.00
21.00
15.00
21.00
31.00
110.00
151.00
47.00
166.00
21.00
62.00
64.00
95.00
209.00
197.00
48.00
1.00
8.00
8.00
62.00
9.00
48.00
19.00
97.00
32.00
16.00
1.00
1.00
172.00
6.00
110.00
78.00
26.00
19.00
252.00
151.00
11.00
7.00
41.00
62.00
90.00
329.00
45.00
30.00
38.00
32.00
10.00
17.00
57.00
37.00
18.00
71.00
34.00
53.00
19.00
58.00
2.00
0.00
0.00
13.00
86.00
508.00
919.00
0.00
0.00
0.00
0.00
0.00
0.00
0.00
5.00
152.00
0.00
0.00
0.00
0.00
0.00
0.00
0.00
0.00
0.00
0.00
0.00
0.00
0.00
0.00
4.00
222.00
69.00
1.00
0.00
0.00
0.00
0.00
0.00
0.00
0.00
0.00
0.00
0.00
0.00
0.00
0.00
0.00
0.00
0.00
0.00
0.00
0.00
9.00
0.00
68.00
6.00
0.00
0.00
0.00
0.00
0.00
0.00
0.00
1.00
8.00
3.00
0.00
0.00
0.00
0.00
0.00
0.00
0.00
0.00
0.00
0.00
0.00
232.00
32.00
3.00
0.00
0.00
0.00
0.00
0.00
0.00
0.00
0.00
0.00
0.00
0.00
0.00
0.00
0.00
0.00
0.00
0.00
0.00
0.00
0.00
0.00
0.00
0.00
0.00
0.00
0.00
0.00
0.00
0.00
0.00
0.00
0.00
0.00
18.00
41.00
12.00
0.00
12.00
49.00
3.00
18.00
154.00
0.00
0.00
0.00
0.00
0.00
0.00
0.00
0.00
0.00
0.00
289.00
448.00
0.00
0.00
0.00
22.00
0.00
0.00
0.00
0.00
0.00
0.00
0.00
1.00
11.00
7.00
73.00
0.00
1.00
23.00
0.00
0.00
0.00
0.00
0.00
0.00
0.00
0.00
0.00
13.00
13.00
0.00
248.00
286.00
139.00
158.00
21.00
170.00
61.00
74.00
3.00
61.00
49.00
57.00
171.00
74.00
51.00
112.00
29.00
169.00
274.00
59.00
42.00
11.00
20.00
15.00
12.00
0.00
0.00
13.00
48.00
12.00
429.00
42.00
189.00
86.00
122.00
3.00
36.00
29.00
94.00
214.00
66.00
426.00
175.00
68.00
103.00
12.00
0.00
30.00
0.00
26.00
0.00
0.00
0.00
0.00
8.00
15.00
69.00
492.00
156.00
42.00
66.00
0.00
47.00
19.00
18.00
5.00
77.00
16.00
103.00
119.00
31.00
43.00
31.00
65.00
25.00
489.00
254.00
256.00
83.00
5.00
210.00
0.00
77.00
0.00
25.00
2.00
74.00
38.00
20.00
31.00
23.00
13.00
1.00
4.00
116.00
178.00
309.00
293.00
37.00
0.00
27.00
1.00
1.00
0.00
144.00
76.00
18.00
74.00
101.00
90.00
34.00
0.00
12.00
161.00
94.00
11.00
63.00
76.00
5.00
2.00
4.00
29.00
40.00
54.00
161.00
114.00
0.00
0.00
12.00
334.00
43.00
183.00
87.00
89.00
3.00
71.00
360.00
58.00
60.00
44.00
300.00
29.00
4.00
25.00
134.00
1.00
5.00
26.00
63.00
50.00
103.00
0.00
5.00
0.00
0.00
136.00
121.00
23.00
49.00
92.00
1.00
3.00
0.00
8.00
36.00
85.00
52.00
94.00
75.00
18.00
33.00
0.00
24.00
2.00
51.00
58.00
6.00
4.00
7.00
36.00
15.00
8.00
1.00
99.00
0.00
8.00
0.00
0.00
0.00
11.00
47.00
0.00
0.00
29.00
0.00
23.00
35.00
43.00
40.00
0.00
0.00
0.00
0.00
0.00
0.00
0.00
0.00
0.00
0.00
15.00
0.00
0.00
0.00
7.00
13.00
8.00
0.00
0.00
13.00
0.00
0.00
0.00
0.00
0.00
0.00
0.00
0.00
0.00
0.00
0.00
0.00
0.00
0.00
0.00
0.00
0.00
0.00
0.00
0.00
0.00
0.00
0.00
0.00
0.00
0.00
1.00
0.00
0.00
0.00
0.00
0.00
12.00
0.00
0.00
0.00
0.00
0.00
0.00
0.00
0.00
0.00
0.00
95.00
467.00
426.00
0.00
0.00
0.00
0.00
0.00
0.00
0.00
0.00
0.00
0.00
0.00
0.00
0.00
0.00
0.00
0.00
0.00
0.00
0.00
0.00
0.00
0.00
0.00
0.00
0.00
0.00
0.00
0.00
0.00
0.00
0.00
0.00
0.00
0.00
0.00
0.00
0.00
0.00
0.00
0.00
0.00
0.00
0.00
0.00
0.00
0.00
0.00
0.00
0.00
0.00
0.00
41.00
8.00
0.00
0.00
0.00
3.00
0.00
1.00
36.00
23.00
0.00
0.00
0.00
0.00
0.00
0.00
0.80
32.90
4.00
72.30
45.40
0.00
1.10
0.90
0.00
0.00
0.00
0.00
0.00
0.00
0.00
0.00
0.00
0.00
1.10
5.40
0.00
0.00
16.80
5.30
0.00
0.00
14.40
3.10
0.00
0.00
8.00
50.10
0.00
0.00
0.90
143.00
13.80
43.10
0.80
4.70
11.20
27.20
9.10
5.00
15.60
0.10
0.00
0.00
4.30
14.80
13.70
13.70
4.50
0.00
0.30
6.60
10.80
3.00
8.60
2.00
2.40
3.40
0.10
12.50
6.80
10.90
10.90
3.60
30.00
99.80
0.00
0.00
31.50
13.60
7.20
37.40
30.40
23.10
8.80
3.10
3.50
2.60
15.80
6.60
0.00
0.00
8.10
12.90
12.90
2.30
3.30
2.00
8.40
2.40
3.80
6.70
9.20
1.70
3.70
11.60
3.10
0.40
0.20
10.20
0.10
3.50
1.50
1.10
21.70
2.50
8.10
1.60
22.20
5.10
1.50
7.40
15.60
6.50
0.00
0.00
1.50
6.20
71.90
41.30
54.60
8.20
6.00
3.30
1.10
1.70
26.10
38.10
19.00
13.50
33.90
73.10
73.10
41.60
41.60
11.60
2.00
2.00
5.50
1.80
2.00
2.00
2.00
7.90
13.40
5.50
8.60
9.70
19.10
6.20
9.00
1.00
19.10
11.90
0.80
28.30
4.10
6.20
0.30
7.10
21.30
1.80
0.80
3.50
0.00
24.10
0.90
0.40
0.10
2.10
0.10
0.00
1.00
0.10
0.40
13.30
13.70
5.10
0.40
2.40
17.80
9.20
0.60
12.90
11.50
1.90
17.80
9.90
7.90
4.50
8.90
13.00
0.40
1.30
3.60
5.90
27.40
28.70
5.20
7.90
2.00
0.30
3.70
0.90
4.80
4.30
9.50
37.80
9.60
15.30
4.20
0.10
16.10
6.10
8.30
8.30
25.10
3.80
2.00
4.10
15.10
5.10
11.60
1.20
0.20
0.00
0.00
0.00
0.00
0.90
0.00
0.40
0.20
0.90
0.20
4.90
0.30
0.20
3.00
11.70
41.50
