20160101
0.00
0.00
0.00
0.00
0.00
0.00
0.00
0.00
21.00
0.00
0.00
0.00
5.00
0.00
0.00
0.00
0.00
0.00
0.00
40.00
0.00
0.00
0.00
0.00
0.00
0.00
0.00
0.00
6.00
0.00
0.00
0.00
0.00
0.00
0.00
0.00
0.00
1.00
2.00
0.00
0.00
0.00
0.00
0.00
0.00
0.00
0.00
0.00
0.00
0.00
0.00
0.00
0.00
0.00
0.00
0.00
11.00
0.00
0.00
0.00
0.00
0.00
0.00
0.00
17.00
24.00
0.00
0.00
0.00
0.00
0.00
0.00
7.00
2.00
0.00
0.00
0.00
0.00
0.00
7.00
32.00
0.00
0.00
0.00
0.00
0.00
231.00
161.00
16.00
16.00
161.00
4.00
0.00
1.00
40.00
499.00
188.00
358.00
7.00
4.00
0.00
4.00
0.00
110.00
450.00
135.00
284.00
343.00
169.00
247.00
172.00
94.00
34.00
523.00
32.00
53.00
350.00
169.00
172.00
17.00
190.00
464.00
150.00
45.00
126.00
48.00
127.00
180.00
0.00
31.00
6.00
4.00
93.00
92.00
27.00
484.00
164.00
478.00
316.00
29.00
67.00
308.00
6.00
0.00
32.00
13.00
0.00
3.00
13.00
0.00
11.00
132.00
0.00
0.00
10.00
45.00
1.00
322.00
150.00
101.00
18.00
25.00
0.00
12.00
0.00
190.00
154.00
113.00
42.00
1.00
179.00
209.00
166.00
1350.00
537.00
59.00
6.00
37.00
126.00
1.00
61.00
85.00
18.00
47.00
158.00
11.00
2.00
9.00
49.00
213.00
95.00
83.00
20.00
5.00
48.00
33.00
16.00
77.00
52.00
229.00
525.00
586.00
88.00
189.00
88.00
67.00
341.00
16.00
107.00
134.00
50.00
35.00
39.00
1.00
0.00
73.00
286.00
151.00
9.00
8.00
183.00
76.00
6.00
18.00
289.00
167.00
23.00
139.00
10.00
98.00
7.00
0.00
5.00
24.00
0.00
6.00
0.00
220.00
2.00
11.00
5.00
33.00
297.00
491.00
542.00
313.00
28.00
0.00
4.00
114.00
11.00
1.00
0.00
51.00
213.00
43.00
70.00
7.00
58.00
6.00
9.00
30.00
91.00
315.00
50.00
118.00
140.00
31.00
129.00
1.00
0.00
58.00
4.00
1.00
11.00
224.00
2.00
0.00
7.00
0.00
10.00
121.00
70.00
167.00
7.00
72.00
0.00
0.00
0.00
0.00
0.00
0.00
0.00
0.00
0.00
0.00
0.00
0.00
0.00
0.00
106.00
0.00
0.00
0.00
0.00
0.00
2.00
3.00
30.00
168.00
2.00
0.00
0.00
0.00
0.00
0.00
0.00
0.00
0.00
0.00
0.00
0.00
0.00
0.00
0.00
0.00
0.00
0.00
0.00
0.00
0.00
0.00
0.00
0.00
0.00
34.00
0.00
0.00
0.00
0.00
0.00
0.00
0.00
0.00
0.00
0.00
0.00
0.00
0.00
0.00
0.00
0.00
0.00
0.00
0.00
0.00
0.00
0.00
0.00
0.00
49.00
0.00
0.00
0.00
0.00
0.00
0.00
0.00
0.00
4.00
0.00
0.00
0.00
0.00
0.00
0.00
0.00
0.00
0.00
0.00
0.00
0.00
0.00
0.00
0.00
0.00
0.00
0.00
0.00
0.00
0.00
0.00
17.00
0.00
0.00
0.00
0.00
0.00
0.00
0.00
0.00
0.00
0.00
0.00
0.00
0.00
0.00
0.00
0.00
33.00
0.00
0.00
0.00
0.00
0.00
0.00
0.00
259.00
17.00
0.00
0.00
0.00
0.00
0.00
0.00
0.00
0.00
0.00
3.00
48.00
0.00
0.00
49.00
0.00
483.00
0.00
0.00
0.00
0.00
0.00
0.00
120.00
350.00
27.00
46.00
0.00
0.00
0.00
0.00
262.00
7.00
47.00
2.00
161.00
111.00
580.00
900.00
1019.00
1198.00
205.00
2.00
0.00
96.00
85.00
24.00
0.00
0.00
0.00
2.00
57.00
294.00
0.00
0.00
6.00
458.00
171.00
285.00
62.00
0.00
66.00
235.00
351.00
16.00
114.00
168.00
460.00
14.00
0.00
34.00
113.00
487.00
798.00
9.00
4.00
31.00
0.00
6.00
0.00
5.00
78.00
211.00
5.00
0.00
142.00
122.00
248.00
125.00
323.00
100.00
159.00
290.00
127.00
1.00
10.00
113.00
251.00
47.00
152.00
551.00
96.00
0.00
12.00
4.00
45.00
14.00
59.00
170.00
139.00
372.00
347.00
4.00
0.00
743.00
523.00
147.00
76.00
0.00
323.00
567.00
75.00
234.00
21.00
32.00
31.00
65.00
17.00
706.00
163.00
21.00
203.00
424.00
39.00
63.00
10.00
7.00
54.00
80.00
47.00
67.00
1.00
31.00
200.00
15.00
10.00
132.00
45.00
2.00
115.00
127.00
50.00
15.00
14.00
0.00
9.00
8.00
110.00
83.00
2.00
19.00
6.00
63.00
105.00
83.00
2.00
118.00
71.00
95.00
1137.00
872.00
714.00
592.00
189.00
48.00
14.00
193.00
105.00
7.00
17.00
130.00
100.00
12.00
4.00
30.00
137.00
23.00
50.00
0.00
22.00
35.00
66.00
567.00
378.00
42.00
1.00
0.00
0.00
386.00
1249.00
316.00
0.00
0.00
7.00
10.00
1.00
0.00
223.00
105.00
262.00
87.00
65.00
3.00
20.00
2.00
0.00
32.00
34.00
557.00
248.00
234.00
69.00
1.00
0.00
62.00
6.00
23.00
0.00
216.00
0.00
32.00
1.00
14.00
31.00
119.00
1.00
0.00
0.00
1.00
206.00
455.00
1102.00
0.00
0.00
0.00
0.00
0.00
0.00
0.00
7.00
226.00
0.00
0.00
0.00
0.00
0.00
2.00
0.00
0.00
0.00
0.00
0.00
0.00
0.00
0.00
10.00
300.00
75.00
4.00
0.00
0.00
0.00
0.00
0.00
0.00
0.00
0.00
0.00
0.00
0.00
0.00
0.00
0.00
0.00
0.00
0.00
0.00
0.00
0.00
0.00
230.00
29.00
0.00
0.00
0.00
0.00
0.00
0.00
0.00
0.00
9.00
8.00
5.00
0.00
0.00
0.00
0.00
0.00
0.00
0.00
0.00
3.00
0.00
77.00
0.00
0.00
0.00
0.00
0.00
0.00
0.00
0.00
0.00
0.00
0.00
0.00
0.00
0.00
0.00
0.00
0.00
0.00
0.00
0.00
0.00
0.00
0.00
0.00
0.00
0.00
0.00
0.00
0.00
0.00
0.00
0.00
0.00
0.00
0.00
0.00
76.00
12.00
2.00
11.00
11.00
0.00
0.00
1.00
0.00
0.00
7.00
0.00
0.00
0.00
0.00
0.00
0.00
0.00
393.00
285.00
0.00
0.00
0.00
0.00
0.00
0.00
0.00
0.00
0.00
0.00
0.00
0.00
0.00
0.00
3.00
0.00
34.00
45.00
0.00
0.00
0.00
0.00
0.00
0.00
0.00
3.00
0.00
0.00
0.00
49.00
366.00
294.00
215.00
3.00
10.00
0.00
0.00
128.00
1.00
43.00
46.00
39.00
170.00
131.00
82.00
168.00
50.00
0.00
214.00
51.00
2.00
0.00
48.00
24.00
14.00
0.00
17.00
1.00
17.00
1.00
169.00
1.00
159.00
222.00
109.00
0.00
51.00
4.00
156.00
218.00
112.00
225.00
143.00
294.00
110.00
55.00
0.00
218.00
0.00
0.00
0.00
0.00
0.00
0.00
0.00
0.00
358.00
378.00
245.00
12.00
312.00
0.00
15.00
23.00
0.00
0.00
0.00
1.00
28.00
0.00
8.00
23.00
125.00
61.00
21.00
553.00
715.00
643.00
148.00
0.00
237.00
11.00
3.00
0.00
26.00
63.00
250.00
312.00
21.00
48.00
9.00
1.00
1.00
147.00
246.00
368.00
303.00
708.00
17.00
0.00
125.00
33.00
8.00
0.00
40.00
22.00
49.00
249.00
85.00
105.00
24.00
16.00
1.00
190.00
63.00
19.00
47.00
59.00
257.00
88.00
97.00
201.00
17.00
13.00
69.00
64.00
16.00
0.00
0.00
78.00
40.00
436.00
49.00
33.00
9.00
36.00
242.00
69.00
12.00
74.00
160.00
30.00
0.00
31.00
62.00
12.00
9.00
71.00
249.00
92.00
120.00
12.00
30.00
0.00
5.00
0.00
35.00
148.00
81.00
146.00
39.00
0.00
0.00
0.00
27.00
225.00
374.00
315.00
267.00
7.00
2.00
2.00
33.00
13.00
1.00
2.00
3.00
0.00
3.00
16.00
1.00
25.00
1.00
0.00
1.00
1.00
0.00
0.00
0.00
0.00
0.00
0.00
0.00
0.00
0.00
29.00
14.00
60.00
140.00
0.00
0.00
0.00
0.00
0.00
0.00
0.00
0.00
0.00
0.00
0.00
0.00
0.00
0.00
32.00
26.00
5.00
0.00
0.00
0.00
0.00
0.00
0.00
0.00
0.00
0.00
0.00
0.00
0.00
0.00
0.00
0.00
0.00
0.00
0.00
0.00
0.00
0.00
0.00
0.00
0.00
0.00
0.00
0.00
0.00
0.00
0.00
0.00
0.00
0.00
0.00
0.00
5.00
0.00
0.00
0.00
0.00
0.00
5.00
0.00
0.00
0.00
0.00
0.00
49.00
128.00
0.00
0.00
0.00
0.00
0.00
0.00
0.00
0.00
0.00
0.00
0.00
0.00
0.00
0.00
0.00
0.00
0.00
0.00
0.00
0.00
0.00
0.00
1.00
0.00
0.00
0.00
0.00
0.00
0.00
0.00
0.00
0.00
0.00
0.00
0.00
0.00
0.00
0.00
0.00
0.00
0.00
0.00
0.00
0.00
0.00
0.00
0.00
0.00
0.00
0.00
0.00
9.00
0.00
0.00
6.00
0.00
0.00
0.00
0.00
0.00
0.00
0.00
0.00
0.00
0.00
0.00
0.00
0.00
28.90
4.60
65.10
16.30
0.00
0.00
0.00
0.00
0.00
0.00
0.00
0.00
0.00
0.00
0.00
0.00
0.00
0.00
0.20
0.00
0.00
0.00
0.60
0.00
0.00
4.90
0.00
0.00
0.00
1.80
8.80
0.00
0.00
0.00
173.60
13.70
67.40
0.00
15.30
8.90
28.90
3.10
0.50
56.10
0.00
0.00
0.40
0.10
0.00
24.70
18.60
0.40
0.00
0.60
84.50
12.60
1.60
0.00
0.80
3.70
0.00
3.20
7.80
17.90
26.50
26.50
1.10
40.70
98.60
7.40
0.50
25.90
44.50
21.60
49.10
23.80
9.90
84.40
4.80
6.30
1.60
17.70
15.60
0.10
0.10
21.50
16.60
16.60
5.40
9.20
21.40
0.10
0.00
0.10
10.20
2.70
1.50
3.00
81.10
16.40
0.00
0.20
1.70
1.70
18.90
4.30
7.10
0.00
16.20
21.70
0.60
31.20
17.30
0.00
12.50
6.90
2.50
0.10
0.00
3.20
54.40
111.40
132.20
72.70
0.40
5.30
1.60
1.70
0.10
14.60
9.10
19.00
4.60
52.90
135.30
135.30
92.90
92.90
18.10
9.20
9.20
0.20
0.00
9.20
9.20
9.20
1.80
16.30
40.10
2.50
11.40
4.60
5.70
3.80
1.80
12.80
6.40
0.50
18.10
2.40
1.00
0.00
6.60
12.80
4.60
3.20
1.70
0.10
6.60
3.40
31.60
24.70
2.00
1.00
0.00
0.00
0.30
2.30
15.90
8.90
19.40
0.80
0.60
4.10
0.50
0.00
8.20
4.70
1.30
7.00
11.50
7.80
0.50
4.70
14.20
2.00
10.10
13.40
2.70
9.10
30.10
18.00
5.40
2.40
3.00
0.10
6.60
0.00
0.20
6.30
18.50
19.10
13.70
0.40
15.40
7.40
19.20
19.30
19.30
44.00
0.70
0.10
0.30
0.30
1.20
0.90
1.20
0.60
0.00
0.10
0.00
0.20
0.20
0.00
0.10
0.20
0.00
0.00
4.90
0.30
0.20
3.00
11.70
41.50
