20160101
0.00
18.00
3.00
0.00
72.00
3.00
1.00
0.00
13.00
14.00
5.00
0.00
11.00
2.00
0.00
6.00
0.00
15.00
6.00
84.00
0.00
8.00
1.00
0.00
0.00
10.00
32.00
3.00
1.00
0.00
0.00
0.00
0.00
0.00
0.00
0.00
11.00
148.00
4.00
11.00
0.00
0.00
0.00
0.00
2.00
0.00
9.00
0.00
0.00
1.00
1.00
1.00
0.00
16.00
6.00
0.00
10.00
11.00
23.00
3.00
31.00
82.00
33.00
4.00
2.00
6.00
0.00
34.00
0.00
19.00
16.00
2.00
53.00
4.00
0.00
1.00
0.00
32.00
3.00
1.00
7.00
21.00
2.00
7.00
0.00
3.00
7.00
183.00
11.00
20.00
73.00
29.00
5.00
9.00
14.00
61.00
78.00
18.00
48.00
0.00
0.00
41.00
0.00
1.00
85.00
63.00
340.00
128.00
58.00
281.00
17.00
3.00
5.00
151.00
48.00
0.00
61.00
61.00
172.00
52.00
229.00
32.00
38.00
10.00
5.00
2.00
4.00
5.00
2.00
11.00
9.00
63.00
11.00
24.00
10.00
26.00
356.00
581.00
134.00
24.00
116.00
388.00
0.00
32.00
21.00
24.00
3.00
12.00
16.00
13.00
6.00
57.00
29.00
17.00
0.00
248.00
39.00
28.00
26.00
19.00
83.00
313.00
65.00
38.00
3.00
30.00
199.00
105.00
200.00
228.00
1.00
26.00
5.00
26.00
12.00
49.00
41.00
9.00
6.00
8.00
84.00
63.00
167.00
304.00
506.00
42.00
0.00
19.00
31.00
16.00
15.00
25.00
52.00
69.00
35.00
164.00
170.00
0.00
5.00
4.00
7.00
39.00
12.00
74.00
34.00
36.00
255.00
17.00
50.00
43.00
69.00
58.00
37.00
66.00
25.00
18.00
43.00
51.00
204.00
101.00
74.00
35.00
58.00
309.00
82.00
33.00
9.00
84.00
112.00
30.00
53.00
2.00
336.00
214.00
5.00
64.00
33.00
227.00
4.00
85.00
66.00
169.00
213.00
33.00
8.00
23.00
29.00
45.00
42.00
0.00
30.00
10.00
58.00
14.00
14.00
204.00
42.00
76.00
23.00
51.00
274.00
63.00
78.00
40.00
85.00
9.00
61.00
22.00
18.00
34.00
20.00
50.00
28.00
11.00
183.00
24.00
34.00
14.00
19.00
121.00
25.00
43.00
87.00
80.00
9.00
24.00
0.00
1.00
0.00
4.00
1.00
26.00
0.00
28.00
41.00
0.00
0.00
0.00
19.00
0.00
56.00
18.00
15.00
8.00
10.00
19.00
12.00
69.00
48.00
225.00
193.00
33.00
8.00
0.00
0.00
0.00
40.00
0.00
1.00
10.00
0.00
0.00
0.00
0.00
0.00
0.00
14.00
21.00
11.00
0.00
9.00
0.00
26.00
172.00
48.00
154.00
9.00
25.00
0.00
0.00
0.00
9.00
0.00
0.00
1.00
0.00
3.00
0.00
84.00
27.00
22.00
0.00
4.00
13.00
1.00
5.00
0.00
53.00
62.00
8.00
239.00
13.00
15.00
1.00
108.00
31.00
7.00
59.00
9.00
209.00
46.00
0.00
0.00
1.00
2.00
0.00
0.00
0.00
0.00
0.00
0.00
0.00
0.00
0.00
0.00
0.00
0.00
0.00
0.00
0.00
0.00
0.00
16.00
0.00
9.00
54.00
45.00
0.00
0.00
0.00
0.00
1.00
0.00
13.00
0.00
2.00
0.00
0.00
13.00
0.00
10.00
0.00
0.00
3.00
0.00
29.00
1.00
0.00
93.00
0.00
0.00
14.00
0.00
0.00
17.00
0.00
1.00
0.00
7.00
7.00
2.00
0.00
60.00
41.00
301.00
45.00
4.00
0.00
0.00
1.00
8.00
0.00
262.00
48.00
160.00
1.00
3.00
21.00
21.00
29.00
39.00
4.00
8.00
74.00
268.00
175.00
285.00
534.00
479.00
234.00
29.00
4.00
32.00
72.00
16.00
0.00
0.00
0.00
0.00
24.00
83.00
3.00
19.00
0.00
97.00
0.00
3.00
39.00
0.00
24.00
82.00
53.00
27.00
101.00
1.00
87.00
10.00
2.00
5.00
1.00
117.00
101.00
2.00
1.00
79.00
25.00
0.00
32.00
14.00
39.00
30.00
76.00
0.00
8.00
24.00
16.00
6.00
2.00
24.00
73.00
26.00
81.00
58.00
2.00
162.00
497.00
11.00
71.00
75.00
46.00
0.00
19.00
16.00
61.00
173.00
385.00
45.00
207.00
234.00
22.00
11.00
18.00
408.00
68.00
24.00
7.00
20.00
9.00
41.00
91.00
17.00
13.00
89.00
195.00
72.00
64.00
167.00
211.00
155.00
26.00
92.00
10.00
24.00
48.00
172.00
347.00
179.00
162.00
50.00
75.00
156.00
69.00
1.00
18.00
36.00
201.00
59.00
124.00
200.00
150.00
67.00
25.00
52.00
24.00
43.00
32.00
17.00
15.00
10.00
43.00
128.00
95.00
55.00
102.00
109.00
36.00
22.00
41.00
120.00
91.00
22.00
21.00
48.00
39.00
16.00
17.00
2.00
10.00
24.00
16.00
20.00
80.00
273.00
91.00
30.00
50.00
15.00
11.00
21.00
38.00
0.00
5.00
139.00
25.00
18.00
105.00
11.00
13.00
35.00
180.00
61.00
39.00
83.00
60.00
0.00
346.00
36.00
33.00
90.00
2.00
25.00
2.00
75.00
2.00
13.00
98.00
99.00
330.00
17.00
11.00
92.00
50.00
199.00
53.00
67.00
19.00
93.00
61.00
67.00
14.00
44.00
3.00
19.00
9.00
5.00
69.00
45.00
20.00
198.00
472.00
0.00
19.00
37.00
40.00
22.00
0.00
33.00
840.00
743.00
85.00
18.00
51.00
0.00
46.00
0.00
17.00
0.00
42.00
16.00
0.00
2.00
0.00
5.00
5.00
290.00
0.00
7.00
105.00
0.00
14.00
0.00
1.00
0.00
10.00
0.00
10.00
74.00
0.00
3.00
3.00
0.00
4.00
0.00
24.00
0.00
1.00
5.00
5.00
15.00
14.00
0.00
0.00
5.00
0.00
0.00
0.00
0.00
4.00
63.00
46.00
30.00
22.00
0.00
17.00
13.00
4.00
0.00
0.00
14.00
0.00
20.00
126.00
131.00
28.00
0.00
7.00
0.00
0.00
0.00
1.00
0.00
0.00
47.00
37.00
30.00
0.00
0.00
0.00
0.00
1.00
0.00
51.00
8.00
28.00
0.00
0.00
0.00
0.00
3.00
1.00
3.00
0.00
1.00
1.00
1.00
16.00
1.00
1.00
31.00
27.00
0.00
12.00
0.00
2.00
20.00
15.00
1.00
0.00
6.00
2.00
0.00
4.00
11.00
0.00
0.00
23.00
1.00
783.00
0.00
0.00
1.00
6.00
10.00
0.00
26.00
0.00
0.00
0.00
3.00
17.00
2.00
88.00
57.00
21.00
8.00
98.00
29.00
20.00
0.00
0.00
1.00
1.00
0.00
16.00
0.00
65.00
48.00
1.00
32.00
109.00
2.00
21.00
21.00
17.00
22.00
28.00
48.00
5.00
138.00
14.00
10.00
30.00
86.00
14.00
80.00
135.00
16.00
34.00
25.00
16.00
6.00
99.00
5.00
0.00
6.00
50.00
13.00
25.00
9.00
55.00
59.00
14.00
313.00
45.00
142.00
27.00
47.00
90.00
10.00
420.00
113.00
5.00
173.00
37.00
0.00
11.00
0.00
0.00
0.00
0.00
11.00
35.00
67.00
1.00
19.00
10.00
0.00
57.00
14.00
93.00
1.00
15.00
0.00
60.00
123.00
26.00
115.00
238.00
54.00
83.00
272.00
185.00
132.00
496.00
353.00
98.00
56.00
23.00
0.00
9.00
4.00
3.00
51.00
20.00
41.00
29.00
38.00
27.00
37.00
8.00
20.00
1.00
1.00
19.00
11.00
2.00
9.00
42.00
38.00
61.00
84.00
8.00
83.00
17.00
25.00
15.00
8.00
34.00
90.00
34.00
10.00
56.00
59.00
50.00
102.00
344.00
234.00
57.00
57.00
171.00
250.00
271.00
27.00
134.00
14.00
27.00
34.00
7.00
7.00
26.00
227.00
14.00
97.00
146.00
95.00
101.00
15.00
26.00
23.00
114.00
207.00
3.00
17.00
23.00
6.00
64.00
34.00
41.00
11.00
54.00
75.00
35.00
0.00
132.00
125.00
29.00
12.00
7.00
0.00
9.00
4.00
4.00
31.00
19.00
6.00
46.00
20.00
8.00
25.00
126.00
7.00
88.00
55.00
34.00
5.00
7.00
5.00
8.00
14.00
31.00
12.00
0.00
24.00
3.00
23.00
17.00
25.00
68.00
29.00
25.00
12.00
73.00
21.00
52.00
35.00
179.00
143.00
91.00
8.00
0.00
21.00
34.00
0.00
46.00
0.00
176.00
3.00
10.00
0.00
33.00
248.00
310.00
80.00
72.00
78.00
0.00
0.00
42.00
0.00
19.00
0.00
31.00
0.00
40.00
0.00
16.00
27.00
30.00
39.00
0.00
12.00
0.00
0.00
37.00
4.00
16.00
0.00
21.00
0.00
0.00
0.00
0.00
2.00
0.00
28.00
0.00
11.00
0.00
0.00
76.00
17.00
9.00
0.00
0.00
1.00
3.00
0.00
0.00
102.00
30.00
39.00
68.00
324.00
0.00
0.00
0.00
0.00
0.00
0.00
0.00
0.00
0.00
0.00
0.00
0.00
0.00
1.00
0.00
0.00
0.00
0.00
11.00
6.00
26.00
24.00
43.00
1.00
19.00
0.00
0.00
0.00
0.00
0.00
0.00
2.00
0.00
0.00
28.00
6.00
37.00
37.00
43.00
43.00
10.00
18.00
0.00
3.00
2.00
0.00
0.00
2.00
0.00
0.00
10.00
0.00
0.00
0.00
0.00
4.00
16.00
0.00
1.00
4.00
11.00
0.00
0.00
0.00
0.00
0.00
0.20
0.00
16.90
8.10
81.00
36.90
0.10
0.00
4.30
1.80
0.00
0.30
0.10
2.00
0.70
0.00
3.00
0.00
0.00
0.20
3.80
0.80
3.90
43.30
45.50
3.20
0.40
5.10
0.00
1.10
1.20
3.00
21.30
0.10
1.00
0.30
21.80
21.40
68.00
0.40
45.50
9.20
2.20
10.40
13.80
3.80
0.40
0.10
0.00
0.10
6.80
4.10
0.70
17.40
25.40
1.20
30.90
0.00
3.10
0.00
0.10
1.50
1.00
0.60
3.80
3.80
0.20
0.20
3.10
3.40
20.00
0.00
0.00
0.00
3.40
6.40
5.40
21.20
5.00
0.60
1.10
1.80
0.00
7.50
2.40
0.10
0.10
1.00
1.20
1.20
7.60
9.50
0.30
0.80
1.10
1.00
0.80
4.20
1.40
2.40
11.30
1.40
1.40
2.00
0.70
0.80
1.00
9.80
0.60
15.20
2.70
8.70
6.50
2.90
8.50
6.70
24.20
2.30
0.70
8.30
1.90
5.30
1.60
3.40
5.00
11.20
2.40
2.00
0.70
2.50
7.10
2.50
5.10
16.70
3.80
5.10
4.10
4.10
12.90
12.90
1.60
3.90
3.90
2.30
0.50
3.90
3.90
3.90
8.70
5.20
2.70
3.80
10.50
20.10
3.00
2.60
2.00
11.00
5.00
12.40
13.60
10.20
3.20
2.70
6.90
2.50
28.00
4.50
2.80
2.90
3.70
12.50
7.90
2.40
0.70
6.20
3.10
1.10
3.00
5.20
13.30
4.30
4.70
1.40
0.30
10.30
27.30
7.00
7.90
11.60
2.30
6.10
0.60
3.30
7.30
1.30
3.10
3.30
3.20
11.60
4.30
9.30
4.80
3.00
5.50
10.70
1.20
8.30
2.90
1.80
8.20
15.50
10.30
12.70
2.80
5.20
1.60
9.50
9.10
8.10
8.10
6.40
1.70
1.50
3.50
8.00
10.90
9.40
5.50
3.80
1.90
0.70
0.30
3.90
7.10
0.90
4.50
1.40
0.40
2.20
3.20
0.40
1.20
0.20
0.80
5.90
