20160101
0.00
0.00
0.00
0.00
0.00
0.00
0.00
0.00
55.00
0.00
0.00
0.00
4.00
0.00
0.00
0.00
0.00
0.00
0.00
1.00
0.00
0.00
0.00
0.00
0.00
1.00
0.00
0.00
0.00
0.00
0.00
0.00
0.00
0.00
0.00
0.00
0.00
0.00
0.00
0.00
0.00
0.00
0.00
0.00
0.00
0.00
0.00
0.00
0.00
0.00
0.00
6.00
0.00
75.00
33.00
0.00
13.00
0.00
0.00
0.00
0.00
0.00
0.00
0.00
0.00
13.00
0.00
0.00
1.00
0.00
0.00
0.00
56.00
0.00
0.00
0.00
1.00
0.00
0.00
0.00
3.00
0.00
5.00
0.00
0.00
0.00
0.00
331.00
26.00
47.00
89.00
1.00
2.00
49.00
6.00
125.00
52.00
17.00
64.00
0.00
0.00
13.00
13.00
1.00
176.00
115.00
254.00
112.00
80.00
110.00
21.00
0.00
0.00
680.00
470.00
1.00
61.00
66.00
257.00
2.00
87.00
44.00
4.00
0.00
7.00
11.00
7.00
15.00
1.00
0.00
0.00
55.00
34.00
107.00
25.00
99.00
425.00
450.00
80.00
37.00
58.00
426.00
0.00
75.00
55.00
16.00
2.00
0.00
5.00
3.00
1.00
4.00
0.00
0.00
3.00
84.00
36.00
45.00
28.00
6.00
30.00
11.00
49.00
2.00
0.00
0.00
26.00
29.00
15.00
13.00
9.00
72.00
0.00
0.00
0.00
113.00
16.00
3.00
1.00
34.00
26.00
44.00
164.00
148.00
167.00
35.00
2.00
13.00
1.00
8.00
16.00
114.00
71.00
60.00
33.00
112.00
112.00
6.00
0.00
18.00
70.00
74.00
30.00
47.00
71.00
28.00
159.00
0.00
87.00
19.00
41.00
3.00
137.00
12.00
0.00
0.00
3.00
28.00
170.00
58.00
21.00
12.00
14.00
73.00
16.00
17.00
30.00
72.00
9.00
0.00
0.00
1.00
344.00
48.00
0.00
55.00
13.00
343.00
0.00
64.00
2.00
36.00
42.00
38.00
2.00
5.00
1.00
21.00
1.00
0.00
2.00
5.00
6.00
6.00
10.00
10.00
1.00
0.00
10.00
2.00
69.00
2.00
70.00
108.00
4.00
0.00
43.00
1.00
347.00
0.00
22.00
2.00
0.00
1.00
12.00
8.00
0.00
0.00
0.00
0.00
0.00
1.00
58.00
23.00
0.00
12.00
1.00
0.00
0.00
0.00
0.00
0.00
0.00
0.00
0.00
0.00
0.00
0.00
0.00
0.00
35.00
192.00
13.00
0.00
0.00
0.00
0.00
67.00
66.00
186.00
165.00
0.00
0.00
0.00
0.00
0.00
0.00
0.00
0.00
0.00
0.00
0.00
0.00
0.00
0.00
0.00
0.00
0.00
0.00
0.00
0.00
0.00
0.00
0.00
0.00
57.00
0.00
0.00
0.00
0.00
0.00
0.00
0.00
0.00
0.00
0.00
0.00
0.00
0.00
0.00
0.00
0.00
0.00
0.00
0.00
0.00
0.00
0.00
0.00
0.00
4.00
0.00
0.00
0.00
0.00
0.00
0.00
0.00
46.00
0.00
0.00
0.00
0.00
0.00
0.00
0.00
0.00
0.00
0.00
0.00
0.00
0.00
0.00
0.00
0.00
0.00
0.00
0.00
0.00
0.00
0.00
0.00
7.00
0.00
0.00
0.00
0.00
0.00
0.00
0.00
0.00
0.00
0.00
0.00
0.00
0.00
0.00
0.00
0.00
0.00
0.00
0.00
0.00
0.00
0.00
0.00
17.00
0.00
33.00
9.00
0.00
0.00
0.00
0.00
0.00
0.00
0.00
0.00
22.00
46.00
0.00
0.00
63.00
0.00
154.00
33.00
0.00
0.00
0.00
0.00
0.00
8.00
116.00
9.00
69.00
0.00
0.00
0.00
0.00
20.00
15.00
0.00
19.00
246.00
275.00
171.00
674.00
437.00
244.00
172.00
0.00
0.00
17.00
63.00
82.00
0.00
0.00
0.00
0.00
0.00
44.00
2.00
75.00
2.00
105.00
1.00
42.00
23.00
0.00
5.00
119.00
82.00
16.00
61.00
15.00
46.00
69.00
0.00
0.00
1.00
85.00
62.00
4.00
0.00
9.00
1.00
0.00
0.00
0.00
13.00
44.00
4.00
3.00
0.00
33.00
13.00
1.00
0.00
0.00
92.00
19.00
29.00
202.00
4.00
166.00
578.00
42.00
26.00
62.00
71.00
8.00
0.00
0.00
44.00
99.00
103.00
25.00
223.00
511.00
0.00
0.00
1.00
298.00
15.00
56.00
8.00
3.00
65.00
22.00
18.00
4.00
0.00
5.00
22.00
15.00
46.00
40.00
109.00
50.00
18.00
106.00
4.00
2.00
5.00
95.00
101.00
24.00
114.00
16.00
0.00
238.00
39.00
3.00
0.00
77.00
118.00
30.00
62.00
55.00
115.00
16.00
4.00
26.00
9.00
103.00
6.00
0.00
14.00
31.00
63.00
136.00
13.00
11.00
58.00
48.00
17.00
0.00
10.00
43.00
61.00
19.00
45.00
95.00
12.00
27.00
12.00
0.00
4.00
10.00
57.00
0.00
9.00
191.00
129.00
31.00
0.00
66.00
5.00
3.00
10.00
3.00
5.00
0.00
1.00
0.00
47.00
0.00
0.00
6.00
0.00
0.00
9.00
75.00
14.00
4.00
456.00
27.00
76.00
82.00
0.00
28.00
30.00
64.00
5.00
84.00
17.00
54.00
205.00
9.00
0.00
22.00
0.00
5.00
0.00
17.00
0.00
3.00
4.00
0.00
0.00
29.00
4.00
0.00
0.00
0.00
6.00
5.00
25.00
87.00
499.00
0.00
0.00
0.00
0.00
0.00
0.00
0.00
1465.00
372.00
0.00
0.00
0.00
0.00
0.00
0.00
0.00
0.00
0.00
0.00
0.00
0.00
0.00
0.00
10.00
100.00
2.00
0.00
6.00
0.00
0.00
0.00
0.00
0.00
0.00
0.00
0.00
0.00
0.00
0.00
0.00
0.00
0.00
0.00
0.00
0.00
0.00
3.00
14.00
328.00
2.00
0.00
0.00
0.00
0.00
0.00
0.00
0.00
0.00
89.00
0.00
0.00
0.00
0.00
0.00
0.00
0.00
0.00
0.00
0.00
0.00
15.00
47.00
15.00
0.00
0.00
0.00
0.00
0.00
0.00
0.00
0.00
0.00
0.00
0.00
0.00
0.00
0.00
0.00
0.00
0.00
0.00
0.00
0.00
0.00
0.00
0.00
0.00
0.00
0.00
0.00
0.00
0.00
0.00
0.00
0.00
0.00
0.00
0.00
0.00
0.00
2.00
1.00
0.00
0.00
0.00
0.00
0.00
0.00
0.00
0.00
0.00
0.00
0.00
0.00
0.00
0.00
2.00
379.00
0.00
0.00
0.00
0.00
0.00
0.00
173.00
0.00
0.00
0.00
0.00
0.00
0.00
68.00
84.00
0.00
65.00
273.00
73.00
19.00
0.00
0.00
0.00
0.00
0.00
0.00
0.00
21.00
106.00
0.00
8.00
15.00
0.00
3.00
31.00
0.00
3.00
12.00
205.00
2.00
29.00
6.00
5.00
46.00
96.00
12.00
20.00
11.00
0.00
3.00
85.00
7.00
6.00
80.00
14.00
0.00
0.00
5.00
0.00
0.00
168.00
167.00
27.00
1.00
361.00
8.00
127.00
156.00
80.00
61.00
96.00
466.00
152.00
15.00
239.00
14.00
0.00
1.00
0.00
0.00
0.00
0.00
0.00
0.00
23.00
7.00
2.00
4.00
2.00
23.00
2.00
68.00
0.00
8.00
0.00
44.00
27.00
36.00
7.00
55.00
6.00
19.00
94.00
119.00
188.00
528.00
239.00
50.00
9.00
8.00
0.00
1.00
25.00
26.00
0.00
30.00
13.00
29.00
39.00
95.00
16.00
45.00
26.00
1.00
0.00
0.00
0.00
7.00
2.00
12.00
61.00
162.00
7.00
52.00
10.00
6.00
10.00
4.00
14.00
1.00
5.00
4.00
0.00
46.00
17.00
39.00
91.00
302.00
37.00
6.00
79.00
104.00
261.00
210.00
11.00
284.00
5.00
79.00
51.00
71.00
26.00
0.00
41.00
34.00
51.00
86.00
77.00
63.00
2.00
63.00
4.00
60.00
13.00
11.00
7.00
55.00
33.00
35.00
20.00
23.00
0.00
58.00
2.00
14.00
17.00
1.00
100.00
7.00
27.00
163.00
1.00
0.00
0.00
8.00
2.00
8.00
0.00
2.00
0.00
0.00
18.00
60.00
1.00
4.00
0.00
71.00
0.00
0.00
3.00
7.00
12.00
0.00
0.00
0.00
0.00
0.00
0.00
0.00
0.00
0.00
0.00
0.00
0.00
0.00
0.00
43.00
19.00
209.00
98.00
41.00
0.00
0.00
0.00
0.00
0.00
0.00
0.00
0.00
0.00
0.00
0.00
0.00
264.00
356.00
49.00
114.00
31.00
0.00
0.00
0.00
0.00
0.00
0.00
0.00
0.00
0.00
0.00
0.00
0.00
0.00
0.00
0.00
0.00
0.00
0.00
0.00
0.00
0.00
0.00
0.00
0.00
0.00
0.00
0.00
0.00
0.00
0.00
0.00
0.00
0.00
0.00
2.00
0.00
0.00
0.00
0.00
0.00
3.00
0.00
0.00
0.00
0.00
1.00
21.00
24.00
0.00
0.00
0.00
0.00
0.00
0.00
0.00
0.00
0.00
0.00
0.00
0.00
0.00
0.00
0.00
0.00
0.00
0.00
0.00
0.00
0.00
0.00
0.00
0.00
0.00
0.00
0.00
0.00
0.00
0.00
0.00
0.00
0.00
0.00
0.00
0.00
0.00
0.00
0.00
0.00
0.00
3.00
0.00
0.00
0.00
0.00
0.00
0.00
0.00
0.00
0.00
0.00
0.00
0.00
0.00
0.00
0.00
0.00
0.00
0.00
1.00
0.00
0.00
0.00
0.00
0.00
0.20
0.00
26.20
9.00
39.30
17.50
0.00
0.00
0.00
0.00
2.10
3.10
0.00
0.00
0.00
0.00
0.00
0.00
0.00
0.00
0.20
0.00
7.80
3.40
16.20
1.40
0.10
0.20
0.00
0.00
0.00
1.30
2.20
0.00
0.00
0.00
10.00
31.70
36.60
0.00
123.50
5.10
0.90
4.80
17.70
2.80
0.00
0.00
0.00
0.00
0.30
6.50
0.00
21.00
0.00
2.40
0.30
0.00
2.10
0.00
0.00
0.00
0.00
0.00
5.70
0.70
0.30
0.30
2.50
2.50
4.30
0.00
0.00
0.00
0.10
2.00
0.00
5.10
6.50
3.20
0.00
0.00
0.20
1.40
0.60
0.00
0.00
0.00
0.00
0.00
1.80
0.00
0.00
0.00
0.00
0.00
0.00
2.90
0.00
0.00
2.50
0.00
0.00
0.00
0.00
0.10
2.50
0.00
0.00
0.00
0.30
9.70
2.10
0.00
0.00
7.20
1.00
1.70
0.70
0.30
2.10
0.00
0.50
0.50
3.70
0.30
1.80
0.00
0.00
0.00
0.00
0.70
2.40
1.70
1.20
1.00
4.30
4.30
0.10
0.10
0.40
2.30
2.30
0.10
2.30
2.30
2.30
2.30
5.80
8.00
0.00
1.10
7.70
2.20
0.80
0.00
0.20
4.40
2.60
2.40
0.60
0.00
0.20
10.00
0.20
1.60
5.20
5.00
10.60
1.70
0.20
1.40
2.70
1.40
0.10
0.00
1.10
0.70
3.70
3.60
7.50
17.80
0.20
0.00
0.00
0.00
16.40
0.00
8.50
0.50
0.50
0.40
0.00
0.00
1.90
0.30
1.70
0.90
2.60
10.20
9.70
2.00
0.90
0.00
1.40
5.10
0.00
0.00
0.00
4.70
2.20
13.00
11.00
8.60
5.20
9.20
0.00
0.90
1.60
0.10
0.10
5.60
0.00
0.00
0.60
17.50
1.80
1.00
2.30
4.90
0.00
0.00
0.00
0.00
0.00
0.10
0.00
0.00
0.00
0.00
2.40
0.20
0.90
0.10
0.70
6.20
