20160101
0.00
0.00
0.00
0.00
0.00
0.00
0.00
0.00
0.00
0.00
0.00
0.00
0.00
0.00
0.00
0.00
0.00
0.00
55.00
92.00
0.00
0.00
0.00
0.00
0.00
0.00
0.00
0.00
0.00
0.00
0.00
0.00
0.00
0.00
0.00
0.00
0.00
0.00
4.00
0.00
0.00
0.00
0.00
0.00
0.00
0.00
0.00
0.00
0.00
0.00
9.00
0.00
0.00
0.00
0.00
0.00
4.00
0.00
0.00
0.00
0.00
0.00
17.00
0.00
0.00
30.00
0.00
0.00
0.00
0.00
0.00
0.00
11.00
43.00
0.00
0.00
0.00
0.00
5.00
68.00
8.00
0.00
0.00
0.00
0.00
0.00
405.00
160.00
3.00
17.00
305.00
14.00
0.00
0.00
19.00
262.00
5.00
9.00
0.00
0.00
0.00
0.00
0.00
0.00
10.00
1.00
192.00
208.00
254.00
46.00
52.00
70.00
0.00
9.00
0.00
5.00
179.00
64.00
139.00
8.00
35.00
187.00
10.00
23.00
102.00
110.00
71.00
322.00
1.00
37.00
124.00
6.00
174.00
583.00
125.00
652.00
12.00
370.00
259.00
91.00
46.00
63.00
36.00
43.00
50.00
46.00
0.00
26.00
1.00
1.00
2.00
197.00
0.00
100.00
0.00
38.00
18.00
192.00
5.00
1.00
7.00
81.00
1.00
2.00
0.00
76.00
250.00
90.00
8.00
19.00
60.00
51.00
176.00
109.00
395.00
484.00
46.00
196.00
115.00
1.00
24.00
3.00
123.00
265.00
250.00
318.00
84.00
16.00
0.00
193.00
87.00
58.00
22.00
11.00
32.00
127.00
90.00
371.00
135.00
87.00
217.00
277.00
566.00
56.00
211.00
79.00
505.00
34.00
5.00
138.00
232.00
144.00
137.00
223.00
149.00
26.00
119.00
155.00
31.00
150.00
95.00
107.00
103.00
7.00
75.00
11.00
397.00
112.00
24.00
30.00
32.00
0.00
3.00
11.00
2.00
36.00
54.00
380.00
40.00
3.00
128.00
27.00
226.00
115.00
232.00
269.00
37.00
92.00
1.00
3.00
0.00
0.00
0.00
96.00
55.00
224.00
2.00
28.00
99.00
13.00
40.00
200.00
165.00
0.00
45.00
127.00
24.00
37.00
260.00
134.00
41.00
28.00
51.00
0.00
2.00
69.00
323.00
14.00
211.00
0.00
167.00
195.00
218.00
553.00
213.00
0.00
0.00
0.00
0.00
0.00
0.00
0.00
0.00
0.00
0.00
0.00
0.00
0.00
0.00
0.00
139.00
0.00
0.00
0.00
0.00
0.00
0.00
2.00
7.00
26.00
0.00
0.00
0.00
0.00
0.00
0.00
0.00
0.00
0.00
0.00
0.00
0.00
0.00
0.00
0.00
0.00
0.00
0.00
0.00
0.00
0.00
0.00
0.00
0.00
0.00
1.00
0.00
0.00
0.00
0.00
0.00
0.00
0.00
0.00
0.00
0.00
0.00
0.00
0.00
0.00
0.00
0.00
0.00
0.00
0.00
0.00
0.00
0.00
0.00
0.00
140.00
0.00
0.00
0.00
0.00
0.00
0.00
0.00
0.00
3.00
0.00
0.00
0.00
0.00
0.00
5.00
0.00
0.00
0.00
0.00
0.00
0.00
0.00
0.00
0.00
0.00
0.00
0.00
0.00
0.00
0.00
4.00
3.00
16.00
0.00
0.00
0.00
0.00
0.00
0.00
0.00
0.00
0.00
0.00
0.00
0.00
0.00
0.00
0.00
0.00
0.00
0.00
0.00
0.00
0.00
0.00
0.00
0.00
23.00
0.00
0.00
0.00
0.00
0.00
0.00
0.00
0.00
0.00
6.00
0.00
0.00
0.00
25.00
4.00
107.00
7.00
0.00
0.00
0.00
0.00
0.00
1.00
183.00
46.00
109.00
0.00
0.00
0.00
0.00
335.00
12.00
95.00
35.00
7.00
128.00
146.00
514.00
596.00
480.00
2.00
72.00
0.00
0.00
5.00
0.00
0.00
0.00
0.00
2.00
0.00
139.00
49.00
0.00
47.00
586.00
86.00
1195.00
529.00
0.00
94.00
0.00
21.00
0.00
316.00
0.00
196.00
10.00
0.00
151.00
132.00
166.00
145.00
5.00
16.00
127.00
0.00
51.00
3.00
8.00
235.00
397.00
27.00
11.00
316.00
220.00
151.00
31.00
204.00
183.00
228.00
825.00
194.00
0.00
11.00
101.00
142.00
197.00
17.00
229.00
66.00
0.00
63.00
1.00
3.00
30.00
186.00
256.00
4.00
1442.00
494.00
269.00
20.00
406.00
23.00
180.00
139.00
1.00
246.00
253.00
0.00
107.00
29.00
4.00
35.00
36.00
73.00
202.00
556.00
60.00
989.00
290.00
66.00
66.00
83.00
74.00
172.00
142.00
50.00
129.00
24.00
31.00
188.00
102.00
93.00
184.00
64.00
34.00
4.00
94.00
144.00
37.00
125.00
2.00
30.00
23.00
136.00
26.00
4.00
44.00
58.00
80.00
89.00
115.00
44.00
223.00
14.00
254.00
901.00
1967.00
706.00
381.00
127.00
20.00
54.00
99.00
35.00
12.00
171.00
33.00
188.00
136.00
1.00
3.00
611.00
186.00
33.00
0.00
56.00
88.00
65.00
255.00
75.00
12.00
166.00
0.00
74.00
441.00
168.00
704.00
179.00
118.00
0.00
45.00
6.00
0.00
230.00
149.00
249.00
248.00
38.00
9.00
9.00
95.00
14.00
1.00
73.00
211.00
452.00
645.00
49.00
17.00
17.00
47.00
30.00
27.00
27.00
71.00
4.00
0.00
12.00
25.00
646.00
177.00
0.00
0.00
0.00
9.00
17.00
768.00
1437.00
8.00
0.00
0.00
0.00
0.00
0.00
0.00
0.00
14.00
0.00
0.00
0.00
0.00
0.00
0.00
0.00
0.00
0.00
0.00
0.00
0.00
0.00
0.00
3.00
143.00
42.00
1.00
0.00
0.00
0.00
0.00
0.00
0.00
0.00
0.00
0.00
0.00
0.00
0.00
0.00
0.00
0.00
0.00
0.00
0.00
0.00
0.00
1.00
55.00
0.00
0.00
0.00
0.00
0.00
0.00
0.00
0.00
0.00
5.00
0.00
0.00
0.00
0.00
0.00
0.00
0.00
0.00
0.00
0.00
0.00
0.00
0.00
0.00
0.00
0.00
0.00
0.00
0.00
0.00
0.00
0.00
0.00
0.00
0.00
0.00
0.00
0.00
0.00
0.00
0.00
0.00
0.00
0.00
0.00
0.00
0.00
0.00
0.00
0.00
0.00
0.00
0.00
0.00
0.00
0.00
0.00
0.00
13.00
85.00
11.00
4.00
13.00
6.00
0.00
19.00
40.00
0.00
0.00
0.00
0.00
0.00
0.00
0.00
0.00
0.00
0.00
344.00
20.00
0.00
0.00
0.00
0.00
0.00
0.00
0.00
0.00
0.00
0.00
0.00
0.00
0.00
46.00
1.00
0.00
2.00
4.00
1.00
0.00
0.00
0.00
0.00
0.00
0.00
0.00
0.00
75.00
0.00
1.00
352.00
374.00
121.00
23.00
2.00
97.00
24.00
47.00
2.00
50.00
58.00
126.00
2.00
196.00
38.00
39.00
18.00
0.00
48.00
6.00
0.00
1.00
17.00
43.00
0.00
6.00
2.00
4.00
50.00
1.00
25.00
6.00
82.00
18.00
295.00
0.00
232.00
6.00
134.00
248.00
37.00
274.00
254.00
7.00
45.00
4.00
0.00
125.00
0.00
0.00
0.00
0.00
0.00
0.00
0.00
76.00
46.00
121.00
50.00
248.00
54.00
0.00
9.00
16.00
51.00
0.00
0.00
33.00
25.00
1.00
3.00
3.00
179.00
180.00
41.00
8.00
41.00
737.00
150.00
72.00
91.00
266.00
5.00
41.00
1.00
0.00
4.00
3.00
67.00
40.00
1.00
45.00
4.00
34.00
332.00
279.00
156.00
78.00
10.00
0.00
24.00
2.00
7.00
9.00
26.00
89.00
28.00
178.00
109.00
57.00
30.00
17.00
86.00
320.00
83.00
12.00
162.00
151.00
7.00
14.00
95.00
102.00
83.00
178.00
86.00
500.00
203.00
10.00
93.00
111.00
59.00
66.00
23.00
14.00
0.00
14.00
124.00
132.00
118.00
409.00
52.00
38.00
10.00
110.00
96.00
136.00
68.00
57.00
150.00
118.00
50.00
113.00
141.00
5.00
2.00
49.00
55.00
313.00
87.00
207.00
202.00
0.00
0.00
0.00
0.00
43.00
753.00
314.00
9.00
97.00
7.00
6.00
25.00
0.00
23.00
95.00
4.00
3.00
6.00
29.00
7.00
0.00
0.00
13.00
13.00
0.00
0.00
0.00
0.00
0.00
0.00
0.00
0.00
0.00
0.00
2.00
182.00
37.00
15.00
0.00
0.00
0.00
0.00
0.00
0.00
0.00
0.00
0.00
0.00
0.00
0.00
0.00
0.00
0.00
0.00
198.00
0.00
0.00
0.00
0.00
48.00
0.00
0.00
0.00
0.00
0.00
0.00
0.00
0.00
0.00
0.00
0.00
0.00
0.00
0.00
0.00
0.00
0.00
0.00
0.00
0.00
0.00
0.00
0.00
0.00
0.00
0.00
0.00
0.00
0.00
0.00
20.00
0.00
0.00
0.00
0.00
0.00
0.00
0.00
0.00
0.00
0.00
0.00
105.00
852.00
0.00
0.00
0.00
0.00
0.00
0.00
0.00
0.00
0.00
0.00
0.00
0.00
0.00
0.00
0.00
0.00
0.00
0.00
0.00
0.00
0.00
0.00
0.00
0.00
0.00
0.00
0.00
0.00
0.00
0.00
0.00
0.00
0.00
0.00
0.00
0.00
0.00
0.00
0.00
0.00
0.00
0.00
0.00
0.00
0.00
0.00
0.00
0.00
0.00
0.00
0.00
60.00
0.00
0.00
0.00
0.00
0.00
0.00
10.00
18.00
0.00
0.00
0.00
0.00
0.00
0.00
0.00
3.90
6.30
0.00
66.40
3.90
0.00
0.00
0.10
0.00
0.00
0.00
0.00
0.00
0.00
0.00
0.00
0.00
0.00
0.00
0.40
0.00
0.00
10.40
0.00
0.00
0.00
0.00
0.00
0.00
0.00
18.00
2.40
0.00
40.80
6.00
182.00
6.50
8.20
0.00
24.50
23.20
10.90
6.60
3.50
26.80
0.10
0.00
0.00
3.80
2.00
21.20
31.40
0.00
0.00
0.80
0.40
9.10
0.10
0.00
0.10
0.00
0.00
0.00
22.50
4.60
1.80
1.80
2.60
75.80
110.00
0.00
0.00
73.40
0.00
1.50
89.40
102.20
37.10
19.50
9.70
21.30
0.30
31.70
27.50
1.50
1.50
5.50
25.70
25.70
30.80
0.40
8.20
25.00
6.80
13.40
27.00
3.90
1.80
9.60
31.00
0.10
0.00
0.00
0.10
0.10
0.00
0.40
2.40
0.00
2.00
5.10
1.70
90.40
3.80
0.00
22.50
24.00
31.20
1.80
0.00
0.20
24.20
177.20
108.40
70.10
0.00
1.10
1.80
0.00
0.00
1.30
7.00
24.10
28.60
78.90
166.00
166.00
57.60
57.60
53.30
0.80
0.80
2.90
0.00
0.80
0.80
0.80
1.90
35.50
89.40
11.60
15.70
12.60
2.90
2.40
0.00
3.00
15.70
12.40
14.00
2.20
52.90
19.60
13.20
14.50
1.60
2.50
9.50
5.10
40.30
5.80
4.70
3.60
0.70
1.10
0.30
0.00
1.00
4.50
53.80
29.20
23.00
1.60
0.20
2.50
11.70
8.60
13.70
5.30
4.80
8.80
28.90
4.00
0.10
10.10
3.10
0.40
5.70
6.40
7.30
13.00
49.60
5.20
5.40
19.30
6.30
0.30
0.00
1.20
2.30
10.90
17.40
16.10
33.30
0.00
51.90
35.60
12.40
94.80
94.80
5.80
0.00
1.60
1.20
3.70
20.70
23.80
3.90
0.00
0.00
0.00
0.00
0.00
0.20
0.30
0.00
0.00
0.10
0.00
3.20
0.20
0.00
0.20
21.30
72.50
