20160101
0.00
0.00
0.00
0.00
0.00
0.00
0.00
0.00
0.00
0.00
0.00
0.00
0.00
0.00
0.00
0.00
0.00
0.00
79.00
11.00
0.00
0.00
0.00
0.00
0.00
1.00
0.00
0.00
0.00
0.00
0.00
0.00
0.00
0.00
0.00
0.00
0.00
0.00
6.00
0.00
0.00
0.00
0.00
0.00
0.00
0.00
0.00
0.00
0.00
0.00
10.00
0.00
0.00
0.00
0.00
0.00
3.00
0.00
0.00
0.00
0.00
0.00
86.00
0.00
0.00
14.00
0.00
0.00
0.00
0.00
0.00
0.00
9.00
43.00
0.00
0.00
0.00
0.00
8.00
23.00
21.00
0.00
0.00
0.00
0.00
0.00
342.00
172.00
3.00
17.00
373.00
18.00
0.00
1.00
15.00
279.00
4.00
2.00
0.00
0.00
0.00
0.00
0.00
0.00
27.00
1.00
220.00
265.00
280.00
30.00
33.00
63.00
0.00
0.00
0.00
2.00
162.00
116.00
160.00
2.00
17.00
174.00
9.00
25.00
129.00
110.00
49.00
292.00
3.00
42.00
141.00
7.00
228.00
617.00
140.00
607.00
7.00
257.00
300.00
69.00
62.00
40.00
4.00
105.00
81.00
56.00
0.00
32.00
0.00
0.00
3.00
122.00
0.00
0.00
47.00
37.00
27.00
408.00
102.00
0.00
3.00
10.00
2.00
8.00
0.00
63.00
309.00
82.00
7.00
12.00
39.00
34.00
178.00
99.00
414.00
782.00
61.00
280.00
90.00
2.00
9.00
8.00
153.00
231.00
246.00
407.00
81.00
18.00
0.00
145.00
86.00
61.00
21.00
8.00
40.00
82.00
75.00
411.00
148.00
74.00
168.00
175.00
858.00
83.00
236.00
80.00
472.00
40.00
10.00
134.00
240.00
198.00
126.00
175.00
156.00
23.00
88.00
123.00
42.00
111.00
49.00
20.00
102.00
4.00
47.00
5.00
305.00
124.00
27.00
55.00
19.00
0.00
3.00
16.00
1.00
28.00
33.00
328.00
26.00
0.00
78.00
25.00
277.00
45.00
75.00
355.00
23.00
52.00
1.00
1.00
0.00
0.00
0.00
124.00
63.00
320.00
5.00
23.00
42.00
67.00
53.00
275.00
131.00
0.00
134.00
45.00
59.00
43.00
256.00
102.00
1.00
30.00
63.00
0.00
0.00
34.00
169.00
1.00
198.00
0.00
201.00
178.00
274.00
399.00
308.00
3.00
1.00
0.00
0.00
0.00
0.00
0.00
0.00
0.00
0.00
0.00
0.00
0.00
0.00
0.00
139.00
0.00
0.00
0.00
0.00
0.00
0.00
1.00
2.00
16.00
0.00
0.00
0.00
0.00
0.00
0.00
0.00
0.00
0.00
0.00
0.00
0.00
0.00
0.00
0.00
0.00
0.00
0.00
0.00
0.00
0.00
0.00
0.00
0.00
0.00
0.00
0.00
0.00
0.00
0.00
0.00
0.00
0.00
0.00
0.00
0.00
0.00
0.00
0.00
0.00
0.00
0.00
0.00
0.00
0.00
0.00
0.00
0.00
0.00
0.00
98.00
0.00
0.00
0.00
0.00
1.00
0.00
0.00
1.00
3.00
0.00
0.00
0.00
0.00
0.00
27.00
0.00
0.00
0.00
0.00
0.00
0.00
0.00
0.00
0.00
0.00
0.00
0.00
0.00
0.00
0.00
4.00
2.00
22.00
0.00
0.00
0.00
0.00
0.00
0.00
0.00
0.00
0.00
0.00
0.00
0.00
0.00
0.00
0.00
0.00
0.00
0.00
0.00
0.00
0.00
0.00
0.00
0.00
0.00
0.00
0.00
0.00
0.00
0.00
0.00
0.00
0.00
0.00
7.00
0.00
0.00
0.00
15.00
4.00
108.00
7.00
0.00
0.00
0.00
0.00
0.00
2.00
229.00
38.00
119.00
0.00
0.00
0.00
0.00
314.00
0.00
132.00
47.00
28.00
141.00
178.00
541.00
541.00
414.00
4.00
79.00
0.00
0.00
11.00
0.00
0.00
0.00
0.00
2.00
0.00
161.00
29.00
0.00
33.00
662.00
145.00
1017.00
624.00
0.00
109.00
1.00
10.00
0.00
140.00
0.00
195.00
11.00
0.00
527.00
152.00
66.00
115.00
1.00
29.00
202.00
2.00
48.00
3.00
9.00
296.00
380.00
5.00
11.00
286.00
216.00
135.00
15.00
251.00
196.00
77.00
915.00
233.00
0.00
29.00
117.00
109.00
186.00
12.00
195.00
63.00
0.00
96.00
2.00
13.00
45.00
206.00
649.00
29.00
1334.00
301.00
293.00
23.00
534.00
53.00
284.00
204.00
5.00
131.00
211.00
0.00
108.00
21.00
1.00
28.00
27.00
67.00
177.00
527.00
62.00
969.00
333.00
75.00
54.00
123.00
44.00
188.00
150.00
59.00
149.00
8.00
34.00
168.00
127.00
66.00
182.00
49.00
33.00
37.00
102.00
182.00
14.00
139.00
4.00
32.00
14.00
159.00
29.00
25.00
55.00
45.00
53.00
45.00
122.00
31.00
179.00
22.00
216.00
866.00
2056.00
530.00
353.00
130.00
20.00
38.00
103.00
38.00
16.00
173.00
50.00
211.00
100.00
1.00
2.00
686.00
246.00
32.00
0.00
59.00
129.00
73.00
236.00
114.00
13.00
113.00
1.00
93.00
387.00
248.00
602.00
201.00
0.00
19.00
49.00
4.00
3.00
307.00
174.00
226.00
327.00
16.00
11.00
22.00
75.00
3.00
0.00
64.00
198.00
499.00
509.00
59.00
45.00
12.00
38.00
23.00
23.00
24.00
78.00
1.00
0.00
28.00
10.00
443.00
145.00
0.00
0.00
0.00
11.00
15.00
772.00
947.00
11.00
0.00
0.00
0.00
0.00
0.00
0.00
0.00
7.00
0.00
0.00
0.00
0.00
0.00
0.00
0.00
0.00
0.00
0.00
0.00
0.00
0.00
0.00
1.00
134.00
46.00
0.00
0.00
0.00
0.00
0.00
0.00
0.00
0.00
0.00
0.00
0.00
0.00
0.00
0.00
0.00
0.00
0.00
0.00
0.00
0.00
1.00
0.00
25.00
4.00
0.00
0.00
0.00
0.00
0.00
0.00
0.00
0.00
3.00
0.00
0.00
0.00
0.00
0.00
0.00
0.00
0.00
0.00
0.00
0.00
0.00
0.00
0.00
0.00
0.00
0.00
0.00
0.00
0.00
0.00
0.00
0.00
0.00
0.00
0.00
0.00
0.00
0.00
0.00
0.00
0.00
0.00
0.00
0.00
0.00
0.00
0.00
0.00
0.00
0.00
0.00
0.00
0.00
0.00
0.00
0.00
0.00
5.00
159.00
10.00
13.00
32.00
4.00
15.00
31.00
69.00
0.00
0.00
0.00
0.00
0.00
0.00
0.00
0.00
0.00
0.00
334.00
33.00
0.00
0.00
0.00
0.00
0.00
0.00
0.00
0.00
0.00
0.00
0.00
0.00
0.00
52.00
5.00
0.00
0.00
0.00
2.00
0.00
0.00
0.00
0.00
0.00
0.00
0.00
0.00
0.00
0.00
0.00
515.00
359.00
127.00
43.00
3.00
36.00
31.00
40.00
2.00
64.00
58.00
149.00
1.00
179.00
34.00
10.00
37.00
0.00
39.00
21.00
0.00
1.00
11.00
26.00
0.00
2.00
45.00
2.00
23.00
2.00
12.00
6.00
88.00
10.00
232.00
4.00
322.00
1.00
134.00
222.00
34.00
323.00
186.00
21.00
55.00
7.00
0.00
182.00
1.00
0.00
0.00
0.00
0.00
0.00
2.00
58.00
46.00
108.00
97.00
299.00
48.00
0.00
23.00
19.00
48.00
0.00
2.00
16.00
19.00
3.00
6.00
9.00
78.00
306.00
28.00
16.00
25.00
912.00
54.00
57.00
76.00
134.00
5.00
35.00
0.00
0.00
6.00
2.00
91.00
25.00
1.00
48.00
6.00
35.00
414.00
282.00
43.00
24.00
0.00
0.00
20.00
1.00
19.00
6.00
27.00
96.00
37.00
174.00
124.00
26.00
9.00
20.00
95.00
341.00
79.00
10.00
170.00
198.00
20.00
14.00
64.00
105.00
50.00
147.00
90.00
466.00
125.00
7.00
92.00
103.00
73.00
34.00
13.00
9.00
0.00
20.00
83.00
105.00
107.00
681.00
63.00
21.00
14.00
124.00
98.00
129.00
107.00
76.00
198.00
120.00
39.00
129.00
152.00
3.00
3.00
44.00
73.00
256.00
100.00
189.00
279.00
1.00
0.00
0.00
0.00
54.00
803.00
305.00
19.00
106.00
25.00
0.00
24.00
0.00
20.00
104.00
1.00
6.00
8.00
31.00
8.00
0.00
0.00
50.00
7.00
0.00
0.00
0.00
0.00
0.00
0.00
0.00
0.00
0.00
0.00
2.00
227.00
40.00
26.00
0.00
0.00
0.00
0.00
0.00
0.00
0.00
0.00
0.00
0.00
0.00
0.00
0.00
0.00
0.00
0.00
69.00
0.00
0.00
0.00
0.00
56.00
0.00
0.00
0.00
0.00
0.00
0.00
0.00
0.00
0.00
0.00
0.00
0.00
0.00
0.00
0.00
0.00
0.00
0.00
0.00
0.00
0.00
0.00
0.00
0.00
0.00
0.00
0.00
0.00
0.00
0.00
29.00
0.00
0.00
0.00
0.00
0.00
0.00
0.00
0.00
0.00
0.00
11.00
90.00
1121.00
0.00
0.00
0.00
0.00
0.00
0.00
0.00
0.00
0.00
0.00
0.00
0.00
0.00
0.00
0.00
0.00
0.00
6.00
0.00
0.00
0.00
0.00
0.00
0.00
0.00
0.00
0.00
0.00
0.00
0.00
0.00
0.00
0.00
0.00
0.00
0.00
0.00
0.00
1.00
1.00
0.00
0.00
0.00
0.00
0.00
0.00
0.00
0.00
0.00
0.00
0.00
49.00
0.00
0.00
0.00
0.00
0.00
0.00
23.00
17.00
0.00
0.00
0.00
0.00
0.00
0.00
0.00
6.40
6.10
0.00
58.40
6.20
0.00
0.00
0.10
0.00
0.00
0.00
0.00
0.00
0.00
0.00
0.00
0.00
0.00
1.30
0.30
0.00
0.00
9.30
0.00
0.00
0.00
0.00
0.00
0.00
0.00
16.40
1.40
0.00
51.80
5.70
178.70
7.70
7.10
0.00
26.40
28.00
8.90
10.20
2.20
22.50
0.20
0.00
0.10
2.30
1.70
22.20
25.00
0.00
0.00
1.30
0.20
8.40
0.00
0.00
0.20
3.70
0.10
1.40
29.60
3.80
3.60
3.60
3.20
63.40
108.10
0.00
0.00
60.80
0.00
0.80
76.20
108.70
27.70
18.00
8.30
20.10
0.20
32.80
34.30
1.80
1.80
1.70
26.30
26.30
30.40
0.90
6.40
26.30
9.10
15.30
28.40
4.60
2.10
11.80
38.80
0.00
0.00
0.00
0.20
0.00
0.00
2.10
1.80
0.00
3.00
4.70
2.70
104.20
4.90
3.90
20.40
11.60
30.30
1.00
0.00
0.20
27.40
202.50
115.30
94.50
0.60
1.20
1.50
0.00
0.00
2.20
6.10
23.90
19.40
69.20
209.80
209.80
61.80
61.80
55.40
0.70
0.70
9.10
0.00
0.70
0.70
0.70
3.20
37.30
104.90
11.80
16.30
11.70
3.20
1.40
0.00
1.70
20.10
7.80
5.00
2.40
50.80
11.00
17.00
19.70
2.20
2.20
8.50
6.10
37.10
5.10
4.00
2.90
1.00
1.30
1.20
0.00
1.00
7.50
52.00
28.10
14.10
1.10
0.10
1.30
5.10
5.30
12.30
11.20
4.90
6.20
26.30
4.60
0.50
7.40
2.90
0.10
8.60
12.50
8.50
10.60
48.90
4.20
4.00
11.70
14.00
0.00
0.00
1.20
1.60
15.20
16.40
19.10
33.20
0.00
42.40
40.80
11.10
113.50
113.50
5.80
0.00
0.80
1.10
4.30
23.60
25.20
4.30
0.10
0.00
0.00
0.00
0.00
0.30
0.00
0.00
0.00
0.10
0.10
3.40
0.20
0.00
0.50
24.00
92.30
