20160101
0.00
0.00
0.00
0.00
0.00
0.00
0.00
0.00
0.00
0.00
0.00
0.00
1.00
0.00
0.00
0.00
0.00
0.00
4.00
31.00
0.00
0.00
0.00
0.00
0.00
0.00
0.00
0.00
1.00
0.00
0.00
0.00
0.00
0.00
0.00
0.00
0.00
3.00
0.00
8.00
0.00
0.00
0.00
0.00
0.00
0.00
0.00
0.00
0.00
0.00
2.00
0.00
0.00
0.00
0.00
0.00
9.00
0.00
0.00
9.00
0.00
0.00
1.00
0.00
0.00
17.00
0.00
0.00
0.00
0.00
0.00
0.00
1.00
1.00
0.00
0.00
0.00
0.00
12.00
2.00
14.00
0.00
0.00
0.00
0.00
0.00
259.00
224.00
15.00
9.00
203.00
0.00
0.00
8.00
46.00
504.00
78.00
385.00
5.00
43.00
0.00
0.00
0.00
103.00
266.00
11.00
142.00
322.00
189.00
87.00
175.00
94.00
34.00
54.00
0.00
55.00
565.00
144.00
93.00
38.00
105.00
45.00
40.00
52.00
151.00
103.00
64.00
337.00
1.00
5.00
27.00
4.00
99.00
73.00
28.00
509.00
58.00
314.00
351.00
26.00
169.00
284.00
0.00
0.00
12.00
7.00
0.00
34.00
8.00
0.00
9.00
122.00
0.00
0.00
26.00
34.00
0.00
368.00
74.00
126.00
66.00
50.00
3.00
3.00
3.00
174.00
234.00
134.00
60.00
13.00
131.00
275.00
297.00
891.00
616.00
42.00
1.00
38.00
76.00
2.00
87.00
34.00
23.00
2.00
190.00
29.00
15.00
5.00
25.00
253.00
83.00
37.00
21.00
10.00
28.00
33.00
21.00
65.00
154.00
700.00
730.00
1206.00
257.00
220.00
65.00
135.00
350.00
16.00
79.00
108.00
105.00
79.00
60.00
1.00
0.00
72.00
346.00
132.00
16.00
54.00
130.00
127.00
47.00
1.00
134.00
137.00
16.00
170.00
11.00
152.00
1.00
0.00
1.00
21.00
0.00
4.00
0.00
298.00
0.00
17.00
16.00
2.00
178.00
398.00
1024.00
1043.00
81.00
1.00
10.00
94.00
6.00
2.00
1.00
6.00
244.00
15.00
8.00
13.00
6.00
6.00
0.00
9.00
43.00
283.00
40.00
109.00
307.00
8.00
140.00
14.00
0.00
2.00
8.00
0.00
2.00
278.00
38.00
3.00
32.00
11.00
4.00
338.00
194.00
277.00
16.00
55.00
0.00
0.00
0.00
0.00
0.00
0.00
0.00
0.00
0.00
0.00
0.00
0.00
0.00
1.00
126.00
0.00
0.00
0.00
0.00
0.00
0.00
0.00
2.00
143.00
0.00
0.00
0.00
0.00
0.00
0.00
0.00
0.00
0.00
0.00
0.00
0.00
0.00
0.00
0.00
0.00
0.00
0.00
0.00
0.00
0.00
0.00
0.00
0.00
0.00
58.00
0.00
0.00
0.00
0.00
0.00
0.00
0.00
0.00
0.00
0.00
0.00
0.00
0.00
0.00
0.00
0.00
0.00
0.00
0.00
0.00
0.00
0.00
0.00
0.00
20.00
0.00
0.00
0.00
0.00
0.00
0.00
0.00
0.00
5.00
0.00
0.00
0.00
0.00
0.00
0.00
0.00
0.00
0.00
0.00
0.00
0.00
0.00
0.00
0.00
0.00
0.00
0.00
0.00
0.00
0.00
0.00
22.00
0.00
0.00
0.00
0.00
0.00
0.00
0.00
0.00
0.00
0.00
0.00
0.00
0.00
0.00
0.00
0.00
0.00
0.00
0.00
0.00
0.00
0.00
0.00
1.00
7.00
307.00
0.00
0.00
0.00
0.00
0.00
0.00
0.00
0.00
0.00
12.00
0.00
0.00
0.00
156.00
0.00
181.00
0.00
0.00
0.00
0.00
0.00
0.00
196.00
324.00
10.00
30.00
0.00
0.00
0.00
0.00
327.00
43.00
1.00
1.00
128.00
153.00
392.00
692.00
1018.00
863.00
19.00
24.00
0.00
68.00
66.00
11.00
0.00
0.00
0.00
14.00
0.00
459.00
0.00
0.00
14.00
556.00
279.00
321.00
207.00
0.00
101.00
90.00
368.00
0.00
160.00
14.00
331.00
22.00
0.00
108.00
124.00
454.00
557.00
7.00
8.00
70.00
0.00
26.00
0.00
6.00
99.00
346.00
1.00
0.00
295.00
54.00
248.00
122.00
269.00
120.00
292.00
284.00
145.00
0.00
3.00
63.00
185.00
54.00
276.00
407.00
118.00
0.00
4.00
0.00
30.00
68.00
58.00
173.00
204.00
623.00
738.00
12.00
19.00
499.00
111.00
110.00
121.00
0.00
499.00
422.00
76.00
184.00
27.00
31.00
57.00
50.00
24.00
875.00
244.00
6.00
232.00
359.00
88.00
46.00
1.00
44.00
64.00
81.00
14.00
86.00
13.00
61.00
157.00
25.00
19.00
123.00
80.00
7.00
99.00
174.00
18.00
14.00
3.00
13.00
22.00
10.00
56.00
46.00
1.00
61.00
7.00
120.00
70.00
90.00
13.00
193.00
206.00
183.00
2135.00
776.00
1068.00
1095.00
375.00
26.00
2.00
203.00
124.00
4.00
21.00
165.00
193.00
60.00
12.00
54.00
160.00
80.00
30.00
0.00
5.00
38.00
60.00
739.00
220.00
48.00
2.00
0.00
1.00
820.00
867.00
55.00
27.00
0.00
0.00
132.00
3.00
0.00
265.00
38.00
293.00
115.00
129.00
16.00
42.00
8.00
3.00
17.00
40.00
485.00
339.00
374.00
106.00
3.00
0.00
9.00
12.00
12.00
5.00
20.00
0.00
23.00
0.00
4.00
45.00
147.00
0.00
0.00
0.00
0.00
216.00
647.00
1212.00
0.00
0.00
0.00
5.00
1.00
0.00
0.00
5.00
85.00
0.00
0.00
1.00
1.00
0.00
3.00
0.00
0.00
0.00
0.00
0.00
0.00
0.00
0.00
4.00
232.00
87.00
11.00
0.00
0.00
0.00
0.00
0.00
0.00
0.00
0.00
8.00
0.00
0.00
0.00
0.00
0.00
0.00
0.00
0.00
0.00
0.00
0.00
1.00
135.00
5.00
0.00
0.00
0.00
0.00
0.00
0.00
0.00
0.00
15.00
0.00
0.00
0.00
0.00
0.00
0.00
0.00
0.00
0.00
0.00
7.00
0.00
76.00
0.00
0.00
0.00
0.00
0.00
0.00
0.00
0.00
0.00
0.00
0.00
0.00
0.00
0.00
0.00
0.00
0.00
0.00
0.00
0.00
0.00
0.00
0.00
0.00
0.00
0.00
0.00
0.00
0.00
0.00
0.00
0.00
0.00
0.00
0.00
0.00
101.00
1.00
8.00
12.00
55.00
0.00
0.00
0.00
0.00
0.00
0.00
0.00
0.00
0.00
72.00
0.00
0.00
0.00
395.00
396.00
0.00
0.00
0.00
0.00
0.00
0.00
0.00
0.00
0.00
0.00
0.00
0.00
0.00
0.00
31.00
0.00
1.00
37.00
0.00
0.00
0.00
0.00
0.00
0.00
0.00
18.00
0.00
0.00
0.00
56.00
356.00
356.00
251.00
0.00
1.00
69.00
5.00
178.00
2.00
49.00
89.00
79.00
23.00
89.00
74.00
197.00
37.00
0.00
1.00
4.00
0.00
26.00
36.00
43.00
17.00
0.00
7.00
0.00
53.00
3.00
115.00
1.00
148.00
124.00
264.00
0.00
76.00
3.00
218.00
292.00
113.00
163.00
181.00
340.00
8.00
4.00
0.00
207.00
0.00
0.00
0.00
0.00
0.00
0.00
1.00
17.00
396.00
402.00
114.00
24.00
214.00
0.00
3.00
20.00
0.00
6.00
3.00
1.00
69.00
20.00
4.00
5.00
83.00
109.00
2.00
392.00
770.00
510.00
101.00
2.00
393.00
23.00
2.00
5.00
137.00
57.00
395.00
188.00
18.00
54.00
5.00
4.00
106.00
195.00
308.00
648.00
214.00
473.00
14.00
0.00
48.00
15.00
1.00
0.00
4.00
12.00
21.00
117.00
74.00
126.00
17.00
9.00
2.00
187.00
72.00
11.00
95.00
127.00
164.00
36.00
89.00
175.00
59.00
37.00
80.00
38.00
28.00
6.00
2.00
55.00
41.00
239.00
34.00
49.00
9.00
72.00
148.00
83.00
13.00
83.00
43.00
34.00
1.00
9.00
48.00
1.00
14.00
14.00
399.00
86.00
89.00
6.00
21.00
0.00
7.00
0.00
63.00
307.00
181.00
166.00
12.00
0.00
0.00
0.00
65.00
435.00
839.00
331.00
286.00
0.00
0.00
4.00
32.00
16.00
3.00
3.00
0.00
0.00
1.00
12.00
32.00
3.00
2.00
0.00
48.00
0.00
0.00
0.00
0.00
0.00
0.00
0.00
0.00
0.00
0.00
17.00
16.00
36.00
80.00
0.00
0.00
0.00
0.00
0.00
0.00
0.00
0.00
0.00
0.00
0.00
0.00
0.00
8.00
21.00
6.00
1.00
0.00
0.00
0.00
0.00
0.00
0.00
0.00
0.00
0.00
0.00
0.00
0.00
0.00
0.00
0.00
0.00
0.00
0.00
0.00
0.00
0.00
0.00
0.00
1.00
0.00
0.00
0.00
0.00
0.00
0.00
0.00
0.00
0.00
0.00
0.00
2.00
0.00
0.00
0.00
0.00
0.00
0.00
0.00
0.00
0.00
0.00
0.00
76.00
216.00
0.00
0.00
0.00
0.00
0.00
0.00
0.00
0.00
0.00
0.00
0.00
0.00
0.00
0.00
0.00
0.00
0.00
0.00
0.00
0.00
0.00
0.00
0.00
0.00
0.00
0.00
0.00
0.00
0.00
0.00
0.00
0.00
0.00
0.00
0.00
0.00
0.00
0.00
0.00
0.00
0.00
0.00
0.00
0.00
1.00
0.00
0.00
0.00
0.00
0.00
0.00
16.00
1.00
3.00
0.00
0.00
0.00
0.00
0.00
5.00
0.00
0.00
0.00
0.00
0.00
0.00
0.00
3.20
22.60
4.40
69.50
5.40
0.00
0.00
0.00
0.00
0.00
0.00
0.00
0.00
0.00
0.00
0.00
0.00
0.00
1.30
1.20
0.00
0.00
0.70
0.40
0.00
0.00
7.20
0.00
0.00
0.00
1.50
7.10
0.00
4.30
9.60
165.20
10.70
41.10
0.00
6.70
6.00
13.30
0.50
1.30
59.90
0.00
0.00
0.00
0.00
0.00
19.40
16.90
0.00
0.00
0.00
8.80
11.30
0.70
0.00
0.20
0.00
0.00
4.30
12.80
12.60
25.30
25.30
3.80
20.40
53.30
2.10
4.40
35.70
35.70
20.40
45.80
36.80
12.00
45.10
3.10
2.80
0.00
42.00
14.50
0.40
0.40
21.90
24.80
24.80
7.40
1.30
13.80
4.60
0.50
1.60
13.20
2.40
1.50
6.10
98.80
16.10
0.00
2.50
2.70
0.30
0.50
0.00
0.10
0.10
8.80
21.50
1.60
25.90
10.00
0.00
10.10
9.10
2.80
0.00
0.00
7.40
62.40
92.80
107.10
111.00
0.70
13.30
1.30
1.70
0.30
6.00
11.60
28.80
1.00
90.50
229.60
229.60
85.40
85.40
28.70
7.30
7.30
0.00
0.00
7.30
7.30
7.30
7.00
44.50
54.40
3.50
2.40
1.40
5.00
3.90
1.50
20.80
3.50
0.70
15.40
1.10
1.70
0.70
6.70
10.00
1.90
4.70
2.90
1.50
14.90
10.20
24.50
17.00
0.60
2.10
0.00
0.00
0.30
2.50
20.70
10.00
19.00
1.00
0.10
2.80
0.20
0.20
16.10
4.60
0.20
5.10
21.50
7.20
0.60
1.90
10.10
0.10
32.80
9.90
15.70
18.30
19.90
17.70
27.00
6.20
6.40
4.10
0.40
0.00
0.80
16.80
25.30
35.30
25.50
0.80
18.90
9.20
4.50
27.50
27.50
46.90
0.00
0.00
0.60
0.20
7.60
4.30
3.30
0.80
0.00
0.00
0.00
0.30
0.20
0.00
0.00
0.20
0.00
0.30
5.20
0.10
0.40
2.10
19.30
110.50
