20160101
0.00
0.00
0.00
0.00
0.00
0.00
0.00
0.00
0.00
0.00
0.00
0.00
1.00
0.00
0.00
0.00
0.00
0.00
4.00
26.00
0.00
0.00
0.00
0.00
0.00
0.00
0.00
0.00
1.00
0.00
0.00
0.00
0.00
0.00
0.00
0.00
0.00
1.00
1.00
0.00
0.00
0.00
0.00
0.00
0.00
0.00
0.00
0.00
0.00
0.00
4.00
0.00
0.00
0.00
0.00
0.00
10.00
0.00
90.00
10.00
0.00
0.00
0.00
4.00
0.00
15.00
0.00
0.00
0.00
0.00
0.00
0.00
1.00
0.00
0.00
0.00
0.00
0.00
15.00
2.00
1.00
0.00
0.00
0.00
0.00
0.00
333.00
269.00
16.00
9.00
223.00
0.00
0.00
7.00
49.00
410.00
68.00
280.00
2.00
72.00
0.00
0.00
0.00
184.00
187.00
19.00
90.00
280.00
184.00
90.00
161.00
297.00
19.00
12.00
0.00
59.00
646.00
134.00
76.00
46.00
47.00
115.00
16.00
62.00
146.00
145.00
50.00
330.00
1.00
10.00
42.00
7.00
102.00
79.00
33.00
694.00
32.00
537.00
312.00
30.00
122.00
307.00
1.00
0.00
8.00
6.00
0.00
54.00
7.00
5.00
7.00
97.00
0.00
0.00
72.00
8.00
0.00
381.00
33.00
166.00
85.00
45.00
9.00
7.00
0.00
170.00
215.00
146.00
52.00
10.00
179.00
305.00
257.00
803.00
567.00
74.00
0.00
48.00
87.00
10.00
75.00
26.00
14.00
0.00
330.00
112.00
22.00
5.00
18.00
280.00
72.00
22.00
9.00
5.00
46.00
84.00
4.00
99.00
200.00
936.00
611.00
1439.00
336.00
119.00
132.00
153.00
415.00
31.00
28.00
94.00
157.00
113.00
98.00
7.00
0.00
55.00
286.00
154.00
25.00
75.00
108.00
118.00
65.00
8.00
292.00
94.00
32.00
149.00
10.00
111.00
0.00
0.00
0.00
13.00
0.00
3.00
0.00
339.00
0.00
1.00
24.00
0.00
257.00
506.00
1242.00
945.00
102.00
1.00
3.00
86.00
3.00
0.00
3.00
4.00
181.00
25.00
20.00
11.00
3.00
1.00
6.00
0.00
41.00
123.00
29.00
117.00
238.00
4.00
167.00
31.00
0.00
1.00
52.00
0.00
2.00
348.00
25.00
26.00
64.00
27.00
4.00
448.00
260.00
318.00
42.00
39.00
0.00
0.00
0.00
0.00
0.00
0.00
0.00
0.00
0.00
0.00
0.00
0.00
0.00
10.00
108.00
0.00
0.00
0.00
0.00
0.00
0.00
1.00
2.00
122.00
0.00
0.00
0.00
0.00
0.00
0.00
0.00
0.00
0.00
0.00
0.00
0.00
0.00
0.00
0.00
0.00
0.00
0.00
0.00
0.00
0.00
0.00
524.00
0.00
0.00
45.00
0.00
0.00
0.00
0.00
0.00
0.00
0.00
0.00
0.00
0.00
0.00
0.00
0.00
0.00
0.00
0.00
0.00
0.00
0.00
0.00
0.00
0.00
0.00
0.00
0.00
0.00
0.00
0.00
0.00
0.00
1.00
0.00
0.00
0.00
0.00
0.00
0.00
0.00
0.00
0.00
0.00
0.00
0.00
0.00
0.00
0.00
0.00
0.00
0.00
0.00
0.00
0.00
0.00
0.00
0.00
1.00
9.00
0.00
0.00
0.00
0.00
0.00
0.00
0.00
0.00
0.00
0.00
0.00
0.00
0.00
0.00
0.00
0.00
7.00
0.00
0.00
0.00
0.00
0.00
0.00
14.00
0.00
20.00
0.00
0.00
0.00
0.00
0.00
0.00
0.00
0.00
0.00
3.00
0.00
0.00
0.00
185.00
0.00
145.00
1.00
0.00
0.00
0.00
0.00
0.00
101.00
311.00
7.00
53.00
0.00
0.00
0.00
0.00
283.00
66.00
0.00
1.00
112.00
209.00
387.00
677.00
965.00
999.00
1.00
16.00
0.00
73.00
44.00
4.00
0.00
0.00
0.00
6.00
0.00
464.00
7.00
0.00
8.00
421.00
247.00
227.00
290.00
0.00
118.00
89.00
229.00
4.00
212.00
14.00
290.00
25.00
0.00
170.00
287.00
551.00
605.00
15.00
14.00
66.00
0.00
29.00
62.00
8.00
115.00
368.00
3.00
1.00
376.00
59.00
177.00
186.00
188.00
257.00
112.00
248.00
157.00
0.00
2.00
88.00
183.00
56.00
268.00
316.00
110.00
0.00
1.00
1.00
21.00
54.00
66.00
187.00
173.00
800.00
837.00
11.00
18.00
545.00
53.00
220.00
191.00
0.00
462.00
580.00
33.00
214.00
15.00
43.00
45.00
55.00
19.00
1150.00
490.00
13.00
317.00
250.00
67.00
68.00
7.00
141.00
110.00
120.00
22.00
92.00
15.00
80.00
113.00
56.00
8.00
169.00
130.00
2.00
102.00
153.00
10.00
9.00
4.00
24.00
30.00
14.00
51.00
30.00
1.00
102.00
26.00
121.00
60.00
117.00
15.00
205.00
290.00
266.00
1787.00
799.00
1420.00
1331.00
500.00
80.00
3.00
160.00
58.00
0.00
40.00
146.00
344.00
98.00
16.00
77.00
241.00
144.00
32.00
0.00
4.00
41.00
106.00
873.00
113.00
103.00
1.00
0.00
3.00
809.00
1643.00
27.00
32.00
36.00
0.00
161.00
1.00
0.00
419.00
110.00
483.00
121.00
108.00
25.00
56.00
16.00
1.00
12.00
76.00
675.00
113.00
139.00
83.00
9.00
5.00
5.00
10.00
14.00
7.00
21.00
0.00
14.00
0.00
10.00
103.00
257.00
0.00
0.00
0.00
0.00
244.00
715.00
1590.00
0.00
0.00
0.00
0.00
9.00
1.00
0.00
3.00
68.00
0.00
0.00
0.00
0.00
0.00
7.00
1.00
0.00
0.00
4.00
1.00
0.00
0.00
0.00
8.00
216.00
108.00
8.00
0.00
0.00
0.00
0.00
0.00
0.00
0.00
5.00
28.00
0.00
0.00
0.00
0.00
0.00
0.00
0.00
0.00
0.00
0.00
2.00
7.00
134.00
0.00
0.00
0.00
0.00
0.00
0.00
0.00
0.00
0.00
46.00
0.00
0.00
0.00
0.00
0.00
0.00
0.00
0.00
0.00
3.00
0.00
7.00
136.00
4.00
0.00
0.00
0.00
0.00
0.00
0.00
0.00
0.00
0.00
0.00
0.00
0.00
0.00
0.00
0.00
0.00
0.00
0.00
0.00
0.00
0.00
0.00
0.00
0.00
0.00
0.00
0.00
0.00
0.00
0.00
0.00
0.00
0.00
0.00
0.00
148.00
5.00
34.00
13.00
88.00
0.00
21.00
0.00
0.00
0.00
0.00
0.00
0.00
0.00
0.00
0.00
0.00
0.00
480.00
324.00
0.00
0.00
0.00
0.00
0.00
0.00
0.00
0.00
0.00
0.00
0.00
0.00
0.00
4.00
44.00
0.00
1.00
11.00
0.00
0.00
0.00
0.00
0.00
0.00
0.00
70.00
15.00
0.00
0.00
214.00
614.00
284.00
354.00
0.00
8.00
65.00
0.00
242.00
2.00
97.00
73.00
111.00
6.00
84.00
62.00
197.00
141.00
0.00
0.00
0.00
0.00
0.00
47.00
74.00
4.00
0.00
63.00
0.00
53.00
9.00
94.00
3.00
154.00
95.00
260.00
0.00
130.00
2.00
202.00
288.00
94.00
227.00
125.00
182.00
5.00
7.00
0.00
126.00
0.00
0.00
0.00
0.00
0.00
0.00
7.00
85.00
132.00
337.00
474.00
32.00
142.00
0.00
31.00
16.00
3.00
1.00
22.00
7.00
158.00
5.00
1.00
4.00
105.00
113.00
12.00
164.00
604.00
616.00
201.00
1.00
142.00
51.00
8.00
6.00
161.00
226.00
431.00
169.00
16.00
48.00
30.00
4.00
314.00
379.00
235.00
638.00
282.00
373.00
9.00
0.00
26.00
9.00
6.00
0.00
5.00
14.00
28.00
122.00
62.00
149.00
24.00
13.00
3.00
203.00
74.00
14.00
74.00
154.00
190.00
37.00
277.00
244.00
129.00
92.00
66.00
20.00
119.00
4.00
5.00
55.00
48.00
294.00
43.00
69.00
23.00
75.00
103.00
76.00
22.00
457.00
26.00
19.00
2.00
7.00
44.00
4.00
11.00
43.00
398.00
168.00
138.00
22.00
36.00
1.00
16.00
0.00
67.00
439.00
206.00
201.00
23.00
0.00
0.00
0.00
66.00
1089.00
729.00
542.00
243.00
0.00
0.00
5.00
0.00
12.00
12.00
48.00
0.00
0.00
0.00
31.00
23.00
1.00
1.00
0.00
40.00
0.00
0.00
0.00
0.00
0.00
0.00
0.00
0.00
0.00
0.00
24.00
18.00
37.00
16.00
0.00
0.00
0.00
0.00
0.00
0.00
0.00
0.00
0.00
0.00
0.00
0.00
0.00
27.00
10.00
6.00
6.00
0.00
0.00
0.00
0.00
0.00
1.00
0.00
0.00
0.00
0.00
0.00
0.00
0.00
0.00
0.00
0.00
0.00
0.00
0.00
0.00
0.00
0.00
0.00
10.00
0.00
0.00
0.00
0.00
0.00
0.00
0.00
0.00
0.00
0.00
0.00
46.00
0.00
0.00
0.00
0.00
0.00
0.00
0.00
0.00
0.00
0.00
1.00
77.00
322.00
0.00
0.00
0.00
0.00
0.00
0.00
0.00
0.00
0.00
0.00
0.00
0.00
0.00
0.00
0.00
0.00
0.00
0.00
0.00
0.00
0.00
0.00
0.00
0.00
0.00
0.00
0.00
0.00
0.00
0.00
0.00
0.00
0.00
0.00
0.00
0.00
0.00
0.00
0.00
0.00
0.00
0.00
0.00
0.00
1.00
0.00
0.00
0.00
0.00
0.00
0.00
20.00
1.00
0.00
10.00
0.00
0.00
2.00
4.00
14.00
0.00
0.00
0.00
0.00
0.00
0.00
0.00
2.80
20.60
3.80
66.10
4.50
0.00
0.00
0.00
1.70
0.00
0.00
0.00
0.00
0.00
0.00
0.00
0.00
0.00
0.00
0.10
0.00
0.00
0.40
0.20
0.00
0.00
6.60
0.00
0.00
0.00
3.20
3.50
0.00
8.60
19.50
166.50
7.20
42.80
0.00
9.80
8.30
14.20
1.00
3.30
59.40
0.00
0.00
0.00
0.00
0.00
22.50
24.00
0.00
0.00
0.10
3.00
22.90
0.70
0.00
0.00
0.00
0.00
4.30
36.90
22.00
18.40
18.40
7.80
27.90
64.30
0.70
6.20
56.70
43.80
29.30
51.00
42.50
18.80
28.50
1.50
9.20
0.80
43.20
15.00
0.30
0.30
17.70
24.50
24.50
12.90
1.60
16.70
4.50
2.50
1.10
12.60
2.80
1.20
5.80
52.20
21.20
0.00
5.70
0.80
0.30
0.30
0.00
0.00
0.00
9.80
28.60
2.90
61.80
2.30
0.20
11.10
16.90
13.60
0.00
0.00
4.30
71.00
107.90
125.00
77.40
1.00
16.90
1.80
1.20
0.30
6.90
9.80
21.50
7.50
103.10
253.40
253.40
103.40
103.40
44.40
9.70
9.70
0.40
0.20
9.70
9.70
9.70
10.30
50.70
61.50
4.70
5.60
1.80
4.00
2.70
1.20
27.20
3.70
0.80
14.30
1.30
3.50
0.90
6.90
13.50
3.50
7.20
4.90
5.20
31.10
15.20
26.20
18.90
0.40
2.70
0.00
0.00
0.20
2.90
33.40
10.00
30.90
2.80
0.60
2.80
0.20
0.40
16.20
4.80
1.50
4.70
28.10
8.40
0.40
1.80
10.40
0.20
55.20
11.00
3.90
54.50
32.40
15.50
14.50
15.60
8.20
2.30
0.20
0.00
0.10
13.20
17.30
34.30
33.20
0.30
22.40
10.80
19.20
39.70
39.70
35.60
0.20
0.10
0.20
0.30
3.90
5.50
3.40
1.40
0.00
0.00
0.00
0.30
0.30
0.00
0.00
0.20
0.00
0.40
4.90
0.30
0.20
3.00
11.70
41.50
