20160101
0.00
0.00
0.00
0.00
0.00
0.00
0.00
0.00
0.00
0.00
0.00
0.00
0.00
0.00
0.00
0.00
0.00
0.00
71.00
25.00
0.00
0.00
0.00
0.00
0.00
1.00
0.00
0.00
0.00
0.00
0.00
0.00
0.00
0.00
0.00
0.00
0.00
0.00
9.00
0.00
0.00
0.00
0.00
0.00
0.00
0.00
0.00
0.00
0.00
0.00
11.00
0.00
0.00
0.00
0.00
0.00
3.00
0.00
0.00
0.00
0.00
0.00
59.00
0.00
0.00
11.00
0.00
0.00
0.00
0.00
0.00
0.00
7.00
31.00
0.00
0.00
0.00
0.00
1.00
8.00
10.00
0.00
0.00
0.00
0.00
0.00
346.00
200.00
0.00
19.00
374.00
20.00
1.00
1.00
15.00
280.00
3.00
0.00
0.00
0.00
0.00
0.00
0.00
0.00
15.00
0.00
144.00
278.00
254.00
14.00
31.00
72.00
0.00
0.00
0.00
0.00
196.00
92.00
136.00
0.00
4.00
167.00
12.00
31.00
162.00
102.00
37.00
285.00
5.00
36.00
135.00
8.00
227.00
492.00
177.00
574.00
5.00
207.00
308.00
74.00
74.00
37.00
0.00
103.00
103.00
60.00
0.00
50.00
0.00
1.00
1.00
100.00
0.00
0.00
0.00
41.00
20.00
236.00
114.00
0.00
7.00
88.00
25.00
14.00
0.00
74.00
419.00
75.00
12.00
5.00
36.00
35.00
185.00
68.00
506.00
868.00
71.00
293.00
77.00
3.00
3.00
12.00
81.00
257.00
273.00
386.00
97.00
18.00
0.00
119.00
98.00
64.00
17.00
14.00
53.00
99.00
58.00
408.00
210.00
88.00
164.00
105.00
962.00
77.00
239.00
88.00
465.00
49.00
16.00
158.00
240.00
133.00
129.00
193.00
148.00
22.00
83.00
101.00
49.00
98.00
52.00
13.00
109.00
18.00
34.00
3.00
199.00
125.00
34.00
53.00
11.00
0.00
4.00
24.00
1.00
29.00
32.00
367.00
26.00
0.00
67.00
29.00
287.00
33.00
147.00
292.00
18.00
42.00
2.00
1.00
0.00
0.00
0.00
147.00
103.00
148.00
8.00
14.00
17.00
67.00
53.00
207.00
114.00
0.00
69.00
92.00
99.00
40.00
283.00
61.00
0.00
38.00
104.00
0.00
40.00
59.00
67.00
0.00
121.00
0.00
127.00
151.00
242.00
272.00
455.00
2.00
0.00
0.00
0.00
0.00
0.00
0.00
0.00
0.00
0.00
0.00
0.00
0.00
0.00
0.00
81.00
1.00
0.00
0.00
0.00
0.00
0.00
0.00
1.00
11.00
0.00
0.00
0.00
0.00
0.00
0.00
0.00
0.00
0.00
0.00
0.00
0.00
0.00
0.00
0.00
0.00
0.00
0.00
0.00
0.00
0.00
0.00
0.00
0.00
0.00
0.00
0.00
0.00
0.00
0.00
0.00
0.00
0.00
0.00
0.00
0.00
0.00
0.00
0.00
0.00
0.00
0.00
0.00
0.00
0.00
0.00
0.00
0.00
0.00
0.00
62.00
0.00
0.00
0.00
0.00
0.00
0.00
0.00
1.00
1.00
0.00
0.00
0.00
0.00
0.00
20.00
0.00
0.00
0.00
0.00
0.00
0.00
0.00
0.00
0.00
0.00
0.00
0.00
0.00
0.00
0.00
5.00
9.00
88.00
0.00
0.00
0.00
0.00
0.00
0.00
0.00
0.00
0.00
0.00
0.00
0.00
0.00
0.00
0.00
0.00
0.00
0.00
0.00
0.00
0.00
0.00
0.00
0.00
0.00
0.00
0.00
0.00
0.00
0.00
0.00
0.00
0.00
0.00
6.00
0.00
0.00
0.00
14.00
5.00
114.00
2.00
0.00
0.00
0.00
0.00
0.00
2.00
218.00
33.00
132.00
0.00
0.00
0.00
0.00
347.00
0.00
148.00
75.00
34.00
128.00
233.00
478.00
569.00
523.00
2.00
98.00
0.00
0.00
10.00
0.00
0.00
0.00
0.00
1.00
0.00
265.00
28.00
0.00
25.00
334.00
225.00
1211.00
603.00
0.00
105.00
1.00
2.00
0.00
84.00
0.00
258.00
7.00
0.00
374.00
195.00
51.00
101.00
0.00
32.00
413.00
5.00
50.00
3.00
5.00
339.00
372.00
2.00
13.00
292.00
191.00
111.00
5.00
308.00
184.00
87.00
844.00
269.00
1.00
20.00
90.00
83.00
212.00
17.00
153.00
39.00
0.00
118.00
1.00
17.00
68.00
210.00
267.00
53.00
1419.00
282.00
145.00
23.00
828.00
41.00
342.00
255.00
16.00
157.00
191.00
0.00
103.00
15.00
1.00
28.00
19.00
58.00
136.00
509.00
55.00
897.00
285.00
85.00
45.00
111.00
46.00
215.00
103.00
66.00
161.00
4.00
10.00
109.00
140.00
112.00
203.00
63.00
37.00
26.00
95.00
211.00
22.00
144.00
8.00
25.00
23.00
136.00
33.00
45.00
49.00
36.00
41.00
48.00
143.00
77.00
146.00
44.00
216.00
772.00
1983.00
360.00
363.00
141.00
33.00
36.00
112.00
33.00
19.00
167.00
39.00
343.00
86.00
1.00
3.00
666.00
264.00
22.00
0.00
56.00
132.00
85.00
193.00
68.00
12.00
100.00
4.00
130.00
278.00
237.00
532.00
187.00
0.00
21.00
185.00
5.00
7.00
263.00
190.00
220.00
373.00
16.00
2.00
36.00
74.00
3.00
1.00
51.00
184.00
1612.00
670.00
62.00
58.00
12.00
12.00
57.00
14.00
36.00
99.00
1.00
0.00
15.00
16.00
435.00
114.00
5.00
0.00
0.00
8.00
7.00
800.00
960.00
0.00
0.00
0.00
0.00
0.00
0.00
0.00
0.00
7.00
0.00
0.00
0.00
0.00
0.00
0.00
0.00
0.00
0.00
0.00
0.00
0.00
0.00
0.00
1.00
127.00
45.00
0.00
0.00
0.00
0.00
0.00
0.00
0.00
0.00
0.00
0.00
0.00
0.00
0.00
0.00
0.00
0.00
0.00
0.00
0.00
0.00
3.00
0.00
34.00
4.00
0.00
0.00
0.00
0.00
0.00
0.00
0.00
0.00
2.00
0.00
0.00
0.00
0.00
0.00
0.00
0.00
0.00
0.00
0.00
0.00
0.00
0.00
0.00
0.00
0.00
0.00
0.00
0.00
0.00
0.00
0.00
0.00
0.00
0.00
0.00
0.00
0.00
0.00
0.00
0.00
0.00
0.00
0.00
0.00
0.00
0.00
0.00
0.00
0.00
0.00
0.00
0.00
0.00
0.00
0.00
0.00
0.00
4.00
108.00
9.00
2.00
42.00
1.00
16.00
36.00
92.00
0.00
0.00
0.00
0.00
0.00
0.00
0.00
0.00
0.00
0.00
351.00
64.00
0.00
0.00
0.00
0.00
0.00
0.00
0.00
0.00
0.00
0.00
0.00
0.00
0.00
27.00
6.00
0.00
0.00
0.00
2.00
0.00
0.00
0.00
0.00
0.00
0.00
0.00
0.00
0.00
0.00
0.00
517.00
587.00
128.00
62.00
3.00
32.00
14.00
41.00
1.00
62.00
59.00
184.00
1.00
205.00
37.00
25.00
52.00
0.00
87.00
51.00
0.00
0.00
11.00
24.00
0.00
1.00
55.00
8.00
9.00
1.00
3.00
5.00
83.00
5.00
190.00
6.00
381.00
0.00
130.00
228.00
24.00
309.00
189.00
16.00
63.00
94.00
0.00
178.00
1.00
0.00
1.00
0.00
0.00
0.00
4.00
68.00
53.00
138.00
110.00
300.00
49.00
0.00
21.00
23.00
41.00
0.00
3.00
31.00
15.00
4.00
6.00
9.00
45.00
215.00
41.00
10.00
22.00
921.00
41.00
34.00
85.00
130.00
9.00
31.00
0.00
0.00
7.00
4.00
98.00
21.00
3.00
36.00
23.00
31.00
385.00
340.00
17.00
10.00
0.00
0.00
25.00
1.00
2.00
2.00
24.00
121.00
40.00
122.00
132.00
21.00
11.00
20.00
97.00
367.00
77.00
8.00
127.00
211.00
29.00
9.00
61.00
114.00
65.00
151.00
95.00
520.00
124.00
4.00
89.00
56.00
60.00
33.00
7.00
14.00
0.00
19.00
85.00
89.00
118.00
560.00
76.00
34.00
3.00
136.00
98.00
102.00
101.00
60.00
185.00
74.00
29.00
125.00
160.00
1.00
1.00
42.00
78.00
223.00
104.00
178.00
297.00
1.00
0.00
0.00
0.00
60.00
812.00
373.00
16.00
141.00
1.00
0.00
15.00
0.00
17.00
106.00
1.00
5.00
7.00
34.00
10.00
0.00
0.00
109.00
0.00
0.00
0.00
0.00
0.00
1.00
0.00
0.00
0.00
0.00
0.00
1.00
263.00
49.00
0.00
0.00
0.00
0.00
0.00
0.00
0.00
0.00
0.00
0.00
0.00
0.00
0.00
0.00
0.00
0.00
0.00
41.00
0.00
0.00
0.00
0.00
155.00
0.00
0.00
0.00
0.00
0.00
0.00
0.00
0.00
0.00
0.00
0.00
0.00
0.00
0.00
0.00
0.00
0.00
0.00
0.00
0.00
0.00
0.00
0.00
0.00
0.00
0.00
0.00
0.00
0.00
0.00
43.00
0.00
0.00
0.00
0.00
0.00
0.00
0.00
0.00
0.00
0.00
0.00
94.00
918.00
0.00
0.00
0.00
0.00
0.00
0.00
0.00
0.00
0.00
0.00
0.00
0.00
0.00
0.00
0.00
0.00
0.00
13.00
0.00
0.00
0.00
0.00
0.00
0.00
0.00
0.00
0.00
0.00
0.00
0.00
0.00
0.00
0.00
0.00
0.00
0.00
0.00
0.00
1.00
1.00
0.00
1.00
0.00
0.00
0.00
0.00
0.00
0.00
0.00
0.00
0.00
41.00
0.00
0.00
0.00
0.00
0.00
0.00
25.00
14.00
0.00
0.00
0.00
0.00
0.00
0.00
0.00
6.60
5.20
0.00
56.80
7.40
0.00
0.00
0.50
0.00
0.00
0.00
0.00
0.00
0.00
0.00
0.00
0.00
0.00
2.40
0.30
0.00
0.00
7.10
0.00
0.00
0.00
0.00
0.00
0.00
0.00
14.50
1.10
0.00
59.50
5.50
152.70
7.20
8.00
0.00
31.30
29.50
9.70
10.60
3.70
20.80
0.10
0.00
0.50
2.00
0.10
24.20
32.50
0.00
0.00
2.30
0.00
7.40
0.00
0.00
0.70
2.90
0.10
1.70
37.40
2.10
6.90
6.90
2.60
39.10
93.50
0.00
0.00
38.40
0.00
0.10
50.20
110.70
24.20
13.00
7.40
22.90
1.20
30.20
40.10
5.20
5.20
1.20
29.40
29.40
32.30
1.50
2.30
28.30
8.50
16.30
30.50
7.20
1.20
11.80
33.30
0.00
0.00
0.00
0.10
0.10
0.00
3.80
5.70
0.80
4.00
3.90
4.30
118.40
6.20
36.70
16.80
12.90
26.30
0.90
0.00
0.60
24.20
210.90
143.40
45.90
1.30
1.00
1.20
0.30
0.30
2.30
5.10
21.90
19.80
69.40
293.20
293.20
81.20
81.20
55.20
0.00
0.00
6.00
0.00
0.00
0.00
0.00
4.20
41.60
112.50
14.80
13.40
14.20
6.10
1.90
0.00
1.60
19.10
4.30
5.00
1.50
55.10
7.20
20.60
25.80
3.00
2.00
10.40
9.70
27.20
6.60
2.40
3.40
0.60
1.00
0.20
0.00
1.80
2.80
49.10
28.10
13.10
1.50
0.00
0.80
6.80
4.20
9.70
11.60
3.90
7.30
23.20
6.90
1.20
6.50
2.00
0.10
8.70
9.70
9.00
11.40
30.10
2.50
10.00
23.60
12.90
0.70
0.00
1.00
2.30
11.30
19.30
20.30
36.70
0.00
33.10
47.60
9.30
122.20
122.20
5.10
0.10
0.30
0.20
3.20
27.50
28.70
6.00
0.00
0.00
0.00
0.00
0.30
0.70
0.00
3.20
0.00
0.50
0.30
3.40
0.20
0.00
0.50
24.00
92.30
