20160101
0.00
0.00
0.00
0.00
0.00
0.00
0.00
0.00
0.00
0.00
0.00
0.00
0.00
0.00
0.00
0.00
0.00
0.00
104.00
7.00
0.00
0.00
0.00
0.00
0.00
11.00
0.00
0.00
0.00
0.00
0.00
0.00
0.00
0.00
0.00
0.00
0.00
3.00
15.00
0.00
0.00
0.00
0.00
0.00
0.00
0.00
0.00
0.00
0.00
0.00
13.00
0.00
0.00
0.00
0.00
0.00
3.00
0.00
0.00
0.00
0.00
0.00
0.00
0.00
0.00
3.00
0.00
0.00
0.00
0.00
0.00
0.00
8.00
17.00
0.00
0.00
0.00
0.00
0.00
1.00
0.00
0.00
0.00
0.00
0.00
0.00
76.00
138.00
0.00
14.00
453.00
23.00
0.00
0.00
0.00
378.00
0.00
3.00
0.00
0.00
0.00
0.00
0.00
0.00
0.00
0.00
7.00
41.00
51.00
0.00
5.00
0.00
0.00
0.00
0.00
0.00
10.00
127.00
85.00
6.00
7.00
83.00
3.00
20.00
158.00
7.00
15.00
287.00
13.00
1.00
250.00
14.00
103.00
91.00
314.00
237.00
17.00
70.00
285.00
47.00
27.00
18.00
0.00
0.00
241.00
56.00
0.00
60.00
0.00
1.00
4.00
13.00
0.00
59.00
0.00
0.00
0.00
12.00
26.00
0.00
9.00
0.00
145.00
26.00
0.00
95.00
889.00
502.00
24.00
0.00
22.00
7.00
295.00
52.00
975.00
305.00
131.00
118.00
63.00
5.00
10.00
90.00
249.00
204.00
217.00
170.00
152.00
10.00
4.00
76.00
30.00
67.00
45.00
23.00
36.00
18.00
11.00
183.00
187.00
199.00
146.00
245.00
389.00
33.00
124.00
59.00
320.00
29.00
32.00
129.00
215.00
61.00
70.00
376.00
349.00
4.00
34.00
50.00
21.00
21.00
78.00
32.00
133.00
54.00
1.00
17.00
87.00
85.00
20.00
83.00
1.00
0.00
9.00
40.00
0.00
31.00
6.00
170.00
5.00
0.00
120.00
16.00
4.00
222.00
15.00
637.00
11.00
24.00
0.00
0.00
0.00
0.00
0.00
8.00
52.00
29.00
74.00
47.00
7.00
20.00
89.00
110.00
160.00
0.00
320.00
76.00
125.00
37.00
581.00
6.00
0.00
37.00
374.00
4.00
1.00
0.00
2.00
0.00
32.00
30.00
30.00
20.00
358.00
133.00
141.00
61.00
0.00
0.00
0.00
0.00
0.00
0.00
0.00
0.00
0.00
0.00
0.00
0.00
0.00
0.00
33.00
0.00
0.00
0.00
0.00
0.00
0.00
0.00
9.00
0.00
0.00
0.00
0.00
0.00
0.00
0.00
0.00
0.00
0.00
0.00
0.00
0.00
0.00
0.00
0.00
0.00
0.00
0.00
0.00
0.00
0.00
0.00
0.00
0.00
0.00
0.00
0.00
0.00
0.00
0.00
0.00
0.00
0.00
0.00
0.00
0.00
0.00
0.00
0.00
0.00
0.00
0.00
0.00
0.00
0.00
0.00
0.00
0.00
0.00
0.00
172.00
0.00
0.00
0.00
0.00
0.00
0.00
0.00
0.00
0.00
0.00
0.00
0.00
0.00
0.00
179.00
0.00
0.00
0.00
0.00
0.00
0.00
0.00
0.00
0.00
0.00
0.00
0.00
0.00
0.00
0.00
21.00
37.00
32.00
0.00
0.00
0.00
0.00
0.00
0.00
0.00
0.00
0.00
0.00
0.00
0.00
0.00
0.00
0.00
0.00
0.00
0.00
0.00
0.00
0.00
0.00
0.00
0.00
0.00
0.00
0.00
0.00
0.00
0.00
0.00
0.00
0.00
0.00
3.00
0.00
0.00
0.00
61.00
0.00
218.00
9.00
0.00
0.00
0.00
0.00
0.00
4.00
229.00
30.00
196.00
0.00
0.00
0.00
0.00
306.00
0.00
59.00
510.00
8.00
0.00
43.00
318.00
122.00
299.00
0.00
161.00
2.00
11.00
28.00
0.00
0.00
0.00
0.00
0.00
0.00
839.00
0.00
0.00
13.00
610.00
131.00
636.00
638.00
6.00
166.00
1.00
0.00
0.00
559.00
0.00
753.00
2.00
0.00
418.00
182.00
18.00
73.00
0.00
42.00
1243.00
9.00
68.00
4.00
24.00
498.00
365.00
0.00
39.00
550.00
13.00
41.00
57.00
274.00
0.00
0.00
130.00
233.00
1.00
4.00
108.00
48.00
121.00
27.00
134.00
73.00
24.00
200.00
0.00
41.00
119.00
73.00
0.00
23.00
714.00
55.00
257.00
5.00
365.00
21.00
750.00
257.00
38.00
11.00
174.00
28.00
15.00
0.00
22.00
21.00
41.00
33.00
199.00
768.00
82.00
425.00
143.00
59.00
4.00
29.00
47.00
346.00
169.00
119.00
95.00
7.00
15.00
45.00
117.00
48.00
192.00
115.00
3.00
5.00
93.00
269.00
45.00
199.00
6.00
9.00
22.00
487.00
40.00
31.00
50.00
27.00
12.00
46.00
92.00
79.00
40.00
24.00
594.00
581.00
1532.00
420.00
137.00
137.00
32.00
17.00
72.00
22.00
57.00
73.00
45.00
189.00
88.00
2.00
1.00
465.00
160.00
19.00
0.00
11.00
62.00
38.00
141.00
38.00
4.00
2.00
3.00
13.00
92.00
102.00
808.00
149.00
70.00
21.00
65.00
7.00
63.00
398.00
69.00
226.00
245.00
0.00
1.00
89.00
29.00
1.00
3.00
25.00
172.00
494.00
463.00
137.00
219.00
53.00
0.00
0.00
2.00
42.00
125.00
3.00
0.00
0.00
45.00
243.00
52.00
6.00
0.00
0.00
19.00
2.00
772.00
1037.00
0.00
0.00
0.00
0.00
0.00
0.00
0.00
0.00
138.00
0.00
0.00
0.00
0.00
0.00
0.00
0.00
0.00
0.00
0.00
0.00
0.00
0.00
0.00
0.00
20.00
70.00
0.00
0.00
0.00
0.00
0.00
0.00
0.00
0.00
0.00
0.00
0.00
0.00
0.00
0.00
0.00
0.00
0.00
0.00
0.00
0.00
0.00
0.00
1.00
0.00
0.00
0.00
0.00
0.00
0.00
0.00
0.00
0.00
0.00
0.00
0.00
0.00
0.00
0.00
0.00
0.00
0.00
0.00
0.00
0.00
0.00
0.00
0.00
0.00
0.00
0.00
0.00
0.00
0.00
0.00
0.00
0.00
0.00
0.00
0.00
0.00
0.00
0.00
0.00
0.00
0.00
0.00
0.00
0.00
0.00
0.00
0.00
0.00
0.00
0.00
0.00
0.00
0.00
0.00
0.00
0.00
1.00
3.00
244.00
4.00
3.00
49.00
28.00
103.00
181.00
129.00
0.00
0.00
0.00
0.00
0.00
0.00
0.00
0.00
0.00
0.00
84.00
6.00
0.00
0.00
0.00
0.00
0.00
0.00
1.00
0.00
0.00
0.00
0.00
0.00
0.00
4.00
1.00
0.00
0.00
0.00
8.00
0.00
0.00
0.00
0.00
0.00
0.00
0.00
0.00
0.00
0.00
0.00
392.00
784.00
125.00
1.00
4.00
0.00
0.00
78.00
0.00
7.00
50.00
675.00
0.00
47.00
75.00
0.00
20.00
0.00
0.00
131.00
0.00
0.00
10.00
3.00
0.00
0.00
47.00
43.00
4.00
0.00
11.00
17.00
118.00
2.00
146.00
26.00
315.00
0.00
111.00
127.00
25.00
215.00
164.00
19.00
255.00
2.00
0.00
189.00
4.00
0.00
0.00
0.00
0.00
0.00
0.00
0.00
59.00
410.00
72.00
113.00
88.00
0.00
16.00
3.00
45.00
0.00
0.00
8.00
118.00
6.00
31.00
9.00
72.00
436.00
66.00
11.00
346.00
706.00
106.00
46.00
22.00
22.00
50.00
0.00
8.00
0.00
28.00
17.00
26.00
1.00
8.00
8.00
0.00
11.00
363.00
521.00
91.00
5.00
0.00
0.00
2.00
1.00
0.00
7.00
8.00
74.00
36.00
55.00
54.00
6.00
14.00
28.00
78.00
236.00
40.00
16.00
38.00
123.00
3.00
27.00
29.00
127.00
34.00
43.00
83.00
809.00
230.00
4.00
23.00
148.00
115.00
33.00
4.00
29.00
3.00
55.00
93.00
50.00
64.00
456.00
59.00
98.00
13.00
197.00
94.00
42.00
47.00
265.00
212.00
20.00
17.00
144.00
23.00
2.00
15.00
42.00
14.00
117.00
62.00
149.00
125.00
0.00
0.00
5.00
2.00
208.00
480.00
452.00
142.00
120.00
1.00
0.00
0.00
1.00
6.00
30.00
3.00
0.00
9.00
28.00
10.00
27.00
8.00
104.00
0.00
0.00
0.00
0.00
0.00
0.00
0.00
0.00
0.00
0.00
0.00
6.00
394.00
61.00
0.00
0.00
0.00
0.00
0.00
0.00
0.00
0.00
0.00
0.00
0.00
0.00
0.00
0.00
0.00
3.00
0.00
0.00
0.00
0.00
0.00
0.00
21.00
0.00
0.00
0.00
0.00
0.00
0.00
0.00
0.00
0.00
0.00
0.00
0.00
0.00
0.00
0.00
0.00
0.00
0.00
0.00
0.00
0.00
0.00
0.00
0.00
0.00
0.00
0.00
0.00
0.00
0.00
20.00
0.00
0.00
0.00
0.00
0.00
0.00
0.00
0.00
0.00
0.00
4.00
260.00
806.00
0.00
0.00
0.00
0.00
0.00
0.00
0.00
0.00
0.00
0.00
0.00
0.00
0.00
0.00
0.00
0.00
0.00
4.00
0.00
0.00
0.00
0.00
0.00
0.00
0.00
0.00
0.00
0.00
0.00
0.00
0.00
0.00
0.00
0.00
0.00
0.00
0.00
0.00
13.00
13.00
0.00
0.00
0.00
0.00
0.00
0.00
0.00
0.00
0.00
0.00
0.00
40.00
1.00
0.00
0.00
1.00
0.00
1.00
7.00
12.00
0.00
0.00
0.00
0.00
0.00
0.00
0.00
0.70
3.40
0.00
18.50
19.80
0.00
0.00
0.00
0.00
0.00
0.00
0.00
0.00
0.00
0.00
0.00
0.00
0.00
0.10
1.40
0.00
0.00
6.00
0.00
0.00
0.00
0.00
0.00
0.00
0.00
19.80
0.00
0.00
49.50
9.40
83.10
5.60
6.00
0.00
4.70
92.70
11.50
8.30
21.80
25.70
0.00
0.00
0.50
5.30
11.90
40.80
42.70
0.00
0.00
0.00
0.00
2.40
0.00
0.00
0.00
0.00
0.70
0.00
40.80
0.20
9.20
9.20
2.80
72.40
92.60
0.00
0.10
0.30
0.00
0.10
0.10
118.20
25.40
17.80
8.80
12.70
2.70
24.50
42.00
15.10
15.10
8.90
43.30
43.30
18.60
1.00
2.30
72.60
3.40
15.30
39.20
13.30
19.40
17.20
7.70
0.00
0.10
0.00
0.00
0.00
0.00
9.50
19.30
1.20
5.70
9.60
11.60
191.20
1.00
0.00
8.50
8.40
3.20
0.50
0.00
0.00
65.30
88.40
78.30
10.80
1.10
0.00
2.70
0.30
0.00
3.50
2.80
21.80
16.70
31.20
138.40
138.40
80.30
80.30
26.20
1.00
1.00
3.20
0.30
1.00
1.00
1.00
12.20
27.90
193.50
22.10
3.60
14.90
8.90
1.50
2.70
7.30
6.00
2.90
3.70
0.90
23.20
87.20
27.70
29.00
7.60
1.50
9.40
6.80
38.40
11.20
17.10
6.80
15.80
0.30
0.00
0.00
0.60
0.50
24.30
20.20
5.90
0.90
0.00
0.00
28.70
3.80
5.60
16.00
0.60
11.10
9.30
7.80
0.70
1.90
2.70
0.10
9.80
17.10
6.00
2.30
5.00
1.90
30.80
11.30
1.80
0.00
0.00
6.10
0.40
17.00
16.60
37.80
34.90
0.00
6.90
33.40
32.50
100.10
100.10
0.00
0.00
0.00
1.50
0.50
51.40
30.20
2.70
0.00
0.00
0.00
0.00
0.00
0.00
0.00
0.00
0.00
0.00
0.00
3.20
0.20
0.00
0.20
21.30
72.50
