20160101
0.00
0.00
0.00
0.00
0.00
0.00
0.00
0.00
0.00
0.00
0.00
0.00
2.00
0.00
0.00
0.00
0.00
0.00
3.00
11.00
0.00
0.00
0.00
0.00
0.00
0.00
0.00
0.00
0.00
0.00
0.00
0.00
0.00
0.00
0.00
0.00
0.00
0.00
0.00
0.00
0.00
0.00
0.00
0.00
0.00
0.00
0.00
0.00
0.00
0.00
3.00
0.00
0.00
0.00
0.00
0.00
8.00
0.00
0.00
2.00
0.00
0.00
0.00
0.00
0.00
8.00
0.00
0.00
0.00
0.00
0.00
0.00
0.00
2.00
0.00
0.00
0.00
0.00
7.00
7.00
0.00
0.00
0.00
0.00
0.00
0.00
286.00
265.00
14.00
17.00
216.00
1.00
0.00
5.00
49.00
360.00
36.00
157.00
0.00
115.00
0.00
0.00
0.00
158.00
224.00
75.00
196.00
290.00
256.00
71.00
93.00
59.00
8.00
10.00
0.00
59.00
618.00
128.00
86.00
54.00
25.00
2.00
0.00
53.00
112.00
182.00
39.00
381.00
7.00
21.00
44.00
10.00
110.00
92.00
38.00
808.00
9.00
486.00
182.00
49.00
95.00
311.00
2.00
0.00
8.00
8.00
0.00
71.00
8.00
13.00
6.00
79.00
0.00
0.00
118.00
6.00
0.00
455.00
5.00
162.00
52.00
98.00
7.00
2.00
9.00
225.00
365.00
175.00
53.00
10.00
215.00
162.00
220.00
415.00
529.00
198.00
1.00
60.00
117.00
12.00
63.00
20.00
31.00
0.00
345.00
159.00
43.00
8.00
14.00
310.00
59.00
16.00
5.00
5.00
79.00
147.00
23.00
315.00
205.00
754.00
552.00
1304.00
461.00
135.00
151.00
114.00
561.00
14.00
5.00
65.00
154.00
155.00
131.00
14.00
40.00
21.00
231.00
164.00
12.00
79.00
106.00
81.00
101.00
42.00
403.00
87.00
43.00
135.00
13.00
59.00
4.00
0.00
0.00
10.00
0.00
12.00
0.00
377.00
9.00
0.00
45.00
1.00
290.00
430.00
1188.00
1307.00
105.00
52.00
3.00
70.00
1.00
8.00
2.00
56.00
220.00
21.00
19.00
0.00
4.00
0.00
28.00
0.00
3.00
14.00
19.00
85.00
116.00
7.00
175.00
157.00
0.00
2.00
53.00
0.00
3.00
169.00
2.00
0.00
87.00
9.00
4.00
517.00
720.00
660.00
106.00
13.00
0.00
0.00
0.00
0.00
0.00
0.00
0.00
0.00
0.00
0.00
0.00
0.00
0.00
8.00
91.00
0.00
0.00
0.00
0.00
0.00
0.00
2.00
6.00
96.00
0.00
0.00
0.00
0.00
0.00
0.00
0.00
0.00
0.00
0.00
0.00
0.00
0.00
0.00
0.00
0.00
0.00
0.00
0.00
0.00
0.00
0.00
0.00
0.00
0.00
20.00
0.00
0.00
0.00
0.00
0.00
0.00
0.00
0.00
0.00
0.00
0.00
0.00
0.00
0.00
0.00
0.00
0.00
0.00
0.00
0.00
0.00
0.00
0.00
0.00
0.00
0.00
0.00
0.00
0.00
0.00
0.00
0.00
0.00
0.00
0.00
0.00
0.00
0.00
0.00
0.00
0.00
0.00
0.00
0.00
0.00
0.00
0.00
0.00
0.00
0.00
0.00
0.00
0.00
0.00
0.00
4.00
1.00
0.00
0.00
0.00
0.00
0.00
0.00
0.00
0.00
0.00
0.00
0.00
0.00
0.00
0.00
0.00
0.00
0.00
0.00
0.00
0.00
0.00
0.00
0.00
9.00
0.00
47.00
0.00
0.00
0.00
0.00
0.00
0.00
0.00
0.00
0.00
5.00
0.00
0.00
0.00
150.00
0.00
102.00
0.00
0.00
0.00
0.00
0.00
0.00
1.00
291.00
5.00
64.00
0.00
0.00
0.00
0.00
265.00
26.00
4.00
0.00
124.00
129.00
402.00
681.00
935.00
774.00
0.00
35.00
0.00
103.00
27.00
0.00
0.00
0.00
0.00
0.00
0.00
379.00
12.00
0.00
0.00
366.00
152.00
262.00
417.00
0.00
116.00
89.00
90.00
0.00
428.00
15.00
347.00
30.00
0.00
136.00
330.00
523.00
509.00
8.00
11.00
56.00
0.00
13.00
72.00
8.00
127.00
378.00
11.00
3.00
404.00
56.00
208.00
133.00
162.00
226.00
143.00
248.00
189.00
0.00
12.00
85.00
227.00
72.00
232.00
316.00
85.00
0.00
2.00
1.00
17.00
37.00
74.00
198.00
188.00
1082.00
653.00
95.00
13.00
279.00
63.00
162.00
306.00
0.00
416.00
499.00
55.00
260.00
8.00
33.00
25.00
49.00
46.00
1072.00
486.00
48.00
453.00
194.00
43.00
67.00
26.00
192.00
216.00
212.00
100.00
57.00
48.00
102.00
114.00
60.00
2.00
264.00
92.00
4.00
73.00
234.00
18.00
13.00
9.00
0.00
25.00
24.00
54.00
23.00
0.00
78.00
39.00
127.00
63.00
80.00
48.00
240.00
156.00
279.00
1606.00
1030.00
1112.00
633.00
365.00
94.00
3.00
123.00
40.00
0.00
44.00
126.00
293.00
129.00
17.00
44.00
197.00
178.00
30.00
0.00
3.00
74.00
157.00
637.00
65.00
56.00
5.00
0.00
7.00
633.00
1735.00
21.00
13.00
0.00
0.00
155.00
6.00
0.00
361.00
142.00
375.00
153.00
85.00
4.00
35.00
39.00
0.00
1.00
84.00
515.00
263.00
206.00
29.00
33.00
3.00
6.00
3.00
30.00
14.00
9.00
1.00
31.00
0.00
91.00
207.00
396.00
0.00
0.00
0.00
0.00
278.00
720.00
1327.00
0.00
0.00
0.00
0.00
0.00
0.00
0.00
1.00
35.00
0.00
0.00
0.00
0.00
0.00
3.00
0.00
0.00
0.00
0.00
0.00
0.00
0.00
0.00
0.00
181.00
108.00
2.00
0.00
0.00
0.00
0.00
0.00
0.00
0.00
5.00
1.00
0.00
0.00
0.00
0.00
0.00
0.00
0.00
0.00
0.00
0.00
7.00
2.00
219.00
1.00
0.00
0.00
0.00
0.00
0.00
0.00
0.00
0.00
35.00
0.00
0.00
0.00
0.00
0.00
0.00
0.00
0.00
0.00
0.00
0.00
0.00
49.00
3.00
0.00
0.00
0.00
0.00
0.00
0.00
0.00
0.00
0.00
0.00
0.00
0.00
0.00
0.00
0.00
0.00
0.00
0.00
0.00
0.00
0.00
0.00
0.00
0.00
0.00
0.00
0.00
0.00
0.00
0.00
0.00
0.00
0.00
0.00
0.00
123.00
19.00
35.00
13.00
70.00
0.00
0.00
0.00
0.00
0.00
0.00
0.00
0.00
2.00
0.00
0.00
0.00
0.00
457.00
206.00
0.00
0.00
0.00
0.00
0.00
0.00
0.00
0.00
0.00
0.00
0.00
0.00
0.00
17.00
22.00
0.00
0.00
38.00
0.00
0.00
0.00
0.00
0.00
0.00
0.00
77.00
1.00
0.00
0.00
181.00
716.00
323.00
390.00
0.00
4.00
137.00
0.00
352.00
1.00
79.00
81.00
148.00
0.00
83.00
56.00
217.00
113.00
1.00
0.00
0.00
2.00
1.00
93.00
120.00
0.00
0.00
48.00
0.00
60.00
3.00
68.00
3.00
153.00
93.00
297.00
0.00
195.00
3.00
208.00
238.00
83.00
221.00
102.00
161.00
2.00
9.00
0.00
154.00
0.00
0.00
0.00
0.00
0.00
0.00
6.00
105.00
90.00
311.00
225.00
38.00
158.00
0.00
26.00
25.00
8.00
0.00
27.00
15.00
164.00
10.00
0.00
3.00
125.00
101.00
3.00
144.00
322.00
796.00
213.00
26.00
154.00
183.00
16.00
5.00
86.00
146.00
672.00
114.00
23.00
52.00
4.00
8.00
153.00
203.00
380.00
612.00
336.00
109.00
8.00
0.00
25.00
6.00
5.00
0.00
12.00
15.00
44.00
81.00
35.00
91.00
13.00
18.00
2.00
180.00
87.00
6.00
59.00
184.00
260.00
41.00
322.00
258.00
127.00
110.00
66.00
160.00
210.00
0.00
26.00
45.00
29.00
200.00
43.00
58.00
17.00
168.00
175.00
65.00
35.00
759.00
11.00
9.00
7.00
9.00
38.00
32.00
16.00
87.00
328.00
152.00
184.00
17.00
25.00
10.00
49.00
0.00
71.00
693.00
155.00
206.00
60.00
0.00
0.00
0.00
11.00
633.00
524.00
815.00
169.00
6.00
0.00
5.00
0.00
0.00
18.00
44.00
0.00
0.00
0.00
32.00
9.00
3.00
0.00
6.00
10.00
0.00
0.00
0.00
0.00
0.00
0.00
0.00
0.00
0.00
0.00
19.00
20.00
36.00
30.00
0.00
0.00
0.00
0.00
0.00
0.00
0.00
0.00
0.00
0.00
0.00
0.00
0.00
2.00
1.00
5.00
3.00
0.00
0.00
0.00
0.00
0.00
2.00
0.00
0.00
0.00
0.00
0.00
0.00
0.00
0.00
0.00
0.00
0.00
0.00
0.00
0.00
0.00
0.00
0.00
2.00
0.00
0.00
0.00
0.00
0.00
0.00
0.00
0.00
0.00
0.00
0.00
19.00
0.00
0.00
0.00
0.00
0.00
0.00
0.00
0.00
0.00
0.00
0.00
68.00
309.00
0.00
0.00
0.00
0.00
0.00
0.00
0.00
0.00
0.00
0.00
0.00
0.00
0.00
0.00
0.00
0.00
0.00
0.00
0.00
0.00
0.00
0.00
0.00
0.00
0.00
0.00
0.00
0.00
0.00
0.00
0.00
0.00
0.00
0.00
0.00
0.00
0.00
0.00
0.00
0.00
0.00
0.00
0.00
0.00
1.00
0.00
0.00
0.00
0.00
0.00
0.00
20.00
1.00
0.00
0.00
0.00
0.00
0.00
2.00
16.00
0.00
0.00
0.00
0.00
0.00
0.00
0.00
1.90
19.30
3.40
67.10
5.10
0.00
0.00
0.00
1.20
0.00
0.00
0.00
0.00
0.00
0.00
0.00
0.00
0.00
0.00
0.00
0.00
0.00
1.20
0.10
0.00
0.50
3.40
0.00
0.00
0.00
2.10
15.10
0.00
15.40
13.80
159.60
4.80
25.30
0.00
7.20
8.50
20.00
2.20
2.60
45.80
0.00
0.00
0.00
0.00
0.80
18.10
18.60
0.00
0.00
0.10
3.30
25.20
0.20
0.00
0.00
0.00
0.20
4.30
37.50
15.20
13.40
13.40
5.40
54.80
76.20
0.90
0.30
67.80
25.20
24.10
66.10
62.40
22.30
37.80
5.10
9.40
0.00
44.10
22.00
0.70
0.70
21.30
28.70
28.70
15.80
1.80
23.10
7.00
3.40
29.00
30.90
4.80
1.30
4.40
44.50
1.50
0.00
2.00
0.10
0.00
0.60
0.00
0.00
0.00
3.90
17.40
5.90
57.50
0.60
0.10
11.80
27.70
17.10
0.00
0.20
10.90
116.50
143.50
107.70
97.00
0.20
10.20
1.90
1.40
0.40
7.70
4.10
12.90
17.50
137.80
335.90
335.90
78.60
78.60
57.70
12.30
12.30
9.90
0.00
12.30
12.30
12.30
4.60
33.50
59.50
7.20
4.60
1.90
0.20
3.20
1.90
17.70
5.80
1.70
22.80
2.00
10.30
2.80
4.10
6.30
4.10
9.30
5.10
9.70
28.30
28.00
28.20
10.70
1.60
5.20
0.10
0.10
0.20
3.00
70.00
8.00
33.20
1.90
1.50
2.50
2.20
1.70
11.70
3.80
2.70
4.90
34.70
12.00
0.30
2.40
5.50
0.60
70.10
17.60
16.70
48.30
45.90
14.50
12.30
23.90
9.90
0.70
0.00
1.20
0.40
7.20
10.90
20.90
32.10
0.60
11.90
10.30
1.00
41.70
41.70
15.80
0.10
0.00
0.00
0.20
12.50
10.60
6.60
0.80
0.00
0.00
0.00
0.10
0.20
0.00
0.00
0.10
0.00
0.10
3.40
0.20
0.00
0.50
24.00
92.30
