20160101
0.00
0.00
0.00
0.00
0.00
0.00
0.00
0.00
0.00
0.00
0.00
0.00
0.00
0.00
0.00
0.00
0.00
0.00
41.00
1.00
0.00
0.00
0.00
0.00
0.00
0.00
0.00
0.00
0.00
0.00
0.00
0.00
0.00
0.00
0.00
0.00
0.00
0.00
12.00
0.00
0.00
0.00
0.00
0.00
0.00
0.00
0.00
0.00
0.00
0.00
9.00
0.00
0.00
0.00
0.00
0.00
5.00
0.00
0.00
0.00
0.00
0.00
0.00
0.00
0.00
4.00
0.00
0.00
0.00
0.00
0.00
0.00
6.00
4.00
0.00
0.00
0.00
0.00
0.00
3.00
0.00
0.00
0.00
0.00
0.00
0.00
16.00
129.00
0.00
484.00
224.00
7.00
0.00
0.00
0.00
7.00
0.00
0.00
0.00
0.00
0.00
0.00
0.00
0.00
0.00
0.00
180.00
15.00
71.00
0.00
18.00
0.00
0.00
0.00
0.00
0.00
0.00
172.00
10.00
0.00
0.00
14.00
0.00
60.00
20.00
39.00
8.00
366.00
47.00
21.00
243.00
22.00
29.00
110.00
209.00
146.00
3.00
20.00
262.00
90.00
108.00
13.00
0.00
0.00
260.00
87.00
0.00
86.00
1.00
3.00
21.00
65.00
0.00
0.00
0.00
2.00
9.00
9.00
0.00
0.00
0.00
0.00
266.00
26.00
0.00
225.00
699.00
547.00
0.00
6.00
12.00
69.00
63.00
11.00
842.00
328.00
58.00
95.00
141.00
0.00
2.00
2.00
37.00
135.00
113.00
173.00
151.00
1.00
25.00
187.00
41.00
41.00
58.00
36.00
71.00
26.00
8.00
107.00
172.00
217.00
105.00
105.00
303.00
22.00
160.00
14.00
203.00
20.00
4.00
63.00
259.00
61.00
65.00
187.00
179.00
14.00
50.00
47.00
12.00
30.00
27.00
34.00
81.00
83.00
3.00
8.00
50.00
100.00
125.00
107.00
0.00
0.00
0.00
38.00
0.00
11.00
13.00
164.00
6.00
0.00
189.00
34.00
56.00
162.00
20.00
253.00
0.00
40.00
0.00
5.00
3.00
0.00
0.00
12.00
17.00
14.00
1.00
97.00
43.00
12.00
86.00
95.00
112.00
0.00
282.00
0.00
187.00
48.00
530.00
43.00
0.00
47.00
235.00
0.00
0.00
0.00
0.00
0.00
11.00
1.00
149.00
50.00
464.00
326.00
98.00
13.00
0.00
0.00
0.00
0.00
0.00
0.00
0.00
0.00
0.00
0.00
0.00
0.00
0.00
0.00
20.00
0.00
0.00
0.00
0.00
0.00
0.00
0.00
4.00
26.00
0.00
0.00
0.00
0.00
0.00
0.00
0.00
0.00
0.00
0.00
0.00
0.00
0.00
0.00
0.00
0.00
0.00
0.00
0.00
0.00
0.00
0.00
0.00
0.00
0.00
0.00
0.00
0.00
0.00
0.00
0.00
0.00
0.00
0.00
0.00
0.00
0.00
0.00
0.00
0.00
0.00
0.00
0.00
0.00
0.00
0.00
0.00
0.00
0.00
0.00
64.00
0.00
0.00
0.00
0.00
0.00
0.00
0.00
0.00
0.00
0.00
0.00
0.00
0.00
0.00
135.00
0.00
0.00
0.00
0.00
0.00
0.00
0.00
0.00
0.00
0.00
0.00
0.00
0.00
0.00
0.00
15.00
27.00
71.00
0.00
0.00
0.00
0.00
0.00
0.00
0.00
0.00
0.00
0.00
0.00
0.00
0.00
0.00
0.00
0.00
0.00
0.00
0.00
0.00
0.00
0.00
0.00
0.00
0.00
0.00
0.00
0.00
0.00
0.00
0.00
0.00
0.00
0.00
57.00
0.00
0.00
0.00
16.00
0.00
220.00
2.00
0.00
0.00
0.00
0.00
0.00
4.00
233.00
26.00
294.00
0.00
0.00
0.00
0.00
307.00
0.00
29.00
648.00
59.00
2.00
42.00
122.00
246.00
235.00
0.00
204.00
0.00
20.00
48.00
0.00
0.00
0.00
0.00
0.00
0.00
699.00
60.00
0.00
15.00
206.00
70.00
934.00
504.00
0.00
198.00
32.00
0.00
0.00
48.00
0.00
475.00
14.00
0.00
187.00
179.00
39.00
6.00
0.00
17.00
574.00
7.00
116.00
9.00
17.00
675.00
435.00
0.00
43.00
514.00
0.00
154.00
83.00
298.00
0.00
0.00
5.00
275.00
2.00
8.00
62.00
42.00
295.00
37.00
253.00
273.00
0.00
43.00
0.00
13.00
88.00
86.00
15.00
2.00
769.00
27.00
295.00
0.00
287.00
51.00
572.00
314.00
4.00
16.00
19.00
41.00
25.00
2.00
8.00
27.00
34.00
72.00
170.00
432.00
11.00
436.00
79.00
35.00
23.00
44.00
50.00
185.00
105.00
279.00
97.00
2.00
3.00
8.00
108.00
23.00
233.00
266.00
0.00
9.00
49.00
270.00
120.00
130.00
11.00
5.00
21.00
179.00
29.00
56.00
288.00
7.00
59.00
28.00
75.00
196.00
55.00
9.00
353.00
339.00
1209.00
470.00
189.00
120.00
16.00
66.00
64.00
11.00
8.00
52.00
62.00
199.00
8.00
0.00
7.00
472.00
102.00
19.00
35.00
16.00
67.00
188.00
178.00
89.00
3.00
29.00
17.00
29.00
135.00
137.00
917.00
4.00
0.00
5.00
15.00
10.00
0.00
179.00
108.00
133.00
165.00
0.00
8.00
4.00
75.00
4.00
0.00
80.00
153.00
404.00
565.00
282.00
212.00
19.00
8.00
0.00
1.00
1.00
12.00
0.00
0.00
0.00
4.00
223.00
34.00
24.00
0.00
0.00
2.00
13.00
825.00
744.00
0.00
0.00
0.00
0.00
0.00
0.00
0.00
0.00
60.00
0.00
0.00
0.00
0.00
0.00
0.00
0.00
0.00
0.00
0.00
0.00
0.00
0.00
0.00
0.00
100.00
105.00
0.00
0.00
0.00
0.00
0.00
0.00
0.00
0.00
0.00
0.00
0.00
0.00
0.00
0.00
0.00
0.00
0.00
0.00
0.00
0.00
0.00
2.00
19.00
0.00
0.00
0.00
0.00
0.00
0.00
0.00
0.00
0.00
5.00
0.00
0.00
0.00
0.00
0.00
0.00
0.00
0.00
0.00
0.00
0.00
0.00
4.00
0.00
0.00
0.00
0.00
0.00
0.00
0.00
0.00
0.00
0.00
0.00
0.00
0.00
0.00
0.00
0.00
0.00
0.00
0.00
0.00
0.00
0.00
0.00
0.00
0.00
0.00
0.00
0.00
0.00
0.00
0.00
0.00
0.00
0.00
0.00
7.00
445.00
17.00
0.00
8.00
25.00
105.00
318.00
188.00
0.00
0.00
0.00
0.00
0.00
0.00
0.00
0.00
0.00
0.00
219.00
34.00
0.00
0.00
0.00
0.00
0.00
0.00
0.00
0.00
0.00
0.00
0.00
0.00
0.00
6.00
0.00
0.00
0.00
9.00
0.00
0.00
0.00
0.00
0.00
0.00
0.00
0.00
0.00
0.00
0.00
9.00
251.00
545.00
102.00
6.00
4.00
0.00
0.00
92.00
1.00
10.00
26.00
418.00
0.00
31.00
32.00
0.00
3.00
0.00
71.00
159.00
7.00
10.00
0.00
4.00
0.00
0.00
11.00
45.00
3.00
0.00
33.00
53.00
163.00
40.00
63.00
111.00
433.00
0.00
184.00
151.00
0.00
189.00
109.00
0.00
17.00
1.00
0.00
127.00
3.00
0.00
0.00
0.00
0.00
0.00
16.00
18.00
174.00
232.00
19.00
57.00
109.00
0.00
18.00
19.00
75.00
0.00
3.00
0.00
0.00
0.00
66.00
7.00
0.00
43.00
38.00
15.00
23.00
200.00
53.00
102.00
25.00
51.00
97.00
1.00
0.00
0.00
3.00
5.00
15.00
0.00
3.00
30.00
10.00
6.00
366.00
383.00
89.00
5.00
0.00
0.00
7.00
0.00
5.00
1.00
7.00
52.00
22.00
18.00
22.00
0.00
2.00
7.00
18.00
214.00
27.00
36.00
61.00
161.00
28.00
88.00
63.00
141.00
62.00
17.00
158.00
539.00
177.00
7.00
9.00
208.00
44.00
24.00
3.00
5.00
2.00
18.00
28.00
45.00
31.00
598.00
45.00
15.00
0.00
171.00
192.00
88.00
12.00
698.00
296.00
30.00
14.00
65.00
111.00
5.00
4.00
32.00
49.00
125.00
168.00
186.00
67.00
0.00
0.00
0.00
2.00
62.00
310.00
392.00
206.00
91.00
1.00
0.00
0.00
0.00
10.00
53.00
0.00
0.00
7.00
22.00
22.00
49.00
1.00
148.00
0.00
0.00
0.00
0.00
0.00
0.00
0.00
0.00
0.00
0.00
0.00
3.00
430.00
46.00
20.00
0.00
0.00
0.00
0.00
0.00
0.00
0.00
0.00
0.00
0.00
0.00
0.00
0.00
0.00
0.00
0.00
0.00
0.00
0.00
0.00
0.00
0.00
0.00
0.00
0.00
0.00
0.00
0.00
0.00
0.00
0.00
0.00
0.00
0.00
0.00
0.00
0.00
0.00
0.00
0.00
0.00
0.00
0.00
0.00
0.00
0.00
0.00
0.00
0.00
0.00
0.00
0.00
17.00
6.00
0.00
0.00
0.00
0.00
0.00
0.00
0.00
0.00
0.00
0.00
118.00
835.00
0.00
0.00
0.00
0.00
0.00
0.00
0.00
0.00
0.00
0.00
0.00
0.00
0.00
0.00
0.00
0.00
0.00
16.00
0.00
0.00
0.00
0.00
0.00
0.00
0.00
0.00
0.00
0.00
0.00
0.00
0.00
0.00
0.00
0.00
0.00
0.00
0.00
0.00
0.00
0.00
0.00
0.00
0.00
0.00
0.00
0.00
0.00
0.00
0.00
0.00
0.00
24.00
0.00
0.00
0.00
1.00
0.00
0.00
6.00
7.00
0.00
0.00
0.00
0.00
0.00
0.00
0.00
1.30
3.80
0.00
24.10
8.10
0.00
0.00
0.00
0.00
0.00
0.00
0.00
0.00
0.00
0.00
0.00
0.00
0.00
0.30
1.80
0.00
0.50
4.50
0.00
0.00
0.00
0.00
0.00
0.00
0.00
16.60
0.00
0.00
56.90
6.50
71.70
2.00
12.40
0.00
8.00
37.90
9.20
2.50
1.70
22.40
0.00
0.00
0.00
6.40
4.20
36.20
22.00
0.00
0.00
0.00
0.00
2.60
0.00
0.00
0.00
0.00
5.20
0.10
17.80
0.00
11.50
11.50
2.90
67.30
61.20
0.00
0.00
0.00
0.00
0.00
3.30
55.60
6.30
9.10
2.60
30.70
0.00
18.60
32.90
10.00
10.00
3.90
35.20
35.20
18.20
0.40
2.10
61.80
2.70
6.90
43.80
17.60
19.40
21.30
22.30
0.00
0.10
0.00
0.00
0.00
0.00
1.50
25.60
4.20
6.60
6.20
15.90
88.90
3.50
0.00
6.30
11.10
2.70
0.00
0.10
0.00
28.20
96.10
68.80
11.90
0.00
0.50
15.70
0.40
0.00
3.40
1.90
19.50
15.40
42.70
212.00
212.00
48.00
48.00
29.40
0.30
0.30
4.10
0.00
0.30
0.30
0.30
0.10
26.20
101.20
19.70
1.90
13.20
8.00
0.30
4.50
7.40
4.50
1.80
2.80
0.70
17.00
12.30
14.30
12.50
8.60
0.30
2.10
12.60
50.00
24.80
13.30
13.40
14.20
1.40
0.00
0.00
0.00
0.00
42.20
10.80
3.30
0.70
0.00
0.00
6.90
1.20
6.90
8.30
2.80
8.80
7.80
7.60
0.80
1.30
2.50
1.80
13.70
14.80
0.80
1.00
31.00
2.10
32.90
35.40
19.40
0.00
0.00
1.20
0.10
13.60
16.10
24.10
23.30
0.00
2.50
22.60
19.40
131.00
131.00
0.00
0.00
0.00
2.60
2.00
47.20
30.90
4.60
0.00
0.00
0.00
0.00
0.00
0.00
0.00
0.00
0.00
0.00
0.00
0.10
0.10
0.00
0.30
22.00
120.00
