20160101
0.00
0.00
0.00
0.00
0.00
0.00
0.00
0.00
16.00
0.00
0.00
0.00
3.00
0.00
0.00
0.00
0.00
0.00
0.00
83.00
0.00
0.00
0.00
0.00
0.00
8.00
22.00
0.00
0.00
0.00
0.00
0.00
0.00
0.00
0.00
0.00
5.00
2.00
2.00
0.00
0.00
0.00
0.00
0.00
0.00
0.00
0.00
0.00
0.00
0.00
1.00
1.00
0.00
0.00
0.00
0.00
7.00
1.00
1.00
1.00
0.00
0.00
8.00
12.00
2.00
41.00
0.00
0.00
0.00
0.00
0.00
0.00
39.00
14.00
0.00
0.00
0.00
0.00
104.00
4.00
0.00
0.00
12.00
0.00
0.00
0.00
174.00
200.00
2.00
35.00
218.00
11.00
0.00
1.00
13.00
204.00
6.00
106.00
6.00
21.00
0.00
0.00
0.00
41.00
244.00
38.00
410.00
144.00
87.00
106.00
164.00
4.00
15.00
373.00
100.00
16.00
195.00
105.00
266.00
23.00
194.00
217.00
81.00
46.00
15.00
7.00
160.00
37.00
4.00
23.00
32.00
112.00
63.00
125.00
17.00
313.00
163.00
282.00
218.00
35.00
30.00
443.00
3.00
0.00
168.00
8.00
19.00
1.00
8.00
11.00
2.00
179.00
26.00
0.00
0.00
144.00
31.00
239.00
172.00
22.00
42.00
32.00
13.00
1.00
14.00
21.00
184.00
89.00
61.00
1.00
0.00
11.00
35.00
263.00
199.00
1.00
81.00
27.00
140.00
9.00
33.00
55.00
10.00
219.00
51.00
81.00
8.00
11.00
100.00
44.00
178.00
52.00
54.00
0.00
0.00
7.00
8.00
81.00
17.00
32.00
61.00
196.00
85.00
70.00
30.00
45.00
234.00
43.00
48.00
112.00
16.00
86.00
19.00
4.00
1.00
13.00
212.00
187.00
51.00
12.00
131.00
7.00
35.00
4.00
28.00
44.00
265.00
125.00
66.00
13.00
2.00
0.00
12.00
87.00
0.00
2.00
0.00
139.00
11.00
11.00
148.00
17.00
38.00
96.00
138.00
107.00
28.00
15.00
66.00
64.00
2.00
2.00
16.00
134.00
185.00
10.00
103.00
87.00
146.00
55.00
200.00
109.00
107.00
123.00
178.00
166.00
14.00
9.00
66.00
49.00
18.00
171.00
0.00
48.00
4.00
294.00
0.00
0.00
9.00
122.00
12.00
78.00
43.00
112.00
36.00
174.00
0.00
0.00
0.00
0.00
0.00
0.00
0.00
0.00
0.00
0.00
0.00
0.00
0.00
0.00
111.00
0.00
0.00
0.00
0.00
0.00
0.00
70.00
35.00
345.00
50.00
0.00
0.00
0.00
0.00
0.00
0.00
0.00
0.00
0.00
0.00
0.00
0.00
0.00
0.00
0.00
0.00
0.00
0.00
0.00
0.00
0.00
0.00
0.00
0.00
19.00
0.00
0.00
0.00
0.00
0.00
0.00
0.00
0.00
0.00
0.00
0.00
0.00
0.00
0.00
0.00
0.00
0.00
0.00
0.00
0.00
0.00
0.00
0.00
0.00
0.00
0.00
0.00
0.00
0.00
0.00
0.00
0.00
0.00
172.00
0.00
0.00
0.00
0.00
0.00
24.00
0.00
0.00
0.00
0.00
0.00
0.00
0.00
0.00
0.00
0.00
0.00
0.00
0.00
0.00
0.00
0.00
27.00
3.00
0.00
0.00
0.00
0.00
0.00
0.00
0.00
0.00
0.00
0.00
0.00
0.00
0.00
0.00
0.00
0.00
0.00
0.00
0.00
0.00
0.00
0.00
0.00
0.00
0.00
0.00
0.00
0.00
0.00
0.00
0.00
0.00
0.00
0.00
2.00
21.00
0.00
0.00
139.00
0.00
276.00
7.00
0.00
0.00
0.00
0.00
0.00
0.00
208.00
46.00
155.00
0.00
0.00
0.00
0.00
60.00
91.00
10.00
45.00
129.00
230.00
387.00
559.00
656.00
1212.00
169.00
0.00
1.00
54.00
13.00
10.00
0.00
0.00
0.00
1.00
42.00
220.00
0.00
0.00
0.00
153.00
40.00
48.00
2.00
0.00
0.00
59.00
123.00
35.00
90.00
12.00
227.00
6.00
23.00
25.00
20.00
166.00
232.00
3.00
29.00
10.00
13.00
41.00
130.00
90.00
31.00
85.00
15.00
0.00
58.00
55.00
92.00
34.00
76.00
13.00
118.00
311.00
150.00
14.00
4.00
124.00
584.00
4.00
203.00
364.00
27.00
0.00
23.00
29.00
17.00
57.00
143.00
196.00
501.00
320.00
54.00
47.00
1.00
217.00
464.00
220.00
42.00
0.00
205.00
136.00
56.00
138.00
47.00
72.00
24.00
33.00
31.00
204.00
23.00
4.00
6.00
89.00
175.00
5.00
9.00
61.00
115.00
115.00
50.00
28.00
0.00
6.00
230.00
53.00
4.00
66.00
128.00
11.00
338.00
84.00
137.00
8.00
51.00
23.00
18.00
67.00
42.00
69.00
44.00
16.00
3.00
113.00
188.00
46.00
21.00
15.00
22.00
20.00
679.00
849.00
788.00
250.00
16.00
2.00
12.00
314.00
133.00
2.00
102.00
29.00
5.00
1.00
1.00
51.00
203.00
34.00
99.00
12.00
27.00
58.00
10.00
34.00
121.00
18.00
0.00
11.00
3.00
21.00
5.00
82.00
21.00
38.00
2.00
5.00
14.00
0.00
120.00
18.00
57.00
55.00
4.00
4.00
242.00
380.00
10.00
63.00
36.00
138.00
107.00
242.00
27.00
25.00
18.00
1.00
4.00
38.00
17.00
43.00
39.00
51.00
17.00
102.00
48.00
21.00
11.00
0.00
0.00
9.00
76.00
458.00
860.00
0.00
0.00
0.00
0.00
0.00
0.00
0.00
10.00
475.00
0.00
0.00
0.00
0.00
0.00
0.00
0.00
0.00
0.00
0.00
0.00
0.00
0.00
0.00
2.00
325.00
56.00
12.00
0.00
0.00
0.00
0.00
0.00
0.00
0.00
0.00
0.00
0.00
0.00
0.00
0.00
0.00
0.00
0.00
0.00
0.00
0.00
2.00
0.00
60.00
111.00
0.00
0.00
0.00
0.00
0.00
0.00
0.00
2.00
2.00
1.00
0.00
0.00
0.00
0.00
0.00
0.00
0.00
0.00
0.00
0.00
0.00
347.00
1.00
217.00
0.00
0.00
0.00
0.00
0.00
0.00
0.00
0.00
0.00
0.00
0.00
0.00
0.00
0.00
0.00
0.00
0.00
0.00
0.00
0.00
0.00
0.00
0.00
0.00
0.00
0.00
0.00
0.00
0.00
0.00
0.00
0.00
0.00
12.00
27.00
7.00
27.00
21.00
5.00
7.00
3.00
32.00
0.00
0.00
0.00
0.00
0.00
11.00
0.00
0.00
0.00
14.00
220.00
502.00
0.00
0.00
0.00
5.00
0.00
0.00
0.00
0.00
0.00
0.00
0.00
1.00
45.00
8.00
91.00
0.00
1.00
77.00
1.00
0.00
0.00
0.00
0.00
0.00
147.00
4.00
9.00
11.00
3.00
0.00
116.00
269.00
119.00
8.00
13.00
76.00
45.00
67.00
5.00
53.00
21.00
21.00
210.00
73.00
54.00
54.00
26.00
148.00
258.00
188.00
58.00
4.00
6.00
38.00
4.00
2.00
0.00
8.00
18.00
44.00
207.00
53.00
206.00
107.00
143.00
1.00
21.00
14.00
146.00
283.00
41.00
548.00
218.00
57.00
42.00
20.00
0.00
45.00
0.00
0.00
0.00
0.00
0.00
0.00
0.00
8.00
211.00
475.00
139.00
26.00
60.00
0.00
8.00
16.00
2.00
0.00
39.00
103.00
45.00
168.00
28.00
59.00
57.00
46.00
79.00
569.00
399.00
242.00
26.00
9.00
201.00
0.00
11.00
0.00
10.00
21.00
106.00
81.00
16.00
27.00
11.00
1.00
2.00
0.00
33.00
142.00
288.00
194.00
4.00
1.00
21.00
8.00
5.00
0.00
148.00
110.00
25.00
40.00
96.00
134.00
11.00
0.00
9.00
138.00
118.00
33.00
9.00
12.00
17.00
1.00
0.00
32.00
19.00
81.00
137.00
164.00
0.00
0.00
2.00
459.00
16.00
170.00
68.00
12.00
2.00
33.00
47.00
23.00
70.00
62.00
432.00
7.00
10.00
48.00
106.00
2.00
0.00
17.00
37.00
108.00
194.00
5.00
25.00
0.00
0.00
59.00
59.00
21.00
19.00
84.00
1.00
0.00
0.00
0.00
60.00
86.00
38.00
98.00
63.00
67.00
9.00
0.00
14.00
5.00
64.00
102.00
23.00
24.00
6.00
11.00
3.00
0.00
7.00
0.00
0.00
4.00
0.00
0.00
0.00
0.00
1.00
0.00
0.00
0.00
0.00
12.00
22.00
87.00
50.00
0.00
0.00
0.00
0.00
0.00
0.00
0.00
0.00
0.00
0.00
234.00
0.00
0.00
0.00
43.00
41.00
4.00
53.00
0.00
144.00
0.00
0.00
0.00
0.00
0.00
0.00
0.00
0.00
0.00
0.00
0.00
0.00
0.00
0.00
0.00
0.00
0.00
0.00
0.00
0.00
0.00
0.00
0.00
0.00
0.00
1.00
1.00
0.00
0.00
0.00
0.00
0.00
11.00
0.00
0.00
0.00
0.00
0.00
0.00
0.00
0.00
0.00
0.00
5.00
136.00
307.00
0.00
0.00
0.00
0.00
0.00
0.00
0.00
0.00
0.00
0.00
0.00
0.00
0.00
0.00
0.00
0.00
0.00
0.00
0.00
0.00
0.00
0.00
0.00
0.00
0.00
0.00
0.00
0.00
0.00
0.00
0.00
0.00
0.00
0.00
0.00
0.00
0.00
0.00
0.00
0.00
0.00
0.00
0.00
0.00
2.00
0.00
0.00
0.00
0.00
0.00
0.00
5.00
1.00
0.00
0.00
0.00
7.00
0.00
0.00
26.00
0.00
0.00
0.00
0.00
0.00
0.00
0.00
0.00
24.60
2.10
60.90
64.70
0.00
0.40
0.00
0.00
0.00
0.00
0.90
0.00
0.00
0.00
0.00
0.00
0.00
0.10
1.40
0.00
0.00
17.70
16.40
0.00
0.00
26.40
0.00
0.00
0.00
0.40
21.30
0.00
0.00
0.20
114.20
23.30
47.60
1.30
8.10
30.40
22.20
12.30
10.80
15.70
0.00
0.10
0.00
1.40
8.00
12.10
11.20
28.60
0.10
1.90
11.90
3.30
1.50
5.80
0.50
0.10
1.80
0.10
9.10
6.50
15.90
15.90
1.50
13.60
97.70
0.20
0.00
35.10
18.60
20.00
40.50
36.10
23.30
5.40
2.20
4.50
4.10
14.20
9.30
0.00
0.00
12.10
15.10
15.10
1.40
1.10
2.60
4.00
5.80
7.40
4.50
8.80
1.30
0.50
3.00
0.90
0.10
0.10
1.30
0.00
2.80
0.30
1.00
0.50
1.40
15.50
1.80
23.10
8.70
0.00
3.80
4.20
6.00
0.00
0.00
0.90
4.10
58.70
56.70
49.00
0.10
5.40
4.80
4.70
0.70
38.30
31.70
32.60
11.30
19.70
41.90
41.90
55.70
55.70
7.40
0.20
0.20
1.00
0.20
0.20
0.20
0.20
1.10
22.00
7.00
1.50
22.90
19.00
4.80
8.60
0.10
14.50
9.30
1.10
21.60
4.10
6.70
0.10
1.50
32.00
6.10
0.00
3.60
0.00
5.70
1.50
0.60
0.50
3.50
0.00
0.00
1.10
0.10
0.10
10.60
10.70
3.50
0.10
1.70
13.00
1.80
0.90
2.30
1.20
0.80
3.30
12.40
6.10
1.00
7.20
14.70
0.60
2.90
0.70
0.00
23.50
7.80
4.10
0.20
0.50
0.00
6.50
3.10
18.40
7.90
12.60
9.00
4.90
7.90
0.80
0.20
6.60
6.20
9.50
9.50
21.10
0.10
0.60
9.40
2.30
4.30
0.60
1.00
0.00
0.00
0.00
0.00
0.00
2.20
1.70
0.00
2.70
4.60
4.90
4.80
0.70
0.20
2.30
5.50
29.40
