20160101
0.00
37.00
1.00
0.00
0.00
0.00
0.00
0.00
3.00
0.00
0.00
0.00
0.00
0.00
0.00
0.00
0.00
0.00
10.00
61.00
0.00
0.00
0.00
0.00
0.00
3.00
57.00
12.00
1.00
0.00
0.00
0.00
0.00
0.00
0.00
0.00
0.00
1.00
0.00
0.00
0.00
0.00
0.00
0.00
0.00
0.00
0.00
0.00
0.00
0.00
0.00
0.00
0.00
0.00
0.00
5.00
9.00
117.00
92.00
0.00
0.00
0.00
1.00
0.00
17.00
33.00
0.00
0.00
0.00
0.00
0.00
0.00
0.00
1.00
0.00
0.00
2.00
0.00
0.00
15.00
0.00
0.00
0.00
0.00
0.00
0.00
287.00
181.00
4.00
8.00
188.00
17.00
0.00
0.00
14.00
577.00
23.00
117.00
0.00
6.00
0.00
0.00
0.00
51.00
557.00
91.00
337.00
217.00
164.00
155.00
265.00
55.00
47.00
351.00
11.00
16.00
182.00
138.00
202.00
24.00
211.00
104.00
566.00
67.00
53.00
46.00
55.00
144.00
0.00
29.00
36.00
21.00
82.00
191.00
18.00
330.00
129.00
385.00
310.00
48.00
50.00
334.00
4.00
5.00
47.00
3.00
0.00
0.00
5.00
1.00
2.00
80.00
0.00
15.00
15.00
102.00
22.00
240.00
104.00
48.00
22.00
65.00
8.00
1.00
0.00
84.00
130.00
178.00
60.00
0.00
94.00
117.00
111.00
791.00
182.00
33.00
20.00
33.00
62.00
2.00
89.00
68.00
72.00
74.00
79.00
78.00
4.00
1.00
60.00
104.00
97.00
43.00
36.00
0.00
16.00
22.00
14.00
62.00
93.00
298.00
480.00
642.00
134.00
117.00
73.00
46.00
344.00
19.00
130.00
166.00
49.00
57.00
33.00
22.00
0.00
8.00
276.00
142.00
22.00
21.00
203.00
11.00
2.00
8.00
101.00
109.00
42.00
117.00
23.00
68.00
20.00
0.00
2.00
55.00
0.00
19.00
0.00
176.00
1.00
33.00
31.00
38.00
181.00
206.00
253.00
442.00
3.00
1.00
7.00
81.00
1.00
3.00
9.00
93.00
225.00
31.00
118.00
40.00
55.00
89.00
41.00
66.00
158.00
345.00
7.00
88.00
91.00
13.00
143.00
0.00
52.00
32.00
4.00
85.00
18.00
95.00
18.00
162.00
80.00
2.00
6.00
50.00
85.00
326.00
57.00
71.00
0.00
0.00
0.00
8.00
0.00
9.00
0.00
0.00
0.00
0.00
0.00
0.00
0.00
0.00
269.00
0.00
0.00
0.00
0.00
0.00
7.00
4.00
31.00
155.00
2.00
0.00
0.00
0.00
0.00
0.00
0.00
0.00
0.00
0.00
0.00
1.00
0.00
0.00
0.00
0.00
0.00
0.00
0.00
0.00
0.00
0.00
454.00
0.00
0.00
20.00
0.00
0.00
0.00
0.00
0.00
0.00
0.00
0.00
0.00
0.00
0.00
0.00
0.00
0.00
0.00
0.00
0.00
0.00
0.00
0.00
0.00
0.00
0.00
0.00
0.00
0.00
0.00
0.00
0.00
0.00
0.00
0.00
0.00
90.00
1.00
0.00
0.00
0.00
0.00
24.00
0.00
0.00
0.00
0.00
0.00
0.00
0.00
0.00
0.00
0.00
0.00
0.00
0.00
0.00
0.00
0.00
17.00
0.00
6.00
0.00
0.00
0.00
0.00
0.00
0.00
0.00
0.00
2.00
0.00
0.00
0.00
0.00
1.00
32.00
0.00
0.00
0.00
0.00
0.00
0.00
0.00
38.00
0.00
0.00
0.00
0.00
0.00
0.00
0.00
0.00
0.00
0.00
0.00
33.00
0.00
0.00
79.00
0.00
265.00
2.00
0.00
0.00
0.00
0.00
0.00
2.00
345.00
24.00
88.00
0.00
0.00
0.00
0.00
168.00
20.00
7.00
5.00
134.00
138.00
422.00
596.00
775.00
1165.00
316.00
2.00
0.00
108.00
52.00
5.00
0.00
0.00
0.00
35.00
78.00
320.00
0.00
0.00
0.00
271.00
83.00
300.00
54.00
0.00
19.00
70.00
119.00
10.00
120.00
12.00
311.00
20.00
0.00
42.00
67.00
452.00
887.00
1.00
66.00
40.00
0.00
41.00
1.00
16.00
37.00
182.00
13.00
0.00
98.00
61.00
113.00
37.00
100.00
42.00
193.00
284.00
168.00
1.00
12.00
130.00
234.00
34.00
106.00
330.00
103.00
0.00
18.00
10.00
63.00
33.00
196.00
301.00
66.00
297.00
173.00
195.00
0.00
978.00
297.00
94.00
140.00
0.00
141.00
469.00
40.00
204.00
17.00
44.00
33.00
46.00
14.00
555.00
147.00
4.00
129.00
242.00
61.00
73.00
8.00
14.00
95.00
105.00
38.00
57.00
5.00
48.00
247.00
33.00
27.00
91.00
88.00
0.00
71.00
92.00
376.00
1.00
26.00
3.00
12.00
24.00
79.00
64.00
11.00
39.00
17.00
92.00
119.00
44.00
3.00
86.00
37.00
92.00
926.00
838.00
895.00
721.00
151.00
35.00
8.00
245.00
95.00
0.00
47.00
99.00
63.00
19.00
0.00
49.00
163.00
32.00
47.00
2.00
17.00
49.00
51.00
517.00
355.00
4.00
3.00
0.00
10.00
96.00
340.00
134.00
12.00
0.00
25.00
60.00
0.00
0.00
206.00
42.00
329.00
57.00
22.00
18.00
66.00
50.00
5.00
16.00
35.00
329.00
189.00
431.00
34.00
2.00
3.00
80.00
12.00
54.00
1.00
28.00
3.00
41.00
24.00
7.00
39.00
173.00
2.00
0.00
0.00
5.00
181.00
425.00
1002.00
0.00
0.00
0.00
2.00
0.00
0.00
0.00
4.00
201.00
1.00
0.00
0.00
0.00
5.00
0.00
0.00
0.00
0.00
8.00
0.00
0.00
0.00
0.00
4.00
279.00
69.00
9.00
0.00
0.00
0.00
0.00
0.00
0.00
0.00
0.00
0.00
1.00
0.00
0.00
0.00
0.00
0.00
0.00
13.00
0.00
0.00
0.00
23.00
175.00
66.00
0.00
0.00
0.00
0.00
0.00
0.00
0.00
1.00
11.00
7.00
3.00
0.00
0.00
0.00
0.00
0.00
0.00
0.00
2.00
0.00
12.00
203.00
0.00
0.00
0.00
0.00
0.00
0.00
0.00
0.00
0.00
0.00
0.00
0.00
0.00
0.00
0.00
0.00
0.00
0.00
0.00
0.00
0.00
0.00
0.00
0.00
0.00
0.00
0.00
0.00
0.00
0.00
0.00
0.00
0.00
0.00
4.00
15.00
63.00
16.00
0.00
3.00
32.00
1.00
21.00
12.00
0.00
0.00
0.00
0.00
0.00
107.00
0.00
0.00
0.00
0.00
397.00
248.00
0.00
0.00
0.00
0.00
0.00
0.00
2.00
0.00
0.00
0.00
0.00
0.00
0.00
10.00
5.00
0.00
48.00
15.00
1.00
0.00
0.00
0.00
0.00
0.00
0.00
0.00
0.00
2.00
2.00
0.00
301.00
233.00
209.00
76.00
9.00
0.00
40.00
73.00
3.00
67.00
41.00
17.00
87.00
137.00
61.00
160.00
15.00
3.00
261.00
100.00
17.00
0.00
59.00
36.00
7.00
0.00
7.00
16.00
19.00
4.00
402.00
16.00
207.00
147.00
69.00
51.00
53.00
2.00
93.00
196.00
73.00
242.00
143.00
146.00
175.00
14.00
0.00
99.00
0.00
0.00
0.00
0.00
0.00
1.00
0.00
6.00
317.00
517.00
198.00
33.00
159.00
0.00
9.00
19.00
0.00
0.00
1.00
33.00
39.00
11.00
47.00
16.00
105.00
85.00
0.00
731.00
1171.00
643.00
267.00
3.00
309.00
0.00
4.00
0.00
11.00
66.00
191.00
199.00
22.00
40.00
20.00
4.00
0.00
21.00
186.00
337.00
367.00
700.00
7.00
0.00
8.00
6.00
1.00
0.00
39.00
29.00
14.00
162.00
78.00
81.00
26.00
37.00
1.00
154.00
65.00
7.00
67.00
66.00
64.00
24.00
94.00
35.00
41.00
21.00
107.00
89.00
10.00
4.00
0.00
157.00
55.00
387.00
71.00
116.00
3.00
25.00
273.00
60.00
33.00
58.00
189.00
66.00
1.00
30.00
69.00
1.00
25.00
18.00
174.00
97.00
130.00
4.00
16.00
0.00
0.00
14.00
26.00
78.00
60.00
232.00
1.00
0.00
0.00
1.00
25.00
176.00
247.00
260.00
140.00
20.00
13.00
1.00
61.00
50.00
6.00
7.00
4.00
7.00
20.00
23.00
4.00
6.00
2.00
0.00
4.00
0.00
0.00
0.00
0.00
0.00
0.00
0.00
0.00
0.00
0.00
11.00
19.00
52.00
101.00
0.00
2.00
0.00
0.00
0.00
0.00
0.00
0.00
0.00
0.00
0.00
0.00
0.00
0.00
24.00
44.00
8.00
0.00
0.00
0.00
0.00
0.00
0.00
0.00
0.00
0.00
0.00
0.00
0.00
0.00
0.00
0.00
0.00
0.00
0.00
0.00
0.00
0.00
0.00
0.00
0.00
0.00
0.00
0.00
0.00
0.00
0.00
0.00
0.00
0.00
0.00
0.00
9.00
0.00
0.00
0.00
0.00
0.00
0.00
0.00
0.00
0.00
0.00
1.00
164.00
151.00
0.00
0.00
0.00
0.00
0.00
0.00
0.00
0.00
0.00
0.00
0.00
0.00
0.00
0.00
0.00
0.00
0.00
0.00
0.00
0.00
0.00
0.00
0.00
1.00
0.00
0.00
0.00
0.00
0.00
0.00
0.00
0.00
0.00
0.00
0.00
0.00
0.00
0.00
1.00
1.00
0.00
0.00
0.00
0.00
0.00
0.00
0.00
0.00
0.00
0.00
0.00
13.00
1.00
1.00
0.00
0.00
0.00
0.00
0.00
15.00
0.00
0.00
0.00
0.00
0.00
0.00
0.00
1.10
26.90
4.00
72.90
25.90
0.00
0.00
0.10
0.00
0.00
0.00
0.00
0.00
0.00
0.00
0.00
0.00
0.00
0.40
0.70
0.00
0.00
7.80
0.40
0.00
0.00
3.60
0.00
0.00
0.00
1.30
13.70
0.00
0.00
0.00
192.40
18.50
42.30
0.00
7.90
13.40
18.00
4.00
2.60
38.40
0.10
0.00
0.00
0.40
0.80
39.00
26.00
0.60
0.00
0.00
19.00
11.10
1.30
0.60
5.20
2.90
0.00
0.50
7.80
13.10
14.50
14.50
1.90
23.00
111.20
0.60
0.00
27.00
32.70
18.10
47.10
23.30
19.70
39.60
2.90
2.40
0.60
18.90
15.60
0.00
0.00
16.30
16.50
16.50
2.70
10.50
9.00
0.00
0.00
0.20
11.30
3.80
1.60
2.60
27.70
15.10
0.00
0.10
1.60
2.10
12.20
0.00
1.70
1.30
8.90
22.70
0.90
32.60
19.50
0.10
12.50
5.00
2.30
1.60
0.10
0.80
34.40
122.70
128.60
112.50
1.00
1.30
3.30
0.90
0.40
11.10
14.40
13.80
9.50
72.50
150.40
150.40
96.80
96.80
12.10
1.60
1.60
2.30
0.10
1.60
1.60
1.60
0.40
33.30
25.90
0.90
7.50
8.20
4.00
4.50
0.60
21.60
5.80
1.00
14.70
2.80
0.30
0.10
8.70
11.40
2.40
0.70
2.70
0.30
14.30
0.60
6.00
5.50
1.50
1.20
0.00
0.50
0.90
2.30
21.30
8.50
19.10
3.60
0.30
5.90
0.80
0.30
12.60
9.30
1.80
7.30
7.80
9.30
1.20
6.50
16.00
0.40
2.90
7.80
8.50
21.90
32.60
12.80
6.40
3.80
3.00
1.70
6.70
1.70
1.60
10.10
6.50
2.80
22.70
0.30
9.30
13.50
22.50
11.50
11.50
37.40
10.20
0.30
0.90
4.80
3.60
0.90
1.00
0.50
0.00
0.10
0.00
1.40
0.30
0.00
1.40
0.60
3.40
0.30
4.80
0.70
0.20
2.30
5.50
29.40
