20160101
0.00
0.00
0.00
0.00
0.00
0.00
0.00
0.00
43.00
0.00
0.00
0.00
1.00
0.00
0.00
0.00
0.00
0.00
0.00
85.00
0.00
0.00
0.00
0.00
0.00
0.00
0.00
0.00
0.00
0.00
0.00
0.00
0.00
0.00
0.00
0.00
0.00
5.00
24.00
0.00
0.00
0.00
0.00
0.00
0.00
0.00
0.00
0.00
0.00
0.00
0.00
3.00
0.00
1.00
1.00
0.00
3.00
0.00
1.00
0.00
0.00
0.00
0.00
0.00
0.00
22.00
0.00
0.00
29.00
0.00
0.00
0.00
10.00
9.00
0.00
0.00
2.00
0.00
9.00
17.00
32.00
0.00
0.00
0.00
0.00
0.00
327.00
239.00
39.00
63.00
93.00
4.00
0.00
4.00
32.00
792.00
52.00
463.00
165.00
1.00
0.00
207.00
434.00
244.00
393.00
318.00
553.00
250.00
299.00
495.00
293.00
489.00
125.00
1246.00
293.00
62.00
229.00
622.00
214.00
163.00
253.00
632.00
80.00
53.00
104.00
13.00
83.00
46.00
8.00
30.00
1.00
18.00
75.00
206.00
54.00
663.00
749.00
587.00
320.00
23.00
59.00
347.00
4.00
0.00
3.00
4.00
0.00
11.00
23.00
0.00
14.00
134.00
0.00
0.00
0.00
75.00
1.00
428.00
681.00
258.00
9.00
325.00
20.00
2.00
0.00
168.00
271.00
44.00
76.00
1.00
32.00
56.00
278.00
856.00
589.00
165.00
33.00
148.00
200.00
22.00
57.00
35.00
69.00
17.00
83.00
17.00
27.00
23.00
41.00
112.00
136.00
61.00
19.00
1.00
10.00
49.00
92.00
95.00
14.00
1.00
168.00
128.00
23.00
78.00
41.00
18.00
126.00
17.00
25.00
51.00
42.00
121.00
35.00
4.00
0.00
52.00
298.00
246.00
78.00
7.00
134.00
23.00
9.00
11.00
139.00
230.00
83.00
74.00
7.00
63.00
10.00
0.00
36.00
26.00
0.00
0.00
0.00
307.00
3.00
6.00
53.00
86.00
344.00
550.00
516.00
39.00
16.00
2.00
111.00
113.00
42.00
40.00
0.00
31.00
132.00
508.00
199.00
15.00
12.00
2.00
77.00
41.00
49.00
117.00
142.00
215.00
31.00
23.00
659.00
2.00
0.00
541.00
0.00
7.00
8.00
46.00
0.00
45.00
1.00
2.00
48.00
201.00
42.00
96.00
17.00
1.00
0.00
0.00
0.00
0.00
0.00
0.00
0.00
0.00
0.00
0.00
0.00
13.00
0.00
0.00
46.00
0.00
0.00
0.00
0.00
0.00
0.00
0.00
64.00
312.00
141.00
0.00
0.00
0.00
0.00
0.00
0.00
0.00
0.00
0.00
0.00
0.00
0.00
0.00
0.00
0.00
0.00
0.00
0.00
0.00
0.00
0.00
0.00
0.00
0.00
27.00
1.00
0.00
0.00
0.00
0.00
0.00
0.00
0.00
0.00
0.00
0.00
0.00
0.00
0.00
0.00
0.00
0.00
0.00
0.00
0.00
0.00
0.00
0.00
0.00
0.00
0.00
0.00
0.00
0.00
0.00
0.00
0.00
0.00
0.00
0.00
0.00
0.00
0.00
0.00
0.00
0.00
0.00
0.00
0.00
0.00
0.00
0.00
0.00
0.00
1.00
0.00
0.00
0.00
0.00
0.00
1.00
20.00
0.00
0.00
0.00
0.00
0.00
0.00
0.00
0.00
0.00
0.00
0.00
0.00
0.00
0.00
0.00
0.00
0.00
0.00
0.00
0.00
0.00
0.00
0.00
5.00
630.00
286.00
0.00
0.00
0.00
0.00
0.00
0.00
0.00
0.00
0.00
3.00
298.00
0.00
0.00
191.00
0.00
463.00
4.00
0.00
0.00
0.00
0.00
0.00
130.00
466.00
45.00
125.00
0.00
0.00
0.00
14.00
152.00
2.00
79.00
0.00
221.00
172.00
854.00
1286.00
1471.00
1455.00
74.00
3.00
0.00
64.00
90.00
222.00
11.00
0.00
0.00
0.00
0.00
353.00
0.00
0.00
54.00
351.00
157.00
180.00
14.00
0.00
15.00
802.00
219.00
103.00
93.00
297.00
385.00
21.00
0.00
30.00
30.00
365.00
512.00
5.00
5.00
19.00
0.00
67.00
0.00
3.00
71.00
161.00
12.00
0.00
235.00
84.00
182.00
80.00
162.00
19.00
154.00
435.00
210.00
0.00
12.00
134.00
508.00
35.00
215.00
428.00
173.00
0.00
0.00
0.00
26.00
31.00
93.00
255.00
291.00
236.00
116.00
207.00
0.00
204.00
1359.00
257.00
191.00
0.00
281.00
158.00
72.00
472.00
31.00
31.00
93.00
61.00
20.00
529.00
136.00
23.00
28.00
142.00
78.00
24.00
59.00
27.00
81.00
30.00
57.00
124.00
3.00
0.00
330.00
36.00
3.00
69.00
123.00
17.00
39.00
74.00
23.00
0.00
40.00
0.00
21.00
45.00
47.00
175.00
16.00
17.00
39.00
150.00
85.00
112.00
9.00
61.00
32.00
136.00
521.00
1227.00
851.00
259.00
21.00
42.00
41.00
364.00
43.00
74.00
68.00
75.00
48.00
51.00
0.00
57.00
149.00
13.00
55.00
0.00
1.00
113.00
43.00
186.00
341.00
20.00
0.00
0.00
45.00
579.00
958.00
647.00
30.00
0.00
52.00
97.00
1.00
0.00
138.00
7.00
105.00
144.00
44.00
13.00
28.00
43.00
0.00
39.00
19.00
211.00
226.00
225.00
97.00
2.00
0.00
36.00
7.00
50.00
31.00
727.00
1.00
35.00
0.00
37.00
152.00
185.00
64.00
0.00
6.00
49.00
147.00
407.00
1714.00
0.00
0.00
0.00
0.00
0.00
0.00
0.00
16.00
311.00
0.00
0.00
0.00
0.00
0.00
0.00
0.00
0.00
0.00
0.00
0.00
0.00
0.00
0.00
59.00
333.00
98.00
4.00
0.00
0.00
0.00
0.00
0.00
0.00
0.00
0.00
0.00
0.00
0.00
0.00
0.00
0.00
0.00
0.00
0.00
0.00
0.00
2.00
17.00
327.00
229.00
0.00
0.00
0.00
0.00
0.00
0.00
0.00
0.00
22.00
1.00
1.00
0.00
0.00
0.00
0.00
0.00
0.00
0.00
0.00
0.00
0.00
280.00
2.00
99.00
0.00
0.00
0.00
0.00
0.00
0.00
0.00
0.00
0.00
0.00
0.00
0.00
0.00
0.00
0.00
0.00
0.00
0.00
0.00
0.00
0.00
0.00
0.00
0.00
0.00
0.00
0.00
0.00
0.00
0.00
0.00
0.00
0.00
0.00
35.00
7.00
119.00
10.00
3.00
0.00
0.00
0.00
0.00
0.00
0.00
0.00
0.00
5.00
0.00
0.00
57.00
0.00
350.00
308.00
0.00
0.00
0.00
0.00
0.00
0.00
0.00
0.00
0.00
0.00
0.00
0.00
0.00
41.00
6.00
0.00
286.00
96.00
1.00
0.00
0.00
0.00
0.00
0.00
0.00
0.00
0.00
27.00
1.00
22.00
256.00
477.00
91.00
0.00
1.00
3.00
0.00
1.00
1.00
17.00
17.00
16.00
324.00
133.00
36.00
69.00
68.00
0.00
23.00
1.00
0.00
2.00
159.00
32.00
2.00
0.00
4.00
19.00
13.00
2.00
220.00
15.00
296.00
48.00
66.00
0.00
27.00
14.00
134.00
204.00
148.00
422.00
177.00
187.00
112.00
6.00
0.00
58.00
0.00
0.00
0.00
0.00
0.00
0.00
0.00
18.00
175.00
1126.00
547.00
18.00
180.00
1.00
19.00
37.00
0.00
0.00
0.00
7.00
6.00
7.00
5.00
1.00
51.00
105.00
82.00
1561.00
1212.00
814.00
213.00
0.00
466.00
1.00
1.00
0.00
151.00
322.00
186.00
145.00
9.00
28.00
16.00
2.00
0.00
42.00
229.00
231.00
513.00
440.00
15.00
0.00
57.00
52.00
17.00
0.00
172.00
57.00
118.00
194.00
260.00
85.00
36.00
20.00
11.00
131.00
127.00
27.00
154.00
123.00
305.00
65.00
14.00
152.00
47.00
47.00
95.00
94.00
9.00
2.00
3.00
138.00
30.00
335.00
43.00
7.00
9.00
100.00
36.00
41.00
34.00
183.00
215.00
12.00
2.00
11.00
45.00
14.00
8.00
30.00
114.00
51.00
214.00
33.00
3.00
4.00
0.00
0.00
0.00
92.00
44.00
122.00
0.00
0.00
0.00
0.00
54.00
135.00
157.00
1272.00
78.00
13.00
2.00
14.00
16.00
130.00
80.00
5.00
11.00
0.00
0.00
98.00
0.00
32.00
17.00
0.00
0.00
1.00
0.00
0.00
0.00
0.00
0.00
0.00
0.00
0.00
0.00
32.00
8.00
158.00
315.00
0.00
0.00
0.00
0.00
0.00
0.00
0.00
0.00
0.00
0.00
0.00
0.00
0.00
0.00
78.00
77.00
13.00
0.00
0.00
0.00
0.00
0.00
4.00
0.00
0.00
0.00
0.00
0.00
0.00
0.00
0.00
0.00
0.00
0.00
0.00
0.00
0.00
0.00
0.00
0.00
0.00
0.00
0.00
0.00
0.00
0.00
0.00
0.00
0.00
0.00
0.00
0.00
26.00
0.00
0.00
0.00
0.00
0.00
0.00
0.00
0.00
0.00
0.00
1.00
78.00
152.00
0.00
0.00
0.00
0.00
0.00
0.00
0.00
0.00
0.00
0.00
0.00
0.00
0.00
0.00
0.00
0.00
0.00
0.00
0.00
0.00
0.00
0.00
0.00
0.00
0.00
0.00
0.00
0.00
0.00
0.00
0.00
0.00
0.00
0.00
0.00
0.00
0.00
0.00
0.00
0.00
0.00
0.00
0.00
0.00
0.00
0.00
0.00
0.00
0.00
0.00
0.00
1.00
0.00
0.00
0.00
0.00
0.00
0.00
0.00
5.00
17.00
0.00
0.00
0.00
0.00
0.00
0.00
0.00
39.30
5.90
50.60
21.60
0.00
0.00
0.00
0.00
0.00
0.00
0.00
0.00
0.00
0.00
0.00
0.00
0.00
0.00
0.00
0.00
0.00
0.90
0.60
0.00
0.00
15.60
0.00
0.00
0.00
0.00
0.20
0.00
3.50
0.00
120.80
38.10
16.40
0.00
26.90
18.90
70.50
9.20
1.70
13.80
0.00
0.00
1.70
0.00
0.30
25.90
36.80
16.50
0.00
0.00
0.00
4.20
2.40
0.10
0.10
0.00
0.00
1.60
19.40
20.30
57.60
57.60
0.00
8.30
107.90
5.00
1.70
33.40
26.90
39.80
57.00
28.00
24.50
25.30
6.80
7.90
3.80
21.60
20.60
0.00
0.00
19.70
28.00
28.00
6.60
2.10
2.40
2.40
0.00
0.00
7.70
5.80
0.50
0.10
26.40
10.10
0.20
0.20
6.80
1.30
28.30
0.20
0.00
0.00
39.80
89.10
10.50
42.90
27.90
0.00
12.20
8.10
24.40
0.70
0.00
9.80
77.30
73.70
88.50
68.60
0.00
18.00
9.90
4.20
2.90
27.70
18.90
14.50
12.80
13.60
19.00
19.00
94.90
94.90
84.10
8.60
8.60
2.90
1.30
8.60
8.60
8.60
8.70
43.50
35.90
1.60
23.20
12.90
2.10
12.30
1.60
10.40
21.50
3.80
32.80
2.20
0.60
1.00
2.60
12.30
8.80
1.60
0.50
0.00
3.20
2.10
14.60
24.40
4.80
3.20
0.00
0.00
0.50
1.10
14.30
6.70
12.70
3.90
0.10
3.20
0.60
0.00
3.00
1.70
1.20
5.20
7.70
16.00
1.20
40.20
16.00
2.90
4.40
7.50
0.20
10.80
9.90
0.00
2.70
0.40
0.00
0.20
0.10
0.00
2.20
33.00
26.70
15.80
18.50
0.00
0.90
5.20
19.60
16.80
16.80
44.20
6.50
0.00
0.00
0.00
0.20
0.00
14.80
0.00
0.00
0.00
0.00
0.00
0.00
0.00
0.10
0.00
0.00
0.00
4.80
0.70
0.20
2.30
5.50
29.40
