20160101
0.00
0.00
0.00
0.00
0.00
0.00
0.00
0.00
0.00
0.00
0.00
0.00
0.00
0.00
0.00
0.00
0.00
0.00
61.00
12.00
0.00
0.00
0.00
0.00
0.00
0.00
0.00
0.00
0.00
0.00
0.00
0.00
0.00
0.00
0.00
0.00
0.00
0.00
1.00
0.00
0.00
0.00
0.00
0.00
0.00
0.00
0.00
0.00
0.00
0.00
8.00
0.00
0.00
0.00
0.00
0.00
2.00
0.00
0.00
0.00
0.00
0.00
14.00
2.00
0.00
52.00
0.00
0.00
0.00
0.00
0.00
0.00
10.00
29.00
0.00
0.00
0.00
0.00
7.00
84.00
8.00
0.00
0.00
0.00
0.00
0.00
344.00
183.00
36.00
14.00
283.00
15.00
0.00
0.00
19.00
304.00
2.00
5.00
0.00
0.00
0.00
0.00
0.00
0.00
27.00
4.00
226.00
143.00
303.00
101.00
85.00
56.00
0.00
3.00
0.00
1.00
105.00
49.00
161.00
3.00
37.00
188.00
4.00
20.00
145.00
66.00
73.00
302.00
0.00
28.00
124.00
11.00
216.00
399.00
150.00
648.00
29.00
311.00
417.00
56.00
51.00
64.00
4.00
57.00
60.00
36.00
0.00
19.00
1.00
3.00
23.00
143.00
0.00
139.00
2.00
1.00
11.00
174.00
5.00
11.00
5.00
0.00
11.00
1.00
0.00
35.00
201.00
108.00
34.00
4.00
28.00
30.00
128.00
92.00
276.00
382.00
60.00
157.00
107.00
2.00
18.00
5.00
117.00
314.00
287.00
367.00
90.00
32.00
0.00
178.00
88.00
75.00
54.00
11.00
25.00
149.00
126.00
302.00
162.00
70.00
203.00
146.00
727.00
60.00
180.00
108.00
503.00
48.00
4.00
124.00
279.00
145.00
122.00
377.00
82.00
53.00
159.00
154.00
59.00
170.00
99.00
129.00
106.00
10.00
9.00
5.00
428.00
150.00
10.00
29.00
72.00
0.00
5.00
23.00
3.00
29.00
51.00
321.00
55.00
2.00
186.00
107.00
32.00
114.00
120.00
262.00
55.00
88.00
2.00
3.00
0.00
0.00
0.00
100.00
46.00
88.00
2.00
26.00
153.00
43.00
56.00
206.00
189.00
2.00
71.00
73.00
77.00
45.00
229.00
125.00
41.00
28.00
50.00
0.00
1.00
57.00
341.00
21.00
224.00
0.00
234.00
311.00
107.00
378.00
206.00
2.00
0.00
0.00
0.00
0.00
0.00
0.00
0.00
0.00
0.00
0.00
0.00
0.00
0.00
0.00
204.00
0.00
0.00
0.00
0.00
0.00
0.00
1.00
5.00
21.00
0.00
0.00
0.00
0.00
0.00
0.00
0.00
0.00
0.00
0.00
0.00
0.00
0.00
0.00
0.00
0.00
0.00
0.00
0.00
0.00
0.00
0.00
0.00
0.00
0.00
2.00
0.00
0.00
0.00
0.00
0.00
0.00
0.00
0.00
0.00
0.00
0.00
0.00
0.00
0.00
0.00
0.00
0.00
0.00
0.00
0.00
0.00
0.00
0.00
0.00
119.00
0.00
0.00
0.00
0.00
0.00
0.00
0.00
0.00
8.00
0.00
0.00
0.00
0.00
0.00
10.00
0.00
0.00
0.00
0.00
0.00
0.00
0.00
0.00
0.00
0.00
0.00
0.00
0.00
0.00
0.00
7.00
3.00
20.00
0.00
0.00
0.00
0.00
0.00
0.00
0.00
0.00
0.00
0.00
0.00
0.00
0.00
0.00
0.00
0.00
0.00
0.00
0.00
0.00
0.00
0.00
0.00
2.00
0.00
0.00
0.00
0.00
0.00
0.00
0.00
0.00
0.00
0.00
2.00
0.00
0.00
0.00
26.00
10.00
102.00
14.00
0.00
0.00
0.00
0.00
0.00
1.00
170.00
51.00
152.00
0.00
0.00
0.00
0.00
334.00
8.00
74.00
22.00
4.00
156.00
95.00
441.00
800.00
512.00
28.00
50.00
0.00
2.00
3.00
0.00
0.00
0.00
0.00
2.00
0.00
132.00
37.00
0.00
45.00
853.00
54.00
1084.00
388.00
0.00
75.00
0.00
10.00
0.00
181.00
0.00
118.00
1.00
0.00
98.00
144.00
206.00
115.00
0.00
50.00
77.00
0.00
6.00
2.00
12.00
234.00
324.00
87.00
10.00
266.00
160.00
164.00
16.00
149.00
177.00
101.00
760.00
156.00
0.00
51.00
72.00
150.00
99.00
10.00
146.00
5.00
0.00
74.00
0.00
10.00
49.00
257.00
276.00
28.00
1530.00
499.00
281.00
19.00
304.00
37.00
174.00
103.00
2.00
209.00
240.00
0.00
144.00
72.00
4.00
50.00
36.00
56.00
149.00
438.00
88.00
986.00
321.00
82.00
62.00
55.00
74.00
193.00
164.00
64.00
114.00
12.00
49.00
170.00
113.00
53.00
244.00
50.00
56.00
4.00
70.00
174.00
5.00
104.00
9.00
44.00
32.00
162.00
31.00
3.00
69.00
55.00
69.00
103.00
154.00
58.00
121.00
22.00
262.00
908.00
1840.00
559.00
469.00
115.00
18.00
83.00
171.00
51.00
46.00
184.00
53.00
220.00
106.00
8.00
2.00
647.00
121.00
23.00
6.00
51.00
166.00
62.00
212.00
44.00
5.00
62.00
0.00
42.00
168.00
163.00
647.00
199.00
114.00
11.00
112.00
16.00
1.00
186.00
58.00
212.00
265.00
62.00
4.00
39.00
45.00
3.00
3.00
115.00
198.00
577.00
539.00
27.00
21.00
19.00
8.00
52.00
47.00
25.00
79.00
6.00
21.00
70.00
24.00
272.00
168.00
0.00
0.00
0.00
9.00
10.00
695.00
1077.00
0.00
0.00
0.00
0.00
0.00
0.00
0.00
0.00
5.00
0.00
0.00
0.00
0.00
0.00
0.00
0.00
0.00
0.00
0.00
0.00
0.00
0.00
0.00
1.00
124.00
25.00
5.00
0.00
0.00
0.00
0.00
0.00
0.00
0.00
0.00
0.00
0.00
0.00
0.00
0.00
0.00
0.00
0.00
0.00
0.00
0.00
0.00
1.00
37.00
1.00
0.00
0.00
0.00
0.00
0.00
0.00
0.00
0.00
1.00
0.00
0.00
0.00
0.00
0.00
0.00
0.00
0.00
0.00
0.00
0.00
0.00
0.00
0.00
0.00
0.00
0.00
0.00
0.00
0.00
0.00
0.00
0.00
0.00
0.00
0.00
0.00
0.00
0.00
0.00
0.00
0.00
0.00
0.00
0.00
0.00
0.00
0.00
0.00
0.00
0.00
0.00
0.00
0.00
0.00
0.00
0.00
0.00
20.00
87.00
6.00
1.00
14.00
3.00
0.00
18.00
54.00
0.00
0.00
0.00
0.00
0.00
0.00
0.00
0.00
0.00
0.00
219.00
52.00
0.00
0.00
0.00
0.00
0.00
0.00
0.00
0.00
0.00
0.00
0.00
0.00
0.00
64.00
1.00
0.00
2.00
0.00
0.00
0.00
0.00
0.00
0.00
0.00
0.00
0.00
0.00
43.00
0.00
1.00
360.00
423.00
111.00
8.00
1.00
88.00
22.00
25.00
2.00
54.00
51.00
121.00
6.00
249.00
41.00
30.00
10.00
0.00
16.00
11.00
14.00
5.00
35.00
27.00
0.00
1.00
1.00
5.00
63.00
2.00
19.00
9.00
68.00
21.00
285.00
2.00
231.00
44.00
101.00
196.00
37.00
329.00
368.00
12.00
36.00
6.00
0.00
232.00
0.00
2.00
1.00
0.00
0.00
0.00
1.00
76.00
47.00
113.00
61.00
709.00
38.00
0.00
5.00
11.00
38.00
0.00
0.00
114.00
12.00
4.00
10.00
13.00
49.00
239.00
49.00
4.00
23.00
677.00
132.00
56.00
42.00
137.00
4.00
26.00
0.00
0.00
12.00
1.00
49.00
40.00
1.00
23.00
9.00
34.00
275.00
315.00
46.00
76.00
0.00
0.00
29.00
4.00
3.00
4.00
31.00
110.00
40.00
229.00
147.00
42.00
48.00
25.00
113.00
425.00
102.00
11.00
120.00
201.00
9.00
5.00
55.00
50.00
50.00
206.00
105.00
365.00
174.00
12.00
133.00
80.00
77.00
68.00
26.00
21.00
0.00
26.00
152.00
160.00
129.00
428.00
61.00
58.00
8.00
258.00
101.00
95.00
76.00
57.00
148.00
52.00
30.00
168.00
95.00
4.00
1.00
103.00
56.00
346.00
81.00
180.00
216.00
3.00
0.00
0.00
0.00
24.00
525.00
277.00
3.00
105.00
0.00
2.00
13.00
0.00
8.00
93.00
21.00
2.00
5.00
36.00
6.00
0.00
0.00
30.00
9.00
0.00
0.00
0.00
0.00
0.00
0.00
0.00
0.00
0.00
0.00
4.00
226.00
56.00
0.00
0.00
0.00
0.00
0.00
0.00
0.00
0.00
0.00
0.00
0.00
0.00
0.00
0.00
0.00
0.00
0.00
304.00
0.00
0.00
0.00
0.00
0.00
0.00
0.00
0.00
0.00
0.00
0.00
0.00
0.00
0.00
0.00
0.00
0.00
0.00
0.00
0.00
0.00
0.00
0.00
0.00
0.00
0.00
0.00
0.00
0.00
0.00
0.00
0.00
0.00
0.00
0.00
24.00
0.00
0.00
0.00
0.00
0.00
0.00
0.00
0.00
0.00
0.00
1.00
162.00
1438.00
0.00
0.00
0.00
0.00
0.00
0.00
0.00
0.00
0.00
0.00
0.00
0.00
0.00
0.00
0.00
0.00
0.00
0.00
0.00
0.00
0.00
0.00
0.00
0.00
0.00
0.00
0.00
0.00
0.00
0.00
0.00
0.00
0.00
0.00
0.00
0.00
0.00
0.00
1.00
1.00
0.00
0.00
0.00
0.00
0.00
0.00
0.00
0.00
0.00
0.00
0.00
63.00
0.00
0.00
0.00
1.00
0.00
0.00
13.00
20.00
0.00
0.00
0.00
0.00
0.00
0.00
0.00
6.00
6.70
0.00
61.90
7.70
0.00
0.00
0.40
0.00
0.00
0.00
0.00
0.00
0.00
0.00
0.00
0.00
0.00
0.00
0.00
0.00
0.00
8.70
5.40
0.00
0.90
0.00
0.00
0.00
0.00
14.70
1.20
0.00
28.30
7.00
194.80
4.80
20.40
0.00
20.90
24.10
10.40
9.30
11.10
24.40
0.00
0.00
0.10
1.30
7.60
24.30
38.70
0.00
0.00
0.00
0.30
9.00
0.10
0.00
0.10
0.00
0.50
0.30
45.60
5.80
0.50
0.50
1.60
60.90
106.70
0.00
0.00
57.40
0.00
0.10
69.40
77.20
26.70
15.90
9.50
26.70
2.50
29.20
35.10
2.20
2.20
4.20
24.90
24.90
21.40
4.20
9.40
24.00
5.70
14.20
28.60
2.40
0.70
9.60
31.90
0.20
0.00
0.10
0.10
0.10
0.10
1.40
2.30
0.70
1.70
3.20
3.50
83.20
4.00
0.00
11.10
56.90
30.30
1.10
0.00
0.00
20.30
146.30
83.60
62.10
0.60
1.10
22.70
0.00
0.00
1.20
8.60
21.80
40.80
67.70
227.60
227.60
49.30
49.30
47.10
0.00
0.00
1.90
0.00
0.00
0.00
0.00
2.10
16.50
98.40
9.40
19.70
12.80
4.30
1.50
0.00
1.30
21.60
5.40
8.30
2.30
56.20
20.70
19.70
174.40
1.90
1.60
9.90
1.80
33.80
3.20
5.70
4.30
2.50
0.50
0.20
0.10
1.80
4.00
39.90
40.30
12.30
1.90
1.10
7.80
37.30
10.70
18.60
16.50
4.70
9.10
23.90
3.70
0.20
5.60
2.20
0.60
7.00
4.50
13.30
14.60
36.20
2.80
5.60
13.80
3.20
0.30
0.00
0.90
7.50
14.60
9.70
25.20
38.60
0.00
57.10
36.90
12.60
105.60
105.60
8.50
0.00
6.40
1.20
3.00
17.40
16.30
4.10
0.00
0.00
0.00
0.00
0.00
0.00
0.00
0.00
0.00
0.20
0.00
3.20
0.20
0.00
0.20
21.30
72.50
