20160101
0.00
3.00
0.00
0.00
0.00
0.00
0.00
0.00
25.00
0.00
0.00
0.00
0.00
0.00
0.00
0.00
0.00
3.00
10.00
87.00
0.00
0.00
0.00
0.00
0.00
2.00
105.00
0.00
0.00
0.00
0.00
0.00
0.00
0.00
0.00
0.00
0.00
0.00
5.00
0.00
0.00
0.00
0.00
0.00
0.00
0.00
0.00
0.00
0.00
0.00
2.00
0.00
0.00
0.00
0.00
0.00
8.00
0.00
12.00
49.00
7.00
0.00
2.00
123.00
0.00
27.00
1.00
3.00
1.00
0.00
0.00
0.00
7.00
9.00
0.00
0.00
2.00
0.00
1.00
41.00
0.00
0.00
0.00
0.00
2.00
0.00
472.00
258.00
3.00
8.00
253.00
14.00
0.00
1.00
34.00
583.00
19.00
90.00
0.00
1.00
0.00
0.00
0.00
48.00
178.00
21.00
242.00
513.00
258.00
84.00
509.00
56.00
29.00
24.00
43.00
53.00
179.00
104.00
223.00
82.00
55.00
14.00
109.00
43.00
49.00
97.00
42.00
239.00
3.00
11.00
77.00
18.00
92.00
122.00
56.00
535.00
129.00
246.00
189.00
43.00
257.00
322.00
14.00
60.00
88.00
21.00
0.00
1.00
2.00
17.00
0.00
25.00
1.00
13.00
43.00
86.00
79.00
173.00
23.00
60.00
31.00
252.00
16.00
123.00
117.00
110.00
207.00
314.00
84.00
0.00
97.00
61.00
139.00
627.00
100.00
25.00
13.00
96.00
268.00
45.00
101.00
15.00
81.00
8.00
228.00
37.00
39.00
4.00
58.00
107.00
102.00
41.00
25.00
0.00
2.00
24.00
18.00
46.00
394.00
479.00
712.00
682.00
571.00
111.00
207.00
83.00
488.00
47.00
95.00
143.00
80.00
102.00
73.00
8.00
4.00
55.00
225.00
149.00
20.00
119.00
182.00
29.00
15.00
1.00
41.00
183.00
72.00
143.00
40.00
89.00
26.00
0.00
3.00
30.00
0.00
54.00
15.00
330.00
6.00
52.00
65.00
80.00
129.00
51.00
306.00
345.00
103.00
1.00
3.00
73.00
9.00
18.00
0.00
25.00
225.00
135.00
36.00
26.00
107.00
52.00
129.00
50.00
101.00
175.00
2.00
45.00
50.00
2.00
101.00
2.00
55.00
3.00
13.00
56.00
75.00
186.00
84.00
34.00
239.00
9.00
7.00
131.00
113.00
463.00
63.00
88.00
0.00
0.00
0.00
0.00
0.00
0.00
0.00
0.00
0.00
0.00
0.00
0.00
0.00
0.00
109.00
0.00
0.00
258.00
2.00
0.00
0.00
82.00
10.00
89.00
0.00
0.00
0.00
0.00
0.00
0.00
0.00
0.00
0.00
0.00
0.00
0.00
0.00
0.00
0.00
0.00
0.00
0.00
0.00
0.00
0.00
0.00
0.00
0.00
0.00
4.00
0.00
0.00
0.00
0.00
0.00
0.00
0.00
0.00
0.00
2.00
1.00
0.00
0.00
21.00
0.00
3.00
0.00
0.00
0.00
0.00
0.00
0.00
0.00
0.00
57.00
0.00
0.00
0.00
5.00
3.00
4.00
106.00
59.00
201.00
0.00
0.00
0.00
0.00
0.00
93.00
0.00
0.00
0.00
0.00
0.00
0.00
0.00
0.00
0.00
0.00
0.00
0.00
0.00
0.00
0.00
3.00
8.00
35.00
3.00
0.00
0.00
0.00
0.00
0.00
0.00
0.00
0.00
1.00
7.00
0.00
0.00
0.00
0.00
0.00
0.00
0.00
0.00
1.00
0.00
0.00
0.00
67.00
0.00
0.00
0.00
0.00
0.00
0.00
0.00
0.00
0.00
0.00
1.00
0.00
0.00
0.00
121.00
0.00
201.00
0.00
0.00
0.00
0.00
0.00
0.00
0.00
191.00
56.00
60.00
1.00
0.00
0.00
0.00
149.00
35.00
0.00
5.00
92.00
150.00
286.00
575.00
547.00
1318.00
254.00
5.00
0.00
103.00
17.00
0.00
0.00
0.00
0.00
32.00
0.00
235.00
3.00
0.00
0.00
146.00
61.00
454.00
164.00
0.00
36.00
19.00
80.00
25.00
216.00
10.00
268.00
10.00
0.00
32.00
133.00
344.00
869.00
0.00
11.00
88.00
3.00
28.00
3.00
35.00
46.00
249.00
20.00
3.00
172.00
25.00
177.00
62.00
51.00
56.00
173.00
259.00
130.00
1.00
53.00
102.00
222.00
20.00
187.00
196.00
73.00
0.00
13.00
70.00
109.00
41.00
189.00
243.00
167.00
879.00
1098.00
30.00
3.00
788.00
161.00
147.00
59.00
6.00
228.00
393.00
26.00
178.00
2.00
79.00
133.00
49.00
22.00
425.00
150.00
23.00
134.00
252.00
79.00
71.00
7.00
60.00
57.00
157.00
53.00
92.00
50.00
199.00
371.00
61.00
60.00
184.00
112.00
5.00
84.00
29.00
134.00
28.00
17.00
0.00
75.00
63.00
52.00
39.00
9.00
19.00
58.00
184.00
82.00
54.00
48.00
96.00
60.00
212.00
1094.00
767.00
564.00
634.00
250.00
32.00
53.00
179.00
87.00
14.00
131.00
50.00
194.00
107.00
71.00
62.00
180.00
78.00
59.00
6.00
35.00
155.00
99.00
649.00
124.00
1.00
0.00
0.00
0.00
103.00
179.00
29.00
43.00
197.00
8.00
150.00
81.00
2.00
402.00
13.00
332.00
56.00
17.00
7.00
30.00
17.00
13.00
1.00
52.00
200.00
155.00
279.00
39.00
30.00
20.00
71.00
66.00
92.00
28.00
43.00
6.00
80.00
121.00
59.00
69.00
141.00
0.00
0.00
36.00
15.00
171.00
558.00
1249.00
0.00
0.00
0.00
0.00
0.00
0.00
0.00
1.00
78.00
0.00
0.00
0.00
0.00
15.00
10.00
0.00
0.00
0.00
0.00
0.00
0.00
0.00
0.00
0.00
211.00
81.00
1.00
21.00
0.00
0.00
0.00
0.00
0.00
0.00
0.00
0.00
1.00
0.00
0.00
0.00
0.00
0.00
0.00
0.00
0.00
0.00
1.00
10.00
256.00
0.00
0.00
0.00
0.00
0.00
0.00
0.00
0.00
4.00
16.00
22.00
0.00
0.00
2.00
8.00
5.00
0.00
0.00
0.00
5.00
4.00
19.00
73.00
6.00
0.00
0.00
0.00
0.00
0.00
0.00
0.00
0.00
0.00
0.00
0.00
0.00
0.00
0.00
0.00
0.00
0.00
0.00
0.00
0.00
0.00
0.00
0.00
0.00
0.00
0.00
0.00
0.00
0.00
0.00
0.00
0.00
0.00
0.00
50.00
157.00
12.00
0.00
6.00
76.00
6.00
65.00
60.00
0.00
0.00
0.00
0.00
0.00
83.00
33.00
112.00
0.00
13.00
418.00
208.00
0.00
0.00
0.00
0.00
0.00
0.00
0.00
0.00
0.00
0.00
0.00
0.00
0.00
0.00
42.00
7.00
8.00
3.00
2.00
0.00
0.00
0.00
0.00
0.00
0.00
0.00
0.00
0.00
7.00
0.00
374.00
303.00
258.00
246.00
54.00
146.00
402.00
84.00
5.00
88.00
54.00
41.00
53.00
76.00
107.00
168.00
14.00
9.00
90.00
99.00
19.00
8.00
124.00
29.00
7.00
0.00
5.00
17.00
73.00
28.00
183.00
12.00
109.00
141.00
224.00
95.00
96.00
2.00
131.00
169.00
72.00
201.00
108.00
165.00
126.00
33.00
0.00
149.00
0.00
0.00
0.00
0.00
6.00
27.00
6.00
8.00
72.00
191.00
34.00
43.00
256.00
0.00
45.00
8.00
7.00
0.00
21.00
11.00
33.00
39.00
231.00
39.00
269.00
115.00
5.00
73.00
577.00
401.00
74.00
11.00
268.00
15.00
0.00
0.00
27.00
13.00
129.00
83.00
29.00
22.00
5.00
11.00
35.00
41.00
114.00
488.00
162.00
465.00
47.00
1.00
68.00
2.00
14.00
0.00
22.00
5.00
40.00
91.00
93.00
47.00
17.00
17.00
60.00
133.00
131.00
11.00
107.00
278.00
17.00
19.00
159.00
41.00
120.00
45.00
203.00
25.00
49.00
8.00
22.00
73.00
62.00
178.00
80.00
75.00
37.00
84.00
169.00
149.00
128.00
173.00
192.00
55.00
7.00
47.00
46.00
12.00
2.00
37.00
221.00
121.00
59.00
26.00
18.00
17.00
5.00
52.00
72.00
132.00
108.00
146.00
7.00
1.00
0.00
1.00
10.00
156.00
572.00
189.00
38.00
0.00
18.00
17.00
57.00
36.00
5.00
7.00
6.00
1.00
1.00
2.00
2.00
4.00
0.00
0.00
3.00
0.00
0.00
0.00
0.00
0.00
0.00
0.00
0.00
0.00
0.00
18.00
46.00
38.00
8.00
0.00
0.00
0.00
0.00
0.00
0.00
0.00
0.00
0.00
0.00
3.00
0.00
0.00
0.00
16.00
187.00
19.00
139.00
24.00
135.00
0.00
1.00
0.00
0.00
0.00
0.00
0.00
0.00
0.00
0.00
0.00
0.00
0.00
0.00
0.00
0.00
0.00
0.00
0.00
0.00
0.00
0.00
0.00
0.00
0.00
7.00
5.00
0.00
0.00
0.00
0.00
0.00
1.00
0.00
0.00
0.00
0.00
0.00
0.00
0.00
0.00
0.00
0.00
11.00
327.00
445.00
0.00
0.00
0.00
0.00
0.00
0.00
0.00
0.00
0.00
0.00
0.00
0.00
0.00
0.00
0.00
0.00
0.00
0.00
0.00
0.00
0.00
0.00
0.00
0.00
0.00
0.00
0.00
0.00
0.00
0.00
0.00
0.00
0.00
0.00
0.00
0.00
0.00
0.00
0.00
0.00
0.00
0.00
0.00
0.00
0.00
0.00
0.00
0.00
0.00
0.00
0.00
49.00
1.00
0.00
0.00
0.00
0.00
0.00
7.00
34.00
0.00
0.00
0.00
0.00
0.00
0.00
0.00
2.60
35.90
4.20
77.70
35.30
0.00
1.10
3.90
1.50
0.00
0.00
0.00
0.00
0.00
0.00
0.00
0.00
0.00
2.00
7.00
0.00
0.00
13.00
0.10
0.00
0.00
0.00
0.00
0.00
0.00
6.80
24.30
0.00
1.20
2.40
181.20
6.60
39.70
0.10
2.00
13.80
13.80
3.30
1.00
53.90
0.50
0.00
0.10
5.80
3.10
26.50
15.40
0.20
0.00
0.00
26.40
10.30
1.30
0.20
0.60
7.30
1.70
1.10
6.60
11.50
9.30
9.30
2.20
22.80
62.20
0.00
0.00
32.70
12.70
8.30
38.70
24.80
11.50
40.40
3.40
5.00
4.00
35.40
13.30
0.30
0.30
11.10
13.00
13.00
10.60
4.60
8.10
0.80
1.60
1.00
10.50
5.00
5.60
9.10
28.60
4.10
0.00
0.00
15.00
0.80
1.50
0.10
3.70
0.70
3.20
29.50
2.80
31.90
7.40
0.10
8.20
9.90
7.40
0.70
0.50
0.60
10.40
117.50
93.80
63.10
1.10
17.90
6.20
2.40
0.20
9.10
14.10
30.10
16.60
89.90
172.70
172.70
61.00
61.00
22.50
4.20
4.20
0.90
0.90
4.20
4.20
4.20
1.80
14.40
30.10
4.30
8.00
5.20
5.80
5.40
3.20
7.70
5.70
3.10
20.70
4.10
3.40
1.20
12.50
13.70
2.90
1.40
5.70
4.10
20.00
3.80
8.50
3.20
4.60
0.20
0.10
1.10
7.40
0.60
29.30
11.20
29.70
2.70
0.30
6.30
1.00
2.50
29.30
8.60
12.20
7.90
13.20
13.40
4.00
3.10
8.70
0.50
5.40
10.60
16.60
37.60
38.70
8.90
4.80
7.40
3.80
5.80
3.40
2.40
7.30
13.90
10.50
15.20
35.60
3.20
17.50
14.80
5.40
23.30
23.30
23.10
0.30
1.80
2.50
3.50
19.80
3.60
6.20
0.30
0.00
0.00
0.00
0.50
0.70
1.00
0.20
0.90
1.20
1.30
4.90
0.30
0.20
3.00
11.70
41.50
