20160101
0.00
0.00
0.00
0.00
0.00
0.00
0.00
0.00
0.00
0.00
0.00
0.00
0.00
0.00
0.00
0.00
0.00
0.00
64.00
0.00
0.00
0.00
0.00
0.00
0.00
0.00
23.00
0.00
0.00
0.00
0.00
0.00
0.00
0.00
0.00
0.00
0.00
0.00
80.00
0.00
0.00
0.00
0.00
0.00
0.00
0.00
7.00
0.00
0.00
0.00
19.00
0.00
0.00
0.00
0.00
0.00
0.00
0.00
0.00
0.00
0.00
0.00
0.00
0.00
1.00
11.00
0.00
0.00
0.00
0.00
0.00
0.00
12.00
3.00
0.00
0.00
0.00
0.00
0.00
31.00
0.00
0.00
0.00
0.00
0.00
0.00
73.00
53.00
0.00
1.00
480.00
14.00
0.00
0.00
0.00
44.00
0.00
1.00
0.00
0.00
0.00
0.00
0.00
0.00
0.00
0.00
9.00
2.00
205.00
0.00
0.00
0.00
0.00
0.00
0.00
0.00
0.00
56.00
15.00
0.00
2.00
64.00
22.00
3.00
173.00
0.00
13.00
249.00
7.00
0.00
274.00
2.00
120.00
121.00
218.00
216.00
18.00
44.00
299.00
50.00
55.00
45.00
0.00
2.00
215.00
37.00
0.00
46.00
0.00
1.00
9.00
0.00
0.00
0.00
0.00
0.00
0.00
1.00
0.00
0.00
0.00
0.00
269.00
32.00
0.00
323.00
1600.00
300.00
6.00
2.00
11.00
58.00
302.00
62.00
600.00
144.00
133.00
185.00
56.00
11.00
24.00
40.00
158.00
320.00
254.00
13.00
247.00
1.00
13.00
74.00
29.00
79.00
67.00
18.00
4.00
34.00
31.00
319.00
189.00
224.00
216.00
217.00
391.00
95.00
188.00
184.00
399.00
98.00
113.00
234.00
179.00
35.00
91.00
309.00
284.00
68.00
21.00
89.00
3.00
41.00
60.00
44.00
145.00
49.00
14.00
2.00
78.00
65.00
26.00
152.00
1.00
0.00
6.00
76.00
0.00
12.00
2.00
60.00
3.00
2.00
119.00
66.00
5.00
390.00
24.00
431.00
3.00
8.00
0.00
1.00
1.00
1.00
3.00
13.00
54.00
2.00
102.00
7.00
24.00
561.00
146.00
42.00
91.00
28.00
543.00
11.00
59.00
25.00
317.00
7.00
3.00
102.00
422.00
10.00
0.00
0.00
4.00
0.00
5.00
11.00
19.00
28.00
184.00
131.00
81.00
63.00
0.00
0.00
0.00
0.00
0.00
0.00
0.00
0.00
0.00
0.00
0.00
0.00
0.00
1.00
9.00
0.00
0.00
0.00
0.00
0.00
0.00
0.00
5.00
0.00
0.00
0.00
0.00
0.00
0.00
0.00
0.00
0.00
0.00
0.00
0.00
0.00
0.00
0.00
0.00
0.00
0.00
0.00
0.00
0.00
0.00
0.00
0.00
0.00
0.00
0.00
0.00
0.00
0.00
0.00
0.00
0.00
0.00
0.00
0.00
0.00
0.00
0.00
0.00
0.00
0.00
0.00
0.00
0.00
0.00
0.00
0.00
0.00
0.00
0.00
1.00
0.00
0.00
0.00
0.00
0.00
0.00
1.00
0.00
7.00
0.00
0.00
0.00
0.00
0.00
230.00
0.00
0.00
0.00
0.00
0.00
0.00
0.00
0.00
0.00
0.00
0.00
0.00
0.00
0.00
0.00
27.00
149.00
83.00
0.00
0.00
0.00
0.00
0.00
0.00
0.00
0.00
0.00
0.00
0.00
0.00
0.00
0.00
4.00
0.00
0.00
0.00
0.00
0.00
0.00
0.00
0.00
0.00
0.00
0.00
0.00
0.00
0.00
0.00
0.00
0.00
0.00
1.00
9.00
0.00
0.00
0.00
17.00
2.00
320.00
13.00
0.00
0.00
0.00
0.00
0.00
5.00
31.00
38.00
158.00
0.00
0.00
0.00
2.00
208.00
0.00
19.00
232.00
14.00
0.00
0.00
15.00
0.00
687.00
0.00
258.00
8.00
21.00
49.00
0.00
0.00
0.00
0.00
0.00
0.00
298.00
2.00
0.00
4.00
136.00
23.00
478.00
531.00
3.00
288.00
0.00
0.00
0.00
19.00
0.00
281.00
0.00
0.00
165.00
225.00
23.00
148.00
0.00
41.00
1279.00
1.00
30.00
8.00
38.00
583.00
280.00
0.00
18.00
551.00
5.00
204.00
110.00
216.00
0.00
0.00
85.00
234.00
0.00
5.00
49.00
72.00
97.00
26.00
176.00
332.00
9.00
127.00
1.00
15.00
97.00
55.00
2.00
18.00
233.00
49.00
158.00
0.00
235.00
4.00
1256.00
118.00
90.00
10.00
45.00
10.00
3.00
1.00
0.00
54.00
17.00
16.00
140.00
869.00
38.00
408.00
89.00
20.00
10.00
49.00
112.00
378.00
350.00
133.00
98.00
17.00
41.00
23.00
235.00
147.00
132.00
216.00
5.00
14.00
73.00
236.00
96.00
198.00
34.00
21.00
50.00
478.00
17.00
5.00
185.00
132.00
30.00
52.00
54.00
51.00
19.00
25.00
306.00
981.00
2024.00
676.00
152.00
113.00
96.00
20.00
80.00
42.00
77.00
63.00
44.00
133.00
53.00
24.00
14.00
656.00
273.00
27.00
2.00
14.00
35.00
251.00
244.00
106.00
4.00
7.00
13.00
140.00
408.00
167.00
351.00
30.00
5.00
19.00
37.00
7.00
1.00
268.00
22.00
49.00
170.00
0.00
0.00
56.00
27.00
0.00
0.00
16.00
251.00
197.00
115.00
59.00
265.00
92.00
0.00
0.00
1.00
46.00
35.00
6.00
0.00
0.00
4.00
43.00
0.00
1.00
0.00
0.00
0.00
2.00
607.00
218.00
0.00
0.00
0.00
0.00
0.00
0.00
0.00
0.00
29.00
0.00
0.00
0.00
0.00
0.00
0.00
0.00
0.00
0.00
0.00
0.00
0.00
0.00
0.00
0.00
6.00
81.00
0.00
0.00
0.00
0.00
0.00
0.00
0.00
0.00
0.00
0.00
0.00
0.00
0.00
0.00
0.00
0.00
0.00
0.00
0.00
0.00
0.00
0.00
0.00
0.00
0.00
0.00
0.00
0.00
0.00
0.00
0.00
0.00
0.00
0.00
0.00
0.00
0.00
0.00
0.00
0.00
0.00
0.00
0.00
0.00
0.00
0.00
0.00
0.00
0.00
0.00
0.00
0.00
0.00
0.00
0.00
0.00
0.00
0.00
0.00
0.00
0.00
0.00
0.00
0.00
0.00
0.00
0.00
0.00
0.00
0.00
0.00
0.00
0.00
0.00
0.00
0.00
0.00
0.00
0.00
0.00
0.00
3.00
991.00
2.00
1.00
57.00
50.00
346.00
744.00
455.00
0.00
0.00
0.00
0.00
0.00
0.00
0.00
0.00
0.00
0.00
33.00
485.00
0.00
0.00
0.00
0.00
0.00
0.00
1.00
0.00
0.00
0.00
0.00
0.00
0.00
0.00
1.00
0.00
0.00
0.00
15.00
0.00
0.00
0.00
0.00
0.00
0.00
0.00
0.00
0.00
0.00
0.00
134.00
692.00
77.00
0.00
6.00
0.00
0.00
58.00
0.00
1.00
36.00
246.00
0.00
20.00
13.00
0.00
26.00
0.00
0.00
109.00
1.00
29.00
56.00
4.00
0.00
0.00
17.00
13.00
17.00
23.00
44.00
29.00
144.00
3.00
92.00
39.00
423.00
0.00
51.00
85.00
0.00
121.00
92.00
138.00
0.00
0.00
0.00
385.00
6.00
0.00
0.00
0.00
0.00
0.00
0.00
0.00
156.00
121.00
39.00
101.00
163.00
4.00
10.00
10.00
108.00
0.00
0.00
119.00
0.00
5.00
177.00
12.00
52.00
148.00
10.00
3.00
173.00
570.00
66.00
0.00
18.00
32.00
32.00
0.00
6.00
4.00
1.00
25.00
21.00
1.00
3.00
12.00
0.00
1.00
304.00
183.00
100.00
8.00
1.00
0.00
4.00
1.00
2.00
7.00
5.00
42.00
10.00
71.00
34.00
20.00
11.00
19.00
55.00
237.00
35.00
4.00
21.00
74.00
1.00
21.00
16.00
67.00
20.00
55.00
91.00
673.00
243.00
11.00
18.00
134.00
131.00
38.00
7.00
18.00
20.00
81.00
282.00
52.00
20.00
164.00
59.00
65.00
2.00
189.00
68.00
11.00
31.00
279.00
321.00
65.00
18.00
109.00
27.00
11.00
27.00
43.00
7.00
61.00
49.00
85.00
91.00
2.00
0.00
5.00
10.00
194.00
284.00
299.00
370.00
63.00
51.00
6.00
0.00
3.00
0.00
69.00
1.00
1.00
0.00
4.00
3.00
70.00
0.00
189.00
0.00
0.00
0.00
0.00
0.00
0.00
0.00
0.00
0.00
0.00
0.00
4.00
472.00
18.00
0.00
0.00
0.00
0.00
0.00
0.00
0.00
0.00
0.00
0.00
0.00
0.00
0.00
0.00
0.00
0.00
0.00
0.00
0.00
0.00
0.00
0.00
0.00
0.00
0.00
0.00
0.00
0.00
0.00
0.00
0.00
0.00
0.00
0.00
0.00
0.00
0.00
0.00
0.00
0.00
0.00
0.00
0.00
0.00
0.00
0.00
0.00
0.00
0.00
0.00
0.00
0.00
0.00
12.00
0.00
0.00
0.00
0.00
0.00
0.00
0.00
0.00
0.00
0.00
3.00
381.00
556.00
0.00
0.00
0.00
0.00
0.00
0.00
0.00
0.00
0.00
0.00
0.00
0.00
0.00
0.00
0.00
0.00
0.00
0.00
0.00
0.00
0.00
0.00
0.00
0.00
0.00
0.00
0.00
0.00
0.00
0.00
0.00
0.00
0.00
0.00
0.00
0.00
0.00
0.00
5.00
5.00
0.00
0.00
0.00
0.00
0.00
0.00
0.00
0.00
0.00
0.00
2.00
47.00
3.00
0.00
1.00
3.00
0.00
1.00
14.00
19.00
0.00
0.00
0.00
0.00
0.00
0.00
0.00
0.30
3.90
0.00
14.10
5.70
0.00
0.00
0.10
0.00
0.00
0.00
0.00
0.00
0.00
0.00
0.00
0.00
0.00
2.30
0.20
0.00
0.00
6.80
0.00
0.00
0.00
0.00
0.00
0.00
0.00
12.30
0.00
0.00
22.70
0.00
75.00
1.50
5.60
0.00
5.30
30.60
15.20
0.40
25.40
18.00
0.00
0.00
0.00
8.20
23.00
33.40
23.30
0.00
0.00
0.00
0.00
0.10
0.00
0.00
0.00
0.00
0.70
0.00
4.30
0.70
6.70
6.70
2.40
50.60
74.60
0.00
0.00
0.00
0.00
0.00
0.00
19.10
21.80
8.20
2.50
8.50
0.10
22.00
33.60
10.50
10.50
18.40
48.70
48.70
7.70
3.40
6.80
54.80
7.20
11.60
33.80
19.60
8.40
37.50
0.50
0.30
0.70
0.00
0.00
0.00
0.00
17.90
1.10
0.00
12.00
21.50
13.80
104.50
4.50
0.30
19.30
69.20
1.10
0.30
0.00
0.00
63.20
38.90
85.60
49.70
1.60
1.00
2.80
0.30
0.00
0.10
1.00
27.50
29.20
59.60
102.90
102.90
44.90
44.90
33.70
2.90
2.90
1.80
1.40
2.90
2.90
2.90
7.80
69.00
130.80
25.50
5.20
17.20
11.90
3.50
7.10
3.20
4.50
5.00
4.80
1.20
8.00
12.90
32.10
17.00
12.70
5.10
9.30
0.70
63.10
8.00
10.60
18.10
37.50
1.90
1.50
1.90
1.20
2.00
19.00
8.10
4.50
2.00
0.70
1.60
19.50
4.50
5.30
23.40
1.80
12.00
8.90
7.40
1.70
0.60
1.30
0.30
2.70
16.40
1.90
3.40
5.20
0.20
32.00
52.80
3.70
1.00
0.30
20.10
5.60
14.20
30.80
17.00
39.50
1.10
2.30
22.90
45.30
88.70
88.70
0.00
1.70
0.00
0.20
3.80
30.90
39.50
1.30
0.00
0.80
0.00
0.00
0.00
0.20
0.00
0.00
0.00
0.30
0.60
0.10
0.10
0.00
0.30
22.00
120.00
