20160101
0.00
0.00
0.00
0.00
0.00
0.00
0.00
0.00
28.00
0.00
0.00
0.00
0.00
0.00
0.00
0.00
0.00
6.00
13.00
141.00
0.00
0.00
0.00
0.00
0.00
0.00
0.00
8.00
0.00
0.00
0.00
0.00
0.00
0.00
0.00
0.00
0.00
0.00
0.00
5.00
0.00
0.00
0.00
0.00
0.00
0.00
0.00
0.00
0.00
0.00
1.00
0.00
0.00
0.00
0.00
0.00
7.00
0.00
33.00
44.00
0.00
0.00
1.00
2.00
0.00
31.00
0.00
2.00
0.00
0.00
0.00
0.00
0.00
3.00
0.00
0.00
0.00
0.00
0.00
9.00
0.00
0.00
0.00
0.00
0.00
0.00
411.00
226.00
8.00
7.00
256.00
2.00
0.00
0.00
40.00
585.00
64.00
157.00
0.00
0.00
0.00
0.00
0.00
43.00
275.00
59.00
203.00
682.00
195.00
85.00
271.00
44.00
10.00
39.00
8.00
42.00
503.00
125.00
234.00
52.00
47.00
20.00
23.00
42.00
118.00
90.00
222.00
255.00
3.00
6.00
65.00
7.00
127.00
103.00
56.00
599.00
236.00
452.00
412.00
52.00
178.00
349.00
6.00
23.00
40.00
3.00
0.00
14.00
2.00
6.00
3.00
66.00
0.00
11.00
21.00
66.00
6.00
234.00
25.00
88.00
34.00
98.00
4.00
58.00
57.00
123.00
245.00
225.00
73.00
0.00
97.00
167.00
251.00
521.00
255.00
30.00
3.00
60.00
131.00
21.00
93.00
22.00
56.00
10.00
274.00
32.00
20.00
3.00
31.00
195.00
79.00
24.00
19.00
0.00
1.00
42.00
8.00
112.00
225.00
646.00
845.00
986.00
735.00
166.00
145.00
85.00
448.00
42.00
74.00
133.00
108.00
119.00
102.00
5.00
0.00
61.00
232.00
141.00
22.00
98.00
142.00
81.00
24.00
6.00
81.00
133.00
25.00
193.00
26.00
172.00
9.00
0.00
1.00
24.00
0.00
39.00
8.00
340.00
1.00
33.00
9.00
66.00
115.00
245.00
532.00
937.00
105.00
7.00
10.00
74.00
8.00
11.00
1.00
14.00
249.00
46.00
20.00
28.00
22.00
13.00
2.00
30.00
21.00
10.00
5.00
44.00
118.00
7.00
158.00
8.00
39.00
0.00
28.00
18.00
14.00
272.00
70.00
91.00
107.00
8.00
7.00
310.00
259.00
401.00
35.00
92.00
0.00
0.00
0.00
0.00
0.00
0.00
0.00
0.00
0.00
0.00
0.00
0.00
0.00
0.00
156.00
0.00
0.00
5.00
0.00
0.00
0.00
2.00
1.00
107.00
0.00
0.00
0.00
0.00
0.00
0.00
0.00
0.00
0.00
0.00
0.00
1.00
0.00
0.00
0.00
0.00
0.00
0.00
0.00
0.00
0.00
0.00
0.00
0.00
0.00
20.00
0.00
0.00
0.00
0.00
0.00
0.00
0.00
0.00
0.00
0.00
0.00
0.00
0.00
0.00
0.00
0.00
0.00
0.00
0.00
0.00
0.00
0.00
0.00
0.00
0.00
0.00
0.00
0.00
0.00
0.00
1.00
18.00
0.00
5.00
0.00
0.00
0.00
0.00
0.00
7.00
0.00
0.00
0.00
0.00
0.00
0.00
0.00
0.00
0.00
0.00
0.00
0.00
0.00
0.00
0.00
1.00
8.00
1.00
0.00
0.00
0.00
0.00
0.00
0.00
0.00
0.00
0.00
0.00
0.00
0.00
0.00
0.00
0.00
7.00
2.00
0.00
0.00
0.00
0.00
0.00
0.00
108.00
0.00
0.00
0.00
0.00
0.00
0.00
0.00
0.00
0.00
0.00
3.00
0.00
0.00
0.00
132.00
0.00
153.00
0.00
0.00
0.00
0.00
0.00
0.00
0.00
123.00
27.00
58.00
0.00
0.00
0.00
0.00
268.00
42.00
0.00
6.00
85.00
158.00
242.00
530.00
829.00
1085.00
82.00
7.00
0.00
127.00
8.00
0.00
0.00
0.00
0.00
82.00
0.00
380.00
3.00
0.00
1.00
195.00
203.00
479.00
160.00
0.00
82.00
44.00
131.00
18.00
185.00
11.00
319.00
18.00
0.00
41.00
146.00
420.00
773.00
1.00
14.00
105.00
2.00
12.00
0.00
21.00
69.00
304.00
10.00
0.00
286.00
35.00
251.00
92.00
67.00
67.00
145.00
277.00
156.00
0.00
20.00
72.00
198.00
30.00
212.00
349.00
45.00
0.00
2.00
65.00
103.00
26.00
160.00
125.00
211.00
763.00
1047.00
1.00
9.00
685.00
137.00
128.00
78.00
0.00
323.00
458.00
51.00
185.00
7.00
62.00
88.00
38.00
15.00
612.00
218.00
32.00
213.00
318.00
104.00
77.00
4.00
91.00
85.00
83.00
40.00
78.00
36.00
149.00
180.00
63.00
74.00
111.00
59.00
3.00
43.00
74.00
50.00
13.00
10.00
0.00
62.00
40.00
45.00
35.00
4.00
26.00
25.00
203.00
92.00
50.00
12.00
112.00
90.00
257.00
1805.00
739.00
908.00
1078.00
362.00
13.00
18.00
188.00
80.00
2.00
69.00
107.00
235.00
94.00
21.00
39.00
169.00
85.00
28.00
2.00
26.00
72.00
69.00
549.00
112.00
39.00
0.00
0.00
0.00
362.00
547.00
33.00
20.00
70.00
4.00
141.00
24.00
0.00
590.00
15.00
324.00
63.00
46.00
1.00
10.00
22.00
0.00
6.00
59.00
508.00
227.00
249.00
85.00
16.00
11.00
37.00
47.00
34.00
21.00
16.00
0.00
38.00
29.00
15.00
85.00
121.00
0.00
0.00
0.00
4.00
318.00
753.00
1186.00
0.00
0.00
0.00
0.00
0.00
0.00
0.00
2.00
69.00
0.00
0.00
9.00
1.00
83.00
8.00
0.00
0.00
1.00
0.00
0.00
0.00
0.00
0.00
5.00
224.00
71.00
8.00
7.00
1.00
0.00
0.00
0.00
0.00
0.00
0.00
8.00
0.00
0.00
0.00
0.00
0.00
0.00
0.00
0.00
0.00
5.00
0.00
1.00
201.00
1.00
0.00
0.00
0.00
0.00
0.00
0.00
0.00
8.00
7.00
7.00
0.00
0.00
0.00
0.00
0.00
0.00
0.00
0.00
6.00
8.00
7.00
55.00
1.00
0.00
0.00
0.00
0.00
13.00
1.00
0.00
0.00
0.00
0.00
0.00
0.00
0.00
0.00
0.00
0.00
0.00
0.00
0.00
0.00
0.00
0.00
0.00
0.00
0.00
0.00
0.00
0.00
0.00
0.00
0.00
0.00
0.00
3.00
32.00
113.00
6.00
3.00
19.00
61.00
2.00
9.00
33.00
0.00
0.00
0.00
0.00
0.00
113.00
0.00
3.00
0.00
0.00
473.00
305.00
0.00
0.00
0.00
0.00
0.00
0.00
0.00
0.00
0.00
0.00
0.00
0.00
0.00
0.00
57.00
0.00
7.00
2.00
3.00
0.00
0.00
0.00
0.00
0.00
0.00
3.00
0.00
0.00
3.00
1.00
510.00
472.00
299.00
6.00
3.00
83.00
504.00
218.00
3.00
49.00
60.00
50.00
21.00
65.00
92.00
172.00
22.00
1.00
8.00
37.00
9.00
27.00
53.00
16.00
8.00
0.00
2.00
5.00
75.00
34.00
88.00
3.00
131.00
135.00
213.00
63.00
112.00
2.00
115.00
123.00
67.00
172.00
112.00
216.00
77.00
23.00
0.00
218.00
0.00
0.00
0.00
0.00
0.00
6.00
2.00
25.00
319.00
204.00
57.00
33.00
182.00
0.00
2.00
8.00
0.00
0.00
6.00
3.00
69.00
34.00
3.00
12.00
102.00
146.00
3.00
260.00
864.00
554.00
86.00
1.00
202.00
34.00
1.00
1.00
51.00
10.00
222.00
152.00
20.00
33.00
7.00
5.00
50.00
94.00
193.00
525.00
190.00
545.00
27.00
0.00
61.00
12.00
11.00
0.00
10.00
6.00
42.00
101.00
83.00
54.00
16.00
16.00
24.00
148.00
103.00
11.00
112.00
231.00
149.00
14.00
136.00
82.00
102.00
41.00
129.00
30.00
120.00
3.00
23.00
61.00
43.00
208.00
56.00
54.00
18.00
78.00
128.00
137.00
34.00
129.00
59.00
50.00
3.00
25.00
48.00
4.00
3.00
28.00
298.00
102.00
110.00
5.00
16.00
10.00
8.00
7.00
70.00
288.00
123.00
148.00
20.00
1.00
0.00
0.00
12.00
264.00
608.00
264.00
213.00
0.00
7.00
52.00
46.00
19.00
2.00
5.00
0.00
0.00
1.00
11.00
8.00
23.00
0.00
0.00
21.00
0.00
0.00
0.00
0.00
0.00
0.00
0.00
0.00
0.00
0.00
18.00
12.00
28.00
26.00
0.00
0.00
0.00
0.00
0.00
0.00
0.00
0.00
0.00
0.00
0.00
0.00
0.00
1.00
25.00
0.00
0.00
0.00
93.00
0.00
0.00
10.00
1.00
0.00
0.00
0.00
0.00
0.00
0.00
0.00
0.00
0.00
0.00
0.00
0.00
0.00
0.00
0.00
0.00
0.00
0.00
0.00
0.00
0.00
0.00
0.00
0.00
0.00
0.00
0.00
0.00
0.00
7.00
0.00
0.00
0.00
0.00
3.00
0.00
0.00
0.00
0.00
0.00
5.00
126.00
307.00
0.00
0.00
0.00
0.00
0.00
0.00
0.00
0.00
0.00
0.00
0.00
0.00
0.00
0.00
0.00
0.00
0.00
0.00
0.00
0.00
0.00
0.00
0.00
0.00
0.00
0.00
0.00
0.00
0.00
0.00
0.00
0.00
0.00
0.00
0.00
0.00
0.00
0.00
0.00
0.00
0.00
0.00
0.00
0.00
1.00
0.00
0.00
0.00
0.00
0.00
0.00
30.00
1.00
3.00
15.00
1.00
0.00
0.00
4.00
18.00
0.00
1.00
0.00
0.00
0.00
0.00
0.00
3.20
23.10
4.10
72.60
28.90
0.00
0.00
0.20
3.20
0.00
0.00
0.00
0.00
0.00
0.00
0.00
0.00
0.00
1.60
5.40
0.00
0.00
5.80
0.10
0.00
0.90
1.30
0.00
0.00
0.00
4.70
10.40
0.00
4.40
2.50
148.40
5.70
43.60
0.00
7.00
13.20
8.90
1.10
0.40
66.00
0.10
0.00
0.00
1.40
6.00
31.40
20.90
0.00
0.00
0.00
17.80
10.20
0.90
0.00
2.10
0.00
0.00
2.30
10.00
11.80
8.20
8.20
3.40
22.20
55.00
0.20
3.40
36.10
22.60
14.00
43.70
56.10
11.60
36.80
2.20
5.20
1.60
40.40
15.50
0.10
0.10
21.30
14.60
14.60
8.50
1.30
9.50
3.60
0.90
0.80
12.10
3.10
3.90
10.30
48.10
11.30
0.00
0.10
3.10
0.30
0.30
0.00
0.10
0.00
6.00
25.70
1.90
40.70
6.50
0.30
8.10
14.70
17.00
0.00
0.00
0.30
39.70
111.60
111.20
67.20
1.20
11.60
2.00
1.40
0.60
7.70
11.40
27.90
7.20
93.80
242.90
242.90
89.70
89.70
26.20
6.80
6.80
0.80
0.00
6.80
6.80
6.80
3.60
16.00
35.60
4.30
21.20
1.90
6.70
3.30
1.30
5.00
4.00
2.80
14.50
2.10
4.50
1.50
8.50
9.70
2.70
2.40
6.80
3.20
14.50
8.20
13.00
9.90
1.00
0.40
0.00
0.10
1.30
1.80
26.60
10.70
22.00
2.00
0.10
4.20
0.60
0.70
21.70
6.10
4.30
5.50
14.40
10.00
1.20
2.40
5.20
0.30
28.30
18.30
14.80
43.00
33.80
8.60
7.40
11.50
9.10
9.30
1.40
0.70
3.60
14.30
10.90
33.70
29.70
3.40
31.10
11.20
2.90
24.60
24.60
18.10
0.30
1.80
1.90
1.20
13.40
5.30
8.40
0.10
0.00
0.30
0.40
0.90
0.80
0.00
0.00
0.20
0.20
0.50
4.90
0.30
0.20
3.00
11.70
41.50
