20160101
0.00
0.00
0.00
0.00
0.00
0.00
0.00
0.00
54.00
0.00
0.00
0.00
1.00
0.00
0.00
0.00
0.00
0.00
0.00
85.00
0.00
0.00
0.00
0.00
0.00
7.00
49.00
0.00
0.00
9.00
0.00
0.00
0.00
0.00
0.00
0.00
0.00
1.00
11.00
0.00
0.00
0.00
0.00
0.00
0.00
0.00
0.00
0.00
0.00
0.00
1.00
0.00
0.00
0.00
0.00
0.00
9.00
0.00
0.00
0.00
0.00
0.00
54.00
93.00
0.00
4.00
0.00
9.00
0.00
0.00
0.00
0.00
25.00
0.00
4.00
0.00
0.00
0.00
1.00
0.00
34.00
0.00
2.00
0.00
0.00
0.00
53.00
217.00
25.00
61.00
105.00
6.00
0.00
1.00
18.00
130.00
4.00
37.00
49.00
1.00
0.00
17.00
0.00
1.00
236.00
13.00
179.00
227.00
101.00
87.00
48.00
38.00
0.00
73.00
62.00
1.00
101.00
59.00
152.00
53.00
314.00
88.00
98.00
16.00
23.00
0.00
11.00
1.00
14.00
0.00
6.00
118.00
15.00
59.00
36.00
186.00
374.00
169.00
49.00
28.00
77.00
566.00
0.00
0.00
2.00
2.00
2.00
26.00
6.00
4.00
6.00
95.00
7.00
0.00
10.00
147.00
13.00
111.00
157.00
57.00
4.00
20.00
37.00
15.00
3.00
0.00
15.00
116.00
444.00
1.00
0.00
51.00
16.00
6.00
3.00
9.00
76.00
1.00
191.00
7.00
58.00
20.00
182.00
63.00
155.00
116.00
3.00
43.00
11.00
76.00
97.00
27.00
70.00
7.00
0.00
17.00
8.00
19.00
0.00
5.00
13.00
1.00
36.00
37.00
38.00
34.00
153.00
35.00
40.00
76.00
33.00
505.00
1.00
26.00
0.00
37.00
195.00
82.00
70.00
46.00
182.00
63.00
8.00
96.00
155.00
9.00
203.00
84.00
44.00
68.00
45.00
0.00
85.00
94.00
3.00
6.00
0.00
190.00
1.00
11.00
53.00
78.00
67.00
32.00
59.00
4.00
870.00
45.00
160.00
37.00
30.00
2.00
37.00
80.00
32.00
81.00
41.00
1.00
0.00
145.00
79.00
86.00
31.00
158.00
108.00
46.00
5.00
29.00
57.00
50.00
0.00
58.00
751.00
4.00
0.00
15.00
0.00
0.00
0.00
51.00
38.00
3.00
42.00
34.00
21.00
38.00
16.00
0.00
0.00
0.00
0.00
0.00
0.00
0.00
0.00
0.00
0.00
3.00
0.00
0.00
55.00
0.00
0.00
0.00
0.00
0.00
0.00
2.00
44.00
231.00
209.00
19.00
0.00
0.00
0.00
0.00
0.00
0.00
0.00
0.00
0.00
0.00
0.00
0.00
0.00
0.00
0.00
0.00
0.00
0.00
0.00
0.00
0.00
0.00
0.00
0.00
0.00
0.00
0.00
0.00
0.00
0.00
0.00
0.00
0.00
0.00
0.00
0.00
0.00
0.00
0.00
0.00
0.00
0.00
0.00
0.00
0.00
0.00
0.00
0.00
115.00
0.00
0.00
0.00
0.00
0.00
0.00
0.00
0.00
5.00
0.00
0.00
0.00
0.00
0.00
1.00
0.00
0.00
0.00
0.00
0.00
0.00
0.00
0.00
0.00
0.00
0.00
0.00
0.00
0.00
0.00
0.00
12.00
0.00
0.00
0.00
0.00
0.00
0.00
0.00
0.00
0.00
0.00
0.00
0.00
0.00
0.00
0.00
0.00
0.00
0.00
0.00
0.00
0.00
0.00
0.00
0.00
0.00
3.00
0.00
0.00
0.00
0.00
0.00
0.00
0.00
0.00
0.00
24.00
6.00
0.00
0.00
137.00
1.00
326.00
71.00
3.00
0.00
0.00
0.00
0.00
43.00
187.00
12.00
135.00
0.00
0.00
0.00
0.00
55.00
31.00
1.00
27.00
85.00
109.00
210.00
373.00
574.00
1151.00
330.00
4.00
0.00
21.00
34.00
0.00
0.00
0.00
0.00
1.00
0.00
48.00
3.00
0.00
0.00
98.00
10.00
29.00
22.00
1.00
0.00
28.00
41.00
49.00
94.00
1.00
103.00
4.00
0.00
11.00
9.00
97.00
229.00
1.00
54.00
53.00
21.00
0.00
0.00
53.00
66.00
19.00
29.00
11.00
29.00
13.00
65.00
36.00
32.00
101.00
77.00
100.00
157.00
11.00
57.00
146.00
830.00
3.00
196.00
389.00
12.00
5.00
10.00
7.00
10.00
948.00
23.00
252.00
579.00
101.00
53.00
0.00
61.00
128.00
384.00
153.00
123.00
4.00
10.00
31.00
72.00
443.00
20.00
86.00
65.00
61.00
39.00
270.00
59.00
20.00
61.00
68.00
312.00
134.00
6.00
61.00
98.00
266.00
80.00
41.00
22.00
1.00
63.00
58.00
2.00
68.00
305.00
0.00
4.00
195.00
94.00
26.00
58.00
36.00
32.00
178.00
71.00
141.00
9.00
0.00
6.00
81.00
223.00
33.00
34.00
6.00
29.00
11.00
138.00
354.00
324.00
32.00
2.00
18.00
34.00
237.00
52.00
3.00
72.00
58.00
0.00
27.00
7.00
164.00
339.00
24.00
192.00
48.00
50.00
66.00
28.00
4.00
40.00
8.00
0.00
8.00
94.00
4.00
0.00
33.00
230.00
14.00
38.00
1.00
1.00
6.00
65.00
1.00
61.00
35.00
0.00
3.00
167.00
135.00
0.00
140.00
216.00
432.00
64.00
124.00
13.00
98.00
22.00
0.00
0.00
348.00
20.00
60.00
54.00
0.00
0.00
20.00
10.00
2.00
0.00
0.00
0.00
3.00
52.00
408.00
992.00
0.00
0.00
0.00
0.00
0.00
0.00
0.00
660.00
1140.00
0.00
0.00
0.00
0.00
0.00
0.00
0.00
0.00
0.00
0.00
0.00
0.00
0.00
0.00
15.00
190.00
51.00
1.00
0.00
0.00
0.00
0.00
0.00
0.00
0.00
0.00
0.00
0.00
0.00
0.00
0.00
0.00
0.00
0.00
0.00
0.00
0.00
1.00
0.00
17.00
24.00
0.00
0.00
0.00
0.00
0.00
0.00
0.00
0.00
20.00
0.00
0.00
0.00
0.00
0.00
0.00
0.00
0.00
0.00
0.00
0.00
57.00
163.00
224.00
110.00
0.00
0.00
0.00
0.00
0.00
0.00
0.00
0.00
0.00
0.00
0.00
0.00
0.00
0.00
0.00
0.00
0.00
0.00
0.00
0.00
0.00
0.00
0.00
0.00
0.00
0.00
0.00
0.00
0.00
0.00
0.00
0.00
0.00
1.00
2.00
0.00
0.00
9.00
25.00
0.00
0.00
0.00
0.00
0.00
0.00
0.00
0.00
0.00
0.00
0.00
0.00
0.00
117.00
859.00
0.00
0.00
0.00
39.00
0.00
0.00
7.00
42.00
0.00
0.00
0.00
0.00
21.00
37.00
31.00
0.00
0.00
56.00
4.00
26.00
0.00
0.00
0.00
0.00
28.00
0.00
0.00
40.00
8.00
0.00
47.00
137.00
28.00
22.00
11.00
0.00
0.00
4.00
0.00
15.00
20.00
16.00
49.00
32.00
206.00
31.00
27.00
0.00
0.00
22.00
58.00
57.00
1.00
11.00
1.00
6.00
0.00
36.00
17.00
16.00
301.00
27.00
80.00
127.00
72.00
15.00
41.00
10.00
112.00
102.00
3.00
944.00
300.00
26.00
0.00
32.00
0.00
53.00
0.00
0.00
11.00
3.00
0.00
0.00
0.00
2.00
69.00
179.00
34.00
3.00
4.00
0.00
8.00
4.00
0.00
6.00
0.00
8.00
0.00
15.00
0.00
48.00
120.00
182.00
241.00
633.00
711.00
444.00
33.00
73.00
0.00
0.00
0.00
0.00
1.00
0.00
25.00
5.00
49.00
36.00
87.00
3.00
0.00
5.00
22.00
116.00
67.00
78.00
7.00
0.00
59.00
2.00
1.00
0.00
326.00
130.00
42.00
140.00
94.00
100.00
20.00
6.00
0.00
237.00
89.00
33.00
78.00
110.00
64.00
3.00
24.00
34.00
15.00
174.00
374.00
370.00
5.00
0.00
271.00
311.00
4.00
115.00
66.00
2.00
22.00
16.00
18.00
42.00
7.00
85.00
450.00
9.00
11.00
18.00
94.00
22.00
0.00
30.00
6.00
169.00
385.00
52.00
14.00
0.00
0.00
34.00
34.00
4.00
3.00
297.00
1.00
2.00
0.00
2.00
85.00
21.00
3.00
45.00
13.00
9.00
0.00
0.00
0.00
30.00
72.00
44.00
42.00
0.00
0.00
21.00
0.00
0.00
29.00
23.00
21.00
0.00
0.00
0.00
0.00
0.00
0.00
0.00
0.00
0.00
0.00
8.00
83.00
138.00
114.00
5.00
0.00
0.00
0.00
0.00
0.00
0.00
0.00
0.00
0.00
0.00
0.00
0.00
13.00
49.00
74.00
30.00
0.00
0.00
49.00
0.00
0.00
0.00
4.00
0.00
0.00
0.00
0.00
0.00
0.00
0.00
0.00
0.00
0.00
0.00
0.00
0.00
0.00
0.00
0.00
0.00
0.00
0.00
0.00
0.00
0.00
0.00
0.00
0.00
0.00
0.00
0.00
4.00
0.00
0.00
0.00
0.00
0.00
0.00
0.00
0.00
0.00
0.00
0.00
247.00
884.00
0.00
0.00
0.00
0.00
0.00
0.00
0.00
0.00
0.00
0.00
0.00
0.00
0.00
0.00
0.00
0.00
0.00
0.00
0.00
0.00
0.00
0.00
0.00
0.00
0.00
0.00
0.00
0.00
0.00
0.00
0.00
0.00
0.00
0.00
0.00
0.00
0.00
0.00
0.00
0.00
0.00
2.00
0.00
0.00
1.00
0.00
0.00
0.00
0.00
0.00
0.00
6.00
3.00
0.00
0.00
0.00
7.00
0.00
0.00
25.00
0.00
0.00
0.00
0.00
0.00
0.00
0.00
0.00
16.50
0.10
58.10
86.90
0.00
0.00
0.40
0.00
0.00
0.00
0.00
0.00
0.00
0.00
0.00
0.00
0.00
0.00
0.00
10.80
15.40
16.50
17.80
0.00
0.00
21.60
0.00
0.00
0.00
9.90
13.90
0.00
0.00
0.00
50.50
9.80
39.00
0.00
7.70
10.70
23.40
15.80
17.60
11.70
0.00
0.00
0.00
0.50
12.20
5.20
5.30
6.60
1.80
0.20
10.90
0.30
2.90
0.00
0.00
0.00
0.70
1.10
14.00
3.80
3.80
3.80
0.10
27.80
105.10
11.00
0.00
9.70
5.80
21.10
13.60
46.20
5.60
15.40
1.30
2.50
0.00
6.00
12.50
0.00
0.00
4.20
24.70
24.70
4.50
0.30
1.60
1.00
0.00
1.50
1.90
8.60
0.40
0.20
6.20
3.20
0.40
0.70
1.40
0.20
1.60
2.40
0.30
1.70
2.30
24.60
4.30
5.30
1.10
4.80
6.50
12.10
5.90
3.60
0.30
0.50
2.20
30.30
21.80
2.60
0.40
1.60
8.50
5.60
3.20
2.50
21.70
62.80
27.90
2.70
15.20
15.20
49.10
49.10
2.80
3.40
3.40
1.80
0.00
3.40
3.40
3.40
0.70
8.20
3.00
1.80
20.80
34.60
13.90
24.70
0.50
8.70
5.60
4.50
50.90
4.10
1.40
0.50
3.80
39.30
24.70
0.40
1.00
0.10
34.50
9.90
0.40
0.90
0.20
0.40
0.20
0.20
0.50
0.20
5.90
5.50
0.70
0.30
11.10
90.80
10.80
0.70
0.60
6.40
0.30
2.60
22.60
8.50
11.00
7.90
4.80
0.90
1.40
5.00
5.10
3.30
1.00
0.80
2.80
15.30
0.40
1.90
0.00
0.20
16.30
10.60
10.50
21.00
11.50
0.10
0.00
3.60
2.10
12.00
12.00
9.30
0.00
0.00
2.00
15.40
20.80
4.90
2.50
3.20
0.00
0.00
0.00
0.00
0.10
0.00
0.00
0.00
0.00
0.80
2.40
0.20
0.90
0.10
0.70
6.20
