20160101
0.00
0.00
0.00
0.00
0.00
0.00
0.00
0.00
0.00
0.00
0.00
0.00
2.00
0.00
0.00
0.00
0.00
0.00
0.00
10.00
0.00
0.00
0.00
0.00
0.00
0.00
0.00
0.00
0.00
0.00
0.00
0.00
0.00
0.00
0.00
0.00
0.00
2.00
2.00
0.00
0.00
0.00
0.00
0.00
0.00
0.00
0.00
0.00
0.00
0.00
1.00
1.00
0.00
0.00
0.00
0.00
9.00
0.00
0.00
0.00
0.00
0.00
0.00
1.00
0.00
21.00
0.00
0.00
0.00
0.00
0.00
0.00
0.00
0.00
0.00
0.00
0.00
0.00
6.00
4.00
0.00
0.00
0.00
0.00
0.00
0.00
109.00
286.00
54.00
15.00
218.00
0.00
1.00
13.00
154.00
385.00
91.00
42.00
18.00
301.00
0.00
0.00
0.00
56.00
329.00
48.00
205.00
318.00
154.00
132.00
131.00
679.00
24.00
1.00
1.00
77.00
570.00
148.00
52.00
5.00
51.00
174.00
8.00
96.00
120.00
102.00
29.00
340.00
1.00
7.00
19.00
8.00
124.00
120.00
318.00
612.00
12.00
341.00
496.00
20.00
116.00
304.00
0.00
3.00
6.00
8.00
0.00
123.00
5.00
14.00
32.00
27.00
0.00
0.00
243.00
290.00
315.00
545.00
93.00
90.00
27.00
24.00
5.00
4.00
2.00
249.00
222.00
351.00
30.00
164.00
273.00
601.00
331.00
619.00
1055.00
119.00
8.00
56.00
36.00
6.00
76.00
113.00
95.00
5.00
256.00
69.00
73.00
15.00
69.00
414.00
113.00
30.00
30.00
0.00
87.00
138.00
24.00
91.00
314.00
541.00
495.00
1205.00
170.00
247.00
158.00
326.00
395.00
29.00
48.00
51.00
114.00
61.00
56.00
7.00
0.00
92.00
500.00
408.00
8.00
30.00
152.00
47.00
137.00
42.00
235.00
109.00
48.00
248.00
10.00
92.00
7.00
0.00
0.00
13.00
0.00
0.00
0.00
231.00
2.00
0.00
81.00
4.00
553.00
964.00
1554.00
269.00
83.00
13.00
11.00
139.00
71.00
26.00
3.00
25.00
93.00
194.00
74.00
8.00
1.00
122.00
40.00
11.00
3.00
149.00
122.00
162.00
435.00
26.00
194.00
34.00
0.00
1.00
57.00
0.00
8.00
146.00
10.00
0.00
44.00
65.00
4.00
331.00
75.00
54.00
4.00
80.00
0.00
0.00
0.00
0.00
0.00
0.00
0.00
0.00
0.00
0.00
0.00
0.00
0.00
5.00
110.00
0.00
0.00
0.00
0.00
0.00
0.00
0.00
23.00
196.00
0.00
0.00
0.00
0.00
0.00
0.00
0.00
0.00
0.00
0.00
0.00
0.00
0.00
0.00
0.00
0.00
0.00
0.00
0.00
0.00
0.00
0.00
0.00
0.00
0.00
38.00
0.00
0.00
0.00
0.00
0.00
0.00
0.00
0.00
0.00
0.00
0.00
0.00
0.00
0.00
0.00
0.00
0.00
0.00
0.00
0.00
0.00
0.00
0.00
0.00
0.00
0.00
0.00
0.00
0.00
0.00
0.00
0.00
1.00
0.00
0.00
0.00
0.00
0.00
0.00
1.00
0.00
0.00
0.00
0.00
0.00
0.00
0.00
0.00
0.00
0.00
0.00
0.00
0.00
0.00
0.00
0.00
16.00
0.00
0.00
0.00
0.00
0.00
0.00
0.00
0.00
0.00
0.00
0.00
0.00
0.00
0.00
0.00
0.00
0.00
0.00
0.00
0.00
0.00
0.00
0.00
88.00
0.00
7.00
0.00
0.00
0.00
0.00
0.00
0.00
0.00
0.00
0.00
81.00
0.00
0.00
0.00
186.00
0.00
293.00
3.00
0.00
0.00
0.00
0.00
0.00
39.00
128.00
47.00
50.00
0.00
0.00
0.00
3.00
228.00
10.00
58.00
1.00
169.00
206.00
603.00
606.00
829.00
552.00
6.00
100.00
0.00
18.00
61.00
21.00
0.00
0.00
0.00
0.00
0.00
363.00
28.00
0.00
5.00
917.00
291.00
497.00
197.00
6.00
147.00
141.00
271.00
0.00
147.00
8.00
145.00
51.00
0.00
118.00
204.00
417.00
421.00
36.00
7.00
66.00
2.00
52.00
95.00
2.00
124.00
365.00
2.00
5.00
321.00
133.00
320.00
254.00
186.00
259.00
95.00
651.00
164.00
5.00
17.00
120.00
196.00
77.00
392.00
400.00
111.00
1.00
2.00
2.00
34.00
71.00
11.00
162.00
183.00
825.00
793.00
134.00
140.00
665.00
70.00
340.00
292.00
2.00
527.00
450.00
113.00
960.00
20.00
17.00
31.00
108.00
23.00
1222.00
441.00
67.00
372.00
308.00
48.00
49.00
10.00
42.00
102.00
151.00
66.00
128.00
184.00
30.00
100.00
6.00
16.00
181.00
25.00
44.00
240.00
289.00
7.00
1.00
3.00
10.00
22.00
7.00
65.00
38.00
80.00
303.00
145.00
173.00
78.00
439.00
64.00
270.00
322.00
102.00
2028.00
1198.00
1385.00
963.00
387.00
64.00
6.00
253.00
121.00
45.00
31.00
272.00
592.00
139.00
25.00
62.00
378.00
152.00
46.00
15.00
34.00
111.00
93.00
957.00
167.00
193.00
10.00
5.00
3.00
787.00
1305.00
428.00
91.00
0.00
1.00
82.00
0.00
5.00
391.00
55.00
281.00
126.00
224.00
63.00
110.00
25.00
6.00
49.00
228.00
672.00
306.00
227.00
139.00
8.00
6.00
1.00
1.00
65.00
3.00
21.00
3.00
7.00
0.00
12.00
107.00
797.00
0.00
0.00
16.00
3.00
411.00
712.00
1751.00
0.00
0.00
0.00
0.00
0.00
0.00
0.00
6.00
57.00
0.00
0.00
4.00
0.00
0.00
1.00
0.00
0.00
0.00
0.00
0.00
0.00
0.00
0.00
19.00
257.00
112.00
1.00
0.00
0.00
0.00
0.00
0.00
0.00
0.00
0.00
0.00
0.00
0.00
0.00
0.00
0.00
0.00
0.00
0.00
0.00
0.00
1.00
46.00
236.00
8.00
0.00
0.00
0.00
0.00
0.00
0.00
0.00
1.00
35.00
0.00
0.00
0.00
0.00
0.00
0.00
0.00
0.00
0.00
0.00
0.00
0.00
175.00
5.00
0.00
0.00
0.00
0.00
0.00
0.00
0.00
0.00
0.00
0.00
0.00
0.00
0.00
0.00
0.00
0.00
0.00
0.00
0.00
0.00
0.00
0.00
0.00
0.00
0.00
0.00
0.00
0.00
0.00
0.00
0.00
0.00
0.00
0.00
0.00
178.00
2.00
11.00
18.00
53.00
18.00
32.00
19.00
0.00
0.00
0.00
0.00
0.00
0.00
0.00
0.00
0.00
0.00
389.00
339.00
0.00
0.00
0.00
0.00
0.00
0.00
0.00
0.00
0.00
0.00
0.00
0.00
0.00
70.00
14.00
0.00
41.00
58.00
0.00
0.00
0.00
0.00
0.00
0.00
0.00
0.00
2.00
7.00
0.00
630.00
1010.00
281.00
448.00
0.00
14.00
0.00
0.00
227.00
6.00
81.00
92.00
219.00
11.00
84.00
28.00
91.00
89.00
6.00
0.00
0.00
3.00
7.00
170.00
77.00
0.00
73.00
202.00
0.00
14.00
0.00
115.00
7.00
140.00
84.00
303.00
0.00
131.00
0.00
256.00
326.00
138.00
179.00
171.00
220.00
2.00
3.00
0.00
152.00
0.00
0.00
0.00
21.00
4.00
17.00
102.00
107.00
26.00
460.00
140.00
26.00
164.00
1.00
113.00
35.00
5.00
14.00
31.00
20.00
53.00
5.00
0.00
8.00
31.00
57.00
5.00
489.00
710.00
473.00
272.00
15.00
170.00
82.00
27.00
32.00
301.00
107.00
544.00
464.00
26.00
99.00
50.00
2.00
160.00
484.00
367.00
414.00
360.00
553.00
4.00
0.00
118.00
21.00
11.00
6.00
17.00
160.00
123.00
319.00
120.00
137.00
43.00
9.00
31.00
316.00
71.00
22.00
134.00
163.00
313.00
78.00
117.00
281.00
129.00
188.00
70.00
55.00
130.00
1.00
7.00
45.00
73.00
309.00
35.00
83.00
23.00
243.00
202.00
112.00
51.00
900.00
31.00
12.00
3.00
12.00
50.00
6.00
22.00
164.00
305.00
185.00
190.00
17.00
56.00
1.00
12.00
13.00
17.00
375.00
567.00
547.00
7.00
0.00
0.00
1.00
199.00
1541.00
784.00
668.00
1089.00
14.00
1.00
0.00
38.00
89.00
27.00
26.00
0.00
9.00
3.00
115.00
128.00
3.00
2.00
7.00
17.00
0.00
0.00
0.00
0.00
0.00
0.00
0.00
0.00
0.00
0.00
24.00
8.00
57.00
53.00
0.00
0.00
0.00
0.00
0.00
0.00
0.00
0.00
0.00
0.00
0.00
0.00
0.00
18.00
35.00
20.00
14.00
0.00
0.00
0.00
0.00
11.00
0.00
0.00
0.00
0.00
0.00
0.00
0.00
0.00
0.00
0.00
0.00
0.00
0.00
0.00
0.00
0.00
0.00
0.00
4.00
0.00
0.00
0.00
0.00
0.00
0.00
0.00
0.00
0.00
0.00
0.00
43.00
0.00
0.00
0.00
0.00
0.00
0.00
0.00
0.00
0.00
0.00
1.00
55.00
89.00
0.00
0.00
0.00
0.00
0.00
0.00
0.00
0.00
0.00
0.00
0.00
0.00
0.00
0.00
0.00
0.00
0.00
0.00
0.00
0.00
0.00
0.00
0.00
0.00
0.00
0.00
0.00
0.00
0.00
0.00
0.00
0.00
0.00
0.00
0.00
0.00
0.00
0.00
0.00
0.00
0.00
0.00
0.00
0.00
0.00
0.00
0.00
0.00
0.00
0.00
0.00
15.00
1.00
0.00
0.00
0.00
0.00
2.00
0.00
15.00
0.00
0.00
0.00
0.00
0.00
0.00
0.00
1.50
21.70
4.00
49.40
5.20
0.00
0.00
0.00
0.00
0.00
0.00
0.00
0.00
0.00
0.00
0.00
0.00
0.00
0.00
0.00
0.00
0.00
0.20
0.00
0.00
2.00
20.80
0.00
0.00
0.00
2.10
0.90
0.00
2.80
3.90
152.10
7.80
44.10
0.00
10.60
4.00
24.90
0.00
1.70
54.10
0.00
0.70
0.40
0.20
0.00
10.50
7.50
0.00
0.00
0.00
1.10
21.20
1.30
0.00
0.00
0.00
0.00
7.30
36.40
24.80
14.70
14.70
4.70
51.90
70.60
36.10
3.10
45.70
76.50
41.60
37.90
28.00
22.20
24.60
1.30
13.60
0.00
64.60
22.10
1.20
1.20
14.00
26.00
26.00
18.20
3.40
36.00
7.00
2.50
0.60
11.60
13.00
3.30
3.40
155.60
22.50
0.00
4.90
1.00
0.00
3.20
0.20
15.30
0.00
25.00
32.40
2.60
31.20
1.70
0.40
16.70
14.50
10.90
1.50
7.30
15.60
172.00
150.10
160.90
91.40
3.40
34.90
2.50
5.80
1.20
3.90
6.90
10.60
5.60
57.10
120.40
120.40
125.30
125.30
131.60
21.10
21.10
0.80
5.60
21.10
21.10
21.10
24.90
66.10
110.70
8.70
7.50
18.90
5.30
4.00
2.30
16.30
13.00
2.20
25.20
6.10
1.50
1.40
8.80
21.70
1.10
69.70
3.30
1.30
27.70
23.70
53.50
40.90
6.30
1.10
0.00
1.10
0.10
3.50
51.80
43.60
32.50
7.60
5.00
8.80
0.70
1.20
7.00
13.20
1.20
5.50
63.00
12.50
4.60
3.70
25.70
3.40
26.50
13.30
6.60
14.40
41.80
28.00
22.70
16.10
5.10
0.00
0.00
2.00
3.10
22.50
45.30
42.00
37.50
0.50
5.40
7.70
3.40
45.20
45.20
50.80
0.20
0.10
0.50
0.90
10.10
5.90
10.20
4.50
0.00
0.00
0.00
0.00
0.00
0.00
0.00
0.00
0.30
0.00
2.60
0.00
0.30
1.80
20.20
109.10
