20160101
0.00
0.00
0.00
0.00
0.00
0.00
0.00
0.00
21.00
0.00
0.00
0.00
2.00
0.00
0.00
0.00
0.00
0.00
0.00
56.00
0.00
0.00
0.00
0.00
0.00
0.00
0.00
0.00
0.00
0.00
0.00
0.00
0.00
0.00
0.00
0.00
0.00
1.00
5.00
0.00
0.00
0.00
0.00
0.00
0.00
0.00
0.00
0.00
0.00
0.00
0.00
0.00
0.00
0.00
0.00
0.00
7.00
0.00
0.00
0.00
0.00
0.00
0.00
0.00
16.00
26.00
4.00
0.00
0.00
0.00
0.00
0.00
8.00
2.00
0.00
1.00
0.00
0.00
0.00
26.00
35.00
0.00
0.00
0.00
0.00
0.00
329.00
157.00
21.00
24.00
146.00
5.00
0.00
1.00
47.00
635.00
111.00
289.00
5.00
2.00
0.00
98.00
7.00
127.00
343.00
80.00
388.00
255.00
275.00
362.00
296.00
96.00
65.00
607.00
74.00
56.00
278.00
160.00
167.00
18.00
231.00
477.00
135.00
47.00
118.00
37.00
193.00
161.00
2.00
46.00
8.00
4.00
93.00
114.00
27.00
548.00
372.00
447.00
307.00
28.00
41.00
319.00
5.00
0.00
34.00
12.00
0.00
1.00
13.00
0.00
13.00
152.00
0.00
0.00
15.00
64.00
1.00
185.00
134.00
100.00
18.00
4.00
0.00
11.00
0.00
194.00
154.00
80.00
181.00
0.00
126.00
223.00
164.00
1167.00
267.00
125.00
8.00
40.00
159.00
1.00
39.00
100.00
29.00
49.00
95.00
14.00
2.00
12.00
49.00
179.00
101.00
89.00
18.00
22.00
49.00
28.00
22.00
78.00
53.00
169.00
496.00
508.00
71.00
147.00
94.00
45.00
297.00
14.00
83.00
143.00
52.00
41.00
29.00
6.00
0.00
79.00
289.00
162.00
11.00
5.00
175.00
67.00
4.00
8.00
324.00
193.00
30.00
111.00
9.00
91.00
12.00
0.00
12.00
26.00
0.00
5.00
0.00
148.00
2.00
11.00
5.00
42.00
335.00
430.00
572.00
212.00
16.00
0.00
7.00
106.00
14.00
1.00
0.00
49.00
217.00
70.00
124.00
9.00
58.00
5.00
13.00
45.00
92.00
414.00
32.00
108.00
121.00
31.00
140.00
0.00
40.00
156.00
1.00
2.00
12.00
151.00
1.00
0.00
6.00
0.00
16.00
106.00
160.00
158.00
4.00
44.00
0.00
0.00
0.00
0.00
0.00
0.00
0.00
0.00
0.00
0.00
0.00
0.00
0.00
0.00
156.00
0.00
0.00
0.00
0.00
0.00
0.00
4.00
31.00
184.00
2.00
0.00
0.00
0.00
0.00
0.00
0.00
0.00
0.00
0.00
0.00
0.00
0.00
0.00
0.00
0.00
0.00
0.00
0.00
0.00
0.00
0.00
0.00
0.00
0.00
62.00
0.00
0.00
0.00
0.00
0.00
0.00
0.00
0.00
0.00
0.00
0.00
0.00
0.00
0.00
0.00
0.00
0.00
0.00
0.00
0.00
0.00
0.00
0.00
0.00
25.00
0.00
0.00
0.00
0.00
0.00
0.00
0.00
0.00
0.00
0.00
0.00
0.00
0.00
0.00
1.00
0.00
0.00
0.00
0.00
0.00
0.00
0.00
0.00
0.00
0.00
0.00
0.00
0.00
0.00
0.00
0.00
17.00
0.00
0.00
0.00
0.00
0.00
0.00
0.00
0.00
0.00
0.00
0.00
0.00
0.00
0.00
0.00
0.00
0.00
0.00
0.00
0.00
0.00
0.00
0.00
0.00
296.00
23.00
0.00
0.00
0.00
0.00
0.00
0.00
0.00
0.00
0.00
0.00
94.00
0.00
0.00
44.00
0.00
492.00
19.00
0.00
0.00
0.00
0.00
0.00
96.00
350.00
25.00
57.00
0.00
0.00
0.00
0.00
254.00
3.00
45.00
2.00
144.00
109.00
668.00
806.00
1186.00
1391.00
211.00
2.00
0.00
91.00
66.00
25.00
0.00
0.00
0.00
5.00
57.00
335.00
0.00
0.00
8.00
539.00
160.00
530.00
47.00
0.00
59.00
290.00
265.00
7.00
103.00
163.00
521.00
16.00
0.00
39.00
113.00
564.00
915.00
7.00
7.00
30.00
0.00
16.00
0.00
5.00
58.00
197.00
7.00
0.00
125.00
135.00
251.00
123.00
191.00
97.00
201.00
335.00
111.00
1.00
9.00
137.00
259.00
42.00
139.00
539.00
119.00
0.00
8.00
6.00
26.00
20.00
73.00
148.00
132.00
297.00
179.00
208.00
0.00
663.00
349.00
180.00
120.00
0.00
113.00
447.00
59.00
282.00
19.00
29.00
53.00
76.00
8.00
604.00
181.00
12.00
203.00
373.00
39.00
74.00
16.00
12.00
70.00
68.00
57.00
72.00
0.00
17.00
242.00
28.00
8.00
159.00
67.00
3.00
95.00
91.00
70.00
10.00
13.00
1.00
7.00
15.00
119.00
73.00
1.00
13.00
5.00
64.00
104.00
73.00
6.00
110.00
55.00
64.00
1011.00
982.00
610.00
546.00
185.00
52.00
11.00
202.00
116.00
0.00
20.00
130.00
80.00
10.00
2.00
24.00
142.00
14.00
38.00
0.00
19.00
40.00
46.00
499.00
445.00
47.00
1.00
0.00
0.00
419.00
690.00
298.00
43.00
0.00
9.00
4.00
0.00
0.00
175.00
131.00
270.00
84.00
60.00
1.00
16.00
15.00
0.00
28.00
31.00
504.00
179.00
246.00
63.00
1.00
0.00
25.00
6.00
24.00
0.00
209.00
0.00
10.00
9.00
11.00
63.00
223.00
7.00
0.00
0.00
3.00
214.00
443.00
1380.00
0.00
0.00
0.00
0.00
0.00
0.00
0.00
7.00
358.00
0.00
0.00
0.00
0.00
0.00
0.00
0.00
0.00
0.00
0.00
0.00
0.00
0.00
0.00
10.00
311.00
73.00
5.00
0.00
0.00
0.00
0.00
0.00
0.00
0.00
0.00
0.00
0.00
0.00
0.00
0.00
0.00
0.00
0.00
0.00
0.00
0.00
0.00
0.00
270.00
55.00
0.00
0.00
0.00
0.00
0.00
0.00
0.00
0.00
12.00
2.00
8.00
0.00
0.00
0.00
0.00
0.00
0.00
0.00
2.00
0.00
0.00
64.00
0.00
0.00
0.00
0.00
0.00
0.00
0.00
0.00
0.00
0.00
0.00
0.00
0.00
0.00
0.00
0.00
0.00
0.00
0.00
0.00
0.00
0.00
0.00
0.00
0.00
0.00
0.00
0.00
0.00
0.00
0.00
0.00
0.00
0.00
0.00
0.00
74.00
14.00
0.00
11.00
7.00
0.00
0.00
1.00
0.00
0.00
0.00
0.00
0.00
55.00
0.00
0.00
0.00
0.00
407.00
297.00
0.00
0.00
0.00
0.00
0.00
0.00
0.00
0.00
0.00
0.00
0.00
0.00
0.00
0.00
7.00
0.00
64.00
30.00
0.00
0.00
0.00
0.00
0.00
0.00
0.00
0.00
0.00
0.00
0.00
90.00
360.00
263.00
195.00
1.00
8.00
1.00
0.00
117.00
1.00
42.00
43.00
21.00
118.00
129.00
63.00
168.00
44.00
0.00
228.00
48.00
2.00
0.00
45.00
34.00
13.00
0.00
12.00
0.00
21.00
0.00
170.00
2.00
190.00
165.00
95.00
0.00
40.00
4.00
181.00
202.00
109.00
223.00
156.00
245.00
129.00
81.00
0.00
148.00
0.00
0.00
0.00
0.00
0.00
0.00
0.00
0.00
478.00
830.00
302.00
16.00
122.00
0.00
13.00
18.00
0.00
0.00
0.00
27.00
25.00
11.00
9.00
20.00
93.00
60.00
14.00
792.00
981.00
730.00
164.00
1.00
248.00
5.00
1.00
0.00
12.00
71.00
166.00
299.00
23.00
46.00
11.00
0.00
0.00
85.00
279.00
416.00
356.00
631.00
16.00
0.00
109.00
34.00
6.00
0.00
68.00
26.00
74.00
248.00
90.00
99.00
34.00
33.00
0.00
190.00
67.00
23.00
65.00
48.00
312.00
83.00
65.00
257.00
18.00
17.00
81.00
67.00
13.00
0.00
0.00
87.00
42.00
449.00
50.00
28.00
12.00
34.00
216.00
34.00
12.00
81.00
167.00
14.00
0.00
28.00
68.00
9.00
10.00
83.00
205.00
80.00
122.00
8.00
26.00
0.00
0.00
1.00
27.00
138.00
59.00
183.00
45.00
0.00
0.00
0.00
52.00
217.00
250.00
369.00
200.00
0.00
9.00
3.00
30.00
16.00
7.00
2.00
5.00
0.00
3.00
18.00
0.00
6.00
1.00
0.00
0.00
1.00
0.00
0.00
0.00
0.00
0.00
0.00
0.00
0.00
0.00
28.00
16.00
68.00
109.00
0.00
0.00
0.00
0.00
0.00
0.00
0.00
0.00
0.00
0.00
0.00
0.00
0.00
0.00
29.00
20.00
6.00
0.00
0.00
0.00
0.00
0.00
0.00
0.00
0.00
0.00
0.00
0.00
0.00
0.00
0.00
0.00
0.00
0.00
0.00
0.00
0.00
0.00
0.00
0.00
0.00
0.00
0.00
0.00
0.00
0.00
0.00
0.00
0.00
0.00
0.00
0.00
2.00
0.00
0.00
0.00
0.00
0.00
0.00
0.00
0.00
0.00
0.00
9.00
52.00
117.00
0.00
0.00
0.00
0.00
0.00
0.00
0.00
0.00
0.00
0.00
0.00
0.00
0.00
0.00
0.00
0.00
0.00
0.00
0.00
0.00
0.00
0.00
0.00
0.00
0.00
0.00
0.00
0.00
0.00
0.00
0.00
0.00
0.00
0.00
0.00
0.00
0.00
0.00
0.00
0.00
0.00
0.00
0.00
0.00
0.00
0.00
0.00
0.00
0.00
0.00
0.00
8.00
0.00
1.00
0.00
0.00
0.00
0.00
0.00
4.00
0.00
0.00
0.00
0.00
0.00
0.00
0.00
0.00
32.60
4.60
59.50
21.30
0.00
0.00
0.00
0.00
0.00
0.00
0.00
0.00
0.00
0.00
0.00
0.00
0.00
0.00
0.10
0.00
0.00
0.10
0.90
0.00
0.00
3.80
0.00
0.00
0.00
1.00
14.80
0.00
0.00
0.00
170.50
15.10
61.80
0.00
16.20
9.50
67.20
2.70
0.40
38.70
0.00
0.00
0.60
0.00
0.00
23.70
26.20
0.90
0.00
0.60
25.00
10.80
1.50
0.00
0.20
3.50
0.00
1.60
8.20
20.20
49.10
49.10
0.90
41.70
100.20
5.70
0.20
25.60
37.90
23.10
57.60
25.10
13.80
83.40
6.50
7.70
1.30
18.60
13.60
0.00
0.00
21.30
20.00
20.00
5.20
9.00
18.80
0.10
0.00
0.00
10.70
2.70
0.80
2.00
49.40
15.50
0.00
0.20
1.40
0.10
16.90
4.40
4.00
0.00
17.60
21.40
0.70
32.90
16.50
0.00
12.80
7.30
5.20
0.20
0.00
4.40
56.40
143.30
118.50
71.70
0.00
2.20
2.00
2.70
0.20
15.00
10.20
14.00
7.40
49.10
140.80
140.80
93.00
93.00
23.90
3.90
3.90
4.10
0.00
3.90
3.90
3.90
2.30
33.70
41.80
0.70
9.20
7.00
3.50
4.40
3.20
13.00
9.80
0.80
14.00
2.30
0.20
0.00
5.50
12.60
2.20
3.70
2.00
0.10
8.00
2.30
24.50
20.90
5.90
2.50
0.00
0.00
1.70
1.60
12.40
7.10
22.30
1.70
0.50
4.10
0.40
0.00
6.10
5.90
0.10
5.70
6.50
8.20
0.30
6.40
14.40
2.10
4.40
7.30
0.40
11.30
28.50
11.70
3.90
1.40
0.70
0.80
0.80
0.00
0.10
8.70
27.40
10.70
8.70
0.20
16.20
5.30
20.70
14.50
14.50
40.30
10.10
0.20
0.00
0.30
0.30
0.10
1.20
0.00
0.00
0.00
0.00
0.30
0.10
0.00
0.00
0.00
0.00
0.00
2.60
0.00
0.30
1.80
20.20
109.10
