20160101
0.00
0.00
0.00
0.00
0.00
0.00
0.00
0.00
0.00
0.00
0.00
0.00
0.00
0.00
0.00
0.00
0.00
0.00
9.00
0.00
0.00
0.00
0.00
0.00
0.00
0.00
0.00
0.00
0.00
0.00
0.00
0.00
0.00
0.00
0.00
0.00
0.00
6.00
2.00
0.00
0.00
0.00
0.00
0.00
0.00
0.00
0.00
0.00
0.00
0.00
9.00
1.00
0.00
0.00
0.00
0.00
0.00
0.00
0.00
0.00
0.00
0.00
1.00
0.00
0.00
0.00
0.00
0.00
0.00
0.00
0.00
0.00
8.00
12.00
0.00
0.00
1.00
0.00
4.00
101.00
1.00
0.00
0.00
0.00
0.00
0.00
171.00
319.00
0.00
22.00
529.00
15.00
0.00
0.00
26.00
402.00
0.00
0.00
0.00
0.00
0.00
0.00
0.00
0.00
32.00
28.00
235.00
303.00
384.00
51.00
88.00
97.00
0.00
1.00
0.00
0.00
42.00
32.00
379.00
9.00
22.00
285.00
7.00
13.00
230.00
283.00
73.00
270.00
5.00
24.00
135.00
5.00
226.00
312.00
416.00
585.00
126.00
371.00
557.00
81.00
64.00
60.00
1.00
182.00
49.00
13.00
0.00
38.00
0.00
0.00
323.00
79.00
76.00
0.00
0.00
1.00
46.00
113.00
54.00
25.00
90.00
0.00
10.00
5.00
0.00
15.00
254.00
124.00
113.00
25.00
38.00
55.00
117.00
87.00
464.00
367.00
64.00
132.00
36.00
16.00
35.00
66.00
70.00
412.00
266.00
380.00
152.00
45.00
8.00
71.00
116.00
110.00
105.00
1.00
4.00
26.00
93.00
200.00
276.00
28.00
177.00
69.00
503.00
62.00
117.00
132.00
434.00
56.00
18.00
45.00
294.00
109.00
56.00
379.00
53.00
162.00
133.00
126.00
74.00
106.00
88.00
22.00
56.00
21.00
21.00
3.00
73.00
257.00
10.00
51.00
77.00
0.00
0.00
88.00
0.00
5.00
1.00
205.00
32.00
0.00
138.00
157.00
15.00
65.00
8.00
397.00
52.00
42.00
6.00
0.00
0.00
3.00
1.00
89.00
118.00
45.00
20.00
27.00
69.00
12.00
76.00
218.00
139.00
37.00
169.00
163.00
176.00
60.00
144.00
1.00
1.00
27.00
135.00
7.00
0.00
2.00
49.00
1.00
25.00
0.00
146.00
72.00
235.00
56.00
217.00
6.00
0.00
0.00
0.00
0.00
0.00
0.00
0.00
0.00
0.00
0.00
0.00
0.00
0.00
0.00
114.00
0.00
0.00
0.00
0.00
0.00
0.00
0.00
0.00
0.00
0.00
0.00
0.00
0.00
0.00
0.00
0.00
0.00
0.00
0.00
0.00
0.00
0.00
0.00
0.00
0.00
0.00
0.00
0.00
0.00
0.00
0.00
0.00
0.00
0.00
1.00
0.00
0.00
0.00
0.00
0.00
0.00
0.00
0.00
0.00
0.00
0.00
0.00
0.00
0.00
0.00
0.00
0.00
0.00
0.00
0.00
0.00
0.00
0.00
0.00
328.00
0.00
0.00
0.00
0.00
0.00
0.00
0.00
0.00
4.00
0.00
0.00
0.00
0.00
0.00
21.00
0.00
0.00
0.00
0.00
0.00
0.00
0.00
0.00
0.00
0.00
0.00
0.00
0.00
0.00
0.00
8.00
4.00
7.00
0.00
0.00
0.00
0.00
0.00
0.00
0.00
0.00
0.00
0.00
0.00
0.00
0.00
0.00
0.00
0.00
0.00
0.00
0.00
0.00
0.00
0.00
0.00
0.00
0.00
0.00
0.00
0.00
0.00
0.00
0.00
0.00
0.00
0.00
0.00
0.00
0.00
0.00
17.00
10.00
130.00
18.00
0.00
0.00
0.00
0.00
0.00
2.00
290.00
24.00
312.00
0.00
0.00
0.00
0.00
336.00
3.00
0.00
8.00
3.00
104.00
38.00
369.00
805.00
363.00
60.00
22.00
0.00
22.00
18.00
0.00
0.00
0.00
0.00
2.00
0.00
135.00
5.00
0.00
2.00
1302.00
94.00
818.00
669.00
0.00
74.00
0.00
1.00
0.00
190.00
0.00
76.00
1.00
0.00
450.00
127.00
72.00
100.00
55.00
199.00
165.00
2.00
6.00
2.00
28.00
240.00
324.00
53.00
17.00
196.00
18.00
75.00
0.00
165.00
87.00
42.00
403.00
218.00
0.00
15.00
90.00
97.00
30.00
28.00
81.00
9.00
0.00
138.00
0.00
14.00
121.00
239.00
16.00
66.00
1417.00
312.00
205.00
30.00
439.00
25.00
308.00
120.00
45.00
4.00
84.00
2.00
181.00
48.00
5.00
64.00
36.00
35.00
111.00
331.00
108.00
685.00
250.00
119.00
50.00
90.00
53.00
291.00
132.00
93.00
100.00
0.00
47.00
84.00
44.00
36.00
293.00
40.00
43.00
11.00
86.00
290.00
3.00
108.00
16.00
31.00
25.00
85.00
28.00
21.00
116.00
65.00
87.00
47.00
177.00
13.00
32.00
69.00
294.00
913.00
1409.00
349.00
232.00
112.00
14.00
37.00
69.00
55.00
46.00
100.00
50.00
170.00
44.00
0.00
11.00
508.00
202.00
14.00
32.00
56.00
364.00
99.00
86.00
48.00
0.00
12.00
3.00
85.00
101.00
194.00
504.00
287.00
8.00
25.00
13.00
4.00
1.00
203.00
24.00
179.00
384.00
57.00
0.00
94.00
17.00
6.00
3.00
63.00
80.00
1096.00
1008.00
34.00
64.00
54.00
0.00
0.00
154.00
42.00
54.00
6.00
13.00
1.00
14.00
174.00
53.00
0.00
0.00
0.00
11.00
19.00
808.00
780.00
0.00
0.00
0.00
0.00
0.00
0.00
0.00
0.00
14.00
0.00
0.00
0.00
0.00
0.00
0.00
0.00
0.00
0.00
0.00
0.00
0.00
0.00
0.00
0.00
64.00
83.00
1.00
0.00
0.00
0.00
0.00
0.00
0.00
0.00
0.00
0.00
0.00
0.00
0.00
0.00
0.00
0.00
0.00
0.00
0.00
0.00
0.00
0.00
0.00
0.00
0.00
0.00
0.00
0.00
0.00
0.00
0.00
0.00
1.00
0.00
0.00
0.00
0.00
0.00
0.00
0.00
0.00
0.00
0.00
0.00
0.00
0.00
0.00
0.00
0.00
0.00
0.00
0.00
0.00
0.00
0.00
0.00
0.00
0.00
0.00
0.00
0.00
0.00
0.00
0.00
0.00
0.00
0.00
0.00
0.00
0.00
0.00
0.00
0.00
0.00
0.00
0.00
0.00
0.00
0.00
0.00
0.00
6.00
74.00
6.00
0.00
35.00
1.00
25.00
28.00
38.00
0.00
0.00
0.00
0.00
0.00
1.00
0.00
0.00
0.00
0.00
268.00
608.00
0.00
0.00
0.00
5.00
0.00
0.00
0.00
0.00
0.00
0.00
0.00
0.00
0.00
30.00
2.00
0.00
0.00
0.00
0.00
0.00
0.00
0.00
0.00
0.00
0.00
0.00
0.00
0.00
0.00
0.00
556.00
333.00
146.00
3.00
0.00
34.00
0.00
46.00
0.00
24.00
27.00
167.00
2.00
188.00
41.00
13.00
1.00
0.00
12.00
4.00
9.00
6.00
68.00
10.00
0.00
0.00
37.00
121.00
64.00
4.00
7.00
12.00
71.00
2.00
177.00
12.00
347.00
4.00
68.00
141.00
27.00
284.00
321.00
57.00
18.00
42.00
0.00
301.00
1.00
0.00
11.00
0.00
0.00
0.00
0.00
102.00
109.00
99.00
346.00
590.00
54.00
0.00
1.00
12.00
12.00
1.00
1.00
10.00
1.00
26.00
48.00
13.00
22.00
238.00
149.00
21.00
605.00
763.00
73.00
24.00
38.00
225.00
0.00
0.00
12.00
0.00
11.00
67.00
35.00
31.00
21.00
9.00
0.00
1.00
256.00
220.00
42.00
33.00
2.00
24.00
13.00
25.00
6.00
4.00
29.00
213.00
90.00
254.00
172.00
17.00
50.00
70.00
77.00
627.00
109.00
9.00
32.00
309.00
2.00
20.00
1.00
44.00
9.00
186.00
153.00
594.00
157.00
1.00
80.00
104.00
246.00
34.00
10.00
74.00
7.00
18.00
296.00
106.00
91.00
559.00
94.00
47.00
0.00
178.00
135.00
43.00
26.00
30.00
116.00
67.00
23.00
225.00
31.00
0.00
5.00
90.00
57.00
190.00
73.00
148.00
264.00
3.00
0.00
0.00
2.00
8.00
1104.00
366.00
37.00
122.00
0.00
0.00
6.00
3.00
0.00
65.00
62.00
6.00
14.00
62.00
18.00
0.00
0.00
37.00
0.00
0.00
0.00
0.00
0.00
0.00
0.00
19.00
0.00
0.00
0.00
7.00
340.00
85.00
0.00
0.00
0.00
0.00
0.00
0.00
0.00
0.00
0.00
0.00
0.00
0.00
0.00
0.00
0.00
0.00
0.00
494.00
0.00
0.00
0.00
0.00
0.00
0.00
0.00
0.00
0.00
0.00
0.00
0.00
0.00
0.00
0.00
0.00
0.00
0.00
0.00
0.00
0.00
0.00
0.00
0.00
0.00
0.00
0.00
0.00
0.00
0.00
0.00
0.00
0.00
0.00
0.00
51.00
0.00
0.00
0.00
0.00
0.00
0.00
0.00
0.00
0.00
0.00
2.00
370.00
1285.00
0.00
0.00
0.00
0.00
0.00
0.00
0.00
0.00
0.00
0.00
0.00
0.00
0.00
0.00
0.00
0.00
0.00
12.00
0.00
0.00
0.00
0.00
0.00
0.00
0.00
0.00
0.00
0.00
0.00
0.00
0.00
0.00
0.00
0.00
0.00
0.00
0.00
0.00
16.00
16.00
0.00
0.00
0.00
0.00
0.00
0.00
0.00
0.00
0.00
0.00
0.00
58.00
0.00
0.00
0.00
1.00
0.00
0.00
9.00
20.00
0.00
0.00
0.00
0.00
0.00
0.00
0.00
2.30
4.70
0.00
43.30
4.70
0.00
0.00
0.00
0.00
0.00
0.00
0.00
0.00
0.00
0.00
0.00
0.00
0.00
2.10
1.00
0.00
0.00
27.30
2.00
0.00
0.00
0.00
0.00
0.00
0.00
10.00
0.00
0.00
25.00
8.80
157.20
4.20
40.20
0.00
18.40
36.50
21.00
3.70
5.50
21.10
0.10
0.00
3.00
1.00
7.30
51.90
34.00
0.00
0.00
0.00
0.00
14.20
0.20
0.00
0.10
0.00
0.00
26.50
85.50
5.80
4.20
4.20
4.50
50.60
99.70
0.00
0.00
12.70
0.00
0.00
47.10
75.60
29.50
5.40
11.80
18.30
6.30
52.80
36.30
4.80
4.80
10.20
37.30
37.30
14.20
1.40
0.40
25.90
4.00
17.60
24.10
3.40
1.30
7.40
15.10
0.20
0.00
0.30
0.90
0.00
0.00
6.70
8.10
0.70
3.70
4.80
6.60
127.40
3.20
8.30
8.90
23.00
9.40
0.40
0.20
1.00
38.20
131.00
67.10
22.40
3.30
7.00
11.90
0.70
0.00
2.50
10.00
31.60
27.10
40.90
135.50
135.50
90.70
90.70
37.90
14.30
14.30
3.30
0.00
14.30
14.30
14.30
4.40
28.20
94.40
52.90
8.10
18.00
6.00
0.80
0.00
13.50
10.70
4.60
4.40
0.90
64.90
1.70
27.30
61.50
4.90
1.90
11.00
1.20
17.60
4.60
2.50
7.10
6.40
0.20
0.20
0.00
3.50
0.90
27.20
44.60
18.90
1.30
0.70
1.10
24.60
2.70
18.00
23.20
2.40
22.30
23.60
8.80
3.70
6.80
2.50
0.30
3.00
3.70
12.00
16.50
19.60
2.00
20.90
4.10
2.50
0.00
0.00
0.20
3.90
18.60
10.30
31.60
40.40
0.00
31.60
52.60
24.20
123.50
123.50
2.10
0.00
0.90
9.90
2.30
26.00
25.40
7.30
0.00
0.00
0.00
0.00
0.00
0.20
0.00
0.00
0.10
0.20
0.10
0.10
0.10
0.00
0.30
22.00
120.00
