20160101
0.00
0.00
0.00
0.00
0.00
0.00
0.00
0.00
52.00
0.00
0.00
0.00
0.00
0.00
0.00
0.00
0.00
0.00
0.00
149.00
0.00
0.00
0.00
0.00
0.00
20.00
191.00
0.00
0.00
0.00
0.00
0.00
0.00
0.00
0.00
0.00
2.00
3.00
3.00
0.00
0.00
0.00
0.00
0.00
0.00
0.00
0.00
0.00
0.00
0.00
0.00
0.00
0.00
0.00
2.00
0.00
8.00
0.00
81.00
20.00
0.00
30.00
12.00
138.00
0.00
6.00
0.00
1.00
0.00
0.00
0.00
0.00
4.00
11.00
1.00
0.00
0.00
0.00
5.00
0.00
0.00
0.00
0.00
0.00
0.00
0.00
292.00
296.00
15.00
27.00
167.00
40.00
1.00
4.00
49.00
357.00
3.00
23.00
0.00
79.00
0.00
0.00
0.00
0.00
71.00
1.00
495.00
343.00
108.00
87.00
652.00
101.00
4.00
57.00
0.00
31.00
178.00
85.00
599.00
141.00
105.00
28.00
92.00
34.00
45.00
63.00
49.00
202.00
2.00
35.00
42.00
40.00
17.00
62.00
116.00
444.00
143.00
385.00
93.00
42.00
281.00
344.00
15.00
35.00
66.00
41.00
4.00
9.00
29.00
35.00
8.00
77.00
60.00
9.00
0.00
74.00
157.00
341.00
76.00
23.00
108.00
88.00
158.00
172.00
90.00
10.00
41.00
375.00
121.00
18.00
147.00
8.00
61.00
195.00
36.00
27.00
106.00
241.00
240.00
81.00
224.00
50.00
99.00
70.00
202.00
85.00
23.00
23.00
98.00
136.00
181.00
113.00
31.00
5.00
3.00
53.00
124.00
40.00
89.00
284.00
129.00
481.00
285.00
85.00
230.00
116.00
653.00
33.00
121.00
131.00
17.00
76.00
39.00
25.00
0.00
68.00
229.00
158.00
46.00
85.00
294.00
13.00
2.00
44.00
43.00
155.00
128.00
213.00
56.00
36.00
69.00
11.00
1.00
36.00
1.00
64.00
58.00
273.00
23.00
176.00
79.00
109.00
375.00
57.00
199.00
139.00
71.00
31.00
2.00
77.00
79.00
31.00
0.00
88.00
178.00
238.00
78.00
96.00
39.00
248.00
134.00
375.00
241.00
213.00
121.00
129.00
113.00
12.00
100.00
0.00
36.00
83.00
83.00
344.00
84.00
18.00
1.00
298.00
182.00
135.00
173.00
47.00
56.00
348.00
100.00
31.00
0.00
0.00
0.00
0.00
0.00
7.00
0.00
0.00
0.00
0.00
0.00
0.00
0.00
0.00
145.00
0.00
0.00
15.00
0.00
0.00
0.00
0.00
23.00
109.00
13.00
0.00
0.00
0.00
0.00
0.00
0.00
0.00
0.00
0.00
0.00
0.00
0.00
0.00
0.00
0.00
0.00
0.00
0.00
0.00
0.00
0.00
0.00
0.00
0.00
18.00
0.00
0.00
0.00
0.00
0.00
0.00
0.00
0.00
0.00
0.00
0.00
0.00
0.00
1.00
0.00
0.00
0.00
0.00
0.00
0.00
0.00
0.00
0.00
0.00
329.00
0.00
2.00
2.00
10.00
4.00
3.00
30.00
264.00
173.00
0.00
0.00
0.00
0.00
0.00
113.00
0.00
0.00
0.00
0.00
0.00
0.00
0.00
0.00
0.00
0.00
0.00
0.00
0.00
0.00
0.00
1.00
15.00
43.00
0.00
0.00
0.00
0.00
0.00
0.00
0.00
0.00
0.00
0.00
0.00
0.00
0.00
0.00
0.00
0.00
0.00
0.00
0.00
0.00
0.00
0.00
0.00
3.00
0.00
0.00
0.00
0.00
0.00
0.00
0.00
0.00
0.00
0.00
9.00
0.00
0.00
0.00
93.00
1.00
128.00
0.00
0.00
0.00
0.00
0.00
0.00
48.00
284.00
43.00
52.00
0.00
0.00
0.00
0.00
44.00
32.00
0.00
20.00
61.00
165.00
494.00
437.00
360.00
1047.00
329.00
3.00
0.00
22.00
20.00
0.00
0.00
0.00
0.00
13.00
0.00
175.00
1.00
0.00
0.00
155.00
12.00
197.00
57.00
0.00
2.00
1.00
37.00
12.00
71.00
5.00
187.00
11.00
0.00
42.00
103.00
187.00
291.00
0.00
34.00
64.00
28.00
22.00
32.00
62.00
30.00
148.00
48.00
12.00
55.00
22.00
70.00
2.00
15.00
12.00
129.00
431.00
135.00
7.00
102.00
138.00
296.00
2.00
101.00
93.00
47.00
0.00
20.00
8.00
207.00
48.00
229.00
684.00
325.00
485.00
475.00
173.00
18.00
879.00
184.00
59.00
67.00
126.00
19.00
269.00
121.00
47.00
122.00
134.00
57.00
64.00
62.00
196.00
217.00
28.00
93.00
164.00
120.00
91.00
28.00
59.00
424.00
260.00
66.00
55.00
64.00
260.00
66.00
321.00
3.00
140.00
150.00
16.00
78.00
209.00
324.00
37.00
55.00
24.00
109.00
107.00
54.00
4.00
38.00
22.00
135.00
294.00
144.00
95.00
53.00
29.00
53.00
68.00
921.00
816.00
833.00
755.00
217.00
39.00
57.00
280.00
194.00
39.00
171.00
76.00
64.00
198.00
196.00
104.00
140.00
194.00
199.00
29.00
76.00
111.00
130.00
292.00
190.00
5.00
14.00
0.00
0.00
51.00
47.00
202.00
84.00
99.00
60.00
44.00
3.00
13.00
412.00
6.00
198.00
103.00
40.00
35.00
226.00
60.00
3.00
31.00
12.00
93.00
281.00
326.00
43.00
130.00
49.00
68.00
33.00
130.00
45.00
137.00
98.00
124.00
141.00
62.00
41.00
61.00
0.00
0.00
0.00
8.00
141.00
450.00
1923.00
0.00
0.00
0.00
0.00
0.00
0.00
0.00
5.00
116.00
0.00
0.00
0.00
0.00
29.00
0.00
0.00
0.00
0.00
0.00
0.00
0.00
0.00
0.00
15.00
198.00
103.00
14.00
0.00
0.00
0.00
0.00
0.00
0.00
0.00
0.00
0.00
0.00
0.00
0.00
0.00
0.00
0.00
0.00
0.00
0.00
0.00
5.00
6.00
56.00
0.00
0.00
0.00
0.00
0.00
0.00
0.00
0.00
9.00
15.00
0.00
0.00
0.00
0.00
0.00
0.00
0.00
0.00
0.00
0.00
0.00
0.00
77.00
4.00
0.00
0.00
0.00
0.00
0.00
0.00
0.00
0.00
0.00
0.00
0.00
0.00
0.00
0.00
0.00
0.00
0.00
0.00
0.00
0.00
0.00
0.00
0.00
0.00
0.00
0.00
0.00
0.00
0.00
0.00
0.00
0.00
0.00
1.00
3.00
84.00
17.00
4.00
24.00
17.00
4.00
30.00
83.00
0.00
0.00
0.00
0.00
0.00
10.00
0.00
0.00
0.00
0.00
297.00
91.00
0.00
0.00
0.00
12.00
0.00
0.00
0.00
0.00
0.00
0.00
0.00
0.00
0.00
0.00
19.00
0.00
14.00
0.00
0.00
0.00
0.00
0.00
0.00
0.00
0.00
0.00
0.00
0.00
22.00
0.00
353.00
551.00
134.00
22.00
19.00
212.00
0.00
89.00
7.00
90.00
16.00
67.00
48.00
65.00
205.00
32.00
25.00
2.00
224.00
34.00
83.00
47.00
48.00
15.00
2.00
0.00
5.00
46.00
14.00
30.00
242.00
48.00
162.00
182.00
142.00
1.00
62.00
13.00
395.00
242.00
69.00
357.00
113.00
64.00
205.00
112.00
1.00
41.00
0.00
90.00
0.00
14.00
30.00
1.00
16.00
91.00
24.00
143.00
39.00
249.00
147.00
0.00
28.00
16.00
27.00
101.00
53.00
18.00
100.00
103.00
83.00
46.00
14.00
54.00
28.00
60.00
397.00
315.00
127.00
6.00
219.00
0.00
10.00
11.00
31.00
108.00
50.00
105.00
86.00
30.00
45.00
53.00
21.00
15.00
83.00
387.00
243.00
410.00
112.00
30.00
286.00
12.00
33.00
19.00
116.00
66.00
198.00
250.00
199.00
114.00
31.00
7.00
36.00
239.00
153.00
16.00
132.00
257.00
56.00
19.00
132.00
80.00
41.00
68.00
289.00
67.00
31.00
5.00
30.00
159.00
104.00
123.00
144.00
215.00
67.00
196.00
645.00
198.00
72.00
138.00
426.00
50.00
9.00
27.00
166.00
84.00
2.00
54.00
108.00
109.00
35.00
83.00
45.00
62.00
35.00
124.00
132.00
52.00
68.00
109.00
39.00
14.00
0.00
2.00
20.00
82.00
90.00
137.00
44.00
7.00
2.00
26.00
12.00
5.00
6.00
56.00
40.00
38.00
0.00
8.00
28.00
0.00
1.00
3.00
0.00
0.00
10.00
0.00
0.00
30.00
53.00
0.00
202.00
0.00
1.00
33.00
97.00
61.00
29.00
0.00
0.00
0.00
0.00
0.00
0.00
0.00
0.00
0.00
21.00
0.00
95.00
1.00
2.00
18.00
15.00
0.00
173.00
0.00
0.00
0.00
0.00
0.00
0.00
0.00
0.00
0.00
0.00
0.00
0.00
0.00
0.00
0.00
0.00
0.00
0.00
0.00
0.00
0.00
0.00
0.00
0.00
0.00
0.00
0.00
0.00
0.00
0.00
0.00
0.00
0.00
0.00
3.00
0.00
0.00
0.00
0.00
0.00
0.00
0.00
0.00
0.00
0.00
42.00
491.00
894.00
0.00
0.00
0.00
0.00
0.00
0.00
0.00
0.00
0.00
0.00
0.00
0.00
0.00
0.00
0.00
0.00
0.00
0.00
0.00
0.00
0.00
0.00
0.00
0.00
0.00
0.00
0.00
0.00
0.00
0.00
0.00
0.00
0.00
0.00
0.00
0.00
0.00
0.00
0.00
0.00
0.00
2.00
0.00
0.00
0.00
0.00
0.00
0.00
0.00
0.00
0.00
66.00
14.00
0.00
0.00
0.00
0.00
1.00
0.00
45.00
1.00
0.00
0.00
0.00
0.00
0.00
0.00
2.10
26.00
4.20
77.90
21.00
0.00
0.00
1.50
5.10
0.30
0.00
0.00
0.00
0.00
0.00
0.00
0.00
0.00
0.40
3.20
0.00
0.00
13.40
8.40
0.00
0.00
0.20
0.00
0.00
0.00
14.10
23.40
0.00
0.70
2.00
123.90
9.20
21.20
0.20
0.20
5.40
27.80
3.10
5.90
27.60
0.00
0.00
0.20
3.30
23.00
13.90
23.90
0.50
0.00
0.10
6.80
10.50
4.80
6.00
1.40
0.20
0.00
1.60
4.00
3.80
15.90
15.90
4.60
37.30
105.60
0.00
0.00
32.90
2.50
0.20
25.80
31.80
16.80
15.20
7.60
4.40
1.70
13.70
15.00
1.30
1.30
6.30
10.20
10.20
25.20
7.40
6.50
0.20
0.30
2.20
12.10
8.20
0.50
15.80
41.70
8.90
0.20
0.60
14.70
7.30
5.70
0.10
0.50
0.50
30.20
11.70
0.60
20.90
7.60
24.20
6.10
46.20
67.70
1.50
2.20
1.10
7.70
84.90
63.20
42.40
3.00
1.30
1.10
1.50
0.70
11.30
47.40
17.80
6.00
84.10
145.50
145.50
25.20
25.20
8.10
16.50
16.50
1.00
1.60
16.50
16.50
16.50
11.10
11.50
47.70
5.40
15.60
15.30
17.50
15.50
3.90
10.60
7.80
2.90
24.60
4.40
0.60
0.10
12.20
13.80
3.50
3.70
3.50
1.20
38.90
1.50
8.10
6.10
9.40
0.30
0.80
1.30
15.00
0.00
64.70
11.60
14.00
1.40
8.00
21.00
5.10
13.50
27.20
14.10
2.30
13.70
17.70
15.40
6.40
6.00
9.50
4.60
6.40
2.10
10.90
22.50
25.20
2.10
3.10
3.10
2.80
18.60
2.60
8.30
11.00
28.00
51.30
26.90
30.50
1.80
20.40
26.90
11.30
17.50
17.50
19.60
0.40
4.00
5.80
14.70
7.70
5.60
6.40
0.90
0.10
0.00
0.00
4.40
3.60
3.50
2.20
0.20
0.80
0.30
2.60
0.00
0.30
1.80
20.20
109.10
