20160101
0.00
0.00
1.00
1.00
0.00
0.00
0.00
0.00
0.00
0.00
8.00
1.00
0.00
0.00
0.00
0.00
0.00
0.00
76.00
8.00
0.00
1.00
0.00
0.00
0.00
2.00
3.00
0.00
0.00
0.00
0.00
0.00
0.00
0.00
0.00
0.00
0.00
0.00
13.00
0.00
0.00
0.00
0.00
0.00
0.00
0.00
0.00
0.00
0.00
0.00
10.00
1.00
0.00
0.00
0.00
0.00
3.00
0.00
0.00
0.00
0.00
0.00
15.00
0.00
0.00
3.00
0.00
0.00
0.00
0.00
0.00
0.00
10.00
32.00
0.00
1.00
0.00
0.00
0.00
7.00
16.00
0.00
0.00
1.00
0.00
0.00
331.00
207.00
0.00
20.00
405.00
23.00
1.00
2.00
8.00
330.00
3.00
0.00
0.00
0.00
0.00
0.00
0.00
0.00
9.00
0.00
73.00
132.00
108.00
15.00
16.00
1.00
0.00
0.00
0.00
0.00
122.00
134.00
117.00
0.00
2.00
170.00
13.00
39.00
166.00
111.00
25.00
316.00
6.00
49.00
159.00
8.00
229.00
300.00
226.00
697.00
7.00
179.00
297.00
78.00
86.00
30.00
0.00
46.00
115.00
62.00
0.00
85.00
0.00
2.00
4.00
81.00
1.00
2.00
0.00
55.00
25.00
193.00
33.00
0.00
9.00
173.00
28.00
23.00
0.00
93.00
536.00
70.00
15.00
2.00
25.00
35.00
210.00
121.00
835.00
862.00
75.00
303.00
64.00
4.00
3.00
11.00
74.00
331.00
265.00
417.00
103.00
14.00
1.00
104.00
104.00
62.00
21.00
25.00
74.00
64.00
50.00
366.00
168.00
90.00
163.00
122.00
725.00
80.00
216.00
93.00
426.00
43.00
15.00
124.00
245.00
123.00
130.00
216.00
158.00
19.00
73.00
98.00
50.00
74.00
69.00
18.00
173.00
32.00
22.00
4.00
153.00
130.00
53.00
51.00
16.00
0.00
3.00
23.00
1.00
27.00
28.00
352.00
21.00
0.00
65.00
27.00
394.00
26.00
137.00
237.00
26.00
32.00
3.00
1.00
0.00
18.00
0.00
126.00
96.00
112.00
8.00
111.00
11.00
147.00
74.00
164.00
116.00
0.00
182.00
85.00
83.00
25.00
271.00
51.00
8.00
45.00
196.00
23.00
0.00
65.00
36.00
0.00
48.00
5.00
108.00
94.00
263.00
176.00
307.00
5.00
0.00
0.00
0.00
0.00
0.00
0.00
0.00
0.00
0.00
0.00
0.00
0.00
2.00
0.00
98.00
1.00
0.00
0.00
0.00
0.00
0.00
0.00
3.00
9.00
0.00
0.00
0.00
0.00
0.00
0.00
0.00
0.00
0.00
1.00
0.00
0.00
0.00
0.00
0.00
0.00
0.00
0.00
0.00
0.00
0.00
0.00
0.00
0.00
0.00
1.00
0.00
0.00
0.00
0.00
0.00
0.00
0.00
0.00
0.00
0.00
0.00
0.00
0.00
0.00
0.00
0.00
0.00
0.00
0.00
0.00
0.00
0.00
0.00
0.00
2.00
0.00
0.00
2.00
2.00
1.00
0.00
35.00
1.00
0.00
0.00
0.00
0.00
0.00
0.00
36.00
0.00
0.00
0.00
0.00
0.00
0.00
0.00
0.00
0.00
0.00
0.00
0.00
0.00
0.00
0.00
7.00
10.00
28.00
1.00
0.00
0.00
0.00
0.00
0.00
0.00
0.00
0.00
1.00
0.00
0.00
0.00
0.00
0.00
0.00
0.00
0.00
0.00
0.00
0.00
0.00
0.00
0.00
0.00
0.00
0.00
0.00
0.00
0.00
0.00
0.00
0.00
0.00
2.00
0.00
0.00
0.00
14.00
5.00
125.00
6.00
0.00
0.00
0.00
0.00
0.00
3.00
312.00
34.00
131.00
0.00
0.00
0.00
0.00
314.00
0.00
163.00
129.00
25.00
89.00
192.00
537.00
560.00
429.00
0.00
108.00
0.00
0.00
9.00
0.00
0.00
0.00
0.00
1.00
0.00
304.00
40.00
0.00
19.00
322.00
264.00
1055.00
579.00
0.00
168.00
0.00
1.00
0.00
89.00
0.00
360.00
5.00
0.00
251.00
182.00
26.00
79.00
0.00
41.00
830.00
4.00
90.00
3.00
6.00
354.00
368.00
1.00
21.00
307.00
144.00
105.00
2.00
371.00
174.00
14.00
458.00
224.00
0.00
80.00
181.00
88.00
221.00
13.00
160.00
43.00
0.00
105.00
1.00
32.00
71.00
187.00
249.00
23.00
1292.00
179.00
248.00
26.00
896.00
41.00
422.00
286.00
27.00
73.00
280.00
0.00
85.00
8.00
1.00
20.00
11.00
54.00
121.00
511.00
49.00
733.00
423.00
91.00
38.00
87.00
49.00
233.00
88.00
68.00
161.00
11.00
21.00
111.00
140.00
77.00
217.00
79.00
16.00
14.00
109.00
274.00
22.00
145.00
14.00
28.00
26.00
136.00
41.00
57.00
49.00
30.00
47.00
40.00
135.00
50.00
134.00
41.00
303.00
718.00
1985.00
367.00
314.00
170.00
23.00
30.00
109.00
28.00
23.00
138.00
45.00
297.00
63.00
0.00
3.00
644.00
243.00
17.00
0.00
46.00
130.00
109.00
181.00
53.00
17.00
40.00
7.00
121.00
302.00
201.00
618.00
177.00
32.00
16.00
95.00
1.00
14.00
298.00
200.00
217.00
392.00
12.00
1.00
53.00
70.00
4.00
3.00
59.00
154.00
2010.00
598.00
108.00
156.00
18.00
13.00
30.00
26.00
36.00
97.00
2.00
0.00
17.00
46.00
421.00
166.00
17.00
0.00
0.00
7.00
8.00
847.00
1030.00
0.00
0.00
0.00
0.00
0.00
0.00
0.00
0.00
17.00
0.00
0.00
4.00
0.00
0.00
0.00
0.00
0.00
0.00
0.00
0.00
0.00
0.00
0.00
2.00
93.00
72.00
1.00
0.00
0.00
0.00
0.00
0.00
0.00
0.00
0.00
0.00
0.00
0.00
0.00
0.00
0.00
0.00
0.00
0.00
0.00
0.00
3.00
0.00
12.00
6.00
0.00
0.00
0.00
0.00
0.00
0.00
0.00
0.00
1.00
0.00
0.00
0.00
0.00
0.00
0.00
0.00
0.00
0.00
0.00
0.00
0.00
0.00
0.00
0.00
0.00
0.00
0.00
0.00
0.00
0.00
0.00
0.00
0.00
0.00
0.00
0.00
0.00
0.00
0.00
0.00
0.00
0.00
0.00
0.00
0.00
0.00
0.00
0.00
0.00
0.00
0.00
0.00
0.00
0.00
0.00
0.00
0.00
2.00
127.00
9.00
0.00
43.00
4.00
16.00
61.00
77.00
0.00
0.00
0.00
0.00
0.00
19.00
10.00
0.00
0.00
0.00
412.00
236.00
0.00
0.00
0.00
0.00
0.00
0.00
0.00
0.00
0.00
0.00
0.00
0.00
0.00
45.00
6.00
0.00
0.00
1.00
3.00
0.00
0.00
0.00
0.00
0.00
0.00
0.00
0.00
0.00
0.00
0.00
520.00
540.00
165.00
62.00
5.00
4.00
0.00
84.00
1.00
43.00
46.00
238.00
0.00
111.00
50.00
73.00
62.00
0.00
247.00
95.00
0.00
0.00
10.00
20.00
0.00
1.00
61.00
9.00
8.00
1.00
1.00
7.00
90.00
2.00
347.00
14.00
354.00
0.00
72.00
207.00
25.00
356.00
129.00
12.00
61.00
22.00
0.00
217.00
2.00
0.00
0.00
0.00
0.00
0.00
3.00
27.00
113.00
171.00
140.00
319.00
51.00
0.00
28.00
17.00
40.00
0.00
3.00
25.00
28.00
15.00
9.00
9.00
45.00
211.00
37.00
5.00
92.00
845.00
59.00
27.00
91.00
37.00
2.00
17.00
0.00
0.00
7.00
3.00
131.00
17.00
3.00
36.00
9.00
1.00
401.00
322.00
16.00
17.00
0.00
0.00
23.00
1.00
5.00
2.00
23.00
116.00
50.00
103.00
127.00
15.00
10.00
28.00
85.00
379.00
57.00
15.00
110.00
224.00
18.00
4.00
47.00
124.00
63.00
145.00
98.00
567.00
213.00
3.00
62.00
102.00
64.00
37.00
6.00
10.00
7.00
14.00
130.00
83.00
120.00
416.00
85.00
60.00
0.00
128.00
126.00
110.00
63.00
66.00
196.00
65.00
28.00
143.00
127.00
1.00
0.00
37.00
60.00
202.00
93.00
199.00
277.00
1.00
0.00
0.00
0.00
77.00
842.00
314.00
19.00
140.00
0.00
0.00
4.00
0.00
8.00
124.00
0.00
3.00
19.00
47.00
13.00
1.00
0.00
127.00
0.00
0.00
0.00
0.00
0.00
0.00
0.00
0.00
0.00
0.00
0.00
1.00
273.00
60.00
0.00
0.00
0.00
0.00
0.00
0.00
0.00
0.00
0.00
0.00
0.00
0.00
0.00
0.00
0.00
0.00
0.00
55.00
0.00
0.00
0.00
0.00
141.00
0.00
0.00
0.00
0.00
0.00
0.00
0.00
0.00
0.00
0.00
0.00
0.00
0.00
0.00
0.00
0.00
0.00
0.00
0.00
0.00
0.00
0.00
0.00
0.00
2.00
0.00
0.00
0.00
0.00
0.00
65.00
0.00
0.00
0.00
0.00
0.00
0.00
0.00
0.00
0.00
0.00
2.00
93.00
809.00
0.00
0.00
0.00
0.00
0.00
0.00
0.00
0.00
0.00
0.00
0.00
0.00
0.00
0.00
0.00
0.00
0.00
14.00
0.00
0.00
0.00
0.00
0.00
0.00
0.00
0.00
0.00
0.00
0.00
0.00
0.00
0.00
0.00
0.00
0.00
0.00
0.00
0.00
3.00
3.00
0.00
0.00
0.00
0.00
0.00
0.00
0.00
0.00
0.00
0.00
0.00
35.00
0.00
0.00
0.00
0.00
0.00
0.00
24.00
12.00
0.00
0.00
0.00
0.00
0.00
0.00
0.00
5.00
5.00
0.00
50.20
10.90
0.00
0.00
0.10
0.00
0.00
0.00
0.00
0.00
0.00
0.00
0.00
0.00
0.00
2.10
0.20
0.00
0.10
5.70
0.00
0.00
0.00
0.00
0.00
0.00
0.00
15.60
0.70
0.00
62.80
5.10
152.20
8.60
8.60
0.00
34.20
31.10
11.20
15.00
3.30
17.90
0.20
0.00
1.50
3.00
1.20
24.90
42.30
0.00
0.00
1.90
0.00
6.40
0.00
0.00
0.90
0.00
0.10
1.20
26.50
0.60
7.70
7.70
20.00
40.50
78.80
0.00
0.00
24.40
0.00
0.00
41.70
146.60
17.30
15.30
7.00
21.10
1.60
29.20
33.70
11.90
11.90
1.00
32.80
32.80
32.60
1.50
0.80
28.90
7.00
15.70
32.00
10.70
2.40
12.00
22.20
0.00
0.00
0.00
0.30
0.00
0.00
4.30
16.20
8.50
5.60
6.70
5.40
138.30
4.00
20.40
10.80
17.60
16.10
0.50
0.40
0.40
26.70
165.30
138.80
22.20
1.50
1.30
1.80
0.30
0.30
2.20
4.80
19.40
17.00
70.40
244.60
244.60
81.40
81.40
67.50
0.00
0.00
4.00
0.00
0.00
0.00
0.00
5.00
30.30
119.80
26.60
14.30
14.70
7.50
3.20
1.30
4.00
12.50
3.50
7.40
2.50
49.30
4.90
21.40
30.80
6.50
2.40
12.90
13.40
23.40
5.80
8.40
4.30
2.40
1.70
0.00
0.00
2.50
7.50
43.90
19.10
11.80
2.10
0.00
0.70
7.70
7.30
6.30
14.20
3.70
15.10
25.20
10.90
1.40
6.80
2.80
1.00
4.90
13.60
11.30
13.20
31.50
1.90
15.10
24.10
11.00
5.50
0.20
6.20
2.80
15.00
16.10
28.60
29.50
0.60
31.30
43.50
12.50
107.60
107.60
1.90
0.10
0.50
1.70
2.30
40.00
28.90
8.50
0.40
0.30
0.40
0.00
0.20
1.50
0.70
1.80
0.40
1.50
0.40
2.60
0.00
0.30
1.80
20.20
109.10
