20160101
0.00
0.00
0.00
0.00
0.00
0.00
0.00
0.00
0.00
0.00
0.00
0.00
0.00
0.00
0.00
0.00
0.00
0.00
129.00
19.00
0.00
0.00
0.00
0.00
0.00
1.00
0.00
0.00
0.00
0.00
0.00
0.00
0.00
0.00
0.00
0.00
0.00
0.00
112.00
0.00
0.00
0.00
0.00
0.00
0.00
0.00
0.00
0.00
0.00
0.00
22.00
0.00
0.00
0.00
0.00
0.00
2.00
0.00
0.00
0.00
0.00
0.00
0.00
0.00
0.00
1.00
0.00
0.00
0.00
0.00
0.00
0.00
53.00
12.00
0.00
0.00
0.00
0.00
0.00
5.00
0.00
0.00
0.00
0.00
0.00
5.00
13.00
105.00
1.00
6.00
602.00
9.00
0.00
0.00
0.00
508.00
1.00
1.00
0.00
0.00
1.00
0.00
0.00
0.00
0.00
0.00
3.00
10.00
35.00
0.00
0.00
0.00
0.00
0.00
0.00
0.00
0.00
177.00
218.00
0.00
34.00
180.00
6.00
0.00
305.00
14.00
9.00
247.00
18.00
0.00
386.00
5.00
112.00
122.00
376.00
366.00
3.00
96.00
393.00
140.00
115.00
15.00
1.00
0.00
131.00
30.00
0.00
106.00
7.00
5.00
1.00
0.00
0.00
0.00
0.00
0.00
19.00
13.00
72.00
0.00
1.00
0.00
187.00
4.00
0.00
253.00
1504.00
316.00
34.00
6.00
123.00
163.00
413.00
83.00
430.00
325.00
138.00
60.00
86.00
31.00
54.00
85.00
58.00
210.00
197.00
91.00
184.00
27.00
74.00
96.00
48.00
73.00
83.00
14.00
5.00
40.00
81.00
310.00
288.00
198.00
188.00
101.00
492.00
186.00
208.00
273.00
496.00
98.00
174.00
332.00
203.00
29.00
89.00
592.00
326.00
132.00
94.00
100.00
27.00
73.00
99.00
73.00
90.00
37.00
58.00
34.00
89.00
231.00
26.00
73.00
11.00
2.00
7.00
148.00
4.00
10.00
5.00
18.00
9.00
1.00
17.00
40.00
149.00
486.00
93.00
529.00
40.00
57.00
0.00
6.00
4.00
5.00
5.00
47.00
121.00
5.00
98.00
12.00
13.00
243.00
33.00
209.00
79.00
17.00
219.00
21.00
110.00
52.00
338.00
3.00
16.00
137.00
476.00
29.00
0.00
4.00
47.00
0.00
11.00
11.00
7.00
226.00
209.00
95.00
11.00
82.00
0.00
5.00
0.00
0.00
0.00
0.00
0.00
0.00
0.00
0.00
0.00
0.00
0.00
0.00
3.00
0.00
0.00
0.00
0.00
0.00
0.00
0.00
11.00
0.00
0.00
0.00
0.00
0.00
0.00
0.00
0.00
0.00
0.00
0.00
0.00
0.00
0.00
0.00
0.00
0.00
0.00
0.00
0.00
0.00
0.00
0.00
0.00
0.00
0.00
0.00
0.00
3.00
0.00
0.00
0.00
0.00
0.00
0.00
0.00
0.00
0.00
0.00
0.00
0.00
0.00
0.00
0.00
0.00
0.00
0.00
4.00
0.00
0.00
0.00
10.00
0.00
0.00
0.00
0.00
0.00
0.00
0.00
0.00
0.00
0.00
0.00
0.00
0.00
0.00
169.00
0.00
0.00
0.00
0.00
0.00
0.00
0.00
0.00
0.00
0.00
0.00
0.00
0.00
0.00
0.00
58.00
104.00
5.00
0.00
0.00
0.00
0.00
0.00
0.00
0.00
0.00
0.00
0.00
0.00
0.00
0.00
0.00
1.00
0.00
0.00
0.00
0.00
0.00
0.00
3.00
0.00
0.00
0.00
0.00
0.00
0.00
0.00
0.00
0.00
0.00
0.00
1.00
1.00
0.00
0.00
0.00
172.00
0.00
54.00
17.00
0.00
0.00
0.00
0.00
0.00
3.00
130.00
49.00
136.00
0.00
0.00
0.00
14.00
163.00
0.00
19.00
234.00
0.00
1.00
0.00
9.00
79.00
283.00
0.00
118.00
0.00
3.00
19.00
0.00
0.00
0.00
0.00
0.00
0.00
441.00
5.00
0.00
3.00
138.00
47.00
524.00
440.00
18.00
151.00
0.00
0.00
2.00
180.00
0.00
67.00
0.00
0.00
617.00
224.00
8.00
260.00
0.00
136.00
1383.00
13.00
5.00
1.00
126.00
206.00
240.00
0.00
6.00
168.00
28.00
466.00
91.00
773.00
3.00
23.00
199.00
369.00
4.00
1.00
47.00
83.00
32.00
26.00
61.00
20.00
46.00
313.00
0.00
58.00
150.00
75.00
0.00
1.00
207.00
219.00
251.00
6.00
271.00
14.00
1014.00
142.00
157.00
49.00
171.00
6.00
50.00
9.00
0.00
93.00
26.00
46.00
217.00
684.00
56.00
361.00
240.00
34.00
37.00
70.00
199.00
688.00
293.00
106.00
97.00
18.00
49.00
24.00
97.00
83.00
128.00
154.00
28.00
26.00
144.00
295.00
110.00
207.00
56.00
39.00
83.00
353.00
17.00
7.00
123.00
264.00
32.00
92.00
119.00
5.00
25.00
40.00
337.00
1180.00
1843.00
365.00
123.00
119.00
99.00
16.00
177.00
75.00
80.00
80.00
90.00
116.00
75.00
55.00
14.00
694.00
267.00
33.00
16.00
52.00
115.00
264.00
295.00
112.00
4.00
24.00
8.00
65.00
57.00
390.00
729.00
23.00
2.00
37.00
15.00
18.00
16.00
205.00
27.00
54.00
158.00
33.00
2.00
48.00
32.00
3.00
0.00
9.00
96.00
393.00
55.00
14.00
159.00
11.00
1.00
1.00
10.00
48.00
18.00
39.00
11.00
0.00
11.00
48.00
0.00
0.00
0.00
0.00
0.00
3.00
731.00
241.00
0.00
0.00
0.00
0.00
0.00
0.00
0.00
0.00
712.00
0.00
0.00
0.00
0.00
0.00
0.00
0.00
0.00
0.00
0.00
0.00
0.00
0.00
0.00
2.00
16.00
34.00
0.00
0.00
0.00
0.00
0.00
0.00
0.00
0.00
0.00
0.00
0.00
0.00
0.00
0.00
0.00
0.00
0.00
0.00
0.00
0.00
0.00
0.00
1.00
0.00
0.00
0.00
0.00
0.00
0.00
0.00
0.00
1.00
0.00
0.00
0.00
0.00
0.00
0.00
0.00
0.00
0.00
0.00
0.00
0.00
0.00
0.00
0.00
0.00
0.00
0.00
0.00
0.00
0.00
0.00
0.00
0.00
0.00
0.00
0.00
0.00
0.00
0.00
0.00
0.00
0.00
0.00
0.00
0.00
0.00
0.00
0.00
0.00
0.00
0.00
0.00
0.00
0.00
0.00
0.00
0.00
12.00
13.00
845.00
2.00
0.00
45.00
17.00
323.00
582.00
353.00
0.00
0.00
0.00
0.00
0.00
10.00
0.00
0.00
0.00
0.00
37.00
288.00
0.00
0.00
0.00
1.00
0.00
0.00
1.00
0.00
0.00
0.00
0.00
0.00
0.00
0.00
3.00
0.00
0.00
0.00
11.00
0.00
0.00
0.00
0.00
0.00
0.00
0.00
0.00
0.00
0.00
0.00
182.00
560.00
82.00
0.00
3.00
0.00
0.00
55.00
0.00
3.00
31.00
153.00
0.00
60.00
37.00
7.00
0.00
0.00
0.00
139.00
0.00
0.00
0.00
2.00
0.00
0.00
62.00
29.00
18.00
11.00
6.00
11.00
122.00
20.00
98.00
17.00
378.00
0.00
1.00
18.00
0.00
395.00
331.00
7.00
2.00
0.00
3.00
312.00
5.00
0.00
0.00
0.00
0.00
0.00
1.00
0.00
475.00
197.00
300.00
339.00
124.00
26.00
0.00
5.00
67.00
0.00
17.00
0.00
0.00
3.00
59.00
7.00
40.00
21.00
2.00
8.00
940.00
625.00
119.00
5.00
197.00
16.00
65.00
0.00
33.00
36.00
23.00
193.00
23.00
7.00
9.00
16.00
1.00
43.00
301.00
282.00
6.00
11.00
5.00
1.00
15.00
6.00
17.00
7.00
4.00
68.00
20.00
94.00
58.00
23.00
73.00
62.00
48.00
234.00
56.00
4.00
38.00
154.00
1.00
21.00
10.00
46.00
32.00
84.00
106.00
659.00
373.00
16.00
38.00
218.00
191.00
68.00
11.00
52.00
48.00
172.00
335.00
51.00
23.00
260.00
107.00
22.00
3.00
213.00
87.00
4.00
70.00
52.00
200.00
39.00
12.00
104.00
30.00
9.00
13.00
60.00
10.00
17.00
19.00
78.00
152.00
14.00
0.00
41.00
49.00
214.00
1122.00
429.00
287.00
192.00
99.00
9.00
8.00
9.00
7.00
50.00
9.00
4.00
1.00
37.00
3.00
8.00
0.00
5.00
0.00
0.00
0.00
0.00
0.00
0.00
0.00
0.00
0.00
0.00
0.00
2.00
421.00
25.00
0.00
0.00
0.00
0.00
0.00
0.00
0.00
0.00
0.00
0.00
0.00
0.00
0.00
0.00
0.00
0.00
0.00
0.00
0.00
0.00
0.00
0.00
0.00
0.00
0.00
0.00
0.00
0.00
0.00
0.00
0.00
0.00
0.00
0.00
0.00
0.00
0.00
0.00
0.00
0.00
0.00
0.00
0.00
0.00
0.00
0.00
0.00
0.00
0.00
0.00
0.00
0.00
0.00
17.00
0.00
0.00
0.00
0.00
0.00
0.00
0.00
0.00
0.00
0.00
11.00
580.00
864.00
0.00
0.00
0.00
0.00
0.00
0.00
0.00
0.00
0.00
0.00
0.00
0.00
0.00
0.00
0.00
0.00
0.00
0.00
0.00
0.00
0.00
0.00
0.00
0.00
0.00
0.00
0.00
0.00
0.00
0.00
0.00
0.00
0.00
0.00
0.00
0.00
0.00
0.00
7.00
7.00
0.00
0.00
0.00
0.00
0.00
0.00
0.00
0.00
0.00
0.00
2.00
46.00
20.00
0.00
0.00
1.00
0.00
9.00
13.00
17.00
0.00
0.00
0.00
0.00
0.00
0.00
0.00
0.70
1.50
0.00
21.00
3.40
0.00
0.00
0.00
0.00
0.00
0.00
0.00
0.00
0.00
0.00
0.00
0.00
0.00
1.60
0.10
0.00
0.00
10.30
0.00
0.00
0.00
0.00
0.00
0.00
0.00
4.40
0.00
0.00
9.30
0.00
91.10
4.90
3.80
0.00
7.30
96.60
10.90
0.50
29.70
30.40
0.00
0.00
0.00
2.70
17.70
49.40
33.10
0.10
0.00
0.00
0.00
0.60
0.00
0.00
0.00
0.00
0.70
0.00
36.00
0.00
0.20
0.20
6.50
67.30
83.30
0.00
0.00
0.00
0.00
0.00
0.00
58.90
62.40
3.20
28.20
5.30
5.30
21.10
33.70
23.10
23.10
38.50
67.10
67.10
2.30
0.80
8.60
76.20
11.50
24.30
18.90
16.60
2.60
21.50
1.30
0.60
0.40
0.50
0.00
0.00
0.00
11.00
2.30
0.00
0.80
11.10
15.70
185.20
1.30
2.30
6.00
8.00
1.90
0.20
0.40
0.00
55.80
53.60
74.50
29.20
14.20
11.60
10.20
1.50
1.10
0.00
2.00
30.00
51.50
105.70
86.70
86.70
45.80
45.80
41.90
4.10
4.10
2.60
3.40
4.10
4.10
4.10
21.10
70.00
123.30
32.50
4.30
19.40
11.20
7.10
8.40
3.60
6.30
2.30
6.90
4.10
11.50
11.70
53.80
36.70
7.20
3.40
7.10
1.70
76.70
6.30
18.50
3.10
26.00
2.20
1.60
1.80
2.40
2.20
15.30
16.30
6.00
3.40
0.00
1.00
44.20
1.70
0.70
29.90
4.10
12.00
8.80
12.00
2.50
0.40
1.20
2.40
5.30
8.70
5.20
4.10
11.60
1.00
26.80
43.40
4.00
0.20
0.60
11.80
3.40
23.90
71.20
25.10
38.90
1.60
7.30
28.90
34.80
83.40
83.40
0.10
1.00
0.70
21.50
10.00
58.80
42.10
3.70
0.00
0.00
0.00
0.00
0.00
0.20
0.00
0.00
0.00
0.30
0.70
0.10
0.10
0.00
0.30
22.00
120.00
