20160101
0.00
0.00
0.00
0.00
0.00
0.00
0.00
0.00
80.00
0.00
0.00
0.00
1.00
0.00
0.00
0.00
0.00
0.00
0.00
3.00
0.00
0.00
0.00
0.00
0.00
4.00
0.00
0.00
0.00
0.00
0.00
0.00
0.00
0.00
0.00
0.00
0.00
0.00
0.00
0.00
0.00
0.00
0.00
0.00
0.00
0.00
0.00
0.00
0.00
0.00
0.00
85.00
0.00
107.00
247.00
0.00
14.00
0.00
0.00
0.00
0.00
0.00
0.00
25.00
0.00
38.00
0.00
0.00
33.00
1.00
0.00
0.00
0.00
0.00
0.00
0.00
0.00
0.00
40.00
15.00
0.00
0.00
0.00
0.00
0.00
0.00
0.00
400.00
52.00
87.00
130.00
8.00
0.00
92.00
45.00
213.00
87.00
74.00
55.00
0.00
0.00
53.00
68.00
57.00
225.00
411.00
285.00
110.00
150.00
279.00
30.00
20.00
166.00
1261.00
542.00
12.00
108.00
105.00
339.00
12.00
100.00
44.00
6.00
0.00
15.00
0.00
36.00
27.00
0.00
0.00
0.00
27.00
130.00
116.00
91.00
381.00
890.00
721.00
105.00
32.00
59.00
528.00
0.00
124.00
99.00
20.00
0.00
14.00
12.00
17.00
2.00
8.00
0.00
0.00
0.00
15.00
148.00
97.00
149.00
25.00
136.00
76.00
30.00
14.00
2.00
6.00
24.00
15.00
117.00
40.00
6.00
52.00
5.00
8.00
44.00
33.00
8.00
10.00
2.00
3.00
111.00
180.00
355.00
180.00
224.00
37.00
42.00
36.00
0.00
6.00
9.00
10.00
68.00
53.00
10.00
18.00
82.00
44.00
11.00
5.00
32.00
20.00
2.00
66.00
35.00
45.00
205.00
7.00
164.00
73.00
90.00
20.00
78.00
10.00
4.00
0.00
3.00
14.00
91.00
34.00
1.00
1.00
51.00
22.00
20.00
17.00
22.00
15.00
28.00
0.00
0.00
1.00
235.00
58.00
0.00
34.00
0.00
266.00
0.00
24.00
1.00
72.00
122.00
351.00
9.00
7.00
1.00
1.00
0.00
0.00
58.00
2.00
12.00
0.00
1.00
93.00
10.00
0.00
0.00
2.00
43.00
148.00
58.00
144.00
19.00
39.00
139.00
16.00
229.00
0.00
32.00
133.00
0.00
11.00
61.00
0.00
0.00
0.00
0.00
15.00
85.00
13.00
251.00
101.00
7.00
112.00
0.00
0.00
0.00
0.00
0.00
0.00
0.00
0.00
0.00
0.00
0.00
0.00
0.00
0.00
58.00
130.00
25.00
1.00
0.00
0.00
0.00
60.00
134.00
188.00
96.00
2.00
0.00
0.00
0.00
0.00
0.00
0.00
0.00
0.00
0.00
0.00
0.00
0.00
0.00
0.00
0.00
0.00
0.00
0.00
0.00
0.00
0.00
0.00
0.00
46.00
0.00
0.00
0.00
0.00
0.00
0.00
0.00
0.00
0.00
0.00
0.00
0.00
0.00
0.00
0.00
0.00
0.00
0.00
0.00
0.00
0.00
0.00
0.00
0.00
56.00
0.00
0.00
0.00
0.00
0.00
0.00
0.00
0.00
8.00
0.00
0.00
0.00
0.00
0.00
0.00
0.00
0.00
0.00
0.00
0.00
0.00
0.00
0.00
0.00
0.00
0.00
0.00
0.00
0.00
0.00
0.00
3.00
0.00
0.00
0.00
0.00
0.00
0.00
0.00
0.00
0.00
0.00
0.00
0.00
0.00
0.00
0.00
0.00
0.00
0.00
0.00
0.00
0.00
0.00
0.00
93.00
183.00
92.00
23.00
0.00
0.00
0.00
0.00
0.00
0.00
0.00
0.00
18.00
75.00
0.00
0.00
79.00
3.00
212.00
45.00
7.00
0.00
0.00
0.00
0.00
24.00
185.00
14.00
117.00
0.00
0.00
0.00
0.00
29.00
5.00
0.00
26.00
387.00
158.00
438.00
1221.00
623.00
513.00
125.00
7.00
0.00
48.00
100.00
118.00
0.00
0.00
0.00
0.00
0.00
46.00
1.00
0.00
98.00
228.00
11.00
62.00
10.00
0.00
1.00
257.00
142.00
31.00
150.00
16.00
125.00
110.00
0.00
0.00
5.00
191.00
109.00
18.00
0.00
16.00
0.00
0.00
0.00
2.00
57.00
100.00
9.00
2.00
23.00
82.00
13.00
10.00
1.00
0.00
220.00
40.00
29.00
93.00
27.00
91.00
585.00
114.00
136.00
47.00
222.00
60.00
1.00
0.00
52.00
122.00
513.00
85.00
201.00
247.00
48.00
0.00
54.00
78.00
108.00
139.00
43.00
0.00
35.00
80.00
42.00
4.00
10.00
5.00
50.00
63.00
39.00
263.00
102.00
50.00
142.00
69.00
47.00
7.00
92.00
89.00
86.00
57.00
105.00
43.00
4.00
196.00
32.00
10.00
2.00
25.00
48.00
216.00
5.00
47.00
14.00
23.00
6.00
33.00
5.00
85.00
8.00
1.00
15.00
10.00
14.00
122.00
18.00
7.00
116.00
38.00
16.00
0.00
24.00
124.00
114.00
19.00
54.00
42.00
30.00
12.00
10.00
0.00
0.00
29.00
12.00
6.00
2.00
300.00
96.00
46.00
0.00
129.00
118.00
0.00
28.00
12.00
0.00
1.00
1.00
2.00
0.00
0.00
132.00
48.00
128.00
1.00
32.00
46.00
23.00
4.00
382.00
54.00
101.00
262.00
1.00
39.00
37.00
17.00
6.00
165.00
47.00
61.00
174.00
130.00
4.00
2.00
7.00
2.00
0.00
0.00
0.00
45.00
13.00
1.00
6.00
33.00
71.00
5.00
0.00
0.00
5.00
14.00
80.00
182.00
905.00
0.00
0.00
0.00
0.00
0.00
0.00
0.00
1104.00
769.00
0.00
0.00
0.00
0.00
0.00
0.00
0.00
0.00
0.00
0.00
0.00
1.00
10.00
0.00
11.00
157.00
2.00
7.00
0.00
0.00
0.00
0.00
0.00
0.00
0.00
0.00
0.00
0.00
0.00
0.00
0.00
0.00
0.00
0.00
0.00
0.00
4.00
2.00
61.00
601.00
113.00
0.00
0.00
0.00
0.00
0.00
0.00
0.00
0.00
91.00
0.00
0.00
0.00
0.00
0.00
0.00
0.00
0.00
0.00
0.00
0.00
3.00
23.00
71.00
0.00
0.00
0.00
0.00
0.00
0.00
0.00
0.00
0.00
0.00
0.00
11.00
0.00
0.00
0.00
0.00
0.00
0.00
0.00
0.00
0.00
0.00
0.00
0.00
0.00
0.00
0.00
0.00
0.00
0.00
0.00
0.00
0.00
0.00
0.00
0.00
0.00
5.00
3.00
0.00
0.00
0.00
0.00
0.00
0.00
0.00
0.00
0.00
0.00
0.00
0.00
0.00
0.00
1.00
872.00
0.00
0.00
0.00
0.00
1.00
0.00
164.00
0.00
0.00
0.00
0.00
0.00
0.00
97.00
707.00
0.00
386.00
368.00
351.00
5.00
0.00
0.00
0.00
0.00
0.00
0.00
0.00
72.00
9.00
0.00
77.00
88.00
0.00
0.00
25.00
0.00
10.00
0.00
0.00
0.00
7.00
13.00
133.00
195.00
197.00
0.00
51.00
1.00
0.00
69.00
0.00
0.00
37.00
178.00
79.00
0.00
0.00
9.00
0.00
1.00
176.00
52.00
72.00
2.00
256.00
14.00
206.00
266.00
146.00
124.00
84.00
565.00
429.00
18.00
136.00
38.00
0.00
39.00
1.00
0.00
0.00
3.00
0.00
0.00
0.00
0.00
98.00
19.00
4.00
67.00
9.00
125.00
2.00
8.00
0.00
65.00
68.00
47.00
18.00
5.00
0.00
13.00
109.00
50.00
152.00
792.00
150.00
294.00
99.00
23.00
8.00
2.00
2.00
2.00
1.00
13.00
35.00
12.00
19.00
62.00
7.00
7.00
30.00
1.00
1.00
3.00
0.00
0.00
1.00
12.00
66.00
86.00
8.00
224.00
31.00
15.00
11.00
0.00
2.00
0.00
5.00
0.00
0.00
10.00
17.00
56.00
12.00
225.00
143.00
26.00
43.00
59.00
75.00
102.00
46.00
159.00
9.00
50.00
156.00
155.00
112.00
0.00
61.00
93.00
42.00
80.00
111.00
34.00
2.00
19.00
1.00
27.00
58.00
1.00
25.00
73.00
11.00
111.00
37.00
4.00
1.00
48.00
87.00
0.00
0.00
0.00
79.00
18.00
5.00
107.00
1.00
0.00
0.00
4.00
37.00
25.00
3.00
47.00
5.00
0.00
5.00
10.00
0.00
22.00
11.00
18.00
2.00
0.00
10.00
3.00
0.00
0.00
21.00
0.00
0.00
0.00
0.00
0.00
0.00
2.00
0.00
0.00
0.00
0.00
0.00
49.00
47.00
220.00
73.00
72.00
0.00
0.00
0.00
0.00
0.00
0.00
0.00
0.00
0.00
0.00
0.00
0.00
558.00
346.00
97.00
98.00
23.00
0.00
0.00
0.00
2.00
0.00
0.00
0.00
0.00
0.00
0.00
0.00
0.00
0.00
0.00
0.00
0.00
0.00
0.00
0.00
0.00
0.00
0.00
0.00
0.00
0.00
0.00
0.00
0.00
0.00
0.00
0.00
0.00
0.00
0.00
3.00
0.00
0.00
0.00
0.00
0.00
28.00
0.00
0.00
0.00
0.00
3.00
31.00
67.00
0.00
0.00
0.00
0.00
0.00
0.00
0.00
0.00
0.00
0.00
0.00
0.00
0.00
0.00
0.00
0.00
0.00
0.00
0.00
0.00
0.00
0.00
0.00
0.00
0.00
0.00
0.00
0.00
0.00
0.00
0.00
0.00
0.00
0.00
0.00
0.00
0.00
0.00
0.00
0.00
0.00
9.00
0.00
0.00
0.00
0.00
0.00
0.00
0.00
0.00
0.00
0.00
0.00
0.00
0.00
0.00
0.00
0.00
0.00
1.00
9.00
0.00
0.00
0.00
0.00
0.00
2.30
0.00
24.00
9.50
60.70
30.30
0.00
0.00
0.00
0.00
5.50
0.00
0.00
0.00
0.00
0.00
0.00
0.00
0.00
0.00
0.10
0.00
2.40
3.40
23.00
0.20
0.00
0.60
0.00
0.00
0.00
3.50
6.00
0.00
0.00
0.00
27.40
55.50
48.10
0.00
121.30
8.50
27.40
12.90
27.50
8.60
0.00
0.00
0.00
0.10
0.70
5.90
0.00
24.00
0.00
0.20
35.80
0.00
0.60
0.00
0.00
0.00
1.10
0.00
8.50
17.70
7.10
7.10
0.10
3.50
11.20
0.00
0.40
0.30
0.70
3.50
0.00
4.80
4.90
3.50
4.40
3.30
0.10
11.40
5.20
0.10
0.10
0.00
4.60
4.60
8.10
0.50
0.00
0.00
0.00
0.00
0.00
4.40
0.50
0.00
8.10
2.10
0.00
0.60
7.70
0.10
11.10
0.00
0.00
0.10
0.40
24.20
3.30
0.00
1.80
0.40
6.40
3.00
7.50
2.40
0.10
0.20
2.70
6.30
10.40
1.40
0.30
0.60
2.10
0.00
0.70
1.60
0.70
6.00
3.20
3.20
9.20
9.20
8.10
8.10
2.90
12.10
12.10
0.00
0.20
12.10
12.10
12.10
12.40
5.50
1.00
4.50
18.80
27.80
4.50
0.00
0.70
4.60
3.90
12.80
6.20
2.80
0.00
1.70
3.50
3.20
34.00
0.30
9.80
1.20
3.20
10.00
6.30
4.20
0.10
0.00
0.10
0.40
9.10
7.70
6.80
10.10
3.00
0.50
0.10
0.30
18.00
0.30
6.10
4.30
1.50
1.20
0.50
0.20
6.50
1.00
5.50
1.20
2.40
9.00
9.20
1.10
0.50
2.20
3.20
12.00
0.60
0.80
0.10
2.40
11.20
17.50
13.90
15.40
9.40
8.90
0.40
6.10
11.30
0.70
0.70
8.00
0.10
0.10
1.20
4.90
10.10
20.10
6.60
0.90
0.00
0.00
0.00
0.10
5.10
0.10
0.30
0.00
0.20
0.20
2.10
1.30
1.30
1.00
4.40
4.50
