20160101
0.00
0.00
0.00
0.00
0.00
0.00
0.00
0.00
0.00
0.00
0.00
0.00
0.00
0.00
0.00
0.00
0.00
0.00
32.00
93.00
0.00
0.00
0.00
0.00
0.00
0.00
0.00
0.00
0.00
0.00
0.00
0.00
0.00
0.00
0.00
0.00
0.00
0.00
0.00
0.00
0.00
0.00
0.00
0.00
0.00
0.00
0.00
0.00
0.00
0.00
3.00
0.00
0.00
0.00
0.00
0.00
7.00
0.00
0.00
8.00
0.00
0.00
4.00
0.00
0.00
39.00
0.00
3.00
0.00
0.00
0.00
0.00
0.00
13.00
0.00
0.00
0.00
0.00
0.00
42.00
0.00
0.00
0.00
0.00
0.00
0.00
469.00
174.00
0.00
22.00
224.00
1.00
0.00
1.00
58.00
184.00
13.00
63.00
0.00
6.00
0.00
0.00
0.00
0.00
46.00
2.00
286.00
266.00
302.00
55.00
144.00
16.00
3.00
5.00
4.00
31.00
344.00
106.00
103.00
37.00
23.00
66.00
6.00
39.00
67.00
172.00
119.00
375.00
7.00
83.00
78.00
11.00
149.00
151.00
121.00
995.00
9.00
395.00
221.00
168.00
72.00
156.00
1.00
8.00
30.00
13.00
0.00
38.00
5.00
6.00
9.00
112.00
0.00
0.00
40.00
0.00
0.00
50.00
0.00
1.00
24.00
104.00
4.00
2.00
1.00
153.00
200.00
129.00
22.00
35.00
217.00
67.00
440.00
514.00
255.00
328.00
0.00
91.00
129.00
12.00
47.00
0.00
72.00
41.00
287.00
165.00
191.00
4.00
0.00
239.00
71.00
31.00
2.00
10.00
32.00
151.00
25.00
409.00
181.00
136.00
487.00
815.00
695.00
77.00
287.00
40.00
562.00
19.00
16.00
77.00
131.00
125.00
106.00
96.00
87.00
25.00
151.00
211.00
9.00
132.00
82.00
105.00
72.00
3.00
134.00
69.00
210.00
112.00
54.00
26.00
16.00
0.00
1.00
30.00
0.00
32.00
24.00
378.00
18.00
0.00
99.00
22.00
135.00
257.00
462.00
544.00
99.00
100.00
1.00
9.00
8.00
16.00
0.00
39.00
165.00
23.00
10.00
2.00
26.00
5.00
34.00
50.00
60.00
1.00
34.00
93.00
43.00
18.00
223.00
3.00
1.00
1.00
42.00
0.00
3.00
73.00
77.00
0.00
129.00
4.00
15.00
23.00
652.00
939.00
68.00
3.00
0.00
0.00
0.00
0.00
0.00
0.00
0.00
0.00
0.00
0.00
0.00
0.00
0.00
0.00
93.00
0.00
0.00
0.00
0.00
0.00
0.00
1.00
32.00
67.00
0.00
0.00
0.00
0.00
0.00
0.00
0.00
0.00
0.00
0.00
0.00
0.00
0.00
0.00
0.00
0.00
0.00
0.00
0.00
0.00
0.00
0.00
0.00
0.00
0.00
2.00
0.00
0.00
0.00
240.00
0.00
0.00
0.00
0.00
0.00
0.00
0.00
0.00
0.00
0.00
0.00
0.00
0.00
0.00
0.00
0.00
0.00
0.00
0.00
0.00
65.00
0.00
0.00
0.00
0.00
0.00
0.00
0.00
0.00
0.00
0.00
0.00
0.00
0.00
0.00
1.00
0.00
0.00
0.00
0.00
0.00
0.00
0.00
0.00
0.00
0.00
0.00
0.00
0.00
0.00
0.00
0.00
5.00
2.00
0.00
0.00
0.00
0.00
0.00
0.00
0.00
0.00
0.00
0.00
0.00
0.00
0.00
0.00
0.00
0.00
0.00
0.00
0.00
0.00
0.00
0.00
0.00
0.00
725.00
0.00
0.00
0.00
0.00
0.00
0.00
0.00
0.00
0.00
6.00
0.00
0.00
0.00
45.00
0.00
94.00
0.00
0.00
0.00
0.00
0.00
0.00
0.00
293.00
26.00
88.00
0.00
0.00
0.00
0.00
300.00
28.00
17.00
9.00
151.00
140.00
123.00
625.00
641.00
678.00
7.00
4.00
0.00
64.00
2.00
0.00
0.00
0.00
0.00
0.00
0.00
225.00
60.00
0.00
41.00
219.00
83.00
513.00
426.00
0.00
95.00
23.00
56.00
18.00
442.00
9.00
242.00
20.00
0.00
121.00
211.00
281.00
527.00
4.00
5.00
90.00
0.00
59.00
20.00
8.00
161.00
322.00
13.00
13.00
324.00
149.00
112.00
1.00
82.00
224.00
173.00
438.00
180.00
0.00
42.00
49.00
228.00
94.00
238.00
246.00
82.00
1.00
3.00
0.00
20.00
17.00
152.00
200.00
117.00
1159.00
524.00
388.00
2.00
160.00
102.00
112.00
169.00
0.00
197.00
420.00
20.00
194.00
7.00
67.00
59.00
56.00
46.00
370.00
574.00
118.00
1040.00
101.00
98.00
61.00
79.00
192.00
273.00
231.00
53.00
93.00
40.00
81.00
132.00
140.00
25.00
251.00
105.00
8.00
15.00
101.00
95.00
29.00
33.00
0.00
34.00
59.00
135.00
42.00
0.00
44.00
77.00
184.00
99.00
80.00
57.00
196.00
7.00
303.00
1550.00
1570.00
1227.00
468.00
201.00
29.00
29.00
98.00
38.00
1.00
85.00
44.00
214.00
153.00
0.00
14.00
433.00
155.00
31.00
0.00
9.00
120.00
438.00
348.00
105.00
18.00
140.00
1.00
0.00
326.00
918.00
379.00
15.00
0.00
1.00
29.00
24.00
0.00
324.00
128.00
279.00
176.00
104.00
5.00
31.00
99.00
73.00
1.00
69.00
187.00
288.00
261.00
16.00
12.00
8.00
4.00
27.00
22.00
6.00
55.00
0.00
2.00
0.00
42.00
632.00
215.00
0.00
0.00
0.00
1.00
65.00
690.00
1036.00
0.00
0.00
0.00
0.00
0.00
0.00
0.00
6.00
18.00
0.00
0.00
0.00
0.00
0.00
2.00
0.00
0.00
0.00
0.00
0.00
0.00
0.00
0.00
0.00
158.00
95.00
3.00
0.00
0.00
0.00
0.00
0.00
0.00
0.00
0.00
0.00
0.00
0.00
0.00
0.00
0.00
0.00
0.00
0.00
0.00
0.00
1.00
1.00
94.00
0.00
0.00
0.00
0.00
0.00
0.00
0.00
0.00
0.00
8.00
0.00
0.00
0.00
0.00
0.00
0.00
0.00
0.00
0.00
0.00
0.00
0.00
2.00
2.00
0.00
0.00
0.00
0.00
0.00
0.00
0.00
0.00
0.00
0.00
0.00
0.00
0.00
0.00
0.00
0.00
0.00
0.00
0.00
0.00
0.00
0.00
0.00
0.00
0.00
0.00
0.00
0.00
0.00
0.00
0.00
0.00
0.00
0.00
7.00
123.00
16.00
0.00
23.00
10.00
0.00
4.00
70.00
0.00
0.00
0.00
0.00
0.00
0.00
0.00
0.00
0.00
0.00
409.00
24.00
0.00
0.00
0.00
0.00
0.00
0.00
0.00
0.00
0.00
0.00
0.00
0.00
0.00
66.00
5.00
0.00
4.00
21.00
0.00
0.00
0.00
0.00
0.00
0.00
0.00
65.00
0.00
0.00
0.00
24.00
351.00
384.00
283.00
4.00
0.00
207.00
0.00
92.00
12.00
20.00
93.00
142.00
0.00
94.00
44.00
346.00
43.00
0.00
0.00
0.00
0.00
0.00
5.00
39.00
0.00
46.00
8.00
0.00
35.00
0.00
29.00
6.00
105.00
66.00
317.00
0.00
160.00
0.00
132.00
200.00
58.00
253.00
118.00
60.00
6.00
22.00
0.00
120.00
0.00
0.00
0.00
0.00
0.00
1.00
0.00
71.00
57.00
160.00
57.00
76.00
153.00
0.00
26.00
15.00
36.00
0.00
28.00
20.00
212.00
0.00
2.00
2.00
98.00
137.00
12.00
1.00
161.00
645.00
180.00
130.00
89.00
146.00
15.00
13.00
32.00
7.00
66.00
13.00
39.00
79.00
5.00
27.00
28.00
79.00
332.00
490.00
428.00
182.00
22.00
0.00
64.00
16.00
21.00
3.00
32.00
40.00
32.00
111.00
53.00
76.00
9.00
44.00
68.00
272.00
92.00
12.00
62.00
240.00
65.00
23.00
213.00
137.00
129.00
155.00
102.00
132.00
305.00
17.00
39.00
57.00
38.00
120.00
56.00
15.00
2.00
50.00
108.00
105.00
81.00
534.00
38.00
28.00
14.00
79.00
41.00
77.00
54.00
123.00
172.00
93.00
264.00
98.00
41.00
10.00
13.00
39.00
73.00
454.00
122.00
157.00
127.00
0.00
0.00
0.00
8.00
176.00
934.00
495.00
23.00
48.00
0.00
50.00
0.00
0.00
13.00
21.00
0.00
1.00
12.00
26.00
8.00
1.00
0.00
10.00
26.00
0.00
0.00
0.00
0.00
0.00
0.00
0.00
0.00
0.00
0.00
22.00
67.00
28.00
29.00
0.00
0.00
0.00
0.00
0.00
0.00
0.00
0.00
0.00
0.00
0.00
0.00
0.00
0.00
0.00
0.00
1.00
0.00
0.00
0.00
0.00
0.00
14.00
0.00
0.00
0.00
0.00
0.00
0.00
0.00
0.00
0.00
0.00
0.00
0.00
0.00
0.00
0.00
0.00
0.00
0.00
0.00
0.00
0.00
0.00
0.00
0.00
0.00
0.00
0.00
0.00
0.00
48.00
0.00
0.00
0.00
0.00
0.00
0.00
0.00
0.00
0.00
0.00
10.00
117.00
582.00
0.00
0.00
0.00
0.00
0.00
0.00
0.00
0.00
0.00
0.00
0.00
0.00
0.00
0.00
0.00
0.00
0.00
0.00
0.00
0.00
0.00
0.00
0.00
0.00
0.00
0.00
0.00
0.00
0.00
0.00
0.00
0.00
0.00
0.00
0.00
0.00
0.00
0.00
4.00
4.00
0.00
0.00
0.00
0.00
1.00
0.00
0.00
0.00
0.00
0.00
0.00
26.00
0.00
0.00
0.00
1.00
0.00
0.00
0.00
17.00
0.00
0.00
0.00
0.00
0.00
0.00
0.00
1.70
6.40
0.00
56.20
4.90
0.00
0.00
0.20
11.30
0.00
0.00
0.00
0.00
0.00
0.00
0.00
0.00
0.00
0.00
0.30
0.00
4.40
4.80
0.00
0.00
0.00
0.00
0.00
0.00
0.00
13.50
17.50
0.00
26.00
3.70
160.90
2.60
17.00
0.00
12.10
13.20
19.40
2.80
2.50
29.90
0.00
0.00
0.00
0.20
9.70
25.70
42.20
0.00
0.00
0.20
5.60
26.50
0.20
0.00
0.00
3.00
1.90
0.10
24.60
11.50
8.30
8.30
4.10
55.90
116.40
0.70
0.00
73.30
17.60
5.50
71.40
134.80
33.30
26.50
6.20
14.50
0.00
45.30
25.40
0.20
0.20
18.70
22.30
22.30
42.40
0.40
25.30
16.50
3.20
26.80
26.20
3.40
1.20
8.10
31.20
2.00
0.20
0.00
0.00
0.00
0.00
0.00
0.90
0.00
6.10
11.40
1.40
60.50
3.40
0.90
8.10
33.90
37.00
4.40
0.20
0.40
22.80
221.60
103.80
65.70
0.00
5.40
1.50
1.80
1.50
5.10
3.40
11.50
66.50
131.40
220.70
220.70
55.40
55.40
59.60
2.20
2.20
1.10
0.00
2.20
2.20
2.20
1.20
7.70
73.20
5.10
28.90
6.30
0.80
8.90
0.40
10.70
11.10
4.50
22.20
3.40
33.80
10.20
6.60
4.40
3.20
2.80
6.10
9.80
34.70
16.20
9.50
15.60
0.30
1.20
1.00
0.10
3.10
3.30
52.70
15.20
26.60
3.10
1.20
2.90
10.00
9.00
14.10
2.80
11.50
3.60
39.80
14.30
0.40
6.90
5.90
5.10
24.50
14.70
14.50
46.60
45.90
13.00
6.20
17.60
10.80
0.00
0.00
0.00
0.80
21.20
8.00
18.60
38.20
5.80
21.60
19.80
2.20
60.40
60.40
22.90
0.00
0.00
0.20
0.70
9.90
14.90
10.50
0.40
0.00
0.00
0.00
0.00
0.20
0.20
0.30
0.00
0.10
0.00
3.40
0.20
0.00
0.50
24.00
92.30
