20160101
0.00
0.00
0.00
0.00
0.00
0.00
0.00
0.00
8.00
0.00
0.00
0.00
2.00
0.00
0.00
0.00
0.00
0.00
0.00
0.00
0.00
0.00
0.00
0.00
0.00
3.00
0.00
0.00
0.00
0.00
0.00
0.00
0.00
0.00
0.00
0.00
2.00
5.00
15.00
0.00
0.00
0.00
0.00
0.00
0.00
0.00
0.00
0.00
0.00
0.00
0.00
2.00
0.00
0.00
0.00
0.00
8.00
1.00
0.00
0.00
0.00
0.00
14.00
124.00
0.00
139.00
0.00
0.00
0.00
0.00
0.00
0.00
27.00
0.00
2.00
0.00
0.00
0.00
1.00
0.00
0.00
0.00
0.00
0.00
0.00
0.00
79.00
285.00
45.00
76.00
79.00
2.00
0.00
1.00
13.00
144.00
3.00
73.00
59.00
2.00
0.00
0.00
0.00
13.00
292.00
38.00
433.00
204.00
89.00
99.00
131.00
2.00
28.00
392.00
216.00
13.00
107.00
82.00
206.00
72.00
401.00
69.00
53.00
4.00
22.00
4.00
26.00
6.00
24.00
7.00
1.00
125.00
52.00
91.00
4.00
194.00
679.00
322.00
176.00
19.00
73.00
487.00
1.00
0.00
0.00
5.00
6.00
39.00
2.00
0.00
0.00
118.00
38.00
0.00
0.00
149.00
13.00
147.00
313.00
86.00
0.00
281.00
96.00
44.00
1.00
0.00
46.00
64.00
362.00
0.00
0.00
17.00
15.00
5.00
28.00
0.00
56.00
16.00
155.00
12.00
38.00
17.00
28.00
34.00
89.00
113.00
10.00
14.00
122.00
30.00
101.00
49.00
15.00
1.00
1.00
7.00
4.00
12.00
3.00
2.00
1.00
3.00
22.00
21.00
34.00
21.00
118.00
14.00
34.00
48.00
12.00
465.00
3.00
5.00
0.00
14.00
142.00
63.00
43.00
13.00
103.00
20.00
35.00
21.00
64.00
42.00
243.00
69.00
13.00
63.00
13.00
0.00
154.00
110.00
0.00
1.00
0.00
250.00
0.00
55.00
70.00
74.00
44.00
84.00
107.00
9.00
172.00
9.00
257.00
127.00
9.00
1.00
87.00
97.00
39.00
0.00
70.00
41.00
1.00
22.00
39.00
89.00
101.00
128.00
87.00
54.00
68.00
5.00
223.00
161.00
0.00
213.00
75.00
1.00
0.00
47.00
0.00
1.00
3.00
19.00
93.00
8.00
48.00
87.00
9.00
29.00
0.00
0.00
0.00
0.00
0.00
0.00
0.00
0.00
0.00
0.00
0.00
12.00
0.00
0.00
39.00
0.00
0.00
0.00
0.00
0.00
0.00
0.00
47.00
283.00
294.00
27.00
0.00
0.00
0.00
0.00
0.00
0.00
0.00
0.00
0.00
0.00
0.00
0.00
0.00
0.00
0.00
0.00
0.00
0.00
0.00
0.00
0.00
0.00
0.00
3.00
0.00
0.00
0.00
0.00
0.00
0.00
0.00
0.00
0.00
0.00
0.00
0.00
0.00
0.00
0.00
0.00
0.00
0.00
0.00
0.00
0.00
0.00
0.00
0.00
37.00
0.00
0.00
0.00
0.00
0.00
0.00
0.00
0.00
30.00
0.00
0.00
0.00
0.00
0.00
0.00
0.00
0.00
0.00
0.00
0.00
0.00
0.00
0.00
0.00
10.00
0.00
0.00
0.00
0.00
0.00
0.00
11.00
0.00
0.00
0.00
0.00
0.00
0.00
0.00
0.00
0.00
0.00
0.00
0.00
0.00
0.00
0.00
0.00
0.00
0.00
0.00
0.00
0.00
0.00
0.00
0.00
1.00
210.00
0.00
0.00
0.00
0.00
0.00
0.00
0.00
0.00
0.00
13.00
222.00
0.00
0.00
94.00
0.00
445.00
33.00
0.00
0.00
0.00
0.00
0.00
35.00
289.00
15.00
104.00
0.00
0.00
0.00
0.00
46.00
19.00
10.00
32.00
163.00
229.00
304.00
825.00
1071.00
1032.00
177.00
0.00
0.00
21.00
52.00
3.00
0.00
0.00
0.00
0.00
0.00
65.00
3.00
0.00
0.00
183.00
66.00
63.00
2.00
0.00
0.00
60.00
51.00
87.00
103.00
14.00
159.00
12.00
0.00
24.00
3.00
191.00
224.00
1.00
17.00
38.00
6.00
4.00
2.00
31.00
74.00
36.00
11.00
0.00
68.00
66.00
105.00
50.00
51.00
3.00
151.00
150.00
153.00
7.00
31.00
119.00
912.00
40.00
212.00
448.00
74.00
0.00
7.00
25.00
0.00
137.00
39.00
257.00
756.00
83.00
104.00
0.00
40.00
132.00
974.00
346.00
194.00
4.00
172.00
9.00
92.00
536.00
150.00
47.00
89.00
37.00
71.00
175.00
28.00
10.00
37.00
102.00
352.00
131.00
5.00
60.00
131.00
367.00
43.00
40.00
12.00
0.00
166.00
87.00
1.00
71.00
313.00
0.00
19.00
138.00
72.00
16.00
51.00
22.00
25.00
138.00
80.00
78.00
7.00
0.00
0.00
102.00
167.00
30.00
17.00
13.00
21.00
6.00
210.00
535.00
386.00
24.00
0.00
12.00
50.00
189.00
74.00
0.00
52.00
26.00
0.00
0.00
24.00
297.00
134.00
4.00
64.00
11.00
20.00
58.00
55.00
0.00
87.00
15.00
0.00
0.00
34.00
6.00
8.00
160.00
47.00
0.00
61.00
0.00
49.00
13.00
85.00
0.00
69.00
13.00
0.00
1.00
88.00
196.00
1.00
145.00
316.00
392.00
26.00
36.00
67.00
69.00
8.00
0.00
0.00
108.00
0.00
188.00
30.00
6.00
0.00
37.00
28.00
4.00
3.00
0.00
31.00
8.00
73.00
449.00
1053.00
0.00
0.00
0.00
0.00
0.00
0.00
0.00
421.00
942.00
0.00
0.00
0.00
0.00
0.00
0.00
0.00
0.00
0.00
0.00
0.00
0.00
0.00
0.00
4.00
247.00
30.00
13.00
0.00
0.00
0.00
0.00
0.00
0.00
0.00
0.00
0.00
0.00
0.00
0.00
0.00
0.00
0.00
0.00
0.00
0.00
0.00
6.00
6.00
83.00
41.00
0.00
0.00
0.00
0.00
0.00
0.00
0.00
0.00
17.00
0.00
0.00
0.00
0.00
0.00
0.00
0.00
0.00
0.00
0.00
0.00
97.00
199.00
42.00
0.00
0.00
0.00
0.00
0.00
0.00
0.00
0.00
0.00
0.00
0.00
0.00
0.00
0.00
0.00
0.00
0.00
0.00
0.00
0.00
0.00
0.00
0.00
0.00
0.00
0.00
0.00
0.00
0.00
0.00
0.00
0.00
0.00
0.00
0.00
5.00
2.00
0.00
10.00
9.00
0.00
0.00
0.00
0.00
0.00
0.00
0.00
0.00
2.00
0.00
0.00
0.00
0.00
412.00
840.00
0.00
0.00
0.00
0.00
0.00
0.00
39.00
0.00
0.00
0.00
0.00
0.00
3.00
66.00
27.00
0.00
0.00
115.00
6.00
0.00
0.00
0.00
0.00
0.00
0.00
103.00
1.00
2.00
35.00
0.00
49.00
150.00
44.00
136.00
10.00
0.00
0.00
0.00
0.00
51.00
27.00
29.00
61.00
50.00
125.00
3.00
40.00
39.00
4.00
108.00
22.00
29.00
0.00
44.00
16.00
6.00
0.00
0.00
5.00
16.00
189.00
10.00
88.00
89.00
97.00
2.00
5.00
19.00
148.00
137.00
29.00
899.00
295.00
107.00
0.00
30.00
0.00
35.00
0.00
0.00
9.00
0.00
0.00
0.00
0.00
0.00
190.00
382.00
210.00
1.00
12.00
0.00
1.00
4.00
1.00
7.00
7.00
8.00
0.00
62.00
8.00
38.00
95.00
26.00
148.00
943.00
1815.00
827.00
194.00
48.00
13.00
1.00
3.00
0.00
0.00
18.00
53.00
14.00
32.00
11.00
61.00
0.00
0.00
1.00
64.00
166.00
249.00
129.00
0.00
2.00
40.00
0.00
7.00
0.00
205.00
93.00
65.00
57.00
107.00
109.00
16.00
4.00
9.00
184.00
103.00
17.00
46.00
87.00
43.00
8.00
11.00
23.00
18.00
82.00
413.00
237.00
0.00
4.00
59.00
312.00
8.00
84.00
56.00
1.00
25.00
18.00
6.00
4.00
18.00
43.00
233.00
2.00
9.00
3.00
67.00
8.00
0.00
22.00
38.00
170.00
267.00
60.00
3.00
0.00
0.00
14.00
11.00
0.00
2.00
159.00
1.00
0.00
0.00
1.00
44.00
2.00
56.00
199.00
79.00
0.00
0.00
0.00
0.00
9.00
330.00
127.00
21.00
55.00
0.00
18.00
2.00
0.00
8.00
6.00
28.00
0.00
0.00
0.00
0.00
0.00
0.00
0.00
0.00
0.00
0.00
16.00
16.00
172.00
142.00
6.00
0.00
0.00
0.00
0.00
0.00
0.00
0.00
0.00
0.00
0.00
0.00
0.00
1.00
78.00
78.00
35.00
0.00
0.00
103.00
0.00
0.00
0.00
0.00
0.00
0.00
0.00
0.00
0.00
0.00
0.00
0.00
0.00
0.00
0.00
0.00
0.00
0.00
0.00
0.00
0.00
0.00
0.00
0.00
0.00
0.00
0.00
0.00
0.00
0.00
0.00
0.00
15.00
0.00
0.00
0.00
0.00
0.00
0.00
0.00
0.00
0.00
0.00
3.00
206.00
724.00
0.00
0.00
0.00
0.00
0.00
0.00
0.00
0.00
0.00
0.00
0.00
0.00
0.00
0.00
0.00
0.00
0.00
0.00
0.00
0.00
0.00
0.00
0.00
0.00
0.00
0.00
0.00
0.00
0.00
0.00
0.00
0.00
0.00
0.00
0.00
0.00
0.00
0.00
0.00
0.00
0.00
1.00
0.00
0.00
0.00
0.00
0.00
0.00
0.00
0.00
0.00
0.00
4.00
0.00
0.00
0.00
1.00
0.00
0.00
6.00
0.00
0.00
0.00
0.00
0.00
0.00
0.00
0.20
27.10
0.30
91.60
66.90
0.00
0.00
0.00
0.00
0.00
0.00
0.00
0.00
0.00
0.00
0.00
0.00
0.00
0.00
0.20
0.00
1.60
3.90
18.40
0.00
0.00
6.20
0.00
0.00
0.00
12.70
0.90
0.00
0.00
0.70
81.70
25.70
37.00
0.00
24.90
14.60
41.00
11.20
15.10
13.40
0.00
0.00
0.00
0.10
21.00
11.60
7.00
20.70
0.20
1.10
2.00
2.00
3.70
0.00
0.00
0.00
2.00
0.00
13.00
10.30
9.10
9.10
0.10
27.10
103.40
4.10
0.00
13.50
7.90
29.80
26.00
50.50
14.60
11.80
1.30
5.60
5.10
10.90
13.60
0.00
0.00
13.70
12.70
12.70
2.90
0.40
3.40
1.00
0.00
0.50
0.80
2.50
0.00
0.00
2.50
6.20
0.00
3.20
2.40
0.20
0.70
1.50
0.00
9.60
0.00
24.50
19.20
8.70
8.10
0.20
4.90
14.10
15.10
1.50
0.00
0.10
17.00
46.50
42.20
1.20
0.00
8.80
1.40
7.00
0.90
32.30
54.40
28.60
19.70
2.50
14.20
14.20
71.70
71.70
10.40
0.10
0.10
0.00
0.00
0.10
0.10
0.10
0.10
16.40
1.70
2.50
38.00
26.30
11.00
9.70
0.00
8.40
2.30
3.30
44.20
7.70
1.20
0.30
1.20
25.20
9.00
0.40
0.30
0.00
16.30
3.00
0.00
0.00
0.00
0.20
0.00
1.30
0.10
0.90
8.40
5.20
2.00
0.10
0.20
17.00
10.40
0.10
2.00
0.70
0.00
4.00
4.60
6.70
3.40
23.10
6.10
0.20
1.50
1.60
3.00
3.60
0.30
0.10
1.00
3.30
4.50
0.10
0.30
2.10
10.00
11.50
6.90
7.00
8.70
1.70
0.00
8.90
4.20
5.60
5.60
17.30
0.00
0.00
2.60
1.00
3.10
1.00
10.80
0.70
0.00
0.00
0.00
0.00
0.10
0.10
0.00
0.00
3.00
2.50
4.80
0.70
0.20
2.30
5.50
29.40
