20160101
0.00
0.00
0.00
0.00
0.00
0.00
0.00
0.00
0.00
0.00
0.00
0.00
4.00
0.00
0.00
0.00
0.00
0.00
0.00
0.00
0.00
0.00
0.00
0.00
0.00
0.00
0.00
0.00
0.00
0.00
0.00
0.00
0.00
0.00
0.00
0.00
0.00
0.00
4.00
0.00
0.00
0.00
0.00
0.00
0.00
0.00
0.00
0.00
0.00
0.00
6.00
0.00
0.00
0.00
0.00
0.00
6.00
0.00
0.00
0.00
0.00
0.00
0.00
0.00
0.00
1.00
0.00
0.00
0.00
0.00
0.00
0.00
1.00
1.00
5.00
0.00
1.00
0.00
6.00
1.00
0.00
0.00
0.00
0.00
0.00
0.00
37.00
239.00
7.00
209.00
385.00
7.00
0.00
6.00
9.00
94.00
0.00
0.00
0.00
0.00
0.00
0.00
0.00
0.00
0.00
0.00
98.00
207.00
44.00
165.00
37.00
0.00
0.00
0.00
0.00
0.00
113.00
184.00
7.00
0.00
1.00
0.00
0.00
106.00
6.00
47.00
76.00
419.00
9.00
22.00
74.00
6.00
283.00
134.00
196.00
214.00
5.00
37.00
128.00
221.00
80.00
53.00
0.00
0.00
97.00
108.00
0.00
3.00
1.00
20.00
42.00
34.00
0.00
0.00
0.00
20.00
0.00
1.00
33.00
0.00
23.00
6.00
145.00
0.00
0.00
256.00
279.00
93.00
24.00
100.00
258.00
174.00
201.00
384.00
431.00
244.00
9.00
110.00
186.00
18.00
44.00
139.00
439.00
254.00
145.00
393.00
88.00
0.00
133.00
391.00
39.00
65.00
62.00
234.00
284.00
342.00
46.00
183.00
248.00
325.00
138.00
535.00
223.00
46.00
420.00
68.00
641.00
19.00
2.00
105.00
104.00
81.00
67.00
121.00
331.00
66.00
290.00
166.00
72.00
57.00
60.00
9.00
83.00
0.00
150.00
107.00
26.00
418.00
119.00
51.00
9.00
0.00
2.00
3.00
0.00
0.00
2.00
213.00
12.00
1.00
26.00
63.00
707.00
299.00
238.00
1019.00
58.00
23.00
14.00
45.00
20.00
7.00
0.00
319.00
26.00
48.00
143.00
1.00
33.00
164.00
173.00
7.00
84.00
108.00
5.00
3.00
62.00
41.00
576.00
142.00
0.00
93.00
123.00
1.00
28.00
2.00
22.00
0.00
0.00
1.00
9.00
55.00
150.00
442.00
42.00
0.00
0.00
0.00
0.00
0.00
0.00
0.00
0.00
0.00
0.00
0.00
0.00
0.00
0.00
0.00
69.00
0.00
0.00
0.00
0.00
0.00
0.00
0.00
23.00
83.00
0.00
0.00
0.00
0.00
0.00
0.00
0.00
0.00
0.00
0.00
0.00
0.00
0.00
0.00
0.00
0.00
0.00
0.00
0.00
0.00
0.00
0.00
0.00
0.00
0.00
21.00
0.00
0.00
0.00
0.00
0.00
0.00
0.00
0.00
0.00
0.00
0.00
0.00
0.00
0.00
0.00
0.00
0.00
0.00
0.00
0.00
0.00
0.00
0.00
0.00
15.00
0.00
0.00
0.00
0.00
0.00
0.00
0.00
0.00
5.00
0.00
0.00
0.00
0.00
0.00
15.00
0.00
0.00
0.00
0.00
0.00
0.00
0.00
0.00
0.00
0.00
0.00
0.00
0.00
0.00
0.00
1.00
4.00
0.00
0.00
0.00
0.00
0.00
0.00
0.00
0.00
0.00
0.00
0.00
0.00
0.00
0.00
0.00
0.00
0.00
0.00
0.00
0.00
0.00
0.00
0.00
0.00
0.00
172.00
0.00
0.00
0.00
0.00
0.00
0.00
0.00
0.00
0.00
83.00
0.00
0.00
0.00
25.00
0.00
309.00
0.00
0.00
0.00
0.00
0.00
0.00
3.00
122.00
45.00
84.00
0.00
0.00
0.00
0.00
388.00
0.00
18.00
310.00
111.00
59.00
412.00
243.00
306.00
159.00
15.00
434.00
3.00
0.00
30.00
0.00
0.00
0.00
0.00
0.00
0.00
258.00
135.00
0.00
2.00
219.00
229.00
192.00
503.00
0.00
201.00
62.00
178.00
0.00
169.00
9.00
65.00
34.00
0.00
135.00
204.00
37.00
201.00
1.00
5.00
357.00
2.00
346.00
27.00
3.00
284.00
512.00
1.00
18.00
592.00
400.00
125.00
14.00
144.00
106.00
26.00
39.00
250.00
4.00
0.00
62.00
124.00
153.00
211.00
427.00
158.00
0.00
1.00
0.00
9.00
16.00
39.00
168.00
21.00
1490.00
291.00
904.00
25.00
308.00
100.00
373.00
545.00
98.00
342.00
365.00
30.00
212.00
4.00
27.00
8.00
59.00
105.00
221.00
202.00
38.00
823.00
180.00
69.00
65.00
83.00
151.00
215.00
148.00
503.00
236.00
6.00
21.00
27.00
58.00
3.00
468.00
86.00
11.00
29.00
536.00
217.00
49.00
69.00
7.00
20.00
9.00
255.00
14.00
2.00
259.00
177.00
102.00
64.00
292.00
359.00
154.00
10.00
80.00
922.00
2054.00
642.00
442.00
61.00
75.00
31.00
88.00
19.00
13.00
72.00
745.00
180.00
254.00
36.00
186.00
400.00
197.00
26.00
38.00
127.00
191.00
249.00
602.00
165.00
31.00
46.00
1.00
222.00
389.00
840.00
493.00
0.00
0.00
5.00
3.00
0.00
1.00
381.00
134.00
281.00
338.00
11.00
6.00
15.00
13.00
1.00
4.00
173.00
71.00
239.00
449.00
105.00
12.00
0.00
1.00
0.00
3.00
0.00
7.00
0.00
0.00
0.00
0.00
480.00
199.00
0.00
0.00
0.00
2.00
92.00
750.00
1095.00
0.00
0.00
0.00
0.00
0.00
0.00
0.00
0.00
6.00
0.00
0.00
0.00
0.00
0.00
0.00
0.00
0.00
0.00
0.00
0.00
0.00
0.00
0.00
2.00
160.00
112.00
5.00
0.00
0.00
0.00
0.00
0.00
0.00
0.00
0.00
0.00
0.00
0.00
0.00
0.00
0.00
0.00
0.00
0.00
0.00
0.00
0.00
2.00
95.00
1.00
0.00
0.00
0.00
0.00
0.00
0.00
0.00
0.00
17.00
0.00
0.00
0.00
0.00
0.00
0.00
0.00
0.00
0.00
0.00
0.00
0.00
0.00
0.00
0.00
0.00
0.00
0.00
0.00
0.00
0.00
0.00
0.00
0.00
0.00
0.00
0.00
0.00
0.00
0.00
0.00
0.00
0.00
0.00
0.00
0.00
0.00
0.00
0.00
0.00
0.00
0.00
0.00
0.00
0.00
0.00
0.00
0.00
0.00
442.00
70.00
150.00
28.00
40.00
155.00
104.00
304.00
0.00
0.00
0.00
0.00
0.00
0.00
0.00
0.00
0.00
0.00
535.00
14.00
0.00
0.00
0.00
0.00
0.00
0.00
0.00
0.00
0.00
0.00
0.00
0.00
0.00
0.00
11.00
0.00
0.00
18.00
0.00
0.00
0.00
0.00
0.00
0.00
0.00
1.00
0.00
170.00
0.00
44.00
353.00
439.00
291.00
0.00
1.00
0.00
0.00
36.00
8.00
24.00
87.00
44.00
0.00
51.00
30.00
0.00
71.00
4.00
85.00
188.00
0.00
9.00
1.00
91.00
0.00
12.00
97.00
32.00
11.00
0.00
21.00
25.00
348.00
34.00
245.00
0.00
362.00
1.00
370.00
351.00
18.00
298.00
32.00
57.00
17.00
2.00
0.00
224.00
2.00
0.00
0.00
0.00
0.00
94.00
33.00
119.00
50.00
465.00
21.00
15.00
140.00
1.00
217.00
25.00
71.00
0.00
19.00
13.00
221.00
9.00
1.00
21.00
83.00
69.00
5.00
237.00
233.00
495.00
25.00
131.00
206.00
104.00
57.00
80.00
10.00
10.00
38.00
404.00
188.00
56.00
7.00
29.00
41.00
118.00
360.00
1525.00
104.00
63.00
0.00
0.00
26.00
9.00
22.00
59.00
76.00
194.00
160.00
106.00
9.00
11.00
28.00
2.00
0.00
276.00
46.00
4.00
221.00
92.00
383.00
63.00
278.00
377.00
107.00
337.00
107.00
576.00
150.00
1.00
22.00
17.00
88.00
139.00
35.00
15.00
11.00
19.00
78.00
270.00
91.00
478.00
12.00
2.00
6.00
56.00
48.00
45.00
274.00
835.00
245.00
418.00
88.00
38.00
103.00
23.00
15.00
74.00
58.00
332.00
410.00
241.00
39.00
3.00
0.00
0.00
7.00
182.00
473.00
410.00
61.00
14.00
0.00
0.00
0.00
6.00
33.00
145.00
0.00
0.00
13.00
227.00
88.00
31.00
2.00
12.00
1.00
0.00
0.00
0.00
0.00
0.00
0.00
0.00
0.00
0.00
0.00
3.00
162.00
45.00
7.00
0.00
0.00
0.00
0.00
0.00
0.00
0.00
0.00
0.00
0.00
0.00
0.00
0.00
2.00
3.00
1.00
0.00
0.00
0.00
0.00
0.00
211.00
0.00
0.00
0.00
0.00
0.00
0.00
0.00
0.00
0.00
0.00
0.00
0.00
0.00
0.00
0.00
0.00
0.00
0.00
0.00
0.00
0.00
0.00
0.00
0.00
0.00
0.00
0.00
0.00
0.00
0.00
7.00
0.00
0.00
0.00
0.00
0.00
0.00
0.00
0.00
0.00
0.00
1.00
35.00
314.00
0.00
0.00
0.00
0.00
0.00
0.00
0.00
0.00
0.00
0.00
0.00
0.00
0.00
0.00
0.00
0.00
0.00
11.00
0.00
0.00
0.00
0.00
0.00
0.00
0.00
0.00
0.00
0.00
0.00
0.00
0.00
0.00
0.00
0.00
0.00
0.00
0.00
0.00
0.00
0.00
0.00
0.00
0.00
0.00
0.00
0.00
0.00
0.00
0.00
0.00
0.00
10.00
0.00
0.00
0.00
0.00
0.00
0.00
0.00
10.00
0.00
0.00
0.00
0.00
0.00
0.00
0.00
0.70
4.30
0.20
52.20
3.10
0.00
0.00
0.00
3.00
0.00
0.00
0.00
0.00
0.00
0.00
0.00
0.00
0.00
0.10
0.40
0.00
1.90
3.60
0.00
0.00
0.00
0.70
0.00
0.00
0.00
1.70
0.00
0.00
44.10
1.10
129.20
1.70
21.20
0.00
12.80
14.50
23.00
0.80
4.80
36.80
0.00
0.30
0.00
1.90
0.00
15.10
8.70
0.00
0.00
0.00
0.00
10.50
0.00
0.00
0.00
0.00
3.20
0.50
12.30
10.00
10.70
10.70
6.10
178.30
52.50
0.00
0.00
42.70
0.00
31.20
84.40
94.50
15.00
30.90
6.80
29.60
0.00
33.10
41.10
0.20
0.20
2.20
50.70
50.70
10.30
2.60
2.40
30.20
11.50
36.20
13.60
26.00
3.60
32.70
49.40
1.20
0.00
0.00
1.10
0.00
0.00
0.00
1.60
0.70
2.50
13.30
5.20
66.40
8.30
0.10
21.40
45.30
25.20
0.70
1.30
5.50
43.40
113.90
91.30
22.40
0.70
3.20
1.10
0.60
0.60
32.60
17.90
10.20
22.20
77.60
136.80
136.80
85.90
85.90
63.30
5.00
5.00
1.50
0.30
5.00
5.00
5.00
1.90
19.80
59.50
7.60
37.20
8.90
3.80
2.00
2.40
17.50
11.70
17.00
18.60
2.50
21.30
17.60
12.60
2.50
3.00
8.20
6.10
3.80
55.50
46.00
29.40
22.20
3.10
9.70
0.20
0.30
1.00
0.80
44.10
19.30
15.30
0.80
0.10
5.70
21.50
1.00
5.60
0.20
3.30
11.30
22.10
22.30
1.20
1.30
9.10
4.30
44.10
35.60
8.30
15.20
39.00
16.90
31.30
65.20
20.10
0.00
0.10
0.40
0.30
14.70
22.50
19.50
28.80
0.20
14.20
37.40
2.50
73.70
73.70
2.00
0.00
4.00
4.00
1.30
39.60
31.00
6.80
1.10
0.00
0.00
0.00
0.00
0.00
0.00
0.00
0.00
0.00
0.00
3.40
0.20
0.00
0.50
24.00
92.30
