20160101
0.00
12.00
1.00
0.00
0.00
0.00
0.00
0.00
5.00
0.00
0.00
0.00
0.00
0.00
0.00
0.00
0.00
0.00
6.00
75.00
0.00
0.00
0.00
0.00
0.00
2.00
34.00
1.00
0.00
0.00
0.00
0.00
0.00
0.00
0.00
0.00
0.00
0.00
1.00
0.00
0.00
0.00
0.00
0.00
0.00
0.00
0.00
0.00
0.00
0.00
0.00
0.00
0.00
0.00
0.00
0.00
8.00
0.00
11.00
75.00
5.00
1.00
3.00
33.00
0.00
33.00
1.00
2.00
1.00
0.00
0.00
0.00
16.00
9.00
0.00
0.00
1.00
0.00
0.00
17.00
0.00
0.00
0.00
0.00
0.00
0.00
414.00
238.00
2.00
11.00
211.00
20.00
0.00
0.00
19.00
474.00
14.00
83.00
0.00
6.00
0.00
0.00
0.00
55.00
296.00
40.00
373.00
208.00
194.00
89.00
438.00
48.00
22.00
58.00
33.00
30.00
176.00
107.00
280.00
103.00
112.00
43.00
155.00
57.00
57.00
84.00
28.00
202.00
0.00
16.00
58.00
35.00
70.00
139.00
51.00
426.00
101.00
254.00
167.00
51.00
162.00
380.00
9.00
43.00
94.00
9.00
0.00
0.00
5.00
20.00
1.00
36.00
13.00
45.00
13.00
99.00
48.00
247.00
18.00
64.00
22.00
123.00
22.00
126.00
130.00
82.00
180.00
303.00
90.00
0.00
70.00
70.00
117.00
525.00
117.00
18.00
18.00
80.00
201.00
47.00
119.00
27.00
110.00
56.00
123.00
37.00
15.00
2.00
78.00
111.00
88.00
43.00
43.00
0.00
4.00
21.00
26.00
82.00
117.00
464.00
774.00
657.00
281.00
111.00
92.00
55.00
344.00
29.00
77.00
189.00
38.00
84.00
31.00
7.00
3.00
12.00
217.00
153.00
19.00
70.00
216.00
19.00
5.00
3.00
59.00
170.00
32.00
147.00
44.00
102.00
35.00
0.00
0.00
44.00
0.00
38.00
17.00
287.00
5.00
59.00
57.00
96.00
150.00
89.00
289.00
419.00
60.00
1.00
2.00
68.00
4.00
16.00
0.00
29.00
202.00
40.00
68.00
31.00
81.00
78.00
50.00
79.00
441.00
249.00
3.00
42.00
31.00
9.00
98.00
7.00
161.00
5.00
12.00
67.00
30.00
115.00
39.00
32.00
371.00
10.00
6.00
59.00
80.00
426.00
126.00
33.00
0.00
0.00
0.00
0.00
0.00
0.00
0.00
0.00
0.00
0.00
0.00
0.00
0.00
0.00
172.00
0.00
0.00
18.00
0.00
0.00
0.00
52.00
23.00
77.00
0.00
0.00
0.00
0.00
0.00
0.00
0.00
0.00
0.00
0.00
0.00
0.00
0.00
0.00
0.00
0.00
3.00
0.00
0.00
0.00
0.00
0.00
0.00
0.00
0.00
7.00
0.00
0.00
0.00
0.00
0.00
0.00
0.00
0.00
0.00
3.00
0.00
0.00
0.00
1.00
0.00
7.00
0.00
0.00
0.00
0.00
0.00
0.00
3.00
0.00
62.00
0.00
0.00
0.00
4.00
2.00
6.00
31.00
98.00
22.00
0.00
0.00
0.00
0.00
0.00
59.00
0.00
0.00
0.00
0.00
0.00
0.00
0.00
0.00
0.00
0.00
0.00
0.00
0.00
0.00
0.00
0.00
7.00
18.00
0.00
0.00
0.00
0.00
0.00
0.00
0.00
0.00
0.00
0.00
0.00
2.00
0.00
0.00
1.00
0.00
0.00
0.00
0.00
1.00
1.00
0.00
0.00
0.00
0.00
0.00
0.00
0.00
0.00
0.00
0.00
0.00
0.00
0.00
1.00
6.00
0.00
0.00
115.00
5.00
151.00
0.00
0.00
0.00
0.00
0.00
0.00
1.00
179.00
65.00
94.00
0.00
0.00
0.00
0.00
132.00
40.00
0.00
1.00
126.00
137.00
346.00
503.00
432.00
1265.00
379.00
6.00
0.00
111.00
32.00
0.00
0.00
0.00
0.00
38.00
0.00
195.00
4.00
0.00
0.00
197.00
48.00
715.00
95.00
0.00
21.00
35.00
90.00
27.00
146.00
10.00
269.00
14.00
0.00
31.00
100.00
360.00
761.00
1.00
26.00
71.00
3.00
39.00
4.00
36.00
37.00
211.00
33.00
2.00
116.00
32.00
128.00
36.00
44.00
53.00
149.00
287.00
124.00
2.00
35.00
117.00
226.00
16.00
182.00
217.00
41.00
0.00
10.00
110.00
115.00
21.00
210.00
221.00
106.00
628.00
509.00
31.00
4.00
1126.00
156.00
147.00
66.00
23.00
202.00
446.00
35.00
150.00
5.00
62.00
106.00
64.00
20.00
465.00
132.00
16.00
112.00
192.00
75.00
69.00
3.00
34.00
54.00
138.00
35.00
75.00
40.00
131.00
211.00
48.00
56.00
173.00
111.00
9.00
81.00
35.00
172.00
17.00
25.00
3.00
56.00
52.00
67.00
50.00
11.00
40.00
52.00
181.00
110.00
40.00
42.00
87.00
47.00
116.00
1002.00
667.00
533.00
636.00
234.00
22.00
38.00
186.00
109.00
5.00
70.00
47.00
184.00
71.00
32.00
86.00
154.00
80.00
45.00
12.00
29.00
138.00
123.00
567.00
273.00
1.00
0.00
0.00
4.00
114.00
254.00
24.00
40.00
39.00
17.00
143.00
37.00
0.00
201.00
14.00
309.00
27.00
20.00
23.00
62.00
38.00
20.00
4.00
32.00
181.00
267.00
350.00
29.00
11.00
28.00
59.00
44.00
160.00
17.00
37.00
7.00
124.00
132.00
87.00
28.00
123.00
0.00
0.00
3.00
1.00
163.00
506.00
936.00
0.00
0.00
0.00
0.00
0.00
0.00
0.00
3.00
107.00
3.00
0.00
0.00
0.00
0.00
10.00
0.00
2.00
0.00
5.00
0.00
0.00
0.00
0.00
1.00
214.00
76.00
3.00
8.00
0.00
0.00
0.00
0.00
0.00
0.00
0.00
0.00
0.00
0.00
0.00
0.00
0.00
0.00
0.00
0.00
0.00
0.00
1.00
8.00
178.00
20.00
0.00
0.00
0.00
0.00
0.00
0.00
0.00
3.00
18.00
24.00
0.00
0.00
2.00
11.00
0.00
0.00
0.00
0.00
3.00
3.00
13.00
126.00
8.00
0.00
0.00
0.00
0.00
0.00
0.00
0.00
0.00
0.00
0.00
0.00
0.00
0.00
0.00
0.00
0.00
0.00
0.00
0.00
0.00
0.00
0.00
0.00
0.00
0.00
0.00
0.00
0.00
0.00
0.00
0.00
0.00
0.00
5.00
40.00
131.00
14.00
0.00
2.00
64.00
8.00
28.00
31.00
0.00
0.00
4.00
0.00
0.00
0.00
27.00
46.00
0.00
0.00
381.00
345.00
0.00
0.00
0.00
0.00
0.00
0.00
0.00
0.00
0.00
0.00
0.00
0.00
1.00
2.00
24.00
0.00
2.00
9.00
6.00
0.00
0.00
0.00
0.00
0.00
0.00
0.00
0.00
3.00
4.00
0.00
356.00
256.00
239.00
20.00
38.00
133.00
252.00
120.00
5.00
95.00
41.00
39.00
92.00
83.00
144.00
93.00
20.00
7.00
94.00
118.00
38.00
11.00
131.00
21.00
9.00
0.00
2.00
17.00
79.00
23.00
356.00
18.00
127.00
159.00
106.00
10.00
76.00
3.00
90.00
168.00
71.00
213.00
110.00
173.00
407.00
11.00
0.00
137.00
0.00
0.00
0.00
0.00
3.00
19.00
6.00
8.00
87.00
240.00
68.00
35.00
252.00
1.00
48.00
9.00
12.00
0.00
18.00
57.00
68.00
43.00
287.00
39.00
58.00
110.00
6.00
315.00
744.00
372.00
188.00
1.00
246.00
0.00
1.00
0.00
36.00
32.00
154.00
129.00
20.00
14.00
11.00
14.00
13.00
28.00
110.00
483.00
237.00
528.00
25.00
1.00
33.00
5.00
6.00
0.00
27.00
14.00
43.00
125.00
89.00
66.00
24.00
34.00
29.00
113.00
77.00
4.00
116.00
169.00
30.00
12.00
131.00
15.00
86.00
30.00
173.00
52.00
18.00
10.00
9.00
114.00
62.00
205.00
79.00
90.00
56.00
47.00
281.00
156.00
94.00
75.00
260.00
38.00
3.00
59.00
77.00
7.00
2.00
34.00
211.00
73.00
56.00
14.00
11.00
14.00
5.00
49.00
54.00
85.00
109.00
103.00
0.00
0.00
0.00
1.00
13.00
144.00
265.00
129.00
43.00
1.00
1.00
3.00
63.00
65.00
12.00
7.00
12.00
0.00
6.00
4.00
5.00
2.00
1.00
0.00
1.00
0.00
0.00
0.00
0.00
0.00
0.00
0.00
0.00
0.00
0.00
18.00
35.00
35.00
14.00
0.00
0.00
0.00
0.00
0.00
0.00
0.00
0.00
0.00
0.00
100.00
0.00
0.00
0.00
19.00
5.00
1.00
18.00
0.00
185.00
0.00
0.00
0.00
0.00
0.00
0.00
0.00
0.00
0.00
0.00
0.00
0.00
0.00
0.00
0.00
0.00
0.00
0.00
0.00
0.00
0.00
0.00
0.00
0.00
0.00
9.00
6.00
0.00
0.00
0.00
0.00
0.00
4.00
0.00
0.00
0.00
0.00
0.00
0.00
0.00
0.00
0.00
0.00
12.00
339.00
405.00
0.00
0.00
0.00
0.00
0.00
0.00
0.00
0.00
0.00
0.00
0.00
0.00
0.00
0.00
0.00
0.00
0.00
0.00
0.00
0.00
0.00
0.00
0.00
0.00
0.00
0.00
0.00
0.00
0.00
0.00
0.00
0.00
0.00
0.00
0.00
0.00
0.00
0.00
1.00
1.00
0.00
0.00
0.00
0.00
1.00
0.00
0.00
0.00
0.00
0.00
6.00
42.00
1.00
0.00
0.00
0.00
0.00
0.00
10.00
35.00
0.00
0.00
0.00
0.00
0.00
0.00
0.00
3.60
39.00
4.40
79.60
39.90
0.00
0.00
2.50
1.20
0.00
0.00
0.00
0.00
0.00
0.00
0.00
0.00
0.00
4.60
9.40
0.00
0.00
14.60
0.60
0.00
0.00
0.00
0.00
0.00
0.00
5.60
28.70
0.00
1.30
1.90
207.20
8.40
54.50
0.00
3.10
13.20
17.60
3.90
1.40
75.10
0.50
0.00
0.00
2.60
2.60
23.50
22.30
0.30
0.00
0.00
15.60
9.20
1.40
1.50
0.70
1.90
0.00
0.50
7.50
11.90
8.60
8.60
2.20
14.90
82.80
0.00
0.00
36.80
18.60
9.60
39.90
25.90
15.30
74.40
3.50
3.40
2.90
27.40
13.30
0.50
0.50
14.00
11.90
11.90
6.10
4.70
9.30
1.00
0.70
1.40
8.10
5.10
4.70
6.10
29.40
11.00
0.20
0.00
10.10
1.60
3.50
0.00
2.10
0.20
3.90
23.40
1.40
33.10
9.10
0.40
9.10
11.90
8.00
0.50
0.20
0.50
13.40
108.10
97.80
68.30
4.80
25.60
4.20
1.80
0.70
9.30
18.30
28.90
10.70
96.40
161.80
161.80
70.00
70.00
10.90
2.80
2.80
0.70
3.20
2.80
2.80
2.80
1.20
14.80
24.60
4.20
8.20
5.00
8.60
4.70
3.70
11.70
3.20
2.10
14.60
3.20
1.00
0.30
12.20
15.90
3.80
1.00
3.80
1.70
20.80
3.80
3.90
3.30
2.60
0.30
0.00
1.10
8.70
1.20
27.60
10.90
24.00
3.60
0.30
7.30
1.60
2.00
19.90
10.10
22.30
10.80
10.50
12.20
4.20
4.40
12.60
0.50
7.70
8.50
16.70
43.20
19.00
5.40
7.40
5.40
4.40
3.70
3.20
4.10
6.20
13.70
9.60
15.50
31.70
1.60
17.20
20.20
10.20
17.60
17.60
21.80
1.60
3.00
2.40
5.20
13.40
2.60
4.00
0.40
0.30
0.00
0.00
0.90
1.00
12.30
0.00
4.20
1.10
1.10
4.90
0.30
0.20
3.00
11.70
41.50
