20160101
0.00
0.00
0.00
0.00
0.00
0.00
0.00
0.00
0.00
0.00
0.00
0.00
3.00
0.00
0.00
0.00
0.00
0.00
13.00
30.00
0.00
0.00
0.00
0.00
0.00
2.00
0.00
0.00
0.00
0.00
0.00
0.00
0.00
0.00
0.00
0.00
0.00
0.00
8.00
0.00
0.00
1.00
0.00
0.00
0.00
0.00
6.00
0.00
0.00
2.00
18.00
0.00
0.00
0.00
0.00
0.00
6.00
0.00
0.00
0.00
0.00
0.00
0.00
0.00
0.00
13.00
0.00
1.00
0.00
0.00
0.00
0.00
1.00
0.00
3.00
0.00
1.00
0.00
9.00
8.00
0.00
0.00
0.00
0.00
0.00
0.00
11.00
87.00
16.00
134.00
339.00
4.00
0.00
2.00
0.00
5.00
0.00
2.00
0.00
0.00
0.00
0.00
0.00
0.00
4.00
0.00
53.00
11.00
41.00
0.00
14.00
0.00
0.00
0.00
0.00
0.00
6.00
196.00
0.00
0.00
0.00
0.00
0.00
150.00
0.00
31.00
44.00
406.00
10.00
22.00
93.00
7.00
293.00
122.00
118.00
93.00
44.00
46.00
92.00
301.00
20.00
44.00
0.00
0.00
113.00
115.00
0.00
1.00
0.00
24.00
46.00
73.00
0.00
0.00
0.00
0.00
0.00
21.00
118.00
0.00
38.00
117.00
185.00
159.00
2.00
276.00
122.00
227.00
38.00
180.00
269.00
100.00
75.00
253.00
539.00
69.00
69.00
60.00
136.00
9.00
32.00
37.00
173.00
279.00
104.00
309.00
80.00
1.00
207.00
394.00
91.00
34.00
50.00
135.00
407.00
281.00
38.00
159.00
408.00
403.00
125.00
399.00
117.00
29.00
332.00
81.00
585.00
16.00
2.00
154.00
98.00
76.00
42.00
205.00
274.00
51.00
315.00
208.00
86.00
41.00
31.00
32.00
56.00
28.00
69.00
225.00
67.00
437.00
141.00
101.00
56.00
0.00
12.00
17.00
3.00
1.00
1.00
131.00
24.00
2.00
71.00
91.00
385.00
43.00
105.00
876.00
84.00
53.00
9.00
35.00
53.00
66.00
0.00
130.00
21.00
123.00
145.00
0.00
46.00
27.00
537.00
40.00
169.00
328.00
62.00
0.00
209.00
26.00
612.00
143.00
0.00
42.00
59.00
0.00
65.00
2.00
14.00
0.00
0.00
4.00
1.00
10.00
199.00
343.00
40.00
0.00
0.00
0.00
0.00
0.00
0.00
0.00
0.00
0.00
0.00
0.00
0.00
0.00
0.00
0.00
83.00
0.00
0.00
0.00
0.00
0.00
0.00
0.00
23.00
130.00
0.00
0.00
0.00
0.00
0.00
0.00
0.00
0.00
0.00
0.00
0.00
0.00
0.00
0.00
0.00
0.00
0.00
0.00
0.00
0.00
0.00
0.00
0.00
0.00
0.00
18.00
0.00
0.00
0.00
0.00
0.00
0.00
0.00
0.00
0.00
0.00
0.00
0.00
0.00
0.00
0.00
0.00
0.00
0.00
0.00
0.00
0.00
0.00
0.00
0.00
79.00
0.00
0.00
0.00
0.00
0.00
0.00
0.00
0.00
5.00
0.00
0.00
0.00
0.00
0.00
44.00
0.00
0.00
0.00
0.00
0.00
0.00
0.00
0.00
0.00
0.00
0.00
0.00
0.00
0.00
0.00
1.00
13.00
1.00
0.00
0.00
0.00
0.00
0.00
0.00
0.00
0.00
0.00
0.00
0.00
0.00
0.00
0.00
0.00
0.00
0.00
0.00
0.00
0.00
0.00
0.00
0.00
0.00
0.00
0.00
0.00
0.00
0.00
0.00
0.00
0.00
0.00
0.00
128.00
0.00
0.00
0.00
5.00
0.00
111.00
0.00
0.00
0.00
0.00
0.00
0.00
4.00
74.00
46.00
82.00
0.00
0.00
0.00
10.00
223.00
0.00
12.00
464.00
111.00
33.00
31.00
62.00
256.00
115.00
10.00
347.00
1.00
0.00
43.00
0.00
0.00
0.00
0.00
0.00
0.00
515.00
128.00
0.00
0.00
228.00
538.00
160.00
596.00
0.00
141.00
111.00
31.00
0.00
18.00
0.00
86.00
41.00
0.00
106.00
187.00
37.00
151.00
0.00
3.00
215.00
2.00
168.00
10.00
16.00
609.00
634.00
0.00
34.00
221.00
365.00
90.00
10.00
89.00
13.00
20.00
18.00
169.00
20.00
1.00
66.00
75.00
103.00
179.00
408.00
242.00
5.00
5.00
0.00
0.00
1.00
1.00
149.00
15.00
1329.00
117.00
295.00
1.00
213.00
95.00
640.00
571.00
44.00
168.00
134.00
26.00
140.00
3.00
15.00
43.00
51.00
130.00
156.00
140.00
38.00
683.00
272.00
47.00
68.00
61.00
152.00
395.00
381.00
395.00
151.00
9.00
13.00
21.00
17.00
11.00
594.00
161.00
34.00
58.00
398.00
201.00
99.00
82.00
30.00
26.00
4.00
425.00
6.00
7.00
376.00
192.00
152.00
142.00
364.00
367.00
47.00
28.00
131.00
363.00
1425.00
324.00
210.00
119.00
102.00
29.00
164.00
26.00
51.00
94.00
599.00
199.00
389.00
63.00
150.00
505.00
182.00
15.00
115.00
80.00
256.00
309.00
578.00
226.00
0.00
55.00
3.00
274.00
264.00
632.00
435.00
2.00
1.00
49.00
8.00
0.00
3.00
388.00
187.00
216.00
85.00
10.00
6.00
7.00
27.00
7.00
0.00
229.00
59.00
285.00
303.00
111.00
77.00
0.00
1.00
1.00
8.00
1.00
3.00
0.00
0.00
0.00
19.00
103.00
492.00
0.00
0.00
0.00
2.00
45.00
775.00
553.00
0.00
0.00
0.00
0.00
0.00
0.00
0.00
0.00
5.00
0.00
0.00
0.00
0.00
0.00
0.00
0.00
0.00
0.00
0.00
0.00
0.00
0.00
0.00
4.00
196.00
87.00
1.00
0.00
0.00
0.00
0.00
0.00
0.00
0.00
0.00
0.00
0.00
0.00
0.00
0.00
0.00
0.00
0.00
0.00
0.00
0.00
0.00
0.00
124.00
1.00
0.00
0.00
0.00
0.00
0.00
0.00
0.00
0.00
16.00
2.00
0.00
0.00
0.00
0.00
0.00
0.00
0.00
0.00
0.00
0.00
0.00
0.00
0.00
0.00
0.00
0.00
0.00
0.00
0.00
0.00
0.00
0.00
0.00
0.00
0.00
0.00
0.00
0.00
0.00
0.00
0.00
0.00
0.00
0.00
0.00
0.00
0.00
0.00
0.00
0.00
0.00
0.00
0.00
0.00
0.00
0.00
0.00
0.00
963.00
238.00
52.00
29.00
48.00
384.00
767.00
500.00
0.00
0.00
0.00
0.00
0.00
0.00
0.00
47.00
0.00
0.00
434.00
9.00
0.00
0.00
0.00
0.00
0.00
0.00
0.00
0.00
0.00
0.00
0.00
0.00
0.00
0.00
0.00
0.00
0.00
15.00
0.00
0.00
0.00
0.00
0.00
0.00
0.00
23.00
8.00
0.00
0.00
5.00
293.00
504.00
291.00
0.00
4.00
0.00
0.00
41.00
3.00
12.00
164.00
90.00
0.00
15.00
33.00
0.00
122.00
1.00
109.00
204.00
1.00
60.00
2.00
71.00
0.00
25.00
170.00
42.00
10.00
0.00
33.00
87.00
411.00
29.00
173.00
0.00
310.00
11.00
324.00
163.00
6.00
227.00
24.00
4.00
8.00
130.00
0.00
256.00
4.00
0.00
0.00
0.00
0.00
32.00
50.00
98.00
23.00
578.00
44.00
4.00
130.00
3.00
171.00
23.00
60.00
0.00
5.00
7.00
21.00
30.00
1.00
23.00
53.00
60.00
0.00
138.00
44.00
172.00
2.00
123.00
33.00
139.00
138.00
21.00
1.00
0.00
54.00
582.00
180.00
57.00
23.00
19.00
9.00
373.00
315.00
779.00
76.00
78.00
2.00
1.00
10.00
4.00
21.00
64.00
71.00
173.00
194.00
72.00
12.00
14.00
69.00
1.00
2.00
295.00
36.00
3.00
148.00
127.00
304.00
10.00
215.00
372.00
131.00
362.00
208.00
518.00
121.00
3.00
27.00
28.00
118.00
109.00
66.00
18.00
11.00
25.00
141.00
134.00
80.00
420.00
25.00
22.00
4.00
40.00
61.00
6.00
249.00
1015.00
232.00
261.00
41.00
31.00
23.00
26.00
13.00
69.00
40.00
168.00
681.00
210.00
22.00
3.00
2.00
0.00
18.00
113.00
493.00
782.00
77.00
14.00
0.00
0.00
0.00
6.00
287.00
120.00
0.00
0.00
2.00
68.00
63.00
112.00
0.00
33.00
0.00
0.00
0.00
0.00
0.00
0.00
0.00
0.00
0.00
0.00
85.00
2.00
275.00
87.00
28.00
0.00
0.00
0.00
0.00
0.00
0.00
0.00
0.00
0.00
0.00
0.00
0.00
0.00
0.00
5.00
1.00
0.00
0.00
0.00
0.00
0.00
0.00
0.00
0.00
0.00
0.00
0.00
0.00
0.00
0.00
0.00
0.00
0.00
0.00
0.00
0.00
0.00
0.00
0.00
0.00
0.00
0.00
0.00
0.00
0.00
0.00
0.00
0.00
0.00
0.00
0.00
0.00
5.00
0.00
0.00
0.00
0.00
0.00
0.00
0.00
0.00
0.00
0.00
9.00
51.00
148.00
0.00
0.00
0.00
0.00
0.00
0.00
0.00
0.00
0.00
0.00
0.00
0.00
0.00
0.00
0.00
0.00
0.00
3.00
0.00
0.00
0.00
0.00
0.00
0.00
0.00
0.00
0.00
0.00
0.00
0.00
0.00
0.00
0.00
0.00
0.00
0.00
0.00
0.00
4.00
4.00
0.00
0.00
0.00
0.00
0.00
0.00
0.00
0.00
0.00
0.00
0.00
9.00
0.00
0.00
0.00
1.00
0.00
0.00
2.00
7.00
0.00
0.00
0.00
0.00
0.00
0.00
0.00
0.10
7.90
0.10
43.00
2.20
0.00
0.00
0.00
0.60
0.00
0.00
0.00
0.00
0.00
0.00
0.00
0.00
0.00
0.10
0.20
0.00
0.00
3.80
0.00
0.00
8.30
1.10
0.00
0.00
0.00
4.50
0.00
0.00
46.90
0.10
84.00
1.50
25.50
0.00
10.70
40.20
27.60
0.30
3.00
38.80
0.00
2.90
0.00
4.20
0.00
13.40
1.70
0.00
0.00
0.00
0.00
6.80
0.00
0.00
0.00
0.00
5.40
0.40
4.80
7.70
7.70
7.70
1.20
106.90
42.50
0.00
0.00
11.10
0.00
49.20
35.40
35.20
0.00
12.50
6.30
36.10
0.00
39.30
48.80
1.70
1.70
0.00
27.40
27.40
11.30
2.70
0.00
24.50
3.90
9.10
4.50
26.70
21.70
29.90
15.90
0.70
0.20
0.10
0.50
0.50
0.00
0.00
6.10
1.00
4.80
8.80
10.90
41.10
9.70
0.10
24.90
35.40
11.00
0.00
0.00
1.40
36.20
76.20
36.70
7.30
0.20
3.00
1.40
0.00
0.40
6.80
9.90
8.50
6.70
46.10
149.30
149.30
76.70
76.70
34.80
1.90
1.90
1.60
1.10
1.90
1.90
1.90
1.30
18.60
61.70
8.60
17.40
23.80
8.40
3.10
6.70
15.20
7.10
10.10
7.50
3.60
25.80
8.00
7.50
4.40
4.20
4.30
4.10
3.30
54.30
35.70
34.00
11.80
12.30
3.20
0.70
0.20
2.20
2.30
37.40
23.10
15.50
1.10
0.30
5.10
9.70
2.60
4.00
17.80
5.90
16.10
17.00
22.30
0.90
0.80
9.70
6.20
34.80
27.90
9.10
5.00
66.90
12.40
28.80
73.10
29.60
0.00
0.40
0.10
0.30
7.70
27.10
29.40
29.60
0.20
12.90
29.80
10.50
57.10
57.10
0.00
0.00
4.40
6.10
13.50
53.10
48.20
13.70
0.00
0.00
0.00
0.00
0.00
0.00
0.00
0.00
0.00
0.00
0.00
3.20
0.20
0.00
0.20
21.30
72.50
