20160101
0.00
0.00
0.00
0.00
0.00
0.00
0.00
0.00
0.00
0.00
0.00
0.00
0.00
0.00
0.00
0.00
0.00
0.00
48.00
3.00
0.00
0.00
0.00
0.00
0.00
0.00
0.00
0.00
0.00
0.00
0.00
0.00
0.00
0.00
0.00
0.00
0.00
0.00
8.00
0.00
0.00
0.00
0.00
0.00
0.00
0.00
3.00
0.00
0.00
1.00
20.00
0.00
0.00
0.00
0.00
0.00
4.00
0.00
0.00
0.00
0.00
0.00
0.00
0.00
0.00
35.00
0.00
2.00
0.00
0.00
0.00
1.00
10.00
11.00
0.00
0.00
0.00
0.00
0.00
0.00
0.00
0.00
0.00
0.00
0.00
0.00
30.00
21.00
0.00
76.00
270.00
38.00
0.00
0.00
0.00
7.00
0.00
0.00
0.00
0.00
0.00
0.00
0.00
0.00
0.00
0.00
38.00
0.00
0.00
0.00
0.00
0.00
0.00
0.00
0.00
0.00
0.00
84.00
0.00
2.00
0.00
0.00
17.00
32.00
0.00
0.00
3.00
419.00
29.00
37.00
206.00
4.00
59.00
133.00
128.00
57.00
36.00
89.00
99.00
252.00
35.00
12.00
0.00
0.00
103.00
154.00
0.00
6.00
6.00
0.00
58.00
71.00
0.00
0.00
0.00
0.00
10.00
2.00
0.00
0.00
6.00
0.00
201.00
23.00
6.00
278.00
117.00
335.00
34.00
14.00
75.00
57.00
67.00
31.00
238.00
11.00
9.00
43.00
84.00
0.00
14.00
24.00
21.00
353.00
100.00
101.00
115.00
4.00
39.00
145.00
55.00
38.00
14.00
19.00
121.00
38.00
21.00
82.00
390.00
205.00
168.00
87.00
203.00
15.00
114.00
49.00
145.00
32.00
14.00
29.00
181.00
34.00
94.00
304.00
126.00
50.00
70.00
85.00
12.00
28.00
21.00
23.00
217.00
11.00
7.00
34.00
74.00
142.00
183.00
110.00
5.00
0.00
1.00
85.00
2.00
4.00
0.00
417.00
3.00
26.00
46.00
12.00
8.00
50.00
31.00
178.00
4.00
49.00
11.00
4.00
9.00
0.00
0.00
10.00
22.00
174.00
44.00
9.00
37.00
41.00
135.00
52.00
116.00
13.00
207.00
3.00
103.00
22.00
452.00
190.00
9.00
9.00
53.00
1.00
32.00
0.00
0.00
0.00
10.00
1.00
0.00
9.00
335.00
516.00
75.00
29.00
0.00
0.00
0.00
0.00
0.00
0.00
0.00
0.00
0.00
0.00
0.00
0.00
0.00
0.00
33.00
0.00
0.00
0.00
0.00
0.00
0.00
0.00
34.00
83.00
0.00
0.00
0.00
0.00
0.00
0.00
0.00
0.00
0.00
0.00
0.00
0.00
0.00
0.00
0.00
0.00
0.00
0.00
0.00
0.00
0.00
0.00
0.00
0.00
0.00
3.00
0.00
0.00
0.00
0.00
0.00
0.00
0.00
0.00
0.00
0.00
0.00
0.00
0.00
0.00
0.00
0.00
0.00
0.00
0.00
0.00
0.00
0.00
0.00
0.00
4.00
0.00
0.00
0.00
0.00
0.00
1.00
0.00
0.00
7.00
0.00
0.00
0.00
0.00
0.00
268.00
0.00
0.00
0.00
0.00
0.00
0.00
0.00
0.00
0.00
0.00
0.00
0.00
0.00
0.00
0.00
19.00
71.00
140.00
0.00
0.00
0.00
0.00
0.00
0.00
0.00
0.00
0.00
0.00
0.00
0.00
0.00
0.00
0.00
0.00
0.00
0.00
0.00
0.00
0.00
0.00
0.00
0.00
0.00
0.00
0.00
0.00
0.00
0.00
0.00
0.00
0.00
3.00
219.00
0.00
0.00
0.00
5.00
0.00
146.00
0.00
0.00
0.00
0.00
0.00
0.00
38.00
8.00
47.00
505.00
0.00
0.00
0.00
0.00
184.00
0.00
0.00
321.00
64.00
0.00
0.00
0.00
23.00
28.00
0.00
3.00
5.00
30.00
179.00
0.00
0.00
0.00
0.00
0.00
0.00
397.00
269.00
0.00
0.00
308.00
16.00
538.00
979.00
0.00
66.00
67.00
0.00
0.00
0.00
7.00
197.00
34.00
0.00
31.00
158.00
90.00
13.00
0.00
24.00
537.00
1.00
53.00
0.00
54.00
584.00
531.00
0.00
77.00
93.00
0.00
69.00
123.00
83.00
0.00
0.00
27.00
454.00
0.00
1.00
47.00
50.00
16.00
53.00
771.00
565.00
6.00
79.00
0.00
3.00
60.00
2.00
0.00
4.00
402.00
4.00
48.00
0.00
259.00
46.00
1395.00
209.00
0.00
4.00
2.00
24.00
14.00
3.00
1.00
23.00
6.00
33.00
175.00
299.00
61.00
353.00
123.00
221.00
31.00
35.00
52.00
152.00
109.00
201.00
394.00
10.00
18.00
17.00
35.00
49.00
213.00
81.00
45.00
19.00
56.00
77.00
512.00
128.00
38.00
11.00
12.00
205.00
54.00
13.00
446.00
147.00
100.00
64.00
90.00
149.00
9.00
6.00
162.00
465.00
1304.00
465.00
200.00
110.00
47.00
13.00
46.00
35.00
54.00
107.00
187.00
216.00
32.00
39.00
12.00
531.00
114.00
24.00
153.00
25.00
386.00
143.00
311.00
40.00
22.00
11.00
36.00
191.00
157.00
100.00
549.00
342.00
30.00
56.00
21.00
13.00
18.00
395.00
188.00
25.00
82.00
19.00
1.00
4.00
22.00
8.00
0.00
73.00
159.00
349.00
466.00
209.00
854.00
5.00
3.00
0.00
7.00
0.00
76.00
3.00
3.00
0.00
6.00
44.00
12.00
0.00
0.00
0.00
6.00
8.00
999.00
494.00
0.00
0.00
0.00
0.00
0.00
0.00
0.00
0.00
5.00
0.00
0.00
0.00
0.00
0.00
0.00
0.00
0.00
0.00
0.00
0.00
0.00
0.00
4.00
2.00
161.00
76.00
0.00
0.00
0.00
0.00
0.00
0.00
0.00
0.00
0.00
0.00
0.00
0.00
0.00
0.00
0.00
0.00
0.00
0.00
0.00
0.00
2.00
2.00
23.00
0.00
0.00
0.00
0.00
0.00
0.00
0.00
0.00
0.00
5.00
0.00
0.00
0.00
0.00
0.00
0.00
0.00
0.00
0.00
0.00
0.00
0.00
3.00
0.00
0.00
0.00
0.00
0.00
0.00
0.00
0.00
0.00
0.00
0.00
0.00
0.00
0.00
0.00
0.00
0.00
0.00
0.00
0.00
0.00
0.00
0.00
0.00
0.00
0.00
0.00
0.00
0.00
0.00
0.00
0.00
0.00
0.00
0.00
0.00
1075.00
86.00
0.00
23.00
1.00
370.00
1027.00
559.00
0.00
0.00
0.00
0.00
0.00
0.00
0.00
0.00
0.00
0.00
249.00
170.00
0.00
0.00
0.00
0.00
0.00
0.00
29.00
0.00
0.00
0.00
0.00
0.00
0.00
43.00
0.00
0.00
1.00
7.00
0.00
0.00
0.00
0.00
0.00
0.00
0.00
0.00
0.00
0.00
0.00
42.00
42.00
430.00
204.00
0.00
0.00
0.00
0.00
36.00
0.00
4.00
3.00
37.00
0.00
1.00
4.00
0.00
2.00
0.00
0.00
51.00
0.00
12.00
12.00
6.00
0.00
2.00
22.00
243.00
12.00
0.00
195.00
291.00
475.00
124.00
38.00
1.00
276.00
25.00
285.00
0.00
0.00
293.00
11.00
0.00
0.00
15.00
0.00
317.00
76.00
0.00
0.00
0.00
0.00
0.00
50.00
78.00
2.00
23.00
2.00
23.00
126.00
0.00
113.00
44.00
110.00
0.00
24.00
0.00
1.00
50.00
50.00
58.00
1.00
15.00
2.00
72.00
15.00
137.00
0.00
0.00
3.00
470.00
100.00
0.00
0.00
0.00
1.00
122.00
42.00
6.00
7.00
13.00
1.00
59.00
286.00
251.00
170.00
102.00
0.00
0.00
3.00
0.00
4.00
6.00
0.00
17.00
26.00
26.00
6.00
4.00
15.00
1.00
0.00
367.00
26.00
51.00
61.00
248.00
7.00
7.00
99.00
39.00
118.00
29.00
237.00
265.00
114.00
100.00
15.00
124.00
133.00
29.00
20.00
15.00
9.00
28.00
41.00
64.00
198.00
486.00
28.00
11.00
1.00
84.00
132.00
23.00
15.00
668.00
423.00
22.00
11.00
10.00
10.00
3.00
1.00
81.00
5.00
101.00
247.00
69.00
41.00
2.00
0.00
0.00
0.00
40.00
109.00
460.00
576.00
4.00
20.00
15.00
7.00
5.00
310.00
410.00
3.00
2.00
0.00
6.00
8.00
415.00
0.00
163.00
0.00
0.00
0.00
0.00
0.00
0.00
0.00
0.00
0.00
0.00
0.00
0.00
692.00
25.00
14.00
0.00
0.00
0.00
0.00
0.00
0.00
0.00
0.00
0.00
0.00
0.00
0.00
0.00
0.00
0.00
0.00
0.00
0.00
0.00
0.00
0.00
0.00
0.00
0.00
0.00
0.00
0.00
0.00
0.00
0.00
0.00
0.00
0.00
0.00
0.00
0.00
0.00
0.00
0.00
0.00
0.00
0.00
0.00
0.00
0.00
0.00
0.00
0.00
0.00
0.00
0.00
0.00
2.00
8.00
0.00
0.00
0.00
0.00
0.00
0.00
0.00
0.00
0.00
5.00
152.00
585.00
0.00
0.00
0.00
0.00
0.00
0.00
0.00
0.00
0.00
0.00
0.00
0.00
0.00
0.00
0.00
0.00
0.00
0.00
0.00
0.00
0.00
0.00
0.00
0.00
0.00
0.00
0.00
0.00
0.00
0.00
0.00
0.00
0.00
0.00
0.00
0.00
0.00
0.00
1.00
1.00
0.00
0.00
0.00
0.00
0.00
0.00
0.00
0.00
0.00
0.00
1.00
20.00
0.00
0.00
0.00
1.00
0.00
0.00
15.00
5.00
0.00
0.00
0.00
0.00
0.00
0.00
0.00
0.40
9.70
0.00
33.10
4.10
0.00
0.00
0.00
0.00
0.00
0.00
0.00
0.00
0.00
0.00
0.00
0.00
0.00
2.00
1.00
0.00
2.70
4.00
0.00
0.00
0.00
8.80
0.00
0.00
0.00
7.10
0.00
0.00
93.30
0.00
52.70
0.60
18.20
0.00
17.40
3.10
8.50
0.00
1.60
16.20
0.00
0.60
0.00
11.80
1.30
11.30
4.20
0.00
0.00
0.00
0.00
3.80
0.00
0.00
0.00
0.00
6.40
8.10
0.00
0.00
33.10
33.10
4.80
52.30
49.40
0.00
0.00
0.00
0.00
0.00
0.50
0.00
0.00
13.30
2.30
24.90
0.00
18.80
95.00
31.80
31.80
0.00
33.30
33.30
31.00
5.70
14.60
41.80
11.10
0.40
5.10
18.50
9.10
53.60
0.50
0.20
0.00
0.00
0.00
0.00
0.00
0.10
1.40
0.40
2.00
31.50
20.10
6.80
42.40
0.00
2.10
5.00
11.20
0.00
0.00
0.00
19.20
53.60
12.00
17.90
0.00
1.00
7.40
0.40
0.00
0.40
5.70
15.90
42.40
36.50
108.40
108.40
51.70
51.70
25.80
4.10
4.10
3.30
2.50
4.10
4.10
4.10
5.20
34.70
95.80
29.40
5.00
35.80
24.40
5.30
9.70
4.70
5.30
6.20
8.00
3.40
9.40
11.80
8.70
10.10
9.30
2.40
3.40
2.50
53.30
17.70
23.60
18.40
32.10
1.80
1.70
0.40
1.10
1.80
162.90
8.90
2.00
0.90
0.90
1.30
3.60
4.90
5.70
11.10
8.90
5.00
7.80
2.10
0.00
1.90
1.00
0.20
23.10
12.70
2.80
6.90
32.70
2.90
49.00
21.60
27.80
0.40
2.30
4.30
0.60
9.50
7.40
20.70
55.80
8.40
2.80
30.20
27.60
82.20
82.20
0.20
3.30
0.70
4.80
3.90
79.20
52.10
22.20
0.20
0.00
0.00
0.00
0.00
0.10
1.90
0.00
0.00
1.80
0.70
0.00
0.10
0.00
0.30
22.80
128.40
