20160101
0.00
23.00
0.00
0.00
2.00
0.00
0.00
0.00
6.00
0.00
0.00
0.00
0.00
0.00
0.00
0.00
0.00
0.00
26.00
116.00
0.00
0.00
0.00
0.00
0.00
3.00
56.00
0.00
0.00
0.00
0.00
0.00
0.00
0.00
0.00
0.00
2.00
10.00
8.00
0.00
0.00
0.00
0.00
0.00
0.00
0.00
0.00
0.00
0.00
0.00
2.00
0.00
0.00
0.00
0.00
0.00
9.00
0.00
81.00
20.00
16.00
1.00
1.00
129.00
0.00
61.00
0.00
3.00
2.00
0.00
0.00
0.00
14.00
14.00
0.00
0.00
2.00
1.00
0.00
18.00
0.00
0.00
0.00
0.00
1.00
0.00
558.00
273.00
22.00
25.00
181.00
21.00
0.00
1.00
41.00
708.00
3.00
24.00
0.00
0.00
0.00
0.00
0.00
0.00
143.00
5.00
281.00
849.00
279.00
150.00
604.00
42.00
10.00
5.00
10.00
68.00
191.00
117.00
271.00
222.00
35.00
40.00
33.00
29.00
56.00
121.00
156.00
336.00
4.00
19.00
68.00
34.00
116.00
159.00
209.00
516.00
371.00
327.00
192.00
117.00
105.00
215.00
1.00
388.00
84.00
5.00
0.00
7.00
4.00
14.00
2.00
66.00
54.00
28.00
128.00
48.00
73.00
138.00
18.00
9.00
33.00
70.00
166.00
63.00
49.00
79.00
188.00
503.00
69.00
6.00
55.00
75.00
126.00
370.00
29.00
28.00
24.00
132.00
239.00
44.00
74.00
2.00
90.00
66.00
243.00
69.00
77.00
44.00
18.00
233.00
164.00
64.00
24.00
3.00
0.00
35.00
77.00
209.00
283.00
299.00
366.00
467.00
992.00
79.00
253.00
115.00
471.00
36.00
10.00
68.00
154.00
174.00
148.00
153.00
4.00
50.00
502.00
235.00
51.00
174.00
187.00
80.00
44.00
7.00
17.00
103.00
183.00
176.00
59.00
50.00
10.00
0.00
1.00
76.00
1.00
77.00
45.00
337.00
95.00
110.00
290.00
306.00
63.00
107.00
188.00
301.00
131.00
4.00
2.00
48.00
29.00
9.00
0.00
39.00
168.00
235.00
35.00
12.00
107.00
129.00
126.00
190.00
95.00
151.00
69.00
35.00
53.00
10.00
157.00
3.00
43.00
122.00
103.00
42.00
100.00
99.00
92.00
220.00
80.00
146.00
17.00
40.00
100.00
567.00
171.00
8.00
0.00
0.00
0.00
0.00
0.00
1.00
0.00
0.00
0.00
0.00
1.00
0.00
0.00
0.00
110.00
1.00
0.00
18.00
3.00
0.00
0.00
1.00
17.00
89.00
14.00
0.00
0.00
0.00
0.00
0.00
0.00
0.00
0.00
0.00
0.00
2.00
0.00
0.00
6.00
0.00
0.00
0.00
0.00
0.00
0.00
165.00
0.00
53.00
0.00
3.00
0.00
0.00
0.00
0.00
6.00
0.00
0.00
0.00
1.00
0.00
0.00
0.00
0.00
36.00
0.00
0.00
3.00
0.00
0.00
0.00
1.00
3.00
1.00
1.00
185.00
0.00
2.00
70.00
24.00
42.00
0.00
164.00
4.00
305.00
2.00
1.00
0.00
0.00
0.00
213.00
0.00
0.00
0.00
0.00
0.00
0.00
0.00
0.00
0.00
0.00
0.00
0.00
0.00
0.00
0.00
13.00
36.00
67.00
0.00
0.00
13.00
0.00
0.00
0.00
0.00
0.00
0.00
0.00
0.00
0.00
1.00
0.00
0.00
0.00
0.00
2.00
1.00
0.00
2.00
5.00
0.00
20.00
0.00
0.00
2.00
0.00
0.00
0.00
0.00
0.00
0.00
0.00
5.00
0.00
0.00
0.00
126.00
13.00
114.00
0.00
2.00
2.00
0.00
0.00
0.00
0.00
124.00
62.00
93.00
0.00
0.00
2.00
3.00
150.00
72.00
0.00
23.00
30.00
227.00
223.00
592.00
609.00
940.00
251.00
6.00
0.00
69.00
0.00
0.00
0.00
0.00
0.00
71.00
0.00
253.00
8.00
15.00
8.00
194.00
46.00
372.00
372.00
4.00
23.00
6.00
54.00
29.00
271.00
7.00
138.00
8.00
0.00
62.00
239.00
263.00
481.00
0.00
33.00
91.00
1.00
20.00
8.00
38.00
75.00
301.00
33.00
6.00
191.00
25.00
150.00
54.00
35.00
142.00
239.00
303.00
129.00
32.00
67.00
235.00
327.00
30.00
188.00
218.00
38.00
0.00
16.00
3.00
223.00
32.00
304.00
403.00
403.00
1004.00
627.00
7.00
6.00
684.00
98.00
87.00
99.00
0.00
191.00
416.00
5.00
341.00
58.00
151.00
133.00
39.00
99.00
372.00
208.00
96.00
303.00
271.00
125.00
62.00
43.00
226.00
183.00
136.00
56.00
81.00
82.00
232.00
152.00
132.00
62.00
423.00
181.00
66.00
142.00
68.00
179.00
66.00
35.00
9.00
83.00
76.00
99.00
66.00
27.00
46.00
125.00
237.00
170.00
131.00
83.00
96.00
31.00
304.00
1437.00
1132.00
1039.00
476.00
264.00
34.00
90.00
183.00
70.00
79.00
191.00
38.00
160.00
207.00
110.00
124.00
360.00
121.00
68.00
14.00
72.00
335.00
79.00
622.00
73.00
10.00
11.00
0.00
12.00
190.00
209.00
129.00
53.00
121.00
43.00
128.00
87.00
0.00
505.00
49.00
419.00
66.00
101.00
9.00
22.00
21.00
0.00
9.00
118.00
219.00
174.00
209.00
27.00
50.00
48.00
71.00
321.00
354.00
46.00
65.00
18.00
78.00
49.00
12.00
269.00
263.00
35.00
1.00
11.00
15.00
118.00
483.00
651.00
0.00
4.00
0.00
0.00
0.00
12.00
2.00
4.00
72.00
12.00
0.00
10.00
0.00
32.00
24.00
3.00
1.00
0.00
0.00
0.00
0.00
0.00
0.00
10.00
179.00
173.00
3.00
10.00
0.00
0.00
0.00
0.00
0.00
3.00
0.00
0.00
2.00
0.00
0.00
0.00
0.00
5.00
0.00
0.00
0.00
0.00
6.00
6.00
242.00
9.00
0.00
0.00
0.00
0.00
1.00
0.00
0.00
14.00
21.00
18.00
0.00
3.00
0.00
8.00
0.00
0.00
0.00
0.00
4.00
0.00
22.00
76.00
24.00
7.00
0.00
0.00
0.00
0.00
0.00
0.00
0.00
0.00
0.00
0.00
0.00
0.00
0.00
0.00
0.00
0.00
0.00
0.00
0.00
6.00
0.00
0.00
0.00
0.00
0.00
0.00
0.00
0.00
1.00
0.00
0.00
0.00
1.00
67.00
253.00
8.00
0.00
22.00
43.00
52.00
96.00
213.00
0.00
0.00
16.00
0.00
0.00
88.00
0.00
0.00
0.00
75.00
369.00
80.00
0.00
0.00
1.00
0.00
0.00
0.00
2.00
0.00
0.00
1.00
0.00
0.00
7.00
33.00
96.00
9.00
14.00
0.00
10.00
0.00
0.00
0.00
0.00
0.00
0.00
1.00
0.00
34.00
14.00
1.00
438.00
316.00
234.00
77.00
27.00
67.00
161.00
125.00
23.00
100.00
50.00
54.00
14.00
74.00
140.00
143.00
72.00
26.00
68.00
54.00
24.00
38.00
111.00
44.00
0.00
2.00
17.00
24.00
120.00
46.00
115.00
21.00
89.00
173.00
267.00
76.00
133.00
44.00
111.00
159.00
74.00
360.00
117.00
118.00
46.00
67.00
0.00
90.00
1.00
1.00
3.00
0.00
0.00
11.00
7.00
12.00
36.00
182.00
67.00
38.00
109.00
5.00
28.00
24.00
27.00
0.00
25.00
26.00
45.00
12.00
14.00
40.00
52.00
162.00
66.00
18.00
194.00
652.00
56.00
61.00
46.00
19.00
6.00
1.00
35.00
2.00
3.00
46.00
43.00
61.00
16.00
32.00
5.00
77.00
108.00
382.00
141.00
335.00
108.00
38.00
104.00
7.00
47.00
7.00
31.00
32.00
58.00
207.00
112.00
157.00
20.00
105.00
165.00
376.00
133.00
4.00
70.00
349.00
37.00
60.00
161.00
56.00
218.00
352.00
179.00
25.00
152.00
39.00
115.00
71.00
30.00
119.00
96.00
60.00
31.00
53.00
215.00
256.00
178.00
418.00
161.00
147.00
28.00
44.00
88.00
38.00
15.00
92.00
191.00
109.00
100.00
124.00
22.00
17.00
103.00
121.00
60.00
137.00
117.00
178.00
37.00
14.00
0.00
0.00
3.00
24.00
317.00
336.00
30.00
0.00
0.00
97.00
79.00
34.00
40.00
31.00
61.00
7.00
3.00
8.00
4.00
4.00
1.00
2.00
0.00
0.00
0.00
1.00
0.00
23.00
0.00
0.00
0.00
0.00
1.00
33.00
80.00
27.00
27.00
0.00
0.00
0.00
0.00
0.00
0.00
0.00
0.00
0.00
0.00
0.00
0.00
0.00
2.00
3.00
20.00
54.00
73.00
67.00
0.00
0.00
2.00
8.00
0.00
0.00
0.00
11.00
0.00
0.00
0.00
0.00
0.00
0.00
0.00
0.00
0.00
15.00
0.00
0.00
0.00
6.00
0.00
0.00
0.00
0.00
10.00
1.00
0.00
0.00
0.00
0.00
0.00
134.00
0.00
0.00
0.00
0.00
0.00
35.00
0.00
0.00
28.00
0.00
109.00
245.00
805.00
0.00
0.00
0.00
0.00
0.00
0.00
0.00
0.00
0.00
0.00
0.00
0.00
0.00
0.00
0.00
0.00
0.00
0.00
0.00
0.00
0.00
0.00
0.00
0.00
0.00
0.00
0.00
0.00
0.00
0.00
0.00
0.00
0.00
0.00
0.00
0.00
0.00
0.00
3.00
3.00
0.00
0.00
0.00
0.00
0.00
0.00
0.00
0.00
0.00
0.00
3.00
86.00
1.00
0.00
3.00
0.00
1.00
0.00
5.00
44.00
0.00
0.00
0.00
0.00
0.00
0.00
0.00
6.00
22.20
1.50
91.40
16.40
0.00
2.60
3.10
6.00
0.20
0.00
0.00
0.00
0.00
0.00
0.00
0.00
0.00
2.20
2.20
0.00
0.00
15.70
4.80
0.00
0.00
0.00
0.00
0.00
0.00
23.90
34.40
0.00
16.80
3.00
206.70
6.00
36.00
0.00
5.30
17.50
17.20
5.30
8.60
78.30
0.30
0.10
1.60
3.70
9.60
41.80
14.10
0.30
0.00
0.30
31.50
26.70
2.30
0.20
1.10
0.50
2.00
1.70
10.40
9.00
9.00
9.00
6.50
34.00
76.10
0.00
0.00
51.40
1.90
1.40
46.00
67.90
22.60
29.00
10.70
29.50
2.70
44.30
34.50
0.10
0.10
13.90
19.70
19.70
40.60
8.40
15.60
4.10
2.40
3.00
15.40
6.80
5.60
10.80
31.70
2.10
1.70
0.40
16.00
1.10
1.20
1.00
1.10
1.40
11.30
19.80
3.10
30.40
4.50
1.50
5.30
30.80
39.40
0.30
1.10
5.90
20.90
149.40
61.80
53.10
4.50
8.90
9.90
2.20
2.70
10.80
19.30
44.40
54.60
69.20
175.60
175.60
49.10
49.10
53.60
3.00
3.00
3.30
0.70
3.00
3.00
3.00
5.30
8.40
26.40
11.00
23.80
13.50
6.30
4.10
0.50
5.40
18.50
8.40
20.00
6.30
14.50
2.40
11.70
17.40
7.80
6.00
11.00
11.50
39.70
5.40
18.80
6.40
4.60
3.50
0.90
2.60
13.40
0.80
80.60
28.40
44.30
12.20
1.10
8.90
4.60
24.40
52.60
9.60
14.30
8.90
46.60
19.50
2.60
5.40
2.90
0.70
8.80
11.10
16.50
50.60
67.80
2.90
3.00
14.40
4.50
18.40
2.30
1.10
15.50
25.70
11.50
23.50
37.60
2.30
16.10
20.70
10.30
37.00
37.00
33.80
4.50
4.00
3.10
5.40
13.50
8.40
19.00
2.10
0.20
0.20
0.10
0.10
0.40
1.30
1.20
1.20
3.60
2.20
2.60
0.00
0.30
1.80
20.20
109.10
