20160101
0.00
0.00
0.00
0.00
0.00
0.00
0.00
0.00
0.00
0.00
0.00
0.00
4.00
0.00
0.00
0.00
0.00
0.00
0.00
23.00
0.00
0.00
0.00
0.00
0.00
0.00
0.00
0.00
0.00
0.00
0.00
0.00
0.00
0.00
0.00
0.00
0.00
2.00
0.00
0.00
0.00
0.00
0.00
0.00
0.00
0.00
0.00
0.00
0.00
0.00
0.00
0.00
0.00
0.00
0.00
0.00
10.00
0.00
0.00
0.00
0.00
0.00
0.00
0.00
0.00
27.00
0.00
0.00
0.00
0.00
0.00
0.00
0.00
2.00
0.00
0.00
0.00
0.00
13.00
17.00
14.00
0.00
0.00
0.00
0.00
0.00
89.00
184.00
179.00
8.00
200.00
2.00
0.00
12.00
78.00
671.00
152.00
189.00
140.00
240.00
0.00
11.00
25.00
27.00
336.00
152.00
181.00
377.00
172.00
254.00
135.00
604.00
62.00
84.00
8.00
73.00
394.00
159.00
68.00
11.00
111.00
355.00
34.00
78.00
144.00
54.00
40.00
272.00
0.00
17.00
18.00
8.00
113.00
102.00
335.00
410.00
247.00
447.00
456.00
17.00
144.00
267.00
1.00
3.00
2.00
17.00
0.00
33.00
27.00
1.00
36.00
82.00
0.00
0.00
102.00
59.00
85.00
893.00
359.00
123.00
9.00
13.00
0.00
12.00
107.00
296.00
210.00
160.00
75.00
115.00
537.00
633.00
308.00
1214.00
1172.00
184.00
5.00
66.00
54.00
4.00
66.00
120.00
73.00
5.00
200.00
13.00
44.00
25.00
117.00
379.00
108.00
35.00
26.00
0.00
39.00
49.00
43.00
114.00
88.00
763.00
650.00
509.00
108.00
242.00
194.00
291.00
327.00
25.00
58.00
63.00
61.00
22.00
44.00
1.00
0.00
154.00
678.00
170.00
4.00
8.00
171.00
73.00
61.00
9.00
153.00
118.00
36.00
203.00
9.00
147.00
4.00
0.00
3.00
13.00
0.00
2.00
0.00
228.00
1.00
1.00
121.00
9.00
550.00
887.00
1171.00
120.00
71.00
13.00
14.00
142.00
69.00
83.00
2.00
18.00
144.00
65.00
73.00
14.00
9.00
1.00
8.00
12.00
23.00
313.00
123.00
183.00
349.00
87.00
168.00
2.00
0.00
104.00
27.00
0.00
11.00
163.00
7.00
0.00
34.00
45.00
51.00
490.00
60.00
81.00
10.00
61.00
0.00
0.00
0.00
0.00
0.00
0.00
0.00
0.00
0.00
0.00
0.00
0.00
0.00
8.00
132.00
0.00
0.00
0.00
0.00
0.00
0.00
1.00
39.00
175.00
0.00
0.00
0.00
0.00
0.00
0.00
0.00
0.00
0.00
0.00
0.00
0.00
0.00
0.00
0.00
0.00
0.00
0.00
0.00
0.00
0.00
0.00
0.00
0.00
0.00
35.00
0.00
0.00
0.00
0.00
0.00
0.00
0.00
0.00
0.00
0.00
0.00
0.00
0.00
0.00
0.00
0.00
0.00
0.00
0.00
0.00
0.00
0.00
0.00
0.00
25.00
0.00
0.00
0.00
0.00
0.00
0.00
0.00
4.00
8.00
0.00
0.00
0.00
0.00
0.00
2.00
0.00
0.00
0.00
0.00
0.00
0.00
0.00
0.00
0.00
0.00
0.00
0.00
0.00
0.00
0.00
0.00
29.00
0.00
0.00
0.00
0.00
0.00
0.00
0.00
0.00
0.00
0.00
0.00
0.00
0.00
0.00
0.00
0.00
0.00
0.00
0.00
0.00
0.00
0.00
0.00
186.00
9.00
56.00
0.00
0.00
0.00
0.00
0.00
0.00
0.00
0.00
0.00
52.00
1.00
0.00
0.00
75.00
0.00
355.00
7.00
0.00
0.00
0.00
0.00
0.00
36.00
150.00
58.00
56.00
0.00
0.00
0.00
16.00
237.00
11.00
25.00
0.00
241.00
191.00
598.00
1104.00
765.00
928.00
10.00
47.00
0.00
38.00
57.00
39.00
0.00
0.00
0.00
0.00
0.00
325.00
5.00
0.00
28.00
649.00
325.00
455.00
69.00
0.00
120.00
184.00
425.00
8.00
54.00
12.00
192.00
49.00
0.00
101.00
126.00
502.00
747.00
16.00
120.00
54.00
0.00
50.00
89.00
6.00
112.00
327.00
0.00
2.00
189.00
177.00
225.00
171.00
194.00
185.00
237.00
484.00
135.00
0.00
21.00
107.00
237.00
49.00
328.00
292.00
102.00
0.00
2.00
2.00
29.00
161.00
5.00
149.00
194.00
530.00
573.00
63.00
92.00
850.00
187.00
604.00
305.00
0.00
411.00
474.00
121.00
435.00
65.00
25.00
34.00
181.00
38.00
956.00
343.00
52.00
311.00
393.00
33.00
58.00
6.00
12.00
90.00
171.00
19.00
126.00
60.00
4.00
189.00
6.00
17.00
128.00
26.00
14.00
235.00
179.00
17.00
0.00
3.00
27.00
17.00
13.00
138.00
46.00
11.00
214.00
113.00
67.00
75.00
461.00
32.00
202.00
149.00
43.00
1905.00
1151.00
1169.00
741.00
85.00
28.00
33.00
182.00
237.00
147.00
33.00
213.00
387.00
105.00
8.00
18.00
341.00
55.00
23.00
23.00
38.00
84.00
50.00
919.00
549.00
151.00
11.00
5.00
4.00
872.00
1733.00
228.00
25.00
37.00
76.00
58.00
0.00
5.00
267.00
41.00
222.00
197.00
87.00
11.00
46.00
0.00
2.00
39.00
172.00
333.00
285.00
273.00
123.00
1.00
0.00
1.00
1.00
15.00
1.00
32.00
2.00
7.00
0.00
72.00
88.00
771.00
0.00
0.00
0.00
1.00
238.00
535.00
1473.00
0.00
0.00
0.00
0.00
0.00
0.00
0.00
9.00
165.00
0.00
0.00
0.00
0.00
0.00
0.00
0.00
0.00
0.00
0.00
0.00
0.00
0.00
0.00
5.00
258.00
90.00
13.00
0.00
0.00
0.00
2.00
0.00
0.00
0.00
0.00
0.00
0.00
0.00
0.00
0.00
0.00
0.00
0.00
0.00
0.00
0.00
0.00
44.00
255.00
19.00
0.00
0.00
0.00
0.00
0.00
0.00
0.00
0.00
21.00
0.00
0.00
0.00
0.00
0.00
0.00
0.00
0.00
0.00
0.00
0.00
0.00
137.00
0.00
0.00
0.00
0.00
0.00
0.00
0.00
0.00
0.00
0.00
0.00
0.00
0.00
0.00
0.00
0.00
0.00
0.00
0.00
0.00
0.00
0.00
0.00
0.00
0.00
0.00
0.00
0.00
0.00
0.00
0.00
0.00
0.00
0.00
0.00
0.00
123.00
1.00
36.00
20.00
27.00
0.00
34.00
17.00
0.00
0.00
0.00
0.00
0.00
0.00
0.00
0.00
0.00
0.00
272.00
304.00
0.00
0.00
0.00
0.00
0.00
0.00
0.00
0.00
0.00
0.00
0.00
0.00
0.00
0.00
7.00
0.00
82.00
88.00
2.00
0.00
0.00
0.00
0.00
0.00
0.00
1.00
6.00
7.00
0.00
396.00
666.00
298.00
261.00
0.00
19.00
0.00
0.00
244.00
4.00
43.00
59.00
187.00
105.00
104.00
21.00
116.00
167.00
0.00
0.00
0.00
0.00
11.00
50.00
58.00
3.00
0.00
30.00
0.00
34.00
0.00
212.00
2.00
131.00
152.00
328.00
0.00
208.00
0.00
440.00
346.00
166.00
281.00
127.00
316.00
6.00
1.00
0.00
244.00
0.00
0.00
0.00
8.00
0.00
36.00
55.00
19.00
430.00
418.00
302.00
4.00
383.00
0.00
63.00
66.00
3.00
11.00
13.00
3.00
13.00
4.00
2.00
16.00
30.00
29.00
6.00
1304.00
777.00
611.00
153.00
14.00
196.00
48.00
4.00
13.00
191.00
86.00
234.00
380.00
86.00
73.00
15.00
3.00
13.00
300.00
489.00
519.00
436.00
387.00
13.00
1.00
173.00
33.00
9.00
1.00
30.00
31.00
126.00
308.00
111.00
114.00
86.00
10.00
72.00
372.00
72.00
25.00
89.00
131.00
459.00
147.00
31.00
193.00
60.00
107.00
38.00
44.00
68.00
0.00
1.00
61.00
59.00
414.00
31.00
25.00
21.00
108.00
308.00
129.00
37.00
238.00
88.00
12.00
7.00
9.00
37.00
11.00
24.00
106.00
312.00
87.00
235.00
44.00
56.00
7.00
6.00
10.00
11.00
206.00
442.00
236.00
1.00
0.00
0.00
0.00
231.00
311.00
708.00
490.00
530.00
28.00
0.00
0.00
2.00
174.00
5.00
1.00
0.00
11.00
14.00
107.00
128.00
0.00
6.00
1.00
21.00
0.00
0.00
0.00
0.00
0.00
0.00
0.00
0.00
0.00
0.00
32.00
6.00
89.00
86.00
0.00
0.00
0.00
0.00
0.00
0.00
0.00
0.00
0.00
0.00
0.00
0.00
0.00
6.00
43.00
33.00
5.00
0.00
0.00
0.00
0.00
0.00
0.00
0.00
0.00
0.00
0.00
0.00
0.00
0.00
0.00
0.00
0.00
0.00
0.00
0.00
0.00
0.00
0.00
0.00
0.00
0.00
0.00
0.00
0.00
0.00
0.00
0.00
0.00
0.00
0.00
0.00
0.00
0.00
0.00
0.00
0.00
0.00
0.00
0.00
0.00
0.00
0.00
6.00
44.00
132.00
0.00
0.00
0.00
0.00
0.00
0.00
0.00
0.00
0.00
0.00
0.00
0.00
0.00
0.00
0.00
0.00
0.00
0.00
0.00
0.00
0.00
0.00
0.00
0.00
0.00
0.00
0.00
0.00
0.00
0.00
0.00
0.00
0.00
0.00
0.00
0.00
0.00
0.00
0.00
0.00
0.00
0.00
0.00
0.00
0.00
0.00
0.00
0.00
0.00
0.00
0.00
12.00
0.00
0.00
0.00
0.00
0.00
2.00
0.00
6.00
11.00
0.00
0.00
0.00
0.00
0.00
0.00
0.60
26.90
4.40
45.70
14.20
0.00
0.00
0.00
0.00
0.00
0.00
0.00
0.00
0.00
0.00
0.00
0.00
0.00
0.00
0.00
0.00
0.00
0.00
0.00
0.00
0.00
29.50
0.00
0.00
0.00
1.60
0.40
0.00
0.10
0.00
168.20
12.40
43.70
0.00
10.80
9.90
62.00
0.00
2.20
25.80
0.00
0.00
1.60
0.10
0.00
11.90
8.40
0.00
0.00
0.00
1.00
10.50
0.90
0.00
0.00
0.00
0.00
8.40
10.20
18.90
12.90
12.90
17.00
41.30
57.00
44.10
1.50
29.20
57.30
36.90
42.10
23.50
13.90
38.70
4.10
9.30
0.00
33.70
16.90
0.30
0.30
24.20
32.60
32.60
9.20
2.20
28.00
7.10
0.50
1.20
42.50
4.70
1.90
3.10
102.70
16.60
1.40
3.20
2.40
0.50
4.10
2.70
4.20
0.00
40.40
20.60
2.00
28.40
27.10
0.00
12.90
17.70
5.40
0.00
2.90
19.80
116.70
118.40
172.00
110.50
0.80
11.60
2.70
0.40
0.00
7.70
28.70
21.50
5.70
41.60
93.40
93.40
124.40
124.40
57.90
28.10
28.10
0.00
3.00
28.10
28.10
28.10
27.10
69.40
111.70
8.00
4.80
18.20
6.50
7.00
4.50
19.80
11.30
3.10
25.80
2.00
3.80
1.20
6.90
22.40
5.20
37.90
1.40
0.10
11.90
16.10
79.90
31.90
8.60
1.20
0.00
0.20
0.20
7.50
25.50
44.80
18.60
1.80
7.20
3.10
3.70
0.10
5.10
20.20
0.00
5.00
64.10
9.00
0.10
5.40
39.80
19.60
14.70
10.30
2.80
5.40
40.00
21.60
17.60
15.60
11.50
0.00
0.10
0.00
2.60
21.40
20.70
34.60
33.70
0.00
5.70
1.60
6.30
29.70
29.70
40.50
9.30
0.00
0.80
0.10
3.50
1.90
6.80
3.00
0.30
0.00
0.00
0.00
0.00
0.00
0.00
0.00
0.00
0.00
5.20
0.10
0.40
2.10
19.30
110.50
