20160101
0.00
0.00
0.00
0.00
0.00
0.00
0.00
0.00
15.00
0.00
0.00
0.00
4.00
0.00
0.00
0.00
0.00
0.00
1.00
105.00
0.00
0.00
0.00
0.00
0.00
6.00
19.00
0.00
0.00
0.00
0.00
0.00
0.00
0.00
0.00
0.00
0.00
1.00
2.00
0.00
0.00
0.00
0.00
0.00
0.00
0.00
0.00
0.00
0.00
0.00
1.00
0.00
0.00
0.00
0.00
0.00
11.00
1.00
6.00
1.00
0.00
0.00
8.00
10.00
3.00
27.00
1.00
1.00
0.00
0.00
0.00
0.00
17.00
8.00
0.00
0.00
0.00
0.00
132.00
0.00
2.00
0.00
37.00
0.00
0.00
0.00
214.00
174.00
2.00
34.00
228.00
13.00
0.00
0.00
21.00
227.00
5.00
111.00
5.00
34.00
0.00
0.00
0.00
39.00
417.00
43.00
444.00
145.00
84.00
117.00
182.00
3.00
5.00
328.00
100.00
19.00
187.00
109.00
303.00
37.00
190.00
289.00
81.00
55.00
15.00
12.00
84.00
50.00
1.00
21.00
129.00
94.00
63.00
130.00
14.00
242.00
197.00
227.00
212.00
33.00
29.00
449.00
4.00
0.00
162.00
8.00
19.00
1.00
8.00
14.00
1.00
151.00
47.00
0.00
0.00
110.00
35.00
241.00
144.00
30.00
39.00
73.00
7.00
2.00
6.00
29.00
112.00
106.00
54.00
1.00
1.00
21.00
46.00
236.00
241.00
4.00
75.00
25.00
118.00
12.00
58.00
56.00
45.00
77.00
41.00
100.00
9.00
10.00
115.00
63.00
195.00
51.00
45.00
0.00
0.00
9.00
11.00
86.00
15.00
93.00
84.00
309.00
111.00
78.00
30.00
79.00
282.00
40.00
62.00
98.00
10.00
90.00
29.00
2.00
0.00
15.00
228.00
183.00
52.00
9.00
146.00
3.00
32.00
1.00
27.00
53.00
238.00
113.00
57.00
26.00
6.00
0.00
7.00
88.00
0.00
4.00
0.00
168.00
3.00
11.00
130.00
21.00
15.00
94.00
93.00
114.00
13.00
13.00
41.00
66.00
2.00
5.00
9.00
117.00
129.00
9.00
111.00
90.00
55.00
245.00
387.00
129.00
107.00
124.00
101.00
72.00
40.00
13.00
68.00
52.00
33.00
186.00
0.00
45.00
6.00
73.00
0.00
190.00
14.00
128.00
11.00
73.00
27.00
211.00
49.00
66.00
0.00
0.00
0.00
0.00
0.00
0.00
0.00
0.00
0.00
0.00
0.00
0.00
0.00
0.00
133.00
0.00
0.00
0.00
0.00
0.00
0.00
59.00
47.00
324.00
24.00
0.00
0.00
0.00
0.00
0.00
0.00
0.00
0.00
0.00
0.00
0.00
0.00
0.00
0.00
0.00
0.00
0.00
0.00
0.00
0.00
0.00
0.00
0.00
0.00
80.00
0.00
0.00
0.00
0.00
0.00
0.00
0.00
0.00
0.00
0.00
0.00
0.00
0.00
0.00
0.00
0.00
0.00
0.00
0.00
0.00
0.00
0.00
0.00
0.00
0.00
0.00
0.00
0.00
0.00
0.00
0.00
0.00
0.00
10.00
0.00
0.00
0.00
0.00
0.00
23.00
0.00
0.00
0.00
0.00
0.00
0.00
0.00
0.00
0.00
0.00
0.00
0.00
0.00
0.00
0.00
0.00
26.00
0.00
0.00
0.00
0.00
0.00
0.00
0.00
0.00
0.00
0.00
0.00
0.00
0.00
0.00
0.00
0.00
0.00
0.00
0.00
0.00
0.00
0.00
0.00
0.00
0.00
0.00
0.00
0.00
0.00
0.00
0.00
0.00
0.00
0.00
0.00
2.00
19.00
0.00
0.00
124.00
0.00
265.00
7.00
0.00
0.00
0.00
0.00
0.00
0.00
245.00
57.00
158.00
0.00
0.00
0.00
0.00
55.00
96.00
10.00
43.00
114.00
220.00
352.00
513.00
651.00
1177.00
246.00
0.00
1.00
73.00
20.00
10.00
0.00
0.00
0.00
2.00
250.00
226.00
4.00
0.00
0.00
144.00
41.00
44.00
2.00
0.00
0.00
64.00
122.00
39.00
108.00
14.00
226.00
7.00
3.00
33.00
28.00
201.00
317.00
3.00
39.00
11.00
14.00
33.00
77.00
62.00
34.00
97.00
20.00
5.00
57.00
63.00
86.00
11.00
69.00
1.00
110.00
333.00
177.00
26.00
1.00
107.00
516.00
11.00
152.00
253.00
43.00
3.00
39.00
26.00
27.00
63.00
159.00
201.00
324.00
330.00
44.00
51.00
0.00
349.00
454.00
189.00
41.00
0.00
207.00
126.00
50.00
126.00
25.00
17.00
11.00
44.00
25.00
306.00
38.00
2.00
6.00
94.00
166.00
9.00
5.00
89.00
70.00
79.00
43.00
28.00
0.00
8.00
210.00
60.00
5.00
77.00
119.00
3.00
252.00
57.00
261.00
2.00
52.00
22.00
23.00
51.00
73.00
46.00
41.00
15.00
4.00
94.00
173.00
46.00
16.00
19.00
24.00
44.00
612.00
917.00
855.00
335.00
38.00
3.00
10.00
308.00
154.00
0.00
107.00
23.00
6.00
3.00
7.00
85.00
217.00
27.00
100.00
16.00
26.00
46.00
27.00
88.00
159.00
22.00
0.00
13.00
5.00
22.00
61.00
67.00
17.00
36.00
9.00
5.00
9.00
0.00
118.00
17.00
67.00
51.00
6.00
10.00
255.00
298.00
90.00
31.00
29.00
104.00
57.00
245.00
23.00
16.00
16.00
15.00
9.00
30.00
2.00
49.00
28.00
50.00
8.00
43.00
40.00
33.00
11.00
0.00
0.00
5.00
85.00
473.00
932.00
0.00
0.00
0.00
0.00
0.00
0.00
0.00
6.00
443.00
0.00
0.00
0.00
0.00
0.00
0.00
0.00
0.00
0.00
0.00
0.00
0.00
0.00
0.00
3.00
384.00
50.00
6.00
0.00
0.00
0.00
0.00
0.00
0.00
0.00
0.00
0.00
0.00
0.00
0.00
0.00
0.00
0.00
0.00
0.00
0.00
0.00
4.00
1.00
44.00
5.00
0.00
0.00
0.00
0.00
0.00
0.00
0.00
1.00
3.00
1.00
0.00
0.00
0.00
0.00
0.00
0.00
0.00
0.00
0.00
0.00
0.00
310.00
0.00
0.00
0.00
0.00
0.00
0.00
0.00
0.00
0.00
0.00
0.00
0.00
0.00
0.00
0.00
0.00
0.00
0.00
0.00
0.00
0.00
0.00
0.00
0.00
0.00
0.00
0.00
0.00
0.00
0.00
0.00
0.00
0.00
0.00
1.00
14.00
39.00
5.00
15.00
14.00
18.00
7.00
3.00
78.00
0.00
0.00
0.00
0.00
0.00
4.00
0.00
0.00
0.00
0.00
240.00
501.00
0.00
0.00
0.00
0.00
0.00
0.00
0.00
0.00
0.00
0.00
0.00
1.00
30.00
12.00
30.00
0.00
1.00
67.00
5.00
0.00
0.00
0.00
0.00
0.00
32.00
0.00
5.00
9.00
24.00
0.00
186.00
299.00
127.00
116.00
16.00
78.00
140.00
63.00
4.00
44.00
25.00
21.00
207.00
82.00
65.00
79.00
31.00
140.00
338.00
85.00
38.00
3.00
23.00
37.00
4.00
0.00
2.00
3.00
13.00
41.00
264.00
27.00
202.00
97.00
119.00
1.00
26.00
18.00
148.00
262.00
57.00
467.00
157.00
60.00
72.00
18.00
0.00
38.00
0.00
0.00
0.00
0.00
0.00
0.00
0.00
12.00
126.00
555.00
152.00
38.00
69.00
0.00
24.00
17.00
6.00
0.00
28.00
102.00
42.00
75.00
36.00
56.00
53.00
49.00
113.00
481.00
416.00
373.00
22.00
0.00
288.00
0.00
31.00
0.00
13.00
13.00
58.00
90.00
17.00
30.00
13.00
1.00
3.00
0.00
47.00
141.00
311.00
219.00
5.00
0.00
27.00
5.00
4.00
0.00
126.00
103.00
34.00
35.00
95.00
124.00
16.00
0.00
10.00
132.00
116.00
28.00
10.00
50.00
12.00
3.00
1.00
29.00
31.00
83.00
126.00
135.00
0.00
0.00
2.00
376.00
19.00
184.00
72.00
10.00
2.00
43.00
79.00
25.00
95.00
65.00
349.00
6.00
7.00
93.00
157.00
1.00
0.00
20.00
27.00
91.00
204.00
4.00
16.00
0.00
0.00
65.00
48.00
9.00
27.00
72.00
0.00
1.00
0.00
0.00
50.00
102.00
55.00
93.00
75.00
36.00
24.00
0.00
30.00
5.00
90.00
65.00
22.00
47.00
16.00
21.00
3.00
0.00
2.00
0.00
0.00
2.00
0.00
0.00
0.00
0.00
0.00
0.00
115.00
0.00
0.00
13.00
18.00
68.00
45.00
0.00
0.00
0.00
0.00
0.00
0.00
0.00
0.00
0.00
0.00
0.00
0.00
0.00
0.00
35.00
16.00
2.00
69.00
0.00
63.00
0.00
0.00
0.00
0.00
0.00
0.00
0.00
0.00
0.00
0.00
0.00
0.00
0.00
0.00
0.00
0.00
0.00
0.00
0.00
0.00
0.00
0.00
0.00
0.00
0.00
0.00
1.00
0.00
0.00
0.00
0.00
0.00
27.00
0.00
0.00
0.00
0.00
0.00
0.00
0.00
0.00
0.00
0.00
1.00
184.00
290.00
0.00
0.00
0.00
0.00
0.00
0.00
0.00
0.00
0.00
0.00
0.00
0.00
0.00
0.00
0.00
0.00
0.00
0.00
0.00
0.00
0.00
0.00
0.00
0.00
0.00
0.00
0.00
0.00
0.00
0.00
0.00
0.00
0.00
0.00
0.00
0.00
0.00
0.00
0.00
0.00
0.00
0.00
0.00
0.00
1.00
0.00
0.00
0.00
0.00
0.00
0.00
12.00
7.00
0.00
0.00
0.00
7.00
0.00
0.00
26.00
0.00
0.00
0.00
0.00
0.00
0.00
0.00
0.00
28.80
1.70
68.60
61.10
0.00
0.50
0.30
0.00
0.00
0.00
5.60
0.00
0.00
0.00
0.00
0.00
0.00
0.20
2.70
0.70
0.00
16.80
11.80
0.00
0.00
15.60
0.00
0.00
0.00
2.10
21.80
0.00
0.00
0.30
116.20
19.90
44.50
0.90
7.10
39.80
22.20
11.90
9.00
12.20
0.20
0.10
0.00
1.20
8.30
16.20
9.50
17.00
0.20
0.50
13.40
4.80
2.40
3.00
1.30
2.00
0.10
0.10
10.00
6.30
14.50
14.50
1.80
19.80
102.20
0.00
0.00
34.70
20.10
19.30
41.50
34.60
21.20
4.50
3.80
6.00
3.90
14.50
8.20
0.00
0.00
10.90
15.20
15.20
1.60
2.00
2.30
12.50
2.10
7.30
6.10
12.80
1.40
2.90
7.80
2.00
0.20
0.10
1.90
0.10
3.90
0.20
1.10
0.40
3.50
15.80
1.90
26.30
10.70
0.10
6.10
5.70
3.10
0.00
0.10
0.70
15.20
69.20
45.00
75.80
0.40
4.70
2.30
0.30
0.30
33.30
36.90
27.80
14.50
20.40
65.50
65.50
55.70
55.70
9.60
0.70
0.70
1.50
0.70
0.70
0.70
0.70
1.40
22.10
4.50
2.60
17.80
16.00
3.20
8.50
0.30
16.50
6.00
1.00
20.00
4.70
7.50
0.10
4.00
25.30
4.50
0.10
1.00
0.00
7.10
0.30
2.00
2.20
1.00
0.00
0.00
0.80
0.50
0.60
9.30
12.20
4.70
0.10
1.30
13.10
1.60
0.40
4.40
2.90
0.20
6.20
7.60
5.70
1.30
9.20
17.40
0.60
2.00
2.20
1.40
18.80
9.60
2.60
1.00
0.70
0.00
2.50
5.20
14.40
4.40
5.70
10.40
4.20
10.20
3.60
0.20
7.90
4.60
7.40
7.40
28.40
5.80
0.70
8.00
7.20
5.70
5.20
0.40
0.00
0.00
0.00
0.00
0.00
3.40
1.70
0.00
0.30
2.40
2.10
6.50
0.70
0.20
0.70
2.40
15.60
