20160101
0.00
0.00
5.00
0.00
0.00
0.00
0.00
0.00
33.00
0.00
0.00
0.00
1.00
0.00
0.00
0.00
0.00
0.00
0.00
143.00
0.00
0.00
0.00
0.00
0.00
17.00
153.00
0.00
0.00
0.00
0.00
0.00
0.00
0.00
0.00
0.00
2.00
0.00
10.00
0.00
0.00
0.00
0.00
0.00
0.00
0.00
0.00
0.00
0.00
0.00
1.00
0.00
0.00
0.00
1.00
0.00
10.00
0.00
81.00
16.00
0.00
39.00
8.00
71.00
0.00
12.00
0.00
2.00
0.00
0.00
0.00
0.00
3.00
8.00
10.00
0.00
0.00
0.00
0.00
0.00
0.00
0.00
0.00
0.00
0.00
0.00
258.00
278.00
9.00
22.00
168.00
32.00
0.00
0.00
45.00
295.00
2.00
38.00
0.00
67.00
0.00
0.00
0.00
0.00
79.00
1.00
483.00
410.00
83.00
88.00
441.00
61.00
4.00
70.00
0.00
13.00
170.00
90.00
458.00
101.00
120.00
37.00
89.00
75.00
42.00
37.00
31.00
162.00
11.00
16.00
34.00
67.00
13.00
131.00
90.00
379.00
126.00
409.00
56.00
32.00
216.00
439.00
15.00
32.00
88.00
43.00
3.00
16.00
39.00
41.00
14.00
49.00
47.00
4.00
7.00
76.00
147.00
236.00
122.00
71.00
88.00
82.00
159.00
189.00
162.00
1.00
6.00
324.00
145.00
5.00
130.00
12.00
53.00
154.00
56.00
19.00
106.00
265.00
216.00
94.00
243.00
59.00
96.00
84.00
148.00
110.00
8.00
26.00
186.00
127.00
170.00
100.00
57.00
11.00
3.00
18.00
138.00
77.00
90.00
539.00
77.00
393.00
236.00
229.00
239.00
73.00
400.00
20.00
165.00
120.00
10.00
81.00
69.00
23.00
0.00
79.00
204.00
135.00
48.00
42.00
430.00
26.00
0.00
46.00
29.00
138.00
180.00
196.00
91.00
26.00
60.00
12.00
0.00
64.00
0.00
68.00
78.00
580.00
19.00
142.00
104.00
97.00
230.00
44.00
158.00
102.00
92.00
15.00
6.00
66.00
55.00
36.00
71.00
66.00
162.00
147.00
71.00
75.00
44.00
598.00
192.00
762.00
559.00
535.00
77.00
134.00
149.00
17.00
164.00
11.00
3.00
39.00
74.00
370.00
40.00
32.00
9.00
515.00
60.00
50.00
218.00
25.00
55.00
361.00
87.00
43.00
0.00
0.00
0.00
0.00
0.00
0.00
0.00
0.00
0.00
0.00
0.00
0.00
0.00
0.00
100.00
0.00
0.00
12.00
0.00
0.00
0.00
1.00
16.00
136.00
13.00
0.00
0.00
0.00
0.00
0.00
0.00
0.00
0.00
0.00
0.00
0.00
0.00
0.00
0.00
0.00
0.00
0.00
0.00
0.00
0.00
0.00
0.00
0.00
0.00
9.00
0.00
0.00
0.00
0.00
0.00
0.00
0.00
0.00
0.00
0.00
0.00
0.00
0.00
0.00
0.00
0.00
0.00
0.00
0.00
0.00
0.00
0.00
0.00
0.00
270.00
0.00
0.00
0.00
3.00
3.00
2.00
11.00
296.00
196.00
0.00
0.00
0.00
0.00
0.00
85.00
0.00
0.00
0.00
0.00
0.00
0.00
0.00
0.00
0.00
0.00
0.00
0.00
0.00
0.00
0.00
3.00
20.00
30.00
0.00
0.00
0.00
0.00
0.00
0.00
0.00
0.00
0.00
0.00
0.00
0.00
0.00
0.00
0.00
0.00
0.00
0.00
0.00
0.00
0.00
0.00
0.00
0.00
0.00
0.00
0.00
0.00
0.00
0.00
0.00
0.00
0.00
0.00
7.00
0.00
0.00
0.00
84.00
2.00
141.00
0.00
0.00
0.00
0.00
0.00
0.00
56.00
339.00
42.00
117.00
0.00
0.00
0.00
2.00
43.00
40.00
0.00
30.00
72.00
190.00
381.00
345.00
370.00
1088.00
335.00
0.00
1.00
30.00
5.00
0.00
0.00
0.00
0.00
3.00
0.00
167.00
1.00
0.00
0.00
119.00
12.00
127.00
22.00
0.00
3.00
9.00
48.00
18.00
72.00
5.00
201.00
11.00
0.00
35.00
70.00
188.00
267.00
0.00
25.00
71.00
16.00
10.00
34.00
51.00
23.00
122.00
45.00
12.00
45.00
25.00
76.00
0.00
24.00
10.00
106.00
477.00
175.00
4.00
28.00
109.00
312.00
0.00
134.00
121.00
26.00
0.00
58.00
65.00
250.00
39.00
202.00
434.00
274.00
392.00
237.00
194.00
49.00
631.00
198.00
42.00
63.00
103.00
19.00
179.00
151.00
32.00
1.00
192.00
18.00
30.00
62.00
221.00
196.00
17.00
86.00
161.00
121.00
84.00
26.00
33.00
216.00
194.00
55.00
48.00
34.00
205.00
116.00
59.00
5.00
149.00
138.00
39.00
75.00
127.00
322.00
17.00
83.00
30.00
84.00
61.00
55.00
3.00
94.00
45.00
116.00
165.00
120.00
74.00
80.00
31.00
43.00
85.00
748.00
812.00
862.00
410.00
46.00
38.00
48.00
321.00
206.00
12.00
136.00
64.00
32.00
121.00
141.00
149.00
139.00
157.00
193.00
24.00
101.00
118.00
59.00
244.00
227.00
29.00
5.00
0.00
3.00
30.00
38.00
137.00
67.00
75.00
84.00
25.00
1.00
5.00
594.00
7.00
251.00
119.00
31.00
27.00
412.00
66.00
2.00
82.00
16.00
55.00
367.00
410.00
124.00
115.00
38.00
57.00
7.00
43.00
62.00
71.00
105.00
115.00
360.00
65.00
20.00
116.00
0.00
0.00
0.00
22.00
153.00
459.00
1338.00
0.00
0.00
0.00
0.00
0.00
0.00
0.00
1.00
118.00
0.00
0.00
0.00
0.00
5.00
0.00
0.00
0.00
0.00
0.00
0.00
0.00
0.00
0.00
1.00
195.00
56.00
10.00
0.00
0.00
0.00
0.00
0.00
0.00
0.00
0.00
0.00
0.00
0.00
0.00
0.00
0.00
0.00
0.00
0.00
0.00
0.00
2.00
3.00
57.00
2.00
0.00
0.00
0.00
0.00
0.00
0.00
0.00
5.00
13.00
1.00
0.00
0.00
0.00
0.00
0.00
0.00
0.00
0.00
0.00
0.00
0.00
212.00
1.00
26.00
0.00
0.00
0.00
0.00
0.00
0.00
0.00
0.00
0.00
0.00
0.00
0.00
2.00
0.00
0.00
0.00
0.00
0.00
0.00
0.00
0.00
0.00
0.00
0.00
0.00
0.00
0.00
0.00
0.00
0.00
0.00
0.00
1.00
6.00
81.00
13.00
0.00
21.00
54.00
3.00
20.00
84.00
0.00
0.00
0.00
0.00
0.00
10.00
0.00
0.00
0.00
0.00
289.00
185.00
0.00
0.00
0.00
19.00
0.00
0.00
0.00
0.00
0.00
0.00
0.00
0.00
0.00
1.00
41.00
0.00
16.00
12.00
2.00
0.00
0.00
0.00
0.00
0.00
0.00
0.00
0.00
1.00
18.00
0.00
317.00
432.00
121.00
40.00
4.00
332.00
52.00
98.00
7.00
76.00
24.00
90.00
69.00
65.00
209.00
28.00
47.00
9.00
262.00
66.00
71.00
29.00
46.00
16.00
3.00
0.00
1.00
40.00
34.00
31.00
344.00
50.00
180.00
147.00
174.00
1.00
51.00
8.00
152.00
274.00
59.00
329.00
114.00
90.00
145.00
45.00
1.00
34.00
0.00
231.00
0.00
14.00
2.00
0.00
4.00
48.00
21.00
186.00
54.00
154.00
150.00
0.00
44.00
19.00
27.00
111.00
55.00
6.00
59.00
106.00
87.00
52.00
5.00
46.00
26.00
47.00
347.00
302.00
110.00
12.00
242.00
0.00
11.00
17.00
17.00
0.00
56.00
73.00
22.00
19.00
57.00
49.00
13.00
14.00
86.00
261.00
242.00
308.00
102.00
24.00
281.00
15.00
20.00
11.00
147.00
75.00
100.00
179.00
196.00
57.00
20.00
12.00
28.00
219.00
241.00
18.00
107.00
128.00
16.00
5.00
42.00
58.00
33.00
56.00
301.00
151.00
25.00
4.00
31.00
237.00
91.00
155.00
102.00
311.00
145.00
158.00
509.00
127.00
131.00
94.00
284.00
28.00
4.00
32.00
173.00
66.00
9.00
32.00
136.00
111.00
62.00
57.00
33.00
75.00
23.00
146.00
128.00
6.00
65.00
132.00
17.00
1.00
1.00
1.00
44.00
87.00
118.00
127.00
76.00
19.00
4.00
11.00
13.00
0.00
13.00
126.00
18.00
14.00
0.00
30.00
35.00
1.00
0.00
39.00
0.00
14.00
1.00
1.00
0.00
17.00
71.00
42.00
163.00
0.00
1.00
36.00
69.00
57.00
24.00
0.00
0.00
0.00
0.00
0.00
0.00
0.00
0.00
0.00
22.00
0.00
125.00
0.00
0.00
35.00
15.00
4.00
55.00
0.00
0.00
0.00
0.00
0.00
0.00
0.00
0.00
0.00
0.00
0.00
0.00
0.00
0.00
0.00
0.00
0.00
0.00
0.00
0.00
0.00
0.00
0.00
0.00
0.00
0.00
0.00
0.00
0.00
0.00
0.00
0.00
0.00
0.00
1.00
0.00
0.00
0.00
0.00
0.00
0.00
0.00
0.00
0.00
0.00
45.00
584.00
850.00
0.00
0.00
0.00
0.00
0.00
0.00
0.00
0.00
0.00
0.00
0.00
0.00
0.00
0.00
0.00
0.00
0.00
0.00
0.00
0.00
0.00
0.00
0.00
0.00
0.00
0.00
0.00
0.00
0.00
0.00
0.00
0.00
0.00
0.00
0.00
0.00
0.00
0.00
0.00
0.00
0.00
6.00
0.00
0.00
0.00
0.00
0.00
0.00
0.00
0.00
0.00
63.00
6.00
0.00
0.00
0.00
3.00
1.00
0.00
49.00
1.00
0.00
0.00
0.00
0.00
0.00
0.00
2.40
33.10
4.40
78.00
20.60
0.00
0.40
1.40
4.40
0.20
0.00
0.00
0.00
0.00
0.00
0.00
0.00
0.00
0.80
1.90
0.00
0.00
13.90
4.80
0.00
0.00
0.10
0.00
0.00
0.00
14.90
22.40
0.00
0.30
1.80
122.30
9.80
42.30
0.30
0.10
3.60
29.70
5.10
3.50
17.80
0.00
0.00
0.00
6.00
9.70
13.80
18.20
1.30
0.00
0.10
6.10
9.30
4.80
7.30
7.10
0.50
0.60
1.20
6.40
3.20
15.60
15.60
2.10
33.50
113.50
0.00
0.00
30.70
5.30
0.40
31.60
31.80
19.80
16.80
3.90
2.70
0.40
14.40
14.10
0.10
0.10
17.30
10.00
10.00
13.50
4.60
4.90
0.20
0.30
2.30
10.20
9.20
1.10
12.10
22.70
8.80
0.00
1.80
10.80
3.70
3.90
0.60
0.60
4.00
9.30
10.00
1.50
18.50
12.30
22.10
7.30
36.90
36.60
0.70
0.20
15.40
8.00
79.20
53.00
47.30
9.00
1.30
3.90
1.30
1.10
12.10
52.40
13.10
7.90
114.60
77.40
77.40
29.20
29.20
6.30
68.80
68.80
2.60
2.30
68.80
68.80
68.80
20.50
18.50
37.40
10.00
9.60
18.50
9.50
14.30
3.70
14.60
6.30
3.20
25.50
2.60
0.20
0.80
9.40
7.50
3.80
5.70
2.90
0.60
89.10
3.10
5.60
1.40
6.30
0.90
1.40
2.70
4.40
0.00
36.70
11.40
9.10
0.60
5.00
25.70
4.90
2.00
22.10
15.70
4.30
7.40
17.10
16.80
5.50
4.40
9.30
3.60
5.30
4.10
1.60
21.30
18.50
1.80
9.60
3.50
3.00
10.60
0.70
9.80
12.00
24.60
13.30
22.90
21.30
2.30
4.90
25.70
10.90
14.80
14.80
16.30
0.00
7.10
5.90
11.20
16.30
11.40
5.30
0.80
0.00
0.00
0.00
0.20
4.30
0.70
2.50
0.40
0.90
0.70
4.90
0.30
0.20
3.00
11.70
41.50
