20160101
0.00
0.00
0.00
0.00
0.00
0.00
0.00
0.00
2.00
0.00
0.00
0.00
1.00
0.00
0.00
0.00
0.00
0.00
0.00
89.00
0.00
0.00
0.00
0.00
0.00
2.00
0.00
0.00
0.00
0.00
0.00
0.00
0.00
0.00
0.00
0.00
0.00
2.00
32.00
0.00
0.00
0.00
0.00
0.00
0.00
0.00
0.00
0.00
0.00
0.00
0.00
1.00
0.00
0.00
0.00
0.00
7.00
0.00
0.00
0.00
9.00
0.00
10.00
114.00
0.00
107.00
0.00
0.00
0.00
0.00
0.00
0.00
14.00
0.00
2.00
0.00
0.00
0.00
12.00
0.00
0.00
0.00
0.00
0.00
0.00
0.00
104.00
270.00
31.00
62.00
118.00
1.00
0.00
1.00
14.00
120.00
5.00
85.00
46.00
4.00
0.00
0.00
0.00
15.00
312.00
40.00
401.00
210.00
90.00
104.00
141.00
7.00
26.00
381.00
233.00
17.00
116.00
88.00
241.00
73.00
391.00
84.00
38.00
9.00
18.00
6.00
33.00
6.00
21.00
14.00
1.00
108.00
53.00
93.00
7.00
198.00
470.00
309.00
194.00
23.00
55.00
480.00
1.00
0.00
6.00
4.00
6.00
23.00
4.00
0.00
0.00
116.00
4.00
0.00
0.00
176.00
19.00
153.00
344.00
68.00
1.00
45.00
44.00
32.00
5.00
0.00
20.00
43.00
197.00
0.00
0.00
17.00
15.00
10.00
53.00
0.00
42.00
16.00
158.00
10.00
46.00
15.00
6.00
117.00
99.00
114.00
9.00
13.00
201.00
59.00
105.00
44.00
16.00
1.00
0.00
3.00
6.00
1.00
8.00
7.00
1.00
5.00
28.00
23.00
28.00
18.00
109.00
15.00
41.00
57.00
6.00
287.00
3.00
1.00
0.00
13.00
152.00
66.00
42.00
12.00
87.00
25.00
24.00
11.00
61.00
46.00
256.00
89.00
24.00
46.00
13.00
0.00
150.00
57.00
0.00
0.00
0.00
263.00
0.00
61.00
125.00
19.00
38.00
87.00
92.00
9.00
152.00
6.00
263.00
189.00
5.00
1.00
81.00
80.00
38.00
0.00
71.00
39.00
7.00
11.00
47.00
119.00
97.00
144.00
196.00
55.00
55.00
2.00
284.00
163.00
0.00
228.00
60.00
3.00
0.00
50.00
0.00
3.00
4.00
25.00
38.00
22.00
57.00
67.00
12.00
37.00
0.00
0.00
0.00
0.00
0.00
0.00
0.00
0.00
0.00
0.00
0.00
16.00
0.00
0.00
42.00
0.00
0.00
0.00
0.00
0.00
0.00
0.00
44.00
354.00
254.00
6.00
0.00
0.00
0.00
0.00
0.00
0.00
0.00
0.00
0.00
0.00
0.00
0.00
0.00
0.00
0.00
0.00
0.00
0.00
0.00
0.00
0.00
0.00
0.00
3.00
0.00
0.00
0.00
0.00
0.00
0.00
0.00
0.00
0.00
0.00
0.00
0.00
0.00
0.00
0.00
0.00
0.00
0.00
0.00
0.00
0.00
0.00
0.00
0.00
60.00
0.00
0.00
0.00
0.00
0.00
0.00
0.00
0.00
5.00
0.00
0.00
0.00
0.00
0.00
0.00
0.00
0.00
0.00
0.00
0.00
0.00
0.00
0.00
0.00
10.00
0.00
0.00
0.00
0.00
0.00
0.00
30.00
0.00
0.00
0.00
0.00
0.00
0.00
0.00
0.00
0.00
0.00
0.00
0.00
0.00
0.00
0.00
0.00
0.00
0.00
0.00
0.00
0.00
0.00
0.00
1.00
20.00
149.00
0.00
0.00
0.00
0.00
0.00
0.00
0.00
0.00
0.00
7.00
221.00
0.00
0.00
87.00
0.00
554.00
31.00
0.00
0.00
0.00
0.00
0.00
43.00
282.00
11.00
108.00
0.00
0.00
0.00
0.00
43.00
28.00
7.00
36.00
161.00
278.00
330.00
877.00
972.00
1023.00
157.00
2.00
0.00
28.00
54.00
3.00
0.00
0.00
0.00
0.00
0.00
89.00
6.00
0.00
0.00
176.00
68.00
73.00
4.00
0.00
0.00
64.00
72.00
73.00
105.00
15.00
155.00
6.00
0.00
23.00
2.00
192.00
281.00
2.00
24.00
39.00
3.00
5.00
22.00
45.00
60.00
37.00
12.00
0.00
61.00
52.00
85.00
49.00
58.00
3.00
146.00
173.00
140.00
11.00
32.00
122.00
874.00
36.00
234.00
515.00
59.00
0.00
3.00
147.00
0.00
63.00
58.00
267.00
738.00
78.00
64.00
0.00
58.00
163.00
1005.00
349.00
179.00
2.00
171.00
7.00
76.00
377.00
139.00
42.00
91.00
56.00
73.00
172.00
17.00
11.00
24.00
115.00
322.00
120.00
0.00
55.00
133.00
383.00
37.00
44.00
5.00
1.00
171.00
112.00
1.00
75.00
323.00
0.00
12.00
106.00
126.00
16.00
45.00
17.00
23.00
138.00
84.00
80.00
7.00
0.00
1.00
84.00
154.00
35.00
17.00
15.00
20.00
4.00
230.00
624.00
427.00
41.00
1.00
10.00
48.00
233.00
78.00
0.00
58.00
23.00
0.00
0.00
10.00
237.00
138.00
0.00
70.00
11.00
19.00
65.00
46.00
0.00
90.00
9.00
0.00
0.00
27.00
7.00
1.00
172.00
48.00
0.00
60.00
0.00
57.00
11.00
98.00
0.00
83.00
18.00
0.00
3.00
99.00
266.00
1.00
146.00
280.00
390.00
70.00
49.00
66.00
45.00
50.00
0.00
0.00
117.00
0.00
187.00
28.00
15.00
18.00
93.00
31.00
6.00
3.00
0.00
15.00
12.00
63.00
455.00
1019.00
0.00
0.00
0.00
0.00
0.00
0.00
0.00
298.00
955.00
0.00
0.00
0.00
0.00
0.00
0.00
0.00
0.00
0.00
0.00
0.00
0.00
0.00
0.00
3.00
253.00
29.00
12.00
0.00
0.00
0.00
0.00
0.00
0.00
0.00
0.00
0.00
0.00
0.00
0.00
0.00
0.00
0.00
0.00
0.00
0.00
0.00
0.00
6.00
224.00
63.00
0.00
0.00
0.00
0.00
0.00
0.00
0.00
0.00
18.00
0.00
0.00
0.00
0.00
0.00
0.00
0.00
0.00
0.00
0.00
0.00
34.00
227.00
57.00
0.00
0.00
0.00
0.00
0.00
0.00
0.00
0.00
0.00
0.00
0.00
0.00
0.00
0.00
0.00
0.00
0.00
0.00
0.00
0.00
0.00
0.00
0.00
0.00
0.00
0.00
0.00
0.00
0.00
0.00
0.00
0.00
0.00
0.00
2.00
6.00
4.00
0.00
15.00
3.00
0.00
0.00
0.00
0.00
0.00
0.00
0.00
0.00
1.00
0.00
0.00
0.00
0.00
409.00
747.00
0.00
0.00
0.00
0.00
0.00
0.00
27.00
0.00
0.00
0.00
0.00
0.00
1.00
55.00
26.00
0.00
1.00
107.00
7.00
0.00
0.00
0.00
0.00
0.00
0.00
124.00
0.00
6.00
24.00
0.00
45.00
172.00
44.00
46.00
9.00
0.00
0.00
0.00
0.00
57.00
16.00
29.00
62.00
57.00
94.00
5.00
32.00
43.00
8.00
342.00
10.00
22.00
0.00
38.00
15.00
4.00
0.00
0.00
0.00
12.00
181.00
14.00
81.00
84.00
139.00
2.00
3.00
46.00
176.00
137.00
32.00
887.00
360.00
96.00
0.00
9.00
0.00
38.00
0.00
0.00
0.00
0.00
0.00
0.00
0.00
0.00
136.00
430.00
212.00
4.00
21.00
0.00
1.00
7.00
1.00
3.00
7.00
7.00
0.00
85.00
26.00
33.00
78.00
25.00
116.00
1022.00
2352.00
853.00
189.00
48.00
28.00
2.00
3.00
0.00
1.00
24.00
51.00
30.00
37.00
17.00
65.00
0.00
0.00
2.00
58.00
196.00
288.00
130.00
0.00
3.00
40.00
0.00
9.00
0.00
223.00
91.00
70.00
56.00
129.00
96.00
15.00
2.00
8.00
186.00
117.00
21.00
37.00
82.00
74.00
6.00
4.00
18.00
14.00
73.00
346.00
270.00
2.00
3.00
52.00
435.00
10.00
96.00
61.00
1.00
26.00
33.00
12.00
6.00
16.00
50.00
236.00
2.00
4.00
9.00
90.00
6.00
0.00
11.00
43.00
136.00
249.00
47.00
3.00
0.00
0.00
22.00
3.00
1.00
1.00
210.00
3.00
0.00
0.00
1.00
50.00
3.00
30.00
248.00
87.00
0.00
0.00
0.00
0.00
5.00
169.00
138.00
33.00
22.00
1.00
24.00
1.00
0.00
7.00
0.00
2.00
0.00
0.00
0.00
0.00
0.00
11.00
0.00
0.00
0.00
0.00
16.00
20.00
159.00
99.00
1.00
0.00
0.00
0.00
0.00
0.00
0.00
0.00
0.00
0.00
0.00
0.00
0.00
0.00
61.00
75.00
36.00
0.00
0.00
47.00
0.00
0.00
0.00
0.00
0.00
0.00
0.00
0.00
0.00
0.00
0.00
0.00
0.00
0.00
0.00
0.00
0.00
0.00
0.00
0.00
0.00
0.00
0.00
0.00
0.00
0.00
0.00
0.00
0.00
0.00
0.00
0.00
16.00
0.00
0.00
0.00
0.00
0.00
0.00
0.00
0.00
0.00
0.00
4.00
203.00
637.00
0.00
0.00
0.00
0.00
0.00
0.00
0.00
0.00
0.00
0.00
0.00
0.00
0.00
0.00
0.00
0.00
0.00
0.00
0.00
0.00
0.00
0.00
0.00
0.00
0.00
0.00
0.00
0.00
0.00
0.00
0.00
0.00
0.00
0.00
0.00
0.00
0.00
0.00
0.00
0.00
0.00
0.00
0.00
0.00
0.00
0.00
0.00
0.00
0.00
0.00
0.00
0.00
4.00
0.00
0.00
0.00
2.00
0.00
0.00
10.00
0.00
0.00
0.00
0.00
0.00
0.00
0.00
0.00
23.20
0.10
86.40
63.20
0.00
0.00
0.00
0.00
0.00
0.00
0.00
0.00
0.00
0.00
0.00
0.00
0.00
0.00
0.10
0.20
1.20
3.40
25.20
0.00
0.40
5.50
0.00
0.00
0.00
10.00
1.70
0.00
0.00
0.40
74.70
27.50
41.20
0.00
24.80
14.40
45.20
12.10
10.30
12.20
0.00
0.00
0.00
0.50
14.70
12.00
6.70
17.30
0.10
0.00
2.60
1.80
2.00
0.00
0.00
0.00
0.30
0.00
9.00
8.20
9.40
9.40
0.30
19.00
99.10
4.70
0.00
18.80
6.80
29.20
27.10
41.60
17.80
13.10
1.30
4.80
6.40
13.70
10.40
0.00
0.00
18.60
15.60
15.60
3.00
0.40
6.80
0.40
0.00
0.60
0.90
2.70
0.00
2.20
5.20
7.80
0.00
4.80
3.30
0.20
1.40
0.20
3.00
5.00
8.90
21.80
7.30
10.00
9.60
0.70
7.10
11.80
10.70
0.10
0.00
0.40
16.80
45.50
58.70
1.90
0.00
7.30
2.50
6.30
0.60
37.20
42.50
34.70
22.20
3.90
22.40
22.40
78.40
78.40
20.70
0.10
0.10
0.00
0.00
0.10
0.10
0.10
2.00
15.00
2.10
1.50
33.90
28.80
7.20
15.20
0.10
6.80
1.90
2.80
40.60
4.10
0.90
0.50
0.60
24.20
12.40
0.30
3.70
0.00
12.90
3.60
0.00
0.10
0.30
0.70
0.00
2.10
0.10
0.90
6.20
5.20
2.50
0.10
0.30
12.90
10.20
0.00
2.00
1.00
0.20
4.70
6.90
7.10
3.10
50.00
7.90
0.00
2.10
1.30
3.00
4.50
0.40
0.00
1.10
6.50
0.00
0.80
0.70
2.40
10.00
19.60
6.10
3.00
11.30
2.10
0.00
2.20
5.90
7.10
7.10
21.40
0.00
0.00
3.20
0.90
3.50
5.70
9.10
0.50
0.10
0.00
0.00
0.00
0.10
2.10
0.00
0.00
5.40
6.50
3.20
0.40
1.20
0.20
0.80
5.90
