20160101
0.00
0.00
0.00
0.00
0.00
0.00
0.00
0.00
0.00
0.00
0.00
0.00
4.00
0.00
0.00
0.00
0.00
0.00
0.00
11.00
0.00
0.00
0.00
0.00
0.00
0.00
0.00
0.00
0.00
0.00
0.00
0.00
0.00
0.00
0.00
0.00
0.00
0.00
0.00
0.00
0.00
0.00
0.00
0.00
0.00
0.00
0.00
0.00
0.00
0.00
3.00
0.00
0.00
0.00
0.00
0.00
7.00
0.00
0.00
0.00
0.00
0.00
0.00
0.00
0.00
11.00
0.00
0.00
0.00
0.00
0.00
0.00
1.00
0.00
0.00
0.00
1.00
0.00
5.00
6.00
0.00
0.00
0.00
0.00
0.00
0.00
147.00
283.00
16.00
17.00
216.00
0.00
0.00
7.00
60.00
359.00
51.00
80.00
1.00
205.00
0.00
0.00
0.00
172.00
290.00
24.00
122.00
279.00
174.00
113.00
86.00
95.00
10.00
2.00
0.00
62.00
636.00
127.00
72.00
25.00
20.00
1.00
1.00
63.00
99.00
132.00
46.00
363.00
2.00
8.00
34.00
10.00
125.00
70.00
93.00
787.00
0.00
271.00
167.00
25.00
122.00
334.00
1.00
0.00
9.00
28.00
0.00
119.00
5.00
19.00
14.00
13.00
0.00
0.00
458.00
74.00
31.00
785.00
21.00
126.00
35.00
28.00
10.00
2.00
4.00
242.00
373.00
186.00
28.00
27.00
247.00
326.00
229.00
659.00
1046.00
192.00
2.00
48.00
105.00
9.00
50.00
31.00
149.00
0.00
331.00
200.00
27.00
5.00
48.00
371.00
109.00
29.00
5.00
2.00
121.00
246.00
22.00
250.00
316.00
657.00
510.00
1601.00
337.00
152.00
100.00
161.00
532.00
17.00
4.00
60.00
157.00
131.00
116.00
18.00
40.00
33.00
300.00
212.00
17.00
68.00
105.00
43.00
88.00
34.00
455.00
71.00
28.00
174.00
18.00
50.00
15.00
0.00
0.00
8.00
1.00
2.00
0.00
342.00
2.00
0.00
3.00
6.00
613.00
664.00
1134.00
880.00
50.00
6.00
3.00
109.00
8.00
32.00
3.00
92.00
223.00
177.00
19.00
1.00
0.00
97.00
48.00
1.00
1.00
14.00
72.00
143.00
249.00
15.00
283.00
167.00
0.00
2.00
51.00
0.00
4.00
210.00
9.00
0.00
11.00
4.00
10.00
357.00
357.00
478.00
12.00
61.00
0.00
0.00
0.00
0.00
0.00
0.00
0.00
0.00
0.00
0.00
0.00
0.00
0.00
9.00
92.00
0.00
0.00
0.00
0.00
0.00
0.00
0.00
9.00
108.00
0.00
0.00
0.00
0.00
0.00
0.00
0.00
0.00
0.00
0.00
0.00
0.00
0.00
0.00
0.00
0.00
0.00
0.00
0.00
0.00
0.00
0.00
0.00
0.00
0.00
16.00
0.00
0.00
0.00
0.00
0.00
0.00
0.00
0.00
0.00
0.00
0.00
0.00
0.00
0.00
0.00
0.00
0.00
0.00
0.00
0.00
0.00
0.00
0.00
0.00
0.00
0.00
0.00
0.00
0.00
0.00
0.00
0.00
0.00
0.00
0.00
0.00
0.00
0.00
0.00
0.00
0.00
0.00
0.00
0.00
0.00
0.00
0.00
0.00
0.00
0.00
0.00
0.00
0.00
0.00
0.00
2.00
3.00
0.00
0.00
0.00
0.00
0.00
0.00
0.00
0.00
0.00
0.00
0.00
0.00
0.00
0.00
0.00
0.00
0.00
0.00
0.00
0.00
0.00
0.00
0.00
15.00
0.00
23.00
0.00
0.00
0.00
0.00
0.00
0.00
0.00
0.00
0.00
7.00
0.00
0.00
0.00
179.00
0.00
185.00
0.00
0.00
0.00
0.00
0.00
0.00
5.00
150.00
1.00
48.00
0.00
0.00
0.00
1.00
254.00
11.00
1.00
0.00
96.00
94.00
453.00
664.00
847.00
518.00
0.00
60.00
0.00
42.00
46.00
4.00
0.00
0.00
0.00
0.00
0.00
328.00
25.00
0.00
2.00
571.00
197.00
266.00
385.00
0.00
130.00
125.00
121.00
0.00
445.00
33.00
191.00
37.00
0.00
98.00
328.00
238.00
395.00
25.00
7.00
98.00
1.00
35.00
92.00
3.00
139.00
335.00
12.00
5.00
432.00
74.00
168.00
182.00
149.00
264.00
38.00
410.00
234.00
1.00
2.00
98.00
229.00
86.00
295.00
331.00
95.00
0.00
1.00
5.00
14.00
46.00
48.00
198.00
206.00
1083.00
583.00
102.00
26.00
271.00
55.00
310.00
319.00
0.00
958.00
697.00
83.00
384.00
16.00
21.00
16.00
78.00
42.00
1451.00
548.00
91.00
354.00
206.00
48.00
47.00
24.00
165.00
142.00
222.00
128.00
70.00
50.00
59.00
111.00
33.00
6.00
232.00
47.00
3.00
170.00
313.00
24.00
0.00
3.00
5.00
30.00
12.00
49.00
10.00
9.00
164.00
48.00
125.00
62.00
209.00
106.00
284.00
208.00
180.00
1947.00
1044.00
1146.00
565.00
404.00
103.00
6.00
141.00
48.00
25.00
28.00
189.00
376.00
141.00
30.00
37.00
253.00
218.00
38.00
5.00
3.00
100.00
326.00
814.00
56.00
130.00
188.00
1.00
39.00
695.00
1332.00
74.00
40.00
0.00
0.00
122.00
7.00
0.00
468.00
142.00
422.00
94.00
83.00
30.00
136.00
14.00
0.00
3.00
65.00
475.00
652.00
514.00
79.00
5.00
2.00
2.00
1.00
48.00
21.00
8.00
3.00
27.00
0.00
6.00
188.00
469.00
0.00
0.00
0.00
0.00
746.00
731.00
894.00
0.00
0.00
0.00
0.00
0.00
0.00
0.00
2.00
31.00
0.00
0.00
0.00
0.00
0.00
0.00
0.00
0.00
0.00
0.00
0.00
0.00
0.00
0.00
2.00
188.00
107.00
1.00
0.00
0.00
0.00
0.00
0.00
0.00
0.00
0.00
0.00
0.00
0.00
0.00
0.00
0.00
0.00
0.00
0.00
0.00
0.00
6.00
2.00
172.00
8.00
0.00
0.00
0.00
0.00
0.00
0.00
0.00
0.00
31.00
0.00
0.00
0.00
0.00
0.00
0.00
0.00
0.00
0.00
0.00
0.00
0.00
77.00
0.00
0.00
0.00
0.00
0.00
0.00
0.00
0.00
0.00
0.00
0.00
0.00
0.00
0.00
0.00
0.00
0.00
0.00
0.00
0.00
0.00
0.00
0.00
0.00
0.00
0.00
0.00
0.00
0.00
0.00
0.00
0.00
0.00
0.00
0.00
0.00
219.00
12.00
40.00
18.00
71.00
8.00
5.00
12.00
0.00
0.00
0.00
0.00
0.00
0.00
0.00
0.00
0.00
0.00
393.00
266.00
0.00
0.00
0.00
0.00
0.00
0.00
0.00
0.00
0.00
0.00
0.00
0.00
0.00
48.00
11.00
0.00
0.00
28.00
0.00
0.00
0.00
0.00
0.00
0.00
0.00
12.00
0.00
0.00
0.00
399.00
791.00
170.00
434.00
0.00
3.00
1.00
0.00
234.00
1.00
81.00
68.00
182.00
0.00
81.00
51.00
192.00
90.00
6.00
0.00
0.00
2.00
1.00
123.00
119.00
0.00
2.00
213.00
0.00
23.00
3.00
65.00
3.00
148.00
54.00
348.00
0.00
165.00
0.00
247.00
325.00
95.00
188.00
148.00
230.00
0.00
7.00
0.00
164.00
0.00
0.00
0.00
22.00
4.00
2.00
32.00
161.00
176.00
499.00
224.00
34.00
183.00
1.00
52.00
24.00
10.00
0.00
60.00
13.00
105.00
6.00
0.00
7.00
86.00
80.00
1.00
88.00
327.00
630.00
292.00
13.00
211.00
88.00
36.00
26.00
76.00
194.00
694.00
214.00
23.00
61.00
20.00
4.00
181.00
378.00
527.00
446.00
315.00
207.00
1.00
0.00
62.00
13.00
4.00
0.00
9.00
54.00
104.00
108.00
37.00
122.00
15.00
8.00
2.00
290.00
66.00
6.00
131.00
211.00
378.00
45.00
457.00
311.00
133.00
181.00
96.00
118.00
172.00
1.00
5.00
47.00
34.00
216.00
30.00
64.00
21.00
180.00
195.00
95.00
44.00
912.00
11.00
14.00
1.00
4.00
39.00
13.00
16.00
169.00
354.00
166.00
211.00
21.00
90.00
9.00
13.00
2.00
31.00
624.00
333.00
229.00
22.00
0.00
0.00
0.00
31.00
1173.00
945.00
1111.00
267.00
7.00
0.00
1.00
0.00
1.00
29.00
34.00
0.00
0.00
49.00
48.00
34.00
8.00
0.00
8.00
24.00
0.00
0.00
0.00
0.00
0.00
0.00
0.00
0.00
0.00
0.00
16.00
21.00
46.00
72.00
0.00
0.00
0.00
0.00
0.00
0.00
0.00
0.00
0.00
0.00
0.00
0.00
0.00
2.00
1.00
13.00
51.00
0.00
0.00
0.00
0.00
0.00
0.00
0.00
0.00
0.00
0.00
0.00
0.00
0.00
0.00
0.00
0.00
0.00
0.00
0.00
0.00
0.00
0.00
0.00
3.00
0.00
0.00
0.00
0.00
0.00
0.00
0.00
0.00
0.00
0.00
0.00
25.00
0.00
0.00
0.00
0.00
0.00
0.00
0.00
0.00
0.00
0.00
0.00
59.00
296.00
0.00
0.00
0.00
0.00
0.00
0.00
0.00
0.00
0.00
0.00
0.00
0.00
0.00
0.00
0.00
0.00
0.00
0.00
0.00
0.00
0.00
0.00
0.00
0.00
0.00
0.00
0.00
0.00
0.00
0.00
0.00
0.00
0.00
0.00
0.00
0.00
0.00
0.00
0.00
0.00
0.00
0.00
0.00
0.00
1.00
0.00
0.00
0.00
0.00
0.00
0.00
17.00
0.00
0.00
0.00
0.00
0.00
0.00
0.00
10.00
0.00
0.00
0.00
0.00
0.00
0.00
0.00
2.20
21.40
3.60
53.30
4.50
0.00
0.00
0.00
0.00
0.00
0.00
0.00
0.00
0.00
0.00
0.00
0.00
0.00
0.00
0.00
0.00
0.00
0.40
0.10
0.00
6.80
7.80
0.00
0.00
0.00
2.80
1.70
0.00
12.60
15.50
173.20
4.50
29.70
0.00
8.50
6.80
21.30
1.10
2.00
43.90
0.00
0.10
0.00
0.00
0.00
20.40
7.70
0.00
0.00
0.00
0.00
23.50
0.40
0.00
0.00
0.00
0.00
5.40
39.00
20.60
10.90
10.90
9.90
64.50
52.60
4.10
1.00
62.90
37.60
42.10
60.60
61.90
22.60
36.20
1.70
6.50
0.00
50.30
23.60
0.20
0.20
23.00
37.70
37.70
8.10
2.70
22.00
7.30
3.70
23.40
33.90
8.00
2.00
4.70
54.40
2.90
0.00
4.30
1.50
0.00
4.00
0.00
0.00
0.00
7.20
18.80
2.40
75.20
0.10
0.00
10.40
21.90
18.30
0.00
2.40
12.90
104.80
143.80
168.50
94.30
0.20
6.90
1.00
2.20
0.60
7.70
4.60
11.70
9.70
117.70
197.50
197.50
104.50
104.50
74.40
16.90
16.90
12.30
0.80
16.90
16.90
16.90
5.00
43.50
56.40
11.30
5.40
2.80
2.20
2.30
2.60
12.60
9.10
4.30
24.60
1.30
5.60
1.80
3.80
6.00
3.90
18.10
6.30
6.90
47.80
37.40
40.10
31.80
3.00
6.40
0.00
2.20
0.60
2.60
82.10
26.40
25.40
0.70
2.50
3.60
2.10
1.70
10.60
5.40
4.10
5.60
62.80
14.60
1.10
1.90
5.70
1.90
99.60
21.10
4.40
29.20
33.10
25.40
21.30
37.20
10.20
0.10
1.40
0.00
0.40
12.10
30.40
27.20
33.20
0.20
14.90
9.80
0.70
37.00
37.00
30.90
0.00
1.20
0.80
0.50
22.80
12.20
7.10
1.80
0.00
0.00
0.00
0.00
0.70
0.40
0.00
0.00
0.00
0.00
5.20
0.10
0.40
2.10
19.30
110.50
