20160101
0.00
0.00
0.00
0.00
0.00
0.00
0.00
0.00
25.00
0.00
0.00
0.00
7.00
0.00
0.00
0.00
0.00
0.00
4.00
60.00
0.00
0.00
0.00
0.00
0.00
2.00
79.00
0.00
1.00
0.00
0.00
0.00
0.00
0.00
0.00
0.00
0.00
1.00
0.00
0.00
0.00
0.00
0.00
0.00
0.00
0.00
0.00
0.00
0.00
0.00
1.00
2.00
0.00
0.00
0.00
0.00
8.00
117.00
0.00
0.00
0.00
0.00
0.00
0.00
19.00
26.00
0.00
1.00
0.00
0.00
0.00
0.00
0.00
2.00
0.00
0.00
3.00
0.00
0.00
7.00
18.00
0.00
0.00
0.00
0.00
0.00
249.00
200.00
4.00
14.00
195.00
22.00
0.00
0.00
11.00
595.00
30.00
107.00
0.00
7.00
0.00
0.00
0.00
38.00
414.00
130.00
471.00
180.00
139.00
186.00
234.00
51.00
48.00
574.00
18.00
21.00
176.00
125.00
257.00
17.00
235.00
293.00
127.00
86.00
39.00
25.00
83.00
113.00
1.00
189.00
88.00
32.00
84.00
149.00
14.00
314.00
328.00
356.00
186.00
23.00
36.00
344.00
5.00
5.00
50.00
1.00
0.00
0.00
8.00
1.00
3.00
90.00
0.00
0.00
7.00
136.00
15.00
169.00
74.00
25.00
17.00
58.00
20.00
1.00
0.00
76.00
93.00
129.00
46.00
0.00
56.00
139.00
97.00
754.00
226.00
45.00
30.00
24.00
88.00
5.00
54.00
52.00
72.00
46.00
94.00
89.00
5.00
3.00
71.00
88.00
114.00
51.00
33.00
0.00
3.00
19.00
14.00
47.00
55.00
126.00
256.00
489.00
118.00
95.00
50.00
30.00
334.00
17.00
77.00
169.00
22.00
53.00
24.00
19.00
0.00
3.00
246.00
135.00
32.00
12.00
189.00
3.00
2.00
12.00
86.00
57.00
88.00
91.00
30.00
51.00
19.00
0.00
6.00
54.00
0.00
10.00
0.00
150.00
1.00
40.00
77.00
36.00
142.00
143.00
171.00
315.00
6.00
2.00
16.00
73.00
0.00
1.00
0.00
98.00
230.00
28.00
101.00
46.00
74.00
83.00
130.00
79.00
102.00
179.00
18.00
90.00
99.00
5.00
165.00
0.00
51.00
139.00
1.00
54.00
17.00
70.00
0.00
45.00
95.00
1.00
4.00
42.00
147.00
416.00
11.00
9.00
0.00
0.00
0.00
0.00
0.00
0.00
0.00
0.00
0.00
0.00
0.00
0.00
0.00
0.00
187.00
0.00
0.00
6.00
0.00
0.00
0.00
1.00
37.00
158.00
0.00
0.00
0.00
0.00
0.00
0.00
0.00
0.00
0.00
0.00
0.00
0.00
0.00
0.00
0.00
0.00
0.00
0.00
0.00
0.00
0.00
0.00
0.00
0.00
0.00
35.00
0.00
0.00
0.00
0.00
9.00
0.00
0.00
0.00
0.00
0.00
0.00
0.00
0.00
0.00
0.00
0.00
0.00
0.00
0.00
0.00
0.00
0.00
0.00
0.00
0.00
0.00
0.00
0.00
0.00
0.00
0.00
0.00
0.00
78.00
1.00
0.00
0.00
0.00
0.00
10.00
0.00
0.00
0.00
0.00
0.00
0.00
0.00
0.00
0.00
0.00
0.00
0.00
0.00
0.00
0.00
0.00
13.00
0.00
0.00
0.00
0.00
0.00
0.00
0.00
0.00
0.00
0.00
0.00
0.00
0.00
0.00
0.00
0.00
0.00
0.00
0.00
0.00
1.00
0.00
0.00
0.00
23.00
1.00
0.00
0.00
0.00
0.00
0.00
0.00
0.00
0.00
0.00
0.00
55.00
0.00
0.00
71.00
0.00
276.00
1.00
0.00
0.00
0.00
0.00
0.00
16.00
314.00
30.00
113.00
0.00
0.00
0.00
0.00
119.00
23.00
13.00
4.00
120.00
155.00
392.00
626.00
708.00
1305.00
263.00
11.00
0.00
77.00
39.00
2.00
0.00
0.00
0.00
22.00
50.00
309.00
0.00
0.00
0.00
258.00
95.00
103.00
10.00
0.00
11.00
72.00
147.00
10.00
100.00
16.00
348.00
13.00
0.00
31.00
60.00
295.00
691.00
1.00
65.00
27.00
0.00
39.00
46.00
21.00
40.00
161.00
15.00
0.00
99.00
60.00
109.00
34.00
87.00
23.00
144.00
355.00
156.00
1.00
48.00
75.00
281.00
40.00
69.00
290.00
79.00
0.00
13.00
1.00
44.00
18.00
204.00
226.00
79.00
267.00
106.00
223.00
0.00
749.00
320.00
122.00
141.00
3.00
110.00
440.00
45.00
239.00
10.00
45.00
23.00
46.00
17.00
538.00
138.00
10.00
30.00
242.00
72.00
57.00
8.00
27.00
82.00
80.00
41.00
61.00
2.00
18.00
295.00
37.00
18.00
67.00
116.00
0.00
93.00
52.00
252.00
3.00
37.00
8.00
16.00
22.00
107.00
61.00
12.00
22.00
5.00
51.00
124.00
41.00
10.00
59.00
40.00
91.00
756.00
961.00
947.00
553.00
103.00
70.00
2.00
236.00
121.00
0.00
46.00
67.00
68.00
10.00
0.00
50.00
198.00
33.00
56.00
0.00
17.00
37.00
45.00
456.00
345.00
3.00
6.00
0.00
3.00
71.00
300.00
96.00
7.00
0.00
24.00
25.00
0.00
0.00
218.00
52.00
260.00
79.00
17.00
16.00
64.00
118.00
12.00
10.00
43.00
131.00
106.00
370.00
33.00
0.00
3.00
48.00
12.00
42.00
0.00
8.00
2.00
84.00
21.00
5.00
55.00
105.00
12.00
0.00
0.00
3.00
169.00
452.00
1424.00
0.00
0.00
0.00
0.00
0.00
0.00
0.00
5.00
324.00
1.00
0.00
1.00
0.00
25.00
0.00
0.00
0.00
0.00
0.00
0.00
0.00
0.00
0.00
1.00
298.00
57.00
9.00
0.00
0.00
0.00
0.00
0.00
0.00
0.00
0.00
0.00
0.00
0.00
0.00
0.00
0.00
0.00
0.00
0.00
0.00
0.00
3.00
0.00
166.00
152.00
0.00
0.00
0.00
0.00
0.00
0.00
0.00
0.00
16.00
4.00
0.00
0.00
0.00
0.00
0.00
0.00
0.00
0.00
0.00
0.00
3.00
194.00
0.00
0.00
0.00
0.00
0.00
0.00
0.00
0.00
0.00
0.00
0.00
0.00
0.00
0.00
0.00
0.00
0.00
0.00
0.00
0.00
0.00
0.00
0.00
0.00
0.00
0.00
0.00
0.00
0.00
0.00
0.00
0.00
0.00
0.00
7.00
7.00
40.00
2.00
0.00
13.00
19.00
1.00
0.00
10.00
0.00
0.00
0.00
0.00
0.00
0.00
0.00
0.00
0.00
0.00
356.00
258.00
0.00
0.00
0.00
0.00
0.00
0.00
0.00
0.00
0.00
0.00
0.00
0.00
2.00
22.00
16.00
0.00
1.00
14.00
1.00
0.00
0.00
0.00
0.00
0.00
0.00
0.00
0.00
7.00
1.00
7.00
228.00
291.00
192.00
133.00
10.00
52.00
1.00
144.00
1.00
42.00
26.00
8.00
103.00
123.00
56.00
163.00
21.00
3.00
193.00
74.00
12.00
0.00
74.00
38.00
3.00
0.00
12.00
5.00
34.00
1.00
453.00
20.00
201.00
141.00
57.00
42.00
28.00
0.00
115.00
147.00
62.00
324.00
130.00
111.00
96.00
25.00
0.00
67.00
0.00
0.00
0.00
0.00
0.00
0.00
0.00
8.00
295.00
458.00
391.00
16.00
102.00
0.00
17.00
29.00
0.00
0.00
0.00
47.00
43.00
14.00
37.00
11.00
78.00
84.00
9.00
743.00
521.00
744.00
134.00
0.00
370.00
0.00
24.00
0.00
10.00
47.00
111.00
157.00
17.00
30.00
24.00
0.00
1.00
12.00
170.00
254.00
373.00
596.00
12.00
0.00
12.00
10.00
2.00
0.00
71.00
41.00
12.00
122.00
40.00
90.00
22.00
3.00
0.00
187.00
65.00
7.00
35.00
56.00
72.00
47.00
29.00
50.00
32.00
34.00
100.00
85.00
8.00
2.00
0.00
177.00
36.00
340.00
74.00
79.00
3.00
24.00
238.00
34.00
12.00
71.00
246.00
44.00
2.00
36.00
63.00
0.00
24.00
16.00
135.00
89.00
145.00
3.00
21.00
0.00
0.00
10.00
15.00
63.00
24.00
130.00
0.00
0.00
0.00
1.00
39.00
176.00
139.00
178.00
100.00
1.00
50.00
2.00
41.00
12.00
6.00
15.00
4.00
0.00
32.00
40.00
5.00
5.00
2.00
0.00
0.00
0.00
0.00
0.00
0.00
0.00
0.00
0.00
0.00
0.00
0.00
13.00
14.00
42.00
148.00
0.00
0.00
0.00
0.00
0.00
0.00
0.00
0.00
0.00
0.00
0.00
0.00
0.00
0.00
21.00
0.00
9.00
0.00
0.00
0.00
0.00
0.00
0.00
0.00
0.00
0.00
0.00
0.00
0.00
0.00
0.00
0.00
0.00
0.00
0.00
0.00
0.00
0.00
0.00
0.00
0.00
0.00
0.00
0.00
0.00
2.00
0.00
0.00
0.00
0.00
0.00
0.00
0.00
0.00
0.00
0.00
0.00
0.00
0.00
0.00
0.00
0.00
0.00
0.00
113.00
157.00
0.00
0.00
0.00
0.00
0.00
0.00
0.00
0.00
0.00
0.00
0.00
0.00
0.00
0.00
0.00
0.00
0.00
0.00
0.00
0.00
0.00
0.00
0.00
0.00
0.00
0.00
0.00
0.00
0.00
0.00
0.00
0.00
0.00
0.00
0.00
0.00
0.00
0.00
1.00
1.00
0.00
0.00
0.00
0.00
0.00
0.00
0.00
0.00
0.00
0.00
0.00
9.00
1.00
1.00
0.00
0.00
2.00
0.00
0.00
20.00
0.00
0.00
0.00
0.00
0.00
0.00
0.00
0.20
23.60
4.10
64.30
25.10
0.00
0.00
0.10
0.00
0.00
0.00
0.00
0.00
0.00
0.00
0.00
0.00
0.00
0.10
2.60
0.00
0.00
7.20
0.30
0.00
0.00
3.40
0.00
0.00
0.00
1.20
14.30
0.00
0.00
0.00
190.20
15.70
52.20
0.00
7.90
15.70
25.70
5.50
2.60
33.90
0.10
0.00
0.00
0.20
4.00
22.40
24.00
2.40
0.00
0.00
6.00
9.00
3.00
2.50
6.80
0.00
0.00
0.00
7.00
13.00
15.80
15.80
1.70
19.70
106.20
0.30
0.00
23.00
31.90
17.20
52.00
25.70
21.90
16.50
3.50
2.20
1.00
16.70
15.00
0.00
0.00
10.10
16.30
16.30
3.70
3.80
7.40
1.70
0.00
0.00
7.90
4.30
1.40
0.30
19.30
13.90
0.00
0.00
1.50
0.70
11.40
0.00
1.00
0.40
9.00
21.90
1.00
35.50
17.30
0.40
15.40
5.30
4.60
1.50
0.00
0.80
19.50
90.30
124.10
142.70
0.20
3.30
8.90
2.20
0.20
14.00
16.40
14.60
7.60
46.10
120.40
120.40
95.30
95.30
15.50
1.20
1.20
2.50
0.10
1.20
1.20
1.20
0.50
12.30
16.70
0.80
7.40
9.90
3.90
5.60
0.30
17.20
5.80
1.30
17.20
2.70
0.40
0.00
7.30
20.20
2.00
0.10
2.80
0.30
12.30
0.30
2.40
2.70
0.40
0.30
0.00
0.40
0.70
0.50
14.20
9.50
14.80
2.70
0.00
6.90
0.80
0.10
8.10
5.70
0.10
6.30
7.00
8.20
0.60
8.50
16.20
0.40
6.20
6.20
8.50
16.40
27.70
10.60
4.40
1.70
1.90
0.50
1.30
3.50
0.20
6.10
11.60
2.30
17.70
0.40
12.50
12.90
12.70
12.50
12.50
40.90
13.80
0.20
1.00
4.90
3.10
4.30
0.40
0.10
0.00
0.00
0.00
1.20
0.00
0.00
0.10
0.20
4.40
0.20
2.60
0.00
0.30
1.80
20.20
109.10
