20160101
0.00
0.00
0.00
0.00
0.00
0.00
0.00
0.00
74.00
0.00
0.00
0.00
4.00
0.00
0.00
0.00
0.00
0.00
0.00
64.00
0.00
0.00
0.00
1.00
0.00
20.00
209.00
0.00
0.00
0.00
0.00
0.00
0.00
0.00
0.00
0.00
2.00
1.00
10.00
2.00
0.00
0.00
0.00
0.00
0.00
0.00
0.00
0.00
0.00
0.00
3.00
2.00
0.00
0.00
0.00
0.00
10.00
3.00
0.00
0.00
24.00
2.00
173.00
425.00
0.00
2.00
0.00
23.00
0.00
0.00
0.00
0.00
0.00
5.00
9.00
1.00
0.00
0.00
0.00
0.00
3.00
0.00
0.00
0.00
0.00
0.00
139.00
237.00
6.00
32.00
271.00
11.00
0.00
0.00
47.00
121.00
6.00
80.00
3.00
21.00
0.00
12.00
0.00
0.00
216.00
9.00
204.00
258.00
61.00
109.00
92.00
18.00
1.00
84.00
5.00
0.00
150.00
74.00
207.00
65.00
154.00
56.00
112.00
20.00
16.00
0.00
19.00
16.00
25.00
1.00
35.00
185.00
30.00
109.00
29.00
206.00
342.00
393.00
55.00
35.00
48.00
481.00
0.00
0.00
185.00
26.00
162.00
51.00
23.00
53.00
20.00
170.00
19.00
29.00
7.00
262.00
62.00
140.00
40.00
25.00
35.00
66.00
48.00
1.00
24.00
0.00
47.00
166.00
201.00
3.00
13.00
28.00
50.00
143.00
27.00
13.00
72.00
98.00
247.00
48.00
30.00
95.00
3.00
126.00
138.00
20.00
27.00
29.00
89.00
71.00
278.00
76.00
127.00
2.00
1.00
11.00
13.00
39.00
99.00
20.00
59.00
22.00
74.00
66.00
107.00
61.00
287.00
52.00
105.00
77.00
11.00
120.00
15.00
0.00
0.00
54.00
584.00
165.00
19.00
1.00
287.00
32.00
26.00
4.00
52.00
78.00
176.00
215.00
176.00
50.00
35.00
1.00
11.00
45.00
0.00
3.00
2.00
215.00
118.00
25.00
131.00
25.00
234.00
126.00
28.00
44.00
88.00
41.00
38.00
168.00
3.00
28.00
77.00
115.00
86.00
42.00
36.00
3.00
156.00
8.00
105.00
172.00
185.00
258.00
157.00
163.00
98.00
38.00
149.00
99.00
2.00
26.00
33.00
236.00
7.00
11.00
0.00
1.00
4.00
39.00
164.00
70.00
53.00
31.00
19.00
156.00
0.00
0.00
0.00
0.00
0.00
0.00
0.00
0.00
0.00
0.00
0.00
0.00
0.00
0.00
120.00
0.00
0.00
0.00
0.00
0.00
0.00
13.00
34.00
264.00
68.00
2.00
0.00
0.00
0.00
0.00
0.00
0.00
0.00
0.00
0.00
0.00
0.00
0.00
0.00
0.00
0.00
0.00
0.00
0.00
0.00
0.00
0.00
0.00
0.00
0.00
0.00
0.00
0.00
0.00
0.00
0.00
0.00
0.00
0.00
0.00
0.00
0.00
0.00
1.00
0.00
0.00
0.00
0.00
0.00
0.00
0.00
0.00
0.00
0.00
75.00
0.00
0.00
0.00
0.00
0.00
0.00
0.00
0.00
16.00
0.00
0.00
0.00
0.00
0.00
213.00
0.00
0.00
0.00
0.00
0.00
0.00
0.00
0.00
0.00
0.00
0.00
0.00
0.00
0.00
0.00
0.00
12.00
2.00
0.00
0.00
0.00
0.00
0.00
0.00
0.00
0.00
0.00
0.00
0.00
0.00
0.00
0.00
0.00
0.00
0.00
0.00
0.00
0.00
0.00
0.00
0.00
69.00
0.00
0.00
0.00
0.00
0.00
0.00
0.00
0.00
0.00
0.00
15.00
15.00
0.00
0.00
123.00
0.00
175.00
10.00
0.00
0.00
0.00
0.00
0.00
21.00
92.00
18.00
142.00
0.00
0.00
0.00
0.00
59.00
100.00
0.00
84.00
95.00
98.00
94.00
270.00
371.00
983.00
218.00
0.00
12.00
8.00
3.00
15.00
0.00
0.00
0.00
5.00
5.00
130.00
1.00
0.00
0.00
89.00
17.00
14.00
12.00
0.00
12.00
28.00
63.00
4.00
82.00
1.00
200.00
6.00
0.00
7.00
16.00
133.00
124.00
1.00
15.00
121.00
17.00
28.00
0.00
159.00
41.00
56.00
23.00
29.00
52.00
41.00
76.00
79.00
39.00
8.00
77.00
220.00
389.00
9.00
3.00
148.00
601.00
4.00
125.00
226.00
31.00
0.00
25.00
8.00
0.00
88.00
167.00
192.00
435.00
396.00
122.00
26.00
1.00
148.00
956.00
95.00
111.00
1.00
80.00
121.00
40.00
153.00
75.00
151.00
119.00
35.00
63.00
228.00
36.00
0.00
6.00
60.00
228.00
15.00
5.00
111.00
149.00
236.00
83.00
32.00
0.00
0.00
88.00
80.00
12.00
122.00
374.00
32.00
410.00
582.00
86.00
31.00
109.00
33.00
36.00
95.00
83.00
116.00
52.00
8.00
51.00
196.00
133.00
67.00
37.00
8.00
24.00
15.00
392.00
548.00
574.00
68.00
10.00
23.00
4.00
327.00
190.00
31.00
202.00
75.00
11.00
0.00
0.00
64.00
298.00
46.00
137.00
31.00
56.00
53.00
50.00
1.00
224.00
10.00
20.00
28.00
80.00
83.00
6.00
54.00
27.00
14.00
6.00
1.00
1.00
0.00
174.00
22.00
25.00
152.00
31.00
6.00
369.00
414.00
1.00
138.00
73.00
334.00
77.00
211.00
46.00
202.00
121.00
0.00
13.00
79.00
9.00
174.00
31.00
0.00
6.00
148.00
30.00
26.00
38.00
0.00
20.00
2.00
47.00
462.00
1109.00
0.00
0.00
0.00
0.00
0.00
0.00
0.00
15.00
386.00
0.00
0.00
0.00
0.00
0.00
0.00
0.00
0.00
0.00
0.00
0.00
0.00
0.00
0.00
0.00
181.00
33.00
1.00
0.00
0.00
0.00
0.00
0.00
0.00
0.00
0.00
0.00
0.00
0.00
0.00
0.00
0.00
0.00
0.00
0.00
0.00
0.00
2.00
7.00
27.00
0.00
0.00
0.00
0.00
0.00
0.00
0.00
0.00
0.00
1.00
0.00
0.00
0.00
0.00
0.00
0.00
0.00
0.00
0.00
0.00
0.00
0.00
148.00
2.00
267.00
0.00
0.00
0.00
0.00
0.00
0.00
0.00
0.00
7.00
0.00
0.00
0.00
0.00
0.00
0.00
0.00
0.00
0.00
0.00
0.00
0.00
0.00
0.00
0.00
0.00
0.00
0.00
0.00
0.00
0.00
0.00
0.00
0.00
1.00
9.00
13.00
0.00
15.00
3.00
0.00
1.00
169.00
0.00
0.00
0.00
0.00
0.00
0.00
0.00
0.00
0.00
0.00
170.00
550.00
0.00
0.00
0.00
37.00
0.00
0.00
47.00
4.00
0.00
0.00
0.00
0.00
121.00
6.00
5.00
0.00
1.00
2.00
0.00
0.00
0.00
0.00
0.00
0.00
0.00
0.00
0.00
12.00
7.00
0.00
97.00
263.00
48.00
0.00
4.00
24.00
45.00
72.00
3.00
17.00
22.00
115.00
19.00
63.00
39.00
183.00
34.00
171.00
82.00
88.00
31.00
46.00
53.00
16.00
10.00
21.00
0.00
220.00
29.00
39.00
200.00
40.00
177.00
180.00
264.00
8.00
35.00
8.00
54.00
154.00
21.00
465.00
193.00
17.00
18.00
0.00
7.00
89.00
0.00
0.00
0.00
0.00
0.00
0.00
0.00
27.00
39.00
332.00
35.00
27.00
29.00
0.00
26.00
6.00
31.00
45.00
15.00
22.00
98.00
142.00
0.00
58.00
6.00
290.00
201.00
506.00
426.00
530.00
90.00
14.00
40.00
0.00
10.00
0.00
66.00
5.00
15.00
1.00
38.00
48.00
83.00
26.00
5.00
8.00
25.00
82.00
186.00
84.00
12.00
6.00
89.00
0.00
0.00
0.00
295.00
79.00
29.00
111.00
84.00
110.00
4.00
8.00
10.00
243.00
132.00
51.00
42.00
134.00
95.00
0.00
15.00
46.00
17.00
173.00
215.00
213.00
0.00
5.00
19.00
822.00
13.00
170.00
73.00
34.00
21.00
127.00
110.00
53.00
55.00
99.00
388.00
24.00
14.00
27.00
82.00
5.00
0.00
12.00
15.00
52.00
154.00
3.00
103.00
4.00
0.00
153.00
123.00
2.00
20.00
291.00
17.00
1.00
0.00
11.00
107.00
105.00
75.00
30.00
61.00
23.00
0.00
0.00
5.00
0.00
108.00
97.00
87.00
30.00
23.00
41.00
42.00
6.00
3.00
114.00
0.00
0.00
0.00
0.00
0.00
0.00
2.00
6.00
25.00
17.00
0.00
19.00
59.00
71.00
22.00
0.00
0.00
0.00
0.00
0.00
0.00
0.00
0.00
0.00
0.00
12.00
0.00
0.00
0.00
9.00
2.00
12.00
0.00
0.00
164.00
17.00
0.00
0.00
0.00
0.00
0.00
0.00
0.00
0.00
0.00
0.00
0.00
0.00
0.00
0.00
0.00
0.00
0.00
0.00
0.00
0.00
0.00
0.00
0.00
0.00
0.00
0.00
0.00
0.00
0.00
0.00
0.00
3.00
0.00
0.00
0.00
0.00
0.00
0.00
0.00
0.00
0.00
0.00
20.00
456.00
605.00
0.00
0.00
0.00
0.00
0.00
0.00
0.00
0.00
0.00
0.00
0.00
0.00
0.00
0.00
0.00
0.00
0.00
0.00
0.00
0.00
0.00
0.00
0.00
0.00
0.00
0.00
0.00
0.00
0.00
0.00
0.00
0.00
0.00
0.00
0.00
0.00
0.00
0.00
0.00
0.00
1.00
5.00
0.00
0.00
1.00
0.00
0.00
0.00
0.00
0.00
0.00
30.00
16.00
0.00
0.00
0.00
6.00
2.00
0.00
26.00
27.00
5.00
0.00
0.00
0.00
0.00
0.00
0.00
21.00
4.00
48.80
77.20
0.00
0.00
0.00
1.30
2.80
0.00
0.00
0.00
0.00
0.00
0.00
0.00
0.00
0.10
1.80
4.80
0.80
20.60
27.70
0.00
0.00
17.40
0.00
0.00
0.00
9.70
50.20
0.00
0.00
0.80
91.50
20.40
42.80
0.90
5.00
9.30
21.40
10.30
5.30
9.30
0.00
0.00
0.10
5.10
6.80
4.60
7.60
12.20
3.40
1.60
19.20
2.40
3.50
0.00
0.00
1.40
16.50
2.00
9.10
2.20
8.00
8.00
0.40
27.60
102.30
0.10
0.00
29.20
6.60
4.60
27.40
37.80
17.20
6.50
2.20
6.50
9.00
9.30
6.00
0.00
0.00
9.20
11.00
11.00
1.60
1.60
0.80
12.50
2.90
8.60
4.60
11.00
0.30
93.50
7.90
5.20
0.10
0.90
6.60
0.20
2.50
0.10
0.50
14.60
0.90
6.30
1.10
9.80
6.30
0.10
4.40
5.50
18.10
0.40
0.60
3.30
1.50
45.90
29.30
15.00
0.00
0.70
10.30
1.90
0.90
72.20
53.20
42.50
31.60
13.20
46.70
46.70
33.60
33.60
14.30
1.70
1.70
0.50
0.00
1.70
1.70
1.70
6.00
6.90
4.40
10.70
24.70
47.20
12.70
10.10
0.00
15.60
9.60
8.70
21.10
1.50
9.00
0.30
4.70
31.30
6.90
1.90
1.70
0.20
19.80
5.00
0.40
0.00
4.90
0.10
0.00
2.60
0.40
0.20
19.20
10.80
1.80
6.20
13.70
15.60
3.30
0.00
1.80
3.00
0.30
3.50
14.10
10.20
6.10
4.00
18.50
0.50
1.40
2.00
0.70
15.50
7.10
2.10
2.70
0.50
0.00
6.90
0.80
1.30
2.10
9.60
20.90
25.30
12.20
2.90
0.00
7.70
10.40
8.00
8.00
10.60
3.10
7.00
9.30
5.10
1.00
23.80
5.70
1.10
0.00
0.00
0.00
0.00
0.60
2.20
0.00
0.00
2.70
5.00
4.80
0.70
0.20
2.30
5.50
29.40
