20160101
0.00
0.00
0.00
0.00
0.00
0.00
0.00
0.00
44.00
0.00
0.00
0.00
5.00
0.00
0.00
0.00
0.00
0.00
0.00
19.00
0.00
0.00
0.00
0.00
0.00
0.00
0.00
0.00
0.00
0.00
0.00
0.00
0.00
0.00
0.00
0.00
0.00
2.00
0.00
7.00
0.00
0.00
0.00
0.00
0.00
0.00
0.00
0.00
0.00
0.00
0.00
1.00
0.00
7.00
76.00
0.00
3.00
29.00
11.00
0.00
0.00
0.00
0.00
4.00
0.00
26.00
0.00
0.00
0.00
0.00
0.00
0.00
28.00
0.00
0.00
1.00
0.00
0.00
0.00
0.00
1.00
0.00
29.00
0.00
0.00
0.00
0.00
262.00
23.00
81.00
77.00
13.00
4.00
40.00
7.00
155.00
261.00
32.00
83.00
0.00
0.00
4.00
3.00
27.00
168.00
120.00
322.00
113.00
73.00
248.00
26.00
0.00
4.00
464.00
338.00
1.00
73.00
93.00
156.00
24.00
131.00
25.00
10.00
0.00
6.00
36.00
5.00
14.00
2.00
1.00
0.00
95.00
60.00
144.00
25.00
137.00
634.00
666.00
113.00
23.00
103.00
382.00
0.00
0.00
40.00
15.00
0.00
11.00
12.00
7.00
0.00
20.00
4.00
0.00
0.00
123.00
21.00
63.00
78.00
30.00
84.00
108.00
76.00
3.00
1.00
3.00
44.00
74.00
334.00
75.00
0.00
16.00
1.00
7.00
0.00
54.00
33.00
1.00
0.00
32.00
47.00
61.00
244.00
252.00
422.00
57.00
5.00
6.00
10.00
10.00
3.00
24.00
71.00
50.00
20.00
40.00
97.00
37.00
0.00
9.00
21.00
28.00
14.00
56.00
56.00
19.00
179.00
16.00
40.00
25.00
44.00
34.00
65.00
12.00
12.00
0.00
8.00
38.00
132.00
78.00
28.00
7.00
15.00
51.00
36.00
11.00
47.00
35.00
14.00
1.00
3.00
3.00
281.00
71.00
0.00
68.00
11.00
238.00
0.00
49.00
8.00
43.00
262.00
49.00
3.00
0.00
9.00
1.00
0.00
0.00
24.00
1.00
15.00
0.00
4.00
125.00
5.00
1.00
5.00
19.00
53.00
93.00
122.00
9.00
43.00
41.00
55.00
1.00
45.00
2.00
24.00
34.00
3.00
11.00
120.00
0.00
0.00
0.00
0.00
1.00
41.00
11.00
180.00
56.00
2.00
66.00
4.00
0.00
0.00
0.00
0.00
0.00
0.00
0.00
0.00
0.00
0.00
0.00
0.00
0.00
35.00
40.00
56.00
0.00
0.00
0.00
0.00
70.00
85.00
211.00
130.00
18.00
0.00
0.00
0.00
0.00
0.00
0.00
0.00
2.00
0.00
0.00
0.00
0.00
0.00
1.00
0.00
0.00
0.00
0.00
0.00
0.00
0.00
0.00
0.00
40.00
0.00
0.00
0.00
0.00
0.00
0.00
0.00
0.00
0.00
0.00
0.00
0.00
0.00
0.00
0.00
0.00
0.00
0.00
0.00
0.00
0.00
0.00
0.00
0.00
50.00
0.00
0.00
0.00
0.00
0.00
0.00
0.00
0.00
13.00
0.00
0.00
0.00
0.00
0.00
0.00
0.00
0.00
0.00
0.00
0.00
0.00
0.00
0.00
0.00
0.00
0.00
0.00
0.00
0.00
0.00
0.00
6.00
0.00
0.00
0.00
0.00
0.00
0.00
0.00
0.00
0.00
0.00
0.00
0.00
0.00
0.00
0.00
0.00
0.00
0.00
0.00
0.00
0.00
0.00
0.00
31.00
15.00
282.00
0.00
0.00
0.00
0.00
0.00
0.00
0.00
0.00
0.00
26.00
78.00
0.00
0.00
105.00
8.00
204.00
54.00
5.00
0.00
0.00
0.00
0.00
26.00
194.00
27.00
97.00
0.00
0.00
0.00
3.00
21.00
20.00
0.00
9.00
194.00
282.00
274.00
673.00
661.00
401.00
163.00
0.00
0.00
16.00
135.00
35.00
0.00
0.00
0.00
0.00
0.00
74.00
2.00
4.00
5.00
132.00
6.00
40.00
13.00
0.00
1.00
82.00
126.00
68.00
129.00
14.00
158.00
59.00
0.00
0.00
1.00
186.00
101.00
6.00
1.00
9.00
2.00
0.00
0.00
6.00
25.00
48.00
17.00
0.00
2.00
43.00
10.00
3.00
8.00
0.00
198.00
43.00
87.00
27.00
1.00
140.00
659.00
66.00
107.00
111.00
171.00
32.00
0.00
0.00
110.00
148.00
286.00
102.00
318.00
216.00
54.00
0.00
1.00
275.00
76.00
49.00
44.00
1.00
15.00
44.00
78.00
0.00
0.00
213.00
115.00
71.00
22.00
107.00
61.00
53.00
55.00
42.00
6.00
2.00
65.00
154.00
154.00
39.00
142.00
25.00
35.00
221.00
30.00
37.00
0.00
43.00
72.00
20.00
35.00
107.00
38.00
1.00
4.00
26.00
19.00
42.00
19.00
3.00
4.00
16.00
22.00
156.00
20.00
13.00
37.00
77.00
16.00
2.00
20.00
144.00
79.00
2.00
37.00
15.00
15.00
13.00
3.00
0.00
2.00
8.00
20.00
0.00
13.00
479.00
68.00
16.00
4.00
52.00
55.00
17.00
27.00
5.00
5.00
46.00
11.00
0.00
6.00
4.00
0.00
53.00
104.00
0.00
5.00
42.00
29.00
0.00
300.00
38.00
74.00
88.00
0.00
7.00
5.00
11.00
1.00
65.00
13.00
128.00
145.00
42.00
11.00
4.00
4.00
1.00
0.00
24.00
0.00
5.00
25.00
3.00
0.00
61.00
19.00
7.00
0.00
0.00
16.00
14.00
40.00
172.00
576.00
0.00
11.00
5.00
0.00
0.00
0.00
4.00
931.00
737.00
9.00
0.00
0.00
0.00
0.00
0.00
0.00
0.00
14.00
0.00
0.00
0.00
2.00
0.00
8.00
311.00
0.00
9.00
7.00
0.00
0.00
0.00
0.00
0.00
0.00
0.00
0.00
0.00
0.00
0.00
0.00
0.00
0.00
0.00
0.00
0.00
3.00
4.00
86.00
200.00
231.00
0.00
0.00
0.00
0.00
0.00
0.00
0.00
0.00
103.00
0.00
0.00
0.00
0.00
0.00
0.00
0.00
0.00
0.00
0.00
0.00
20.00
57.00
32.00
9.00
0.00
0.00
0.00
0.00
0.00
0.00
0.00
0.00
0.00
0.00
12.00
0.00
0.00
0.00
0.00
0.00
0.00
0.00
0.00
0.00
0.00
0.00
0.00
0.00
0.00
0.00
0.00
0.00
0.00
0.00
0.00
0.00
48.00
0.00
1.00
2.00
0.00
0.00
0.00
0.00
0.00
0.00
0.00
0.00
0.00
0.00
0.00
0.00
0.00
0.00
0.00
1.00
9.00
875.00
0.00
0.00
0.00
0.00
0.00
0.00
44.00
0.00
0.00
0.00
0.00
0.00
0.00
94.00
138.00
0.00
163.00
186.00
145.00
0.00
0.00
0.00
0.00
0.00
0.00
0.00
0.00
70.00
17.00
0.00
60.00
47.00
0.00
1.00
11.00
105.00
105.00
2.00
2.00
2.00
127.00
15.00
13.00
59.00
252.00
2.00
32.00
12.00
0.00
47.00
127.00
0.00
6.00
107.00
2.00
0.00
0.00
24.00
1.00
0.00
81.00
59.00
41.00
4.00
356.00
10.00
185.00
27.00
82.00
83.00
69.00
619.00
340.00
7.00
63.00
32.00
0.00
16.00
1.00
0.00
0.00
0.00
0.00
0.00
1.00
2.00
41.00
14.00
0.00
32.00
32.00
113.00
0.00
11.00
0.00
26.00
34.00
6.00
51.00
225.00
6.00
37.00
126.00
129.00
136.00
478.00
290.00
221.00
62.00
15.00
0.00
0.00
0.00
11.00
0.00
1.00
7.00
13.00
1.00
64.00
22.00
20.00
16.00
2.00
0.00
7.00
5.00
17.00
5.00
18.00
77.00
80.00
2.00
61.00
54.00
9.00
10.00
2.00
1.00
0.00
15.00
0.00
0.00
27.00
21.00
56.00
101.00
293.00
154.00
3.00
43.00
72.00
91.00
177.00
27.00
58.00
17.00
42.00
45.00
40.00
21.00
6.00
219.00
35.00
73.00
111.00
81.00
52.00
0.00
10.00
13.00
19.00
77.00
2.00
7.00
49.00
3.00
86.00
39.00
10.00
8.00
45.00
1.00
3.00
0.00
6.00
104.00
0.00
5.00
101.00
1.00
0.00
0.00
5.00
31.00
10.00
3.00
44.00
8.00
0.00
8.00
9.00
0.00
3.00
34.00
35.00
8.00
5.00
1.00
1.00
0.00
0.00
0.00
0.00
0.00
0.00
0.00
0.00
0.00
0.00
0.00
0.00
0.00
0.00
0.00
56.00
46.00
252.00
279.00
112.00
0.00
0.00
0.00
0.00
0.00
0.00
0.00
0.00
0.00
0.00
0.00
0.00
432.00
377.00
51.00
59.00
1.00
0.00
0.00
0.00
0.00
0.00
0.00
0.00
0.00
0.00
0.00
0.00
0.00
0.00
0.00
0.00
0.00
0.00
0.00
0.00
0.00
0.00
0.00
0.00
0.00
0.00
0.00
0.00
0.00
0.00
0.00
0.00
0.00
0.00
0.00
0.00
1.00
0.00
0.00
0.00
0.00
36.00
0.00
0.00
0.00
0.00
2.00
55.00
109.00
0.00
0.00
0.00
0.00
0.00
0.00
0.00
0.00
0.00
0.00
0.00
0.00
0.00
0.00
0.00
0.00
0.00
1.00
0.00
0.00
9.00
0.00
0.00
0.00
0.00
0.00
0.00
0.00
0.00
0.00
0.00
0.00
0.00
0.00
0.00
0.00
5.00
5.00
0.00
0.00
0.00
15.00
0.00
0.00
0.00
0.00
0.00
0.00
0.00
0.00
0.00
0.00
0.00
0.00
0.00
0.00
0.00
0.00
0.00
0.00
2.00
0.00
0.00
0.00
0.00
0.00
0.50
0.00
16.80
26.40
10.80
8.50
0.00
0.00
0.00
0.10
1.20
0.20
0.00
0.00
0.00
0.00
0.00
0.00
0.00
0.00
1.00
0.00
0.40
8.20
33.40
0.90
0.00
0.10
0.00
0.00
0.00
2.40
1.70
0.00
0.00
0.00
24.10
51.20
47.20
0.00
82.00
8.20
4.60
18.20
32.80
3.60
0.00
0.00
0.00
0.00
2.80
5.50
0.00
32.40
0.00
7.40
19.40
0.00
4.50
0.00
0.00
0.00
0.00
0.00
5.70
4.90
4.10
4.10
0.70
2.20
10.30
0.00
0.00
0.00
1.90
5.10
1.00
8.10
5.20
0.50
0.50
0.40
0.00
10.50
2.90
0.00
0.00
1.10
0.90
0.90
3.70
1.10
0.00
0.00
0.00
0.00
0.00
2.00
0.10
0.00
7.80
1.50
0.00
1.80
1.10
0.40
4.10
0.00
0.00
0.20
0.00
13.80
11.20
0.00
0.20
3.60
5.40
0.10
27.50
1.40
0.00
2.70
1.00
2.60
9.60
1.20
0.80
0.10
0.10
0.00
0.60
0.50
0.40
17.00
4.70
4.60
7.30
7.30
7.30
7.30
1.50
4.80
4.80
0.30
0.20
4.80
4.80
4.80
15.00
6.00
0.10
2.80
15.90
9.60
4.60
0.00
0.80
5.20
4.70
5.40
2.70
1.60
0.00
4.40
3.80
0.10
8.50
0.10
5.00
1.10
2.90
7.80
1.40
1.30
0.00
0.00
0.90
0.50
1.60
2.60
8.60
10.80
2.00
1.30
0.00
0.50
18.80
0.00
3.40
3.80
0.50
0.60
0.20
0.40
8.30
0.70
3.00
0.50
1.00
9.30
4.80
4.30
0.20
1.00
1.90
2.80
0.70
0.60
1.10
0.10
5.10
23.10
9.80
17.70
9.70
16.70
0.30
3.40
2.40
1.10
1.10
7.20
0.30
0.00
1.30
3.10
9.80
4.70
8.30
0.70
0.00
0.00
0.00
0.10
0.20
0.20
0.20
0.40
0.30
0.20
3.20
0.40
1.20
0.20
0.80
5.90
