20160101
0.00
0.00
0.00
0.00
0.00
0.00
0.00
0.00
2.00
0.00
0.00
0.00
0.00
0.00
0.00
0.00
0.00
0.00
14.00
14.00
0.00
0.00
0.00
0.00
0.00
0.00
0.00
0.00
0.00
0.00
0.00
0.00
0.00
0.00
0.00
0.00
0.00
0.00
4.00
0.00
0.00
0.00
0.00
0.00
0.00
0.00
0.00
0.00
0.00
0.00
5.00
0.00
0.00
0.00
0.00
0.00
1.00
0.00
0.00
0.00
0.00
4.00
2.00
0.00
0.00
0.00
0.00
0.00
0.00
0.00
0.00
0.00
5.00
19.00
4.00
0.00
2.00
0.00
5.00
13.00
5.00
0.00
0.00
0.00
0.00
0.00
416.00
257.00
23.00
28.00
283.00
9.00
0.00
1.00
17.00
878.00
1.00
0.00
0.00
0.00
0.00
0.00
0.00
0.00
183.00
50.00
344.00
594.00
690.00
212.00
472.00
22.00
0.00
40.00
0.00
113.00
327.00
111.00
303.00
55.00
31.00
313.00
2.00
7.00
90.00
67.00
81.00
300.00
1.00
3.00
112.00
105.00
173.00
370.00
191.00
867.00
206.00
380.00
287.00
72.00
85.00
106.00
27.00
14.00
54.00
22.00
0.00
19.00
6.00
13.00
70.00
119.00
95.00
43.00
106.00
22.00
7.00
57.00
4.00
34.00
37.00
25.00
20.00
4.00
0.00
18.00
70.00
456.00
67.00
31.00
9.00
15.00
103.00
169.00
102.00
152.00
39.00
118.00
137.00
5.00
21.00
9.00
93.00
252.00
484.00
355.00
103.00
60.00
13.00
297.00
259.00
89.00
77.00
12.00
8.00
44.00
215.00
311.00
265.00
67.00
277.00
112.00
443.00
49.00
102.00
102.00
575.00
60.00
22.00
84.00
299.00
206.00
78.00
557.00
73.00
144.00
245.00
202.00
93.00
253.00
204.00
200.00
48.00
38.00
19.00
9.00
437.00
191.00
12.00
199.00
31.00
0.00
2.00
70.00
0.00
33.00
98.00
128.00
114.00
12.00
99.00
108.00
51.00
87.00
20.00
183.00
128.00
48.00
13.00
15.00
5.00
0.00
0.00
165.00
50.00
15.00
162.00
49.00
327.00
93.00
50.00
365.00
192.00
84.00
77.00
92.00
138.00
16.00
211.00
49.00
19.00
42.00
6.00
2.00
33.00
16.00
136.00
36.00
9.00
108.00
130.00
121.00
96.00
439.00
223.00
15.00
0.00
0.00
0.00
0.00
0.00
0.00
0.00
0.00
0.00
0.00
0.00
0.00
0.00
0.00
271.00
0.00
0.00
0.00
0.00
0.00
0.00
0.00
4.00
30.00
0.00
0.00
0.00
0.00
0.00
0.00
0.00
0.00
0.00
0.00
0.00
0.00
0.00
0.00
0.00
0.00
0.00
0.00
0.00
0.00
0.00
0.00
0.00
0.00
0.00
1.00
0.00
0.00
0.00
0.00
0.00
0.00
0.00
0.00
0.00
0.00
0.00
0.00
0.00
0.00
0.00
0.00
0.00
0.00
0.00
0.00
0.00
0.00
0.00
0.00
184.00
0.00
0.00
0.00
0.00
0.00
0.00
0.00
0.00
4.00
0.00
0.00
0.00
0.00
0.00
5.00
0.00
0.00
0.00
0.00
0.00
0.00
0.00
0.00
0.00
0.00
0.00
0.00
0.00
0.00
0.00
0.00
0.00
18.00
0.00
0.00
0.00
0.00
0.00
0.00
0.00
0.00
0.00
0.00
0.00
0.00
0.00
0.00
0.00
0.00
0.00
0.00
0.00
0.00
0.00
0.00
0.00
1.00
0.00
0.00
0.00
0.00
0.00
0.00
0.00
0.00
0.00
0.00
0.00
0.00
0.00
0.00
40.00
17.00
46.00
1.00
0.00
0.00
0.00
0.00
0.00
0.00
208.00
34.00
258.00
0.00
0.00
0.00
0.00
292.00
37.00
5.00
33.00
33.00
120.00
68.00
334.00
974.00
681.00
130.00
7.00
0.00
40.00
31.00
0.00
0.00
0.00
0.00
0.00
0.00
153.00
23.00
0.00
10.00
550.00
20.00
600.00
319.00
0.00
35.00
0.00
5.00
0.00
376.00
7.00
85.00
1.00
0.00
193.00
176.00
188.00
217.00
2.00
125.00
95.00
10.00
32.00
1.00
38.00
148.00
244.00
37.00
10.00
206.00
55.00
179.00
7.00
68.00
177.00
75.00
373.00
106.00
2.00
18.00
60.00
207.00
47.00
18.00
149.00
13.00
0.00
78.00
0.00
23.00
61.00
345.00
156.00
73.00
1121.00
550.00
272.00
9.00
348.00
61.00
165.00
80.00
92.00
32.00
183.00
144.00
204.00
120.00
54.00
87.00
55.00
62.00
192.00
451.00
156.00
1105.00
263.00
260.00
64.00
46.00
100.00
338.00
283.00
119.00
96.00
17.00
44.00
34.00
80.00
40.00
422.00
154.00
95.00
47.00
129.00
192.00
45.00
58.00
30.00
62.00
20.00
171.00
16.00
5.00
78.00
75.00
82.00
108.00
254.00
32.00
67.00
13.00
364.00
914.00
1234.00
599.00
347.00
74.00
15.00
62.00
212.00
94.00
70.00
208.00
78.00
212.00
295.00
58.00
34.00
924.00
85.00
64.00
8.00
77.00
275.00
164.00
299.00
48.00
0.00
26.00
0.00
20.00
59.00
143.00
258.00
206.00
198.00
0.00
45.00
0.00
4.00
485.00
71.00
277.00
222.00
44.00
2.00
62.00
8.00
0.00
11.00
335.00
151.00
458.00
515.00
9.00
46.00
23.00
0.00
0.00
78.00
65.00
42.00
38.00
62.00
42.00
50.00
121.00
108.00
0.00
0.00
0.00
9.00
20.00
674.00
1044.00
0.00
0.00
0.00
0.00
0.00
0.00
0.00
2.00
8.00
0.00
0.00
0.00
0.00
0.00
0.00
0.00
0.00
0.00
0.00
0.00
0.00
0.00
0.00
0.00
134.00
49.00
6.00
0.00
0.00
0.00
0.00
0.00
0.00
0.00
0.00
0.00
0.00
0.00
0.00
0.00
0.00
0.00
0.00
0.00
0.00
0.00
1.00
0.00
11.00
5.00
0.00
0.00
0.00
0.00
0.00
0.00
0.00
0.00
3.00
0.00
0.00
0.00
0.00
0.00
0.00
0.00
0.00
0.00
0.00
0.00
0.00
0.00
0.00
0.00
0.00
0.00
0.00
0.00
0.00
0.00
0.00
0.00
0.00
0.00
0.00
0.00
0.00
0.00
0.00
0.00
0.00
0.00
0.00
0.00
0.00
0.00
0.00
0.00
0.00
0.00
0.00
0.00
0.00
0.00
0.00
0.00
0.00
6.00
76.00
2.00
0.00
23.00
4.00
0.00
4.00
62.00
0.00
0.00
0.00
0.00
0.00
2.00
0.00
0.00
0.00
0.00
219.00
78.00
0.00
0.00
0.00
0.00
0.00
0.00
0.00
0.00
0.00
0.00
0.00
0.00
0.00
78.00
14.00
0.00
9.00
0.00
18.00
0.00
0.00
0.00
0.00
2.00
0.00
0.00
0.00
19.00
6.00
26.00
319.00
300.00
143.00
36.00
0.00
49.00
1.00
50.00
2.00
109.00
56.00
126.00
11.00
249.00
81.00
190.00
9.00
0.00
20.00
18.00
48.00
8.00
52.00
5.00
0.00
3.00
3.00
156.00
68.00
10.00
41.00
17.00
55.00
35.00
185.00
36.00
197.00
26.00
85.00
174.00
53.00
392.00
266.00
14.00
2.00
14.00
0.00
188.00
0.00
0.00
3.00
0.00
0.00
16.00
16.00
9.00
52.00
140.00
120.00
413.00
84.00
0.00
10.00
12.00
13.00
0.00
9.00
16.00
3.00
26.00
9.00
30.00
23.00
786.00
87.00
1.00
55.00
820.00
192.00
100.00
28.00
120.00
1.00
0.00
20.00
0.00
44.00
9.00
40.00
104.00
24.00
6.00
6.00
1.00
233.00
210.00
65.00
40.00
37.00
17.00
32.00
17.00
13.00
4.00
46.00
200.00
68.00
221.00
168.00
93.00
122.00
51.00
150.00
506.00
138.00
3.00
68.00
226.00
57.00
65.00
38.00
58.00
98.00
346.00
151.00
251.00
271.00
26.00
213.00
77.00
199.00
80.00
18.00
28.00
1.00
22.00
282.00
303.00
214.00
299.00
43.00
82.00
13.00
415.00
101.00
72.00
89.00
81.00
119.00
63.00
70.00
437.00
46.00
3.00
54.00
132.00
88.00
182.00
150.00
153.00
165.00
360.00
0.00
0.00
2.00
20.00
465.00
334.00
1.00
163.00
0.00
16.00
1.00
5.00
12.00
189.00
34.00
2.00
2.00
16.00
0.00
0.00
0.00
3.00
2.00
0.00
0.00
0.00
0.00
0.00
1.00
0.00
13.00
0.00
0.00
4.00
210.00
35.00
0.00
0.00
0.00
0.00
0.00
0.00
0.00
0.00
0.00
0.00
0.00
0.00
0.00
0.00
0.00
0.00
0.00
185.00
0.00
0.00
0.00
0.00
0.00
0.00
0.00
0.00
0.00
0.00
0.00
0.00
0.00
0.00
0.00
0.00
0.00
0.00
0.00
0.00
0.00
0.00
0.00
0.00
0.00
0.00
0.00
0.00
0.00
0.00
0.00
0.00
0.00
0.00
0.00
50.00
0.00
0.00
0.00
0.00
0.00
0.00
0.00
0.00
0.00
0.00
15.00
389.00
2048.00
0.00
0.00
0.00
0.00
0.00
0.00
0.00
0.00
0.00
0.00
0.00
0.00
0.00
0.00
0.00
0.00
0.00
1.00
0.00
0.00
0.00
0.00
0.00
0.00
0.00
0.00
0.00
0.00
0.00
0.00
0.00
0.00
0.00
0.00
0.00
0.00
0.00
0.00
3.00
3.00
0.00
0.00
0.00
0.00
0.00
0.00
0.00
0.00
0.00
0.00
0.00
81.00
2.00
0.00
0.00
1.00
0.00
2.00
0.00
28.00
0.00
0.00
0.00
0.00
0.00
0.00
0.00
1.90
6.90
0.00
50.00
5.40
0.00
0.00
0.70
0.00
0.00
0.00
0.00
0.00
0.00
0.00
0.00
0.00
0.00
0.00
0.00
0.00
3.00
10.90
17.20
0.00
0.00
0.80
0.00
0.00
0.00
15.90
0.60
0.00
12.50
14.50
178.00
3.80
39.70
0.00
10.80
25.00
19.00
4.70
9.40
24.00
0.00
0.00
0.50
1.60
6.80
44.70
38.90
0.00
0.00
0.00
17.80
12.70
1.10
0.00
0.00
1.00
0.00
4.50
27.10
5.80
17.70
17.70
3.20
54.40
119.90
0.00
0.00
63.00
4.60
0.00
55.50
76.40
29.90
20.60
10.40
21.00
5.10
31.50
40.30
8.70
8.70
7.30
24.00
24.00
15.30
3.90
11.60
12.80
2.40
10.50
29.50
3.80
0.30
9.00
30.70
1.20
0.80
0.00
3.10
0.10
0.00
5.00
2.70
0.80
7.10
11.40
6.40
57.50
3.10
0.00
4.50
22.90
43.20
0.70
0.30
0.80
17.90
118.60
59.50
35.50
0.40
0.10
26.70
0.40
1.10
9.30
18.80
34.70
63.90
99.60
200.10
200.10
54.70
54.70
34.50
0.20
0.20
1.80
0.00
0.20
0.20
0.20
4.60
12.20
65.40
7.40
22.40
26.20
9.50
1.90
0.20
0.70
20.10
8.50
7.60
7.70
66.80
4.00
79.00
328.00
2.40
1.40
12.60
2.70
40.60
3.20
9.00
5.30
4.10
1.50
0.40
0.40
0.60
4.20
37.70
60.80
37.80
4.50
1.10
4.10
34.50
11.00
58.00
14.10
4.00
21.80
33.00
3.00
0.70
7.80
0.90
0.60
3.60
4.40
18.90
23.70
26.20
2.10
3.90
4.30
2.10
1.30
0.30
0.10
3.50
21.20
12.20
39.50
43.80
1.50
20.50
29.10
9.20
87.60
87.60
17.40
0.00
6.90
12.40
4.90
16.00
15.80
15.30
0.10
0.00
0.00
0.00
0.00
0.00
0.00
0.20
0.20
0.30
0.10
3.40
0.20
0.00
0.50
24.00
92.30
