20160101
0.00
0.00
0.00
0.00
0.00
0.00
0.00
0.00
0.00
0.00
0.00
0.00
4.00
0.00
0.00
0.00
0.00
0.00
0.00
0.00
0.00
0.00
0.00
0.00
0.00
0.00
0.00
0.00
0.00
0.00
0.00
0.00
0.00
0.00
0.00
0.00
0.00
0.00
5.00
0.00
0.00
0.00
0.00
0.00
0.00
0.00
0.00
0.00
0.00
0.00
10.00
0.00
0.00
0.00
0.00
0.00
5.00
0.00
0.00
0.00
0.00
0.00
0.00
0.00
0.00
2.00
0.00
1.00
0.00
0.00
0.00
0.00
2.00
3.00
6.00
0.00
1.00
0.00
18.00
1.00
0.00
0.00
0.00
0.00
0.00
0.00
15.00
219.00
7.00
281.00
385.00
7.00
2.00
5.00
5.00
50.00
0.00
0.00
0.00
0.00
0.00
0.00
0.00
0.00
0.00
0.00
73.00
98.00
31.00
9.00
106.00
0.00
0.00
0.00
0.00
0.00
45.00
157.00
1.00
0.00
1.00
0.00
0.00
135.00
3.00
42.00
48.00
360.00
7.00
26.00
80.00
7.00
245.00
129.00
329.00
253.00
10.00
39.00
124.00
343.00
48.00
42.00
0.00
0.00
143.00
109.00
0.00
4.00
0.00
15.00
34.00
27.00
0.00
0.00
0.00
0.00
0.00
2.00
25.00
0.00
25.00
32.00
178.00
79.00
1.00
289.00
215.00
72.00
20.00
153.00
225.00
74.00
128.00
242.00
424.00
192.00
10.00
92.00
151.00
10.00
38.00
67.00
240.00
311.00
151.00
412.00
100.00
0.00
213.00
420.00
44.00
39.00
60.00
181.00
253.00
265.00
63.00
175.00
280.00
318.00
119.00
518.00
217.00
62.00
364.00
68.00
587.00
16.00
2.00
131.00
129.00
110.00
56.00
137.00
313.00
49.00
280.00
163.00
65.00
47.00
70.00
36.00
97.00
13.00
111.00
86.00
33.00
350.00
127.00
69.00
13.00
0.00
0.00
2.00
0.00
1.00
3.00
220.00
12.00
1.00
36.00
52.00
298.00
200.00
154.00
677.00
43.00
30.00
8.00
37.00
26.00
18.00
0.00
167.00
23.00
41.00
96.00
0.00
35.00
36.00
125.00
29.00
20.00
169.00
35.00
0.00
81.00
46.00
541.00
176.00
0.00
66.00
75.00
0.00
49.00
0.00
17.00
0.00
0.00
2.00
9.00
49.00
241.00
503.00
45.00
0.00
0.00
0.00
0.00
0.00
0.00
0.00
0.00
0.00
0.00
0.00
0.00
0.00
0.00
0.00
69.00
0.00
0.00
0.00
0.00
0.00
0.00
0.00
18.00
67.00
0.00
0.00
0.00
0.00
0.00
0.00
0.00
0.00
0.00
0.00
0.00
0.00
0.00
0.00
0.00
0.00
0.00
0.00
0.00
0.00
0.00
0.00
0.00
0.00
0.00
7.00
0.00
0.00
0.00
0.00
0.00
0.00
0.00
0.00
0.00
0.00
0.00
0.00
0.00
0.00
0.00
0.00
0.00
0.00
0.00
0.00
0.00
0.00
0.00
0.00
32.00
0.00
0.00
0.00
0.00
0.00
0.00
0.00
0.00
2.00
0.00
0.00
0.00
0.00
0.00
15.00
0.00
0.00
0.00
0.00
0.00
0.00
0.00
0.00
0.00
0.00
0.00
0.00
0.00
0.00
0.00
0.00
10.00
0.00
0.00
0.00
0.00
0.00
0.00
0.00
0.00
0.00
0.00
0.00
0.00
0.00
0.00
0.00
0.00
0.00
0.00
0.00
0.00
0.00
0.00
0.00
0.00
0.00
560.00
0.00
0.00
0.00
0.00
0.00
0.00
0.00
0.00
0.00
60.00
0.00
0.00
0.00
19.00
0.00
249.00
0.00
0.00
0.00
0.00
0.00
0.00
0.00
148.00
45.00
56.00
0.00
0.00
0.00
0.00
397.00
0.00
19.00
373.00
89.00
35.00
227.00
174.00
253.00
128.00
22.00
456.00
2.00
0.00
36.00
0.00
0.00
0.00
0.00
0.00
0.00
311.00
113.00
0.00
0.00
200.00
175.00
345.00
518.00
0.00
211.00
61.00
54.00
0.00
99.00
9.00
88.00
32.00
0.00
159.00
215.00
47.00
135.00
0.00
5.00
382.00
3.00
310.00
23.00
6.00
368.00
512.00
0.00
24.00
553.00
431.00
101.00
16.00
109.00
88.00
9.00
69.00
246.00
3.00
0.00
47.00
130.00
152.00
163.00
413.00
154.00
0.00
1.00
0.00
7.00
14.00
38.00
160.00
17.00
1372.00
190.00
943.00
6.00
308.00
67.00
429.00
585.00
96.00
252.00
173.00
18.00
178.00
4.00
6.00
11.00
37.00
89.00
165.00
208.00
26.00
797.00
225.00
55.00
50.00
67.00
134.00
363.00
158.00
447.00
212.00
2.00
15.00
22.00
56.00
4.00
577.00
135.00
13.00
35.00
495.00
276.00
91.00
67.00
9.00
18.00
5.00
226.00
18.00
2.00
322.00
114.00
99.00
63.00
317.00
363.00
119.00
7.00
136.00
825.00
2013.00
484.00
323.00
81.00
61.00
21.00
92.00
15.00
11.00
113.00
652.00
161.00
255.00
31.00
85.00
432.00
142.00
25.00
27.00
52.00
144.00
389.00
575.00
212.00
9.00
55.00
11.00
209.00
273.00
857.00
925.00
0.00
0.00
2.00
2.00
0.00
1.00
412.00
116.00
279.00
221.00
5.00
1.00
15.00
1.00
2.00
2.00
177.00
66.00
262.00
364.00
98.00
91.00
0.00
0.00
0.00
5.00
0.00
5.00
0.00
0.00
0.00
0.00
438.00
183.00
0.00
0.00
0.00
0.00
59.00
721.00
1032.00
0.00
0.00
0.00
0.00
0.00
0.00
0.00
0.00
5.00
0.00
0.00
0.00
0.00
0.00
0.00
0.00
0.00
0.00
0.00
0.00
0.00
0.00
0.00
1.00
165.00
104.00
3.00
0.00
0.00
0.00
0.00
0.00
0.00
0.00
0.00
0.00
0.00
0.00
0.00
0.00
0.00
0.00
0.00
0.00
0.00
0.00
0.00
1.00
99.00
1.00
0.00
0.00
0.00
0.00
0.00
0.00
0.00
0.00
9.00
0.00
0.00
0.00
0.00
0.00
0.00
0.00
0.00
0.00
0.00
0.00
0.00
0.00
0.00
0.00
0.00
0.00
0.00
0.00
0.00
0.00
0.00
0.00
0.00
0.00
0.00
0.00
0.00
0.00
0.00
0.00
0.00
0.00
0.00
0.00
0.00
0.00
0.00
0.00
0.00
0.00
0.00
0.00
0.00
0.00
0.00
0.00
0.00
0.00
512.00
50.00
80.00
32.00
23.00
119.00
87.00
335.00
0.00
0.00
0.00
0.00
0.00
0.00
0.00
0.00
0.00
0.00
439.00
14.00
0.00
0.00
0.00
0.00
0.00
0.00
0.00
0.00
0.00
0.00
0.00
0.00
0.00
2.00
7.00
0.00
0.00
4.00
0.00
0.00
0.00
0.00
0.00
0.00
0.00
0.00
0.00
47.00
0.00
55.00
414.00
424.00
316.00
0.00
4.00
0.00
0.00
23.00
6.00
21.00
71.00
21.00
0.00
66.00
36.00
0.00
77.00
2.00
92.00
249.00
0.00
10.00
0.00
91.00
0.00
20.00
27.00
46.00
17.00
0.00
11.00
32.00
408.00
71.00
233.00
0.00
362.00
1.00
343.00
327.00
7.00
313.00
24.00
64.00
20.00
22.00
0.00
273.00
2.00
0.00
0.00
0.00
1.00
59.00
34.00
96.00
60.00
238.00
13.00
17.00
127.00
0.00
193.00
29.00
60.00
0.00
9.00
4.00
76.00
9.00
1.00
19.00
65.00
139.00
1.00
386.00
116.00
399.00
6.00
129.00
166.00
97.00
64.00
57.00
3.00
2.00
29.00
347.00
184.00
39.00
2.00
41.00
63.00
116.00
425.00
914.00
62.00
101.00
0.00
0.00
17.00
9.00
24.00
55.00
78.00
221.00
211.00
105.00
12.00
17.00
23.00
2.00
0.00
332.00
31.00
6.00
193.00
123.00
349.00
28.00
219.00
360.00
88.00
328.00
127.00
589.00
122.00
1.00
21.00
21.00
94.00
93.00
38.00
13.00
4.00
26.00
95.00
201.00
71.00
509.00
18.00
0.00
5.00
73.00
55.00
52.00
236.00
1052.00
251.00
306.00
92.00
23.00
68.00
5.00
12.00
59.00
47.00
301.00
466.00
242.00
44.00
5.00
0.00
0.00
3.00
154.00
765.00
436.00
65.00
19.00
14.00
0.00
0.00
11.00
39.00
125.00
0.00
0.00
10.00
181.00
80.00
109.00
1.00
7.00
0.00
0.00
0.00
0.00
0.00
0.00
0.00
0.00
0.00
0.00
8.00
3.00
190.00
45.00
25.00
0.00
0.00
0.00
0.00
0.00
0.00
0.00
0.00
0.00
0.00
0.00
0.00
0.00
0.00
2.00
0.00
0.00
0.00
0.00
0.00
0.00
163.00
0.00
0.00
0.00
0.00
0.00
0.00
0.00
0.00
0.00
0.00
0.00
0.00
0.00
0.00
0.00
0.00
0.00
0.00
0.00
0.00
0.00
0.00
0.00
0.00
0.00
0.00
0.00
0.00
0.00
0.00
8.00
0.00
0.00
0.00
0.00
0.00
0.00
0.00
0.00
0.00
0.00
1.00
37.00
183.00
0.00
0.00
0.00
0.00
0.00
0.00
0.00
0.00
0.00
0.00
0.00
0.00
0.00
0.00
0.00
0.00
0.00
15.00
0.00
0.00
0.00
0.00
0.00
0.00
0.00
0.00
0.00
0.00
0.00
0.00
0.00
0.00
0.00
0.00
0.00
0.00
0.00
0.00
0.00
0.00
0.00
0.00
0.00
0.00
0.00
0.00
0.00
0.00
0.00
0.00
0.00
12.00
0.00
0.00
0.00
0.00
0.00
0.00
1.00
9.00
0.00
0.00
0.00
0.00
0.00
0.00
0.00
0.70
4.00
0.00
54.10
2.10
0.00
0.00
0.00
5.30
0.00
0.00
0.00
0.00
0.00
0.00
0.00
0.00
0.00
0.10
0.50
0.00
0.30
3.80
0.00
0.00
0.00
0.10
0.00
0.00
0.00
2.30
0.00
0.00
50.10
1.10
137.20
2.00
22.50
0.00
13.90
16.80
23.10
0.50
4.00
34.60
0.00
0.10
0.00
2.30
0.00
19.00
6.80
0.00
0.00
0.00
0.00
10.20
0.00
0.00
0.00
0.00
4.40
0.20
7.00
7.70
9.10
9.10
2.50
149.40
52.90
0.00
0.00
32.90
0.00
33.70
50.70
39.20
3.60
16.00
5.30
33.50
0.00
31.50
41.40
0.00
0.00
0.30
39.70
39.70
8.70
2.40
1.30
33.60
10.10
20.10
7.50
26.60
4.70
29.10
46.50
0.00
0.00
0.00
1.00
1.20
0.00
0.10
1.10
0.40
2.60
10.20
5.40
79.90
8.40
0.10
22.80
30.60
15.10
0.10
0.10
2.60
50.20
97.70
91.80
11.30
0.30
1.50
0.90
0.00
0.30
13.80
21.20
11.20
11.60
73.60
166.40
166.40
89.20
89.20
48.60
2.70
2.70
1.60
0.30
2.70
2.70
2.70
1.20
15.60
64.10
8.40
20.50
8.70
2.90
1.10
4.60
12.10
5.10
9.20
8.70
1.50
30.80
15.90
7.00
3.80
2.40
5.10
5.50
4.60
54.10
35.30
25.90
12.00
2.80
11.00
0.10
0.00
1.60
1.50
35.90
23.70
21.80
0.30
0.00
3.80
18.00
1.70
5.00
0.10
3.30
10.60
20.90
22.30
0.70
1.30
6.90
7.50
35.20
26.50
7.70
11.50
48.40
14.50
34.40
68.70
31.70
0.00
0.00
0.00
0.40
9.50
21.00
22.00
25.90
0.00
16.70
42.80
4.70
68.00
68.00
0.00
0.00
4.50
4.70
1.00
36.20
30.70
13.60
0.80
0.00
0.00
0.00
0.00
0.00
0.00
0.00
0.00
0.00
0.00
3.20
0.20
0.00
0.20
21.30
72.50
