20160101
0.00
0.00
0.00
0.00
0.00
0.00
0.00
0.00
33.00
0.00
0.00
0.00
4.00
0.00
0.00
0.00
0.00
0.00
0.00
118.00
0.00
0.00
0.00
0.00
0.00
17.00
156.00
0.00
0.00
0.00
0.00
0.00
0.00
0.00
0.00
0.00
0.00
5.00
5.00
87.00
0.00
0.00
0.00
0.00
0.00
0.00
0.00
0.00
0.00
0.00
1.00
0.00
0.00
0.00
0.00
0.00
6.00
3.00
1.00
0.00
0.00
2.00
64.00
475.00
0.00
9.00
0.00
14.00
0.00
0.00
0.00
0.00
1.00
12.00
3.00
3.00
0.00
0.00
39.00
14.00
1.00
0.00
5.00
0.00
0.00
0.00
135.00
213.00
4.00
57.00
241.00
7.00
2.00
0.00
33.00
126.00
5.00
69.00
15.00
14.00
0.00
0.00
0.00
5.00
308.00
20.00
256.00
209.00
51.00
109.00
149.00
10.00
11.00
109.00
54.00
4.00
178.00
75.00
223.00
29.00
203.00
88.00
115.00
24.00
10.00
1.00
145.00
10.00
3.00
3.00
21.00
215.00
33.00
123.00
12.00
207.00
240.00
246.00
73.00
34.00
33.00
509.00
0.00
0.00
66.00
1.00
79.00
21.00
15.00
10.00
14.00
172.00
26.00
50.00
2.00
251.00
76.00
193.00
82.00
34.00
30.00
9.00
52.00
1.00
9.00
0.00
23.00
97.00
123.00
0.00
0.00
11.00
46.00
81.00
57.00
0.00
66.00
42.00
204.00
20.00
40.00
42.00
3.00
93.00
91.00
27.00
29.00
14.00
102.00
68.00
233.00
55.00
113.00
0.00
0.00
11.00
0.00
12.00
36.00
21.00
33.00
34.00
56.00
105.00
18.00
45.00
212.00
40.00
122.00
63.00
2.00
147.00
8.00
2.00
0.00
28.00
279.00
100.00
20.00
14.00
115.00
18.00
44.00
55.00
47.00
83.00
265.00
200.00
113.00
42.00
27.00
0.00
33.00
105.00
1.00
5.00
4.00
218.00
18.00
33.00
156.00
25.00
198.00
94.00
20.00
46.00
98.00
13.00
89.00
186.00
2.00
5.00
65.00
148.00
73.00
11.00
56.00
4.00
82.00
22.00
148.00
206.00
138.00
150.00
235.00
154.00
31.00
16.00
163.00
108.00
4.00
89.00
24.00
88.00
8.00
28.00
0.00
0.00
7.00
55.00
16.00
106.00
61.00
55.00
19.00
177.00
0.00
0.00
0.00
0.00
0.00
0.00
0.00
0.00
0.00
0.00
0.00
0.00
0.00
0.00
74.00
0.00
0.00
0.00
0.00
0.00
0.00
9.00
30.00
358.00
120.00
1.00
0.00
0.00
0.00
0.00
0.00
0.00
0.00
0.00
0.00
0.00
0.00
0.00
0.00
0.00
0.00
0.00
0.00
0.00
0.00
0.00
0.00
0.00
0.00
0.00
0.00
0.00
0.00
0.00
1.00
0.00
0.00
0.00
0.00
0.00
0.00
0.00
0.00
0.00
0.00
0.00
0.00
0.00
0.00
0.00
0.00
0.00
0.00
0.00
20.00
0.00
1.00
0.00
0.00
0.00
2.00
0.00
0.00
16.00
0.00
0.00
0.00
0.00
0.00
1.00
0.00
0.00
0.00
0.00
0.00
0.00
0.00
0.00
0.00
0.00
0.00
0.00
0.00
0.00
0.00
0.00
24.00
0.00
0.00
0.00
0.00
0.00
0.00
0.00
0.00
0.00
0.00
0.00
0.00
0.00
0.00
0.00
0.00
0.00
0.00
0.00
0.00
0.00
0.00
0.00
0.00
0.00
0.00
0.00
0.00
0.00
0.00
0.00
0.00
0.00
0.00
0.00
12.00
1.00
0.00
0.00
146.00
0.00
341.00
20.00
1.00
0.00
0.00
0.00
0.00
36.00
155.00
21.00
169.00
0.00
0.00
0.00
0.00
69.00
98.00
11.00
62.00
125.00
248.00
205.00
332.00
527.00
1220.00
153.00
3.00
3.00
29.00
16.00
1.00
0.00
0.00
0.00
3.00
3.00
175.00
1.00
0.00
9.00
110.00
32.00
26.00
6.00
0.00
0.00
27.00
94.00
23.00
133.00
1.00
157.00
7.00
17.00
11.00
12.00
112.00
158.00
3.00
46.00
48.00
18.00
58.00
54.00
93.00
53.00
53.00
20.00
4.00
49.00
42.00
65.00
83.00
59.00
9.00
120.00
187.00
280.00
12.00
18.00
127.00
600.00
4.00
154.00
372.00
25.00
0.00
21.00
26.00
4.00
50.00
120.00
583.00
682.00
172.00
18.00
9.00
0.00
170.00
834.00
172.00
91.00
0.00
144.00
43.00
46.00
205.00
104.00
109.00
84.00
16.00
71.00
281.00
20.00
4.00
13.00
65.00
236.00
7.00
10.00
85.00
170.00
214.00
56.00
24.00
0.00
0.00
194.00
71.00
8.00
84.00
248.00
12.00
381.00
482.00
100.00
13.00
71.00
38.00
17.00
106.00
33.00
133.00
32.00
1.00
21.00
111.00
188.00
51.00
21.00
5.00
17.00
9.00
472.00
545.00
633.00
109.00
7.00
8.00
12.00
302.00
111.00
28.00
146.00
55.00
1.00
0.00
3.00
83.00
286.00
18.00
133.00
22.00
31.00
80.00
17.00
12.00
224.00
26.00
0.00
4.00
61.00
22.00
1.00
74.00
35.00
2.00
3.00
1.00
23.00
2.00
179.00
24.00
15.00
107.00
13.00
14.00
220.00
312.00
9.00
115.00
78.00
333.00
105.00
163.00
36.00
92.00
121.00
0.00
8.00
71.00
4.00
150.00
107.00
10.00
0.00
67.00
29.00
20.00
21.00
0.00
7.00
2.00
56.00
457.00
981.00
0.00
0.00
0.00
0.00
0.00
0.00
0.00
57.00
576.00
0.00
0.00
0.00
0.00
0.00
0.00
0.00
0.00
0.00
0.00
0.00
0.00
0.00
0.00
0.00
278.00
54.00
6.00
0.00
0.00
0.00
0.00
0.00
0.00
0.00
0.00
0.00
0.00
0.00
0.00
0.00
0.00
0.00
0.00
0.00
0.00
0.00
15.00
0.00
34.00
6.00
0.00
0.00
0.00
0.00
0.00
0.00
0.00
0.00
2.00
0.00
0.00
0.00
0.00
0.00
0.00
0.00
0.00
0.00
0.00
0.00
0.00
213.00
29.00
331.00
0.00
0.00
0.00
0.00
0.00
0.00
0.00
0.00
0.00
0.00
0.00
0.00
0.00
0.00
0.00
0.00
0.00
0.00
0.00
0.00
0.00
0.00
0.00
0.00
0.00
0.00
0.00
0.00
0.00
0.00
0.00
0.00
0.00
11.00
23.00
15.00
17.00
19.00
1.00
0.00
1.00
71.00
0.00
0.00
0.00
0.00
0.00
1.00
0.00
0.00
0.00
0.00
172.00
523.00
0.00
0.00
0.00
36.00
0.00
0.00
24.00
0.00
0.00
0.00
0.00
2.00
150.00
7.00
45.00
0.00
2.00
36.00
0.00
0.00
0.00
0.00
0.00
0.00
28.00
0.00
2.00
21.00
2.00
0.00
44.00
307.00
47.00
0.00
13.00
21.00
42.00
46.00
2.00
24.00
55.00
31.00
39.00
68.00
40.00
141.00
21.00
95.00
121.00
96.00
57.00
44.00
12.00
11.00
4.00
29.00
0.00
37.00
21.00
52.00
237.00
33.00
183.00
76.00
265.00
3.00
27.00
18.00
132.00
212.00
44.00
572.00
194.00
28.00
27.00
6.00
8.00
63.00
0.00
0.00
1.00
0.00
0.00
0.00
0.00
19.00
243.00
493.00
64.00
25.00
33.00
0.00
9.00
10.00
10.00
7.00
24.00
13.00
184.00
100.00
5.00
58.00
51.00
84.00
259.00
903.00
796.00
621.00
167.00
27.00
40.00
26.00
4.00
0.00
53.00
7.00
14.00
12.00
35.00
50.00
37.00
9.00
0.00
1.00
35.00
90.00
117.00
76.00
5.00
0.00
20.00
4.00
0.00
0.00
311.00
101.00
55.00
72.00
69.00
146.00
5.00
6.00
8.00
141.00
195.00
58.00
20.00
82.00
25.00
0.00
7.00
31.00
5.00
118.00
219.00
225.00
3.00
0.00
23.00
536.00
14.00
162.00
66.00
3.00
13.00
38.00
39.00
23.00
31.00
72.00
412.00
5.00
19.00
40.00
99.00
3.00
0.00
16.00
43.00
58.00
210.00
13.00
71.00
0.00
0.00
162.00
108.00
0.00
14.00
263.00
0.00
0.00
0.00
1.00
66.00
110.00
64.00
40.00
57.00
13.00
2.00
0.00
0.00
0.00
127.00
128.00
86.00
7.00
18.00
27.00
7.00
29.00
51.00
0.00
20.00
1.00
0.00
0.00
0.00
0.00
2.00
0.00
190.00
0.00
0.00
18.00
37.00
90.00
20.00
7.00
0.00
0.00
0.00
0.00
0.00
0.00
0.00
0.00
0.00
10.00
0.00
0.00
0.00
25.00
22.00
3.00
0.00
0.00
286.00
1.00
0.00
0.00
0.00
0.00
0.00
0.00
0.00
0.00
0.00
0.00
0.00
0.00
0.00
0.00
0.00
0.00
0.00
0.00
0.00
0.00
0.00
0.00
0.00
0.00
0.00
0.00
0.00
0.00
0.00
0.00
0.00
1.00
0.00
0.00
0.00
0.00
0.00
0.00
0.00
0.00
0.00
0.00
12.00
281.00
430.00
0.00
0.00
0.00
0.00
0.00
0.00
0.00
0.00
0.00
0.00
0.00
0.00
0.00
0.00
0.00
0.00
0.00
0.00
0.00
0.00
0.00
0.00
0.00
0.00
0.00
0.00
0.00
0.00
0.00
0.00
0.00
0.00
0.00
0.00
0.00
0.00
0.00
0.00
0.00
0.00
1.00
0.00
0.00
0.00
1.00
0.00
0.00
0.00
0.00
0.00
0.00
18.00
13.00
0.00
0.00
0.00
6.00
0.00
0.00
27.00
1.00
0.00
0.00
0.00
0.00
0.00
0.00
0.00
24.60
2.00
52.10
99.60
0.00
0.00
0.10
0.00
0.00
0.00
0.00
0.00
0.00
0.00
0.00
0.00
0.00
0.10
1.90
13.20
1.20
17.70
20.70
0.00
0.00
47.70
0.00
0.00
0.00
5.40
25.70
0.00
0.00
1.40
69.20
22.70
56.70
0.40
5.70
11.70
28.50
10.70
8.80
11.60
0.00
0.00
0.00
11.90
8.90
12.40
9.70
18.60
9.40
2.90
20.30
2.50
2.30
0.10
0.00
0.30
9.50
0.10
9.20
5.10
8.40
8.40
0.50
24.00
102.20
1.20
0.00
29.80
10.50
12.40
31.00
39.20
16.10
5.50
2.40
8.60
7.80
11.10
7.20
0.00
0.00
16.00
18.00
18.00
1.00
0.10
1.40
10.90
2.80
7.10
0.40
11.80
0.10
13.90
7.80
4.00
0.10
0.00
0.20
0.10
2.20
0.00
1.10
6.20
0.00
7.10
1.60
12.40
12.50
9.20
5.80
4.20
15.90
0.30
0.10
0.90
0.00
51.40
38.70
16.70
0.00
0.90
6.80
2.60
2.10
45.70
57.10
86.10
26.80
10.90
46.60
46.60
53.40
53.40
21.40
1.30
1.30
0.30
0.50
1.30
1.30
1.30
4.10
17.50
4.40
6.70
44.40
40.10
10.40
11.10
0.10
12.40
10.90
1.40
21.20
2.90
7.80
0.40
3.00
37.30
8.50
0.30
2.90
0.00
16.60
4.70
0.10
0.10
3.90
0.00
0.00
0.20
0.90
0.10
9.40
26.60
2.70
1.40
6.60
17.30
8.60
1.50
1.20
2.30
0.00
3.30
11.20
8.30
5.90
7.60
18.60
0.10
1.80
1.20
0.20
11.80
3.10
1.50
1.70
0.30
0.00
7.30
3.20
2.60
6.90
13.70
11.80
14.70
12.20
2.00
0.00
4.30
5.70
7.10
7.10
13.90
0.00
2.80
23.10
0.90
1.80
14.90
8.40
0.00
0.00
0.00
0.00
0.00
4.40
2.40
0.00
0.00
3.10
4.60
4.80
0.70
0.20
2.30
5.50
29.40
