20160101
0.00
0.00
0.00
0.00
0.00
0.00
0.00
0.00
0.00
0.00
0.00
0.00
0.00
0.00
0.00
0.00
0.00
0.00
35.00
91.00
0.00
0.00
0.00
0.00
0.00
0.00
3.00
0.00
0.00
0.00
0.00
0.00
0.00
0.00
0.00
0.00
0.00
1.00
0.00
0.00
0.00
0.00
0.00
0.00
0.00
0.00
0.00
0.00
0.00
0.00
4.00
0.00
0.00
0.00
0.00
0.00
5.00
0.00
0.00
6.00
0.00
0.00
10.00
2.00
0.00
66.00
0.00
4.00
0.00
0.00
0.00
0.00
6.00
26.00
0.00
0.00
0.00
0.00
1.00
39.00
1.00
0.00
0.00
0.00
0.00
0.00
527.00
205.00
2.00
26.00
287.00
9.00
0.00
1.00
56.00
327.00
9.00
57.00
0.00
0.00
0.00
0.00
0.00
0.00
34.00
7.00
406.00
296.00
259.00
68.00
194.00
23.00
3.00
5.00
12.00
9.00
346.00
97.00
148.00
8.00
29.00
132.00
16.00
31.00
59.00
135.00
147.00
370.00
5.00
24.00
72.00
16.00
180.00
291.00
149.00
1019.00
37.00
271.00
250.00
213.00
77.00
156.00
7.00
43.00
32.00
21.00
0.00
5.00
9.00
6.00
5.00
143.00
58.00
80.00
94.00
1.00
0.00
43.00
0.00
1.00
32.00
74.00
7.00
3.00
0.00
161.00
207.00
175.00
15.00
37.00
20.00
83.00
278.00
329.00
144.00
292.00
34.00
108.00
144.00
11.00
44.00
0.00
50.00
100.00
412.00
144.00
170.00
9.00
0.00
248.00
124.00
56.00
2.00
8.00
30.00
85.00
68.00
304.00
265.00
113.00
376.00
600.00
822.00
56.00
244.00
57.00
501.00
24.00
27.00
102.00
176.00
162.00
99.00
144.00
56.00
147.00
208.00
225.00
26.00
161.00
103.00
126.00
153.00
17.00
81.00
51.00
374.00
110.00
8.00
21.00
20.00
0.00
1.00
50.00
1.00
42.00
49.00
359.00
55.00
3.00
176.00
64.00
100.00
190.00
291.00
476.00
105.00
95.00
1.00
12.00
8.00
14.00
0.00
54.00
115.00
126.00
27.00
34.00
111.00
11.00
38.00
307.00
182.00
3.00
54.00
117.00
20.00
16.00
286.00
8.00
3.00
1.00
47.00
1.00
36.00
67.00
98.00
1.00
159.00
4.00
44.00
131.00
404.00
882.00
116.00
10.00
0.00
0.00
0.00
0.00
0.00
0.00
3.00
0.00
0.00
0.00
0.00
0.00
0.00
0.00
112.00
0.00
0.00
0.00
0.00
0.00
0.00
3.00
37.00
76.00
0.00
0.00
0.00
0.00
0.00
0.00
0.00
0.00
0.00
0.00
0.00
0.00
0.00
0.00
0.00
0.00
0.00
0.00
0.00
0.00
0.00
0.00
0.00
17.00
0.00
0.00
0.00
0.00
0.00
0.00
0.00
0.00
0.00
0.00
0.00
0.00
0.00
0.00
0.00
0.00
0.00
0.00
0.00
0.00
0.00
0.00
0.00
0.00
0.00
0.00
174.00
0.00
0.00
0.00
0.00
0.00
0.00
0.00
0.00
1.00
0.00
0.00
0.00
0.00
0.00
44.00
0.00
0.00
0.00
0.00
0.00
0.00
0.00
0.00
0.00
0.00
0.00
0.00
0.00
0.00
0.00
0.00
2.00
18.00
0.00
0.00
0.00
0.00
0.00
0.00
0.00
0.00
0.00
0.00
0.00
0.00
0.00
0.00
0.00
0.00
0.00
0.00
0.00
0.00
0.00
0.00
0.00
52.00
280.00
0.00
0.00
0.00
0.00
0.00
0.00
0.00
0.00
0.00
2.00
0.00
0.00
0.00
43.00
7.00
96.00
0.00
2.00
1.00
0.00
0.00
0.00
0.00
139.00
42.00
111.00
0.00
0.00
0.00
0.00
307.00
36.00
16.00
7.00
160.00
136.00
92.00
564.00
614.00
780.00
56.00
3.00
0.00
60.00
2.00
0.00
0.00
0.00
0.00
6.00
0.00
222.00
87.00
0.00
24.00
302.00
72.00
654.00
510.00
0.00
63.00
5.00
31.00
17.00
232.00
0.00
126.00
10.00
0.00
103.00
213.00
377.00
577.00
1.00
18.00
82.00
1.00
38.00
17.00
11.00
174.00
308.00
45.00
16.00
271.00
115.00
197.00
1.00
85.00
233.00
268.00
504.00
145.00
1.00
45.00
109.00
232.00
132.00
80.00
211.00
34.00
0.00
13.00
0.00
29.00
15.00
193.00
214.00
102.00
1116.00
653.00
357.00
8.00
203.00
76.00
135.00
102.00
0.00
253.00
317.00
5.00
183.00
24.00
76.00
77.00
51.00
59.00
234.00
483.00
97.00
1030.00
204.00
132.00
82.00
58.00
211.00
257.00
199.00
65.00
109.00
34.00
104.00
245.00
147.00
154.00
256.00
131.00
52.00
25.00
40.00
94.00
34.00
29.00
1.00
58.00
55.00
136.00
26.00
0.00
36.00
76.00
167.00
138.00
127.00
29.00
136.00
13.00
304.00
1305.00
1759.00
1339.00
374.00
168.00
12.00
63.00
98.00
42.00
16.00
167.00
30.00
228.00
165.00
8.00
28.00
640.00
111.00
46.00
0.00
28.00
165.00
323.00
352.00
86.00
23.00
121.00
1.00
2.00
277.00
580.00
354.00
48.00
59.00
1.00
44.00
45.00
1.00
423.00
179.00
280.00
273.00
119.00
3.00
14.00
56.00
28.00
5.00
109.00
231.00
380.00
264.00
14.00
17.00
12.00
14.00
44.00
48.00
17.00
33.00
7.00
26.00
1.00
23.00
603.00
171.00
12.00
0.00
0.00
3.00
46.00
655.00
1137.00
0.00
0.00
0.00
0.00
0.00
4.00
1.00
5.00
22.00
0.00
0.00
0.00
0.00
0.00
0.00
0.00
0.00
0.00
0.00
0.00
0.00
0.00
0.00
0.00
164.00
88.00
1.00
0.00
0.00
0.00
0.00
0.00
0.00
0.00
0.00
0.00
0.00
7.00
4.00
4.00
0.00
0.00
0.00
0.00
0.00
0.00
1.00
5.00
155.00
0.00
0.00
0.00
0.00
0.00
0.00
0.00
0.00
0.00
5.00
0.00
0.00
0.00
0.00
0.00
0.00
0.00
0.00
0.00
0.00
0.00
0.00
7.00
8.00
0.00
0.00
0.00
0.00
0.00
0.00
0.00
0.00
0.00
0.00
0.00
0.00
0.00
0.00
0.00
0.00
0.00
0.00
0.00
0.00
0.00
0.00
0.00
0.00
0.00
0.00
0.00
0.00
0.00
0.00
0.00
0.00
0.00
0.00
8.00
127.00
42.00
0.00
21.00
2.00
24.00
15.00
108.00
0.00
0.00
0.00
0.00
0.00
0.00
0.00
0.00
0.00
0.00
311.00
19.00
0.00
0.00
0.00
0.00
0.00
0.00
1.00
0.00
0.00
0.00
0.00
0.00
0.00
113.00
10.00
0.00
4.00
5.00
0.00
0.00
0.00
0.00
0.00
0.00
0.00
36.00
0.00
0.00
1.00
17.00
323.00
359.00
202.00
3.00
0.00
191.00
61.00
42.00
10.00
49.00
71.00
103.00
7.00
92.00
54.00
397.00
35.00
1.00
3.00
3.00
35.00
0.00
11.00
26.00
0.00
122.00
9.00
9.00
116.00
13.00
29.00
6.00
88.00
64.00
233.00
1.00
130.00
19.00
216.00
197.00
46.00
313.00
168.00
62.00
9.00
18.00
0.00
94.00
0.00
0.00
11.00
0.00
3.00
3.00
2.00
25.00
123.00
135.00
64.00
285.00
129.00
0.00
12.00
14.00
38.00
0.00
9.00
52.00
75.00
1.00
6.00
9.00
69.00
169.00
28.00
0.00
104.00
580.00
255.00
157.00
55.00
160.00
10.00
6.00
20.00
0.00
11.00
6.00
37.00
66.00
3.00
19.00
2.00
41.00
234.00
405.00
352.00
108.00
27.00
0.00
62.00
7.00
36.00
2.00
22.00
76.00
28.00
152.00
55.00
158.00
27.00
50.00
130.00
326.00
94.00
14.00
72.00
280.00
30.00
5.00
148.00
97.00
143.00
260.00
111.00
62.00
376.00
22.00
74.00
57.00
52.00
122.00
60.00
18.00
1.00
46.00
138.00
170.00
112.00
379.00
62.00
63.00
6.00
272.00
56.00
107.00
27.00
85.00
144.00
61.00
201.00
156.00
69.00
5.00
19.00
91.00
43.00
346.00
77.00
176.00
127.00
3.00
0.00
0.00
9.00
85.00
530.00
327.00
6.00
48.00
0.00
76.00
0.00
1.00
9.00
8.00
10.00
3.00
0.00
26.00
7.00
0.00
0.00
2.00
1.00
0.00
0.00
0.00
0.00
0.00
0.00
0.00
0.00
0.00
0.00
13.00
88.00
27.00
21.00
0.00
0.00
0.00
0.00
0.00
0.00
0.00
0.00
0.00
0.00
0.00
0.00
0.00
0.00
0.00
0.00
99.00
0.00
0.00
0.00
0.00
0.00
8.00
0.00
0.00
0.00
0.00
0.00
0.00
0.00
0.00
0.00
0.00
0.00
0.00
0.00
0.00
0.00
0.00
0.00
0.00
0.00
0.00
0.00
0.00
0.00
0.00
0.00
0.00
0.00
0.00
0.00
64.00
0.00
0.00
0.00
0.00
0.00
0.00
0.00
0.00
0.00
0.00
31.00
256.00
980.00
0.00
0.00
0.00
0.00
0.00
0.00
0.00
0.00
0.00
0.00
0.00
0.00
0.00
0.00
0.00
0.00
0.00
0.00
0.00
0.00
0.00
0.00
0.00
0.00
0.00
0.00
0.00
0.00
0.00
0.00
0.00
0.00
0.00
0.00
0.00
0.00
0.00
0.00
0.00
0.00
0.00
0.00
0.00
0.00
0.00
0.00
0.00
0.00
0.00
0.00
0.00
60.00
1.00
0.00
0.00
1.00
0.00
0.00
0.00
22.00
0.00
0.00
0.00
0.00
0.00
0.00
0.00
2.30
8.80
0.00
70.90
6.70
0.00
0.00
1.00
0.00
0.00
0.00
0.00
0.00
0.00
0.00
0.00
0.00
0.00
0.00
0.90
0.00
5.10
10.70
0.00
0.00
0.00
0.00
0.00
0.00
0.00
18.10
18.10
0.00
22.60
4.80
171.40
4.70
11.40
0.00
19.10
14.80
20.10
7.00
4.00
52.40
0.30
0.00
0.10
1.60
8.20
31.00
32.20
0.10
0.00
0.60
11.70
21.00
0.20
0.00
0.00
0.00
2.60
0.00
23.30
11.60
5.20
5.20
8.90
57.70
145.60
0.90
0.00
77.00
3.10
1.70
64.60
62.20
34.50
24.00
6.60
15.90
1.00
46.00
28.80
1.20
1.20
18.00
23.40
23.40
30.10
0.50
19.50
14.50
2.50
7.50
21.90
3.60
1.50
10.20
22.90
0.80
0.10
0.00
0.10
0.00
0.00
0.10
0.00
0.50
7.60
9.50
2.10
56.50
2.10
0.00
9.70
26.00
40.00
4.80
0.00
0.40
19.40
250.10
79.60
55.00
0.20
4.10
7.20
1.10
1.10
4.80
5.00
14.70
112.80
143.00
335.60
335.60
42.10
42.10
60.30
2.00
2.00
2.00
0.00
2.00
2.00
2.00
1.30
12.30
73.50
8.10
14.00
9.60
3.50
5.90
0.70
3.90
11.90
9.40
18.50
5.10
46.50
24.30
11.00
31.40
2.00
2.60
9.00
11.70
39.20
16.70
12.00
8.80
1.70
0.20
0.90
0.10
7.70
5.80
47.00
27.70
29.50
5.80
1.00
3.50
17.40
18.00
17.00
5.30
11.60
10.80
49.80
8.60
0.30
7.40
1.90
1.90
13.10
12.60
32.50
50.50
26.00
5.20
4.20
15.00
10.90
0.10
0.00
0.10
7.80
13.20
8.00
20.60
39.40
4.60
22.70
24.10
5.00
75.60
75.60
22.70
0.50
2.90
0.30
0.50
13.40
15.00
8.20
0.50
0.00
0.20
0.10
0.00
0.60
0.30
0.00
0.30
0.90
1.00
5.20
0.10
0.40
2.10
19.30
110.50
