20160101
0.00
0.00
0.00
0.00
0.00
0.00
0.00
0.00
7.00
0.00
0.00
0.00
6.00
0.00
0.00
0.00
0.00
0.00
0.00
113.00
0.00
0.00
0.00
0.00
0.00
0.00
0.00
0.00
0.00
0.00
0.00
0.00
0.00
0.00
0.00
0.00
0.00
5.00
16.00
0.00
0.00
0.00
0.00
0.00
0.00
0.00
0.00
0.00
0.00
0.00
1.00
9.00
0.00
3.00
100.00
27.00
0.00
0.00
0.00
0.00
0.00
0.00
0.00
0.00
0.00
82.00
0.00
0.00
0.00
0.00
0.00
1.00
38.00
1.00
0.00
0.00
0.00
0.00
5.00
0.00
3.00
0.00
0.00
0.00
0.00
0.00
54.00
431.00
157.00
266.00
156.00
1.00
0.00
7.00
29.00
158.00
57.00
134.00
77.00
0.00
0.00
6.00
220.00
68.00
428.00
244.00
427.00
107.00
142.00
312.00
85.00
33.00
83.00
1711.00
422.00
9.00
123.00
146.00
326.00
151.00
408.00
91.00
24.00
20.00
46.00
3.00
10.00
6.00
4.00
3.00
0.00
294.00
55.00
113.00
31.00
386.00
1291.00
774.00
227.00
33.00
52.00
596.00
0.00
0.00
33.00
7.00
14.00
73.00
24.00
33.00
2.00
76.00
0.00
0.00
0.00
88.00
13.00
276.00
379.00
168.00
16.00
395.00
36.00
9.00
4.00
0.00
55.00
84.00
211.00
2.00
0.00
7.00
9.00
4.00
24.00
2.00
70.00
195.00
76.00
30.00
22.00
13.00
163.00
127.00
128.00
93.00
28.00
16.00
10.00
5.00
292.00
43.00
48.00
5.00
1.00
3.00
42.00
34.00
0.00
18.00
4.00
20.00
25.00
42.00
43.00
29.00
98.00
17.00
7.00
98.00
19.00
325.00
4.00
5.00
0.00
1.00
50.00
69.00
97.00
27.00
76.00
1.00
98.00
7.00
84.00
16.00
215.00
6.00
1.00
51.00
1.00
0.00
215.00
73.00
1.00
10.00
0.00
304.00
0.00
31.00
100.00
71.00
21.00
195.00
101.00
31.00
374.00
3.00
231.00
170.00
38.00
0.00
39.00
57.00
27.00
5.00
72.00
52.00
0.00
26.00
30.00
41.00
63.00
47.00
91.00
45.00
101.00
3.00
329.00
4.00
0.00
603.00
20.00
22.00
1.00
37.00
0.00
0.00
1.00
3.00
341.00
85.00
165.00
109.00
12.00
40.00
0.00
0.00
0.00
0.00
0.00
0.00
0.00
0.00
0.00
0.00
0.00
0.00
0.00
0.00
57.00
0.00
9.00
0.00
0.00
0.00
0.00
11.00
101.00
326.00
434.00
66.00
0.00
0.00
0.00
0.00
0.00
0.00
0.00
0.00
0.00
0.00
0.00
0.00
0.00
0.00
0.00
0.00
0.00
0.00
0.00
0.00
0.00
0.00
0.00
25.00
0.00
0.00
0.00
0.00
0.00
0.00
0.00
0.00
0.00
0.00
0.00
0.00
0.00
0.00
0.00
0.00
0.00
0.00
0.00
0.00
0.00
0.00
0.00
0.00
75.00
0.00
0.00
0.00
0.00
0.00
0.00
0.00
0.00
128.00
0.00
0.00
0.00
0.00
0.00
0.00
0.00
0.00
0.00
0.00
0.00
0.00
0.00
0.00
0.00
1.00
0.00
0.00
0.00
0.00
0.00
0.00
23.00
0.00
0.00
0.00
0.00
0.00
0.00
0.00
0.00
0.00
0.00
0.00
0.00
0.00
0.00
0.00
0.00
0.00
0.00
0.00
0.00
0.00
0.00
0.00
22.00
249.00
607.00
0.00
0.00
0.00
0.00
0.00
0.00
0.00
0.00
7.00
8.00
284.00
0.00
0.00
120.00
3.00
671.00
31.00
0.00
0.00
0.00
0.00
0.00
132.00
312.00
26.00
113.00
0.00
0.00
0.00
0.00
65.00
1.00
22.00
16.00
301.00
210.00
734.00
1300.00
1097.00
1062.00
197.00
0.00
1.00
117.00
258.00
50.00
4.00
0.00
0.00
0.00
0.00
90.00
8.00
0.00
50.00
244.00
28.00
102.00
1.00
0.00
2.00
170.00
171.00
126.00
326.00
42.00
218.00
25.00
0.00
1.00
6.00
333.00
240.00
7.00
13.00
20.00
0.00
1.00
13.00
45.00
86.00
78.00
12.00
0.00
75.00
129.00
134.00
79.00
21.00
1.00
129.00
158.00
202.00
2.00
18.00
186.00
766.00
98.00
438.00
314.00
283.00
0.00
0.00
13.00
0.00
161.00
83.00
278.00
752.00
192.00
74.00
4.00
3.00
48.00
823.00
424.00
242.00
1.00
193.00
16.00
88.00
375.00
241.00
52.00
27.00
80.00
48.00
210.00
16.00
18.00
57.00
197.00
269.00
29.00
34.00
47.00
77.00
182.00
26.00
46.00
22.00
10.00
140.00
26.00
0.00
66.00
204.00
30.00
5.00
40.00
24.00
11.00
12.00
15.00
10.00
128.00
36.00
133.00
38.00
1.00
36.00
71.00
68.00
43.00
31.00
43.00
12.00
5.00
102.00
587.00
349.00
22.00
14.00
132.00
106.00
43.00
46.00
0.00
20.00
32.00
3.00
1.00
16.00
312.00
176.00
2.00
38.00
15.00
1.00
85.00
190.00
12.00
99.00
92.00
0.00
0.00
13.00
81.00
37.00
159.00
5.00
0.00
52.00
195.00
168.00
15.00
117.00
6.00
103.00
93.00
1.00
0.00
22.00
115.00
0.00
61.00
255.00
394.00
71.00
262.00
165.00
119.00
1.00
0.00
0.00
88.00
1.00
264.00
11.00
17.00
19.00
138.00
80.00
27.00
4.00
0.00
1.00
18.00
256.00
474.00
1187.00
1.00
0.00
0.00
0.00
0.00
0.00
0.00
419.00
1269.00
0.00
0.00
0.00
0.00
0.00
0.00
0.00
0.00
0.00
0.00
0.00
0.00
0.00
0.00
17.00
284.00
34.00
4.00
0.00
0.00
0.00
0.00
0.00
0.00
0.00
0.00
0.00
0.00
0.00
0.00
0.00
0.00
0.00
0.00
0.00
0.00
5.00
0.00
17.00
438.00
89.00
0.00
0.00
0.00
0.00
0.00
0.00
0.00
0.00
65.00
0.00
0.00
0.00
0.00
0.00
0.00
0.00
0.00
0.00
0.00
0.00
132.00
148.00
37.00
38.00
0.00
0.00
0.00
0.00
0.00
0.00
0.00
0.00
0.00
0.00
0.00
0.00
0.00
0.00
0.00
0.00
0.00
0.00
0.00
0.00
0.00
0.00
0.00
0.00
0.00
0.00
0.00
0.00
0.00
0.00
0.00
0.00
0.00
0.00
1.00
0.00
5.00
19.00
16.00
0.00
0.00
0.00
0.00
0.00
0.00
0.00
0.00
0.00
0.00
0.00
0.00
0.00
157.00
872.00
0.00
0.00
0.00
0.00
0.00
0.00
38.00
0.00
0.00
0.00
0.00
0.00
0.00
310.00
335.00
0.00
137.00
175.00
285.00
0.00
0.00
0.00
0.00
0.00
0.00
43.00
0.00
26.00
23.00
0.00
110.00
140.00
38.00
41.00
7.00
0.00
0.00
19.00
4.00
13.00
30.00
44.00
95.00
103.00
50.00
0.00
180.00
9.00
20.00
75.00
2.00
29.00
10.00
124.00
55.00
0.00
1.00
15.00
0.00
0.00
138.00
30.00
136.00
29.00
75.00
4.00
27.00
99.00
150.00
130.00
63.00
712.00
507.00
140.00
0.00
36.00
0.00
58.00
0.00
0.00
25.00
0.00
0.00
0.00
0.00
0.00
105.00
408.00
327.00
41.00
30.00
1.00
7.00
5.00
1.00
0.00
2.00
8.00
1.00
0.00
30.00
43.00
71.00
2.00
155.00
756.00
1850.00
767.00
121.00
50.00
40.00
4.00
1.00
1.00
0.00
11.00
3.00
6.00
1.00
13.00
50.00
1.00
0.00
1.00
16.00
69.00
319.00
147.00
0.00
14.00
18.00
14.00
2.00
2.00
109.00
59.00
60.00
53.00
18.00
90.00
21.00
6.00
0.00
137.00
167.00
23.00
38.00
76.00
154.00
78.00
15.00
62.00
11.00
41.00
353.00
144.00
3.00
9.00
26.00
108.00
17.00
62.00
60.00
7.00
8.00
43.00
31.00
12.00
9.00
74.00
153.00
4.00
9.00
1.00
92.00
17.00
0.00
34.00
61.00
97.00
133.00
2.00
2.00
0.00
0.00
3.00
5.00
0.00
0.00
40.00
1.00
0.00
0.00
0.00
24.00
4.00
303.00
390.00
82.00
0.00
0.00
0.00
0.00
12.00
260.00
1.00
16.00
37.00
6.00
2.00
0.00
0.00
6.00
0.00
0.00
0.00
0.00
0.00
0.00
0.00
0.00
0.00
0.00
0.00
0.00
21.00
48.00
369.00
262.00
48.00
0.00
0.00
0.00
0.00
0.00
0.00
0.00
0.00
0.00
0.00
0.00
0.00
89.00
88.00
116.00
49.00
0.00
0.00
4.00
0.00
5.00
0.00
0.00
0.00
0.00
0.00
0.00
0.00
0.00
0.00
0.00
0.00
0.00
0.00
0.00
0.00
0.00
0.00
0.00
0.00
0.00
0.00
0.00
0.00
0.00
0.00
0.00
0.00
0.00
0.00
0.00
50.00
0.00
0.00
0.00
0.00
0.00
0.00
0.00
0.00
0.00
0.00
4.00
192.00
464.00
0.00
0.00
0.00
0.00
0.00
0.00
0.00
0.00
0.00
0.00
0.00
0.00
0.00
0.00
0.00
0.00
0.00
0.00
0.00
0.00
0.00
0.00
0.00
0.00
0.00
0.00
0.00
0.00
0.00
0.00
0.00
0.00
0.00
0.00
0.00
0.00
0.00
0.00
0.00
0.00
0.00
0.00
0.00
0.00
0.00
0.00
0.00
0.00
0.00
0.00
0.00
0.00
9.00
0.00
0.00
0.00
0.00
0.00
0.00
0.00
5.00
0.00
0.00
0.00
0.00
0.00
0.00
0.00
33.00
1.10
111.70
31.10
0.00
0.00
0.00
0.00
6.50
0.00
0.00
0.00
0.00
0.00
0.00
0.00
0.00
0.00
1.10
0.50
14.30
3.40
8.40
0.00
5.30
2.50
0.00
0.00
0.00
16.40
0.00
0.00
0.00
0.00
58.10
33.40
25.50
0.00
42.60
19.50
50.40
10.00
21.40
12.40
0.00
0.00
0.70
0.00
5.40
11.10
2.30
12.30
0.00
1.70
1.10
0.90
2.70
0.00
0.00
0.00
0.40
0.00
19.40
25.80
30.60
30.60
1.40
35.10
79.50
0.00
0.00
6.50
8.90
29.10
18.60
24.80
31.40
3.10
2.60
16.90
5.40
15.10
14.80
0.00
0.00
10.90
14.70
14.70
6.50
6.20
4.90
4.30
0.00
0.00
1.40
6.20
0.00
0.10
6.40
5.50
0.10
0.30
6.80
0.00
0.80
3.30
0.50
1.20
0.20
30.00
35.60
22.40
12.10
4.20
12.10
29.00
10.50
0.30
0.00
0.60
31.80
60.10
26.90
17.00
0.10
0.10
0.10
16.20
4.10
2.40
16.90
45.80
18.10
8.50
13.40
13.40
61.00
61.00
8.50
3.50
3.50
3.20
0.10
3.50
3.50
3.50
1.50
16.90
0.40
4.10
40.00
27.30
9.80
8.30
0.20
6.10
2.90
3.10
52.00
4.00
7.60
4.50
7.10
15.90
12.10
0.20
2.40
0.00
9.60
2.80
2.20
0.90
0.00
0.00
0.00
0.20
1.00
1.40
6.40
2.70
4.10
0.20
0.00
6.80
5.60
1.30
0.90
1.30
0.50
1.80
2.70
22.90
2.80
34.80
2.30
0.40
0.50
1.20
16.80
12.90
1.00
0.00
0.40
6.20
1.00
3.40
0.00
3.70
7.30
20.60
22.80
6.80
11.40
2.90
0.10
10.50
10.40
6.20
6.20
14.20
0.00
0.20
0.90
4.90
7.80
1.70
11.80
2.20
0.00
0.00
0.00
0.00
1.00
1.30
0.00
0.00
0.00
0.00
3.20
0.40
1.20
0.20
0.80
5.90
