20160101
0.00
0.00
0.00
0.00
0.00
0.00
0.00
0.00
37.00
0.00
0.00
0.00
0.00
0.00
0.00
0.00
0.00
0.00
0.00
0.00
0.00
0.00
0.00
0.00
0.00
6.00
0.00
0.00
0.00
0.00
0.00
0.00
0.00
0.00
0.00
0.00
0.00
0.00
0.00
0.00
0.00
0.00
0.00
0.00
0.00
0.00
0.00
0.00
0.00
0.00
0.00
2.00
0.00
52.00
48.00
0.00
16.00
0.00
0.00
0.00
0.00
0.00
0.00
42.00
0.00
10.00
0.00
0.00
1.00
2.00
0.00
0.00
0.00
0.00
0.00
0.00
0.00
0.00
10.00
0.00
0.00
0.00
7.00
0.00
0.00
0.00
0.00
327.00
26.00
38.00
81.00
11.00
0.00
58.00
9.00
181.00
45.00
16.00
43.00
0.00
0.00
33.00
39.00
13.00
273.00
144.00
246.00
50.00
63.00
64.00
21.00
0.00
5.00
758.00
632.00
9.00
65.00
102.00
184.00
0.00
61.00
64.00
1.00
5.00
5.00
0.00
11.00
6.00
0.00
0.00
0.00
36.00
36.00
77.00
48.00
174.00
527.00
551.00
91.00
102.00
58.00
445.00
0.00
1.00
57.00
10.00
2.00
0.00
1.00
4.00
1.00
1.00
0.00
0.00
0.00
62.00
9.00
85.00
46.00
5.00
34.00
4.00
162.00
0.00
0.00
0.00
32.00
23.00
8.00
5.00
27.00
67.00
9.00
4.00
2.00
76.00
26.00
0.00
10.00
17.00
31.00
62.00
163.00
99.00
73.00
45.00
13.00
9.00
2.00
12.00
17.00
101.00
48.00
67.00
12.00
139.00
127.00
20.00
0.00
0.00
53.00
70.00
24.00
49.00
68.00
44.00
159.00
2.00
134.00
27.00
44.00
1.00
75.00
0.00
1.00
0.00
18.00
21.00
140.00
57.00
1.00
50.00
80.00
27.00
9.00
26.00
3.00
60.00
18.00
0.00
2.00
5.00
594.00
35.00
0.00
57.00
2.00
374.00
0.00
23.00
0.00
16.00
34.00
72.00
5.00
9.00
1.00
6.00
0.00
0.00
1.00
2.00
0.00
13.00
1.00
1.00
1.00
0.00
7.00
1.00
60.00
3.00
26.00
141.00
22.00
4.00
45.00
0.00
185.00
0.00
7.00
4.00
0.00
8.00
12.00
1.00
0.00
0.00
0.00
0.00
0.00
1.00
93.00
35.00
3.00
14.00
0.00
0.00
0.00
0.00
0.00
0.00
0.00
0.00
0.00
0.00
0.00
0.00
0.00
0.00
52.00
188.00
40.00
0.00
0.00
0.00
0.00
47.00
96.00
192.00
145.00
1.00
0.00
0.00
0.00
0.00
0.00
0.00
0.00
0.00
0.00
0.00
0.00
0.00
0.00
0.00
0.00
0.00
0.00
0.00
0.00
0.00
0.00
0.00
0.00
34.00
0.00
0.00
0.00
0.00
0.00
0.00
0.00
0.00
0.00
0.00
0.00
0.00
0.00
0.00
0.00
0.00
0.00
0.00
0.00
0.00
0.00
0.00
0.00
0.00
0.00
0.00
0.00
0.00
0.00
0.00
0.00
0.00
9.00
0.00
0.00
0.00
0.00
0.00
0.00
0.00
0.00
0.00
0.00
0.00
0.00
0.00
0.00
0.00
0.00
0.00
0.00
0.00
0.00
0.00
0.00
0.00
8.00
0.00
0.00
0.00
0.00
0.00
0.00
0.00
0.00
0.00
0.00
0.00
0.00
0.00
0.00
0.00
0.00
0.00
0.00
0.00
0.00
0.00
0.00
0.00
54.00
4.00
21.00
8.00
0.00
0.00
0.00
0.00
0.00
0.00
0.00
0.00
1.00
39.00
0.00
0.00
67.00
0.00
133.00
42.00
0.00
0.00
0.00
0.00
0.00
5.00
90.00
3.00
76.00
0.00
0.00
0.00
0.00
22.00
15.00
0.00
18.00
295.00
262.00
161.00
556.00
353.00
266.00
207.00
1.00
0.00
15.00
45.00
93.00
0.00
0.00
0.00
0.00
1.00
107.00
9.00
84.00
15.00
149.00
6.00
54.00
9.00
0.00
2.00
208.00
75.00
18.00
39.00
12.00
75.00
85.00
0.00
0.00
2.00
52.00
54.00
4.00
0.00
26.00
0.00
0.00
0.00
0.00
34.00
63.00
8.00
11.00
0.00
30.00
2.00
1.00
0.00
0.00
89.00
18.00
37.00
113.00
20.00
174.00
541.00
13.00
13.00
31.00
79.00
14.00
0.00
0.00
15.00
92.00
125.00
27.00
187.00
590.00
1.00
0.00
8.00
130.00
30.00
53.00
14.00
1.00
26.00
68.00
24.00
17.00
0.00
4.00
43.00
23.00
56.00
68.00
97.00
52.00
22.00
92.00
19.00
20.00
3.00
68.00
70.00
29.00
80.00
14.00
1.00
112.00
35.00
4.00
0.00
70.00
131.00
31.00
30.00
64.00
111.00
17.00
11.00
21.00
14.00
118.00
7.00
0.00
13.00
38.00
72.00
112.00
19.00
11.00
119.00
40.00
22.00
2.00
9.00
46.00
61.00
31.00
71.00
152.00
21.00
33.00
67.00
6.00
0.00
8.00
61.00
1.00
33.00
189.00
254.00
18.00
0.00
172.00
9.00
4.00
18.00
17.00
9.00
0.00
2.00
0.00
43.00
1.00
3.00
46.00
36.00
0.00
6.00
43.00
9.00
8.00
383.00
21.00
60.00
65.00
0.00
39.00
60.00
77.00
1.00
131.00
55.00
31.00
364.00
47.00
1.00
0.00
0.00
3.00
0.00
12.00
0.00
27.00
11.00
0.00
0.00
98.00
5.00
1.00
0.00
0.00
0.00
2.00
34.00
84.00
645.00
0.00
0.00
0.00
0.00
0.00
0.00
1.00
1168.00
370.00
0.00
0.00
0.00
0.00
0.00
0.00
0.00
0.00
0.00
0.00
0.00
0.00
0.00
0.00
2.00
74.00
0.00
1.00
2.00
0.00
0.00
0.00
0.00
0.00
0.00
0.00
0.00
0.00
0.00
0.00
0.00
0.00
0.00
0.00
0.00
0.00
0.00
0.00
13.00
418.00
11.00
0.00
0.00
0.00
0.00
0.00
0.00
0.00
0.00
37.00
0.00
0.00
0.00
0.00
0.00
0.00
0.00
0.00
0.00
0.00
0.00
2.00
31.00
77.00
0.00
0.00
0.00
0.00
0.00
0.00
0.00
0.00
0.00
0.00
0.00
0.00
0.00
0.00
0.00
0.00
0.00
0.00
0.00
0.00
0.00
0.00
0.00
0.00
0.00
0.00
0.00
0.00
0.00
0.00
0.00
0.00
0.00
0.00
0.00
0.00
1.00
11.00
15.00
0.00
0.00
1.00
0.00
0.00
0.00
0.00
0.00
0.00
3.00
0.00
0.00
0.00
0.00
0.00
307.00
0.00
0.00
0.00
0.00
0.00
0.00
62.00
0.00
0.00
0.00
0.00
0.00
0.00
55.00
133.00
0.00
73.00
284.00
97.00
18.00
0.00
0.00
0.00
0.00
0.00
0.00
0.00
24.00
77.00
0.00
1.00
18.00
0.00
1.00
35.00
1.00
0.00
3.00
168.00
2.00
13.00
9.00
19.00
123.00
126.00
12.00
27.00
7.00
0.00
19.00
56.00
6.00
12.00
90.00
7.00
0.00
0.00
0.00
0.00
0.00
152.00
113.00
55.00
0.00
225.00
12.00
115.00
282.00
115.00
70.00
96.00
475.00
194.00
47.00
176.00
19.00
0.00
3.00
0.00
0.00
0.00
3.00
0.00
0.00
51.00
12.00
14.00
0.00
0.00
0.00
0.00
59.00
0.00
0.00
0.00
40.00
18.00
39.00
5.00
24.00
4.00
34.00
63.00
120.00
225.00
532.00
79.00
24.00
8.00
7.00
0.00
0.00
35.00
25.00
1.00
15.00
21.00
18.00
100.00
114.00
9.00
55.00
36.00
7.00
0.00
0.00
0.00
0.00
11.00
17.00
57.00
140.00
20.00
29.00
30.00
18.00
22.00
13.00
11.00
1.00
10.00
1.00
0.00
49.00
5.00
52.00
35.00
473.00
41.00
6.00
112.00
141.00
280.00
209.00
5.00
215.00
8.00
88.00
50.00
159.00
43.00
2.00
8.00
115.00
51.00
103.00
164.00
38.00
4.00
103.00
2.00
78.00
15.00
18.00
6.00
86.00
70.00
47.00
18.00
35.00
0.00
72.00
14.00
23.00
5.00
1.00
78.00
50.00
35.00
169.00
0.00
0.00
0.00
8.00
3.00
0.00
0.00
1.00
0.00
0.00
1.00
80.00
3.00
5.00
1.00
112.00
5.00
0.00
1.00
4.00
8.00
0.00
0.00
1.00
0.00
0.00
0.00
0.00
0.00
0.00
0.00
0.00
0.00
1.00
2.00
33.00
51.00
205.00
76.00
22.00
0.00
0.00
0.00
0.00
0.00
0.00
0.00
0.00
0.00
0.00
0.00
0.00
158.00
207.00
53.00
132.00
41.00
0.00
0.00
0.00
0.00
0.00
0.00
0.00
0.00
0.00
0.00
0.00
11.00
0.00
0.00
0.00
0.00
0.00
0.00
0.00
0.00
0.00
0.00
0.00
0.00
0.00
0.00
0.00
0.00
0.00
0.00
0.00
0.00
0.00
0.00
0.00
0.00
0.00
0.00
0.00
0.00
5.00
0.00
0.00
0.00
0.00
4.00
30.00
13.00
0.00
0.00
0.00
0.00
0.00
0.00
0.00
0.00
0.00
0.00
0.00
0.00
0.00
0.00
0.00
0.00
0.00
0.00
0.00
0.00
0.00
0.00
0.00
0.00
0.00
0.00
0.00
0.00
0.00
0.00
0.00
0.00
0.00
0.00
0.00
0.00
0.00
0.00
0.00
0.00
0.00
1.00
0.00
0.00
0.00
0.00
0.00
0.00
0.00
0.00
0.00
0.00
0.00
0.00
0.00
0.00
0.00
0.00
0.00
0.00
1.00
0.00
0.00
0.00
0.00
0.00
1.50
0.00
27.50
9.70
37.10
27.60
0.00
0.00
0.00
0.00
4.30
2.30
0.00
0.00
0.00
0.00
0.00
0.00
0.00
0.00
0.00
0.00
8.40
2.40
5.90
0.00
0.90
0.50
0.00
0.00
0.00
0.60
13.10
0.00
0.00
0.00
11.30
35.80
33.40
0.00
107.90
3.80
0.70
3.90
15.20
4.50
0.10
0.00
0.00
0.70
0.00
5.10
0.00
17.80
0.00
0.20
0.90
0.00
2.30
0.00
0.00
0.00
0.00
0.00
4.80
2.60
1.20
1.20
3.10
8.90
5.80
0.00
0.00
0.00
0.00
1.50
0.00
2.60
3.30
2.70
0.00
0.10
0.30
0.20
0.30
0.00
0.00
0.00
0.50
0.50
3.60
0.00
0.00
0.00
0.00
0.00
0.00
4.50
0.00
0.00
6.70
0.00
0.00
0.00
0.10
0.70
2.80
0.00
0.00
0.10
0.00
7.50
1.30
0.00
0.00
6.70
2.10
3.20
1.70
0.30
3.60
0.10
0.40
0.70
0.70
0.50
1.40
1.00
0.20
0.00
0.00
0.40
7.70
0.90
1.30
0.20
3.30
3.30
0.10
0.10
6.00
4.00
4.00
0.10
0.80
4.00
4.00
4.00
6.30
7.20
0.00
1.30
7.10
1.70
1.70
0.00
0.20
4.90
1.60
2.00
0.70
0.10
0.20
12.30
0.70
2.20
2.10
6.50
17.50
2.70
0.30
0.00
3.10
1.40
1.00
0.00
0.90
1.00
3.80
7.80
7.50
22.50
1.80
0.00
0.00
0.00
24.10
0.00
8.50
1.70
0.90
0.40
0.00
0.00
1.00
0.20
0.00
1.20
1.80
9.30
11.90
4.00
1.20
0.10
1.80
9.10
1.10
0.00
0.00
1.90
3.20
11.20
7.40
8.10
5.10
10.50
0.00
1.20
1.40
0.10
0.10
5.10
0.00
0.00
1.90
2.70
0.40
0.20
1.90
4.60
0.00
0.00
0.00
0.00
2.40
0.50
0.00
0.00
0.00
0.00
0.50
5.80
0.10
0.00
1.50
1.50
