20160101
0.00
0.00
0.00
0.00
0.00
0.00
0.00
0.00
11.00
0.00
0.00
0.00
6.00
0.00
0.00
0.00
0.00
0.00
0.00
67.00
0.00
0.00
0.00
0.00
0.00
3.00
0.00
0.00
0.00
0.00
0.00
0.00
0.00
0.00
0.00
0.00
0.00
3.00
18.00
0.00
0.00
0.00
0.00
0.00
0.00
0.00
0.00
0.00
0.00
0.00
0.00
0.00
0.00
33.00
2.00
0.00
7.00
0.00
0.00
0.00
0.00
0.00
4.00
53.00
0.00
87.00
0.00
0.00
0.00
0.00
0.00
0.00
14.00
2.00
1.00
1.00
0.00
0.00
1.00
40.00
0.00
0.00
12.00
0.00
0.00
0.00
25.00
304.00
51.00
94.00
70.00
0.00
0.00
4.00
11.00
119.00
5.00
44.00
81.00
1.00
0.00
5.00
0.00
4.00
216.00
39.00
234.00
219.00
69.00
140.00
71.00
5.00
1.00
377.00
138.00
6.00
88.00
61.00
173.00
69.00
329.00
50.00
44.00
18.00
21.00
10.00
35.00
3.00
4.00
2.00
0.00
102.00
44.00
58.00
7.00
179.00
406.00
277.00
109.00
33.00
106.00
490.00
0.00
0.00
6.00
0.00
3.00
34.00
9.00
51.00
0.00
58.00
16.00
0.00
0.00
170.00
24.00
132.00
163.00
42.00
25.00
34.00
10.00
40.00
6.00
0.00
36.00
21.00
223.00
0.00
0.00
29.00
0.00
7.00
1.00
0.00
30.00
4.00
179.00
26.00
45.00
22.00
119.00
113.00
859.00
130.00
28.00
19.00
2.00
12.00
34.00
8.00
37.00
6.00
2.00
5.00
30.00
10.00
0.00
1.00
1.00
2.00
38.00
22.00
33.00
26.00
111.00
42.00
27.00
71.00
38.00
350.00
14.00
38.00
0.00
2.00
133.00
66.00
117.00
15.00
164.00
72.00
156.00
121.00
100.00
3.00
63.00
27.00
8.00
55.00
24.00
2.00
145.00
136.00
0.00
2.00
0.00
240.00
0.00
32.00
29.00
66.00
54.00
26.00
43.00
29.00
161.00
21.00
75.00
27.00
46.00
6.00
8.00
70.00
47.00
79.00
101.00
23.00
12.00
260.00
126.00
46.00
40.00
144.00
195.00
19.00
52.00
27.00
119.00
14.00
0.00
168.00
105.00
99.00
211.00
26.00
0.00
0.00
0.00
31.00
66.00
1.00
115.00
63.00
35.00
33.00
0.00
0.00
0.00
0.00
0.00
0.00
0.00
0.00
0.00
0.00
0.00
2.00
0.00
0.00
62.00
0.00
0.00
0.00
0.00
0.00
0.00
2.00
58.00
208.00
353.00
79.00
0.00
0.00
0.00
0.00
0.00
0.00
0.00
0.00
0.00
0.00
0.00
0.00
0.00
0.00
0.00
0.00
0.00
0.00
0.00
0.00
0.00
0.00
0.00
2.00
0.00
0.00
0.00
0.00
0.00
0.00
0.00
0.00
0.00
0.00
0.00
0.00
0.00
0.00
0.00
0.00
0.00
0.00
0.00
0.00
0.00
0.00
0.00
0.00
54.00
0.00
0.00
0.00
0.00
0.00
0.00
0.00
0.00
27.00
0.00
0.00
0.00
0.00
0.00
0.00
0.00
0.00
0.00
0.00
0.00
0.00
0.00
0.00
0.00
0.00
0.00
0.00
0.00
0.00
0.00
0.00
12.00
0.00
0.00
0.00
0.00
0.00
0.00
0.00
0.00
0.00
0.00
0.00
0.00
0.00
0.00
0.00
0.00
0.00
0.00
0.00
0.00
0.00
0.00
0.00
0.00
11.00
51.00
0.00
0.00
0.00
0.00
0.00
0.00
0.00
0.00
0.00
8.00
99.00
0.00
0.00
118.00
0.00
488.00
54.00
2.00
0.00
0.00
0.00
0.00
46.00
269.00
24.00
131.00
0.00
0.00
0.00
8.00
30.00
0.00
2.00
16.00
112.00
107.00
287.00
576.00
812.00
1122.00
173.00
0.00
0.00
32.00
228.00
3.00
0.00
0.00
0.00
0.00
0.00
65.00
8.00
0.00
0.00
164.00
30.00
47.00
13.00
0.00
1.00
30.00
54.00
65.00
149.00
7.00
124.00
14.00
0.00
17.00
5.00
155.00
219.00
0.00
15.00
64.00
6.00
6.00
0.00
22.00
74.00
21.00
24.00
0.00
38.00
51.00
85.00
38.00
40.00
21.00
106.00
103.00
153.00
4.00
115.00
131.00
770.00
25.00
196.00
397.00
246.00
0.00
2.00
9.00
12.00
419.00
47.00
267.00
729.00
159.00
47.00
0.00
8.00
258.00
396.00
181.00
231.00
4.00
9.00
18.00
68.00
102.00
78.00
85.00
15.00
92.00
35.00
337.00
22.00
22.00
72.00
91.00
301.00
30.00
28.00
28.00
79.00
201.00
70.00
40.00
50.00
30.00
77.00
40.00
1.00
77.00
261.00
82.00
86.00
81.00
103.00
30.00
43.00
28.00
38.00
149.00
54.00
35.00
0.00
0.00
19.00
101.00
110.00
35.00
22.00
34.00
12.00
10.00
105.00
554.00
265.00
15.00
1.00
8.00
122.00
57.00
26.00
1.00
35.00
49.00
0.00
5.00
19.00
283.00
175.00
2.00
58.00
21.00
27.00
68.00
27.00
1.00
120.00
41.00
0.00
1.00
20.00
2.00
0.00
26.00
98.00
0.00
30.00
1.00
17.00
6.00
50.00
3.00
92.00
27.00
0.00
0.00
67.00
58.00
0.00
90.00
129.00
218.00
76.00
30.00
58.00
332.00
10.00
0.00
0.00
81.00
4.00
81.00
46.00
0.00
0.00
52.00
27.00
1.00
1.00
0.00
2.00
6.00
67.00
470.00
963.00
0.00
0.00
0.00
0.00
0.00
0.00
0.00
668.00
1173.00
0.00
0.00
0.00
0.00
0.00
0.00
0.00
0.00
0.00
0.00
0.00
0.00
0.00
0.00
15.00
193.00
15.00
1.00
0.00
0.00
0.00
0.00
0.00
0.00
0.00
0.00
0.00
0.00
0.00
0.00
0.00
0.00
0.00
0.00
0.00
0.00
0.00
4.00
7.00
143.00
186.00
0.00
0.00
0.00
0.00
0.00
0.00
0.00
0.00
18.00
0.00
0.00
0.00
0.00
0.00
0.00
0.00
0.00
0.00
0.00
0.00
92.00
135.00
30.00
0.00
0.00
0.00
0.00
0.00
0.00
0.00
0.00
0.00
0.00
0.00
0.00
0.00
0.00
0.00
0.00
0.00
0.00
0.00
0.00
0.00
0.00
0.00
0.00
0.00
0.00
0.00
0.00
0.00
0.00
0.00
0.00
0.00
0.00
1.00
4.00
0.00
0.00
8.00
19.00
0.00
0.00
0.00
0.00
0.00
0.00
0.00
0.00
1.00
0.00
0.00
0.00
0.00
167.00
1089.00
0.00
0.00
0.00
0.00
0.00
0.00
40.00
0.00
0.00
0.00
0.00
0.00
0.00
56.00
47.00
0.00
0.00
148.00
10.00
0.00
0.00
0.00
0.00
0.00
0.00
15.00
0.00
5.00
27.00
0.00
81.00
63.00
12.00
45.00
15.00
0.00
0.00
11.00
0.00
21.00
55.00
17.00
42.00
35.00
198.00
0.00
42.00
11.00
9.00
36.00
147.00
39.00
1.00
59.00
11.00
1.00
0.00
0.00
6.00
3.00
194.00
24.00
81.00
146.00
56.00
11.00
92.00
21.00
127.00
130.00
10.00
843.00
314.00
81.00
0.00
157.00
0.00
13.00
0.00
0.00
0.00
1.00
0.00
0.00
0.00
16.00
52.00
231.00
37.00
7.00
8.00
0.00
5.00
1.00
0.00
37.00
3.00
3.00
0.00
17.00
0.00
52.00
248.00
96.00
248.00
1094.00
948.00
815.00
61.00
69.00
13.00
0.00
0.00
0.00
0.00
0.00
12.00
7.00
26.00
26.00
90.00
0.00
0.00
1.00
10.00
86.00
140.00
149.00
16.00
12.00
42.00
2.00
0.00
1.00
117.00
134.00
74.00
19.00
50.00
70.00
24.00
9.00
2.00
208.00
125.00
20.00
20.00
114.00
80.00
56.00
47.00
26.00
27.00
146.00
696.00
374.00
4.00
4.00
65.00
195.00
8.00
65.00
110.00
2.00
25.00
25.00
33.00
17.00
9.00
70.00
107.00
3.00
12.00
12.00
99.00
26.00
0.00
39.00
33.00
113.00
221.00
27.00
4.00
1.00
0.00
18.00
20.00
4.00
4.00
77.00
0.00
0.00
0.00
1.00
34.00
2.00
228.00
209.00
79.00
0.00
0.00
0.00
0.00
21.00
43.00
34.00
40.00
29.00
1.00
1.00
0.00
0.00
23.00
3.00
0.00
0.00
0.00
0.00
0.00
0.00
0.00
0.00
0.00
0.00
0.00
17.00
49.00
236.00
216.00
37.00
0.00
0.00
0.00
0.00
0.00
0.00
0.00
0.00
0.00
0.00
0.00
0.00
58.00
55.00
79.00
49.00
0.00
0.00
45.00
0.00
0.00
0.00
0.00
0.00
0.00
0.00
0.00
0.00
0.00
0.00
0.00
0.00
0.00
0.00
0.00
0.00
0.00
0.00
0.00
0.00
0.00
0.00
0.00
0.00
0.00
0.00
0.00
0.00
0.00
0.00
0.00
12.00
0.00
0.00
0.00
0.00
0.00
0.00
0.00
0.00
0.00
0.00
4.00
143.00
708.00
0.00
0.00
0.00
0.00
0.00
0.00
0.00
0.00
0.00
0.00
0.00
0.00
0.00
0.00
0.00
0.00
0.00
0.00
0.00
0.00
0.00
0.00
0.00
0.00
0.00
0.00
0.00
0.00
0.00
0.00
0.00
0.00
0.00
0.00
0.00
0.00
0.00
0.00
0.00
0.00
0.00
0.00
0.00
0.00
0.00
0.00
0.00
0.00
0.00
0.00
0.00
0.00
3.00
0.00
0.00
0.00
0.00
0.00
0.00
0.00
0.00
0.00
0.00
0.00
0.00
0.00
0.00
0.00
19.30
0.20
91.60
44.20
0.00
0.00
0.00
0.00
0.00
0.00
0.00
0.00
0.00
0.00
0.00
0.00
0.00
0.00
0.10
2.80
7.50
8.80
18.90
0.00
0.00
4.30
0.00
0.00
0.00
8.20
2.90
0.00
0.00
0.00
48.80
12.90
24.70
0.00
23.60
11.80
37.50
10.20
19.30
9.70
0.00
0.00
0.00
0.00
14.00
7.40
5.30
8.40
0.50
2.90
11.20
0.70
4.50
0.00
0.00
0.00
0.10
0.40
21.70
9.40
3.80
3.80
0.10
24.20
105.70
1.10
0.00
2.60
8.80
27.40
18.00
23.10
9.70
6.80
0.50
6.30
0.00
7.50
14.20
0.00
0.00
3.80
27.70
27.70
5.70
1.70
2.00
1.90
0.10
0.10
0.50
22.10
0.00
1.50
23.90
2.80
0.20
2.20
3.60
0.00
0.10
1.60
0.00
0.70
1.70
71.30
12.80
5.40
4.00
15.70
24.90
10.00
8.60
0.10
0.00
0.70
8.60
55.50
30.00
4.60
0.00
6.40
0.90
4.60
3.30
2.60
16.50
34.40
25.50
5.60
9.20
9.20
47.40
47.40
4.30
0.50
0.50
0.00
2.10
0.50
0.50
0.50
1.30
3.70
1.60
4.60
30.80
22.90
27.20
10.60
0.00
6.90
4.30
7.70
97.90
11.80
2.30
0.60
6.30
9.50
17.80
0.40
1.10
0.00
17.40
4.90
0.50
5.50
0.20
0.00
0.00
0.50
0.10
1.60
14.00
6.10
7.40
0.00
0.00
35.90
14.50
3.90
0.60
11.60
1.00
2.70
7.10
8.60
2.10
21.00
2.10
1.40
0.70
2.20
2.40
9.70
0.50
0.50
0.50
4.10
0.60
2.80
1.20
0.20
12.00
5.00
11.60
20.20
17.30
8.60
0.00
5.80
4.90
7.40
7.40
13.60
0.00
0.00
0.00
8.80
36.40
3.00
5.70
3.10
0.00
0.00
0.00
0.00
0.10
0.70
0.00
0.00
0.00
6.30
3.20
0.40
1.20
0.20
0.80
5.90
