20160101
0.00
0.00
0.00
0.00
0.00
0.00
0.00
0.00
3.00
0.00
0.00
0.00
0.00
0.00
0.00
0.00
0.00
0.00
31.00
72.00
0.00
0.00
0.00
0.00
0.00
6.00
59.00
0.00
0.00
4.00
0.00
0.00
0.00
0.00
0.00
0.00
2.00
12.00
12.00
0.00
0.00
0.00
0.00
0.00
0.00
0.00
0.00
0.00
0.00
0.00
2.00
0.00
0.00
0.00
0.00
0.00
6.00
0.00
0.00
10.00
0.00
9.00
1.00
35.00
0.00
77.00
0.00
1.00
1.00
0.00
0.00
0.00
10.00
24.00
0.00
0.00
2.00
0.00
0.00
20.00
4.00
0.00
0.00
1.00
1.00
0.00
591.00
244.00
30.00
30.00
188.00
12.00
0.00
3.00
50.00
511.00
8.00
12.00
0.00
0.00
0.00
0.00
0.00
0.00
115.00
8.00
272.00
1252.00
383.00
123.00
608.00
26.00
2.00
3.00
1.00
7.00
305.00
92.00
335.00
101.00
28.00
175.00
25.00
31.00
58.00
112.00
156.00
321.00
5.00
42.00
64.00
21.00
142.00
181.00
226.00
594.00
588.00
344.00
233.00
136.00
75.00
218.00
0.00
82.00
101.00
26.00
0.00
8.00
11.00
13.00
5.00
87.00
49.00
22.00
83.00
24.00
13.00
133.00
0.00
2.00
35.00
193.00
22.00
67.00
1.00
70.00
139.00
520.00
38.00
5.00
17.00
54.00
154.00
378.00
171.00
36.00
21.00
97.00
210.00
20.00
57.00
1.00
35.00
161.00
256.00
116.00
103.00
66.00
2.00
231.00
156.00
77.00
21.00
0.00
7.00
45.00
81.00
232.00
310.00
176.00
380.00
410.00
1135.00
69.00
199.00
110.00
510.00
29.00
14.00
105.00
159.00
234.00
142.00
289.00
28.00
182.00
260.00
235.00
53.00
184.00
145.00
87.00
114.00
18.00
17.00
66.00
428.00
182.00
30.00
53.00
15.00
1.00
3.00
95.00
1.00
58.00
50.00
357.00
100.00
33.00
243.00
163.00
35.00
194.00
120.00
395.00
138.00
10.00
0.00
13.00
12.00
5.00
0.00
39.00
210.00
154.00
190.00
13.00
123.00
228.00
22.00
314.00
152.00
131.00
106.00
39.00
44.00
1.00
220.00
1.00
10.00
150.00
3.00
5.00
60.00
77.00
57.00
119.00
115.00
199.00
16.00
46.00
270.00
658.00
226.00
6.00
7.00
0.00
0.00
0.00
0.00
0.00
0.00
0.00
0.00
0.00
0.00
0.00
0.00
0.00
131.00
0.00
0.00
8.00
1.00
0.00
0.00
5.00
23.00
73.00
0.00
0.00
0.00
0.00
0.00
0.00
0.00
0.00
0.00
0.00
0.00
0.00
0.00
0.00
0.00
0.00
0.00
0.00
0.00
0.00
0.00
14.00
55.00
60.00
0.00
3.00
0.00
0.00
0.00
220.00
0.00
405.00
0.00
0.00
0.00
30.00
2.00
0.00
0.00
22.00
0.00
0.00
0.00
0.00
0.00
0.00
0.00
1.00
0.00
0.00
256.00
0.00
0.00
0.00
5.00
24.00
0.00
46.00
5.00
395.00
3.00
0.00
0.00
0.00
0.00
104.00
0.00
0.00
0.00
0.00
0.00
0.00
0.00
0.00
0.00
0.00
0.00
0.00
0.00
0.00
0.00
3.00
9.00
62.00
0.00
3.00
0.00
0.00
0.00
0.00
0.00
0.00
0.00
0.00
0.00
0.00
0.00
0.00
1.00
0.00
0.00
2.00
1.00
0.00
0.00
1.00
1.00
18.00
0.00
0.00
0.00
0.00
0.00
0.00
0.00
0.00
0.00
0.00
5.00
0.00
0.00
1.00
110.00
26.00
49.00
0.00
1.00
0.00
0.00
0.00
0.00
0.00
78.00
65.00
114.00
1.00
0.00
0.00
0.00
257.00
90.00
10.00
25.00
30.00
199.00
157.00
539.00
611.00
942.00
347.00
7.00
0.00
36.00
0.00
0.00
0.00
0.00
0.00
68.00
0.00
246.00
18.00
0.00
11.00
223.00
51.00
600.00
387.00
0.00
29.00
1.00
45.00
15.00
203.00
4.00
108.00
8.00
0.00
110.00
216.00
293.00
363.00
0.00
44.00
78.00
7.00
15.00
3.00
39.00
103.00
334.00
29.00
14.00
270.00
23.00
189.00
7.00
74.00
163.00
221.00
374.00
120.00
1.00
43.00
242.00
286.00
59.00
43.00
228.00
17.00
0.00
27.00
0.00
90.00
44.00
299.00
191.00
277.00
1206.00
543.00
138.00
7.00
630.00
65.00
89.00
95.00
0.00
192.00
326.00
8.00
258.00
36.00
149.00
104.00
17.00
111.00
246.00
230.00
120.00
501.00
211.00
155.00
61.00
31.00
206.00
256.00
189.00
77.00
89.00
64.00
145.00
147.00
169.00
123.00
415.00
217.00
69.00
140.00
78.00
199.00
64.00
41.00
12.00
62.00
74.00
132.00
27.00
16.00
43.00
119.00
221.00
179.00
156.00
117.00
118.00
25.00
240.00
1305.00
1192.00
1334.00
541.00
190.00
29.00
68.00
158.00
74.00
79.00
204.00
54.00
193.00
226.00
127.00
183.00
488.00
108.00
41.00
12.00
36.00
331.00
67.00
469.00
42.00
13.00
2.00
0.00
4.00
73.00
173.00
117.00
134.00
133.00
18.00
78.00
101.00
0.00
406.00
110.00
341.00
119.00
140.00
32.00
12.00
21.00
0.00
11.00
134.00
197.00
272.00
254.00
11.00
51.00
20.00
81.00
190.00
90.00
68.00
66.00
29.00
52.00
91.00
44.00
339.00
183.00
35.00
0.00
1.00
12.00
85.00
505.00
595.00
0.00
0.00
0.00
0.00
0.00
0.00
0.00
12.00
43.00
4.00
0.00
8.00
0.00
35.00
0.00
0.00
0.00
10.00
0.00
0.00
0.00
0.00
0.00
5.00
160.00
80.00
1.00
0.00
0.00
0.00
0.00
0.00
2.00
0.00
0.00
0.00
0.00
0.00
0.00
0.00
0.00
0.00
0.00
0.00
0.00
0.00
6.00
6.00
174.00
1.00
0.00
0.00
0.00
0.00
0.00
0.00
0.00
9.00
12.00
11.00
1.00
0.00
0.00
0.00
5.00
0.00
0.00
0.00
4.00
0.00
5.00
42.00
9.00
0.00
0.00
0.00
0.00
0.00
0.00
0.00
0.00
0.00
0.00
0.00
0.00
0.00
0.00
0.00
0.00
0.00
0.00
0.00
0.00
5.00
0.00
0.00
0.00
0.00
0.00
0.00
0.00
0.00
0.00
0.00
0.00
0.00
3.00
46.00
238.00
25.00
0.00
26.00
7.00
79.00
97.00
202.00
0.00
0.00
0.00
0.00
0.00
59.00
0.00
0.00
0.00
1.00
339.00
35.00
0.00
0.00
0.00
0.00
0.00
0.00
1.00
0.00
0.00
0.00
0.00
0.00
0.00
71.00
116.00
6.00
15.00
0.00
14.00
0.00
0.00
0.00
0.00
0.00
1.00
4.00
0.00
73.00
8.00
3.00
402.00
255.00
207.00
4.00
5.00
93.00
132.00
76.00
35.00
65.00
64.00
66.00
14.00
91.00
97.00
166.00
72.00
56.00
142.00
18.00
67.00
6.00
92.00
56.00
0.00
14.00
16.00
32.00
162.00
27.00
34.00
15.00
88.00
125.00
260.00
37.00
127.00
6.00
119.00
155.00
56.00
305.00
142.00
96.00
20.00
24.00
0.00
144.00
0.00
3.00
5.00
0.00
0.00
1.00
6.00
69.00
56.00
202.00
100.00
114.00
115.00
4.00
23.00
26.00
35.00
0.00
11.00
21.00
2.00
5.00
14.00
39.00
59.00
195.00
60.00
11.00
99.00
677.00
101.00
86.00
26.00
71.00
25.00
0.00
37.00
0.00
3.00
27.00
68.00
73.00
11.00
31.00
3.00
82.00
184.00
432.00
153.00
234.00
104.00
23.00
100.00
10.00
32.00
4.00
30.00
52.00
53.00
141.00
110.00
116.00
31.00
102.00
209.00
571.00
141.00
23.00
55.00
296.00
45.00
5.00
146.00
63.00
213.00
421.00
212.00
47.00
275.00
41.00
96.00
75.00
62.00
152.00
77.00
39.00
11.00
32.00
174.00
253.00
161.00
402.00
102.00
246.00
39.00
115.00
65.00
80.00
9.00
101.00
170.00
88.00
169.00
188.00
23.00
10.00
86.00
122.00
60.00
165.00
124.00
190.00
99.00
2.00
0.00
0.00
1.00
41.00
410.00
327.00
22.00
82.00
0.00
105.00
26.00
12.00
40.00
32.00
9.00
9.00
11.00
17.00
4.00
2.00
5.00
7.00
2.00
0.00
0.00
9.00
0.00
8.00
21.00
0.00
0.00
0.00
0.00
37.00
110.00
25.00
10.00
0.00
0.00
0.00
0.00
0.00
0.00
0.00
0.00
0.00
0.00
0.00
0.00
0.00
0.00
0.00
0.00
248.00
0.00
43.00
0.00
0.00
3.00
7.00
0.00
0.00
0.00
30.00
0.00
0.00
0.00
0.00
0.00
0.00
0.00
0.00
0.00
0.00
0.00
0.00
0.00
0.00
0.00
0.00
0.00
0.00
17.00
2.00
0.00
0.00
0.00
0.00
0.00
156.00
0.00
0.00
0.00
0.00
0.00
0.00
0.00
0.00
0.00
0.00
75.00
295.00
671.00
0.00
0.00
0.00
0.00
0.00
0.00
0.00
0.00
0.00
0.00
0.00
0.00
0.00
0.00
0.00
0.00
0.00
0.00
0.00
0.00
0.00
0.00
13.00
0.00
0.00
0.00
0.00
0.00
0.00
0.00
0.00
0.00
0.00
0.00
0.00
0.00
0.00
0.00
0.00
0.00
0.00
2.00
0.00
0.00
1.00
0.00
0.00
0.00
0.00
0.00
1.00
82.00
2.00
0.00
0.00
0.00
0.00
0.00
6.00
41.00
0.00
0.00
0.00
0.00
0.00
0.00
0.00
4.60
17.40
0.00
86.00
8.10
0.00
1.50
2.10
10.00
0.00
0.00
0.00
0.00
0.00
0.00
0.00
0.00
0.00
3.40
2.40
0.00
0.70
17.00
15.90
0.00
0.00
0.00
0.00
0.00
0.00
29.30
38.40
0.00
17.90
4.30
188.70
6.50
24.90
0.10
15.40
15.40
21.10
6.20
9.70
47.40
0.30
0.00
1.70
4.10
12.20
39.90
23.60
0.20
0.10
0.70
50.90
33.80
1.40
0.10
1.70
0.00
3.30
0.20
14.10
8.30
6.40
6.40
11.20
46.40
107.80
0.10
0.00
70.40
1.10
0.30
51.00
82.80
23.90
27.50
9.80
14.50
2.30
49.90
58.60
0.40
0.40
12.10
21.30
21.30
71.00
3.30
17.80
8.10
4.10
3.90
21.00
10.00
5.80
11.80
34.00
2.30
1.10
0.60
8.70
0.40
0.10
0.10
1.60
1.50
11.60
10.70
4.40
39.50
2.60
3.40
5.80
26.30
45.30
2.00
0.00
2.30
15.00
147.90
64.20
42.40
2.20
11.50
14.20
2.40
1.80
7.50
15.50
31.20
72.50
87.80
278.40
278.40
49.90
49.90
45.10
2.00
2.00
2.90
0.00
2.00
2.00
2.00
1.70
6.90
47.40
9.60
16.90
15.70
6.60
2.20
0.90
3.30
20.30
10.90
14.30
8.60
41.60
3.80
8.40
9.00
6.10
4.90
19.10
8.00
53.00
6.80
15.00
6.60
2.90
5.50
0.10
1.40
9.20
2.50
43.80
42.60
35.20
14.10
3.40
7.40
8.90
26.50
29.40
9.50
15.40
12.90
70.20
12.40
1.90
11.30
2.40
1.30
6.50
8.20
20.20
46.20
60.00
3.60
5.30
8.80
6.50
9.70
2.50
0.40
14.80
25.70
7.80
19.00
41.70
2.20
23.50
21.60
9.00
76.20
76.20
29.80
0.70
3.50
3.00
1.60
16.90
14.90
18.10
1.10
0.50
0.30
0.10
0.10
1.20
7.90
0.50
1.50
4.30
1.90
2.60
0.00
0.30
1.80
20.20
109.10
