20160101
0.00
0.00
0.00
0.00
0.00
0.00
0.00
0.00
48.00
0.00
0.00
0.00
0.00
0.00
0.00
0.00
0.00
0.00
0.00
135.00
0.00
0.00
0.00
0.00
0.00
0.00
0.00
0.00
0.00
0.00
0.00
0.00
0.00
0.00
0.00
0.00
0.00
4.00
6.00
0.00
0.00
0.00
0.00
0.00
0.00
0.00
0.00
0.00
0.00
0.00
0.00
1.00
0.00
4.00
80.00
0.00
1.00
2.00
0.00
0.00
0.00
0.00
0.00
36.00
0.00
93.00
0.00
0.00
0.00
0.00
0.00
0.00
33.00
1.00
0.00
2.00
0.00
0.00
0.00
0.00
0.00
0.00
4.00
0.00
0.00
0.00
27.00
409.00
42.00
102.00
69.00
8.00
0.00
17.00
8.00
130.00
13.00
54.00
75.00
0.00
0.00
0.00
7.00
8.00
216.00
113.00
340.00
142.00
94.00
124.00
64.00
0.00
15.00
655.00
190.00
7.00
112.00
97.00
203.00
87.00
249.00
46.00
20.00
12.00
28.00
9.00
3.00
2.00
2.00
1.00
0.00
127.00
54.00
81.00
23.00
213.00
808.00
475.00
99.00
30.00
88.00
501.00
0.00
0.00
23.00
9.00
7.00
38.00
15.00
101.00
7.00
57.00
24.00
0.00
0.00
296.00
54.00
248.00
600.00
36.00
24.00
128.00
49.00
15.00
0.00
4.00
163.00
13.00
111.00
16.00
0.00
8.00
1.00
8.00
1.00
2.00
44.00
14.00
45.00
10.00
12.00
31.00
162.00
171.00
285.00
46.00
33.00
20.00
9.00
1.00
8.00
1.00
60.00
7.00
12.00
9.00
123.00
3.00
0.00
8.00
0.00
2.00
8.00
48.00
39.00
46.00
106.00
19.00
13.00
57.00
13.00
287.00
22.00
32.00
0.00
9.00
45.00
28.00
100.00
33.00
109.00
31.00
100.00
56.00
43.00
16.00
57.00
11.00
8.00
12.00
24.00
8.00
182.00
91.00
0.00
17.00
0.00
260.00
0.00
17.00
43.00
94.00
85.00
45.00
26.00
14.00
85.00
68.00
156.00
36.00
50.00
3.00
0.00
64.00
31.00
124.00
107.00
4.00
0.00
146.00
86.00
28.00
85.00
43.00
39.00
27.00
52.00
19.00
405.00
99.00
0.00
221.00
30.00
453.00
287.00
1.00
2.00
0.00
0.00
35.00
163.00
43.00
227.00
78.00
18.00
66.00
0.00
0.00
0.00
0.00
0.00
0.00
0.00
0.00
0.00
0.00
0.00
0.00
0.00
0.00
103.00
1.00
3.00
0.00
0.00
0.00
0.00
6.00
71.00
192.00
344.00
77.00
0.00
0.00
0.00
0.00
0.00
0.00
0.00
0.00
0.00
0.00
0.00
0.00
0.00
0.00
0.00
0.00
0.00
0.00
0.00
0.00
0.00
0.00
0.00
30.00
2.00
0.00
0.00
0.00
0.00
0.00
0.00
0.00
0.00
0.00
0.00
0.00
0.00
0.00
0.00
0.00
0.00
0.00
0.00
0.00
0.00
0.00
0.00
0.00
107.00
0.00
0.00
0.00
0.00
0.00
0.00
0.00
0.00
29.00
0.00
0.00
0.00
0.00
0.00
0.00
0.00
0.00
0.00
0.00
0.00
0.00
0.00
0.00
0.00
0.00
0.00
0.00
0.00
0.00
0.00
0.00
12.00
0.00
0.00
0.00
0.00
0.00
0.00
0.00
0.00
0.00
0.00
0.00
0.00
0.00
0.00
0.00
0.00
0.00
0.00
0.00
0.00
0.00
0.00
0.00
6.00
43.00
305.00
0.00
0.00
0.00
0.00
0.00
0.00
0.00
0.00
0.00
9.00
77.00
0.00
0.00
138.00
7.00
384.00
28.00
0.00
0.00
0.00
0.00
0.00
90.00
320.00
42.00
129.00
0.00
0.00
0.00
11.00
34.00
0.00
5.00
12.00
143.00
125.00
393.00
726.00
734.00
999.00
140.00
0.00
0.00
51.00
236.00
28.00
0.00
0.00
0.00
0.00
1.00
72.00
2.00
0.00
0.00
189.00
28.00
43.00
10.00
0.00
3.00
63.00
86.00
73.00
240.00
12.00
107.00
30.00
0.00
10.00
8.00
156.00
327.00
2.00
12.00
85.00
2.00
2.00
0.00
39.00
34.00
37.00
31.00
1.00
30.00
68.00
38.00
13.00
88.00
0.00
189.00
86.00
133.00
19.00
35.00
123.00
654.00
65.00
243.00
234.00
488.00
1.00
0.00
0.00
5.00
164.00
28.00
249.00
496.00
191.00
70.00
0.00
0.00
29.00
382.00
131.00
225.00
0.00
31.00
25.00
55.00
156.00
122.00
106.00
54.00
114.00
41.00
415.00
44.00
29.00
80.00
136.00
131.00
29.00
49.00
31.00
86.00
111.00
69.00
42.00
36.00
99.00
98.00
36.00
8.00
210.00
211.00
99.00
14.00
52.00
59.00
13.00
18.00
27.00
19.00
108.00
27.00
23.00
0.00
0.00
13.00
99.00
88.00
31.00
37.00
19.00
11.00
1.00
59.00
446.00
279.00
44.00
4.00
39.00
131.00
39.00
1.00
0.00
20.00
44.00
0.00
1.00
8.00
442.00
235.00
7.00
44.00
10.00
23.00
50.00
50.00
9.00
104.00
78.00
0.00
0.00
7.00
4.00
2.00
12.00
64.00
6.00
25.00
27.00
27.00
0.00
108.00
13.00
84.00
92.00
0.00
0.00
7.00
46.00
0.00
73.00
128.00
69.00
28.00
26.00
5.00
246.00
6.00
1.00
0.00
27.00
3.00
184.00
107.00
0.00
0.00
48.00
35.00
5.00
0.00
0.00
0.00
5.00
102.00
412.00
825.00
0.00
0.00
0.00
0.00
0.00
0.00
0.00
412.00
1581.00
0.00
0.00
0.00
0.00
0.00
0.00
0.00
0.00
0.00
0.00
0.00
0.00
0.00
0.00
19.00
195.00
34.00
1.00
0.00
0.00
0.00
0.00
0.00
0.00
0.00
0.00
0.00
0.00
0.00
0.00
0.00
0.00
0.00
0.00
0.00
0.00
0.00
10.00
23.00
361.00
250.00
0.00
0.00
0.00
0.00
0.00
0.00
0.00
0.00
19.00
0.00
0.00
0.00
0.00
0.00
0.00
0.00
0.00
0.00
0.00
0.00
0.00
183.00
4.00
16.00
0.00
0.00
0.00
0.00
0.00
0.00
0.00
0.00
0.00
0.00
0.00
0.00
0.00
0.00
0.00
0.00
0.00
0.00
0.00
0.00
0.00
0.00
0.00
0.00
0.00
0.00
0.00
0.00
0.00
0.00
0.00
0.00
0.00
0.00
0.00
0.00
1.00
17.00
4.00
0.00
0.00
0.00
0.00
0.00
0.00
0.00
0.00
0.00
0.00
0.00
0.00
0.00
101.00
1342.00
0.00
0.00
0.00
0.00
0.00
0.00
121.00
0.00
0.00
0.00
0.00
0.00
0.00
72.00
47.00
0.00
9.00
146.00
48.00
0.00
0.00
0.00
0.00
0.00
0.00
14.00
0.00
11.00
0.00
0.00
146.00
61.00
30.00
15.00
14.00
1.00
0.00
34.00
0.00
10.00
130.00
15.00
27.00
47.00
213.00
0.00
58.00
1.00
9.00
40.00
41.00
38.00
9.00
119.00
18.00
0.00
1.00
0.00
0.00
1.00
223.00
32.00
74.00
38.00
84.00
21.00
92.00
21.00
245.00
113.00
37.00
884.00
357.00
79.00
73.00
169.00
0.00
9.00
0.00
0.00
0.00
0.00
0.00
0.00
0.00
0.00
10.00
181.00
34.00
40.00
14.00
22.00
1.00
2.00
0.00
34.00
3.00
14.00
28.00
18.00
0.00
107.00
480.00
55.00
296.00
1341.00
640.00
741.00
109.00
44.00
0.00
0.00
0.00
0.00
5.00
0.00
16.00
10.00
2.00
18.00
26.00
2.00
0.00
0.00
3.00
33.00
146.00
93.00
0.00
13.00
28.00
22.00
9.00
54.00
32.00
114.00
49.00
19.00
9.00
26.00
36.00
12.00
0.00
114.00
103.00
27.00
22.00
298.00
233.00
49.00
0.00
48.00
44.00
122.00
617.00
187.00
7.00
6.00
83.00
82.00
9.00
29.00
114.00
6.00
8.00
32.00
70.00
30.00
3.00
51.00
159.00
2.00
39.00
3.00
47.00
23.00
0.00
95.00
25.00
64.00
118.00
6.00
1.00
0.00
0.00
20.00
53.00
2.00
0.00
56.00
0.00
1.00
0.00
0.00
16.00
2.00
124.00
307.00
35.00
0.00
5.00
5.00
0.00
33.00
26.00
1.00
39.00
0.00
5.00
1.00
0.00
0.00
19.00
0.00
0.00
2.00
1.00
0.00
0.00
2.00
0.00
0.00
0.00
0.00
0.00
28.00
39.00
369.00
423.00
56.00
0.00
0.00
0.00
0.00
0.00
0.00
0.00
0.00
0.00
0.00
0.00
0.00
195.00
145.00
34.00
58.00
0.00
0.00
3.00
0.00
0.00
0.00
0.00
0.00
0.00
0.00
0.00
0.00
0.00
0.00
0.00
0.00
0.00
0.00
0.00
0.00
0.00
0.00
0.00
0.00
0.00
0.00
0.00
0.00
0.00
0.00
0.00
0.00
0.00
0.00
0.00
42.00
0.00
0.00
0.00
0.00
0.00
0.00
0.00
0.00
0.00
0.00
8.00
34.00
509.00
0.00
0.00
0.00
0.00
0.00
0.00
0.00
0.00
0.00
0.00
0.00
0.00
0.00
0.00
0.00
0.00
0.00
0.00
0.00
0.00
0.00
0.00
0.00
0.00
0.00
0.00
0.00
0.00
0.00
0.00
0.00
0.00
0.00
0.00
0.00
0.00
0.00
0.00
0.00
0.00
0.00
0.00
0.00
0.00
0.00
0.00
0.00
0.00
0.00
0.00
0.00
0.00
7.00
0.00
0.00
0.00
0.00
0.00
0.00
0.00
0.00
0.00
0.00
0.00
0.00
0.00
0.00
0.00
15.40
1.60
107.70
38.90
0.00
0.00
0.20
0.00
0.70
0.00
0.00
0.00
0.00
0.00
0.00
0.00
0.00
0.00
0.60
0.00
4.10
10.70
38.50
0.00
0.00
0.90
0.00
0.00
0.00
9.90
1.40
0.00
0.00
0.00
29.70
36.00
42.20
0.00
45.40
10.40
49.50
5.30
37.30
13.00
0.00
0.00
0.00
0.00
11.90
9.20
1.40
13.40
0.00
6.90
14.30
0.20
2.90
0.00
0.00
0.00
0.00
0.10
17.80
11.30
3.10
3.10
1.30
34.00
73.10
0.00
0.00
1.30
7.60
28.40
11.90
15.00
9.80
2.70
2.20
7.60
0.00
7.60
5.50
0.10
0.10
5.10
9.10
9.10
6.00
6.50
1.20
1.60
0.10
0.40
0.10
10.90
0.00
5.40
10.10
2.90
0.00
7.30
6.60
0.00
0.60
3.20
0.00
4.10
3.90
46.30
36.50
5.00
3.60
46.60
15.80
30.20
4.60
0.20
0.00
0.20
9.80
47.50
38.60
12.60
0.10
0.70
0.20
4.80
3.10
3.60
10.50
24.30
16.80
4.10
6.00
6.00
45.50
45.50
9.30
0.70
0.70
0.00
2.20
0.70
0.70
0.70
2.80
4.10
2.40
6.90
38.80
14.70
16.10
3.20
0.30
3.10
2.90
6.60
39.70
7.60
7.50
3.20
4.90
7.80
21.60
0.40
0.80
0.50
11.60
4.60
0.00
1.70
0.20
0.40
0.10
0.60
0.60
4.40
9.30
5.30
1.70
0.00
0.30
22.60
9.30
1.90
0.70
17.30
1.10
2.30
2.50
6.90
4.70
3.90
1.60
1.60
0.60
2.40
3.60
15.10
1.40
0.50
0.10
5.00
0.50
2.10
0.60
0.40
12.20
12.30
18.30
15.50
14.70
21.00
0.00
11.90
3.40
3.00
3.00
11.90
0.20
0.90
1.70
8.40
26.40
6.70
5.90
1.00
0.20
0.00
0.00
0.00
0.50
0.10
0.10
0.00
0.30
0.20
3.20
0.40
1.20
0.20
0.80
5.90
