20160101
0.00
0.00
0.00
0.00
0.00
0.00
0.00
0.00
0.00
0.00
0.00
0.00
0.00
0.00
0.00
0.00
0.00
0.00
30.00
3.00
0.00
0.00
0.00
0.00
0.00
0.00
0.00
0.00
0.00
0.00
0.00
0.00
0.00
0.00
0.00
0.00
0.00
0.00
9.00
0.00
0.00
0.00
0.00
0.00
0.00
0.00
0.00
0.00
0.00
0.00
7.00
0.00
0.00
0.00
0.00
0.00
5.00
0.00
0.00
0.00
0.00
0.00
0.00
0.00
0.00
2.00
0.00
0.00
0.00
0.00
0.00
0.00
4.00
7.00
0.00
0.00
0.00
0.00
5.00
2.00
0.00
0.00
0.00
0.00
0.00
0.00
22.00
284.00
0.00
321.00
275.00
11.00
0.00
0.00
1.00
24.00
0.00
0.00
0.00
0.00
0.00
0.00
0.00
0.00
0.00
0.00
110.00
18.00
36.00
0.00
19.00
0.00
0.00
0.00
0.00
0.00
2.00
248.00
9.00
0.00
0.00
6.00
0.00
88.00
47.00
149.00
6.00
351.00
28.00
28.00
223.00
14.00
35.00
102.00
248.00
148.00
1.00
19.00
236.00
166.00
108.00
20.00
0.00
0.00
242.00
100.00
0.00
63.00
0.00
0.00
12.00
53.00
0.00
0.00
0.00
4.00
5.00
17.00
0.00
0.00
2.00
0.00
255.00
7.00
0.00
86.00
513.00
308.00
2.00
11.00
17.00
30.00
107.00
15.00
917.00
420.00
37.00
52.00
101.00
1.00
1.00
2.00
61.00
180.00
136.00
322.00
153.00
1.00
35.00
187.00
67.00
49.00
74.00
47.00
98.00
47.00
31.00
158.00
182.00
205.00
71.00
101.00
382.00
44.00
186.00
29.00
254.00
28.00
6.00
63.00
283.00
119.00
61.00
175.00
184.00
7.00
75.00
71.00
16.00
41.00
28.00
36.00
83.00
75.00
3.00
32.00
68.00
106.00
126.00
77.00
2.00
0.00
0.00
16.00
0.00
6.00
25.00
214.00
10.00
0.00
228.00
20.00
147.00
120.00
45.00
248.00
0.00
51.00
1.00
8.00
2.00
0.00
0.00
33.00
37.00
62.00
1.00
10.00
287.00
21.00
65.00
77.00
203.00
0.00
192.00
0.00
174.00
47.00
654.00
101.00
0.00
112.00
271.00
0.00
0.00
0.00
13.00
0.00
0.00
0.00
203.00
17.00
468.00
258.00
62.00
11.00
0.00
0.00
0.00
0.00
0.00
0.00
0.00
0.00
0.00
0.00
0.00
0.00
0.00
0.00
32.00
0.00
0.00
0.00
0.00
0.00
0.00
1.00
9.00
21.00
0.00
0.00
0.00
0.00
0.00
0.00
0.00
0.00
0.00
0.00
0.00
0.00
0.00
0.00
0.00
0.00
0.00
0.00
0.00
0.00
0.00
0.00
0.00
0.00
0.00
2.00
0.00
0.00
0.00
0.00
0.00
0.00
0.00
0.00
0.00
0.00
0.00
0.00
0.00
0.00
0.00
0.00
0.00
0.00
0.00
0.00
0.00
0.00
0.00
0.00
48.00
0.00
0.00
0.00
0.00
0.00
0.00
0.00
0.00
0.00
0.00
0.00
0.00
0.00
0.00
128.00
0.00
0.00
0.00
0.00
0.00
0.00
0.00
0.00
0.00
0.00
0.00
0.00
0.00
0.00
0.00
7.00
18.00
46.00
0.00
0.00
0.00
0.00
0.00
0.00
0.00
0.00
0.00
0.00
0.00
0.00
0.00
0.00
0.00
0.00
0.00
0.00
0.00
0.00
0.00
0.00
0.00
0.00
0.00
0.00
0.00
0.00
0.00
0.00
0.00
0.00
0.00
0.00
48.00
0.00
0.00
0.00
20.00
0.00
154.00
0.00
0.00
0.00
0.00
0.00
0.00
0.00
305.00
19.00
139.00
0.00
0.00
0.00
0.00
489.00
0.00
27.00
726.00
40.00
5.00
60.00
207.00
331.00
106.00
0.00
231.00
5.00
12.00
46.00
0.00
0.00
0.00
0.00
0.00
0.00
735.00
64.00
0.00
21.00
252.00
172.00
817.00
476.00
0.00
146.00
27.00
0.00
0.00
327.00
0.00
480.00
14.00
0.00
306.00
125.00
29.00
11.00
0.00
17.00
575.00
11.00
131.00
9.00
6.00
550.00
508.00
0.00
40.00
523.00
10.00
85.00
38.00
296.00
2.00
0.00
60.00
269.00
0.00
7.00
91.00
61.00
332.00
32.00
236.00
135.00
0.00
24.00
0.00
32.00
81.00
85.00
64.00
2.00
902.00
16.00
128.00
5.00
300.00
29.00
564.00
399.00
3.00
20.00
55.00
2.00
46.00
3.00
3.00
3.00
13.00
36.00
136.00
412.00
5.00
485.00
227.00
58.00
17.00
54.00
38.00
232.00
117.00
193.00
55.00
0.00
7.00
1.00
125.00
17.00
297.00
243.00
12.00
4.00
42.00
316.00
115.00
138.00
5.00
9.00
15.00
184.00
18.00
37.00
255.00
16.00
51.00
26.00
96.00
214.00
70.00
7.00
275.00
461.00
1068.00
322.00
202.00
177.00
17.00
79.00
66.00
14.00
3.00
60.00
76.00
185.00
7.00
0.00
10.00
447.00
107.00
25.00
8.00
12.00
48.00
199.00
279.00
59.00
1.00
51.00
25.00
44.00
143.00
155.00
1036.00
121.00
8.00
1.00
9.00
8.00
0.00
184.00
115.00
172.00
213.00
0.00
5.00
2.00
53.00
2.00
0.00
115.00
105.00
401.00
569.00
244.00
149.00
0.00
0.00
0.00
2.00
0.00
22.00
0.00
2.00
0.00
6.00
179.00
59.00
12.00
0.00
0.00
1.00
15.00
911.00
826.00
0.00
0.00
0.00
0.00
0.00
0.00
0.00
0.00
74.00
0.00
0.00
0.00
0.00
0.00
0.00
0.00
0.00
0.00
0.00
0.00
0.00
0.00
2.00
1.00
120.00
63.00
1.00
0.00
0.00
0.00
0.00
0.00
0.00
0.00
0.00
0.00
0.00
0.00
0.00
0.00
0.00
0.00
0.00
0.00
0.00
0.00
1.00
2.00
35.00
0.00
0.00
0.00
0.00
0.00
0.00
0.00
0.00
0.00
5.00
0.00
0.00
0.00
0.00
0.00
0.00
0.00
0.00
0.00
0.00
0.00
0.00
2.00
0.00
0.00
0.00
0.00
0.00
0.00
0.00
0.00
0.00
0.00
0.00
0.00
0.00
0.00
0.00
0.00
0.00
0.00
0.00
0.00
0.00
0.00
0.00
0.00
0.00
0.00
0.00
0.00
0.00
0.00
0.00
0.00
0.00
0.00
0.00
0.00
327.00
40.00
11.00
3.00
19.00
45.00
132.00
163.00
0.00
0.00
0.00
0.00
0.00
0.00
0.00
0.00
0.00
0.00
286.00
33.00
0.00
0.00
0.00
0.00
0.00
0.00
0.00
0.00
0.00
0.00
0.00
0.00
0.00
10.00
0.00
0.00
0.00
8.00
0.00
0.00
0.00
0.00
0.00
0.00
0.00
0.00
0.00
0.00
0.00
4.00
311.00
782.00
111.00
11.00
2.00
0.00
0.00
70.00
0.00
7.00
33.00
324.00
0.00
69.00
22.00
0.00
32.00
0.00
71.00
128.00
0.00
3.00
0.00
9.00
0.00
0.00
11.00
50.00
6.00
0.00
28.00
34.00
146.00
46.00
106.00
55.00
354.00
0.00
213.00
256.00
0.00
376.00
97.00
1.00
14.00
19.00
0.00
118.00
3.00
0.00
0.00
0.00
0.00
0.00
12.00
19.00
43.00
343.00
37.00
54.00
106.00
0.00
18.00
17.00
47.00
0.00
7.00
2.00
4.00
0.00
2.00
1.00
0.00
95.00
26.00
30.00
23.00
380.00
48.00
55.00
103.00
56.00
87.00
11.00
0.00
0.00
2.00
18.00
40.00
4.00
6.00
59.00
8.00
23.00
354.00
383.00
55.00
16.00
0.00
0.00
12.00
0.00
3.00
20.00
4.00
84.00
33.00
21.00
32.00
7.00
1.00
14.00
26.00
282.00
25.00
26.00
90.00
165.00
21.00
13.00
45.00
179.00
97.00
37.00
145.00
582.00
209.00
7.00
21.00
105.00
31.00
14.00
10.00
4.00
5.00
5.00
35.00
52.00
65.00
738.00
47.00
14.00
1.00
229.00
100.00
118.00
86.00
771.00
280.00
47.00
22.00
56.00
118.00
6.00
4.00
22.00
80.00
172.00
186.00
217.00
74.00
0.00
0.00
0.00
1.00
57.00
308.00
402.00
147.00
110.00
0.00
0.00
0.00
0.00
11.00
47.00
0.00
3.00
76.00
29.00
24.00
34.00
2.00
136.00
0.00
0.00
0.00
0.00
0.00
0.00
0.00
0.00
0.00
0.00
43.00
3.00
430.00
31.00
25.00
0.00
0.00
0.00
0.00
0.00
0.00
0.00
0.00
0.00
0.00
0.00
0.00
0.00
0.00
0.00
0.00
0.00
0.00
0.00
0.00
0.00
11.00
0.00
0.00
0.00
0.00
0.00
0.00
0.00
0.00
0.00
0.00
0.00
0.00
0.00
0.00
0.00
0.00
0.00
0.00
0.00
0.00
0.00
0.00
0.00
0.00
0.00
0.00
0.00
0.00
0.00
0.00
14.00
0.00
0.00
0.00
0.00
0.00
0.00
0.00
0.00
0.00
0.00
1.00
102.00
638.00
0.00
0.00
0.00
0.00
0.00
0.00
0.00
0.00
0.00
0.00
0.00
0.00
0.00
0.00
0.00
0.00
0.00
17.00
0.00
0.00
0.00
0.00
0.00
0.00
0.00
0.00
0.00
0.00
0.00
0.00
0.00
0.00
0.00
0.00
0.00
0.00
0.00
0.00
0.00
0.00
0.00
0.00
0.00
0.00
0.00
0.00
0.00
0.00
0.00
0.00
1.00
21.00
0.00
0.00
0.00
1.00
0.00
0.00
7.00
8.00
0.00
0.00
0.00
0.00
0.00
0.00
0.00
1.30
3.50
0.00
24.80
8.00
0.00
0.00
0.00
0.00
0.00
0.00
0.00
0.00
0.00
0.00
0.00
0.00
0.00
0.20
1.20
0.00
0.10
4.10
0.00
0.00
0.00
0.00
0.00
0.00
0.00
22.30
0.00
0.00
76.50
0.60
81.20
2.80
11.80
0.00
9.80
30.10
12.00
11.20
1.60
24.10
0.00
0.00
0.00
4.70
0.50
31.50
15.50
0.00
0.00
0.00
0.00
3.80
0.00
0.00
0.00
0.00
3.70
0.00
22.80
2.20
9.60
9.60
2.50
72.30
56.10
0.00
0.00
0.20
0.00
0.20
6.60
100.50
6.20
10.00
0.90
36.50
0.00
29.10
35.50
6.40
6.40
1.10
33.00
33.00
18.00
0.70
1.70
46.50
2.70
11.40
42.60
17.00
8.50
17.60
19.60
0.00
0.00
0.00
0.00
0.00
0.00
1.20
32.10
1.40
5.40
4.80
10.80
95.10
3.30
0.00
5.70
19.90
1.60
0.00
0.10
0.00
26.90
160.00
82.20
15.50
0.10
0.10
3.20
0.30
0.00
3.70
2.80
17.10
10.00
45.10
281.10
281.10
64.30
64.30
35.70
0.00
0.00
1.10
0.00
0.00
0.00
0.00
0.20
22.70
103.60
24.40
2.90
10.00
7.50
0.40
2.30
25.50
5.10
1.80
4.70
0.30
21.50
9.20
13.70
13.80
3.80
0.60
1.60
11.70
52.10
16.70
7.90
10.50
3.30
1.70
0.00
0.00
0.00
0.00
34.70
10.90
4.10
0.70
0.00
0.00
3.50
0.20
5.20
8.10
2.50
5.20
9.00
7.40
0.80
2.10
3.10
0.90
24.60
17.00
5.00
1.10
8.40
2.30
19.40
34.70
11.10
0.00
0.00
2.80
0.40
12.50
17.70
25.10
22.80
0.00
5.10
27.60
15.70
111.20
111.20
0.00
0.00
0.00
1.80
2.60
66.60
31.30
4.40
0.00
0.00
0.00
0.00
0.00
0.00
0.00
0.00
0.00
0.00
0.00
0.10
0.10
0.00
0.30
22.00
120.00
