20160101
0.00
5.00
0.00
0.00
0.00
0.00
0.00
8.00
10.00
0.00
0.00
0.00
1.00
0.00
0.00
3.00
0.00
0.00
0.00
79.00
1.00
0.00
0.00
0.00
3.00
41.00
23.00
0.00
0.00
0.00
0.00
0.00
0.00
0.00
0.00
0.00
0.00
15.00
22.00
19.00
0.00
0.00
0.00
0.00
0.00
0.00
0.00
0.00
0.00
0.00
1.00
1.00
0.00
0.00
14.00
0.00
15.00
0.00
99.00
0.00
0.00
0.00
12.00
3.00
0.00
8.00
5.00
55.00
0.00
12.00
0.00
0.00
40.00
0.00
1.00
0.00
0.00
3.00
0.00
2.00
6.00
0.00
4.00
0.00
0.00
0.00
5.00
141.00
26.00
22.00
75.00
14.00
1.00
6.00
2.00
45.00
58.00
6.00
37.00
0.00
0.00
36.00
0.00
6.00
68.00
54.00
285.00
113.00
47.00
281.00
16.00
0.00
3.00
39.00
30.00
0.00
56.00
49.00
144.00
54.00
207.00
34.00
63.00
10.00
4.00
1.00
8.00
2.00
1.00
4.00
1.00
81.00
4.00
39.00
7.00
33.00
331.00
269.00
111.00
22.00
130.00
455.00
0.00
0.00
56.00
31.00
2.00
6.00
13.00
13.00
12.00
67.00
29.00
0.00
14.00
133.00
63.00
32.00
58.00
19.00
134.00
277.00
160.00
34.00
33.00
4.00
102.00
141.00
274.00
162.00
3.00
24.00
2.00
30.00
38.00
31.00
82.00
15.00
13.00
7.00
94.00
41.00
321.00
333.00
313.00
43.00
4.00
29.00
32.00
12.00
9.00
18.00
63.00
68.00
46.00
195.00
163.00
38.00
4.00
3.00
7.00
81.00
12.00
74.00
35.00
47.00
306.00
7.00
41.00
35.00
74.00
31.00
42.00
107.00
48.00
5.00
40.00
84.00
213.00
92.00
74.00
61.00
158.00
377.00
100.00
28.00
7.00
72.00
21.00
9.00
30.00
0.00
338.00
275.00
137.00
59.00
21.00
348.00
0.00
40.00
71.00
178.00
131.00
25.00
7.00
55.00
42.00
67.00
0.00
0.00
39.00
0.00
79.00
12.00
0.00
124.00
66.00
39.00
8.00
106.00
112.00
95.00
144.00
92.00
51.00
5.00
95.00
50.00
27.00
15.00
66.00
3.00
8.00
0.00
17.00
3.00
3.00
14.00
23.00
6.00
18.00
41.00
59.00
69.00
6.00
7.00
0.00
0.00
0.00
0.00
0.00
0.00
0.00
0.00
0.00
0.00
0.00
0.00
0.00
0.00
63.00
13.00
17.00
0.00
0.00
0.00
0.00
96.00
92.00
210.00
258.00
29.00
0.00
0.00
0.00
0.00
0.00
0.00
0.00
0.00
1.00
0.00
0.00
0.00
0.00
6.00
0.00
0.00
0.00
0.00
0.00
0.00
0.00
190.00
0.00
103.00
6.00
0.00
0.00
0.00
0.00
0.00
0.00
0.00
0.00
0.00
0.00
0.00
0.00
30.00
0.00
0.00
0.00
8.00
0.00
1.00
0.00
0.00
19.00
0.00
182.00
92.00
4.00
0.00
6.00
0.00
2.00
0.00
1.00
219.00
0.00
0.00
0.00
0.00
0.00
19.00
0.00
0.00
0.00
0.00
0.00
0.00
0.00
0.00
0.00
0.00
0.00
0.00
0.00
0.00
0.00
0.00
10.00
0.00
0.00
0.00
0.00
0.00
0.00
0.00
0.00
0.00
0.00
0.00
0.00
0.00
0.00
0.00
0.00
0.00
0.00
0.00
0.00
2.00
1.00
0.00
0.00
0.00
89.00
0.00
0.00
0.00
0.00
0.00
0.00
0.00
0.00
0.00
10.00
4.00
0.00
0.00
99.00
9.00
214.00
61.00
0.00
0.00
0.00
1.00
0.00
0.00
233.00
35.00
150.00
1.00
0.00
0.00
0.00
25.00
243.00
0.00
12.00
63.00
261.00
167.00
218.00
467.00
447.00
256.00
22.00
6.00
24.00
65.00
5.00
0.00
0.00
0.00
0.00
5.00
83.00
0.00
11.00
0.00
81.00
1.00
17.00
29.00
1.00
3.00
49.00
33.00
32.00
115.00
0.00
121.00
4.00
2.00
3.00
4.00
107.00
87.00
1.00
3.00
119.00
7.00
45.00
3.00
13.00
26.00
26.00
47.00
3.00
22.00
12.00
25.00
4.00
11.00
52.00
30.00
22.00
65.00
10.00
8.00
219.00
484.00
11.00
101.00
70.00
31.00
0.00
124.00
49.00
150.00
200.00
391.00
128.00
272.00
271.00
35.00
3.00
7.00
323.00
38.00
11.00
6.00
12.00
52.00
64.00
79.00
33.00
27.00
0.00
147.00
60.00
50.00
98.00
231.00
136.00
27.00
111.00
9.00
23.00
99.00
180.00
411.00
197.00
145.00
44.00
117.00
123.00
63.00
3.00
7.00
51.00
248.00
65.00
11.00
179.00
108.00
77.00
37.00
60.00
15.00
83.00
21.00
16.00
18.00
5.00
45.00
107.00
94.00
49.00
126.00
111.00
43.00
12.00
34.00
193.00
70.00
16.00
18.00
71.00
66.00
14.00
8.00
11.00
11.00
16.00
11.00
0.00
39.00
143.00
84.00
4.00
97.00
14.00
11.00
19.00
57.00
13.00
3.00
18.00
14.00
0.00
7.00
0.00
0.00
6.00
99.00
49.00
11.00
103.00
22.00
7.00
284.00
21.00
30.00
141.00
1.00
5.00
3.00
20.00
0.00
10.00
147.00
55.00
323.00
40.00
0.00
18.00
35.00
233.00
49.00
90.00
22.00
28.00
41.00
22.00
27.00
19.00
2.00
0.00
2.00
0.00
13.00
30.00
14.00
190.00
522.00
0.00
0.00
0.00
0.00
0.00
0.00
11.00
755.00
671.00
0.00
0.00
0.00
0.00
10.00
0.00
0.00
0.00
0.00
0.00
0.00
0.00
0.00
0.00
4.00
255.00
5.00
2.00
0.00
0.00
0.00
0.00
0.00
0.00
0.00
0.00
0.00
0.00
0.00
0.00
0.00
0.00
0.00
0.00
0.00
0.00
5.00
15.00
0.00
22.00
2.00
0.00
0.00
0.00
0.00
0.00
0.00
0.00
8.00
53.00
0.00
0.00
0.00
0.00
0.00
0.00
0.00
0.00
0.00
0.00
0.00
1.00
138.00
244.00
122.00
0.00
10.00
0.00
0.00
0.00
0.00
0.00
0.00
0.00
0.00
0.00
0.00
0.00
0.00
0.00
0.00
0.00
0.00
0.00
0.00
0.00
0.00
0.00
0.00
0.00
0.00
0.00
0.00
0.00
0.00
0.00
13.00
0.00
2.00
16.00
18.00
0.00
8.00
0.00
0.00
0.00
52.00
5.00
0.00
0.00
0.00
0.00
1.00
0.00
1.00
3.00
0.00
1.00
906.00
0.00
0.00
0.00
4.00
1.00
0.00
16.00
0.00
0.00
0.00
0.00
6.00
0.00
57.00
32.00
0.00
6.00
133.00
108.00
12.00
0.00
0.00
0.00
0.00
15.00
6.00
0.00
94.00
10.00
1.00
9.00
127.00
6.00
30.00
3.00
24.00
8.00
34.00
44.00
5.00
119.00
10.00
1.00
38.00
52.00
13.00
48.00
9.00
5.00
77.00
16.00
74.00
20.00
42.00
1.00
0.00
13.00
49.00
17.00
33.00
16.00
51.00
53.00
15.00
303.00
35.00
174.00
9.00
30.00
77.00
1.00
437.00
82.00
15.00
125.00
42.00
2.00
23.00
9.00
0.00
0.00
1.00
7.00
41.00
101.00
16.00
32.00
13.00
0.00
18.00
12.00
144.00
2.00
22.00
8.00
49.00
138.00
38.00
83.00
192.00
61.00
73.00
245.00
230.00
131.00
579.00
296.00
63.00
55.00
10.00
15.00
2.00
0.00
1.00
36.00
22.00
58.00
44.00
84.00
28.00
39.00
13.00
23.00
7.00
0.00
16.00
6.00
13.00
2.00
41.00
16.00
52.00
95.00
6.00
39.00
56.00
45.00
24.00
10.00
21.00
80.00
27.00
25.00
61.00
72.00
68.00
85.00
248.00
298.00
150.00
39.00
255.00
265.00
301.00
25.00
113.00
14.00
16.00
45.00
6.00
11.00
39.00
186.00
10.00
109.00
147.00
68.00
66.00
17.00
12.00
42.00
56.00
133.00
2.00
6.00
20.00
6.00
55.00
19.00
88.00
9.00
60.00
173.00
21.00
0.00
133.00
112.00
60.00
10.00
12.00
2.00
0.00
0.00
0.00
46.00
47.00
12.00
13.00
28.00
1.00
13.00
27.00
14.00
54.00
25.00
26.00
3.00
0.00
0.00
2.00
0.00
11.00
22.00
0.00
0.00
2.00
3.00
3.00
0.00
0.00
0.00
0.00
11.00
45.00
0.00
44.00
35.00
173.00
93.00
63.00
4.00
0.00
0.00
0.00
0.00
0.00
0.00
0.00
0.00
0.00
5.00
3.00
177.00
261.00
23.00
40.00
21.00
0.00
0.00
6.00
0.00
0.00
0.00
0.00
0.00
0.00
0.00
0.00
20.00
0.00
0.00
0.00
0.00
0.00
0.00
0.00
0.00
0.00
0.00
0.00
0.00
0.00
0.00
0.00
0.00
0.00
0.00
0.00
0.00
0.00
2.00
51.00
9.00
0.00
0.00
6.00
0.00
30.00
0.00
0.00
0.00
25.00
22.00
57.00
543.00
0.00
0.00
0.00
0.00
0.00
0.00
0.00
0.00
0.00
0.00
0.00
0.00
0.00
0.00
0.00
0.00
0.00
0.00
11.00
2.00
1.00
0.00
0.00
0.00
0.00
0.00
0.00
0.00
0.00
0.00
0.00
0.00
0.00
0.00
3.00
0.00
0.00
0.00
4.00
4.00
4.00
17.00
0.00
2.00
2.00
0.00
0.00
0.00
0.00
0.00
0.00
0.00
1.00
0.00
0.00
0.00
2.00
0.00
0.00
4.00
10.00
0.00
0.00
0.00
0.00
0.00
0.70
0.00
16.90
7.40
61.40
54.40
0.00
0.00
2.20
2.50
0.00
0.00
0.00
0.00
0.00
0.00
1.80
0.00
0.00
0.20
1.80
2.90
0.60
56.50
53.00
8.50
0.50
1.40
4.50
0.00
2.90
3.00
45.90
0.10
0.00
0.00
21.50
27.00
75.00
0.40
43.80
7.80
3.80
12.10
9.10
6.60
0.20
0.00
0.00
0.10
6.30
4.50
3.90
16.70
16.60
0.20
14.70
0.10
3.40
0.00
0.00
0.00
0.30
0.10
4.00
3.10
0.30
0.30
1.10
9.30
16.40
0.00
0.00
0.00
2.40
5.50
6.90
16.50
4.20
0.80
0.50
0.60
0.20
8.40
2.40
0.20
0.20
0.50
0.60
0.60
28.10
13.20
0.80
0.80
0.50
0.60
0.00
2.30
0.70
2.50
8.90
0.30
0.00
6.60
1.20
0.10
0.20
5.50
1.80
15.00
4.10
7.50
3.50
0.60
2.20
12.40
10.00
6.50
2.20
9.40
0.10
1.60
1.80
2.80
4.00
6.70
5.60
0.00
0.60
1.40
11.60
5.80
6.50
16.90
3.80
2.70
6.50
6.50
10.30
10.30
1.10
6.80
6.80
1.30
0.80
6.80
6.80
6.80
4.50
3.60
0.50
4.00
12.60
20.00
11.40
0.70
0.60
20.80
8.20
11.10
14.00
10.00
0.10
2.60
2.70
1.30
35.80
3.40
2.40
0.50
2.30
18.70
8.20
0.00
0.70
4.20
3.40
0.50
0.70
2.60
9.00
3.60
1.50
1.60
0.00
7.50
23.60
0.30
7.60
7.20
0.20
1.70
0.40
6.70
9.60
2.10
1.50
5.60
4.70
10.40
4.90
10.80
5.50
1.10
2.90
3.40
0.20
2.40
0.50
1.20
8.20
19.70
8.90
9.40
3.50
4.10
1.40
1.00
7.90
6.30
6.30
3.40
6.00
2.20
0.60
11.40
11.10
17.90
1.80
5.60
0.10
0.00
0.00
0.00
8.30
1.50
0.30
0.80
0.60
0.60
2.40
0.20
0.90
0.10
0.70
6.20
