20160101
0.00
0.00
0.00
0.00
0.00
0.00
0.00
0.00
0.00
0.00
0.00
0.00
0.00
0.00
0.00
0.00
0.00
0.00
65.00
36.00
0.00
0.00
0.00
0.00
0.00
18.00
0.00
0.00
0.00
0.00
0.00
0.00
0.00
0.00
0.00
0.00
0.00
0.00
85.00
0.00
0.00
0.00
0.00
0.00
0.00
0.00
0.00
0.00
0.00
0.00
19.00
0.00
0.00
0.00
0.00
0.00
2.00
0.00
0.00
0.00
0.00
0.00
0.00
0.00
0.00
6.00
0.00
0.00
0.00
0.00
0.00
0.00
23.00
6.00
0.00
0.00
0.00
0.00
0.00
1.00
0.00
0.00
0.00
0.00
0.00
1.00
12.00
67.00
0.00
3.00
582.00
11.00
0.00
0.00
0.00
78.00
0.00
1.00
0.00
0.00
0.00
0.00
0.00
0.00
0.00
0.00
4.00
3.00
166.00
0.00
0.00
0.00
0.00
0.00
0.00
0.00
0.00
60.00
16.00
6.00
11.00
107.00
18.00
0.00
215.00
18.00
10.00
262.00
25.00
0.00
319.00
2.00
121.00
117.00
182.00
257.00
15.00
62.00
305.00
100.00
76.00
25.00
0.00
1.00
185.00
17.00
0.00
72.00
2.00
1.00
2.00
0.00
0.00
0.00
0.00
0.00
1.00
1.00
44.00
0.00
0.00
0.00
275.00
6.00
0.00
384.00
1883.00
329.00
12.00
3.00
37.00
117.00
359.00
65.00
531.00
140.00
147.00
72.00
46.00
11.00
37.00
60.00
28.00
283.00
275.00
18.00
165.00
21.00
26.00
62.00
39.00
65.00
76.00
16.00
1.00
29.00
26.00
298.00
260.00
225.00
164.00
159.00
376.00
105.00
182.00
221.00
437.00
101.00
140.00
322.00
164.00
31.00
74.00
353.00
199.00
94.00
52.00
92.00
5.00
56.00
80.00
44.00
62.00
11.00
22.00
1.00
90.00
170.00
18.00
108.00
2.00
0.00
3.00
90.00
3.00
9.00
2.00
43.00
8.00
2.00
34.00
66.00
6.00
479.00
44.00
444.00
13.00
14.00
0.00
1.00
1.00
2.00
4.00
27.00
64.00
2.00
5.00
4.00
38.00
354.00
16.00
124.00
64.00
29.00
438.00
9.00
145.00
35.00
369.00
19.00
0.00
161.00
544.00
10.00
0.00
0.00
16.00
0.00
4.00
10.00
13.00
108.00
202.00
124.00
29.00
56.00
0.00
0.00
0.00
0.00
0.00
0.00
0.00
0.00
0.00
0.00
0.00
0.00
0.00
0.00
8.00
0.00
0.00
0.00
0.00
0.00
0.00
0.00
10.00
0.00
0.00
0.00
0.00
0.00
0.00
0.00
0.00
0.00
0.00
0.00
0.00
0.00
0.00
0.00
0.00
0.00
0.00
0.00
0.00
0.00
0.00
0.00
0.00
0.00
0.00
0.00
0.00
0.00
0.00
0.00
0.00
0.00
0.00
0.00
0.00
0.00
0.00
0.00
0.00
0.00
0.00
0.00
0.00
0.00
0.00
0.00
0.00
0.00
0.00
0.00
1.00
0.00
0.00
0.00
0.00
0.00
0.00
3.00
0.00
5.00
0.00
0.00
0.00
0.00
0.00
227.00
0.00
0.00
0.00
0.00
0.00
0.00
0.00
0.00
0.00
0.00
0.00
0.00
0.00
0.00
0.00
47.00
134.00
51.00
0.00
0.00
0.00
0.00
0.00
0.00
0.00
0.00
0.00
0.00
0.00
0.00
0.00
0.00
4.00
0.00
0.00
0.00
0.00
0.00
0.00
0.00
0.00
0.00
0.00
0.00
0.00
0.00
0.00
0.00
0.00
0.00
0.00
1.00
2.00
0.00
0.00
0.00
130.00
1.00
109.00
16.00
0.00
0.00
0.00
0.00
0.00
7.00
37.00
44.00
132.00
0.00
0.00
0.00
10.00
196.00
0.00
30.00
203.00
9.00
0.00
0.00
12.00
0.00
547.00
0.00
319.00
4.00
14.00
29.00
0.00
0.00
0.00
0.00
0.00
0.00
312.00
4.00
0.00
0.00
150.00
46.00
279.00
588.00
13.00
277.00
0.00
0.00
1.00
74.00
0.00
350.00
0.00
0.00
335.00
288.00
20.00
255.00
0.00
58.00
1355.00
5.00
26.00
5.00
98.00
272.00
258.00
0.00
11.00
406.00
27.00
328.00
109.00
359.00
0.00
1.00
378.00
296.00
1.00
3.00
51.00
79.00
50.00
27.00
123.00
91.00
10.00
247.00
0.00
44.00
114.00
116.00
1.00
0.00
182.00
65.00
205.00
0.00
240.00
6.00
1299.00
77.00
91.00
13.00
63.00
11.00
14.00
1.00
0.00
63.00
16.00
20.00
144.00
742.00
64.00
447.00
144.00
28.00
17.00
54.00
171.00
463.00
307.00
135.00
82.00
16.00
42.00
19.00
242.00
94.00
86.00
155.00
4.00
22.00
106.00
267.00
103.00
194.00
39.00
28.00
76.00
462.00
22.00
5.00
242.00
242.00
27.00
58.00
74.00
14.00
19.00
50.00
271.00
1081.00
1393.00
437.00
156.00
102.00
107.00
13.00
143.00
50.00
68.00
54.00
63.00
105.00
42.00
21.00
19.00
751.00
313.00
27.00
9.00
50.00
78.00
225.00
257.00
85.00
2.00
11.00
1.00
81.00
176.00
132.00
446.00
1.00
17.00
12.00
48.00
3.00
2.00
228.00
19.00
42.00
170.00
2.00
0.00
96.00
68.00
0.00
0.00
14.00
144.00
195.00
60.00
34.00
261.00
12.00
0.00
0.00
4.00
52.00
23.00
11.00
1.00
0.00
0.00
41.00
0.00
0.00
0.00
0.00
0.00
3.00
691.00
222.00
0.00
0.00
0.00
0.00
0.00
0.00
0.00
0.00
37.00
0.00
0.00
0.00
0.00
0.00
0.00
0.00
0.00
0.00
0.00
0.00
0.00
0.00
0.00
0.00
10.00
76.00
0.00
0.00
0.00
0.00
0.00
0.00
0.00
0.00
0.00
0.00
0.00
0.00
0.00
0.00
0.00
0.00
0.00
0.00
0.00
0.00
0.00
0.00
0.00
0.00
0.00
0.00
0.00
0.00
0.00
0.00
0.00
0.00
0.00
0.00
0.00
0.00
0.00
0.00
0.00
0.00
0.00
0.00
0.00
0.00
0.00
0.00
0.00
0.00
0.00
0.00
0.00
0.00
0.00
0.00
0.00
0.00
0.00
0.00
0.00
0.00
0.00
0.00
0.00
0.00
0.00
0.00
0.00
0.00
0.00
0.00
0.00
0.00
0.00
0.00
0.00
0.00
0.00
0.00
0.00
0.00
0.00
14.00
978.00
2.00
1.00
58.00
36.00
322.00
783.00
440.00
0.00
0.00
0.00
0.00
0.00
1.00
0.00
136.00
0.00
0.00
36.00
262.00
0.00
0.00
0.00
0.00
0.00
0.00
1.00
0.00
0.00
0.00
0.00
0.00
0.00
0.00
1.00
0.00
0.00
0.00
16.00
0.00
0.00
0.00
0.00
0.00
0.00
0.00
0.00
0.00
0.00
0.00
206.00
588.00
71.00
0.00
2.00
0.00
0.00
41.00
0.00
2.00
9.00
237.00
0.00
37.00
21.00
0.00
12.00
0.00
0.00
158.00
0.00
9.00
8.00
0.00
0.00
0.00
1.00
31.00
17.00
24.00
23.00
22.00
137.00
7.00
92.00
24.00
453.00
0.00
29.00
43.00
0.00
132.00
136.00
10.00
2.00
0.00
1.00
333.00
5.00
0.00
0.00
0.00
0.00
0.00
1.00
0.00
196.00
99.00
73.00
149.00
146.00
23.00
5.00
5.00
86.00
0.00
0.00
1.00
1.00
4.00
184.00
14.00
264.00
102.00
3.00
6.00
325.00
688.00
74.00
1.00
356.00
21.00
86.00
0.00
14.00
12.00
7.00
79.00
75.00
1.00
1.00
12.00
0.00
0.00
276.00
128.00
31.00
8.00
1.00
1.00
5.00
2.00
8.00
5.00
4.00
46.00
9.00
90.00
47.00
25.00
26.00
22.00
56.00
188.00
47.00
4.00
25.00
73.00
1.00
20.00
13.00
45.00
25.00
67.00
86.00
546.00
389.00
9.00
26.00
190.00
128.00
44.00
8.00
58.00
26.00
112.00
253.00
49.00
17.00
144.00
71.00
44.00
8.00
252.00
68.00
10.00
45.00
184.00
262.00
46.00
16.00
95.00
26.00
10.00
20.00
42.00
6.00
54.00
24.00
75.00
75.00
17.00
0.00
12.00
29.00
178.00
313.00
275.00
337.00
72.00
25.00
0.00
0.00
6.00
0.00
58.00
6.00
1.00
0.00
9.00
1.00
49.00
0.00
15.00
0.00
0.00
0.00
0.00
0.00
0.00
0.00
0.00
0.00
0.00
0.00
6.00
459.00
29.00
0.00
0.00
0.00
0.00
0.00
0.00
0.00
0.00
0.00
0.00
0.00
0.00
0.00
0.00
0.00
0.00
0.00
0.00
0.00
0.00
0.00
0.00
0.00
0.00
0.00
0.00
0.00
0.00
0.00
0.00
0.00
0.00
0.00
0.00
0.00
0.00
0.00
0.00
0.00
0.00
0.00
0.00
0.00
0.00
0.00
0.00
0.00
0.00
0.00
0.00
0.00
0.00
0.00
40.00
0.00
0.00
0.00
0.00
0.00
0.00
0.00
0.00
0.00
0.00
4.00
478.00
629.00
0.00
0.00
0.00
0.00
0.00
0.00
0.00
0.00
0.00
0.00
0.00
0.00
0.00
0.00
0.00
0.00
0.00
0.00
0.00
0.00
0.00
0.00
0.00
0.00
0.00
0.00
0.00
0.00
0.00
0.00
0.00
0.00
0.00
0.00
0.00
0.00
0.00
0.00
7.00
7.00
0.00
0.00
0.00
0.00
0.00
0.00
0.00
0.00
0.00
0.00
3.00
48.00
9.00
0.00
0.00
2.00
0.00
2.00
11.00
20.00
0.00
0.00
0.00
0.00
0.00
0.00
0.00
1.20
1.60
0.00
19.10
7.20
0.00
0.00
0.00
0.00
0.00
0.00
0.00
0.00
0.00
0.00
0.00
0.00
0.00
1.80
0.20
0.00
0.00
10.70
0.00
0.00
0.00
0.00
0.00
0.00
0.00
10.30
0.00
0.00
17.20
0.00
88.60
1.20
5.30
0.00
9.30
28.80
12.10
0.40
27.50
26.60
0.00
0.00
0.00
7.00
25.00
36.20
34.90
0.00
0.00
0.00
0.00
0.50
0.00
0.00
0.00
0.00
0.50
0.00
9.50
0.00
3.80
3.80
3.20
65.20
74.90
0.00
0.00
0.00
0.00
0.00
0.00
22.80
57.30
2.80
11.20
6.80
4.80
23.40
30.10
19.30
19.30
14.10
48.20
48.20
4.70
1.40
9.50
69.50
9.90
20.90
24.80
20.50
13.80
28.90
9.20
0.40
0.30
0.10
0.00
0.00
0.00
13.30
1.50
0.00
5.80
14.00
13.10
121.20
1.70
0.40
18.10
23.90
2.10
0.10
0.00
0.00
72.50
32.80
64.60
68.90
5.90
1.90
2.20
0.60
0.30
0.00
1.40
27.00
20.80
58.30
118.70
118.70
49.90
49.90
40.10
3.00
3.00
1.90
2.10
3.00
3.00
3.00
12.80
62.50
118.30
27.90
4.30
15.60
10.00
5.70
8.20
3.80
4.50
3.40
7.70
0.90
7.10
10.40
37.40
27.10
9.00
3.90
9.50
1.20
71.40
7.60
11.00
3.20
37.70
2.10
2.60
1.20
1.30
2.20
19.70
10.10
5.40
1.10
0.70
0.90
35.50
1.90
4.60
25.40
1.10
12.50
8.60
10.50
0.30
0.60
1.10
0.90
2.40
12.10
3.30
3.40
5.40
0.10
33.60
64.80
3.80
0.10
0.10
9.70
6.90
30.20
42.80
18.30
36.90
1.30
4.50
25.90
46.10
90.50
90.50
0.00
0.40
0.30
7.40
6.00
42.00
50.70
1.70
0.00
0.00
0.00
0.00
0.00
0.00
0.00
0.00
0.00
0.00
0.60
0.10
0.10
0.00
0.30
22.00
120.00
