20160101
0.00
0.00
0.00
0.00
0.00
0.00
0.00
0.00
0.00
0.00
0.00
0.00
0.00
0.00
0.00
0.00
0.00
0.00
25.00
4.00
0.00
0.00
0.00
0.00
0.00
0.00
0.00
0.00
0.00
0.00
0.00
0.00
0.00
0.00
0.00
0.00
0.00
1.00
7.00
0.00
0.00
0.00
0.00
0.00
0.00
0.00
2.00
0.00
0.00
0.00
10.00
1.00
0.00
0.00
0.00
0.00
8.00
0.00
0.00
0.00
0.00
0.00
0.00
0.00
0.00
16.00
0.00
0.00
0.00
0.00
0.00
1.00
7.00
3.00
0.00
0.00
0.00
0.00
0.00
19.00
0.00
0.00
0.00
0.00
0.00
0.00
18.00
42.00
0.00
172.00
293.00
10.00
0.00
0.00
0.00
1.00
0.00
1.00
0.00
0.00
0.00
0.00
0.00
0.00
0.00
0.00
32.00
0.00
2.00
0.00
0.00
0.00
0.00
0.00
0.00
0.00
0.00
107.00
0.00
0.00
0.00
1.00
6.00
31.00
3.00
4.00
7.00
384.00
30.00
17.00
310.00
3.00
40.00
148.00
127.00
104.00
2.00
26.00
347.00
134.00
32.00
6.00
0.00
1.00
147.00
71.00
0.00
11.00
4.00
3.00
81.00
5.00
0.00
0.00
0.00
0.00
0.00
8.00
0.00
0.00
0.00
0.00
294.00
7.00
8.00
360.00
653.00
269.00
4.00
6.00
23.00
68.00
146.00
15.00
559.00
68.00
23.00
40.00
78.00
0.00
11.00
8.00
41.00
399.00
179.00
110.00
202.00
4.00
14.00
141.00
86.00
34.00
49.00
14.00
20.00
34.00
28.00
112.00
334.00
189.00
463.00
153.00
251.00
19.00
113.00
63.00
243.00
44.00
29.00
43.00
221.00
50.00
92.00
272.00
119.00
46.00
36.00
80.00
19.00
11.00
61.00
37.00
107.00
7.00
3.00
1.00
41.00
92.00
63.00
146.00
5.00
0.00
3.00
154.00
0.00
11.00
0.00
160.00
5.00
2.00
177.00
25.00
11.00
134.00
18.00
197.00
0.00
7.00
3.00
5.00
12.00
0.00
0.00
3.00
64.00
5.00
8.00
15.00
5.00
34.00
247.00
3.00
28.00
3.00
257.00
0.00
82.00
44.00
271.00
247.00
10.00
5.00
277.00
0.00
0.00
0.00
1.00
0.00
8.00
39.00
1.00
121.00
244.00
306.00
35.00
33.00
0.00
0.00
0.00
0.00
0.00
0.00
0.00
0.00
0.00
0.00
0.00
0.00
0.00
0.00
15.00
0.00
0.00
0.00
0.00
0.00
0.00
0.00
27.00
15.00
0.00
0.00
0.00
0.00
0.00
0.00
0.00
0.00
0.00
0.00
0.00
0.00
0.00
0.00
0.00
0.00
0.00
0.00
0.00
0.00
0.00
0.00
0.00
0.00
0.00
5.00
0.00
0.00
0.00
0.00
0.00
0.00
0.00
0.00
0.00
0.00
0.00
0.00
0.00
0.00
0.00
0.00
0.00
0.00
0.00
0.00
0.00
0.00
0.00
0.00
0.00
0.00
0.00
0.00
0.00
0.00
0.00
0.00
0.00
2.00
0.00
0.00
0.00
0.00
0.00
150.00
0.00
0.00
0.00
0.00
0.00
0.00
0.00
0.00
0.00
0.00
0.00
0.00
0.00
0.00
0.00
35.00
41.00
115.00
0.00
0.00
0.00
0.00
0.00
0.00
0.00
0.00
0.00
0.00
0.00
0.00
0.00
0.00
0.00
0.00
0.00
0.00
0.00
0.00
0.00
0.00
0.00
0.00
0.00
0.00
0.00
0.00
0.00
0.00
0.00
0.00
0.00
1.00
64.00
0.00
0.00
0.00
23.00
0.00
250.00
0.00
0.00
0.00
0.00
0.00
0.00
9.00
16.00
32.00
403.00
0.00
0.00
0.00
0.00
266.00
0.00
4.00
348.00
49.00
0.00
0.00
181.00
44.00
204.00
0.00
367.00
13.00
28.00
94.00
0.00
0.00
0.00
0.00
0.00
0.00
295.00
132.00
0.00
6.00
238.00
121.00
914.00
660.00
0.00
288.00
32.00
0.00
0.00
0.00
0.00
316.00
16.00
0.00
39.00
188.00
65.00
4.00
0.00
33.00
753.00
0.00
37.00
2.00
41.00
543.00
396.00
0.00
44.00
353.00
0.00
88.00
246.00
399.00
0.00
0.00
16.00
317.00
0.00
4.00
38.00
57.00
77.00
33.00
612.00
840.00
9.00
27.00
0.00
2.00
84.00
2.00
0.00
1.00
410.00
10.00
116.00
0.00
244.00
17.00
1157.00
276.00
13.00
2.00
6.00
19.00
9.00
2.00
3.00
6.00
17.00
38.00
110.00
492.00
16.00
354.00
39.00
59.00
31.00
28.00
66.00
261.00
169.00
288.00
251.00
11.00
15.00
13.00
108.00
41.00
217.00
171.00
10.00
6.00
26.00
148.00
208.00
209.00
39.00
11.00
18.00
359.00
61.00
25.00
271.00
174.00
56.00
41.00
48.00
155.00
19.00
2.00
437.00
548.00
1713.00
614.00
136.00
100.00
34.00
33.00
59.00
20.00
36.00
76.00
96.00
150.00
14.00
26.00
12.00
460.00
162.00
30.00
69.00
20.00
154.00
220.00
167.00
140.00
12.00
2.00
10.00
116.00
253.00
118.00
1013.00
170.00
17.00
45.00
75.00
11.00
17.00
315.00
115.00
52.00
134.00
10.00
14.00
1.00
57.00
3.00
0.00
59.00
157.00
275.00
293.00
126.00
740.00
69.00
2.00
0.00
14.00
4.00
22.00
8.00
1.00
0.00
0.00
148.00
228.00
7.00
0.00
0.00
1.00
10.00
814.00
638.00
0.00
0.00
0.00
0.00
0.00
0.00
0.00
0.00
23.00
0.00
0.00
0.00
0.00
0.00
0.00
0.00
0.00
0.00
0.00
0.00
0.00
0.00
0.00
0.00
57.00
48.00
0.00
0.00
0.00
0.00
0.00
0.00
0.00
0.00
0.00
0.00
0.00
0.00
0.00
0.00
0.00
0.00
0.00
0.00
0.00
0.00
0.00
0.00
4.00
0.00
0.00
0.00
0.00
0.00
0.00
0.00
0.00
0.00
0.00
0.00
0.00
0.00
0.00
0.00
0.00
0.00
0.00
0.00
0.00
0.00
0.00
0.00
0.00
0.00
0.00
0.00
0.00
0.00
0.00
0.00
0.00
0.00
0.00
0.00
0.00
0.00
0.00
0.00
0.00
0.00
0.00
0.00
0.00
0.00
0.00
0.00
0.00
0.00
0.00
0.00
0.00
0.00
0.00
0.00
0.00
0.00
0.00
0.00
1213.00
24.00
0.00
26.00
8.00
312.00
696.00
449.00
0.00
0.00
0.00
0.00
0.00
0.00
0.00
0.00
0.00
0.00
57.00
264.00
0.00
0.00
0.00
0.00
0.00
0.00
13.00
0.00
0.00
0.00
0.00
0.00
0.00
1.00
0.00
0.00
0.00
2.00
0.00
0.00
0.00
0.00
0.00
0.00
0.00
0.00
0.00
0.00
0.00
4.00
191.00
690.00
151.00
0.00
3.00
0.00
0.00
10.00
0.00
1.00
3.00
207.00
0.00
5.00
3.00
0.00
6.00
0.00
0.00
68.00
12.00
52.00
0.00
3.00
0.00
0.00
75.00
40.00
16.00
6.00
177.00
186.00
204.00
24.00
35.00
45.00
370.00
0.00
187.00
77.00
0.00
272.00
17.00
0.00
0.00
2.00
0.00
284.00
25.00
0.00
0.00
0.00
0.00
0.00
26.00
29.00
36.00
49.00
3.00
68.00
93.00
0.00
56.00
19.00
248.00
0.00
0.00
0.00
1.00
1.00
102.00
31.00
0.00
55.00
3.00
2.00
20.00
54.00
17.00
8.00
2.00
147.00
93.00
0.00
0.00
0.00
1.00
10.00
54.00
5.00
2.00
13.00
1.00
30.00
323.00
307.00
153.00
18.00
0.00
0.00
9.00
1.00
8.00
0.00
3.00
7.00
10.00
21.00
49.00
2.00
4.00
25.00
17.00
271.00
27.00
20.00
9.00
134.00
5.00
11.00
64.00
54.00
93.00
23.00
173.00
594.00
168.00
16.00
15.00
254.00
117.00
27.00
7.00
9.00
11.00
48.00
38.00
103.00
68.00
449.00
31.00
23.00
2.00
146.00
214.00
49.00
16.00
667.00
409.00
13.00
13.00
55.00
73.00
2.00
0.00
5.00
46.00
114.00
207.00
84.00
65.00
1.00
0.00
0.00
1.00
120.00
207.00
625.00
608.00
40.00
20.00
8.00
8.00
3.00
26.00
173.00
2.00
0.00
4.00
1.00
27.00
48.00
0.00
141.00
0.00
0.00
0.00
0.00
0.00
0.00
0.00
0.00
0.00
0.00
0.00
5.00
552.00
32.00
3.00
0.00
0.00
0.00
0.00
0.00
0.00
0.00
0.00
0.00
0.00
0.00
0.00
0.00
0.00
0.00
0.00
0.00
0.00
0.00
0.00
0.00
0.00
0.00
0.00
0.00
0.00
0.00
0.00
0.00
0.00
0.00
0.00
0.00
0.00
0.00
0.00
0.00
0.00
0.00
0.00
0.00
0.00
0.00
0.00
0.00
0.00
0.00
0.00
0.00
0.00
0.00
0.00
9.00
0.00
0.00
0.00
0.00
0.00
0.00
0.00
0.00
0.00
0.00
0.00
204.00
667.00
0.00
0.00
0.00
0.00
0.00
0.00
0.00
0.00
0.00
0.00
0.00
0.00
0.00
0.00
0.00
0.00
0.00
7.00
0.00
0.00
0.00
0.00
0.00
0.00
0.00
0.00
0.00
0.00
0.00
0.00
0.00
0.00
0.00
0.00
0.00
0.00
0.00
0.00
6.00
6.00
0.00
0.00
0.00
0.00
0.00
0.00
0.00
0.00
0.00
0.00
2.00
31.00
0.00
0.00
0.00
1.00
0.00
0.00
13.00
7.00
0.00
0.00
0.00
0.00
0.00
0.00
0.00
0.50
4.90
0.00
27.10
8.20
0.00
0.00
0.10
0.00
0.00
0.00
0.00
0.00
0.00
0.00
0.00
0.00
0.00
1.30
1.30
0.00
0.50
5.00
0.00
0.00
0.00
0.00
0.00
0.00
0.00
13.40
0.00
0.00
47.00
0.00
92.00
0.40
13.00
0.00
8.40
28.40
8.00
0.50
0.70
21.00
0.00
0.00
0.00
10.00
12.00
24.60
6.60
0.00
0.00
0.20
0.00
1.40
0.00
0.00
0.00
0.00
9.40
3.30
0.00
0.70
17.60
17.60
3.20
49.80
56.60
0.00
0.00
0.00
0.00
0.00
4.80
3.20
0.20
8.20
0.70
14.90
0.00
21.50
55.80
12.30
12.30
1.50
44.20
44.20
14.00
2.90
14.60
45.00
3.70
0.70
13.60
24.00
6.20
47.00
1.10
0.00
0.00
0.00
0.00
0.00
0.00
3.30
0.60
3.20
9.30
20.70
23.80
45.20
11.80
0.00
2.20
4.60
4.30
0.00
0.00
0.00
24.30
51.60
36.50
13.70
0.40
0.90
4.50
0.80
0.00
0.00
6.20
18.10
14.40
44.30
83.90
83.90
54.20
54.20
28.70
4.80
4.80
18.70
2.40
4.80
4.80
4.80
5.20
32.60
157.20
28.40
5.50
31.80
16.90
4.00
8.50
5.50
3.40
4.90
8.30
4.40
9.80
15.20
16.90
11.10
15.80
5.50
5.20
2.70
48.20
14.00
23.40
29.70
30.80
3.10
2.60
4.00
1.50
2.00
30.70
20.00
4.40
1.80
0.50
1.60
29.30
3.50
3.60
11.90
3.40
10.30
7.80
3.90
0.10
0.90
1.10
1.80
23.50
17.40
2.30
18.00
10.90
0.40
70.90
34.90
8.80
1.30
1.10
5.90
0.90
7.70
4.30
20.50
45.60
8.20
3.70
29.60
41.30
122.70
122.70
0.20
2.50
0.40
2.50
1.90
50.30
23.40
15.10
0.20
0.00
0.00
0.00
0.00
0.20
0.30
0.00
0.00
0.70
0.40
0.00
0.10
0.00
0.30
22.80
128.40
