20160101
0.00
0.00
0.00
0.00
0.00
0.00
0.00
0.00
24.00
0.00
0.00
0.00
0.00
0.00
0.00
0.00
0.00
0.00
0.00
106.00
0.00
0.00
0.00
0.00
0.00
11.00
110.00
0.00
0.00
0.00
0.00
0.00
0.00
0.00
0.00
0.00
1.00
0.00
0.00
100.00
0.00
0.00
0.00
0.00
0.00
0.00
0.00
0.00
0.00
0.00
1.00
1.00
0.00
0.00
0.00
0.00
8.00
6.00
0.00
0.00
1.00
0.00
53.00
351.00
0.00
5.00
0.00
25.00
0.00
0.00
0.00
0.00
8.00
2.00
8.00
3.00
0.00
0.00
18.00
4.00
6.00
0.00
9.00
0.00
0.00
0.00
90.00
226.00
7.00
74.00
138.00
2.00
0.00
0.00
29.00
103.00
2.00
78.00
36.00
8.00
0.00
0.00
0.00
3.00
233.00
18.00
279.00
270.00
65.00
88.00
100.00
10.00
0.00
96.00
63.00
3.00
138.00
71.00
188.00
27.00
249.00
68.00
97.00
11.00
16.00
0.00
24.00
2.00
10.00
2.00
15.00
182.00
25.00
95.00
23.00
183.00
416.00
197.00
58.00
28.00
44.00
498.00
0.00
0.00
13.00
1.00
22.00
45.00
12.00
5.00
7.00
115.00
1.00
0.00
0.00
262.00
15.00
147.00
125.00
43.00
7.00
3.00
81.00
7.00
0.00
0.00
6.00
129.00
148.00
0.00
0.00
22.00
11.00
25.00
48.00
1.00
73.00
50.00
211.00
25.00
75.00
25.00
48.00
88.00
217.00
53.00
20.00
23.00
88.00
74.00
173.00
46.00
113.00
1.00
0.00
13.00
5.00
29.00
22.00
13.00
27.00
48.00
46.00
61.00
39.00
29.00
128.00
21.00
138.00
61.00
0.00
267.00
2.00
2.00
0.00
30.00
201.00
94.00
19.00
1.00
117.00
30.00
19.00
58.00
67.00
42.00
227.00
154.00
86.00
57.00
55.00
0.00
88.00
120.00
3.00
2.00
0.00
257.00
5.00
14.00
138.00
31.00
165.00
52.00
56.00
0.00
237.00
30.00
105.00
143.00
14.00
4.00
114.00
89.00
44.00
1.00
28.00
20.00
28.00
10.00
113.00
131.00
69.00
548.00
45.00
128.00
19.00
11.00
173.00
80.00
2.00
89.00
686.00
52.00
4.00
19.00
0.00
0.00
4.00
54.00
6.00
40.00
56.00
51.00
11.00
131.00
0.00
0.00
0.00
0.00
0.00
0.00
0.00
0.00
0.00
0.00
0.00
4.00
0.00
0.00
64.00
0.00
0.00
0.00
0.00
0.00
0.00
4.00
18.00
322.00
183.00
1.00
0.00
0.00
0.00
0.00
0.00
0.00
0.00
0.00
0.00
0.00
0.00
0.00
0.00
0.00
0.00
0.00
0.00
0.00
0.00
0.00
0.00
0.00
0.00
0.00
0.00
0.00
0.00
0.00
0.00
0.00
0.00
0.00
0.00
0.00
0.00
0.00
0.00
0.00
0.00
0.00
0.00
0.00
0.00
0.00
0.00
0.00
0.00
0.00
6.00
0.00
0.00
0.00
0.00
0.00
0.00
0.00
0.00
11.00
0.00
0.00
0.00
0.00
0.00
0.00
0.00
0.00
0.00
0.00
0.00
0.00
0.00
0.00
0.00
2.00
0.00
0.00
0.00
0.00
0.00
0.00
20.00
0.00
0.00
0.00
0.00
0.00
0.00
0.00
0.00
0.00
0.00
0.00
0.00
0.00
0.00
0.00
0.00
0.00
0.00
0.00
0.00
0.00
0.00
0.00
0.00
0.00
3.00
0.00
0.00
0.00
0.00
0.00
0.00
0.00
0.00
0.00
26.00
23.00
0.00
0.00
180.00
0.00
308.00
26.00
0.00
0.00
0.00
0.00
0.00
69.00
152.00
12.00
147.00
0.00
0.00
0.00
0.00
71.00
69.00
5.00
51.00
100.00
192.00
184.00
331.00
601.00
1221.00
190.00
0.00
0.00
23.00
24.00
2.00
0.00
0.00
0.00
0.00
0.00
99.00
2.00
0.00
0.00
113.00
18.00
25.00
12.00
0.00
0.00
39.00
62.00
25.00
112.00
2.00
142.00
8.00
0.00
13.00
8.00
91.00
212.00
2.00
41.00
58.00
26.00
18.00
0.00
69.00
71.00
38.00
33.00
5.00
46.00
16.00
54.00
70.00
53.00
40.00
86.00
173.00
211.00
4.00
16.00
115.00
796.00
14.00
159.00
430.00
63.00
4.00
26.00
25.00
0.00
567.00
50.00
225.00
369.00
124.00
139.00
0.00
0.00
137.00
629.00
242.00
118.00
2.00
32.00
4.00
61.00
308.00
115.00
102.00
146.00
53.00
78.00
334.00
56.00
13.00
9.00
67.00
270.00
27.00
2.00
73.00
170.00
467.00
55.00
42.00
1.00
0.00
92.00
53.00
2.00
83.00
442.00
18.00
8.00
418.00
88.00
17.00
60.00
44.00
12.00
158.00
29.00
146.00
36.00
0.00
32.00
57.00
188.00
48.00
23.00
4.00
21.00
3.00
254.00
439.00
410.00
50.00
2.00
13.00
16.00
310.00
89.00
17.00
174.00
53.00
0.00
0.00
2.00
109.00
390.00
6.00
121.00
78.00
45.00
56.00
78.00
0.00
45.00
50.00
0.00
0.00
101.00
23.00
5.00
103.00
17.00
25.00
56.00
0.00
2.00
2.00
287.00
28.00
18.00
130.00
0.00
12.00
467.00
260.00
0.00
189.00
125.00
481.00
78.00
163.00
39.00
43.00
81.00
0.00
0.00
200.00
1.00
137.00
73.00
4.00
0.00
29.00
13.00
4.00
8.00
0.00
22.00
1.00
53.00
408.00
910.00
0.00
0.00
0.00
0.00
0.00
0.00
0.00
190.00
752.00
0.00
0.00
0.00
0.00
0.00
0.00
0.00
0.00
0.00
0.00
0.00
0.00
0.00
0.00
7.00
261.00
46.00
14.00
0.00
3.00
0.00
0.00
0.00
0.00
0.00
0.00
0.00
0.00
0.00
0.00
0.00
0.00
0.00
0.00
0.00
0.00
0.00
2.00
0.00
12.00
14.00
0.00
0.00
0.00
0.00
0.00
0.00
0.00
0.00
3.00
0.00
0.00
0.00
0.00
0.00
0.00
0.00
0.00
0.00
0.00
0.00
0.00
210.00
32.00
291.00
0.00
0.00
0.00
0.00
0.00
0.00
0.00
0.00
0.00
0.00
0.00
0.00
0.00
0.00
0.00
0.00
0.00
0.00
0.00
0.00
0.00
0.00
0.00
0.00
0.00
0.00
0.00
0.00
0.00
0.00
0.00
0.00
0.00
9.00
8.00
7.00
0.00
12.00
4.00
0.00
0.00
2.00
0.00
0.00
0.00
0.00
0.00
2.00
0.00
0.00
0.00
0.00
136.00
429.00
0.00
0.00
0.00
32.00
0.00
0.00
167.00
3.00
0.00
0.00
0.00
1.00
157.00
3.00
18.00
0.00
1.00
58.00
9.00
3.00
0.00
0.00
0.00
0.00
34.00
0.00
0.00
24.00
7.00
0.00
28.00
304.00
33.00
6.00
4.00
0.00
0.00
23.00
1.00
19.00
22.00
19.00
32.00
46.00
91.00
53.00
24.00
25.00
33.00
37.00
38.00
63.00
3.00
9.00
4.00
28.00
0.00
50.00
21.00
18.00
222.00
42.00
117.00
121.00
218.00
9.00
19.00
41.00
102.00
147.00
22.00
751.00
281.00
25.00
0.00
2.00
0.00
39.00
0.00
0.00
0.00
0.00
0.00
0.00
0.00
17.00
151.00
392.00
30.00
6.00
27.00
0.00
30.00
6.00
1.00
25.00
2.00
11.00
17.00
119.00
1.00
27.00
62.00
120.00
192.00
537.00
1097.00
681.00
102.00
59.00
15.00
1.00
3.00
0.00
13.00
1.00
63.00
4.00
57.00
31.00
75.00
3.00
0.00
4.00
37.00
132.00
141.00
25.00
1.00
0.00
47.00
3.00
2.00
0.00
347.00
165.00
72.00
102.00
82.00
114.00
9.00
5.00
12.00
214.00
128.00
35.00
51.00
111.00
57.00
0.00
3.00
26.00
3.00
88.00
423.00
304.00
4.00
2.00
53.00
451.00
17.00
140.00
60.00
0.00
23.00
27.00
32.00
19.00
25.00
70.00
415.00
7.00
20.00
31.00
99.00
5.00
0.00
12.00
40.00
62.00
307.00
19.00
22.00
0.00
0.00
107.00
57.00
2.00
12.00
322.00
0.00
0.00
0.00
2.00
86.00
50.00
13.00
47.00
54.00
1.00
1.00
0.00
0.00
7.00
97.00
201.00
4.00
16.00
1.00
25.00
7.00
0.00
68.00
2.00
0.00
0.00
0.00
0.00
0.00
0.00
9.00
1.00
2.00
60.00
0.00
19.00
48.00
111.00
44.00
12.00
0.00
0.00
0.00
0.00
0.00
0.00
0.00
0.00
0.00
0.00
0.00
0.00
0.00
20.00
17.00
20.00
0.00
0.00
97.00
0.00
0.00
0.00
0.00
0.00
0.00
0.00
0.00
0.00
0.00
0.00
0.00
0.00
0.00
0.00
0.00
0.00
0.00
0.00
0.00
0.00
0.00
0.00
0.00
0.00
0.00
0.00
0.00
0.00
0.00
0.00
0.00
2.00
0.00
0.00
0.00
0.00
0.00
0.00
0.00
0.00
0.00
0.00
2.00
219.00
561.00
0.00
0.00
0.00
0.00
0.00
0.00
0.00
0.00
0.00
0.00
0.00
0.00
0.00
0.00
0.00
0.00
0.00
0.00
0.00
0.00
0.00
0.00
0.00
0.00
0.00
0.00
0.00
0.00
0.00
0.00
0.00
0.00
0.00
0.00
0.00
0.00
0.00
0.00
0.00
0.00
3.00
0.00
0.00
0.00
1.00
0.00
0.00
0.00
0.00
0.00
0.00
12.00
5.00
0.00
0.00
0.00
9.00
0.00
0.00
23.00
0.00
0.00
0.00
0.00
0.00
0.00
0.00
0.20
19.10
2.70
56.30
90.90
0.00
0.00
0.10
0.00
0.00
1.00
0.00
0.00
0.00
0.00
0.00
0.00
0.00
0.00
0.80
3.20
1.30
13.00
20.00
0.00
0.00
32.20
0.00
0.00
0.00
0.70
19.20
0.00
0.00
0.00
68.20
13.70
65.30
0.10
8.10
9.70
28.40
11.50
14.00
11.60
0.00
0.00
0.00
8.80
8.80
7.30
5.00
12.50
2.30
0.40
13.70
1.00
2.20
0.00
0.00
0.00
5.70
0.10
8.40
2.90
9.10
9.10
0.70
29.70
104.40
5.90
0.00
21.80
7.40
16.40
26.60
43.60
9.40
20.50
2.30
6.80
4.70
11.80
6.80
0.00
0.00
8.00
12.10
12.10
2.00
0.20
1.90
0.20
0.00
8.50
1.90
6.80
0.00
5.90
3.20
6.10
0.30
0.00
0.80
0.30
0.70
0.30
0.00
0.80
0.50
18.60
5.10
4.20
6.00
0.00
2.40
5.40
14.00
2.40
0.30
0.10
0.40
48.00
43.40
4.70
0.00
1.20
7.20
3.70
0.80
45.20
35.50
45.60
15.30
5.90
31.60
31.60
62.00
62.00
16.70
0.00
0.00
0.00
0.00
0.00
0.00
0.00
2.00
11.00
3.30
1.30
32.90
34.90
10.70
15.90
0.00
4.70
4.30
1.30
24.60
3.00
5.20
0.20
3.50
40.40
15.10
1.80
0.40
0.10
25.40
6.50
0.20
0.00
0.70
1.00
0.00
0.00
1.20
0.20
5.80
66.40
2.00
0.30
7.10
23.40
4.70
0.10
0.30
1.00
0.20
7.00
13.80
7.70
8.50
17.20
15.90
0.10
0.80
4.10
2.00
7.80
0.50
1.30
2.10
2.60
0.00
0.00
1.30
0.90
13.30
9.90
29.30
21.40
10.10
2.20
0.00
3.40
6.40
4.80
4.80
11.10
0.00
0.30
14.10
3.80
3.40
1.80
3.80
2.10
0.10
0.00
0.00
0.00
0.50
0.00
0.00
0.00
0.00
4.00
3.20
0.40
1.20
0.20
0.80
5.90
