20160101
0.00
0.00
0.00
0.00
0.00
0.00
0.00
0.00
0.00
0.00
0.00
0.00
0.00
0.00
0.00
0.00
0.00
0.00
84.00
8.00
0.00
1.00
3.00
0.00
0.00
0.00
8.00
0.00
0.00
0.00
0.00
0.00
0.00
0.00
0.00
0.00
0.00
6.00
4.00
0.00
0.00
0.00
0.00
0.00
0.00
0.00
0.00
0.00
0.00
0.00
11.00
3.00
0.00
0.00
0.00
0.00
0.00
0.00
0.00
0.00
0.00
0.00
3.00
0.00
0.00
0.00
0.00
0.00
0.00
0.00
0.00
0.00
15.00
12.00
0.00
0.00
0.00
0.00
4.00
134.00
3.00
0.00
0.00
0.00
0.00
0.00
136.00
397.00
0.00
21.00
501.00
17.00
0.00
0.00
12.00
503.00
0.00
0.00
0.00
0.00
0.00
0.00
0.00
0.00
24.00
15.00
202.00
275.00
363.00
30.00
64.00
20.00
0.00
1.00
0.00
0.00
32.00
39.00
589.00
4.00
27.00
304.00
8.00
15.00
268.00
235.00
61.00
275.00
6.00
43.00
132.00
4.00
239.00
269.00
453.00
646.00
174.00
378.00
634.00
102.00
59.00
45.00
0.00
164.00
73.00
19.00
0.00
47.00
0.00
1.00
89.00
72.00
32.00
0.00
0.00
1.00
19.00
103.00
65.00
27.00
138.00
4.00
2.00
42.00
0.00
33.00
329.00
135.00
79.00
24.00
44.00
58.00
129.00
50.00
356.00
295.00
78.00
135.00
36.00
18.00
29.00
58.00
55.00
491.00
210.00
364.00
171.00
37.00
18.00
73.00
98.00
97.00
97.00
0.00
3.00
27.00
75.00
219.00
151.00
27.00
163.00
88.00
459.00
93.00
118.00
112.00
379.00
47.00
17.00
48.00
273.00
109.00
48.00
410.00
82.00
126.00
119.00
122.00
73.00
97.00
91.00
17.00
105.00
32.00
20.00
5.00
63.00
308.00
9.00
58.00
104.00
0.00
0.00
127.00
1.00
3.00
4.00
224.00
29.00
0.00
141.00
134.00
131.00
22.00
3.00
368.00
38.00
46.00
4.00
0.00
0.00
18.00
1.00
53.00
89.00
58.00
9.00
7.00
89.00
47.00
130.00
210.00
100.00
31.00
105.00
147.00
175.00
60.00
132.00
2.00
58.00
47.00
137.00
15.00
0.00
0.00
10.00
0.00
5.00
0.00
92.00
49.00
330.00
41.00
257.00
5.00
2.00
0.00
0.00
0.00
0.00
0.00
0.00
0.00
0.00
0.00
0.00
0.00
0.00
0.00
87.00
0.00
0.00
0.00
0.00
0.00
0.00
0.00
0.00
0.00
0.00
0.00
0.00
0.00
0.00
0.00
0.00
0.00
0.00
0.00
0.00
0.00
0.00
0.00
0.00
0.00
0.00
0.00
0.00
0.00
0.00
0.00
0.00
0.00
0.00
1.00
0.00
0.00
0.00
0.00
0.00
0.00
0.00
0.00
0.00
0.00
0.00
0.00
0.00
0.00
0.00
0.00
0.00
0.00
0.00
0.00
0.00
0.00
0.00
0.00
203.00
0.00
0.00
0.00
0.00
0.00
0.00
1.00
0.00
0.00
0.00
0.00
0.00
0.00
0.00
33.00
0.00
0.00
0.00
0.00
0.00
0.00
0.00
0.00
0.00
0.00
0.00
0.00
0.00
0.00
0.00
17.00
4.00
10.00
0.00
0.00
0.00
0.00
0.00
0.00
0.00
0.00
0.00
0.00
0.00
0.00
0.00
0.00
0.00
0.00
0.00
0.00
0.00
0.00
0.00
0.00
0.00
0.00
0.00
0.00
0.00
0.00
0.00
0.00
0.00
0.00
0.00
0.00
0.00
0.00
0.00
0.00
14.00
11.00
113.00
21.00
0.00
0.00
0.00
0.00
0.00
2.00
273.00
34.00
247.00
0.00
0.00
0.00
0.00
317.00
2.00
0.00
25.00
3.00
128.00
47.00
306.00
711.00
349.00
15.00
22.00
0.00
23.00
11.00
0.00
0.00
0.00
0.00
1.00
0.00
296.00
0.00
0.00
0.00
1172.00
98.00
762.00
650.00
0.00
159.00
0.00
0.00
0.00
194.00
0.00
66.00
1.00
0.00
645.00
145.00
67.00
96.00
33.00
207.00
206.00
3.00
28.00
2.00
30.00
244.00
325.00
1.00
7.00
207.00
15.00
77.00
1.00
211.00
60.00
38.00
481.00
221.00
0.00
15.00
242.00
108.00
27.00
32.00
64.00
12.00
2.00
177.00
0.00
54.00
145.00
184.00
13.00
214.00
1159.00
300.00
239.00
36.00
422.00
22.00
409.00
178.00
53.00
3.00
140.00
12.00
169.00
22.00
4.00
60.00
19.00
25.00
102.00
418.00
110.00
624.00
270.00
117.00
64.00
90.00
54.00
354.00
148.00
101.00
108.00
8.00
37.00
81.00
49.00
34.00
318.00
57.00
51.00
7.00
86.00
410.00
3.00
123.00
14.00
29.00
60.00
101.00
39.00
11.00
105.00
65.00
72.00
49.00
175.00
13.00
29.00
75.00
455.00
849.00
1257.00
356.00
199.00
127.00
13.00
23.00
61.00
51.00
44.00
62.00
101.00
164.00
39.00
1.00
15.00
518.00
214.00
22.00
41.00
58.00
285.00
116.00
66.00
24.00
0.00
10.00
3.00
157.00
76.00
170.00
557.00
237.00
25.00
0.00
11.00
2.00
1.00
242.00
20.00
161.00
361.00
34.00
0.00
89.00
18.00
3.00
3.00
39.00
85.00
984.00
607.00
69.00
101.00
64.00
0.00
0.00
105.00
37.00
45.00
6.00
0.00
8.00
19.00
214.00
39.00
0.00
0.00
0.00
17.00
18.00
773.00
838.00
0.00
0.00
0.00
0.00
0.00
0.00
0.00
0.00
31.00
0.00
0.00
1.00
0.00
0.00
0.00
0.00
0.00
0.00
0.00
0.00
0.00
0.00
0.00
0.00
33.00
89.00
1.00
0.00
0.00
0.00
0.00
0.00
0.00
0.00
0.00
0.00
0.00
0.00
0.00
0.00
0.00
0.00
0.00
0.00
0.00
0.00
0.00
0.00
0.00
0.00
0.00
0.00
0.00
0.00
0.00
0.00
0.00
0.00
1.00
0.00
0.00
0.00
0.00
0.00
0.00
0.00
0.00
0.00
0.00
0.00
0.00
0.00
0.00
0.00
0.00
0.00
0.00
0.00
0.00
0.00
0.00
0.00
0.00
0.00
0.00
0.00
0.00
0.00
0.00
0.00
0.00
0.00
0.00
0.00
0.00
0.00
0.00
0.00
0.00
0.00
0.00
0.00
0.00
2.00
0.00
0.00
0.00
13.00
71.00
10.00
0.00
34.00
2.00
39.00
28.00
72.00
0.00
0.00
0.00
0.00
0.00
0.00
0.00
0.00
0.00
0.00
226.00
651.00
0.00
0.00
0.00
6.00
0.00
0.00
0.00
0.00
0.00
0.00
0.00
0.00
0.00
26.00
2.00
0.00
0.00
0.00
0.00
0.00
0.00
0.00
0.00
0.00
0.00
0.00
0.00
0.00
0.00
0.00
686.00
285.00
168.00
2.00
0.00
7.00
0.00
90.00
0.00
31.00
23.00
186.00
0.00
190.00
52.00
10.00
1.00
0.00
28.00
12.00
11.00
3.00
77.00
10.00
0.00
1.00
49.00
117.00
63.00
2.00
9.00
9.00
65.00
0.00
144.00
91.00
310.00
4.00
82.00
142.00
35.00
435.00
335.00
54.00
20.00
28.00
0.00
233.00
1.00
0.00
14.00
0.00
2.00
0.00
0.00
49.00
127.00
102.00
414.00
651.00
54.00
0.00
2.00
9.00
9.00
1.00
1.00
32.00
7.00
63.00
39.00
28.00
19.00
240.00
169.00
51.00
614.00
849.00
63.00
31.00
83.00
157.00
0.00
0.00
12.00
0.00
8.00
64.00
35.00
29.00
23.00
14.00
11.00
1.00
182.00
238.00
45.00
29.00
0.00
21.00
8.00
13.00
3.00
2.00
25.00
192.00
111.00
250.00
132.00
13.00
62.00
59.00
87.00
525.00
86.00
17.00
20.00
303.00
2.00
5.00
2.00
73.00
7.00
142.00
160.00
645.00
201.00
1.00
88.00
146.00
244.00
32.00
11.00
54.00
7.00
11.00
261.00
80.00
80.00
471.00
89.00
55.00
0.00
236.00
104.00
33.00
17.00
28.00
117.00
51.00
13.00
192.00
24.00
2.00
2.00
85.00
50.00
172.00
77.00
158.00
270.00
4.00
0.00
4.00
3.00
34.00
1186.00
438.00
43.00
101.00
0.00
0.00
3.00
4.00
0.00
65.00
57.00
3.00
12.00
65.00
12.00
0.00
0.00
38.00
0.00
0.00
0.00
0.00
0.00
0.00
34.00
15.00
0.00
0.00
0.00
4.00
360.00
90.00
0.00
0.00
0.00
0.00
0.00
0.00
0.00
0.00
0.00
0.00
0.00
0.00
0.00
0.00
0.00
0.00
0.00
276.00
0.00
0.00
0.00
0.00
0.00
0.00
0.00
0.00
0.00
0.00
0.00
0.00
0.00
0.00
0.00
0.00
0.00
0.00
0.00
0.00
0.00
0.00
0.00
0.00
0.00
0.00
0.00
0.00
0.00
0.00
0.00
0.00
0.00
0.00
0.00
53.00
0.00
0.00
0.00
0.00
0.00
0.00
0.00
0.00
0.00
0.00
6.00
420.00
1144.00
0.00
0.00
0.00
0.00
0.00
0.00
0.00
0.00
0.00
0.00
0.00
0.00
0.00
0.00
0.00
0.00
0.00
11.00
0.00
0.00
0.00
0.00
0.00
0.00
0.00
0.00
0.00
0.00
0.00
0.00
0.00
0.00
0.00
0.00
0.00
0.00
0.00
0.00
17.00
17.00
0.00
0.00
0.00
0.00
0.00
0.00
0.00
0.00
0.00
0.00
0.00
45.00
0.00
0.00
0.00
1.00
0.00
0.00
8.00
17.00
0.00
0.00
0.00
0.00
0.00
0.00
0.00
1.20
4.00
0.00
45.50
4.90
0.00
0.00
0.00
0.00
0.00
0.00
0.00
0.00
0.00
0.00
0.00
0.00
0.00
2.00
1.10
0.00
0.00
14.50
1.30
0.00
0.00
0.00
0.00
0.00
0.00
10.30
0.00
0.00
24.20
7.10
150.70
3.80
17.20
0.00
18.10
41.50
20.10
4.60
8.10
17.80
0.00
0.00
3.50
1.30
10.00
36.40
39.80
0.00
0.00
0.00
0.00
13.60
0.40
0.00
0.20
0.00
0.00
24.20
82.20
5.70
4.10
4.10
7.00
56.50
90.10
0.00
0.00
8.60
0.00
0.00
40.90
96.70
46.70
6.40
13.10
17.30
8.30
39.80
26.90
8.60
8.60
2.90
42.30
42.30
15.60
0.70
1.10
30.70
3.10
21.50
23.40
6.30
2.20
6.90
9.70
0.20
2.80
0.40
1.40
0.00
0.00
5.70
12.30
1.60
3.90
7.60
8.60
134.50
2.20
20.40
6.30
12.00
7.30
2.20
1.70
0.30
44.40
111.00
59.50
22.90
8.50
5.30
16.50
0.00
0.30
1.30
7.80
27.90
34.40
45.70
147.00
147.00
81.20
81.20
41.20
6.60
6.60
1.70
0.00
6.60
6.60
6.60
5.50
29.30
120.20
55.90
4.30
16.80
7.00
1.50
0.00
9.90
9.20
5.00
2.80
1.60
55.10
1.40
29.50
49.00
7.40
3.40
12.50
1.60
17.20
2.80
3.10
8.90
4.50
0.10
0.50
0.00
3.20
1.30
24.40
45.30
16.70
2.70
0.50
0.90
17.40
3.50
13.50
21.00
1.90
27.80
24.70
10.80
5.60
6.80
1.80
0.80
6.00
6.40
12.10
18.50
16.40
0.40
14.60
3.80
4.40
3.70
0.00
0.10
8.00
22.20
10.60
44.90
37.90
0.00
29.00
51.10
21.80
126.50
126.50
1.50
0.00
2.20
12.90
3.90
20.90
23.90
7.50
0.00
0.20
0.00
0.00
0.00
0.30
0.00
0.30
0.10
0.70
0.10
0.00
0.10
0.00
0.30
22.80
128.40
