20160101
0.00
0.00
0.00
0.00
0.00
0.00
0.00
0.00
0.00
0.00
2.00
0.00
0.00
0.00
0.00
0.00
0.00
0.00
33.00
71.00
0.00
0.00
0.00
0.00
0.00
0.00
0.00
0.00
18.00
0.00
0.00
0.00
0.00
0.00
0.00
0.00
0.00
1.00
0.00
0.00
0.00
0.00
0.00
0.00
0.00
0.00
0.00
0.00
0.00
0.00
3.00
0.00
0.00
0.00
0.00
0.00
5.00
0.00
0.00
13.00
0.00
2.00
8.00
5.00
0.00
71.00
0.00
4.00
0.00
0.00
0.00
0.00
11.00
23.00
0.00
0.00
0.00
0.00
1.00
28.00
1.00
0.00
0.00
0.00
0.00
0.00
553.00
216.00
9.00
27.00
248.00
9.00
0.00
1.00
60.00
394.00
9.00
47.00
0.00
0.00
0.00
0.00
0.00
0.00
52.00
5.00
395.00
402.00
255.00
59.00
205.00
23.00
3.00
3.00
9.00
8.00
443.00
103.00
164.00
95.00
27.00
91.00
18.00
35.00
73.00
117.00
116.00
377.00
7.00
42.00
69.00
23.00
161.00
238.00
172.00
993.00
83.00
273.00
287.00
207.00
84.00
192.00
5.00
37.00
33.00
37.00
0.00
4.00
13.00
4.00
5.00
115.00
2.00
2.00
172.00
5.00
0.00
114.00
1.00
3.00
50.00
184.00
12.00
5.00
0.00
112.00
198.00
211.00
19.00
15.00
25.00
102.00
280.00
517.00
122.00
170.00
19.00
89.00
177.00
13.00
52.00
0.00
22.00
34.00
260.00
210.00
158.00
6.00
0.00
234.00
126.00
60.00
2.00
0.00
24.00
69.00
62.00
305.00
279.00
145.00
443.00
728.00
820.00
43.00
219.00
67.00
495.00
25.00
29.00
85.00
144.00
184.00
122.00
141.00
48.00
153.00
224.00
200.00
29.00
146.00
99.00
106.00
117.00
10.00
53.00
79.00
500.00
113.00
9.00
36.00
5.00
0.00
2.00
63.00
1.00
40.00
40.00
363.00
51.00
1.00
179.00
91.00
86.00
257.00
318.00
311.00
104.00
88.00
0.00
17.00
12.00
20.00
1.00
34.00
165.00
119.00
46.00
88.00
99.00
9.00
4.00
220.00
57.00
5.00
64.00
125.00
41.00
14.00
262.00
6.00
27.00
0.00
32.00
0.00
36.00
134.00
69.00
24.00
104.00
12.00
16.00
64.00
333.00
790.00
186.00
5.00
0.00
0.00
0.00
0.00
0.00
0.00
2.00
0.00
0.00
0.00
0.00
0.00
0.00
0.00
120.00
0.00
0.00
25.00
0.00
0.00
0.00
1.00
28.00
91.00
0.00
0.00
0.00
0.00
0.00
0.00
0.00
0.00
0.00
0.00
0.00
0.00
0.00
0.00
0.00
0.00
0.00
0.00
0.00
0.00
0.00
6.00
299.00
0.00
0.00
0.00
0.00
0.00
0.00
0.00
0.00
0.00
0.00
0.00
0.00
0.00
0.00
0.00
0.00
21.00
0.00
0.00
0.00
0.00
0.00
0.00
0.00
0.00
0.00
0.00
153.00
0.00
1.00
0.00
3.00
1.00
0.00
1.00
0.00
1.00
0.00
0.00
1.00
0.00
0.00
57.00
1.00
0.00
0.00
0.00
0.00
0.00
0.00
0.00
0.00
0.00
0.00
0.00
0.00
0.00
0.00
4.00
8.00
31.00
0.00
0.00
0.00
0.00
0.00
0.00
0.00
0.00
0.00
0.00
0.00
0.00
0.00
0.00
0.00
0.00
0.00
0.00
0.00
0.00
2.00
0.00
0.00
91.00
233.00
0.00
0.00
5.00
0.00
0.00
0.00
0.00
0.00
0.00
1.00
0.00
0.00
0.00
74.00
8.00
81.00
1.00
0.00
0.00
0.00
0.00
0.00
0.00
87.00
54.00
137.00
0.00
0.00
0.00
0.00
297.00
61.00
17.00
8.00
156.00
134.00
112.00
518.00
641.00
759.00
159.00
4.00
0.00
69.00
2.00
0.00
0.00
0.00
0.00
29.00
0.00
160.00
84.00
0.00
10.00
292.00
72.00
659.00
560.00
0.00
51.00
19.00
45.00
23.00
287.00
2.00
143.00
9.00
0.00
119.00
265.00
434.00
668.00
0.00
20.00
86.00
1.00
38.00
11.00
19.00
165.00
337.00
40.00
15.00
307.00
73.00
269.00
0.00
91.00
228.00
208.00
463.00
138.00
1.00
46.00
128.00
272.00
113.00
114.00
340.00
43.00
0.00
12.00
0.00
97.00
25.00
172.00
162.00
236.00
1212.00
701.00
329.00
4.00
354.00
76.00
82.00
118.00
0.00
302.00
400.00
9.00
199.00
16.00
83.00
76.00
40.00
59.00
287.00
402.00
110.00
687.00
202.00
107.00
74.00
47.00
227.00
344.00
208.00
71.00
104.00
46.00
131.00
152.00
149.00
146.00
224.00
127.00
66.00
37.00
40.00
73.00
65.00
31.00
0.00
58.00
60.00
103.00
25.00
0.00
42.00
91.00
192.00
149.00
120.00
31.00
151.00
17.00
246.00
1476.00
1766.00
1351.00
530.00
224.00
20.00
54.00
92.00
30.00
32.00
172.00
33.00
224.00
148.00
11.00
54.00
515.00
110.00
37.00
1.00
28.00
205.00
70.00
376.00
43.00
35.00
72.00
1.00
1.00
204.00
603.00
107.00
32.00
146.00
5.00
36.00
57.00
0.00
449.00
114.00
326.00
273.00
137.00
11.00
14.00
68.00
37.00
7.00
105.00
187.00
321.00
205.00
9.00
41.00
10.00
59.00
80.00
82.00
19.00
43.00
6.00
3.00
26.00
77.00
592.00
227.00
25.00
1.00
0.00
3.00
80.00
576.00
1256.00
0.00
0.00
0.00
1.00
0.00
8.00
1.00
4.00
29.00
1.00
0.00
0.00
0.00
28.00
0.00
0.00
0.00
0.00
0.00
0.00
0.00
0.00
0.00
2.00
146.00
90.00
2.00
4.00
0.00
0.00
0.00
0.00
0.00
0.00
0.00
0.00
0.00
0.00
4.00
4.00
0.00
0.00
0.00
0.00
0.00
0.00
2.00
4.00
186.00
1.00
0.00
0.00
0.00
0.00
0.00
0.00
0.00
3.00
5.00
6.00
0.00
0.00
0.00
0.00
0.00
0.00
0.00
0.00
0.00
0.00
1.00
19.00
10.00
0.00
0.00
0.00
0.00
0.00
0.00
0.00
0.00
0.00
0.00
0.00
0.00
0.00
0.00
0.00
0.00
0.00
0.00
0.00
0.00
0.00
0.00
0.00
0.00
0.00
0.00
0.00
0.00
0.00
0.00
0.00
0.00
0.00
0.00
57.00
236.00
17.00
0.00
24.00
11.00
32.00
51.00
140.00
0.00
0.00
0.00
0.00
0.00
108.00
0.00
0.00
0.00
0.00
349.00
26.00
0.00
0.00
0.00
0.00
0.00
0.00
0.00
0.00
0.00
0.00
0.00
0.00
0.00
109.00
46.00
0.00
4.00
8.00
0.00
0.00
0.00
0.00
0.00
0.00
0.00
28.00
13.00
0.00
2.00
13.00
385.00
282.00
215.00
1.00
0.00
168.00
62.00
60.00
10.00
39.00
65.00
99.00
8.00
67.00
69.00
381.00
71.00
2.00
67.00
9.00
43.00
0.00
18.00
37.00
0.00
116.00
23.00
6.00
131.00
16.00
31.00
7.00
87.00
94.00
240.00
12.00
137.00
1.00
148.00
174.00
67.00
250.00
150.00
78.00
14.00
27.00
0.00
100.00
1.00
0.00
11.00
0.00
1.00
5.00
3.00
27.00
128.00
142.00
86.00
124.00
126.00
1.00
12.00
13.00
32.00
0.00
10.00
55.00
122.00
2.00
14.00
25.00
50.00
231.00
45.00
1.00
114.00
731.00
192.00
159.00
58.00
126.00
12.00
2.00
24.00
0.00
31.00
10.00
44.00
56.00
3.00
23.00
2.00
56.00
225.00
371.00
207.00
193.00
35.00
0.00
75.00
14.00
30.00
2.00
18.00
51.00
31.00
144.00
70.00
88.00
24.00
68.00
124.00
361.00
82.00
14.00
57.00
301.00
33.00
12.00
149.00
115.00
170.00
244.00
134.00
87.00
388.00
19.00
63.00
50.00
46.00
125.00
68.00
21.00
6.00
40.00
161.00
173.00
126.00
422.00
63.00
91.00
24.00
221.00
45.00
72.00
30.00
79.00
168.00
85.00
244.00
138.00
25.00
8.00
42.00
83.00
39.00
321.00
79.00
141.00
107.00
1.00
0.00
0.00
9.00
171.00
442.00
336.00
16.00
20.00
0.00
96.00
1.00
2.00
9.00
19.00
6.00
3.00
0.00
25.00
7.00
0.00
1.00
3.00
3.00
0.00
0.00
0.00
0.00
0.00
0.00
0.00
0.00
0.00
0.00
25.00
75.00
27.00
0.00
0.00
4.00
0.00
0.00
0.00
0.00
0.00
0.00
0.00
0.00
0.00
0.00
0.00
0.00
1.00
0.00
29.00
0.00
9.00
0.00
7.00
0.00
12.00
0.00
0.00
0.00
0.00
0.00
0.00
0.00
0.00
0.00
0.00
0.00
0.00
0.00
8.00
0.00
0.00
0.00
0.00
0.00
0.00
0.00
0.00
6.00
2.00
0.00
0.00
0.00
0.00
0.00
70.00
0.00
0.00
0.00
0.00
0.00
0.00
0.00
0.00
0.00
0.00
79.00
288.00
539.00
0.00
0.00
0.00
0.00
0.00
0.00
0.00
0.00
0.00
0.00
0.00
0.00
0.00
0.00
0.00
0.00
0.00
0.00
0.00
0.00
0.00
0.00
0.00
0.00
0.00
0.00
0.00
0.00
0.00
0.00
0.00
0.00
0.00
0.00
0.00
0.00
0.00
0.00
0.00
0.00
0.00
0.00
0.00
0.00
0.00
0.00
0.00
0.00
0.00
0.00
0.00
66.00
0.00
0.00
1.00
0.00
0.00
0.00
1.00
28.00
0.00
0.00
0.00
0.00
0.00
0.00
0.00
1.70
18.70
0.00
76.10
9.00
0.00
0.60
1.00
5.00
0.00
0.00
0.00
0.00
0.00
0.00
0.00
0.00
0.00
0.50
1.50
0.00
4.20
11.60
0.10
0.00
0.00
0.00
0.00
0.00
0.00
19.40
34.10
0.00
21.20
4.90
171.80
6.00
12.20
0.00
21.00
13.30
20.00
6.00
5.90
44.80
0.30
0.00
0.20
1.10
9.10
33.90
34.60
0.10
0.00
1.20
11.80
24.40
0.50
0.00
0.10
0.00
2.60
0.00
18.30
11.50
5.50
5.50
11.30
46.40
96.70
1.20
0.00
79.40
4.60
2.00
64.70
74.20
31.60
30.20
12.50
20.70
1.10
53.10
40.50
1.40
1.40
15.40
24.00
24.00
58.20
0.90
24.50
11.40
3.40
6.70
23.10
5.70
2.90
8.30
23.50
1.20
0.60
0.00
0.10
0.50
0.00
0.00
0.00
5.40
11.60
11.40
5.30
84.00
3.10
25.50
6.20
30.80
37.20
4.60
0.00
0.10
20.00
189.90
87.30
60.60
0.40
10.80
11.90
1.60
1.30
6.20
16.70
19.80
98.10
111.80
286.50
286.50
42.20
42.20
57.20
3.20
3.20
2.50
0.00
3.20
3.20
3.20
7.50
7.40
70.80
8.00
14.30
10.40
3.90
5.50
1.20
4.90
14.80
6.80
14.70
4.80
41.10
15.40
10.60
19.50
2.70
3.00
11.20
14.80
45.80
5.10
12.80
4.00
1.40
0.20
1.10
0.00
9.10
3.20
38.70
27.90
32.40
6.20
1.00
3.90
17.60
14.40
22.10
5.80
12.50
12.90
52.50
12.60
0.70
11.20
1.90
0.30
12.20
9.40
34.40
48.90
46.80
7.60
5.00
8.00
10.90
4.60
0.80
0.30
5.00
13.20
7.90
20.30
37.60
2.50
19.80
22.50
5.20
68.90
68.90
27.30
1.00
3.40
1.70
0.30
15.20
15.40
13.00
0.60
0.00
0.10
0.20
0.10
1.20
2.40
0.70
1.10
2.90
1.10
3.40
0.20
0.00
0.50
24.00
92.30
