20160101
0.00
0.00
0.00
0.00
0.00
0.00
0.00
0.00
0.00
0.00
0.00
0.00
0.00
0.00
0.00
0.00
0.00
0.00
73.00
0.00
0.00
0.00
0.00
0.00
0.00
11.00
0.00
0.00
0.00
0.00
0.00
0.00
0.00
0.00
0.00
0.00
0.00
0.00
91.00
0.00
0.00
0.00
0.00
0.00
0.00
0.00
0.00
0.00
0.00
0.00
22.00
0.00
0.00
0.00
0.00
0.00
2.00
0.00
0.00
0.00
0.00
0.00
0.00
0.00
0.00
4.00
0.00
0.00
0.00
0.00
0.00
0.00
26.00
6.00
0.00
0.00
0.00
0.00
0.00
2.00
0.00
0.00
0.00
0.00
0.00
1.00
18.00
58.00
0.00
2.00
536.00
13.00
0.00
0.00
0.00
98.00
0.00
0.00
0.00
0.00
0.00
0.00
0.00
0.00
1.00
0.00
1.00
64.00
166.00
0.00
1.00
0.00
0.00
0.00
0.00
0.00
0.00
107.00
20.00
35.00
13.00
157.00
22.00
0.00
250.00
18.00
16.00
235.00
14.00
0.00
324.00
3.00
106.00
110.00
311.00
265.00
10.00
70.00
277.00
93.00
76.00
39.00
1.00
0.00
222.00
22.00
0.00
64.00
1.00
0.00
1.00
0.00
0.00
0.00
0.00
0.00
2.00
2.00
137.00
0.00
0.00
0.00
258.00
5.00
0.00
285.00
1249.00
362.00
25.00
3.00
38.00
51.00
380.00
78.00
499.00
260.00
164.00
93.00
52.00
19.00
44.00
64.00
27.00
311.00
237.00
45.00
153.00
24.00
42.00
72.00
48.00
69.00
78.00
20.00
5.00
36.00
49.00
265.00
272.00
186.00
163.00
187.00
528.00
90.00
140.00
208.00
455.00
108.00
143.00
245.00
205.00
39.00
88.00
388.00
232.00
94.00
59.00
103.00
12.00
51.00
88.00
47.00
69.00
19.00
24.00
2.00
121.00
153.00
17.00
98.00
9.00
0.00
3.00
82.00
4.00
7.00
2.00
47.00
9.00
2.00
29.00
82.00
25.00
517.00
31.00
507.00
26.00
20.00
0.00
1.00
1.00
4.00
1.00
22.00
58.00
5.00
195.00
17.00
28.00
365.00
51.00
93.00
92.00
25.00
343.00
68.00
147.00
43.00
387.00
12.00
16.00
132.00
534.00
22.00
0.00
2.00
20.00
0.00
10.00
15.00
28.00
41.00
187.00
117.00
37.00
64.00
0.00
0.00
0.00
0.00
0.00
0.00
0.00
0.00
0.00
0.00
0.00
0.00
0.00
0.00
8.00
0.00
0.00
0.00
0.00
0.00
0.00
0.00
7.00
0.00
0.00
0.00
0.00
0.00
0.00
0.00
0.00
0.00
0.00
0.00
0.00
0.00
0.00
0.00
0.00
0.00
0.00
0.00
0.00
0.00
0.00
0.00
0.00
0.00
0.00
0.00
0.00
0.00
0.00
0.00
0.00
0.00
0.00
0.00
0.00
0.00
0.00
0.00
0.00
0.00
0.00
18.00
0.00
0.00
0.00
0.00
0.00
0.00
0.00
0.00
1.00
0.00
0.00
0.00
0.00
0.00
0.00
1.00
0.00
1.00
0.00
0.00
0.00
0.00
0.00
259.00
0.00
0.00
0.00
0.00
0.00
0.00
0.00
0.00
0.00
0.00
0.00
0.00
0.00
0.00
0.00
39.00
92.00
38.00
0.00
0.00
0.00
0.00
0.00
0.00
0.00
0.00
0.00
0.00
0.00
0.00
0.00
0.00
1.00
0.00
0.00
0.00
0.00
0.00
0.00
0.00
0.00
0.00
0.00
0.00
0.00
0.00
0.00
0.00
0.00
0.00
0.00
1.00
1.00
0.00
0.00
0.00
181.00
1.00
146.00
20.00
0.00
0.00
0.00
0.00
0.00
7.00
48.00
37.00
123.00
0.00
0.00
0.00
8.00
225.00
0.00
35.00
452.00
1.00
0.00
1.00
186.00
0.00
414.00
0.00
237.00
12.00
13.00
36.00
0.00
0.00
0.00
0.00
0.00
0.00
494.00
3.00
0.00
0.00
302.00
49.00
461.00
534.00
7.00
265.00
0.00
0.00
1.00
58.00
0.00
249.00
0.00
0.00
481.00
281.00
19.00
241.00
0.00
57.00
1420.00
2.00
22.00
3.00
65.00
343.00
276.00
0.00
11.00
514.00
19.00
255.00
78.00
563.00
0.00
1.00
265.00
307.00
2.00
2.00
176.00
71.00
63.00
29.00
139.00
64.00
3.00
196.00
0.00
33.00
122.00
111.00
0.00
13.00
236.00
82.00
204.00
2.00
263.00
5.00
1382.00
165.00
136.00
20.00
105.00
22.00
19.00
5.00
1.00
61.00
23.00
23.00
153.00
700.00
94.00
423.00
127.00
29.00
20.00
60.00
140.00
492.00
246.00
120.00
102.00
24.00
55.00
22.00
119.00
144.00
107.00
154.00
7.00
23.00
105.00
267.00
117.00
215.00
39.00
24.00
76.00
492.00
19.00
5.00
169.00
210.00
28.00
70.00
86.00
12.00
16.00
50.00
366.00
996.00
1600.00
495.00
117.00
119.00
115.00
13.00
132.00
55.00
81.00
79.00
81.00
137.00
51.00
25.00
21.00
749.00
280.00
27.00
9.00
50.00
94.00
207.00
289.00
98.00
7.00
11.00
7.00
78.00
279.00
155.00
793.00
16.00
8.00
30.00
178.00
7.00
21.00
249.00
23.00
57.00
197.00
3.00
0.00
103.00
51.00
1.00
0.00
11.00
168.00
382.00
61.00
52.00
177.00
88.00
5.00
1.00
5.00
57.00
24.00
20.00
2.00
0.00
1.00
58.00
0.00
1.00
0.00
0.00
0.00
3.00
712.00
304.00
0.00
0.00
0.00
0.00
0.00
0.00
0.00
0.00
633.00
0.00
0.00
0.00
0.00
0.00
0.00
0.00
0.00
0.00
0.00
0.00
0.00
0.00
0.00
0.00
13.00
105.00
0.00
0.00
0.00
0.00
0.00
0.00
0.00
0.00
0.00
0.00
0.00
0.00
0.00
0.00
0.00
0.00
0.00
0.00
0.00
0.00
0.00
0.00
0.00
0.00
0.00
0.00
0.00
0.00
0.00
0.00
0.00
1.00
0.00
0.00
0.00
0.00
0.00
0.00
0.00
0.00
0.00
0.00
0.00
0.00
0.00
0.00
0.00
0.00
0.00
0.00
0.00
0.00
0.00
0.00
0.00
0.00
0.00
0.00
0.00
0.00
0.00
0.00
0.00
0.00
0.00
0.00
0.00
1.00
0.00
0.00
0.00
0.00
0.00
0.00
0.00
0.00
0.00
0.00
0.00
0.00
0.00
11.00
872.00
2.00
0.00
57.00
33.00
299.00
632.00
410.00
0.00
0.00
0.00
0.00
0.00
0.00
0.00
0.00
0.00
0.00
43.00
216.00
0.00
0.00
0.00
0.00
0.00
0.00
2.00
0.00
0.00
0.00
0.00
0.00
0.00
2.00
1.00
0.00
0.00
0.00
12.00
0.00
0.00
0.00
0.00
0.00
0.00
0.00
0.00
0.00
0.00
0.00
232.00
658.00
76.00
0.00
4.00
0.00
0.00
50.00
0.00
2.00
12.00
198.00
0.00
54.00
21.00
0.00
12.00
0.00
0.00
102.00
0.00
2.00
94.00
0.00
0.00
0.00
53.00
29.00
17.00
38.00
11.00
26.00
130.00
4.00
109.00
20.00
413.00
0.00
26.00
73.00
0.00
130.00
198.00
21.00
1.00
0.00
0.00
217.00
5.00
0.00
0.00
0.00
0.00
0.00
0.00
0.00
170.00
177.00
77.00
151.00
138.00
11.00
6.00
5.00
67.00
0.00
0.00
0.00
1.00
0.00
54.00
8.00
86.00
91.00
2.00
5.00
329.00
608.00
93.00
9.00
328.00
33.00
80.00
0.00
13.00
24.00
7.00
62.00
54.00
2.00
7.00
14.00
0.00
0.00
256.00
163.00
19.00
12.00
2.00
1.00
6.00
2.00
3.00
7.00
5.00
51.00
20.00
103.00
53.00
35.00
17.00
28.00
56.00
213.00
42.00
4.00
41.00
94.00
2.00
25.00
14.00
49.00
9.00
58.00
69.00
665.00
324.00
10.00
25.00
283.00
146.00
47.00
10.00
27.00
24.00
104.00
362.00
55.00
20.00
251.00
71.00
67.00
8.00
261.00
89.00
8.00
33.00
161.00
262.00
47.00
14.00
107.00
24.00
7.00
30.00
76.00
7.00
68.00
26.00
80.00
91.00
14.00
1.00
15.00
23.00
213.00
407.00
375.00
390.00
111.00
47.00
9.00
8.00
8.00
39.00
72.00
7.00
1.00
0.00
13.00
2.00
46.00
0.00
32.00
0.00
0.00
0.00
0.00
0.00
0.00
0.00
0.00
0.00
0.00
0.00
6.00
474.00
32.00
0.00
0.00
0.00
0.00
0.00
0.00
0.00
0.00
0.00
0.00
0.00
0.00
0.00
0.00
0.00
0.00
0.00
0.00
0.00
0.00
0.00
0.00
1.00
0.00
0.00
0.00
0.00
0.00
0.00
0.00
0.00
0.00
0.00
0.00
0.00
0.00
0.00
0.00
0.00
0.00
0.00
0.00
0.00
0.00
0.00
0.00
0.00
0.00
0.00
0.00
0.00
0.00
0.00
19.00
0.00
0.00
0.00
0.00
0.00
0.00
0.00
0.00
0.00
0.00
5.00
523.00
681.00
0.00
0.00
0.00
0.00
0.00
0.00
0.00
0.00
0.00
0.00
0.00
0.00
0.00
0.00
0.00
0.00
0.00
0.00
0.00
0.00
0.00
0.00
0.00
0.00
0.00
0.00
0.00
0.00
0.00
0.00
0.00
0.00
0.00
0.00
0.00
0.00
0.00
0.00
6.00
6.00
0.00
0.00
0.00
0.00
0.00
0.00
0.00
0.00
0.00
0.00
2.00
47.00
8.00
0.00
0.00
2.00
0.00
5.00
10.00
23.00
0.00
0.00
0.00
0.00
0.00
0.00
0.00
0.50
2.50
0.00
22.20
15.50
0.00
0.00
0.00
0.30
0.00
0.00
0.00
0.00
0.00
0.00
0.00
0.00
0.00
1.50
0.20
0.00
0.00
10.40
0.00
0.00
0.00
0.00
0.00
0.00
0.00
11.90
0.00
0.00
21.70
0.00
88.20
2.90
4.90
0.00
8.30
29.70
11.60
0.30
26.50
29.70
0.00
0.00
0.00
7.00
25.30
46.10
32.20
0.20
0.00
0.00
0.00
0.20
0.00
0.00
0.00
0.00
0.50
0.00
29.20
0.20
3.60
3.60
4.00
54.90
81.00
0.00
0.00
0.00
0.00
0.00
0.00
35.90
51.90
4.20
78.90
6.40
5.00
21.40
36.80
20.30
20.30
14.80
52.40
52.40
5.80
0.70
6.20
75.90
8.90
22.00
23.10
21.50
3.80
25.80
4.20
0.60
0.30
0.10
0.00
0.00
0.00
12.50
2.10
0.00
5.70
12.50
10.40
134.80
2.00
0.40
7.40
13.90
1.10
0.00
0.00
0.00
58.40
48.00
64.70
40.40
12.50
11.40
1.90
2.00
0.40
0.10
2.10
32.50
41.60
108.30
81.40
81.40
61.30
61.30
35.50
5.20
5.20
2.40
3.40
5.20
5.20
5.20
12.10
74.60
166.40
27.10
4.60
19.70
12.30
6.80
8.90
3.50
4.40
3.60
8.60
5.60
10.00
22.10
51.50
33.30
8.10
3.80
11.50
1.30
73.50
7.50
11.30
3.30
36.90
2.70
1.50
2.30
2.10
3.70
20.70
13.90
5.40
1.70
0.80
1.50
48.50
3.30
2.40
27.10
2.00
11.60
12.80
10.30
2.40
0.60
3.10
1.50
2.80
15.50
3.90
3.40
8.20
0.30
37.70
68.20
4.60
0.10
0.60
11.90
3.30
20.20
51.20
23.20
44.00
2.30
6.90
27.60
40.00
88.90
88.90
0.00
2.30
0.70
10.00
6.50
49.60
32.70
4.70
0.00
0.00
0.00
0.00
0.00
0.20
0.30
0.00
0.00
0.50
0.70
3.20
0.20
0.00
0.20
21.30
72.50
