20160101
0.00
0.00
0.00
0.00
0.00
0.00
0.00
0.00
38.00
0.00
0.00
0.00
1.00
0.00
0.00
0.00
0.00
0.00
0.00
128.00
0.00
0.00
0.00
0.00
0.00
5.00
0.00
0.00
0.00
0.00
0.00
0.00
0.00
0.00
0.00
0.00
0.00
2.00
1.00
0.00
0.00
67.00
0.00
0.00
0.00
0.00
0.00
0.00
0.00
0.00
3.00
50.00
0.00
3.00
112.00
0.00
17.00
0.00
0.00
0.00
0.00
0.00
0.00
12.00
0.00
0.00
0.00
0.00
12.00
0.00
9.00
0.00
1.00
0.00
0.00
0.00
1.00
0.00
39.00
9.00
23.00
0.00
0.00
0.00
0.00
0.00
190.00
452.00
165.00
106.00
169.00
5.00
0.00
14.00
150.00
559.00
157.00
350.00
256.00
1.00
2.00
341.00
186.00
273.00
443.00
385.00
638.00
659.00
375.00
750.00
318.00
643.00
296.00
1407.00
311.00
42.00
202.00
333.00
341.00
196.00
292.00
46.00
91.00
20.00
129.00
9.00
175.00
23.00
5.00
4.00
0.00
27.00
72.00
148.00
120.00
566.00
894.00
847.00
295.00
31.00
48.00
734.00
5.00
0.00
8.00
28.00
0.00
5.00
82.00
3.00
10.00
95.00
0.00
0.00
0.00
20.00
60.00
1253.00
686.00
136.00
7.00
111.00
0.00
0.00
0.00
75.00
292.00
92.00
162.00
48.00
4.00
26.00
361.00
320.00
355.00
3.00
22.00
122.00
161.00
18.00
39.00
27.00
53.00
175.00
40.00
12.00
2.00
17.00
8.00
6.00
219.00
82.00
25.00
13.00
2.00
0.00
40.00
133.00
3.00
9.00
2.00
9.00
112.00
4.00
248.00
51.00
97.00
19.00
0.00
58.00
23.00
149.00
29.00
4.00
0.00
100.00
199.00
190.00
27.00
87.00
82.00
6.00
20.00
6.00
69.00
48.00
359.00
49.00
1.00
7.00
3.00
0.00
109.00
37.00
0.00
2.00
0.00
181.00
5.00
128.00
29.00
233.00
660.00
907.00
231.00
141.00
238.00
1.00
380.00
213.00
207.00
0.00
5.00
26.00
88.00
133.00
299.00
50.00
0.00
8.00
119.00
86.00
28.00
16.00
524.00
157.00
33.00
124.00
877.00
5.00
0.00
819.00
48.00
31.00
1.00
55.00
1.00
98.00
1.00
92.00
37.00
353.00
175.00
27.00
0.00
19.00
0.00
0.00
0.00
0.00
0.00
0.00
0.00
0.00
0.00
0.00
0.00
0.00
0.00
0.00
85.00
2.00
2.00
0.00
0.00
0.00
0.00
3.00
164.00
372.00
437.00
2.00
0.00
0.00
0.00
0.00
0.00
0.00
0.00
0.00
0.00
0.00
0.00
0.00
0.00
0.00
0.00
0.00
0.00
0.00
0.00
0.00
0.00
0.00
0.00
46.00
0.00
0.00
0.00
0.00
0.00
0.00
0.00
0.00
0.00
0.00
0.00
0.00
0.00
0.00
0.00
0.00
0.00
0.00
0.00
0.00
0.00
0.00
0.00
0.00
0.00
0.00
0.00
0.00
0.00
0.00
0.00
0.00
0.00
0.00
0.00
0.00
0.00
0.00
0.00
0.00
0.00
0.00
0.00
0.00
0.00
0.00
0.00
0.00
0.00
0.00
0.00
0.00
0.00
0.00
0.00
0.00
5.00
0.00
0.00
0.00
0.00
0.00
0.00
0.00
0.00
0.00
0.00
0.00
0.00
0.00
0.00
0.00
0.00
0.00
0.00
0.00
0.00
0.00
0.00
0.00
164.00
659.00
62.00
0.00
0.00
0.00
0.00
0.00
0.00
0.00
0.00
0.00
34.00
21.00
0.00
0.00
92.00
1.00
259.00
49.00
0.00
0.00
0.00
0.00
0.00
126.00
280.00
42.00
162.00
0.00
0.00
0.00
0.00
106.00
0.00
103.00
134.00
445.00
432.00
946.00
1105.00
1110.00
1034.00
189.00
19.00
0.00
101.00
77.00
398.00
51.00
0.00
0.00
0.00
0.00
243.00
2.00
0.00
73.00
329.00
123.00
158.00
25.00
0.00
22.00
791.00
158.00
62.00
171.00
21.00
180.00
59.00
0.00
2.00
12.00
524.00
283.00
0.00
26.00
17.00
1.00
12.00
0.00
3.00
167.00
216.00
25.00
0.00
283.00
82.00
183.00
252.00
107.00
16.00
218.00
415.00
176.00
0.00
19.00
168.00
561.00
189.00
826.00
200.00
278.00
18.00
2.00
0.00
13.00
83.00
6.00
1084.00
394.00
195.00
466.00
137.00
136.00
108.00
1031.00
387.00
556.00
0.00
116.00
60.00
198.00
461.00
171.00
93.00
119.00
83.00
196.00
247.00
78.00
26.00
41.00
117.00
135.00
139.00
35.00
28.00
127.00
34.00
62.00
303.00
21.00
35.00
267.00
17.00
4.00
27.00
256.00
32.00
0.00
228.00
107.00
4.00
54.00
37.00
7.00
29.00
76.00
214.00
55.00
99.00
144.00
169.00
88.00
198.00
31.00
63.00
26.00
117.00
155.00
821.00
474.00
9.00
70.00
172.00
18.00
98.00
14.00
9.00
22.00
75.00
84.00
3.00
244.00
248.00
121.00
9.00
80.00
95.00
85.00
101.00
181.00
20.00
311.00
3.00
0.00
0.00
6.00
324.00
818.00
768.00
41.00
21.00
130.00
417.00
2.00
0.00
61.00
0.00
67.00
109.00
25.00
4.00
3.00
4.00
1.00
30.00
104.00
461.00
39.00
70.00
225.00
6.00
0.00
1.00
34.00
174.00
278.00
270.00
2.00
0.00
0.00
466.00
166.00
59.00
104.00
0.00
18.00
126.00
526.00
485.00
1376.00
14.00
0.00
0.00
0.00
0.00
0.00
0.00
157.00
434.00
0.00
0.00
0.00
0.00
0.00
0.00
0.00
0.00
0.00
0.00
0.00
0.00
1.00
0.00
6.00
285.00
10.00
13.00
0.00
0.00
0.00
0.00
0.00
0.00
0.00
0.00
0.00
0.00
0.00
0.00
0.00
0.00
0.00
0.00
0.00
0.00
0.00
0.00
10.00
512.00
131.00
0.00
0.00
0.00
0.00
0.00
0.00
0.00
0.00
68.00
0.00
0.00
0.00
0.00
0.00
0.00
0.00
0.00
0.00
0.00
0.00
50.00
165.00
50.00
44.00
0.00
0.00
0.00
0.00
0.00
0.00
0.00
0.00
0.00
0.00
0.00
0.00
0.00
0.00
0.00
0.00
0.00
0.00
0.00
0.00
0.00
0.00
0.00
0.00
0.00
0.00
0.00
0.00
0.00
0.00
0.00
0.00
0.00
0.00
10.00
1.00
34.00
17.00
2.00
0.00
5.00
1.00
0.00
0.00
0.00
0.00
0.00
0.00
0.00
0.00
1.00
37.00
160.00
257.00
0.00
0.00
0.00
0.00
69.00
0.00
0.00
0.00
0.00
0.00
0.00
0.00
0.00
184.00
76.00
0.00
549.00
103.00
51.00
0.00
0.00
0.00
0.00
0.00
0.00
0.00
0.00
47.00
6.00
2.00
328.00
310.00
54.00
0.00
17.00
0.00
0.00
0.00
0.00
8.00
16.00
51.00
280.00
208.00
70.00
2.00
159.00
0.00
0.00
61.00
1.00
34.00
142.00
100.00
28.00
0.00
0.00
137.00
21.00
0.00
97.00
15.00
316.00
17.00
136.00
0.00
63.00
178.00
449.00
177.00
512.00
488.00
424.00
223.00
8.00
13.00
7.00
82.00
1.00
0.00
57.00
0.00
54.00
0.00
0.00
20.00
175.00
549.00
788.00
24.00
47.00
6.00
56.00
41.00
0.00
0.00
37.00
66.00
40.00
8.00
0.00
2.00
26.00
15.00
125.00
832.00
1476.00
923.00
443.00
50.00
76.00
11.00
7.00
0.00
109.00
111.00
39.00
110.00
5.00
40.00
75.00
10.00
80.00
19.00
107.00
164.00
352.00
76.00
8.00
0.00
113.00
40.00
1.00
1.00
118.00
24.00
340.00
17.00
29.00
101.00
41.00
1.00
0.00
89.00
88.00
18.00
176.00
130.00
245.00
66.00
17.00
337.00
118.00
204.00
367.00
65.00
12.00
31.00
6.00
212.00
15.00
193.00
45.00
12.00
46.00
319.00
17.00
574.00
1.00
13.00
134.00
2.00
0.00
0.00
48.00
6.00
10.00
83.00
106.00
174.00
182.00
7.00
34.00
5.00
0.00
36.00
6.00
2.00
81.00
86.00
0.00
0.00
0.00
0.00
5.00
53.00
199.00
851.00
127.00
0.00
2.00
42.00
0.00
314.00
73.00
2.00
41.00
0.00
6.00
10.00
140.00
0.00
41.00
0.00
0.00
0.00
0.00
0.00
0.00
0.00
0.00
0.00
0.00
0.00
0.00
26.00
41.00
591.00
84.00
4.00
0.00
0.00
0.00
0.00
0.00
0.00
0.00
0.00
0.00
0.00
0.00
0.00
19.00
130.00
103.00
52.00
0.00
0.00
0.00
0.00
10.00
0.00
0.00
0.00
0.00
0.00
0.00
0.00
0.00
0.00
0.00
0.00
0.00
0.00
0.00
0.00
0.00
0.00
0.00
0.00
0.00
0.00
0.00
0.00
0.00
0.00
0.00
0.00
0.00
0.00
0.00
59.00
0.00
0.00
0.00
0.00
0.00
0.00
0.00
0.00
0.00
0.00
2.00
76.00
262.00
0.00
0.00
0.00
0.00
0.00
0.00
0.00
0.00
0.00
0.00
0.00
0.00
0.00
0.00
0.00
0.00
0.00
43.00
0.00
0.00
0.00
0.00
0.00
0.00
0.00
0.00
0.00
0.00
0.00
0.00
0.00
0.00
0.00
0.00
0.00
0.00
0.00
0.00
0.00
0.00
0.00
0.00
0.00
0.00
0.00
0.00
0.00
0.00
0.00
0.00
0.00
0.00
0.00
0.00
0.00
0.00
0.00
0.00
0.00
0.00
1.00
0.00
0.00
0.00
0.00
0.00
0.00
0.00
45.10
6.70
68.00
21.20
0.00
0.00
0.00
0.00
3.70
0.00
0.00
0.00
0.00
0.00
0.00
0.00
0.00
0.00
0.00
0.00
4.50
0.80
3.10
0.00
0.00
24.30
0.00
0.00
0.00
0.00
0.10
0.00
6.10
0.00
85.70
35.90
25.40
0.00
48.90
22.50
68.10
5.50
14.20
9.70
0.00
0.00
9.70
0.00
0.00
31.30
39.00
5.30
0.00
0.00
0.60
0.10
1.40
0.00
0.00
0.00
0.00
7.50
30.60
44.60
79.60
79.60
4.70
29.30
85.00
0.30
5.00
15.60
18.70
41.60
18.40
25.20
33.80
8.70
40.50
12.80
7.60
19.20
37.20
0.00
0.00
50.50
41.10
41.10
18.60
3.50
8.60
0.40
0.00
0.20
12.30
7.30
2.70
1.40
1.40
1.90
0.20
1.60
9.40
0.60
16.10
15.70
0.00
0.00
45.10
60.80
14.20
2.40
29.70
0.00
10.40
57.10
58.20
3.30
0.00
14.00
79.60
76.30
40.80
67.30
0.20
7.10
1.80
28.50
4.00
12.90
23.80
18.20
11.10
11.00
22.00
22.00
60.00
60.00
35.90
12.10
12.10
2.90
0.80
12.10
12.10
12.10
27.10
46.50
33.60
4.90
40.70
20.00
5.40
9.20
0.30
14.90
3.50
9.30
82.10
9.70
0.40
2.00
1.10
8.50
2.10
9.80
1.20
0.00
2.80
12.60
4.20
14.90
17.90
3.80
0.00
1.00
2.00
4.10
27.70
14.60
9.10
0.00
0.00
1.30
1.20
0.10
1.40
4.20
0.30
2.20
1.50
56.70
8.20
55.10
10.70
0.10
0.30
12.40
7.20
7.20
0.20
0.00
0.40
10.30
0.00
0.00
0.10
0.00
7.40
29.40
21.70
24.70
9.30
0.90
5.30
5.70
11.40
7.90
7.90
46.20
5.10
2.40
0.00
2.10
1.60
0.30
19.80
5.90
0.00
0.00
0.00
0.00
17.10
0.00
0.00
0.00
0.00
0.00
4.80
0.70
0.20
2.30
5.50
29.40
