20160101
0.00
0.00
0.00
0.00
0.00
0.00
0.00
0.00
37.00
0.00
0.00
0.00
2.00
0.00
0.00
0.00
0.00
0.00
0.00
69.00
0.00
0.00
0.00
0.00
0.00
0.00
0.00
0.00
0.00
0.00
0.00
0.00
0.00
0.00
0.00
0.00
0.00
5.00
3.00
10.00
0.00
0.00
0.00
0.00
0.00
0.00
0.00
0.00
0.00
0.00
1.00
0.00
0.00
6.00
60.00
0.00
6.00
115.00
0.00
0.00
0.00
0.00
0.00
4.00
0.00
45.00
0.00
0.00
0.00
1.00
0.00
0.00
21.00
0.00
0.00
6.00
0.00
0.00
0.00
90.00
0.00
0.00
28.00
0.00
0.00
0.00
2.00
298.00
23.00
82.00
50.00
5.00
0.00
31.00
14.00
119.00
58.00
28.00
86.00
0.00
0.00
10.00
2.00
0.00
168.00
88.00
289.00
129.00
73.00
106.00
36.00
0.00
5.00
340.00
117.00
0.00
79.00
85.00
212.00
38.00
197.00
37.00
23.00
8.00
13.00
27.00
2.00
1.00
2.00
0.00
0.00
92.00
52.00
61.00
5.00
113.00
574.00
870.00
130.00
14.00
109.00
373.00
0.00
0.00
57.00
7.00
0.00
33.00
36.00
49.00
0.00
20.00
8.00
1.00
0.00
139.00
44.00
111.00
54.00
45.00
21.00
250.00
34.00
44.00
0.00
3.00
29.00
74.00
298.00
60.00
0.00
5.00
5.00
16.00
0.00
45.00
39.00
2.00
0.00
13.00
52.00
54.00
267.00
172.00
351.00
6.00
20.00
6.00
6.00
2.00
0.00
3.00
62.00
42.00
20.00
20.00
65.00
34.00
5.00
5.00
2.00
10.00
10.00
56.00
57.00
35.00
232.00
16.00
56.00
14.00
110.00
52.00
60.00
25.00
12.00
13.00
12.00
34.00
134.00
94.00
46.00
22.00
81.00
122.00
20.00
15.00
30.00
23.00
47.00
4.00
9.00
1.00
228.00
122.00
0.00
50.00
2.00
215.00
0.00
52.00
41.00
86.00
288.00
21.00
8.00
0.00
50.00
1.00
0.00
3.00
33.00
3.00
0.00
0.00
12.00
155.00
40.00
0.00
0.00
20.00
50.00
143.00
202.00
5.00
79.00
3.00
64.00
4.00
191.00
100.00
26.00
57.00
1.00
50.00
119.00
0.00
7.00
0.00
0.00
11.00
7.00
28.00
196.00
48.00
9.00
62.00
9.00
0.00
0.00
0.00
0.00
0.00
0.00
0.00
0.00
0.00
0.00
0.00
0.00
0.00
62.00
11.00
60.00
1.00
0.00
0.00
0.00
92.00
76.00
231.00
184.00
20.00
0.00
0.00
0.00
0.00
0.00
0.00
0.00
0.00
0.00
0.00
0.00
1.00
0.00
3.00
0.00
0.00
0.00
0.00
0.00
0.00
0.00
0.00
0.00
35.00
0.00
0.00
0.00
0.00
0.00
0.00
0.00
0.00
0.00
0.00
0.00
0.00
0.00
0.00
0.00
0.00
0.00
0.00
0.00
0.00
0.00
0.00
0.00
0.00
32.00
0.00
0.00
0.00
0.00
0.00
0.00
0.00
0.00
9.00
0.00
0.00
0.00
0.00
0.00
0.00
0.00
0.00
0.00
0.00
0.00
0.00
0.00
0.00
0.00
0.00
0.00
0.00
0.00
0.00
0.00
0.00
13.00
0.00
0.00
0.00
0.00
0.00
0.00
0.00
0.00
0.00
0.00
0.00
0.00
0.00
0.00
0.00
0.00
0.00
0.00
0.00
0.00
0.00
0.00
0.00
0.00
32.00
400.00
0.00
0.00
0.00
0.00
0.00
0.00
0.00
0.00
0.00
3.00
43.00
0.00
0.00
118.00
10.00
216.00
49.00
0.00
0.00
0.00
0.00
0.00
28.00
228.00
37.00
108.00
0.00
0.00
0.00
23.00
25.00
2.00
0.00
11.00
171.00
237.00
247.00
562.00
677.00
587.00
113.00
0.00
0.00
27.00
147.00
24.00
0.00
0.00
0.00
0.00
0.00
65.00
4.00
27.00
0.00
126.00
11.00
25.00
16.00
0.00
0.00
60.00
113.00
63.00
147.00
11.00
82.00
58.00
0.00
6.00
1.00
114.00
140.00
1.00
1.00
29.00
1.00
0.00
11.00
9.00
24.00
28.00
19.00
0.00
7.00
22.00
11.00
1.00
48.00
2.00
150.00
45.00
90.00
17.00
6.00
185.00
641.00
74.00
141.00
48.00
162.00
53.00
0.00
1.00
14.00
129.00
269.00
126.00
297.00
117.00
48.00
0.00
0.00
192.00
127.00
27.00
81.00
1.00
1.00
34.00
97.00
1.00
51.00
238.00
137.00
167.00
43.00
215.00
104.00
79.00
46.00
39.00
13.00
13.00
39.00
118.00
154.00
59.00
113.00
27.00
33.00
244.00
15.00
19.00
1.00
55.00
127.00
47.00
11.00
83.00
39.00
13.00
17.00
27.00
16.00
48.00
24.00
2.00
2.00
6.00
12.00
108.00
58.00
16.00
53.00
66.00
37.00
7.00
47.00
180.00
97.00
32.00
19.00
16.00
20.00
12.00
8.00
0.00
0.00
13.00
13.00
3.00
22.00
625.00
76.00
4.00
16.00
8.00
26.00
24.00
11.00
17.00
6.00
46.00
5.00
0.00
12.00
5.00
0.00
57.00
88.00
17.00
14.00
22.00
24.00
1.00
211.00
12.00
50.00
115.00
0.00
0.00
0.00
1.00
0.00
42.00
68.00
154.00
227.00
5.00
7.00
12.00
0.00
15.00
0.00
33.00
0.00
38.00
79.00
3.00
0.00
14.00
15.00
1.00
0.00
0.00
2.00
12.00
47.00
250.00
577.00
0.00
0.00
0.00
0.00
0.00
0.00
0.00
842.00
1016.00
0.00
0.00
0.00
0.00
0.00
0.00
0.00
0.00
0.00
0.00
0.00
0.00
0.00
0.00
15.00
224.00
4.00
0.00
0.00
0.00
0.00
0.00
0.00
0.00
0.00
0.00
0.00
0.00
0.00
0.00
0.00
0.00
0.00
0.00
0.00
0.00
0.00
5.00
56.00
121.00
161.00
0.00
0.00
0.00
0.00
0.00
0.00
0.00
0.00
117.00
0.00
0.00
0.00
0.00
0.00
0.00
0.00
0.00
0.00
0.00
0.00
57.00
62.00
17.00
0.00
0.00
0.00
0.00
0.00
0.00
0.00
0.00
0.00
0.00
0.00
0.00
0.00
0.00
0.00
0.00
0.00
0.00
0.00
0.00
0.00
0.00
0.00
0.00
0.00
0.00
0.00
0.00
0.00
0.00
0.00
0.00
0.00
44.00
0.00
0.00
0.00
0.00
1.00
0.00
1.00
0.00
0.00
0.00
0.00
0.00
0.00
0.00
0.00
0.00
0.00
8.00
0.00
21.00
1136.00
0.00
0.00
0.00
0.00
0.00
0.00
36.00
0.00
0.00
0.00
0.00
0.00
0.00
102.00
84.00
0.00
43.00
150.00
86.00
0.00
0.00
0.00
0.00
0.00
0.00
0.00
0.00
57.00
3.00
0.00
66.00
66.00
0.00
0.00
7.00
28.00
54.00
3.00
0.00
3.00
86.00
15.00
22.00
25.00
239.00
2.00
33.00
0.00
11.00
48.00
100.00
2.00
7.00
94.00
2.00
0.00
0.00
15.00
0.00
0.00
103.00
50.00
41.00
19.00
275.00
13.00
133.00
17.00
80.00
85.00
49.00
641.00
272.00
9.00
86.00
39.00
0.00
10.00
0.00
0.00
0.00
2.00
0.00
0.00
2.00
2.00
8.00
11.00
0.00
38.00
14.00
85.00
0.00
4.00
1.00
42.00
3.00
11.00
59.00
346.00
10.00
46.00
162.00
149.00
134.00
517.00
352.00
333.00
58.00
25.00
0.00
0.00
0.00
0.00
0.00
9.00
13.00
47.00
1.00
39.00
17.00
3.00
13.00
0.00
5.00
8.00
41.00
15.00
4.00
70.00
69.00
63.00
5.00
25.00
52.00
12.00
36.00
17.00
3.00
17.00
63.00
10.00
0.00
52.00
33.00
67.00
67.00
254.00
174.00
16.00
7.00
72.00
122.00
165.00
57.00
150.00
13.00
28.00
33.00
27.00
13.00
21.00
274.00
16.00
28.00
45.00
113.00
49.00
0.00
7.00
23.00
15.00
111.00
2.00
13.00
18.00
2.00
115.00
25.00
28.00
10.00
21.00
3.00
1.00
4.00
13.00
132.00
5.00
1.00
61.00
0.00
0.00
0.00
12.00
30.00
1.00
11.00
131.00
15.00
0.00
1.00
8.00
1.00
57.00
4.00
30.00
9.00
2.00
6.00
6.00
0.00
3.00
1.00
0.00
0.00
0.00
0.00
0.00
0.00
0.00
0.00
0.00
1.00
0.00
0.00
47.00
23.00
309.00
357.00
146.00
0.00
0.00
0.00
0.00
0.00
0.00
0.00
0.00
0.00
0.00
0.00
0.00
314.00
299.00
35.00
57.00
0.00
0.00
0.00
0.00
0.00
0.00
0.00
0.00
0.00
0.00
0.00
0.00
3.00
0.00
0.00
0.00
0.00
0.00
0.00
0.00
0.00
0.00
0.00
0.00
0.00
0.00
0.00
0.00
0.00
0.00
0.00
0.00
0.00
0.00
0.00
2.00
0.00
0.00
0.00
0.00
0.00
21.00
0.00
0.00
0.00
0.00
14.00
80.00
279.00
0.00
0.00
0.00
0.00
0.00
0.00
0.00
0.00
0.00
0.00
0.00
0.00
0.00
0.00
0.00
0.00
0.00
118.00
0.00
0.00
5.00
0.00
0.00
0.00
0.00
0.00
0.00
0.00
0.00
0.00
0.00
0.00
0.00
0.00
0.00
0.00
0.00
0.00
0.00
0.00
0.00
13.00
0.00
0.00
0.00
0.00
0.00
0.00
0.00
0.00
0.00
0.00
1.00
0.00
0.00
0.00
0.00
0.00
0.00
0.00
0.00
0.00
0.00
0.00
0.00
0.00
0.00
0.00
14.70
5.60
83.90
43.30
0.00
0.00
0.00
0.00
0.30
0.00
0.00
0.00
0.00
0.00
0.00
0.00
0.00
0.00
0.40
0.00
4.00
18.40
20.30
1.40
0.20
0.10
0.00
0.00
0.00
5.10
1.90
0.00
0.00
0.00
25.50
32.40
63.60
0.00
57.40
11.10
6.10
14.00
12.20
11.20
0.00
0.00
0.00
0.00
9.60
5.90
0.20
18.60
20.80
8.30
40.50
0.00
1.50
0.00
0.00
0.00
0.00
0.00
7.30
6.50
2.00
2.00
0.70
2.30
17.80
0.00
0.00
0.00
2.80
9.10
2.80
16.30
4.90
1.00
0.10
0.00
0.00
10.60
2.20
0.00
0.00
3.30
2.80
2.80
2.80
4.30
0.00
0.00
0.00
0.10
0.00
4.20
0.60
0.80
2.20
1.00
0.00
11.40
1.50
0.50
2.40
0.80
0.00
1.00
2.30
25.80
15.30
0.20
1.80
0.00
6.30
6.30
15.70
1.30
0.00
3.80
2.40
6.40
16.40
2.40
0.40
0.10
0.00
0.00
2.60
0.20
1.30
19.00
6.00
4.50
4.40
4.40
19.50
19.50
1.70
2.70
2.70
0.00
0.00
2.70
2.70
2.70
15.20
4.30
2.00
2.80
20.30
15.40
8.70
0.00
0.10
6.40
5.20
12.00
7.90
2.00
0.10
0.50
4.90
0.60
9.50
0.00
2.60
0.20
1.90
7.10
2.40
2.50
0.60
0.00
1.00
0.50
0.70
4.00
9.10
5.20
0.30
0.10
0.00
0.40
16.80
0.00
2.30
6.30
0.80
2.20
0.30
1.00
7.70
1.60
3.10
3.20
1.80
6.30
2.50
10.50
1.50
0.90
1.50
6.40
1.50
4.20
0.00
1.90
10.20
26.50
13.30
16.40
7.80
24.60
0.00
1.10
3.00
1.40
1.40
5.10
0.00
0.00
0.00
4.50
14.50
8.90
7.90
1.50
0.10
0.00
0.00
0.00
2.10
0.00
0.00
0.10
0.00
0.00
2.40
0.20
0.90
0.10
0.70
6.20
