20160101
0.00
0.00
0.00
0.00
0.00
0.00
0.00
0.00
38.00
0.00
0.00
0.00
6.00
0.00
0.00
0.00
0.00
0.00
0.00
136.00
0.00
0.00
0.00
0.00
0.00
1.00
0.00
0.00
0.00
0.00
0.00
0.00
0.00
0.00
0.00
0.00
0.00
3.00
5.00
0.00
0.00
94.00
0.00
0.00
0.00
0.00
0.00
0.00
0.00
0.00
3.00
0.00
0.00
4.00
70.00
0.00
14.00
0.00
0.00
3.00
0.00
0.00
56.00
16.00
0.00
0.00
0.00
0.00
6.00
0.00
4.00
0.00
0.00
1.00
0.00
0.00
1.00
0.00
7.00
32.00
29.00
0.00
0.00
0.00
0.00
0.00
223.00
427.00
365.00
81.00
155.00
7.00
0.00
19.00
114.00
666.00
168.00
440.00
216.00
74.00
1.00
396.00
185.00
338.00
330.00
340.00
808.00
721.00
487.00
863.00
470.00
880.00
190.00
1368.00
170.00
50.00
262.00
449.00
259.00
261.00
437.00
57.00
80.00
34.00
148.00
24.00
203.00
31.00
8.00
8.00
0.00
31.00
78.00
155.00
124.00
618.00
596.00
951.00
338.00
34.00
41.00
786.00
6.00
0.00
7.00
27.00
0.00
1.00
97.00
0.00
17.00
126.00
0.00
0.00
0.00
17.00
31.00
1362.00
659.00
134.00
3.00
170.00
2.00
6.00
0.00
106.00
59.00
49.00
115.00
43.00
0.00
14.00
351.00
393.00
382.00
5.00
13.00
196.00
161.00
18.00
48.00
27.00
16.00
157.00
57.00
28.00
2.00
18.00
16.00
25.00
222.00
98.00
23.00
5.00
3.00
18.00
69.00
75.00
7.00
5.00
15.00
17.00
68.00
1.00
190.00
44.00
81.00
2.00
2.00
69.00
36.00
149.00
35.00
9.00
0.00
81.00
269.00
194.00
20.00
79.00
100.00
2.00
28.00
20.00
86.00
73.00
239.00
63.00
5.00
26.00
2.00
0.00
77.00
48.00
0.00
1.00
0.00
351.00
16.00
128.00
56.00
177.00
750.00
902.00
279.00
90.00
104.00
3.00
474.00
274.00
132.00
14.00
2.00
37.00
132.00
168.00
350.00
5.00
1.00
7.00
119.00
77.00
33.00
218.00
451.00
216.00
29.00
114.00
717.00
5.00
0.00
662.00
17.00
5.00
1.00
3.00
7.00
77.00
0.00
4.00
37.00
351.00
110.00
17.00
6.00
29.00
0.00
0.00
0.00
0.00
0.00
0.00
0.00
0.00
0.00
0.00
0.00
0.00
0.00
0.00
74.00
1.00
1.00
0.00
0.00
0.00
17.00
4.00
152.00
388.00
440.00
4.00
0.00
0.00
0.00
0.00
0.00
0.00
0.00
0.00
0.00
0.00
0.00
0.00
0.00
0.00
0.00
0.00
0.00
0.00
0.00
0.00
0.00
0.00
0.00
50.00
0.00
0.00
0.00
0.00
0.00
0.00
0.00
0.00
0.00
0.00
0.00
0.00
0.00
0.00
0.00
0.00
0.00
0.00
0.00
0.00
0.00
0.00
0.00
0.00
0.00
0.00
0.00
0.00
0.00
0.00
0.00
0.00
0.00
0.00
0.00
0.00
0.00
0.00
0.00
0.00
0.00
0.00
0.00
0.00
0.00
0.00
0.00
0.00
0.00
0.00
0.00
0.00
0.00
0.00
0.00
0.00
11.00
0.00
0.00
0.00
0.00
0.00
0.00
0.00
0.00
0.00
0.00
0.00
0.00
0.00
0.00
0.00
0.00
0.00
0.00
0.00
0.00
0.00
0.00
0.00
178.00
663.00
33.00
0.00
0.00
0.00
0.00
0.00
0.00
0.00
0.00
0.00
39.00
19.00
0.00
0.00
98.00
0.00
291.00
26.00
0.00
0.00
0.00
0.00
0.00
80.00
226.00
48.00
184.00
0.00
0.00
0.00
1.00
147.00
0.00
155.00
75.00
436.00
362.00
924.00
878.00
1444.00
1309.00
212.00
24.00
0.00
69.00
76.00
482.00
45.00
0.00
0.00
0.00
0.00
236.00
1.00
0.00
50.00
337.00
150.00
176.00
37.00
11.00
27.00
876.00
128.00
32.00
179.00
34.00
207.00
61.00
0.00
4.00
23.00
562.00
321.00
4.00
42.00
79.00
1.00
39.00
0.00
3.00
175.00
253.00
25.00
1.00
302.00
70.00
196.00
209.00
137.00
18.00
329.00
561.00
182.00
1.00
26.00
164.00
584.00
137.00
774.00
177.00
286.00
30.00
0.00
2.00
19.00
63.00
2.00
1131.00
406.00
221.00
349.00
213.00
4.00
116.00
1074.00
483.00
666.00
1.00
124.00
92.00
153.00
536.00
140.00
102.00
101.00
125.00
182.00
314.00
170.00
31.00
28.00
97.00
105.00
169.00
26.00
24.00
90.00
47.00
90.00
258.00
27.00
38.00
296.00
9.00
5.00
37.00
197.00
36.00
7.00
430.00
108.00
2.00
57.00
13.00
18.00
31.00
61.00
169.00
54.00
80.00
185.00
224.00
118.00
234.00
44.00
92.00
23.00
135.00
287.00
1083.00
473.00
46.00
121.00
116.00
12.00
166.00
16.00
108.00
19.00
57.00
97.00
26.00
265.00
196.00
142.00
14.00
79.00
100.00
115.00
58.00
172.00
29.00
213.00
2.00
0.00
0.00
19.00
217.00
1012.00
812.00
18.00
6.00
232.00
397.00
0.00
0.00
52.00
0.00
53.00
154.00
49.00
98.00
5.00
1.00
0.00
30.00
116.00
478.00
61.00
132.00
271.00
6.00
0.00
0.00
24.00
129.00
179.00
286.00
1.00
2.00
0.00
166.00
222.00
81.00
146.00
0.00
29.00
111.00
409.00
445.00
1639.00
10.00
2.00
0.00
0.00
0.00
0.00
1.00
88.00
281.00
1.00
0.00
0.00
0.00
0.00
0.00
0.00
0.00
0.00
0.00
0.00
0.00
0.00
1.00
6.00
275.00
35.00
8.00
0.00
0.00
0.00
0.00
0.00
0.00
0.00
0.00
0.00
0.00
0.00
0.00
0.00
0.00
0.00
0.00
0.00
0.00
0.00
0.00
11.00
417.00
299.00
0.00
0.00
0.00
0.00
0.00
0.00
0.00
17.00
60.00
0.00
0.00
0.00
0.00
0.00
0.00
0.00
0.00
0.00
0.00
0.00
0.00
191.00
23.00
61.00
0.00
0.00
0.00
0.00
0.00
0.00
0.00
0.00
0.00
0.00
0.00
0.00
0.00
0.00
0.00
0.00
0.00
0.00
0.00
0.00
0.00
0.00
0.00
0.00
0.00
0.00
0.00
0.00
0.00
0.00
0.00
0.00
0.00
0.00
18.00
6.00
64.00
64.00
3.00
0.00
8.00
1.00
0.00
0.00
0.00
0.00
0.00
0.00
0.00
0.00
61.00
28.00
292.00
221.00
0.00
0.00
0.00
0.00
26.00
0.00
0.00
0.00
0.00
0.00
0.00
0.00
0.00
90.00
98.00
0.00
606.00
95.00
17.00
0.00
0.00
0.00
0.00
0.00
0.00
0.00
0.00
73.00
5.00
7.00
335.00
312.00
62.00
0.00
1.00
0.00
0.00
0.00
0.00
2.00
12.00
49.00
282.00
309.00
80.00
1.00
136.00
0.00
0.00
54.00
1.00
10.00
36.00
47.00
33.00
0.00
5.00
86.00
31.00
1.00
185.00
6.00
312.00
18.00
149.00
0.00
64.00
97.00
391.00
203.00
185.00
394.00
397.00
236.00
11.00
0.00
11.00
104.00
2.00
0.00
50.00
0.00
0.00
2.00
1.00
27.00
112.00
592.00
490.00
10.00
129.00
7.00
51.00
47.00
0.00
0.00
50.00
54.00
48.00
0.00
0.00
0.00
17.00
19.00
64.00
1714.00
1738.00
1020.00
314.00
33.00
108.00
11.00
5.00
0.00
104.00
79.00
67.00
141.00
6.00
53.00
51.00
10.00
76.00
12.00
187.00
193.00
360.00
119.00
8.00
0.00
132.00
56.00
3.00
0.00
129.00
176.00
258.00
39.00
45.00
170.00
49.00
2.00
0.00
89.00
99.00
24.00
136.00
226.00
277.00
77.00
18.00
340.00
262.00
236.00
289.00
86.00
13.00
32.00
12.00
264.00
18.00
312.00
51.00
11.00
85.00
318.00
31.00
564.00
4.00
32.00
152.00
0.00
0.00
2.00
29.00
5.00
39.00
88.00
90.00
140.00
258.00
35.00
51.00
18.00
0.00
31.00
10.00
3.00
297.00
101.00
1.00
0.00
0.00
0.00
7.00
39.00
229.00
1053.00
24.00
1.00
0.00
11.00
0.00
296.00
64.00
2.00
43.00
0.00
0.00
14.00
68.00
44.00
27.00
0.00
0.00
0.00
0.00
0.00
0.00
0.00
0.00
0.00
0.00
0.00
0.00
23.00
35.00
646.00
135.00
2.00
0.00
0.00
0.00
0.00
0.00
0.00
0.00
0.00
0.00
0.00
0.00
0.00
6.00
212.00
104.00
31.00
0.00
0.00
0.00
0.00
6.00
0.00
0.00
0.00
0.00
0.00
0.00
0.00
0.00
0.00
0.00
0.00
0.00
0.00
0.00
0.00
0.00
0.00
0.00
0.00
0.00
0.00
0.00
0.00
0.00
0.00
0.00
0.00
0.00
0.00
0.00
50.00
0.00
0.00
0.00
0.00
0.00
0.00
0.00
0.00
0.00
0.00
3.00
84.00
247.00
0.00
0.00
0.00
0.00
0.00
0.00
0.00
0.00
0.00
0.00
0.00
0.00
0.00
0.00
0.00
0.00
0.00
43.00
0.00
0.00
0.00
0.00
0.00
0.00
0.00
0.00
0.00
0.00
0.00
0.00
0.00
0.00
0.00
0.00
0.00
0.00
0.00
0.00
0.00
0.00
0.00
0.00
0.00
0.00
0.00
0.00
0.00
0.00
0.00
0.00
0.00
0.00
4.00
0.00
0.00
0.00
0.00
0.00
0.00
0.00
0.00
0.00
0.00
0.00
0.00
0.00
0.00
0.00
46.80
6.20
54.80
23.20
0.00
0.00
0.00
0.00
5.90
0.00
0.00
0.00
0.00
0.00
0.00
0.00
0.00
0.00
0.00
0.50
4.40
0.40
1.00
0.00
0.00
30.70
0.00
0.00
0.00
0.30
0.30
0.00
10.20
0.00
108.80
41.70
26.80
0.00
46.00
17.00
63.60
5.90
7.10
12.40
0.00
0.00
9.90
0.00
0.00
25.10
48.80
6.40
0.00
0.00
0.20
0.20
1.90
0.00
0.00
0.00
0.20
5.30
37.50
33.80
60.80
60.80
7.30
21.80
102.10
0.80
5.40
21.50
20.00
43.80
18.30
25.90
36.10
9.50
8.20
24.00
8.00
17.60
87.60
0.00
0.00
20.10
43.70
43.70
18.10
4.10
8.60
0.30
0.00
0.30
11.50
6.80
1.90
5.40
3.10
2.30
0.50
1.70
9.80
0.00
13.60
10.10
0.00
0.00
28.50
33.00
12.40
5.80
25.40
2.10
10.50
43.60
45.70
6.80
0.00
19.20
113.10
72.80
67.30
63.80
0.50
25.20
5.60
33.50
2.30
14.70
25.50
15.60
8.90
13.10
18.10
18.10
70.50
70.50
58.70
13.10
13.10
0.70
0.00
13.10
13.10
13.10
46.20
53.60
36.40
7.80
42.30
12.80
5.10
12.60
0.30
17.50
7.20
9.90
90.50
7.00
0.20
2.20
1.50
16.60
1.10
9.40
1.50
0.00
2.60
13.70
10.80
18.10
14.10
2.40
0.00
1.00
1.70
6.40
24.80
17.60
14.60
0.00
0.10
2.10
1.30
0.00
1.10
3.00
0.10
3.30
1.90
56.10
7.80
55.90
15.60
0.30
0.40
14.70
3.20
10.90
1.10
0.00
1.50
14.50
0.00
0.00
0.00
0.00
5.00
33.20
25.30
18.70
14.60
0.90
6.60
5.90
10.60
11.00
11.00
56.10
2.00
1.30
0.00
1.50
0.70
0.00
21.40
8.60
0.00
0.00
0.00
0.00
8.40
0.00
0.00
0.00
0.00
0.00
6.50
0.70
0.20
0.70
2.40
15.60
