20160101
0.00
0.00
0.00
0.00
0.00
0.00
0.00
0.00
112.00
0.00
0.00
0.00
1.00
0.00
0.00
0.00
0.00
0.00
0.00
62.00
0.00
0.00
0.00
0.00
0.00
0.00
0.00
0.00
0.00
0.00
0.00
0.00
0.00
0.00
0.00
0.00
0.00
1.00
7.00
0.00
0.00
0.00
0.00
0.00
0.00
0.00
0.00
0.00
0.00
0.00
1.00
58.00
0.00
165.00
414.00
0.00
7.00
0.00
0.00
0.00
0.00
0.00
0.00
3.00
0.00
52.00
0.00
0.00
43.00
0.00
0.00
0.00
9.00
1.00
1.00
0.00
0.00
0.00
1.00
2.00
0.00
0.00
1.00
0.00
0.00
0.00
10.00
475.00
48.00
225.00
105.00
0.00
0.00
39.00
48.00
171.00
51.00
78.00
79.00
0.00
0.00
24.00
133.00
33.00
349.00
219.00
486.00
164.00
227.00
151.00
63.00
18.00
37.00
1167.00
442.00
3.00
141.00
122.00
403.00
99.00
204.00
50.00
18.00
6.00
81.00
0.00
20.00
3.00
1.00
20.00
0.00
112.00
83.00
176.00
82.00
374.00
1527.00
1040.00
157.00
18.00
65.00
538.00
0.00
0.00
93.00
16.00
16.00
43.00
13.00
89.00
11.00
53.00
0.00
0.00
0.00
123.00
19.00
141.00
292.00
49.00
88.00
164.00
4.00
5.00
0.00
18.00
182.00
34.00
185.00
24.00
0.00
12.00
11.00
54.00
4.00
3.00
12.00
13.00
7.00
2.00
41.00
396.00
175.00
235.00
155.00
54.00
33.00
31.00
0.00
3.00
20.00
4.00
62.00
24.00
9.00
1.00
140.00
55.00
0.00
3.00
1.00
1.00
11.00
55.00
60.00
66.00
206.00
21.00
14.00
98.00
15.00
115.00
34.00
26.00
7.00
11.00
24.00
5.00
135.00
42.00
57.00
7.00
45.00
24.00
59.00
30.00
27.00
6.00
2.00
3.00
35.00
5.00
233.00
87.00
3.00
27.00
0.00
440.00
0.00
7.00
82.00
177.00
161.00
180.00
22.00
3.00
129.00
88.00
119.00
103.00
53.00
6.00
0.00
24.00
25.00
130.00
164.00
19.00
0.00
28.00
59.00
102.00
88.00
73.00
61.00
31.00
141.00
16.00
646.00
0.00
0.00
430.00
4.00
105.00
274.00
0.00
0.00
0.00
0.00
56.00
152.00
102.00
239.00
155.00
44.00
114.00
14.00
0.00
0.00
0.00
0.00
0.00
0.00
0.00
0.00
0.00
0.00
0.00
0.00
0.00
107.00
5.00
2.00
0.00
0.00
0.00
0.00
18.00
102.00
222.00
275.00
72.00
0.00
0.00
0.00
0.00
0.00
0.00
0.00
0.00
0.00
0.00
0.00
1.00
0.00
4.00
0.00
0.00
0.00
0.00
0.00
0.00
0.00
16.00
0.00
131.00
0.00
0.00
0.00
0.00
0.00
0.00
0.00
0.00
0.00
0.00
0.00
0.00
0.00
0.00
0.00
0.00
0.00
0.00
0.00
0.00
0.00
0.00
0.00
0.00
138.00
0.00
2.00
0.00
0.00
0.00
0.00
0.00
0.00
18.00
0.00
0.00
0.00
0.00
0.00
0.00
0.00
0.00
0.00
0.00
0.00
0.00
0.00
0.00
0.00
0.00
0.00
0.00
0.00
0.00
0.00
0.00
5.00
0.00
0.00
0.00
0.00
0.00
0.00
0.00
0.00
0.00
0.00
0.00
0.00
0.00
0.00
0.00
0.00
0.00
0.00
0.00
0.00
0.00
0.00
0.00
65.00
176.00
566.00
0.00
0.00
0.00
0.00
0.00
0.00
0.00
0.00
0.00
18.00
194.00
0.00
0.00
129.00
9.00
299.00
45.00
0.00
0.00
0.00
0.00
0.00
102.00
316.00
52.00
114.00
0.00
0.00
0.00
0.00
39.00
0.00
5.00
11.00
442.00
111.00
561.00
1133.00
1049.00
959.00
176.00
0.00
0.00
56.00
334.00
80.00
3.00
1.00
0.00
0.00
0.00
149.00
0.00
0.00
42.00
242.00
22.00
66.00
10.00
0.00
15.00
141.00
236.00
114.00
429.00
38.00
117.00
96.00
0.00
0.00
6.00
259.00
158.00
18.00
19.00
26.00
0.00
4.00
0.00
31.00
90.00
81.00
15.00
4.00
53.00
330.00
31.00
47.00
71.00
0.00
208.00
108.00
122.00
3.00
22.00
108.00
671.00
209.00
317.00
364.00
407.00
2.00
0.00
0.00
8.00
208.00
121.00
230.00
358.00
243.00
160.00
0.00
0.00
17.00
407.00
431.00
221.00
0.00
43.00
61.00
51.00
459.00
150.00
580.00
36.00
126.00
59.00
315.00
85.00
29.00
89.00
116.00
78.00
16.00
93.00
52.00
85.00
82.00
70.00
39.00
26.00
133.00
51.00
18.00
0.00
53.00
153.00
50.00
6.00
42.00
36.00
10.00
5.00
39.00
12.00
89.00
53.00
77.00
68.00
2.00
28.00
87.00
41.00
8.00
56.00
24.00
20.00
5.00
40.00
397.00
202.00
90.00
26.00
75.00
165.00
34.00
4.00
0.00
3.00
50.00
6.00
1.00
56.00
224.00
106.00
16.00
96.00
35.00
5.00
101.00
81.00
72.00
122.00
134.00
0.00
2.00
9.00
6.00
12.00
25.00
145.00
1.00
65.00
40.00
2.00
0.00
154.00
13.00
114.00
121.00
10.00
0.00
1.00
4.00
0.00
14.00
115.00
46.00
252.00
129.00
2.00
13.00
0.00
0.00
0.00
25.00
28.00
184.00
142.00
68.00
4.00
162.00
67.00
14.00
1.00
0.00
0.00
39.00
167.00
428.00
1000.00
1.00
0.00
0.00
0.00
3.00
0.00
0.00
455.00
1467.00
0.00
0.00
0.00
0.00
1.00
0.00
0.00
0.00
0.00
0.00
0.00
0.00
0.00
0.00
10.00
178.00
2.00
0.00
0.00
0.00
0.00
0.00
0.00
0.00
0.00
0.00
0.00
0.00
0.00
0.00
0.00
0.00
0.00
0.00
8.00
0.00
0.00
2.00
33.00
707.00
134.00
13.00
0.00
0.00
0.00
0.00
0.00
0.00
0.00
102.00
0.00
0.00
0.00
0.00
0.00
0.00
0.00
0.00
0.00
38.00
0.00
22.00
175.00
11.00
25.00
0.00
10.00
0.00
6.00
0.00
0.00
0.00
0.00
0.00
0.00
0.00
0.00
0.00
0.00
0.00
0.00
0.00
0.00
0.00
0.00
0.00
0.00
0.00
0.00
0.00
0.00
0.00
0.00
0.00
0.00
0.00
0.00
0.00
0.00
0.00
5.00
2.00
11.00
10.00
4.00
0.00
0.00
0.00
0.00
0.00
0.00
0.00
0.00
0.00
0.00
0.00
0.00
64.00
909.00
0.00
0.00
0.00
0.00
7.00
0.00
27.00
0.00
0.00
0.00
0.00
0.00
0.00
239.00
635.00
0.00
270.00
183.00
686.00
0.00
0.00
0.00
0.00
0.00
0.00
0.00
0.00
20.00
8.00
2.00
125.00
107.00
26.00
0.00
10.00
2.00
0.00
2.00
0.00
4.00
20.00
5.00
50.00
116.00
91.00
0.00
100.00
1.00
2.00
63.00
0.00
1.00
18.00
174.00
26.00
0.00
2.00
0.00
0.00
0.00
196.00
25.00
138.00
9.00
120.00
8.00
89.00
154.00
217.00
123.00
108.00
560.00
621.00
70.00
107.00
82.00
0.00
21.00
0.00
0.00
7.00
0.00
0.00
0.00
0.00
26.00
60.00
152.00
228.00
95.00
4.00
58.00
1.00
1.00
9.00
78.00
5.00
45.00
64.00
2.00
13.00
37.00
114.00
33.00
324.00
961.00
577.00
612.00
127.00
33.00
0.00
0.00
0.00
0.00
0.00
10.00
32.00
22.00
0.00
36.00
10.00
7.00
3.00
2.00
1.00
11.00
39.00
25.00
0.00
19.00
54.00
95.00
12.00
163.00
25.00
41.00
30.00
8.00
1.00
29.00
18.00
7.00
0.00
62.00
57.00
39.00
11.00
139.00
209.00
3.00
11.00
41.00
40.00
81.00
324.00
160.00
4.00
22.00
49.00
25.00
34.00
15.00
110.00
1.00
4.00
57.00
235.00
18.00
10.00
7.00
48.00
2.00
30.00
2.00
62.00
61.00
0.00
128.00
26.00
69.00
15.00
10.00
1.00
0.00
0.00
0.00
50.00
1.00
5.00
62.00
1.00
0.00
0.00
4.00
11.00
8.00
74.00
239.00
13.00
0.00
18.00
14.00
0.00
239.00
10.00
4.00
6.00
15.00
9.00
4.00
0.00
0.00
62.00
0.00
0.00
0.00
1.00
0.00
0.00
20.00
1.00
0.00
0.00
0.00
0.00
19.00
28.00
343.00
276.00
65.00
0.00
0.00
0.00
0.00
0.00
0.00
0.00
0.00
0.00
0.00
0.00
0.00
404.00
237.00
24.00
63.00
0.00
0.00
0.00
0.00
6.00
0.00
0.00
0.00
0.00
0.00
0.00
0.00
5.00
0.00
11.00
0.00
0.00
0.00
0.00
17.00
0.00
0.00
0.00
0.00
0.00
0.00
0.00
0.00
0.00
0.00
0.00
0.00
0.00
0.00
0.00
29.00
1.00
0.00
0.00
58.00
0.00
2.00
0.00
0.00
0.00
0.00
9.00
70.00
227.00
0.00
0.00
0.00
0.00
0.00
0.00
0.00
0.00
0.00
0.00
0.00
0.00
0.00
0.00
0.00
0.00
0.00
0.00
5.00
0.00
5.00
0.00
0.00
0.00
4.00
0.00
0.00
0.00
0.00
0.00
0.00
0.00
0.00
0.00
0.00
0.00
0.00
0.00
1.00
1.00
1.00
1.00
0.00
0.00
0.00
0.00
0.00
0.00
0.00
0.00
0.00
0.00
5.00
0.00
0.00
0.00
2.00
0.00
0.00
0.00
9.00
0.00
0.00
0.00
0.00
0.00
0.00
0.00
22.80
5.20
100.10
62.20
0.00
0.00
0.00
0.10
16.60
0.00
0.00
0.00
0.00
0.00
0.00
0.00
0.00
0.00
1.20
0.20
1.90
5.10
37.60
0.00
0.00
3.40
0.00
0.00
0.00
10.00
1.00
0.00
0.00
0.00
42.30
43.60
46.20
0.00
55.20
11.10
47.70
1.70
35.30
10.30
0.00
0.00
0.00
0.00
1.70
11.50
1.10
17.40
0.00
3.70
10.40
0.10
2.80
0.00
0.00
0.00
0.00
1.00
21.10
32.00
20.50
20.50
1.40
24.40
33.30
0.20
0.00
0.50
6.40
23.50
3.00
9.80
37.30
3.20
5.00
10.40
6.20
4.50
3.90
0.20
0.20
6.60
11.20
11.20
10.50
7.10
0.10
0.10
0.00
0.00
8.60
6.80
0.90
0.00
9.70
3.20
0.00
12.90
14.40
0.00
10.30
1.20
0.00
0.30
0.60
145.50
41.70
0.00
6.90
24.50
22.40
26.30
14.60
3.80
0.00
0.30
14.80
27.20
35.60
8.70
0.10
0.30
0.00
27.60
6.40
4.70
2.30
32.10
18.40
4.00
12.30
12.30
45.40
45.40
10.00
8.50
8.50
0.10
0.90
8.50
8.50
8.50
5.50
7.60
2.70
11.10
34.60
29.50
16.00
1.50
1.50
1.40
5.10
9.20
51.80
7.20
3.40
2.90
2.30
2.70
39.20
0.00
1.60
0.40
4.90
11.50
4.50
2.00
0.20
0.00
0.10
0.70
2.10
4.30
4.60
4.20
4.70
0.20
0.10
6.30
9.50
0.30
3.40
2.10
0.80
1.60
2.00
4.60
7.50
10.70
12.20
1.90
0.70
1.70
6.30
11.80
0.70
0.60
2.90
10.30
0.80
0.20
0.10
2.90
3.60
24.70
27.50
12.60
11.90
16.40
0.50
13.00
14.30
2.80
2.80
10.40
0.00
0.20
3.20
14.60
31.90
0.40
8.10
2.90
0.20
0.00
0.00
0.00
1.20
0.10
0.00
0.00
0.20
0.50
3.20
0.40
1.20
0.20
0.80
5.90
