20160101
0.00
0.00
0.00
0.00
0.00
0.00
0.00
0.00
19.00
0.00
0.00
0.00
0.00
0.00
0.00
0.00
0.00
0.00
3.00
43.00
0.00
0.00
0.00
0.00
0.00
27.00
24.00
0.00
0.00
0.00
0.00
0.00
0.00
0.00
0.00
0.00
0.00
13.00
0.00
11.00
0.00
0.00
0.00
0.00
0.00
0.00
0.00
0.00
0.00
0.00
0.00
0.00
1.00
0.00
4.00
9.00
6.00
0.00
0.00
0.00
0.00
5.00
7.00
3.00
0.00
2.00
0.00
119.00
1.00
2.00
0.00
0.00
31.00
0.00
7.00
1.00
0.00
3.00
0.00
1.00
4.00
0.00
1.00
0.00
0.00
0.00
10.00
117.00
39.00
24.00
82.00
30.00
2.00
9.00
3.00
68.00
21.00
4.00
34.00
3.00
0.00
56.00
0.00
0.00
65.00
29.00
219.00
124.00
65.00
333.00
23.00
0.00
14.00
35.00
1.00
0.00
55.00
34.00
113.00
23.00
173.00
64.00
94.00
25.00
6.00
0.00
1.00
4.00
7.00
4.00
1.00
72.00
23.00
28.00
3.00
20.00
413.00
210.00
77.00
31.00
128.00
545.00
9.00
2.00
106.00
28.00
1.00
28.00
6.00
36.00
1.00
158.00
28.00
0.00
44.00
178.00
27.00
30.00
14.00
7.00
125.00
483.00
13.00
29.00
17.00
3.00
179.00
142.00
447.00
134.00
0.00
7.00
1.00
27.00
90.00
28.00
59.00
33.00
91.00
16.00
41.00
38.00
211.00
329.00
449.00
83.00
17.00
82.00
31.00
25.00
64.00
2.00
28.00
89.00
26.00
111.00
199.00
82.00
15.00
2.00
8.00
49.00
11.00
96.00
51.00
49.00
302.00
37.00
104.00
23.00
67.00
55.00
58.00
41.00
7.00
52.00
92.00
168.00
325.00
80.00
152.00
10.00
119.00
391.00
79.00
79.00
1.00
53.00
41.00
3.00
19.00
4.00
227.00
371.00
39.00
57.00
29.00
329.00
2.00
14.00
93.00
341.00
177.00
37.00
12.00
3.00
21.00
54.00
37.00
23.00
63.00
28.00
63.00
46.00
0.00
86.00
40.00
92.00
54.00
97.00
184.00
170.00
600.00
218.00
160.00
3.00
70.00
48.00
99.00
23.00
1.00
57.00
92.00
2.00
55.00
14.00
17.00
21.00
2.00
89.00
62.00
33.00
59.00
51.00
13.00
9.00
0.00
1.00
1.00
9.00
0.00
0.00
0.00
0.00
0.00
0.00
0.00
7.00
0.00
0.00
51.00
5.00
8.00
0.00
0.00
9.00
0.00
49.00
27.00
190.00
292.00
131.00
0.00
0.00
0.00
0.00
0.00
0.00
0.00
0.00
0.00
0.00
0.00
0.00
0.00
0.00
0.00
0.00
0.00
0.00
0.00
0.00
0.00
0.00
0.00
1.00
0.00
0.00
0.00
0.00
0.00
0.00
0.00
0.00
0.00
0.00
0.00
0.00
2.00
0.00
1.00
0.00
0.00
0.00
0.00
0.00
0.00
0.00
0.00
0.00
143.00
106.00
0.00
0.00
86.00
45.00
64.00
6.00
0.00
5.00
0.00
0.00
0.00
0.00
0.00
2.00
0.00
0.00
0.00
0.00
0.00
0.00
0.00
0.00
0.00
3.00
0.00
0.00
0.00
0.00
0.00
0.00
4.00
0.00
0.00
0.00
0.00
0.00
0.00
0.00
0.00
0.00
0.00
0.00
0.00
0.00
0.00
0.00
0.00
0.00
0.00
0.00
0.00
0.00
0.00
0.00
0.00
0.00
4.00
0.00
0.00
0.00
0.00
0.00
0.00
0.00
0.00
0.00
23.00
22.00
3.00
0.00
116.00
18.00
298.00
257.00
14.00
0.00
0.00
0.00
0.00
18.00
281.00
22.00
179.00
1.00
0.00
0.00
0.00
40.00
351.00
0.00
23.00
78.00
190.00
224.00
241.00
307.00
487.00
324.00
7.00
1.00
25.00
50.00
2.00
0.00
0.00
0.00
0.00
0.00
98.00
2.00
9.00
0.00
50.00
1.00
24.00
20.00
1.00
8.00
26.00
11.00
16.00
122.00
1.00
58.00
3.00
0.00
2.00
0.00
90.00
98.00
0.00
1.00
144.00
9.00
12.00
2.00
15.00
16.00
23.00
97.00
11.00
23.00
6.00
28.00
16.00
39.00
26.00
67.00
18.00
65.00
98.00
139.00
305.00
613.00
4.00
97.00
156.00
46.00
2.00
61.00
25.00
8.00
361.00
92.00
213.00
632.00
389.00
43.00
41.00
42.00
429.00
70.00
4.00
50.00
24.00
11.00
133.00
169.00
154.00
18.00
1.00
470.00
152.00
61.00
364.00
307.00
170.00
47.00
126.00
56.00
83.00
13.00
71.00
417.00
233.00
147.00
13.00
45.00
114.00
49.00
26.00
13.00
77.00
240.00
40.00
1.00
309.00
157.00
57.00
77.00
39.00
9.00
154.00
46.00
28.00
23.00
12.00
50.00
66.00
112.00
50.00
102.00
29.00
11.00
13.00
78.00
322.00
127.00
26.00
20.00
83.00
86.00
21.00
7.00
4.00
36.00
22.00
7.00
7.00
54.00
143.00
105.00
18.00
224.00
2.00
18.00
40.00
52.00
17.00
58.00
6.00
17.00
24.00
47.00
11.00
2.00
72.00
215.00
138.00
29.00
119.00
16.00
5.00
220.00
100.00
56.00
156.00
7.00
18.00
0.00
289.00
9.00
54.00
237.00
121.00
278.00
84.00
0.00
7.00
3.00
186.00
18.00
637.00
50.00
55.00
36.00
2.00
79.00
272.00
2.00
5.00
6.00
3.00
19.00
1.00
16.00
311.00
606.00
0.00
0.00
0.00
0.00
0.00
0.00
0.00
554.00
923.00
0.00
0.00
0.00
0.00
0.00
0.00
0.00
0.00
0.00
0.00
0.00
0.00
0.00
0.00
12.00
48.00
6.00
1.00
0.00
0.00
0.00
0.00
0.00
0.00
0.00
0.00
0.00
0.00
0.00
0.00
0.00
0.00
0.00
0.00
1.00
0.00
0.00
14.00
0.00
6.00
1.00
0.00
0.00
0.00
0.00
0.00
0.00
0.00
0.00
10.00
0.00
0.00
0.00
0.00
0.00
0.00
0.00
0.00
0.00
0.00
0.00
0.00
96.00
79.00
179.00
0.00
0.00
0.00
0.00
0.00
0.00
0.00
0.00
0.00
0.00
0.00
0.00
0.00
0.00
0.00
0.00
0.00
0.00
0.00
0.00
0.00
0.00
0.00
0.00
0.00
0.00
0.00
0.00
0.00
0.00
0.00
0.00
0.00
1.00
0.00
1.00
0.00
2.00
0.00
0.00
1.00
18.00
3.00
0.00
0.00
0.00
0.00
0.00
0.00
0.00
8.00
0.00
8.00
884.00
0.00
0.00
0.00
4.00
0.00
0.00
0.00
4.00
0.00
0.00
0.00
0.00
0.00
20.00
16.00
0.00
0.00
125.00
339.00
46.00
0.00
0.00
0.00
0.00
0.00
0.00
0.00
79.00
1.00
0.00
5.00
107.00
0.00
11.00
4.00
8.00
1.00
16.00
87.00
4.00
47.00
2.00
0.00
21.00
198.00
21.00
48.00
3.00
6.00
55.00
3.00
96.00
28.00
26.00
2.00
0.00
0.00
46.00
36.00
45.00
60.00
67.00
46.00
73.00
277.00
62.00
261.00
3.00
58.00
85.00
1.00
525.00
69.00
26.00
84.00
4.00
1.00
70.00
13.00
0.00
9.00
0.00
0.00
110.00
52.00
7.00
22.00
16.00
0.00
0.00
14.00
120.00
1.00
26.00
44.00
89.00
194.00
18.00
94.00
238.00
26.00
59.00
254.00
223.00
147.00
828.00
477.00
205.00
42.00
0.00
0.00
1.00
0.00
10.00
18.00
12.00
8.00
33.00
115.00
26.00
59.00
41.00
7.00
3.00
2.00
34.00
36.00
40.00
0.00
57.00
36.00
48.00
52.00
30.00
554.00
227.00
89.00
35.00
90.00
83.00
135.00
24.00
40.00
123.00
51.00
123.00
85.00
58.00
171.00
123.00
86.00
229.00
175.00
555.00
148.00
255.00
51.00
2.00
70.00
27.00
16.00
92.00
85.00
13.00
31.00
136.00
111.00
182.00
88.00
94.00
103.00
33.00
131.00
11.00
64.00
34.00
10.00
61.00
121.00
95.00
183.00
79.00
147.00
9.00
3.00
72.00
83.00
34.00
4.00
11.00
6.00
21.00
0.00
1.00
93.00
0.00
14.00
19.00
21.00
12.00
12.00
16.00
13.00
79.00
66.00
10.00
71.00
26.00
16.00
73.00
4.00
159.00
1.00
5.00
5.00
2.00
0.00
0.00
6.00
0.00
5.00
14.00
0.00
6.00
0.00
41.00
99.00
132.00
52.00
20.00
0.00
0.00
0.00
0.00
6.00
0.00
0.00
0.00
0.00
0.00
0.00
0.00
52.00
112.00
34.00
42.00
3.00
0.00
4.00
1.00
2.00
0.00
0.00
0.00
0.00
0.00
0.00
0.00
1.00
0.00
0.00
0.00
0.00
1.00
0.00
1.00
40.00
0.00
0.00
0.00
0.00
0.00
0.00
0.00
0.00
0.00
0.00
0.00
0.00
0.00
0.00
39.00
0.00
0.00
0.00
0.00
0.00
0.00
0.00
0.00
0.00
0.00
4.00
60.00
674.00
0.00
0.00
0.00
0.00
0.00
0.00
0.00
0.00
0.00
0.00
0.00
0.00
0.00
0.00
0.00
0.00
0.00
21.00
0.00
0.00
0.00
0.00
5.00
0.00
13.00
2.00
2.00
0.00
0.00
0.00
0.00
0.00
0.00
0.00
0.00
0.00
0.00
0.00
24.00
24.00
1.00
6.00
0.00
0.00
0.00
0.00
0.00
0.00
0.00
0.00
0.00
0.00
1.00
0.00
0.00
0.00
0.00
0.00
1.00
5.00
0.00
1.00
0.00
0.00
0.00
0.00
0.00
0.00
11.90
3.60
62.90
63.20
0.00
0.00
0.40
0.00
0.50
0.00
0.00
0.00
0.00
0.00
0.00
0.00
0.00
0.20
0.00
7.60
1.20
43.10
47.90
14.40
3.20
3.00
4.70
0.00
0.00
4.70
50.60
0.20
0.40
0.00
20.00
10.00
52.60
0.30
5.40
4.40
0.80
5.10
6.40
11.00
0.10
0.00
0.00
0.10
9.30
2.50
3.20
18.60
27.20
0.10
16.90
0.20
4.20
0.00
0.00
0.00
0.20
1.20
11.60
0.40
1.10
1.10
1.40
10.30
40.40
0.30
0.40
0.00
3.40
4.90
11.70
19.50
7.50
1.90
0.60
1.10
0.40
8.10
1.50
0.20
0.20
2.20
0.30
0.30
14.10
21.40
0.70
18.10
20.40
3.70
0.00
6.40
0.90
8.80
3.50
2.00
1.50
7.10
10.00
0.70
0.20
0.80
0.20
18.00
13.70
17.00
5.80
0.50
1.00
2.20
8.30
9.10
16.40
16.50
0.00
2.30
1.90
4.10
4.50
8.80
7.50
12.10
0.20
11.60
7.60
5.90
7.80
31.40
3.90
14.40
9.00
9.00
21.10
21.10
1.80
3.40
3.40
0.90
0.30
3.40
3.40
3.40
2.70
1.10
5.30
5.30
21.60
20.60
18.80
5.80
2.00
11.40
7.40
16.00
24.30
15.60
2.30
4.80
2.30
2.40
26.10
7.50
4.40
1.10
4.30
23.80
2.00
0.50
0.00
1.00
3.80
0.90
1.60
0.50
11.30
15.30
1.20
4.90
0.80
13.70
19.20
3.60
6.30
7.30
1.90
4.70
4.30
25.40
6.40
4.30
2.90
2.00
1.90
18.10
6.30
7.00
3.40
0.60
4.00
4.40
3.90
2.80
1.20
1.00
9.20
22.40
9.30
10.50
5.00
1.10
2.20
2.60
24.80
16.10
16.10
2.40
6.30
0.70
0.80
17.20
29.80
9.50
4.90
12.20
0.90
0.20
0.00
0.00
11.10
1.20
0.20
1.70
1.50
1.70
2.10
1.30
1.30
1.00
4.40
4.50
