20160101
0.00
0.00
0.00
0.00
0.00
0.00
0.00
0.00
6.00
0.00
0.00
0.00
0.00
0.00
0.00
0.00
0.00
0.00
112.00
6.00
0.00
0.00
0.00
0.00
0.00
0.00
6.00
0.00
0.00
0.00
0.00
0.00
0.00
0.00
0.00
0.00
0.00
5.00
24.00
0.00
0.00
0.00
0.00
0.00
0.00
0.00
0.00
0.00
0.00
0.00
11.00
0.00
0.00
0.00
0.00
0.00
3.00
0.00
0.00
0.00
0.00
0.00
44.00
0.00
0.00
0.00
0.00
0.00
0.00
0.00
0.00
0.00
12.00
16.00
0.00
0.00
0.00
0.00
0.00
10.00
17.00
0.00
0.00
0.00
0.00
0.00
196.00
171.00
1.00
15.00
466.00
24.00
1.00
1.00
4.00
395.00
1.00
0.00
0.00
0.00
0.00
0.00
0.00
0.00
2.00
0.00
22.00
198.00
219.00
7.00
6.00
0.00
0.00
0.00
0.00
0.00
42.00
157.00
233.00
0.00
10.00
181.00
10.00
23.00
207.00
44.00
23.00
302.00
7.00
188.00
171.00
6.00
142.00
149.00
399.00
558.00
9.00
198.00
662.00
83.00
70.00
24.00
0.00
92.00
119.00
57.00
0.00
72.00
0.00
2.00
1.00
39.00
2.00
80.00
0.00
8.00
14.00
100.00
246.00
0.00
41.00
2.00
146.00
21.00
0.00
90.00
637.00
130.00
35.00
0.00
34.00
36.00
170.00
63.00
1239.00
403.00
101.00
269.00
44.00
10.00
12.00
9.00
15.00
315.00
211.00
268.00
128.00
18.00
5.00
77.00
69.00
100.00
62.00
14.00
25.00
42.00
21.00
261.00
182.00
54.00
159.00
69.00
494.00
73.00
146.00
70.00
361.00
39.00
10.00
43.00
242.00
79.00
41.00
256.00
152.00
29.00
55.00
74.00
58.00
57.00
79.00
10.00
149.00
26.00
2.00
7.00
102.00
147.00
14.00
35.00
74.00
0.00
3.00
69.00
0.00
3.00
10.00
273.00
17.00
0.00
70.00
63.00
141.00
45.00
19.00
256.00
43.00
46.00
1.00
1.00
0.00
1.00
0.00
69.00
86.00
163.00
7.00
97.00
24.00
176.00
157.00
199.00
204.00
0.00
168.00
136.00
127.00
39.00
273.00
6.00
13.00
96.00
223.00
0.00
0.00
0.00
51.00
0.00
60.00
38.00
123.00
58.00
323.00
81.00
237.00
1.00
6.00
0.00
0.00
0.00
0.00
0.00
0.00
0.00
0.00
0.00
0.00
0.00
0.00
0.00
93.00
0.00
0.00
0.00
0.00
0.00
0.00
0.00
0.00
1.00
0.00
0.00
0.00
0.00
0.00
0.00
0.00
0.00
0.00
0.00
0.00
0.00
0.00
0.00
0.00
0.00
0.00
0.00
0.00
0.00
0.00
0.00
0.00
0.00
0.00
0.00
0.00
0.00
0.00
0.00
0.00
0.00
0.00
0.00
0.00
0.00
0.00
0.00
0.00
0.00
0.00
0.00
0.00
0.00
0.00
0.00
0.00
0.00
0.00
0.00
0.00
0.00
0.00
0.00
0.00
0.00
0.00
1.00
0.00
0.00
0.00
0.00
0.00
0.00
0.00
60.00
0.00
0.00
0.00
0.00
0.00
0.00
0.00
0.00
0.00
0.00
0.00
0.00
0.00
0.00
0.00
7.00
17.00
15.00
0.00
48.00
0.00
0.00
0.00
0.00
0.00
0.00
0.00
0.00
6.00
0.00
0.00
0.00
0.00
0.00
0.00
0.00
0.00
0.00
0.00
0.00
0.00
0.00
0.00
0.00
0.00
0.00
0.00
0.00
0.00
0.00
0.00
0.00
1.00
0.00
0.00
0.00
31.00
4.00
194.00
17.00
0.00
0.00
0.00
0.00
0.00
5.00
391.00
26.00
276.00
0.00
0.00
0.00
0.00
292.00
0.00
183.00
99.00
14.00
74.00
93.00
230.00
574.00
246.00
0.00
89.00
1.00
0.00
15.00
0.00
0.00
0.00
0.00
0.00
0.00
511.00
5.00
0.00
6.00
1004.00
151.00
1119.00
617.00
0.00
224.00
0.00
0.00
0.00
239.00
0.00
165.00
2.00
0.00
434.00
185.00
10.00
86.00
1.00
94.00
831.00
6.00
40.00
2.00
14.00
376.00
316.00
43.00
15.00
404.00
20.00
140.00
3.00
152.00
52.00
5.00
659.00
302.00
0.00
15.00
225.00
103.00
52.00
21.00
101.00
32.00
3.00
194.00
0.00
41.00
79.00
66.00
26.00
29.00
1017.00
126.00
303.00
19.00
450.00
18.00
512.00
213.00
62.00
28.00
229.00
0.00
74.00
13.00
6.00
33.00
5.00
37.00
88.00
435.00
86.00
640.00
269.00
121.00
48.00
51.00
54.00
289.00
96.00
77.00
71.00
1.00
30.00
195.00
93.00
46.00
283.00
74.00
23.00
1.00
84.00
382.00
33.00
160.00
11.00
23.00
22.00
124.00
32.00
40.00
57.00
39.00
36.00
38.00
115.00
31.00
64.00
57.00
375.00
669.00
1192.00
381.00
264.00
164.00
20.00
22.00
128.00
29.00
32.00
157.00
75.00
180.00
53.00
0.00
8.00
544.00
216.00
13.00
24.00
38.00
191.00
124.00
83.00
24.00
2.00
17.00
11.00
121.00
129.00
120.00
739.00
214.00
111.00
1.00
39.00
0.00
9.00
351.00
53.00
199.00
396.00
20.00
0.00
101.00
31.00
2.00
1.00
39.00
132.00
1225.00
547.00
164.00
138.00
37.00
0.00
2.00
70.00
90.00
46.00
7.00
9.00
0.00
52.00
362.00
40.00
4.00
0.00
0.00
21.00
2.00
956.00
834.00
0.00
0.00
0.00
0.00
0.00
0.00
0.00
0.00
43.00
0.00
0.00
0.00
0.00
0.00
0.00
0.00
0.00
0.00
0.00
0.00
0.00
0.00
0.00
4.00
50.00
82.00
2.00
0.00
0.00
0.00
0.00
0.00
0.00
0.00
0.00
0.00
0.00
0.00
0.00
0.00
0.00
0.00
0.00
0.00
0.00
0.00
1.00
0.00
1.00
0.00
0.00
0.00
0.00
0.00
0.00
0.00
0.00
0.00
0.00
0.00
0.00
0.00
0.00
0.00
0.00
0.00
0.00
0.00
0.00
0.00
0.00
0.00
0.00
0.00
0.00
0.00
0.00
0.00
0.00
0.00
0.00
0.00
0.00
0.00
0.00
0.00
0.00
0.00
0.00
0.00
0.00
0.00
0.00
0.00
0.00
0.00
0.00
0.00
0.00
0.00
0.00
0.00
0.00
0.00
0.00
0.00
0.00
10.00
96.00
18.00
8.00
67.00
21.00
42.00
60.00
103.00
0.00
0.00
0.00
0.00
0.00
0.00
0.00
0.00
0.00
0.00
258.00
374.00
0.00
0.00
0.00
0.00
0.00
0.00
0.00
0.00
0.00
0.00
0.00
0.00
0.00
23.00
1.00
0.00
0.00
0.00
1.00
0.00
0.00
0.00
0.00
0.00
0.00
0.00
0.00
0.00
0.00
0.00
595.00
417.00
157.00
35.00
3.00
20.00
0.00
28.00
0.00
9.00
13.00
348.00
0.00
128.00
54.00
0.00
32.00
0.00
43.00
69.00
0.00
0.00
46.00
9.00
0.00
3.00
52.00
44.00
34.00
6.00
21.00
11.00
82.00
2.00
174.00
16.00
392.00
5.00
113.00
129.00
36.00
523.00
281.00
14.00
126.00
3.00
0.00
308.00
2.00
0.00
13.00
0.00
0.00
0.00
0.00
6.00
71.00
174.00
274.00
448.00
71.00
0.00
18.00
2.00
17.00
0.00
10.00
14.00
17.00
24.00
77.00
26.00
40.00
176.00
43.00
4.00
423.00
665.00
81.00
16.00
115.00
36.00
1.00
5.00
0.00
0.00
4.00
13.00
124.00
8.00
5.00
16.00
0.00
39.00
311.00
352.00
13.00
33.00
0.00
1.00
9.00
1.00
5.00
0.00
17.00
150.00
44.00
159.00
92.00
29.00
23.00
41.00
92.00
430.00
65.00
14.00
22.00
236.00
9.00
1.00
17.00
109.00
41.00
111.00
100.00
588.00
261.00
2.00
52.00
202.00
111.00
23.00
10.00
48.00
9.00
12.00
167.00
65.00
103.00
356.00
83.00
35.00
0.00
226.00
125.00
55.00
55.00
52.00
141.00
51.00
11.00
167.00
69.00
1.00
3.00
58.00
21.00
222.00
64.00
184.00
185.00
1.00
0.00
1.00
0.00
106.00
869.00
413.00
37.00
134.00
0.00
0.00
0.00
1.00
0.00
37.00
8.00
0.00
12.00
48.00
9.00
3.00
0.00
110.00
0.00
0.00
0.00
0.00
0.00
1.00
84.00
0.00
0.00
0.00
0.00
6.00
361.00
71.00
0.00
0.00
0.00
0.00
0.00
0.00
0.00
0.00
0.00
0.00
0.00
0.00
0.00
0.00
0.00
0.00
0.00
41.00
32.00
0.00
0.00
0.00
106.00
0.00
0.00
0.00
0.00
0.00
0.00
0.00
0.00
0.00
0.00
0.00
0.00
0.00
0.00
0.00
0.00
0.00
0.00
0.00
0.00
0.00
0.00
0.00
0.00
0.00
0.00
0.00
0.00
0.00
0.00
45.00
0.00
0.00
0.00
0.00
0.00
0.00
0.00
0.00
0.00
0.00
5.00
357.00
986.00
0.00
0.00
0.00
0.00
0.00
0.00
0.00
0.00
0.00
0.00
0.00
0.00
0.00
0.00
0.00
0.00
0.00
1.00
0.00
0.00
0.00
0.00
0.00
0.00
0.00
0.00
0.00
0.00
0.00
0.00
0.00
0.00
0.00
0.00
0.00
0.00
0.00
0.00
7.00
7.00
0.00
0.00
0.00
0.00
0.00
0.00
0.00
0.00
0.00
0.00
0.00
40.00
0.00
0.00
0.00
0.00
0.00
0.00
17.00
13.00
0.00
0.00
0.00
0.00
0.00
0.00
0.00
2.10
4.40
0.00
38.60
14.70
0.00
0.00
0.20
0.00
0.00
0.00
0.00
0.00
0.00
0.00
0.00
0.00
0.00
0.10
0.20
0.00
1.70
7.00
0.30
0.00
0.00
0.00
0.00
0.00
0.00
11.50
0.10
0.00
41.10
3.70
113.50
5.60
5.60
0.00
30.60
45.40
24.20
11.10
2.00
31.20
0.10
0.00
4.20
5.10
2.30
30.70
49.00
0.10
0.00
0.00
0.20
6.40
0.10
0.00
0.10
0.00
0.20
0.80
38.90
0.10
7.40
7.40
2.00
56.80
83.20
0.00
0.00
8.20
0.00
0.00
35.30
103.00
39.90
9.10
9.70
15.60
6.20
29.20
22.80
17.00
17.00
2.50
34.70
34.70
17.80
1.60
0.60
36.20
4.70
16.30
43.00
10.20
1.90
11.60
25.20
0.20
2.40
0.00
0.60
0.00
0.00
3.60
15.70
0.60
3.30
9.90
8.90
129.90
2.10
10.10
4.90
17.80
3.20
1.10
0.00
0.30
58.90
159.40
61.50
21.80
4.40
8.40
1.00
0.30
0.20
0.90
6.30
35.40
23.20
43.10
155.20
155.20
74.50
74.50
45.10
0.00
0.00
3.30
0.00
0.00
0.00
0.00
2.70
27.60
120.20
28.30
3.90
17.30
7.60
4.00
0.90
1.90
8.10
4.60
4.60
1.20
52.50
8.80
28.10
36.40
6.50
4.70
17.10
5.20
20.20
5.00
6.90
2.40
2.50
0.70
0.00
0.00
1.90
8.90
31.10
25.80
11.80
1.80
0.30
0.60
16.30
3.40
12.90
18.60
2.00
20.40
23.10
10.10
3.30
4.70
1.00
0.60
6.00
9.40
11.00
14.90
10.00
0.70
15.10
12.80
4.40
3.30
0.00
0.30
5.00
15.50
13.10
39.90
28.60
0.20
41.70
48.30
17.20
126.40
126.40
0.50
2.60
3.00
3.90
3.00
35.50
25.70
8.90
0.20
0.20
0.00
0.00
0.00
0.00
0.00
1.70
0.00
1.40
0.30
3.20
0.20
0.00
0.20
21.30
72.50
