20160101
0.00
0.00
0.00
0.00
0.00
0.00
0.00
0.00
0.00
0.00
0.00
0.00
4.00
0.00
0.00
0.00
0.00
0.00
0.00
8.00
0.00
0.00
0.00
0.00
0.00
0.00
0.00
0.00
0.00
0.00
0.00
0.00
0.00
0.00
0.00
0.00
0.00
1.00
0.00
0.00
0.00
0.00
0.00
0.00
0.00
0.00
0.00
0.00
0.00
0.00
3.00
0.00
0.00
0.00
0.00
0.00
8.00
0.00
0.00
0.00
0.00
0.00
0.00
0.00
0.00
15.00
0.00
0.00
0.00
0.00
0.00
0.00
1.00
0.00
0.00
0.00
0.00
0.00
8.00
6.00
0.00
0.00
0.00
0.00
0.00
0.00
170.00
334.00
18.00
15.00
220.00
0.00
0.00
9.00
74.00
416.00
70.00
62.00
2.00
213.00
0.00
0.00
0.00
182.00
255.00
17.00
199.00
316.00
149.00
127.00
74.00
135.00
18.00
3.00
0.00
69.00
716.00
132.00
74.00
23.00
29.00
9.00
16.00
69.00
92.00
92.00
47.00
349.00
2.00
7.00
32.00
10.00
109.00
64.00
124.00
627.00
16.00
330.00
264.00
20.00
124.00
336.00
0.00
0.00
3.00
11.00
0.00
99.00
6.00
13.00
17.00
21.00
0.00
0.00
466.00
36.00
31.00
458.00
31.00
182.00
23.00
20.00
12.00
4.00
1.00
213.00
310.00
179.00
42.00
27.00
226.00
516.00
243.00
716.00
1307.00
174.00
1.00
40.00
81.00
7.00
60.00
30.00
51.00
0.00
322.00
143.00
32.00
6.00
39.00
366.00
102.00
31.00
12.00
2.00
98.00
186.00
9.00
241.00
378.00
757.00
508.00
1476.00
261.00
150.00
108.00
207.00
465.00
27.00
16.00
69.00
159.00
106.00
98.00
9.00
20.00
49.00
303.00
214.00
23.00
62.00
90.00
54.00
83.00
14.00
414.00
103.00
35.00
178.00
19.00
74.00
17.00
0.00
0.00
10.00
0.00
2.00
0.00
328.00
1.00
0.00
5.00
4.00
527.00
690.00
1317.00
684.00
65.00
4.00
4.00
142.00
10.00
2.00
5.00
15.00
163.00
133.00
28.00
1.00
0.00
118.00
23.00
1.00
1.00
34.00
91.00
112.00
322.00
4.00
247.00
45.00
0.00
2.00
54.00
0.00
2.00
198.00
0.00
0.00
14.00
4.00
4.00
286.00
222.00
187.00
7.00
63.00
0.00
0.00
0.00
0.00
0.00
0.00
0.00
0.00
0.00
0.00
0.00
0.00
0.00
11.00
99.00
0.00
0.00
0.00
0.00
0.00
0.00
0.00
9.00
100.00
0.00
0.00
0.00
0.00
0.00
0.00
0.00
0.00
0.00
0.00
0.00
0.00
0.00
0.00
0.00
0.00
0.00
0.00
0.00
0.00
0.00
0.00
0.00
0.00
0.00
34.00
0.00
0.00
0.00
0.00
0.00
0.00
0.00
0.00
0.00
0.00
0.00
0.00
0.00
0.00
0.00
0.00
0.00
0.00
0.00
0.00
0.00
0.00
0.00
0.00
146.00
0.00
0.00
0.00
0.00
0.00
0.00
0.00
0.00
0.00
0.00
0.00
0.00
0.00
0.00
0.00
0.00
0.00
0.00
0.00
0.00
0.00
0.00
0.00
0.00
0.00
0.00
0.00
0.00
0.00
0.00
1.00
10.00
0.00
0.00
0.00
0.00
0.00
0.00
0.00
0.00
0.00
0.00
0.00
0.00
0.00
0.00
0.00
0.00
0.00
0.00
0.00
0.00
0.00
0.00
0.00
20.00
0.00
11.00
0.00
0.00
0.00
0.00
0.00
0.00
0.00
0.00
0.00
6.00
0.00
0.00
0.00
212.00
0.00
150.00
0.00
0.00
0.00
0.00
0.00
0.00
21.00
153.00
5.00
24.00
0.00
0.00
0.00
1.00
253.00
15.00
1.00
2.00
128.00
134.00
474.00
629.00
855.00
605.00
1.00
60.00
0.00
4.00
63.00
10.00
0.00
0.00
0.00
2.00
0.00
457.00
22.00
0.00
2.00
647.00
197.00
274.00
353.00
0.00
159.00
124.00
246.00
0.00
362.00
25.00
213.00
35.00
0.00
147.00
341.00
258.00
525.00
27.00
14.00
88.00
1.00
30.00
105.00
4.00
128.00
337.00
1.00
5.00
345.00
79.00
185.00
222.00
163.00
295.00
99.00
425.00
240.00
1.00
3.00
96.00
189.00
74.00
329.00
370.00
91.00
1.00
0.00
1.00
17.00
47.00
43.00
193.00
197.00
911.00
803.00
55.00
20.00
580.00
59.00
473.00
303.00
0.00
923.00
545.00
79.00
401.00
19.00
26.00
23.00
68.00
33.00
1448.00
612.00
49.00
415.00
253.00
54.00
45.00
26.00
149.00
121.00
148.00
71.00
120.00
72.00
56.00
119.00
33.00
3.00
209.00
45.00
2.00
199.00
282.00
11.00
1.00
0.00
12.00
33.00
12.00
45.00
22.00
10.00
188.00
46.00
121.00
65.00
197.00
101.00
283.00
304.00
206.00
2128.00
1041.00
1229.00
969.00
536.00
101.00
8.00
198.00
64.00
39.00
33.00
172.00
486.00
122.00
24.00
80.00
237.00
186.00
29.00
3.00
5.00
94.00
321.00
812.00
75.00
92.00
4.00
1.00
42.00
580.00
1329.00
49.00
51.00
0.00
0.00
142.00
2.00
0.00
390.00
136.00
434.00
84.00
84.00
52.00
158.00
2.00
20.00
6.00
78.00
663.00
366.00
373.00
50.00
5.00
1.00
2.00
2.00
47.00
12.00
17.00
1.00
16.00
0.00
25.00
144.00
358.00
0.00
0.00
0.00
0.00
562.00
683.00
1538.00
0.00
0.00
0.00
0.00
0.00
0.00
0.00
2.00
30.00
0.00
0.00
3.00
0.00
0.00
1.00
0.00
0.00
0.00
0.00
0.00
0.00
0.00
0.00
6.00
217.00
82.00
4.00
0.00
0.00
0.00
0.00
0.00
0.00
0.00
0.00
0.00
0.00
0.00
0.00
0.00
0.00
0.00
0.00
0.00
0.00
0.00
7.00
5.00
122.00
0.00
0.00
0.00
0.00
0.00
0.00
0.00
0.00
0.00
38.00
0.00
0.00
0.00
0.00
0.00
0.00
0.00
0.00
0.00
0.00
0.00
0.00
101.00
2.00
0.00
0.00
0.00
0.00
0.00
0.00
0.00
0.00
0.00
0.00
0.00
0.00
0.00
0.00
0.00
0.00
0.00
0.00
0.00
0.00
0.00
0.00
0.00
0.00
0.00
0.00
0.00
0.00
0.00
0.00
0.00
0.00
0.00
0.00
0.00
132.00
11.00
37.00
16.00
66.00
0.00
5.00
11.00
0.00
0.00
0.00
0.00
0.00
0.00
0.00
0.00
0.00
0.00
355.00
299.00
0.00
0.00
0.00
0.00
0.00
0.00
0.00
0.00
0.00
0.00
0.00
0.00
0.00
45.00
20.00
0.00
1.00
17.00
8.00
0.00
0.00
0.00
0.00
0.00
0.00
17.00
2.00
0.00
0.00
460.00
722.00
320.00
481.00
0.00
3.00
2.00
0.00
226.00
1.00
103.00
87.00
151.00
0.00
81.00
60.00
177.00
104.00
0.00
0.00
0.00
2.00
1.00
103.00
114.00
0.00
6.00
156.00
0.00
40.00
4.00
102.00
3.00
159.00
70.00
397.00
0.00
140.00
0.00
252.00
266.00
97.00
208.00
168.00
353.00
1.00
8.00
0.00
123.00
0.00
0.00
0.00
21.00
7.00
3.00
16.00
129.00
166.00
581.00
530.00
30.00
248.00
2.00
57.00
22.00
7.00
0.00
53.00
9.00
165.00
11.00
0.00
10.00
69.00
85.00
2.00
478.00
422.00
576.00
263.00
8.00
189.00
96.00
18.00
11.00
87.00
229.00
591.00
209.00
13.00
103.00
25.00
3.00
187.00
601.00
526.00
342.00
303.00
346.00
4.00
0.00
95.00
19.00
6.00
0.00
5.00
38.00
84.00
138.00
57.00
138.00
20.00
11.00
5.00
299.00
63.00
16.00
118.00
169.00
410.00
39.00
272.00
329.00
134.00
190.00
85.00
108.00
144.00
4.00
5.00
40.00
33.00
212.00
33.00
80.00
23.00
126.00
170.00
87.00
42.00
869.00
16.00
13.00
2.00
4.00
43.00
2.00
7.00
83.00
333.00
192.00
189.00
24.00
37.00
1.00
8.00
1.00
19.00
519.00
344.00
247.00
17.00
0.00
0.00
0.00
110.00
1470.00
604.00
848.00
315.00
11.00
0.00
1.00
0.00
13.00
14.00
51.00
0.00
9.00
1.00
67.00
74.00
3.00
6.00
25.00
20.00
0.00
0.00
0.00
0.00
0.00
0.00
0.00
0.00
0.00
0.00
13.00
14.00
39.00
99.00
0.00
0.00
0.00
0.00
0.00
0.00
0.00
0.00
0.00
0.00
0.00
0.00
0.00
13.00
7.00
12.00
12.00
0.00
0.00
0.00
0.00
0.00
0.00
0.00
0.00
0.00
0.00
0.00
0.00
0.00
0.00
0.00
0.00
0.00
0.00
0.00
0.00
0.00
0.00
0.00
10.00
0.00
0.00
0.00
0.00
0.00
0.00
0.00
0.00
0.00
0.00
0.00
41.00
0.00
0.00
0.00
0.00
0.00
0.00
0.00
0.00
0.00
0.00
18.00
55.00
154.00
0.00
0.00
0.00
0.00
0.00
0.00
0.00
0.00
0.00
0.00
0.00
0.00
0.00
0.00
0.00
0.00
0.00
0.00
0.00
0.00
0.00
0.00
0.00
0.00
0.00
0.00
0.00
0.00
0.00
0.00
0.00
0.00
0.00
0.00
0.00
0.00
0.00
0.00
0.00
0.00
0.00
0.00
0.00
0.00
1.00
0.00
0.00
0.00
0.00
0.00
0.00
18.00
0.00
0.00
0.00
0.00
0.00
0.00
1.00
9.00
0.00
0.00
0.00
0.00
0.00
0.00
0.00
2.80
22.40
4.00
48.60
3.20
0.00
0.00
0.00
0.00
0.00
0.00
0.00
0.00
0.00
0.00
0.00
0.00
0.00
0.00
0.10
0.00
0.00
0.20
0.10
0.00
0.40
14.90
0.00
0.00
0.00
2.30
2.00
0.00
9.20
22.00
164.40
7.70
37.80
0.00
9.00
7.00
17.30
0.60
2.30
44.20
0.00
0.00
0.00
0.00
0.00
21.70
7.00
0.00
0.00
0.00
1.20
25.40
0.60
0.00
0.00
0.00
0.00
5.60
39.80
23.20
11.30
11.30
10.60
58.50
56.60
5.40
2.60
54.30
42.40
41.40
50.00
64.60
23.50
38.90
1.10
12.20
0.00
54.40
20.80
0.10
0.10
17.50
24.30
24.30
13.40
2.10
21.70
6.20
4.90
1.20
10.90
5.40
1.80
6.00
63.70
13.20
0.00
11.20
2.20
0.00
3.60
0.00
0.00
0.00
10.80
35.80
3.20
60.50
0.20
0.00
8.90
12.30
12.70
0.10
1.00
17.90
85.00
115.70
164.80
107.10
0.00
29.20
0.80
1.20
0.20
5.60
3.60
13.00
4.30
109.70
173.90
173.90
111.60
111.60
64.60
14.50
14.50
0.40
0.10
14.50
14.50
14.50
48.10
55.00
65.20
8.00
5.30
2.20
3.30
3.70
1.40
10.80
6.00
1.10
18.20
0.40
2.80
0.50
5.00
14.90
2.80
21.10
3.80
4.00
38.80
30.30
37.80
37.80
3.20
1.90
0.00
1.00
0.30
3.20
75.30
26.00
40.30
2.30
3.30
3.50
0.20
0.10
11.90
13.30
0.20
4.60
63.40
11.00
1.00
4.40
5.50
4.40
63.40
19.80
5.00
27.30
34.40
26.70
18.40
25.30
8.50
0.10
0.00
0.00
0.10
12.80
44.70
41.00
29.60
0.00
10.20
8.30
1.80
36.90
36.90
33.70
0.00
0.00
0.40
0.60
11.80
7.60
8.60
3.60
0.00
0.00
0.00
0.10
1.00
0.00
0.00
0.00
0.00
0.00
3.40
0.20
0.00
0.50
24.00
92.30
