20160101
0.00
0.00
0.00
0.00
0.00
0.00
0.00
0.00
0.00
0.00
0.00
0.00
5.00
0.00
0.00
0.00
0.00
0.00
0.00
131.00
0.00
0.00
0.00
0.00
0.00
0.00
0.00
0.00
0.00
0.00
0.00
0.00
0.00
0.00
0.00
0.00
0.00
6.00
6.00
0.00
0.00
0.00
0.00
0.00
0.00
0.00
0.00
0.00
0.00
0.00
0.00
1.00
0.00
4.00
16.00
0.00
0.00
0.00
0.00
0.00
0.00
0.00
0.00
33.00
0.00
178.00
0.00
0.00
0.00
0.00
0.00
0.00
41.00
1.00
0.00
0.00
1.00
0.00
5.00
0.00
2.00
0.00
0.00
0.00
0.00
0.00
104.00
404.00
161.00
91.00
110.00
1.00
0.00
1.00
26.00
147.00
22.00
104.00
71.00
2.00
0.00
1.00
33.00
36.00
389.00
143.00
462.00
118.00
145.00
192.00
98.00
25.00
46.00
1091.00
304.00
16.00
118.00
102.00
232.00
102.00
504.00
86.00
22.00
9.00
28.00
4.00
14.00
9.00
9.00
10.00
0.00
208.00
24.00
93.00
5.00
396.00
1299.00
557.00
175.00
33.00
32.00
431.00
0.00
0.00
2.00
4.00
14.00
69.00
10.00
1.00
1.00
87.00
65.00
0.00
0.00
106.00
5.00
278.00
326.00
160.00
3.00
272.00
96.00
9.00
4.00
0.00
48.00
28.00
276.00
0.00
0.00
16.00
0.00
1.00
38.00
1.00
104.00
17.00
106.00
32.00
20.00
12.00
28.00
43.00
72.00
122.00
12.00
8.00
31.00
7.00
322.00
9.00
36.00
1.00
0.00
2.00
13.00
21.00
0.00
9.00
0.00
16.00
32.00
16.00
56.00
15.00
104.00
8.00
16.00
127.00
14.00
331.00
3.00
1.00
0.00
2.00
71.00
103.00
48.00
10.00
66.00
7.00
98.00
17.00
69.00
60.00
264.00
95.00
2.00
66.00
4.00
0.00
219.00
84.00
0.00
1.00
0.00
206.00
0.00
25.00
104.00
5.00
45.00
175.00
107.00
4.00
252.00
1.00
226.00
172.00
4.00
0.00
54.00
74.00
35.00
1.00
78.00
74.00
0.00
22.00
81.00
40.00
93.00
88.00
148.00
71.00
43.00
6.00
219.00
118.00
0.00
526.00
20.00
10.00
0.00
54.00
0.00
1.00
1.00
6.00
160.00
25.00
70.00
64.00
12.00
16.00
0.00
0.00
0.00
0.00
0.00
0.00
0.00
0.00
0.00
0.00
0.00
0.00
0.00
0.00
35.00
0.00
5.00
0.00
0.00
0.00
0.00
9.00
75.00
320.00
419.00
51.00
0.00
0.00
0.00
0.00
0.00
0.00
0.00
0.00
0.00
0.00
0.00
0.00
0.00
0.00
0.00
0.00
0.00
0.00
0.00
0.00
0.00
0.00
0.00
20.00
0.00
0.00
0.00
0.00
0.00
0.00
0.00
0.00
0.00
0.00
0.00
0.00
0.00
0.00
0.00
0.00
0.00
0.00
0.00
0.00
0.00
0.00
0.00
0.00
83.00
0.00
0.00
0.00
0.00
0.00
0.00
0.00
0.00
13.00
0.00
0.00
0.00
0.00
0.00
0.00
0.00
0.00
0.00
0.00
0.00
0.00
0.00
0.00
0.00
9.00
0.00
0.00
0.00
0.00
0.00
0.00
27.00
0.00
0.00
0.00
0.00
0.00
0.00
0.00
0.00
0.00
0.00
0.00
0.00
0.00
0.00
0.00
0.00
0.00
0.00
0.00
0.00
0.00
0.00
0.00
13.00
19.00
328.00
0.00
0.00
0.00
0.00
0.00
0.00
0.00
0.00
4.00
12.00
251.00
0.00
0.00
87.00
0.00
625.00
36.00
0.00
0.00
0.00
0.00
0.00
51.00
336.00
18.00
112.00
0.00
0.00
0.00
0.00
63.00
3.00
34.00
14.00
241.00
241.00
581.00
1111.00
1289.00
1009.00
168.00
0.00
0.00
92.00
87.00
34.00
0.00
0.00
0.00
0.00
0.00
159.00
6.00
0.00
4.00
222.00
41.00
95.00
1.00
0.00
0.00
137.00
129.00
64.00
171.00
51.00
167.00
17.00
0.00
13.00
7.00
257.00
467.00
0.00
8.00
23.00
1.00
7.00
2.00
35.00
69.00
61.00
13.00
0.00
83.00
94.00
179.00
76.00
33.00
0.00
153.00
184.00
185.00
3.00
41.00
154.00
867.00
43.00
296.00
373.00
124.00
0.00
0.00
15.00
0.00
72.00
101.00
307.00
875.00
103.00
109.00
0.00
2.00
87.00
883.00
367.00
213.00
3.00
195.00
7.00
66.00
486.00
186.00
20.00
46.00
45.00
72.00
167.00
12.00
6.00
50.00
149.00
327.00
33.00
11.00
47.00
89.00
224.00
29.00
28.00
17.00
2.00
131.00
64.00
2.00
61.00
230.00
0.00
11.00
79.00
48.00
20.00
26.00
12.00
16.00
110.00
73.00
44.00
9.00
0.00
9.00
87.00
124.00
42.00
22.00
40.00
15.00
4.00
185.00
526.00
387.00
16.00
7.00
44.00
89.00
105.00
82.00
0.00
24.00
27.00
1.00
0.00
0.00
296.00
148.00
11.00
54.00
6.00
6.00
75.00
97.00
3.00
87.00
33.00
0.00
0.00
4.00
1.00
47.00
209.00
6.00
0.00
61.00
0.00
86.00
26.00
67.00
3.00
91.00
52.00
0.00
0.00
32.00
206.00
0.00
171.00
217.00
743.00
30.00
103.00
121.00
65.00
2.00
0.00
0.00
96.00
0.00
143.00
11.00
0.00
0.00
64.00
51.00
18.00
5.00
0.00
1.00
9.00
226.00
454.00
1173.00
0.00
0.00
0.00
0.00
0.00
0.00
0.00
377.00
1115.00
0.00
0.00
0.00
0.00
0.00
0.00
0.00
0.00
0.00
0.00
0.00
0.00
0.00
0.00
11.00
266.00
13.00
5.00
0.00
0.00
0.00
0.00
0.00
0.00
0.00
0.00
0.00
0.00
0.00
0.00
0.00
0.00
0.00
0.00
0.00
0.00
0.00
0.00
11.00
269.00
31.00
0.00
0.00
0.00
0.00
0.00
0.00
0.00
0.00
44.00
0.00
0.00
0.00
0.00
0.00
0.00
0.00
0.00
0.00
0.00
0.00
150.00
189.00
7.00
30.00
0.00
0.00
0.00
0.00
0.00
0.00
0.00
0.00
0.00
0.00
0.00
0.00
0.00
0.00
0.00
0.00
0.00
0.00
0.00
0.00
0.00
0.00
0.00
0.00
0.00
0.00
0.00
0.00
0.00
0.00
0.00
0.00
0.00
0.00
1.00
1.00
0.00
12.00
26.00
0.00
0.00
0.00
0.00
0.00
0.00
0.00
0.00
0.00
0.00
0.00
0.00
0.00
189.00
868.00
0.00
0.00
0.00
0.00
0.00
0.00
44.00
0.00
0.00
0.00
0.00
0.00
0.00
91.00
124.00
0.00
70.00
198.00
48.00
0.00
0.00
0.00
0.00
0.00
0.00
180.00
0.00
24.00
33.00
0.00
57.00
120.00
36.00
172.00
9.00
0.00
2.00
1.00
0.00
33.00
23.00
50.00
109.00
74.00
66.00
0.00
98.00
24.00
3.00
122.00
4.00
12.00
1.00
78.00
34.00
0.00
0.00
0.00
0.00
4.00
175.00
12.00
119.00
68.00
101.00
7.00
12.00
11.00
138.00
128.00
39.00
973.00
402.00
126.00
0.00
36.00
0.00
52.00
0.00
0.00
21.00
0.00
0.00
0.00
0.00
0.00
89.00
429.00
417.00
13.00
29.00
0.00
2.00
5.00
1.00
1.00
7.00
4.00
0.00
4.00
17.00
28.00
52.00
5.00
105.00
766.00
2237.00
830.00
220.00
41.00
75.00
5.00
3.00
2.00
0.00
27.00
43.00
35.00
7.00
17.00
36.00
1.00
0.00
0.00
25.00
114.00
294.00
70.00
2.00
6.00
34.00
5.00
4.00
0.00
143.00
69.00
90.00
57.00
51.00
78.00
28.00
5.00
1.00
162.00
137.00
13.00
46.00
107.00
84.00
38.00
6.00
20.00
14.00
55.00
325.00
188.00
1.00
4.00
18.00
251.00
16.00
102.00
65.00
2.00
14.00
5.00
24.00
4.00
11.00
52.00
220.00
4.00
1.00
6.00
107.00
10.00
0.00
19.00
49.00
157.00
174.00
25.00
2.00
0.00
0.00
10.00
10.00
0.00
0.00
46.00
1.00
0.00
0.00
0.00
39.00
3.00
164.00
399.00
97.00
0.00
0.00
0.00
0.00
3.00
280.00
56.00
26.00
56.00
0.00
9.00
0.00
0.00
4.00
0.00
0.00
0.00
0.00
0.00
0.00
0.00
0.00
0.00
0.00
0.00
0.00
23.00
38.00
269.00
161.00
6.00
0.00
0.00
0.00
0.00
0.00
0.00
0.00
0.00
0.00
0.00
0.00
0.00
21.00
55.00
109.00
42.00
0.00
0.00
0.00
0.00
0.00
0.00
0.00
0.00
0.00
0.00
0.00
0.00
0.00
0.00
0.00
0.00
0.00
0.00
0.00
0.00
0.00
0.00
0.00
0.00
0.00
0.00
0.00
0.00
0.00
0.00
0.00
0.00
0.00
0.00
0.00
53.00
0.00
0.00
0.00
0.00
0.00
0.00
0.00
0.00
0.00
0.00
12.00
109.00
562.00
0.00
0.00
0.00
0.00
0.00
0.00
0.00
0.00
0.00
0.00
0.00
0.00
0.00
0.00
0.00
0.00
0.00
0.00
0.00
0.00
0.00
0.00
0.00
0.00
0.00
0.00
0.00
0.00
0.00
0.00
0.00
0.00
0.00
0.00
0.00
0.00
0.00
0.00
0.00
0.00
0.00
1.00
0.00
0.00
0.00
0.00
0.00
0.00
0.00
0.00
0.00
0.00
0.00
0.00
0.00
0.00
0.00
0.00
0.00
0.00
1.00
0.00
0.00
0.00
0.00
0.00
0.00
0.00
26.80
1.60
91.50
37.40
0.00
0.00
0.00
0.00
0.00
0.00
0.40
0.00
0.00
0.00
0.00
0.00
0.00
0.00
0.40
0.00
3.00
1.40
17.10
0.00
0.00
4.10
0.00
0.00
0.00
16.30
0.10
0.00
0.00
0.00
69.60
30.60
23.90
0.00
34.70
35.30
31.40
8.10
13.20
18.50
0.00
0.00
0.50
0.00
13.60
11.60
4.60
13.40
0.00
1.20
0.70
1.90
9.20
0.00
0.00
0.00
0.00
0.00
13.90
17.60
14.30
14.30
0.20
31.10
96.30
0.50
0.00
12.20
8.70
31.20
26.10
41.20
24.70
15.70
1.50
10.90
5.20
12.70
16.10
0.00
0.00
11.90
13.60
13.60
4.50
1.50
5.90
2.00
0.00
0.00
1.60
3.30
0.10
0.10
2.90
8.40
0.00
4.90
7.90
0.00
0.40
0.90
1.50
0.10
0.20
29.00
31.20
6.60
11.50
0.50
9.90
22.90
4.70
0.00
0.00
0.00
28.90
59.30
37.80
4.00
0.00
2.70
0.20
10.50
1.70
22.50
34.90
29.80
18.90
3.50
12.90
12.90
71.90
71.90
11.00
0.50
0.50
0.00
1.00
0.50
0.50
0.50
0.00
15.90
0.60
4.10
41.40
24.40
10.10
4.50
0.30
8.10
1.00
2.80
46.20
7.00
4.50
1.50
1.40
20.80
8.30
0.10
0.70
0.00
13.20
2.00
2.20
0.00
0.00
0.00
0.00
1.50
0.30
1.20
5.20
3.50
2.20
0.00
0.00
9.80
9.00
0.30
1.20
0.90
0.10
2.90
2.50
5.40
1.60
28.60
3.50
0.10
0.80
2.60
9.00
7.30
2.90
0.10
0.90
4.70
1.90
3.00
0.10
1.10
5.60
14.20
10.00
4.60
11.30
1.20
0.00
8.40
6.70
3.30
3.30
15.40
0.00
0.00
3.50
1.20
7.10
1.20
10.70
1.40
0.00
0.00
0.00
0.00
3.00
0.30
0.00
0.00
2.50
0.60
3.20
0.40
1.20
0.20
0.80
5.90
