20160101
0.00
4.00
1.00
0.00
0.00
0.00
0.00
0.00
11.00
0.00
0.00
0.00
0.00
0.00
0.00
0.00
0.00
0.00
20.00
126.00
0.00
0.00
0.00
0.00
0.00
7.00
168.00
0.00
0.00
0.00
0.00
0.00
0.00
0.00
0.00
0.00
3.00
12.00
7.00
0.00
0.00
0.00
0.00
0.00
0.00
0.00
0.00
0.00
0.00
0.00
5.00
0.00
0.00
0.00
0.00
0.00
11.00
0.00
39.00
4.00
0.00
16.00
3.00
92.00
0.00
45.00
1.00
5.00
3.00
0.00
0.00
0.00
17.00
11.00
0.00
0.00
0.00
1.00
1.00
14.00
0.00
0.00
0.00
0.00
0.00
0.00
530.00
258.00
11.00
23.00
214.00
26.00
0.00
1.00
32.00
686.00
4.00
35.00
0.00
5.00
0.00
0.00
0.00
0.00
145.00
4.00
327.00
574.00
296.00
115.00
492.00
64.00
8.00
7.00
5.00
46.00
184.00
110.00
276.00
193.00
40.00
23.00
49.00
29.00
48.00
104.00
118.00
235.00
2.00
14.00
66.00
122.00
93.00
123.00
152.00
487.00
169.00
334.00
138.00
84.00
157.00
287.00
7.00
34.00
94.00
9.00
0.00
3.00
4.00
11.00
0.00
52.00
3.00
26.00
131.00
82.00
197.00
216.00
18.00
25.00
38.00
121.00
132.00
176.00
104.00
67.00
143.00
402.00
166.00
3.00
106.00
56.00
59.00
420.00
17.00
29.00
26.00
176.00
256.00
61.00
128.00
9.00
94.00
34.00
129.00
68.00
40.00
33.00
36.00
130.00
167.00
62.00
38.00
1.00
3.00
27.00
52.00
101.00
225.00
336.00
467.00
607.00
844.00
86.00
185.00
98.00
484.00
51.00
41.00
146.00
106.00
152.00
100.00
72.00
2.00
29.00
422.00
183.00
34.00
124.00
189.00
52.00
17.00
20.00
21.00
159.00
159.00
160.00
63.00
56.00
26.00
1.00
1.00
40.00
0.00
91.00
27.00
360.00
54.00
148.00
261.00
370.00
156.00
110.00
203.00
306.00
145.00
4.00
4.00
44.00
18.00
10.00
0.00
28.00
268.00
244.00
37.00
37.00
82.00
161.00
198.00
172.00
106.00
188.00
46.00
44.00
48.00
8.00
141.00
1.00
2.00
88.00
13.00
42.00
106.00
81.00
124.00
139.00
199.00
32.00
10.00
168.00
129.00
476.00
158.00
16.00
0.00
0.00
0.00
0.00
0.00
0.00
0.00
0.00
0.00
0.00
0.00
0.00
0.00
0.00
106.00
2.00
0.00
62.00
0.00
0.00
0.00
17.00
7.00
97.00
8.00
0.00
0.00
0.00
0.00
0.00
0.00
0.00
0.00
0.00
0.00
0.00
0.00
0.00
0.00
0.00
0.00
0.00
0.00
0.00
0.00
0.00
0.00
0.00
0.00
11.00
0.00
0.00
0.00
0.00
0.00
0.00
0.00
0.00
0.00
0.00
0.00
0.00
0.00
1.00
0.00
0.00
0.00
0.00
0.00
0.00
0.00
1.00
0.00
0.00
159.00
0.00
0.00
0.00
7.00
4.00
1.00
82.00
7.00
186.00
0.00
0.00
0.00
0.00
0.00
273.00
0.00
0.00
0.00
0.00
0.00
0.00
0.00
0.00
0.00
0.00
0.00
0.00
0.00
0.00
0.00
1.00
13.00
56.00
0.00
0.00
0.00
0.00
0.00
0.00
0.00
0.00
0.00
0.00
0.00
0.00
0.00
0.00
0.00
0.00
0.00
0.00
0.00
1.00
0.00
0.00
0.00
7.00
0.00
0.00
0.00
0.00
0.00
0.00
0.00
0.00
0.00
0.00
5.00
0.00
0.00
0.00
117.00
12.00
240.00
0.00
0.00
0.00
0.00
0.00
0.00
1.00
153.00
66.00
74.00
0.00
0.00
0.00
0.00
128.00
45.00
0.00
6.00
77.00
147.00
276.00
494.00
658.00
1420.00
274.00
12.00
0.00
61.00
8.00
0.00
0.00
0.00
0.00
40.00
0.00
201.00
11.00
0.00
3.00
160.00
16.00
325.00
184.00
1.00
11.00
5.00
69.00
24.00
224.00
2.00
168.00
8.00
0.00
34.00
152.00
242.00
457.00
0.00
15.00
52.00
3.00
46.00
5.00
36.00
51.00
233.00
37.00
8.00
151.00
19.00
140.00
39.00
13.00
59.00
153.00
257.00
112.00
40.00
103.00
171.00
254.00
16.00
256.00
181.00
80.00
0.00
16.00
21.00
204.00
39.00
241.00
351.00
460.00
1031.00
762.00
4.00
14.00
630.00
167.00
121.00
78.00
3.00
150.00
354.00
8.00
242.00
33.00
147.00
140.00
46.00
52.00
270.00
107.00
66.00
139.00
250.00
110.00
73.00
23.00
145.00
121.00
126.00
47.00
82.00
80.00
240.00
142.00
138.00
43.00
274.00
151.00
60.00
136.00
37.00
167.00
79.00
28.00
3.00
65.00
108.00
90.00
35.00
23.00
30.00
107.00
229.00
134.00
118.00
62.00
100.00
72.00
177.00
1269.00
953.00
865.00
391.00
246.00
26.00
73.00
189.00
70.00
14.00
171.00
50.00
151.00
126.00
115.00
118.00
280.00
102.00
81.00
24.00
78.00
188.00
109.00
574.00
68.00
13.00
8.00
8.00
13.00
258.00
187.00
42.00
98.00
99.00
17.00
102.00
97.00
15.00
396.00
24.00
287.00
68.00
35.00
3.00
37.00
31.00
0.00
4.00
86.00
182.00
205.00
232.00
27.00
53.00
29.00
83.00
166.00
438.00
51.00
62.00
18.00
82.00
42.00
29.00
133.00
215.00
22.00
0.00
0.00
19.00
146.00
500.00
825.00
0.00
0.00
0.00
0.00
0.00
0.00
0.00
4.00
72.00
1.00
0.00
0.00
0.00
22.00
22.00
0.00
0.00
0.00
0.00
0.00
0.00
0.00
0.00
1.00
222.00
119.00
1.00
5.00
0.00
0.00
0.00
0.00
0.00
0.00
0.00
0.00
0.00
0.00
0.00
0.00
0.00
0.00
0.00
0.00
0.00
0.00
5.00
8.00
254.00
32.00
0.00
0.00
0.00
0.00
0.00
0.00
0.00
12.00
19.00
6.00
0.00
0.00
0.00
11.00
0.00
0.00
0.00
0.00
5.00
0.00
16.00
108.00
45.00
0.00
0.00
0.00
0.00
0.00
0.00
0.00
0.00
0.00
0.00
0.00
0.00
0.00
0.00
0.00
0.00
0.00
0.00
0.00
0.00
0.00
0.00
0.00
0.00
0.00
0.00
0.00
0.00
0.00
0.00
0.00
0.00
0.00
1.00
53.00
179.00
6.00
0.00
15.00
71.00
47.00
66.00
243.00
0.00
0.00
0.00
0.00
0.00
0.00
0.00
1.00
0.00
1.00
406.00
175.00
0.00
0.00
1.00
0.00
0.00
0.00
1.00
0.00
0.00
0.00
0.00
0.00
2.00
1.00
49.00
3.00
16.00
1.00
7.00
0.00
0.00
0.00
0.00
0.00
0.00
0.00
0.00
29.00
11.00
0.00
394.00
360.00
225.00
30.00
46.00
66.00
77.00
103.00
20.00
110.00
50.00
37.00
31.00
61.00
142.00
147.00
25.00
11.00
43.00
96.00
22.00
68.00
76.00
39.00
2.00
0.00
29.00
30.00
102.00
60.00
187.00
27.00
110.00
171.00
245.00
34.00
131.00
27.00
130.00
195.00
77.00
231.00
111.00
144.00
196.00
88.00
0.00
133.00
6.00
0.00
4.00
0.00
5.00
32.00
7.00
27.00
12.00
170.00
12.00
41.00
193.00
3.00
68.00
9.00
37.00
36.00
40.00
70.00
133.00
19.00
40.00
50.00
58.00
152.00
26.00
9.00
336.00
543.00
86.00
25.00
152.00
12.00
2.00
0.00
19.00
5.00
23.00
27.00
47.00
38.00
11.00
12.00
11.00
22.00
80.00
369.00
212.00
398.00
72.00
37.00
106.00
8.00
22.00
3.00
45.00
19.00
76.00
205.00
108.00
84.00
20.00
66.00
121.00
245.00
105.00
13.00
83.00
397.00
29.00
40.00
127.00
49.00
183.00
164.00
219.00
13.00
117.00
18.00
69.00
83.00
40.00
120.00
90.00
81.00
46.00
60.00
204.00
261.00
125.00
257.00
199.00
79.00
22.00
21.00
81.00
26.00
3.00
63.00
169.00
124.00
66.00
136.00
21.00
27.00
71.00
103.00
62.00
152.00
96.00
118.00
10.00
13.00
0.00
1.00
2.00
19.00
288.00
228.00
33.00
0.00
0.00
70.00
64.00
34.00
12.00
23.00
33.00
13.00
2.00
6.00
7.00
2.00
1.00
0.00
0.00
0.00
0.00
0.00
0.00
6.00
11.00
0.00
0.00
0.00
1.00
17.00
63.00
32.00
26.00
0.00
0.00
0.00
0.00
0.00
0.00
0.00
0.00
0.00
0.00
0.00
0.00
0.00
0.00
12.00
23.00
36.00
188.00
74.00
0.00
0.00
0.00
1.00
0.00
0.00
0.00
0.00
0.00
0.00
0.00
0.00
0.00
0.00
0.00
0.00
0.00
0.00
0.00
0.00
0.00
0.00
0.00
0.00
0.00
0.00
8.00
1.00
0.00
0.00
0.00
0.00
0.00
25.00
0.00
0.00
0.00
0.00
0.00
0.00
0.00
0.00
0.00
0.00
58.00
347.00
571.00
0.00
0.00
0.00
0.00
0.00
0.00
0.00
0.00
0.00
0.00
0.00
0.00
0.00
0.00
0.00
0.00
0.00
0.00
0.00
0.00
0.00
0.00
0.00
0.00
0.00
0.00
0.00
0.00
0.00
0.00
0.00
0.00
0.00
0.00
0.00
0.00
0.00
0.00
3.00
3.00
0.00
2.00
0.00
0.00
0.00
0.00
0.00
0.00
0.00
0.00
0.00
84.00
1.00
0.00
0.00
0.00
1.00
0.00
1.00
39.00
0.00
0.00
0.00
0.00
0.00
0.00
0.00
5.90
26.40
1.60
94.30
23.50
0.00
1.10
2.90
5.80
0.10
0.00
0.00
0.00
0.00
0.00
0.00
0.00
0.00
0.90
4.00
0.00
0.00
15.20
1.20
0.00
0.00
0.10
0.00
0.00
0.00
17.20
23.80
0.00
4.50
1.40
194.70
4.80
19.80
0.10
2.60
13.70
10.60
4.00
1.40
88.30
0.20
0.10
0.70
2.60
10.60
26.00
18.60
0.30
0.00
0.10
10.00
12.10
1.60
0.00
0.80
0.00
1.90
1.80
5.00
9.60
7.50
7.50
3.50
25.90
59.50
0.10
0.00
36.30
2.10
0.80
28.70
55.20
12.40
43.40
7.20
8.70
3.60
31.80
27.50
0.20
0.20
9.70
21.20
21.20
38.20
12.40
10.50
2.60
1.70
0.70
11.20
6.20
4.60
10.10
30.80
4.70
1.30
0.10
13.90
2.00
1.20
0.20
3.90
1.30
6.80
17.70
3.70
28.50
2.90
0.30
5.50
22.60
27.00
0.00
0.60
2.30
16.80
146.00
72.10
41.50
4.00
1.90
5.10
2.00
1.00
10.30
12.80
35.80
37.70
82.20
190.50
190.50
53.20
53.20
41.70
1.10
1.10
0.90
1.00
1.10
1.10
1.10
3.00
10.80
23.60
6.90
17.40
10.40
7.50
3.40
0.70
5.80
12.90
10.80
17.50
7.10
8.60
1.70
13.10
20.00
5.50
4.80
9.70
5.20
29.90
3.70
10.30
7.70
3.00
0.40
0.10
2.00
17.60
0.20
68.40
22.90
36.10
9.60
0.80
7.70
7.60
11.20
68.30
9.10
16.40
8.40
28.50
19.60
4.40
8.50
3.70
1.00
10.30
13.30
16.20
44.30
41.10
3.40
4.20
8.30
3.60
10.10
1.40
0.80
22.40
31.70
14.00
23.40
31.10
1.20
26.50
21.00
11.80
30.70
30.70
26.20
0.90
3.10
2.80
6.20
13.20
5.00
9.20
1.60
0.50
0.00
0.00
0.20
0.30
5.00
0.70
1.00
2.30
1.40
2.60
0.00
0.30
1.80
20.20
109.10
