20160101
0.00
0.00
0.00
0.00
0.00
0.00
0.00
0.00
0.00
0.00
0.00
0.00
0.00
0.00
0.00
0.00
0.00
0.00
6.00
47.00
0.00
0.00
0.00
0.00
0.00
0.00
0.00
0.00
0.00
0.00
0.00
0.00
0.00
0.00
0.00
0.00
0.00
4.00
33.00
0.00
0.00
0.00
0.00
0.00
0.00
0.00
0.00
0.00
0.00
0.00
3.00
0.00
0.00
0.00
2.00
0.00
18.00
0.00
0.00
0.00
0.00
0.00
0.00
0.00
0.00
45.00
0.00
0.00
0.00
0.00
0.00
0.00
0.00
3.00
0.00
0.00
0.00
0.00
26.00
28.00
16.00
0.00
0.00
0.00
0.00
0.00
64.00
261.00
358.00
20.00
211.00
1.00
1.00
25.00
242.00
691.00
251.00
14.00
71.00
248.00
1.00
0.00
0.00
25.00
342.00
138.00
298.00
442.00
62.00
343.00
375.00
405.00
69.00
0.00
5.00
98.00
326.00
155.00
47.00
0.00
57.00
244.00
14.00
204.00
194.00
53.00
47.00
266.00
3.00
14.00
61.00
12.00
178.00
112.00
157.00
408.00
22.00
334.00
555.00
27.00
48.00
244.00
2.00
29.00
39.00
21.00
1.00
44.00
9.00
3.00
40.00
224.00
3.00
0.00
376.00
308.00
453.00
1483.00
403.00
4.00
23.00
9.00
0.00
9.00
42.00
386.00
100.00
140.00
236.00
153.00
271.00
836.00
435.00
647.00
1588.00
256.00
17.00
209.00
27.00
75.00
72.00
483.00
21.00
112.00
222.00
19.00
58.00
41.00
151.00
452.00
163.00
49.00
42.00
22.00
33.00
98.00
149.00
49.00
134.00
160.00
666.00
248.00
121.00
302.00
301.00
367.00
285.00
76.00
66.00
29.00
75.00
19.00
8.00
32.00
9.00
143.00
579.00
142.00
22.00
9.00
218.00
163.00
146.00
12.00
117.00
136.00
134.00
319.00
33.00
104.00
80.00
0.00
3.00
23.00
1.00
5.00
1.00
137.00
4.00
4.00
98.00
83.00
617.00
1129.00
1308.00
50.00
125.00
24.00
78.00
122.00
92.00
74.00
14.00
59.00
77.00
259.00
126.00
16.00
2.00
138.00
71.00
179.00
16.00
211.00
205.00
174.00
338.00
102.00
206.00
3.00
4.00
105.00
36.00
0.00
120.00
68.00
2.00
0.00
68.00
183.00
58.00
278.00
49.00
10.00
49.00
132.00
0.00
0.00
0.00
0.00
0.00
0.00
0.00
0.00
0.00
0.00
0.00
3.00
0.00
21.00
133.00
0.00
0.00
0.00
0.00
0.00
0.00
2.00
46.00
154.00
1.00
0.00
0.00
0.00
0.00
0.00
0.00
0.00
0.00
0.00
8.00
14.00
0.00
0.00
0.00
0.00
0.00
0.00
0.00
0.00
0.00
0.00
0.00
0.00
0.00
21.00
0.00
0.00
0.00
0.00
0.00
0.00
0.00
0.00
0.00
0.00
0.00
0.00
0.00
0.00
0.00
0.00
0.00
0.00
0.00
0.00
0.00
0.00
0.00
0.00
19.00
0.00
0.00
0.00
0.00
1.00
0.00
0.00
21.00
0.00
0.00
0.00
0.00
0.00
0.00
9.00
0.00
0.00
0.00
0.00
0.00
0.00
0.00
0.00
0.00
0.00
0.00
0.00
0.00
0.00
0.00
0.00
17.00
0.00
0.00
0.00
0.00
0.00
0.00
0.00
0.00
0.00
0.00
0.00
0.00
0.00
0.00
0.00
0.00
0.00
0.00
0.00
0.00
0.00
0.00
0.00
21.00
0.00
0.00
0.00
0.00
0.00
0.00
0.00
0.00
0.00
0.00
0.00
127.00
0.00
0.00
0.00
44.00
0.00
475.00
7.00
0.00
0.00
0.00
0.00
0.00
55.00
49.00
74.00
95.00
0.00
0.00
0.00
36.00
194.00
1.00
76.00
7.00
248.00
275.00
537.00
530.00
964.00
882.00
55.00
151.00
0.00
31.00
34.00
45.00
0.00
0.00
0.00
0.00
0.00
614.00
25.00
0.00
1.00
1326.00
385.00
604.00
119.00
5.00
151.00
204.00
142.00
5.00
84.00
4.00
153.00
94.00
0.00
103.00
158.00
469.00
621.00
24.00
206.00
60.00
5.00
122.00
114.00
3.00
142.00
313.00
0.00
14.00
249.00
165.00
385.00
137.00
148.00
178.00
252.00
856.00
163.00
33.00
25.00
156.00
279.00
134.00
399.00
310.00
78.00
147.00
28.00
4.00
40.00
109.00
0.00
159.00
261.00
959.00
553.00
382.00
127.00
682.00
263.00
597.00
283.00
17.00
493.00
588.00
178.00
652.00
46.00
25.00
63.00
309.00
38.00
828.00
394.00
70.00
234.00
386.00
46.00
40.00
5.00
25.00
149.00
160.00
78.00
143.00
277.00
49.00
244.00
20.00
27.00
134.00
48.00
25.00
240.00
320.00
21.00
27.00
34.00
144.00
28.00
25.00
115.00
36.00
156.00
470.00
310.00
177.00
141.00
811.00
64.00
224.00
133.00
21.00
1489.00
1074.00
1091.00
887.00
82.00
85.00
28.00
240.00
190.00
143.00
89.00
391.00
645.00
163.00
27.00
104.00
334.00
134.00
35.00
69.00
153.00
103.00
72.00
862.00
465.00
167.00
39.00
58.00
19.00
841.00
2309.00
920.00
21.00
11.00
61.00
27.00
23.00
20.00
374.00
39.00
289.00
126.00
54.00
12.00
87.00
13.00
14.00
67.00
247.00
166.00
191.00
256.00
164.00
19.00
0.00
2.00
13.00
53.00
23.00
5.00
24.00
22.00
0.00
113.00
253.00
732.00
11.00
4.00
1.00
19.00
223.00
386.00
1249.00
16.00
0.00
0.00
0.00
0.00
0.00
94.00
21.00
108.00
0.00
5.00
2.00
0.00
1.00
0.00
0.00
0.00
0.00
0.00
2.00
0.00
0.00
0.00
122.00
313.00
96.00
31.00
5.00
2.00
1.00
6.00
2.00
2.00
0.00
0.00
0.00
0.00
0.00
0.00
0.00
0.00
0.00
0.00
0.00
0.00
0.00
14.00
130.00
101.00
40.00
0.00
0.00
0.00
0.00
0.00
0.00
0.00
4.00
42.00
1.00
0.00
0.00
0.00
0.00
2.00
0.00
0.00
0.00
0.00
0.00
0.00
136.00
21.00
0.00
0.00
0.00
0.00
0.00
0.00
0.00
0.00
0.00
0.00
0.00
0.00
0.00
0.00
0.00
0.00
0.00
0.00
0.00
0.00
0.00
0.00
0.00
0.00
0.00
0.00
0.00
0.00
0.00
0.00
0.00
0.00
0.00
0.00
0.00
211.00
57.00
115.00
16.00
30.00
7.00
106.00
37.00
0.00
0.00
0.00
0.00
0.00
0.00
0.00
0.00
0.00
0.00
309.00
361.00
0.00
0.00
0.00
0.00
0.00
0.00
0.00
0.00
0.00
0.00
0.00
0.00
0.00
25.00
0.00
0.00
42.00
50.00
0.00
0.00
0.00
0.00
0.00
0.00
0.00
0.00
42.00
157.00
0.00
382.00
556.00
272.00
394.00
0.00
20.00
0.00
0.00
192.00
3.00
7.00
105.00
225.00
56.00
130.00
1.00
2.00
39.00
0.00
0.00
12.00
5.00
18.00
20.00
64.00
0.00
1.00
50.00
0.00
12.00
0.00
216.00
23.00
117.00
82.00
135.00
0.00
317.00
3.00
572.00
337.00
208.00
433.00
120.00
249.00
1.00
0.00
0.00
272.00
0.00
0.00
0.00
0.00
0.00
51.00
158.00
29.00
86.00
347.00
309.00
3.00
205.00
13.00
111.00
143.00
14.00
4.00
10.00
51.00
18.00
9.00
0.00
39.00
15.00
16.00
1.00
1923.00
842.00
596.00
159.00
18.00
331.00
74.00
12.00
34.00
41.00
30.00
306.00
692.00
49.00
78.00
34.00
27.00
178.00
163.00
724.00
259.00
522.00
378.00
4.00
5.00
73.00
39.00
76.00
47.00
71.00
149.00
226.00
341.00
134.00
107.00
146.00
25.00
102.00
495.00
103.00
34.00
94.00
286.00
321.00
111.00
51.00
177.00
152.00
184.00
165.00
98.00
111.00
1.00
20.00
117.00
74.00
282.00
76.00
116.00
133.00
277.00
381.00
253.00
143.00
334.00
80.00
13.00
46.00
12.00
24.00
63.00
47.00
221.00
277.00
112.00
231.00
159.00
71.00
24.00
17.00
88.00
36.00
151.00
636.00
217.00
2.00
2.00
1.00
8.00
312.00
690.00
644.00
404.00
396.00
195.00
0.00
0.00
1.00
53.00
12.00
17.00
1.00
56.00
10.00
124.00
166.00
6.00
22.00
0.00
17.00
9.00
0.00
0.00
0.00
0.00
0.00
0.00
0.00
0.00
0.00
40.00
24.00
135.00
98.00
4.00
0.00
0.00
0.00
0.00
0.00
0.00
0.00
0.00
0.00
0.00
0.00
7.00
12.00
116.00
37.00
7.00
0.00
0.00
0.00
0.00
11.00
0.00
0.00
0.00
0.00
0.00
0.00
7.00
0.00
0.00
0.00
0.00
0.00
0.00
0.00
0.00
0.00
0.00
0.00
0.00
0.00
0.00
0.00
0.00
0.00
0.00
0.00
0.00
0.00
0.00
1.00
3.00
0.00
0.00
0.00
0.00
0.00
0.00
0.00
0.00
0.00
0.00
15.00
52.00
105.00
0.00
0.00
0.00
0.00
0.00
0.00
0.00
0.00
0.00
0.00
0.00
0.00
0.00
0.00
0.00
0.00
0.00
0.00
0.00
0.00
0.00
0.00
0.00
0.00
0.00
0.00
0.00
0.00
0.00
0.00
0.00
0.00
0.00
0.00
0.00
0.00
0.00
0.00
0.00
0.00
0.00
0.00
0.00
0.00
0.00
0.00
0.00
0.00
0.00
0.00
0.00
12.00
0.00
0.00
0.00
1.00
0.00
0.00
0.00
2.00
0.00
0.00
0.00
0.00
0.00
0.00
0.00
0.10
28.00
4.40
41.00
16.10
0.00
0.00
0.00
0.00
0.00
0.00
0.00
0.00
0.00
0.00
0.00
0.00
0.00
0.00
0.00
0.00
1.00
0.50
2.70
0.00
0.70
27.00
0.00
0.00
0.00
1.50
2.10
0.00
0.00
0.00
155.30
14.20
44.90
0.00
13.60
6.50
37.90
0.00
1.20
56.10
0.00
2.10
1.80
0.50
0.00
4.90
8.30
0.00
0.00
0.00
0.70
14.00
1.40
0.00
0.00
0.00
0.00
11.40
13.00
21.90
13.10
13.10
6.00
95.60
61.10
55.70
8.40
31.90
62.70
34.80
18.50
22.50
12.30
31.40
0.00
13.00
0.10
58.10
19.10
0.50
0.50
12.00
44.40
44.40
14.50
6.20
31.60
6.50
4.70
11.10
8.60
11.90
6.00
3.60
130.30
22.80
0.20
3.20
0.80
0.70
3.50
1.30
4.90
0.00
33.70
24.00
8.20
30.50
1.40
1.20
16.50
21.10
6.80
2.40
5.00
22.10
180.50
88.50
251.70
139.00
1.40
25.70
7.60
4.00
1.80
6.60
9.80
32.40
10.90
23.90
84.60
84.60
120.80
120.80
163.50
23.60
23.60
1.40
2.70
23.60
23.60
23.60
46.80
92.90
97.90
15.40
13.80
24.70
10.00
9.50
3.80
10.50
12.60
4.50
25.70
6.60
2.60
2.60
8.90
27.20
4.60
66.90
3.00
0.50
14.80
20.70
55.30
35.30
12.10
2.40
0.00
0.70
0.70
7.70
36.30
71.20
12.30
10.20
10.50
11.30
5.00
2.00
5.10
41.60
2.40
7.60
78.30
27.20
4.40
8.60
22.50
13.40
17.60
16.50
5.40
11.30
48.00
14.00
26.90
20.90
3.80
0.40
1.00
1.70
7.00
35.10
20.60
27.30
38.70
1.50
9.70
1.40
3.90
38.90
38.90
44.80
8.60
0.80
2.30
1.50
12.70
5.60
11.00
3.90
0.00
0.00
0.00
0.00
0.60
0.00
0.00
0.00
0.60
0.10
5.20
0.10
0.40
2.10
19.30
110.50
