20160101
0.00
0.00
0.00
0.00
0.00
0.00
0.00
0.00
4.00
0.00
0.00
0.00
0.00
0.00
0.00
0.00
0.00
0.00
20.00
43.00
0.00
0.00
0.00
0.00
0.00
0.00
218.00
0.00
0.00
0.00
0.00
0.00
0.00
0.00
0.00
0.00
0.00
3.00
7.00
0.00
0.00
0.00
0.00
0.00
0.00
0.00
0.00
0.00
0.00
0.00
3.00
2.00
0.00
0.00
0.00
0.00
5.00
0.00
100.00
5.00
0.00
8.00
1.00
85.00
0.00
3.00
0.00
0.00
1.00
0.00
0.00
0.00
9.00
10.00
0.00
0.00
0.00
0.00
3.00
21.00
0.00
0.00
0.00
0.00
0.00
0.00
479.00
376.00
52.00
40.00
202.00
16.00
0.00
1.00
26.00
859.00
1.00
4.00
0.00
4.00
0.00
0.00
0.00
0.00
119.00
30.00
293.00
512.00
447.00
212.00
722.00
77.00
2.00
34.00
0.00
106.00
229.00
107.00
398.00
221.00
33.00
127.00
19.00
14.00
42.00
96.00
174.00
219.00
4.00
32.00
68.00
36.00
74.00
231.00
208.00
659.00
232.00
302.00
161.00
91.00
73.00
190.00
0.00
140.00
80.00
44.00
0.00
7.00
17.00
44.00
4.00
145.00
63.00
4.00
19.00
35.00
62.00
127.00
34.00
7.00
69.00
335.00
53.00
81.00
8.00
20.00
88.00
766.00
44.00
91.00
3.00
16.00
114.00
234.00
74.00
25.00
79.00
138.00
180.00
20.00
42.00
5.00
27.00
186.00
246.00
75.00
93.00
78.00
25.00
299.00
333.00
117.00
56.00
0.00
0.00
32.00
134.00
214.00
218.00
153.00
354.00
181.00
742.00
82.00
169.00
134.00
430.00
36.00
20.00
160.00
224.00
244.00
83.00
275.00
63.00
125.00
253.00
250.00
79.00
220.00
156.00
116.00
23.00
50.00
78.00
132.00
480.00
229.00
41.00
133.00
26.00
1.00
2.00
63.00
1.00
144.00
156.00
214.00
116.00
49.00
155.00
244.00
23.00
182.00
109.00
248.00
152.00
45.00
1.00
25.00
16.00
2.00
1.00
50.00
84.00
238.00
59.00
16.00
213.00
224.00
19.00
195.00
92.00
307.00
169.00
29.00
29.00
10.00
181.00
1.00
9.00
136.00
1.00
34.00
27.00
35.00
26.00
181.00
72.00
70.00
43.00
32.00
326.00
577.00
353.00
12.00
0.00
0.00
0.00
0.00
0.00
0.00
2.00
0.00
0.00
0.00
0.00
0.00
0.00
0.00
173.00
0.00
0.00
4.00
3.00
0.00
0.00
5.00
22.00
85.00
0.00
0.00
0.00
0.00
0.00
0.00
0.00
0.00
0.00
0.00
0.00
0.00
0.00
0.00
0.00
0.00
0.00
0.00
0.00
0.00
0.00
0.00
0.00
0.00
0.00
2.00
0.00
0.00
0.00
0.00
0.00
0.00
0.00
0.00
0.00
0.00
0.00
0.00
0.00
0.00
0.00
0.00
0.00
0.00
0.00
0.00
0.00
0.00
0.00
0.00
244.00
0.00
0.00
0.00
21.00
22.00
0.00
33.00
2.00
0.00
0.00
0.00
0.00
0.00
0.00
66.00
0.00
0.00
0.00
0.00
0.00
0.00
0.00
0.00
0.00
0.00
0.00
0.00
0.00
0.00
0.00
8.00
0.00
44.00
0.00
0.00
2.00
0.00
0.00
0.00
0.00
0.00
0.00
0.00
0.00
0.00
0.00
0.00
0.00
0.00
0.00
0.00
1.00
0.00
0.00
0.00
0.00
0.00
0.00
0.00
0.00
0.00
0.00
0.00
0.00
0.00
0.00
0.00
0.00
0.00
0.00
0.00
44.00
15.00
32.00
0.00
0.00
0.00
0.00
0.00
0.00
0.00
148.00
36.00
85.00
0.00
0.00
2.00
0.00
185.00
48.00
5.00
37.00
36.00
202.00
275.00
743.00
882.00
919.00
369.00
4.00
0.00
48.00
38.00
0.00
0.00
0.00
0.00
29.00
0.00
234.00
0.00
0.00
13.00
213.00
24.00
459.00
450.00
2.00
2.00
0.00
32.00
3.00
288.00
21.00
74.00
1.00
0.00
93.00
288.00
363.00
116.00
0.00
62.00
70.00
10.00
45.00
0.00
58.00
82.00
260.00
24.00
39.00
192.00
11.00
122.00
1.00
41.00
121.00
130.00
345.00
109.00
2.00
26.00
211.00
338.00
45.00
57.00
145.00
9.00
0.00
87.00
5.00
210.00
51.00
319.00
202.00
258.00
1235.00
573.00
104.00
23.00
600.00
109.00
68.00
76.00
0.00
115.00
360.00
28.00
443.00
93.00
201.00
191.00
52.00
105.00
176.00
164.00
172.00
510.00
262.00
154.00
64.00
33.00
215.00
301.00
206.00
106.00
87.00
59.00
147.00
59.00
309.00
25.00
328.00
242.00
91.00
194.00
192.00
222.00
52.00
55.00
50.00
60.00
56.00
116.00
14.00
26.00
36.00
154.00
207.00
198.00
169.00
46.00
41.00
11.00
228.00
961.00
1124.00
756.00
322.00
151.00
37.00
59.00
297.00
115.00
77.00
159.00
75.00
166.00
308.00
121.00
59.00
361.00
227.00
87.00
48.00
94.00
456.00
132.00
431.00
53.00
2.00
22.00
0.00
3.00
68.00
126.00
131.00
158.00
94.00
37.00
47.00
29.00
0.00
841.00
50.00
390.00
113.00
58.00
47.00
57.00
7.00
0.00
10.00
176.00
180.00
185.00
330.00
15.00
54.00
22.00
74.00
151.00
385.00
35.00
65.00
48.00
81.00
74.00
42.00
247.00
143.00
21.00
0.00
2.00
21.00
68.00
504.00
607.00
0.00
0.00
0.00
0.00
0.00
0.00
0.00
5.00
47.00
8.00
0.00
3.00
0.00
17.00
23.00
0.00
0.00
0.00
0.00
0.00
0.00
0.00
0.00
2.00
166.00
74.00
1.00
0.00
0.00
0.00
3.00
0.00
0.00
0.00
0.00
0.00
0.00
0.00
0.00
0.00
0.00
0.00
0.00
0.00
0.00
0.00
13.00
4.00
17.00
28.00
0.00
0.00
0.00
0.00
0.00
0.00
0.00
0.00
13.00
0.00
0.00
0.00
0.00
0.00
0.00
0.00
0.00
0.00
0.00
0.00
0.00
22.00
8.00
0.00
0.00
0.00
0.00
0.00
0.00
0.00
0.00
0.00
0.00
0.00
0.00
0.00
0.00
0.00
0.00
0.00
0.00
0.00
0.00
0.00
0.00
0.00
0.00
0.00
0.00
0.00
0.00
0.00
0.00
0.00
0.00
0.00
6.00
19.00
234.00
1.00
0.00
12.00
20.00
52.00
113.00
107.00
0.00
0.00
0.00
0.00
0.00
9.00
0.00
0.00
0.00
0.00
274.00
60.00
0.00
2.00
0.00
0.00
0.00
0.00
0.00
0.00
0.00
0.00
0.00
0.00
4.00
6.00
98.00
2.00
26.00
0.00
3.00
0.00
0.00
0.00
0.00
0.00
19.00
4.00
0.00
12.00
24.00
23.00
305.00
278.00
165.00
32.00
0.00
46.00
23.00
81.00
14.00
86.00
49.00
58.00
33.00
113.00
147.00
132.00
27.00
28.00
39.00
38.00
36.00
40.00
80.00
14.00
1.00
0.00
11.00
151.00
109.00
22.00
110.00
32.00
78.00
117.00
231.00
100.00
145.00
22.00
107.00
300.00
60.00
406.00
144.00
58.00
47.00
50.00
0.00
109.00
0.00
0.00
0.00
1.00
0.00
13.00
29.00
17.00
29.00
162.00
61.00
116.00
98.00
2.00
78.00
23.00
20.00
0.00
24.00
15.00
40.00
17.00
71.00
22.00
63.00
207.00
49.00
14.00
98.00
632.00
64.00
80.00
32.00
22.00
7.00
0.00
17.00
0.00
1.00
32.00
127.00
115.00
21.00
15.00
12.00
6.00
129.00
367.00
49.00
187.00
126.00
25.00
61.00
19.00
43.00
21.00
105.00
103.00
148.00
143.00
105.00
128.00
57.00
71.00
157.00
286.00
140.00
40.00
43.00
371.00
151.00
84.00
58.00
101.00
227.00
495.00
306.00
58.00
208.00
47.00
127.00
63.00
81.00
127.00
75.00
28.00
19.00
109.00
356.00
369.00
207.00
377.00
61.00
145.00
12.00
124.00
83.00
97.00
37.00
136.00
116.00
145.00
144.00
345.00
42.00
11.00
89.00
91.00
99.00
121.00
113.00
132.00
44.00
66.00
0.00
0.00
4.00
14.00
362.00
275.00
17.00
28.00
0.00
90.00
106.00
5.00
44.00
88.00
6.00
80.00
0.00
0.00
2.00
1.00
2.00
11.00
1.00
0.00
2.00
0.00
0.00
0.00
25.00
0.00
2.00
30.00
0.00
27.00
132.00
32.00
33.00
0.00
0.00
0.00
0.00
0.00
0.00
0.00
0.00
0.00
0.00
0.00
0.00
0.00
0.00
0.00
0.00
78.00
71.00
11.00
7.00
9.00
0.00
0.00
0.00
0.00
0.00
0.00
0.00
0.00
0.00
0.00
0.00
0.00
0.00
0.00
0.00
0.00
0.00
0.00
0.00
0.00
0.00
0.00
0.00
0.00
13.00
0.00
0.00
0.00
0.00
0.00
0.00
137.00
0.00
0.00
0.00
0.00
0.00
0.00
0.00
0.00
0.00
0.00
34.00
336.00
927.00
0.00
0.00
0.00
0.00
0.00
0.00
0.00
0.00
0.00
0.00
0.00
0.00
0.00
0.00
0.00
0.00
0.00
0.00
0.00
0.00
0.00
0.00
0.00
0.00
0.00
0.00
0.00
0.00
0.00
0.00
0.00
0.00
0.00
0.00
0.00
0.00
0.00
0.00
0.00
0.00
0.00
1.00
0.00
0.00
0.00
0.00
0.00
0.00
0.00
0.00
0.00
102.00
1.00
0.00
0.00
0.00
0.00
0.00
1.00
40.00
0.00
0.00
0.00
0.00
0.00
0.00
0.00
1.90
18.40
0.10
67.80
9.90
0.00
1.00
2.00
12.70
0.70
0.00
0.00
0.00
0.00
0.00
0.00
0.00
0.00
1.20
0.80
0.00
1.30
13.00
22.90
0.00
0.00
0.00
0.00
0.00
0.00
31.30
9.00
0.00
18.60
10.10
174.40
5.90
27.30
0.00
5.30
9.30
18.00
4.50
8.30
31.10
0.10
0.00
2.80
3.20
8.60
32.70
21.00
0.10
0.00
0.00
46.70
31.90
2.50
0.00
0.40
0.50
3.40
3.40
10.80
6.20
13.50
13.50
14.10
51.60
121.20
0.00
0.00
63.50
2.20
0.00
38.50
75.00
21.10
24.10
11.20
11.80
1.70
43.40
46.20
0.40
0.40
13.10
19.30
19.30
177.60
15.90
16.90
4.80
2.80
2.40
17.90
9.20
0.60
13.70
29.50
4.90
4.40
1.60
15.50
1.60
0.80
2.00
4.40
1.90
17.40
9.50
2.60
26.10
2.00
0.70
4.90
18.90
92.30
0.40
0.40
0.00
19.80
134.90
65.30
36.20
1.50
16.10
26.10
2.10
2.30
9.10
21.20
40.20
42.30
78.90
207.00
207.00
42.80
42.80
39.40
2.30
2.30
4.90
0.00
2.30
2.30
2.30
3.60
5.50
32.40
9.80
33.10
15.40
12.10
3.90
0.70
1.70
24.70
9.80
21.30
7.60
15.40
0.30
8.70
11.20
9.30
7.10
12.60
6.40
45.50
5.70
16.80
9.50
5.20
5.90
0.50
2.50
12.70
0.50
58.70
49.00
42.40
16.60
2.20
9.00
5.90
24.20
42.70
8.20
11.70
11.80
71.00
16.80
2.70
9.40
1.40
2.60
5.60
9.00
16.90
41.60
51.60
2.30
5.10
7.40
2.80
14.40
1.70
0.10
15.30
31.20
10.10
23.40
41.50
1.60
11.70
17.50
9.20
43.60
43.60
27.30
1.20
2.40
2.00
3.70
13.90
14.40
13.40
1.40
0.60
0.00
0.00
0.30
0.40
2.30
0.20
0.50
3.00
0.70
5.20
0.10
0.40
2.10
19.30
110.50
