20160101
0.00
0.00
0.00
0.00
0.00
0.00
0.00
0.00
0.00
0.00
0.00
0.00
0.00
0.00
0.00
0.00
0.00
0.00
19.00
0.00
0.00
0.00
0.00
0.00
0.00
0.00
0.00
0.00
0.00
0.00
0.00
0.00
0.00
0.00
0.00
0.00
0.00
1.00
6.00
0.00
0.00
0.00
0.00
0.00
0.00
0.00
0.00
0.00
0.00
0.00
17.00
1.00
0.00
0.00
0.00
0.00
7.00
0.00
0.00
0.00
0.00
0.00
0.00
0.00
0.00
13.00
0.00
0.00
0.00
0.00
0.00
1.00
5.00
3.00
0.00
0.00
0.00
0.00
0.00
59.00
0.00
0.00
0.00
0.00
0.00
0.00
19.00
63.00
0.00
526.00
341.00
12.00
0.00
0.00
0.00
2.00
0.00
1.00
0.00
0.00
0.00
0.00
0.00
0.00
0.00
0.00
29.00
0.00
26.00
0.00
0.00
0.00
0.00
0.00
0.00
0.00
0.00
99.00
0.00
1.00
0.00
1.00
4.00
35.00
8.00
14.00
5.00
402.00
30.00
27.00
278.00
9.00
28.00
129.00
132.00
114.00
2.00
17.00
345.00
134.00
40.00
6.00
0.00
0.00
120.00
78.00
0.00
17.00
4.00
3.00
79.00
9.00
0.00
0.00
0.00
0.00
0.00
19.00
0.00
0.00
0.00
0.00
310.00
4.00
1.00
337.00
584.00
362.00
2.00
12.00
30.00
71.00
121.00
14.00
579.00
59.00
34.00
40.00
113.00
0.00
7.00
10.00
50.00
325.00
179.00
112.00
168.00
2.00
15.00
167.00
52.00
41.00
59.00
17.00
30.00
36.00
19.00
71.00
363.00
204.00
222.00
130.00
284.00
18.00
110.00
37.00
199.00
33.00
23.00
50.00
227.00
44.00
81.00
261.00
130.00
38.00
46.00
74.00
8.00
15.00
55.00
50.00
85.00
12.00
5.00
1.00
42.00
104.00
83.00
131.00
0.00
0.00
1.00
105.00
0.00
18.00
0.00
159.00
4.00
1.00
210.00
20.00
15.00
87.00
34.00
269.00
1.00
14.00
4.00
4.00
17.00
0.00
0.00
1.00
31.00
3.00
18.00
21.00
15.00
11.00
201.00
17.00
12.00
0.00
257.00
0.00
106.00
37.00
289.00
217.00
0.00
6.00
202.00
0.00
0.00
0.00
0.00
0.00
4.00
7.00
4.00
111.00
206.00
259.00
27.00
23.00
0.00
0.00
0.00
0.00
0.00
0.00
0.00
0.00
0.00
0.00
0.00
0.00
0.00
0.00
12.00
0.00
0.00
0.00
0.00
0.00
0.00
0.00
32.00
28.00
0.00
0.00
0.00
0.00
0.00
0.00
0.00
0.00
0.00
0.00
0.00
0.00
0.00
0.00
0.00
0.00
0.00
0.00
0.00
0.00
0.00
0.00
0.00
0.00
0.00
3.00
0.00
0.00
0.00
0.00
0.00
0.00
0.00
0.00
0.00
0.00
0.00
0.00
0.00
0.00
0.00
0.00
0.00
0.00
0.00
0.00
0.00
0.00
0.00
0.00
1.00
0.00
0.00
0.00
0.00
0.00
0.00
0.00
0.00
1.00
0.00
0.00
0.00
0.00
0.00
112.00
0.00
0.00
0.00
0.00
0.00
0.00
0.00
0.00
0.00
0.00
0.00
0.00
0.00
0.00
0.00
35.00
50.00
112.00
0.00
0.00
0.00
0.00
0.00
0.00
0.00
0.00
0.00
0.00
0.00
0.00
0.00
0.00
0.00
0.00
0.00
0.00
0.00
0.00
0.00
0.00
0.00
0.00
0.00
0.00
0.00
0.00
0.00
0.00
0.00
0.00
0.00
1.00
72.00
0.00
0.00
0.00
15.00
0.00
257.00
0.00
0.00
0.00
0.00
0.00
0.00
11.00
74.00
30.00
356.00
0.00
0.00
0.00
0.00
266.00
0.00
11.00
513.00
49.00
0.00
0.00
35.00
108.00
92.00
0.00
178.00
8.00
26.00
81.00
0.00
0.00
0.00
0.00
0.00
0.00
414.00
112.00
0.00
2.00
242.00
90.00
1132.00
413.00
0.00
161.00
37.00
0.00
0.00
0.00
0.00
359.00
22.00
0.00
107.00
234.00
59.00
7.00
0.00
28.00
548.00
1.00
33.00
0.00
37.00
637.00
372.00
0.00
42.00
370.00
0.00
193.00
291.00
395.00
0.00
0.00
11.00
303.00
0.00
2.00
48.00
45.00
110.00
26.00
439.00
666.00
0.00
26.00
0.00
1.00
101.00
6.00
0.00
1.00
462.00
12.00
120.00
0.00
161.00
34.00
1198.00
350.00
5.00
1.00
3.00
27.00
15.00
9.00
5.00
11.00
37.00
54.00
127.00
504.00
15.00
366.00
45.00
40.00
33.00
28.00
59.00
228.00
152.00
277.00
172.00
11.00
8.00
11.00
85.00
24.00
253.00
183.00
5.00
4.00
32.00
160.00
183.00
155.00
30.00
11.00
20.00
210.00
51.00
29.00
242.00
86.00
67.00
43.00
58.00
151.00
25.00
2.00
317.00
579.00
1203.00
562.00
205.00
97.00
31.00
34.00
60.00
17.00
30.00
71.00
83.00
135.00
15.00
15.00
6.00
453.00
112.00
25.00
70.00
20.00
150.00
148.00
183.00
95.00
2.00
2.00
5.00
112.00
262.00
146.00
1149.00
136.00
3.00
53.00
56.00
7.00
1.00
350.00
111.00
73.00
118.00
7.00
19.00
0.00
47.00
3.00
0.00
64.00
120.00
356.00
374.00
179.00
483.00
27.00
0.00
0.00
10.00
1.00
24.00
6.00
0.00
0.00
4.00
228.00
212.00
4.00
0.00
0.00
2.00
11.00
835.00
788.00
0.00
0.00
0.00
0.00
0.00
0.00
0.00
0.00
14.00
0.00
0.00
0.00
0.00
0.00
0.00
0.00
0.00
0.00
0.00
0.00
0.00
0.00
0.00
0.00
84.00
53.00
0.00
0.00
0.00
0.00
0.00
0.00
0.00
0.00
0.00
0.00
0.00
0.00
0.00
0.00
0.00
0.00
0.00
0.00
0.00
0.00
0.00
1.00
11.00
0.00
0.00
0.00
0.00
0.00
0.00
0.00
0.00
0.00
0.00
0.00
0.00
0.00
0.00
0.00
0.00
0.00
0.00
0.00
0.00
0.00
0.00
1.00
0.00
0.00
0.00
0.00
0.00
0.00
0.00
0.00
0.00
0.00
0.00
0.00
0.00
0.00
0.00
0.00
0.00
0.00
0.00
0.00
0.00
0.00
0.00
0.00
0.00
0.00
0.00
0.00
0.00
0.00
0.00
0.00
0.00
0.00
0.00
0.00
1018.00
33.00
0.00
20.00
12.00
253.00
615.00
464.00
0.00
0.00
0.00
0.00
0.00
0.00
0.00
0.00
0.00
0.00
54.00
71.00
0.00
0.00
0.00
0.00
0.00
0.00
12.00
0.00
0.00
0.00
0.00
0.00
0.00
6.00
0.00
0.00
0.00
9.00
0.00
0.00
0.00
0.00
0.00
0.00
0.00
0.00
0.00
0.00
0.00
5.00
203.00
434.00
145.00
0.00
2.00
0.00
0.00
7.00
0.00
1.00
7.00
313.00
0.00
12.00
8.00
0.00
3.00
0.00
0.00
69.00
13.00
48.00
0.00
0.00
0.00
0.00
57.00
71.00
17.00
7.00
168.00
154.00
200.00
37.00
77.00
92.00
493.00
0.00
232.00
78.00
0.00
309.00
17.00
0.00
0.00
2.00
0.00
236.00
25.00
0.00
0.00
0.00
0.00
0.00
26.00
46.00
12.00
87.00
6.00
34.00
96.00
0.00
37.00
13.00
177.00
0.00
1.00
0.00
0.00
1.00
50.00
23.00
0.00
70.00
9.00
2.00
15.00
66.00
36.00
8.00
7.00
133.00
121.00
0.00
0.00
0.00
2.00
18.00
61.00
3.00
1.00
21.00
3.00
24.00
325.00
292.00
135.00
20.00
0.00
0.00
4.00
0.00
7.00
0.00
1.00
14.00
18.00
18.00
41.00
3.00
3.00
13.00
10.00
314.00
23.00
19.00
13.00
161.00
6.00
24.00
92.00
69.00
100.00
19.00
185.00
427.00
164.00
20.00
8.00
210.00
81.00
21.00
11.00
10.00
7.00
44.00
36.00
98.00
56.00
416.00
29.00
19.00
0.00
128.00
173.00
55.00
15.00
684.00
385.00
20.00
7.00
48.00
67.00
2.00
4.00
15.00
56.00
113.00
268.00
99.00
65.00
1.00
0.00
0.00
1.00
85.00
176.00
342.00
413.00
62.00
4.00
1.00
0.00
2.00
12.00
102.00
0.00
0.00
11.00
5.00
31.00
55.00
0.00
140.00
0.00
0.00
0.00
0.00
0.00
0.00
0.00
0.00
0.00
0.00
0.00
3.00
611.00
27.00
0.00
0.00
0.00
0.00
0.00
0.00
0.00
0.00
0.00
0.00
0.00
0.00
0.00
0.00
0.00
0.00
0.00
0.00
0.00
0.00
0.00
0.00
0.00
0.00
0.00
0.00
0.00
0.00
0.00
0.00
0.00
0.00
0.00
0.00
0.00
0.00
0.00
0.00
0.00
0.00
0.00
0.00
0.00
0.00
0.00
0.00
0.00
0.00
0.00
0.00
0.00
0.00
0.00
14.00
0.00
0.00
0.00
0.00
0.00
0.00
0.00
0.00
0.00
0.00
0.00
187.00
674.00
0.00
0.00
0.00
0.00
0.00
0.00
0.00
0.00
0.00
0.00
0.00
0.00
0.00
0.00
0.00
0.00
0.00
4.00
0.00
0.00
0.00
0.00
0.00
0.00
0.00
0.00
0.00
0.00
0.00
0.00
0.00
0.00
0.00
0.00
0.00
0.00
0.00
0.00
3.00
3.00
0.00
0.00
0.00
0.00
0.00
0.00
0.00
0.00
0.00
0.00
1.00
26.00
0.00
0.00
0.00
1.00
0.00
0.00
9.00
8.00
0.00
0.00
0.00
0.00
0.00
0.00
0.00
0.50
6.40
0.00
30.40
8.40
0.00
0.00
0.00
2.00
0.00
0.00
0.00
0.00
0.00
0.00
0.00
0.00
0.00
1.60
1.20
0.00
1.80
5.20
0.00
0.00
0.00
0.00
0.00
0.00
0.00
9.80
0.00
0.00
56.70
0.00
76.00
1.30
12.90
0.00
9.20
21.70
6.70
0.10
0.60
19.80
0.00
0.10
0.00
8.90
15.60
27.10
5.30
0.00
0.00
0.00
0.00
1.50
0.00
0.00
0.00
0.00
8.60
2.40
0.00
0.30
17.80
17.80
3.40
46.50
54.30
0.00
0.00
0.00
0.00
0.00
6.40
14.70
0.20
9.10
1.00
24.20
0.00
27.90
48.20
19.20
19.20
1.50
40.50
40.50
12.50
1.90
10.40
58.10
3.00
1.00
11.40
23.00
5.20
40.40
0.30
0.00
0.00
0.00
0.00
0.00
0.00
1.20
1.20
1.00
7.70
12.30
22.50
54.10
10.10
0.00
4.00
5.20
4.10
0.00
0.00
0.00
33.10
59.00
34.00
14.90
0.20
1.00
7.00
0.90
0.00
0.00
6.00
14.50
20.10
36.30
85.20
85.20
62.50
62.50
24.70
5.00
5.00
5.00
2.00
5.00
5.00
5.00
5.60
36.90
166.60
28.30
5.60
22.50
18.50
5.00
7.50
2.30
4.30
4.80
6.80
4.00
12.80
30.80
14.80
13.40
10.20
5.40
4.10
4.90
46.90
14.90
21.90
26.30
23.20
2.60
1.70
0.60
0.20
1.40
30.90
19.30
3.50
2.30
0.30
1.40
14.70
0.50
4.40
7.20
4.70
9.20
6.50
5.60
0.10
1.00
1.10
3.70
24.60
19.60
1.90
6.90
13.40
0.60
35.50
39.90
9.80
0.80
0.60
3.40
0.20
6.50
7.30
25.10
36.00
3.70
1.80
25.70
26.70
123.90
123.90
0.00
0.70
0.40
2.90
2.30
68.90
31.10
17.20
0.00
0.00
0.00
0.00
0.00
0.10
0.10
0.00
0.00
0.80
0.00
3.20
0.20
0.00
0.20
21.30
72.50
