20160101
0.00
0.00
0.00
0.00
0.00
0.00
0.00
0.00
10.00
0.00
0.00
0.00
9.00
0.00
0.00
0.00
0.00
0.00
0.00
21.00
0.00
0.00
0.00
0.00
0.00
1.00
0.00
0.00
0.00
0.00
0.00
0.00
0.00
0.00
0.00
0.00
0.00
0.00
0.00
3.00
0.00
0.00
0.00
0.00
0.00
0.00
0.00
0.00
0.00
0.00
1.00
0.00
0.00
7.00
20.00
0.00
2.00
13.00
0.00
0.00
0.00
0.00
0.00
1.00
0.00
10.00
0.00
0.00
0.00
2.00
0.00
0.00
34.00
0.00
0.00
0.00
0.00
0.00
0.00
0.00
0.00
0.00
31.00
0.00
0.00
0.00
0.00
172.00
16.00
45.00
63.00
6.00
3.00
34.00
19.00
98.00
71.00
30.00
92.00
0.00
0.00
3.00
1.00
0.00
154.00
65.00
256.00
163.00
45.00
141.00
20.00
0.00
0.00
429.00
165.00
0.00
56.00
65.00
190.00
20.00
105.00
29.00
10.00
0.00
3.00
13.00
1.00
21.00
0.00
0.00
0.00
81.00
24.00
42.00
2.00
45.00
382.00
629.00
141.00
14.00
83.00
329.00
0.00
10.00
24.00
21.00
0.00
4.00
10.00
2.00
0.00
18.00
0.00
0.00
12.00
113.00
58.00
28.00
1.00
7.00
34.00
149.00
114.00
13.00
0.00
0.00
18.00
53.00
98.00
199.00
2.00
27.00
0.00
8.00
0.00
64.00
19.00
6.00
0.00
33.00
44.00
33.00
129.00
190.00
426.00
23.00
1.00
4.00
5.00
19.00
2.00
44.00
74.00
56.00
33.00
61.00
95.00
0.00
2.00
23.00
33.00
57.00
14.00
48.00
53.00
8.00
193.00
2.00
38.00
61.00
33.00
39.00
72.00
31.00
0.00
0.00
4.00
29.00
147.00
51.00
39.00
0.00
7.00
42.00
23.00
11.00
28.00
63.00
15.00
0.00
0.00
2.00
374.00
111.00
0.00
91.00
13.00
151.00
0.00
62.00
14.00
72.00
145.00
23.00
1.00
2.00
11.00
11.00
0.00
3.00
7.00
8.00
9.00
8.00
8.00
29.00
11.00
2.00
5.00
17.00
79.00
1.00
91.00
2.00
1.00
0.00
88.00
0.00
2.00
50.00
16.00
5.00
0.00
4.00
11.00
0.00
0.00
0.00
0.00
0.00
2.00
3.00
152.00
53.00
0.00
5.00
3.00
0.00
0.00
0.00
0.00
0.00
0.00
0.00
0.00
0.00
0.00
0.00
0.00
0.00
29.00
41.00
11.00
0.00
0.00
0.00
0.00
41.00
47.00
202.00
187.00
6.00
0.00
0.00
0.00
0.00
0.00
0.00
0.00
0.00
0.00
0.00
0.00
0.00
0.00
4.00
0.00
0.00
0.00
0.00
0.00
0.00
0.00
0.00
0.00
38.00
0.00
0.00
0.00
0.00
0.00
0.00
0.00
0.00
0.00
0.00
0.00
0.00
0.00
0.00
0.00
0.00
0.00
0.00
0.00
0.00
0.00
0.00
0.00
0.00
0.00
0.00
0.00
0.00
0.00
0.00
0.00
0.00
0.00
0.00
0.00
0.00
0.00
0.00
0.00
0.00
0.00
0.00
0.00
0.00
0.00
0.00
0.00
0.00
0.00
0.00
0.00
0.00
0.00
0.00
0.00
0.00
1.00
0.00
0.00
0.00
0.00
0.00
0.00
0.00
0.00
0.00
0.00
0.00
0.00
0.00
0.00
0.00
0.00
0.00
0.00
0.00
0.00
0.00
0.00
0.00
0.00
0.00
137.00
0.00
0.00
0.00
0.00
0.00
0.00
0.00
0.00
0.00
0.00
29.00
0.00
0.00
62.00
2.00
199.00
45.00
0.00
0.00
0.00
0.00
0.00
10.00
167.00
25.00
74.00
0.00
0.00
0.00
27.00
16.00
3.00
0.00
4.00
147.00
247.00
203.00
488.00
573.00
396.00
220.00
6.00
0.00
10.00
100.00
22.00
0.00
0.00
0.00
0.00
0.00
44.00
6.00
0.00
0.00
99.00
1.00
9.00
27.00
0.00
8.00
94.00
99.00
35.00
84.00
3.00
54.00
38.00
0.00
4.00
0.00
100.00
84.00
1.00
0.00
12.00
0.00
0.00
0.00
0.00
16.00
19.00
33.00
0.00
0.00
16.00
15.00
0.00
0.00
0.00
115.00
18.00
50.00
50.00
0.00
150.00
595.00
66.00
53.00
42.00
45.00
5.00
0.00
0.00
193.00
100.00
234.00
26.00
137.00
256.00
19.00
0.00
1.00
512.00
26.00
19.00
22.00
2.00
0.00
3.00
64.00
0.00
1.00
4.00
82.00
36.00
21.00
48.00
85.00
78.00
13.00
74.00
8.00
1.00
44.00
169.00
202.00
59.00
140.00
24.00
6.00
218.00
64.00
28.00
0.00
42.00
130.00
51.00
141.00
85.00
100.00
5.00
2.00
24.00
17.00
39.00
12.00
1.00
7.00
39.00
39.00
166.00
53.00
26.00
51.00
79.00
30.00
4.00
19.00
53.00
67.00
1.00
16.00
35.00
5.00
20.00
8.00
0.00
12.00
7.00
18.00
0.00
10.00
589.00
89.00
2.00
5.00
56.00
6.00
21.00
20.00
0.00
56.00
1.00
1.00
0.00
0.00
6.00
0.00
18.00
22.00
0.00
10.00
91.00
29.00
0.00
401.00
9.00
18.00
94.00
0.00
4.00
3.00
51.00
3.00
51.00
8.00
37.00
68.00
11.00
0.00
29.00
7.00
16.00
0.00
34.00
0.00
2.00
18.00
0.00
0.00
33.00
11.00
0.00
0.00
0.00
25.00
1.00
17.00
115.00
469.00
0.00
0.00
0.00
0.00
0.00
0.00
0.00
1166.00
519.00
0.00
0.00
0.00
0.00
0.00
0.00
0.00
0.00
0.00
0.00
0.00
0.00
0.00
0.00
6.00
295.00
0.00
8.00
1.00
0.00
0.00
0.00
0.00
0.00
0.00
0.00
0.00
0.00
0.00
0.00
0.00
0.00
0.00
0.00
0.00
0.00
0.00
1.00
113.00
120.00
23.00
0.00
0.00
0.00
0.00
0.00
0.00
0.00
0.00
116.00
0.00
0.00
0.00
0.00
0.00
0.00
0.00
0.00
0.00
0.00
0.00
8.00
64.00
45.00
0.00
0.00
0.00
0.00
0.00
0.00
0.00
0.00
0.00
0.00
0.00
0.00
0.00
0.00
0.00
0.00
0.00
0.00
0.00
0.00
0.00
0.00
0.00
0.00
0.00
0.00
0.00
0.00
0.00
0.00
0.00
0.00
0.00
0.00
0.00
1.00
7.00
0.00
28.00
0.00
0.00
0.00
0.00
0.00
0.00
0.00
0.00
0.00
0.00
0.00
0.00
0.00
0.00
2.00
489.00
0.00
0.00
0.00
0.00
0.00
0.00
39.00
0.00
0.00
0.00
0.00
0.00
0.00
79.00
36.00
0.00
30.00
218.00
43.00
5.00
0.00
0.00
0.00
0.00
0.00
0.00
0.00
36.00
35.00
0.00
37.00
12.00
0.00
19.00
8.00
15.00
94.00
0.00
9.00
0.00
136.00
1.00
4.00
11.00
72.00
13.00
15.00
20.00
3.00
4.00
103.00
0.00
1.00
81.00
19.00
0.00
0.00
35.00
4.00
0.00
11.00
73.00
29.00
2.00
340.00
13.00
137.00
10.00
81.00
49.00
50.00
636.00
205.00
3.00
118.00
33.00
0.00
6.00
0.00
0.00
0.00
0.00
0.00
0.00
24.00
0.00
1.00
9.00
0.00
24.00
14.00
54.00
1.00
14.00
0.00
58.00
30.00
11.00
51.00
147.00
37.00
44.00
126.00
157.00
87.00
430.00
259.00
67.00
43.00
0.00
0.00
2.00
5.00
24.00
0.00
35.00
19.00
36.00
17.00
59.00
47.00
30.00
19.00
0.00
3.00
0.00
0.00
17.00
2.00
20.00
49.00
136.00
5.00
17.00
80.00
11.00
2.00
1.00
0.00
0.00
16.00
5.00
7.00
14.00
8.00
29.00
72.00
378.00
109.00
9.00
50.00
131.00
191.00
168.00
19.00
23.00
5.00
54.00
43.00
24.00
4.00
1.00
178.00
21.00
96.00
122.00
82.00
23.00
0.00
35.00
0.00
36.00
28.00
0.00
19.00
47.00
2.00
51.00
19.00
15.00
5.00
59.00
22.00
7.00
2.00
11.00
127.00
8.00
17.00
55.00
0.00
0.00
0.00
3.00
5.00
16.00
0.00
4.00
2.00
0.00
3.00
17.00
0.00
35.00
6.00
51.00
0.00
5.00
2.00
4.00
7.00
0.00
2.00
0.00
0.00
0.00
0.00
0.00
0.00
0.00
0.00
1.00
0.00
0.00
0.00
38.00
47.00
192.00
425.00
134.00
0.00
0.00
0.00
0.00
0.00
0.00
0.00
0.00
0.00
0.00
0.00
0.00
287.00
326.00
35.00
86.00
3.00
0.00
0.00
0.00
0.00
0.00
0.00
0.00
0.00
0.00
0.00
0.00
0.00
0.00
0.00
0.00
0.00
0.00
0.00
0.00
0.00
0.00
0.00
0.00
0.00
0.00
0.00
0.00
0.00
0.00
0.00
0.00
0.00
0.00
0.00
2.00
0.00
0.00
0.00
0.00
0.00
36.00
0.00
0.00
0.00
0.00
5.00
21.00
89.00
0.00
0.00
0.00
0.00
0.00
0.00
0.00
0.00
0.00
0.00
0.00
0.00
0.00
0.00
0.00
0.00
0.00
0.00
0.00
0.00
0.00
0.00
0.00
0.00
0.00
0.00
0.00
0.00
0.00
0.00
0.00
0.00
0.00
0.00
0.00
0.00
0.00
0.00
0.00
0.00
0.00
15.00
0.00
0.00
0.00
0.00
0.00
0.00
0.00
0.00
0.00
0.00
0.00
0.00
0.00
0.00
0.00
0.00
0.00
0.00
0.00
0.00
0.00
0.00
0.00
0.00
0.00
0.00
21.40
4.60
38.00
24.50
0.00
0.00
0.00
0.00
0.00
0.00
0.00
0.00
0.00
0.00
0.00
0.00
0.00
0.00
0.30
0.00
2.70
9.10
30.90
0.80
0.00
0.10
0.00
0.00
0.00
2.10
1.80
0.00
0.00
0.00
11.20
32.10
40.50
0.00
93.50
7.60
0.30
9.00
20.40
2.40
0.00
0.00
0.00
0.00
4.30
5.40
0.00
24.60
2.00
2.80
18.20
0.00
4.00
0.00
0.00
0.00
0.00
0.00
6.10
3.10
0.10
0.10
0.50
2.00
8.30
0.10
0.00
0.00
1.60
3.00
1.10
6.10
5.20
2.60
0.00
0.00
0.00
1.20
1.60
0.00
0.00
0.70
0.70
0.70
0.90
0.00
0.00
0.00
0.00
0.00
0.00
0.20
0.10
6.70
1.90
1.90
0.00
1.40
0.00
0.20
2.10
1.10
0.10
2.20
1.70
5.00
7.70
0.00
0.60
27.80
3.90
7.20
11.90
0.20
0.00
2.10
0.20
1.10
4.30
0.80
0.00
0.00
0.00
0.40
0.40
0.50
1.40
11.30
1.30
5.40
3.80
3.80
0.70
0.70
0.40
1.40
1.40
0.00
0.90
1.40
1.40
1.40
6.50
5.10
0.00
2.40
8.80
8.50
1.80
0.00
0.10
4.40
2.70
3.80
2.00
0.60
0.00
3.70
0.20
0.40
12.10
0.80
4.10
0.10
1.80
4.00
1.00
0.50
1.00
0.00
1.00
1.00
6.20
1.30
9.70
8.00
0.20
0.20
0.00
0.00
16.90
0.00
3.20
7.50
0.10
0.10
0.00
0.30
7.40
0.20
2.10
0.40
2.50
9.90
5.80
4.00
0.40
0.20
0.50
3.60
0.20
0.80
0.00
2.00
7.10
21.30
12.20
5.80
4.10
11.70
0.20
0.90
4.20
1.50
1.50
3.10
0.90
0.00
0.00
2.00
8.60
0.80
8.70
0.80
0.00
0.00
0.00
0.00
2.10
0.00
0.00
0.00
0.00
0.00
3.20
0.40
1.20
0.20
0.80
5.90
