20160101
0.00
0.00
0.00
0.00
0.00
0.00
0.00
0.00
0.00
0.00
0.00
0.00
5.00
0.00
0.00
0.00
0.00
0.00
0.00
86.00
0.00
0.00
0.00
0.00
0.00
6.00
0.00
0.00
0.00
0.00
0.00
0.00
0.00
0.00
0.00
0.00
2.00
4.00
11.00
0.00
0.00
0.00
0.00
0.00
0.00
0.00
0.00
0.00
0.00
0.00
0.00
2.00
0.00
0.00
0.00
0.00
11.00
1.00
0.00
0.00
0.00
0.00
16.00
97.00
0.00
184.00
0.00
0.00
0.00
0.00
0.00
0.00
1.00
0.00
3.00
0.00
0.00
0.00
14.00
0.00
0.00
0.00
0.00
0.00
0.00
0.00
67.00
288.00
42.00
79.00
81.00
5.00
0.00
1.00
11.00
144.00
3.00
49.00
61.00
2.00
0.00
0.00
0.00
10.00
248.00
36.00
330.00
221.00
96.00
96.00
95.00
1.00
4.00
450.00
184.00
9.00
101.00
72.00
187.00
66.00
364.00
65.00
57.00
9.00
15.00
6.00
14.00
4.00
22.00
5.00
1.00
121.00
58.00
87.00
7.00
219.00
466.00
317.00
177.00
19.00
70.00
445.00
0.00
0.00
7.00
2.00
6.00
45.00
2.00
0.00
0.00
111.00
33.00
0.00
0.00
122.00
17.00
154.00
284.00
69.00
3.00
339.00
116.00
51.00
3.00
0.00
46.00
109.00
396.00
0.00
0.00
21.00
12.00
6.00
13.00
0.00
36.00
7.00
147.00
20.00
31.00
16.00
75.00
35.00
85.00
121.00
15.00
15.00
62.00
22.00
336.00
18.00
15.00
1.00
1.00
10.00
1.00
12.00
3.00
2.00
1.00
8.00
29.00
19.00
39.00
23.00
128.00
15.00
33.00
70.00
17.00
446.00
2.00
26.00
0.00
14.00
134.00
60.00
49.00
25.00
135.00
20.00
54.00
70.00
64.00
51.00
200.00
44.00
15.00
68.00
14.00
0.00
130.00
122.00
0.00
0.00
0.00
316.00
0.00
45.00
44.00
80.00
41.00
62.00
89.00
10.00
182.00
11.00
210.00
125.00
14.00
3.00
65.00
79.00
23.00
3.00
62.00
11.00
0.00
120.00
37.00
71.00
71.00
94.00
134.00
54.00
92.00
13.00
202.00
29.00
0.00
201.00
89.00
0.00
0.00
41.00
0.00
0.00
1.00
18.00
90.00
6.00
52.00
105.00
13.00
14.00
0.00
0.00
0.00
0.00
0.00
0.00
0.00
0.00
0.00
0.00
0.00
4.00
0.00
0.00
46.00
0.00
1.00
0.00
0.00
0.00
0.00
0.00
53.00
273.00
312.00
31.00
0.00
0.00
0.00
0.00
0.00
0.00
0.00
0.00
0.00
0.00
0.00
0.00
0.00
0.00
0.00
0.00
0.00
0.00
0.00
0.00
0.00
0.00
0.00
1.00
0.00
0.00
0.00
0.00
0.00
0.00
0.00
0.00
0.00
0.00
0.00
0.00
0.00
0.00
0.00
0.00
0.00
0.00
0.00
0.00
0.00
0.00
0.00
0.00
50.00
0.00
0.00
0.00
0.00
0.00
0.00
0.00
0.00
1.00
0.00
0.00
0.00
0.00
0.00
0.00
0.00
0.00
0.00
0.00
0.00
0.00
0.00
0.00
0.00
9.00
0.00
0.00
0.00
0.00
0.00
0.00
16.00
0.00
0.00
0.00
0.00
0.00
0.00
0.00
0.00
0.00
0.00
0.00
0.00
0.00
0.00
0.00
0.00
0.00
0.00
0.00
0.00
0.00
0.00
0.00
0.00
17.00
151.00
0.00
0.00
0.00
0.00
0.00
0.00
0.00
0.00
0.00
17.00
243.00
0.00
0.00
105.00
0.00
464.00
55.00
0.00
0.00
0.00
0.00
0.00
39.00
272.00
21.00
104.00
0.00
0.00
0.00
0.00
46.00
12.00
6.00
30.00
143.00
170.00
304.00
824.00
1036.00
1053.00
187.00
0.00
0.00
24.00
181.00
1.00
0.00
0.00
0.00
0.00
0.00
51.00
7.00
0.00
0.00
165.00
53.00
64.00
4.00
0.00
0.00
49.00
58.00
83.00
112.00
13.00
144.00
11.00
0.00
24.00
3.00
180.00
217.00
0.00
15.00
33.00
6.00
4.00
1.00
17.00
71.00
31.00
12.00
0.00
78.00
83.00
109.00
49.00
42.00
8.00
152.00
118.00
151.00
4.00
105.00
145.00
879.00
27.00
200.00
422.00
112.00
0.00
7.00
23.00
0.00
302.00
24.00
270.00
961.00
105.00
47.00
0.00
13.00
73.00
762.00
292.00
210.00
8.00
94.00
22.00
96.00
377.00
82.00
46.00
71.00
35.00
40.00
221.00
20.00
10.00
50.00
109.00
357.00
53.00
1.00
53.00
136.00
334.00
48.00
41.00
28.00
0.00
94.00
73.00
1.00
69.00
316.00
24.00
7.00
124.00
55.00
24.00
53.00
23.00
27.00
171.00
94.00
75.00
4.00
0.00
2.00
89.00
156.00
46.00
14.00
17.00
23.00
12.00
183.00
511.00
346.00
7.00
3.00
12.00
63.00
141.00
63.00
0.00
41.00
33.00
0.00
0.00
38.00
304.00
157.00
9.00
67.00
15.00
27.00
68.00
74.00
0.00
143.00
38.00
0.00
0.00
45.00
5.00
0.00
132.00
76.00
1.00
117.00
0.00
40.00
17.00
58.00
1.00
76.00
18.00
0.00
1.00
84.00
127.00
0.00
113.00
254.00
373.00
24.00
29.00
67.00
549.00
22.00
0.00
0.00
145.00
3.00
115.00
29.00
0.00
0.00
27.00
29.00
3.00
2.00
0.00
34.00
6.00
74.00
454.00
1027.00
0.00
0.00
0.00
0.00
0.00
0.00
0.00
526.00
1021.00
0.00
0.00
0.00
0.00
0.00
0.00
0.00
0.00
0.00
0.00
0.00
0.00
0.00
0.00
11.00
218.00
37.00
8.00
0.00
0.00
0.00
0.00
0.00
0.00
0.00
0.00
0.00
0.00
0.00
0.00
0.00
0.00
0.00
0.00
0.00
0.00
0.00
1.00
1.00
128.00
107.00
0.00
0.00
0.00
0.00
0.00
0.00
0.00
0.00
16.00
0.00
0.00
0.00
0.00
0.00
0.00
0.00
0.00
0.00
0.00
0.00
147.00
187.00
30.00
104.00
0.00
0.00
0.00
0.00
0.00
0.00
0.00
0.00
0.00
0.00
0.00
0.00
0.00
0.00
0.00
0.00
0.00
0.00
0.00
0.00
0.00
0.00
0.00
0.00
0.00
0.00
0.00
0.00
0.00
0.00
0.00
0.00
0.00
0.00
4.00
1.00
0.00
5.00
16.00
0.00
0.00
0.00
0.00
0.00
0.00
0.00
0.00
6.00
0.00
0.00
0.00
0.00
216.00
864.00
0.00
0.00
0.00
1.00
0.00
0.00
33.00
0.00
0.00
0.00
0.00
0.00
9.00
56.00
34.00
0.00
1.00
124.00
11.00
0.00
0.00
0.00
0.00
0.00
0.00
32.00
1.00
7.00
5.00
0.00
57.00
144.00
47.00
82.00
13.00
0.00
0.00
0.00
0.00
19.00
26.00
26.00
49.00
40.00
147.00
1.00
55.00
33.00
1.00
66.00
38.00
34.00
0.00
52.00
14.00
0.00
0.00
0.00
26.00
13.00
184.00
13.00
76.00
96.00
87.00
4.00
28.00
21.00
126.00
143.00
21.00
809.00
287.00
90.00
0.00
29.00
0.00
23.00
0.00
0.00
0.00
0.00
0.00
0.00
0.00
0.00
156.00
352.00
145.00
3.00
12.00
0.00
1.00
2.00
0.00
5.00
3.00
7.00
0.00
27.00
1.00
40.00
121.00
39.00
181.00
680.00
1406.00
636.00
155.00
59.00
12.00
1.00
1.00
0.00
0.00
0.00
6.00
23.00
26.00
20.00
60.00
0.00
0.00
1.00
34.00
132.00
179.00
100.00
14.00
6.00
23.00
1.00
5.00
0.00
180.00
111.00
53.00
56.00
75.00
96.00
17.00
7.00
5.00
193.00
101.00
17.00
51.00
83.00
34.00
13.00
12.00
24.00
19.00
102.00
412.00
244.00
1.00
2.00
60.00
496.00
7.00
70.00
54.00
0.00
14.00
6.00
33.00
7.00
22.00
35.00
180.00
2.00
1.00
9.00
62.00
12.00
0.00
12.00
37.00
164.00
293.00
66.00
3.00
0.00
0.00
21.00
5.00
0.00
2.00
123.00
1.00
0.00
0.00
1.00
42.00
3.00
80.00
214.00
85.00
0.00
0.00
0.00
0.00
12.00
166.00
119.00
34.00
56.00
1.00
11.00
1.00
0.00
40.00
8.00
20.00
0.00
0.00
0.00
0.00
0.00
0.00
0.00
0.00
1.00
0.00
13.00
27.00
235.00
188.00
10.00
0.00
0.00
0.00
0.00
0.00
0.00
0.00
0.00
0.00
0.00
0.00
0.00
3.00
71.00
86.00
37.00
0.00
0.00
82.00
0.00
0.00
0.00
0.00
0.00
0.00
0.00
0.00
0.00
0.00
0.00
0.00
0.00
0.00
0.00
0.00
0.00
0.00
0.00
0.00
0.00
0.00
0.00
0.00
0.00
0.00
0.00
0.00
0.00
0.00
0.00
0.00
16.00
0.00
0.00
0.00
0.00
0.00
0.00
0.00
0.00
0.00
0.00
7.00
187.00
628.00
0.00
0.00
0.00
0.00
0.00
0.00
0.00
0.00
0.00
0.00
0.00
0.00
0.00
0.00
0.00
0.00
0.00
0.00
0.00
0.00
0.00
0.00
0.00
0.00
0.00
0.00
0.00
0.00
0.00
0.00
0.00
0.00
0.00
0.00
0.00
0.00
0.00
0.00
0.00
0.00
0.00
1.00
0.00
0.00
0.00
0.00
0.00
0.00
0.00
0.00
0.00
0.00
3.00
0.00
0.00
0.00
2.00
0.00
0.00
4.00
0.00
0.00
0.00
0.00
0.00
0.00
0.00
0.00
27.10
1.00
90.70
59.20
0.00
0.00
0.00
0.00
0.00
0.00
0.00
0.00
0.00
0.00
0.00
0.00
0.00
0.00
0.50
3.20
3.30
8.30
18.90
0.00
0.00
6.50
0.00
0.00
0.00
17.80
1.60
0.00
0.00
0.00
66.00
26.10
31.20
0.00
23.80
12.90
35.60
7.40
11.90
12.00
0.00
0.00
0.00
0.00
14.00
10.10
6.70
9.10
0.20
1.90
2.70
1.50
3.50
0.00
0.00
0.00
0.00
0.00
18.10
10.50
7.10
7.10
0.10
32.00
99.20
2.70
0.00
7.50
9.20
27.90
23.20
42.60
14.60
8.80
1.10
4.10
2.00
8.40
19.90
0.00
0.00
6.60
13.20
13.20
3.30
0.80
2.40
1.40
0.00
0.50
0.80
5.60
0.30
0.00
13.50
6.30
0.10
3.20
0.80
0.20
0.40
7.40
0.00
0.10
0.10
27.60
19.40
6.60
8.80
0.20
3.10
19.60
15.00
0.10
0.00
0.40
10.80
62.70
37.80
7.20
0.10
1.70
0.40
6.40
1.80
11.30
50.60
35.20
24.00
4.00
11.90
11.90
55.30
55.30
11.90
1.30
1.30
0.00
0.00
1.30
1.30
1.30
0.20
16.00
1.60
14.60
33.90
27.50
12.50
11.40
0.00
9.50
2.50
3.80
53.60
9.20
1.30
0.60
1.50
24.10
13.00
0.30
0.90
0.00
17.40
2.40
0.40
0.50
0.10
0.00
0.10
0.80
0.10
1.00
7.90
4.90
1.20
0.20
0.10
22.60
12.80
0.70
1.00
0.60
0.20
3.90
6.00
13.60
4.10
23.30
1.90
0.80
4.30
2.40
2.80
8.00
0.50
0.10
3.10
2.20
2.60
1.30
0.10
0.70
19.40
9.40
9.60
13.00
12.70
3.80
0.00
8.30
2.20
3.40
3.40
18.20
0.00
0.00
0.10
2.90
10.30
0.80
5.60
0.70
0.00
0.00
0.00
0.00
0.00
0.10
0.00
0.00
1.70
1.10
3.20
0.40
1.20
0.20
0.80
5.90
