20160101
0.00
0.00
0.00
0.00
0.00
0.00
0.00
0.00
2.00
0.00
0.00
0.00
1.00
0.00
0.00
0.00
0.00
0.00
0.00
102.00
0.00
0.00
0.00
0.00
0.00
8.00
14.00
0.00
0.00
0.00
0.00
0.00
0.00
0.00
0.00
0.00
2.00
2.00
5.00
0.00
0.00
0.00
0.00
0.00
0.00
0.00
0.00
0.00
0.00
0.00
0.00
0.00
0.00
0.00
0.00
0.00
5.00
1.00
0.00
1.00
48.00
0.00
20.00
114.00
0.00
39.00
0.00
0.00
0.00
0.00
0.00
0.00
46.00
11.00
2.00
1.00
0.00
0.00
10.00
14.00
0.00
0.00
10.00
0.00
0.00
0.00
141.00
223.00
4.00
48.00
128.00
3.00
5.00
0.00
17.00
142.00
28.00
70.00
31.00
12.00
0.00
0.00
0.00
27.00
272.00
37.00
338.00
184.00
60.00
139.00
185.00
4.00
14.00
171.00
123.00
13.00
184.00
83.00
218.00
41.00
285.00
141.00
86.00
24.00
9.00
1.00
91.00
15.00
4.00
24.00
11.00
187.00
43.00
315.00
11.00
246.00
308.00
268.00
100.00
33.00
29.00
457.00
0.00
0.00
55.00
2.00
5.00
0.00
11.00
5.00
4.00
187.00
0.00
0.00
0.00
197.00
63.00
225.00
170.00
28.00
9.00
9.00
50.00
2.00
9.00
3.00
27.00
62.00
89.00
0.00
0.00
16.00
27.00
48.00
140.00
0.00
87.00
38.00
180.00
11.00
42.00
28.00
2.00
140.00
107.00
52.00
13.00
8.00
70.00
56.00
202.00
45.00
46.00
0.00
0.00
6.00
1.00
34.00
10.00
11.00
19.00
57.00
46.00
65.00
15.00
29.00
144.00
38.00
118.00
49.00
2.00
142.00
5.00
5.00
0.00
13.00
186.00
73.00
51.00
29.00
118.00
26.00
36.00
13.00
53.00
70.00
281.00
117.00
38.00
13.00
17.00
0.00
95.00
105.00
0.00
1.00
0.00
163.00
6.00
26.00
138.00
11.00
106.00
72.00
54.00
26.00
88.00
5.00
96.00
199.00
7.00
6.00
39.00
134.00
82.00
2.00
71.00
50.00
40.00
23.00
157.00
214.00
60.00
239.00
355.00
146.00
21.00
1.00
182.00
161.00
8.00
151.00
32.00
43.00
7.00
34.00
0.00
0.00
7.00
105.00
13.00
84.00
80.00
71.00
23.00
178.00
0.00
0.00
0.00
0.00
0.00
0.00
0.00
0.00
0.00
0.00
0.00
2.00
0.00
0.00
43.00
0.00
0.00
0.00
0.00
0.00
0.00
2.00
34.00
389.00
175.00
1.00
0.00
0.00
0.00
0.00
0.00
0.00
0.00
0.00
0.00
0.00
0.00
0.00
0.00
0.00
0.00
0.00
0.00
0.00
0.00
0.00
0.00
0.00
0.00
6.00
0.00
0.00
0.00
0.00
0.00
0.00
0.00
0.00
0.00
0.00
0.00
0.00
0.00
0.00
0.00
0.00
0.00
0.00
0.00
0.00
0.00
0.00
0.00
0.00
2.00
0.00
0.00
0.00
0.00
0.00
2.00
0.00
0.00
119.00
0.00
0.00
0.00
0.00
0.00
1.00
0.00
0.00
0.00
0.00
0.00
0.00
0.00
0.00
0.00
1.00
0.00
0.00
0.00
0.00
0.00
0.00
19.00
0.00
0.00
0.00
0.00
0.00
0.00
0.00
0.00
0.00
0.00
0.00
0.00
0.00
0.00
0.00
0.00
0.00
0.00
0.00
0.00
0.00
0.00
0.00
0.00
0.00
15.00
0.00
0.00
0.00
0.00
0.00
0.00
0.00
0.00
0.00
5.00
23.00
0.00
0.00
131.00
0.00
463.00
18.00
0.00
0.00
0.00
0.00
0.00
7.00
215.00
21.00
135.00
0.00
0.00
0.00
0.00
68.00
43.00
4.00
62.00
132.00
273.00
278.00
565.00
685.00
1247.00
196.00
3.00
0.00
43.00
23.00
3.00
0.00
0.00
0.00
1.00
7.00
207.00
1.00
0.00
0.00
130.00
49.00
34.00
4.00
0.00
0.00
30.00
96.00
47.00
91.00
11.00
302.00
11.00
0.00
18.00
9.00
149.00
170.00
4.00
36.00
27.00
9.00
46.00
21.00
115.00
43.00
56.00
12.00
4.00
47.00
57.00
53.00
47.00
58.00
24.00
116.00
214.00
194.00
12.00
24.00
133.00
655.00
10.00
215.00
442.00
30.00
0.00
17.00
28.00
8.00
31.00
106.00
201.00
667.00
155.00
57.00
2.00
0.00
159.00
1032.00
330.00
123.00
0.00
183.00
53.00
53.00
182.00
37.00
175.00
67.00
15.00
39.00
147.00
10.00
9.00
13.00
60.00
244.00
10.00
6.00
75.00
173.00
193.00
47.00
22.00
0.00
0.00
202.00
121.00
3.00
58.00
200.00
11.00
311.00
235.00
238.00
21.00
39.00
32.00
13.00
119.00
19.00
112.00
17.00
0.00
3.00
68.00
172.00
51.00
19.00
9.00
16.00
9.00
455.00
578.00
606.00
187.00
0.00
7.00
26.00
314.00
101.00
30.00
84.00
30.00
1.00
0.00
0.00
75.00
166.00
9.00
102.00
4.00
22.00
61.00
9.00
12.00
188.00
21.00
0.00
16.00
36.00
3.00
1.00
192.00
17.00
19.00
9.00
0.00
44.00
4.00
201.00
19.00
16.00
69.00
2.00
7.00
136.00
461.00
2.00
135.00
85.00
291.00
113.00
121.00
113.00
41.00
46.00
0.00
2.00
71.00
20.00
381.00
85.00
44.00
0.00
160.00
39.00
22.00
7.00
0.00
2.00
1.00
64.00
451.00
938.00
0.00
0.00
0.00
0.00
0.00
0.00
0.00
69.00
740.00
0.00
0.00
0.00
0.00
0.00
0.00
0.00
0.00
0.00
0.00
0.00
0.00
0.00
0.00
0.00
353.00
67.00
5.00
0.00
0.00
0.00
0.00
0.00
0.00
0.00
0.00
0.00
0.00
0.00
0.00
0.00
0.00
0.00
0.00
0.00
0.00
0.00
8.00
4.00
60.00
95.00
0.00
0.00
0.00
0.00
0.00
0.00
0.00
0.00
1.00
0.00
0.00
0.00
0.00
0.00
0.00
0.00
0.00
0.00
0.00
0.00
0.00
228.00
62.00
1.00
0.00
0.00
0.00
0.00
0.00
0.00
0.00
0.00
0.00
0.00
0.00
0.00
0.00
0.00
0.00
0.00
0.00
0.00
0.00
0.00
0.00
0.00
0.00
0.00
0.00
0.00
0.00
0.00
0.00
0.00
0.00
0.00
0.00
11.00
18.00
11.00
26.00
12.00
8.00
1.00
1.00
1.00
0.00
0.00
0.00
0.00
0.00
3.00
0.00
0.00
0.00
0.00
181.00
581.00
0.00
0.00
0.00
2.00
0.00
0.00
0.00
0.00
0.00
0.00
0.00
1.00
44.00
6.00
46.00
0.00
1.00
101.00
0.00
0.00
0.00
0.00
0.00
0.00
0.00
11.00
12.00
11.00
4.00
0.00
38.00
211.00
73.00
1.00
16.00
0.00
20.00
110.00
4.00
42.00
7.00
11.00
91.00
55.00
41.00
28.00
14.00
72.00
266.00
225.00
51.00
11.00
3.00
27.00
5.00
7.00
0.00
9.00
17.00
21.00
171.00
33.00
134.00
80.00
266.00
2.00
10.00
42.00
160.00
205.00
48.00
603.00
259.00
57.00
23.00
18.00
1.00
34.00
0.00
0.00
1.00
0.00
0.00
0.00
0.00
5.00
203.00
514.00
121.00
4.00
25.00
1.00
7.00
11.00
8.00
1.00
23.00
26.00
12.00
135.00
29.00
41.00
63.00
62.00
101.00
1070.00
1114.00
998.00
207.00
41.00
54.00
4.00
1.00
0.00
3.00
31.00
84.00
45.00
29.00
49.00
23.00
1.00
0.00
0.00
78.00
145.00
182.00
194.00
8.00
0.00
40.00
0.00
1.00
0.00
199.00
98.00
58.00
66.00
82.00
147.00
10.00
1.00
6.00
163.00
152.00
47.00
20.00
71.00
56.00
3.00
1.00
22.00
3.00
69.00
243.00
195.00
9.00
0.00
27.00
514.00
15.00
132.00
53.00
0.00
36.00
21.00
14.00
17.00
27.00
56.00
394.00
4.00
15.00
34.00
117.00
2.00
0.00
33.00
57.00
71.00
305.00
10.00
42.00
0.00
0.00
82.00
47.00
3.00
11.00
209.00
1.00
0.00
0.00
0.00
51.00
69.00
53.00
110.00
74.00
8.00
1.00
0.00
8.00
1.00
161.00
94.00
61.00
1.00
18.00
32.00
3.00
0.00
50.00
0.00
0.00
2.00
0.00
0.00
0.00
0.00
0.00
46.00
47.00
0.00
0.00
17.00
39.00
102.00
25.00
0.00
0.00
0.00
0.00
0.00
0.00
0.00
0.00
0.00
0.00
27.00
0.00
0.00
0.00
27.00
48.00
8.00
0.00
0.00
182.00
0.00
0.00
0.00
0.00
0.00
0.00
0.00
0.00
0.00
0.00
0.00
0.00
0.00
0.00
0.00
0.00
0.00
0.00
0.00
0.00
0.00
0.00
0.00
0.00
0.00
0.00
0.00
0.00
0.00
0.00
0.00
0.00
3.00
0.00
0.00
0.00
0.00
0.00
0.00
0.00
0.00
0.00
0.00
2.00
139.00
378.00
0.00
0.00
0.00
0.00
0.00
0.00
0.00
0.00
0.00
0.00
0.00
0.00
0.00
0.00
0.00
0.00
0.00
0.00
0.00
0.00
0.00
0.00
0.00
0.00
0.00
0.00
0.00
0.00
0.00
0.00
0.00
0.00
0.00
0.00
0.00
0.00
0.00
0.00
0.00
0.00
0.00
0.00
0.00
0.00
1.00
0.00
0.00
0.00
0.00
0.00
0.00
6.00
3.00
0.00
0.00
0.00
2.00
0.00
0.00
25.00
0.00
0.00
0.00
0.00
0.00
0.00
0.00
0.30
24.10
0.10
71.10
81.60
0.00
0.00
0.00
0.00
0.00
0.00
3.70
0.00
0.00
0.00
0.00
0.00
0.00
0.00
0.70
2.20
7.10
15.10
21.80
0.00
0.00
19.10
0.00
0.00
0.00
4.30
11.70
0.00
0.00
0.50
77.50
24.80
38.40
0.30
13.40
14.80
33.70
10.00
12.70
13.00
0.10
0.00
0.00
4.10
8.20
13.20
9.30
19.30
0.00
1.80
19.30
2.00
1.40
2.30
0.00
0.00
1.80
0.30
9.10
6.30
10.60
10.60
0.60
13.90
101.50
3.50
0.00
24.40
12.20
26.50
44.30
39.70
14.50
7.30
1.50
4.60
6.60
12.10
8.50
0.00
0.00
12.80
16.90
16.90
2.80
0.00
2.80
0.30
2.20
3.00
2.80
7.70
0.10
2.20
3.80
1.10
0.00
0.90
0.20
0.00
3.10
0.00
0.10
0.80
1.80
9.90
6.90
15.50
14.60
0.00
6.40
10.40
10.10
0.10
0.00
0.20
7.40
66.50
37.40
9.50
0.00
8.80
5.00
2.20
1.70
45.70
36.40
71.70
21.40
12.40
28.20
28.20
64.40
64.40
16.90
0.20
0.20
0.50
2.70
0.20
0.20
0.20
2.30
18.90
4.40
2.40
32.50
31.10
5.30
14.00
0.10
7.90
11.90
2.00
21.70
3.10
3.50
0.10
1.00
31.40
9.60
0.00
3.90
0.00
9.10
4.40
0.00
0.00
0.80
0.00
0.00
1.00
0.80
0.30
6.80
25.80
9.80
0.10
2.20
13.90
3.60
0.60
5.70
0.80
0.00
4.80
10.00
17.30
2.70
13.50
12.40
0.70
5.30
1.00
0.30
11.40
3.30
1.90
0.50
0.60
0.00
2.80
3.40
4.60
10.00
16.20
9.30
9.30
7.40
0.70
0.00
3.50
7.30
7.30
7.30
14.50
0.00
0.60
19.10
3.10
2.30
1.50
3.20
0.10
0.00
0.10
0.00
0.00
0.40
0.10
0.00
0.00
5.00
5.40
4.80
0.70
0.20
2.30
5.50
29.40
