20160101
0.00
0.00
0.00
0.00
0.00
0.00
0.00
0.00
4.00
0.00
0.00
0.00
4.00
0.00
0.00
0.00
0.00
0.00
0.00
62.00
0.00
0.00
0.00
0.00
0.00
7.00
37.00
0.00
0.00
0.00
0.00
0.00
0.00
0.00
0.00
0.00
0.00
0.00
14.00
1.00
0.00
0.00
0.00
0.00
0.00
0.00
0.00
0.00
0.00
0.00
1.00
0.00
0.00
0.00
0.00
0.00
11.00
0.00
4.00
0.00
0.00
0.00
40.00
69.00
0.00
9.00
0.00
32.00
0.00
0.00
0.00
0.00
26.00
1.00
4.00
1.00
0.00
0.00
1.00
0.00
36.00
0.00
3.00
0.00
0.00
0.00
44.00
212.00
34.00
62.00
88.00
15.00
0.00
2.00
16.00
120.00
4.00
40.00
67.00
0.00
0.00
15.00
0.00
1.00
248.00
13.00
200.00
224.00
75.00
102.00
53.00
21.00
0.00
95.00
61.00
1.00
93.00
53.00
150.00
49.00
334.00
72.00
103.00
10.00
24.00
1.00
10.00
1.00
10.00
0.00
5.00
110.00
12.00
52.00
37.00
167.00
354.00
182.00
48.00
32.00
96.00
584.00
0.00
0.00
2.00
1.00
2.00
23.00
5.00
17.00
4.00
63.00
6.00
0.00
7.00
153.00
24.00
111.00
121.00
68.00
11.00
49.00
25.00
10.00
6.00
0.00
64.00
124.00
451.00
2.00
0.00
35.00
30.00
5.00
1.00
14.00
75.00
0.00
176.00
16.00
52.00
20.00
102.00
52.00
156.00
118.00
2.00
44.00
13.00
47.00
104.00
27.00
68.00
10.00
0.00
22.00
28.00
15.00
1.00
1.00
9.00
2.00
51.00
37.00
30.00
24.00
154.00
72.00
55.00
67.00
46.00
478.00
2.00
21.00
0.00
34.00
159.00
80.00
85.00
37.00
177.00
102.00
8.00
156.00
193.00
5.00
163.00
80.00
26.00
56.00
36.00
1.00
93.00
100.00
2.00
6.00
0.00
212.00
1.00
13.00
68.00
91.00
53.00
20.00
43.00
14.00
1097.00
45.00
142.00
34.00
31.00
1.00
7.00
75.00
39.00
257.00
74.00
11.00
1.00
419.00
188.00
115.00
36.00
207.00
93.00
30.00
8.00
35.00
52.00
37.00
1.00
50.00
746.00
12.00
0.00
15.00
0.00
0.00
0.00
53.00
44.00
0.00
43.00
38.00
39.00
36.00
16.00
0.00
0.00
0.00
0.00
0.00
0.00
0.00
0.00
0.00
0.00
5.00
0.00
0.00
58.00
0.00
0.00
0.00
0.00
0.00
0.00
8.00
48.00
208.00
270.00
55.00
0.00
0.00
0.00
0.00
0.00
0.00
0.00
0.00
0.00
0.00
0.00
0.00
0.00
0.00
0.00
0.00
0.00
0.00
0.00
0.00
0.00
0.00
0.00
0.00
0.00
0.00
0.00
0.00
0.00
0.00
0.00
0.00
0.00
0.00
0.00
0.00
0.00
0.00
0.00
0.00
0.00
0.00
0.00
0.00
0.00
0.00
0.00
0.00
190.00
0.00
0.00
0.00
0.00
0.00
0.00
0.00
0.00
14.00
0.00
0.00
0.00
0.00
0.00
3.00
0.00
0.00
0.00
0.00
0.00
0.00
0.00
0.00
0.00
0.00
0.00
0.00
0.00
0.00
0.00
0.00
17.00
0.00
0.00
0.00
0.00
0.00
0.00
0.00
0.00
0.00
0.00
0.00
0.00
0.00
0.00
0.00
0.00
0.00
0.00
0.00
0.00
0.00
0.00
0.00
0.00
0.00
2.00
0.00
0.00
0.00
0.00
0.00
0.00
0.00
0.00
0.00
30.00
11.00
0.00
0.00
130.00
0.00
455.00
70.00
7.00
0.00
0.00
0.00
0.00
24.00
174.00
26.00
139.00
0.00
0.00
0.00
0.00
42.00
22.00
0.00
22.00
89.00
105.00
249.00
382.00
558.00
1206.00
295.00
7.00
0.00
22.00
34.00
0.00
0.00
0.00
0.00
0.00
0.00
59.00
7.00
0.00
0.00
107.00
8.00
24.00
21.00
0.00
0.00
23.00
36.00
58.00
69.00
0.00
116.00
7.00
0.00
13.00
6.00
80.00
208.00
1.00
40.00
93.00
17.00
1.00
0.00
35.00
70.00
16.00
55.00
10.00
23.00
9.00
74.00
41.00
27.00
70.00
54.00
89.00
164.00
15.00
77.00
129.00
823.00
4.00
166.00
413.00
16.00
0.00
10.00
5.00
4.00
1082.00
33.00
254.00
416.00
114.00
14.00
0.00
30.00
133.00
291.00
129.00
120.00
3.00
1.00
20.00
64.00
160.00
3.00
95.00
45.00
78.00
40.00
344.00
89.00
22.00
72.00
74.00
328.00
133.00
3.00
62.00
111.00
175.00
91.00
45.00
38.00
15.00
69.00
63.00
2.00
83.00
212.00
0.00
7.00
180.00
110.00
30.00
41.00
36.00
26.00
145.00
68.00
145.00
4.00
1.00
15.00
78.00
217.00
38.00
45.00
9.00
27.00
14.00
95.00
360.00
301.00
13.00
2.00
16.00
45.00
237.00
60.00
4.00
82.00
50.00
0.00
29.00
1.00
225.00
328.00
24.00
199.00
33.00
46.00
64.00
16.00
5.00
42.00
6.00
0.00
6.00
102.00
1.00
0.00
13.00
216.00
18.00
36.00
1.00
1.00
4.00
57.00
0.00
75.00
35.00
0.00
3.00
136.00
127.00
0.00
175.00
226.00
372.00
107.00
110.00
3.00
91.00
25.00
0.00
0.00
289.00
141.00
50.00
70.00
0.00
0.00
21.00
7.00
1.00
0.00
0.00
0.00
2.00
48.00
397.00
956.00
0.00
0.00
0.00
0.00
0.00
0.00
1.00
716.00
1193.00
0.00
0.00
0.00
0.00
0.00
0.00
0.00
0.00
0.00
0.00
0.00
0.00
0.00
0.00
10.00
147.00
64.00
1.00
0.00
0.00
0.00
0.00
0.00
0.00
0.00
0.00
0.00
0.00
0.00
0.00
0.00
0.00
0.00
0.00
0.00
0.00
0.00
0.00
2.00
2.00
49.00
0.00
0.00
0.00
0.00
0.00
0.00
0.00
0.00
13.00
1.00
0.00
0.00
0.00
0.00
0.00
0.00
0.00
0.00
0.00
0.00
82.00
130.00
231.00
81.00
0.00
0.00
0.00
0.00
0.00
0.00
0.00
0.00
0.00
0.00
0.00
0.00
0.00
0.00
0.00
0.00
0.00
0.00
0.00
0.00
0.00
0.00
0.00
0.00
0.00
0.00
0.00
0.00
0.00
0.00
0.00
0.00
0.00
1.00
2.00
0.00
0.00
8.00
32.00
0.00
0.00
0.00
0.00
0.00
0.00
0.00
0.00
0.00
0.00
0.00
0.00
0.00
109.00
975.00
0.00
0.00
0.00
27.00
0.00
0.00
8.00
33.00
0.00
0.00
0.00
0.00
9.00
35.00
22.00
0.00
0.00
63.00
46.00
26.00
0.00
0.00
0.00
0.00
24.00
0.00
0.00
17.00
9.00
0.00
45.00
193.00
29.00
37.00
14.00
0.00
0.00
9.00
0.00
9.00
30.00
14.00
45.00
27.00
212.00
103.00
32.00
0.00
0.00
26.00
98.00
48.00
1.00
14.00
1.00
0.00
1.00
30.00
5.00
17.00
284.00
26.00
81.00
150.00
83.00
17.00
42.00
17.00
74.00
103.00
3.00
879.00
252.00
17.00
0.00
35.00
0.00
51.00
0.00
0.00
25.00
6.00
0.00
0.00
0.00
4.00
14.00
157.00
4.00
3.00
6.00
0.00
12.00
5.00
0.00
36.00
3.00
13.00
0.00
1.00
0.00
62.00
154.00
212.00
246.00
618.00
701.00
466.00
66.00
67.00
0.00
0.00
0.00
0.00
0.00
0.00
31.00
3.00
54.00
32.00
87.00
5.00
0.00
4.00
23.00
84.00
71.00
97.00
21.00
1.00
45.00
2.00
3.00
1.00
365.00
131.00
36.00
106.00
88.00
74.00
26.00
7.00
2.00
252.00
83.00
30.00
81.00
97.00
65.00
12.00
41.00
34.00
44.00
201.00
559.00
286.00
6.00
1.00
297.00
213.00
6.00
109.00
63.00
4.00
27.00
16.00
21.00
56.00
1.00
71.00
445.00
9.00
13.00
19.00
86.00
22.00
0.00
26.00
4.00
178.00
374.00
50.00
19.00
0.00
0.00
28.00
33.00
4.00
2.00
369.00
0.00
5.00
0.00
3.00
77.00
2.00
13.00
74.00
9.00
14.00
0.00
0.00
0.00
49.00
49.00
66.00
50.00
0.00
0.00
17.00
0.00
0.00
27.00
20.00
42.00
0.00
0.00
0.00
0.00
0.00
0.00
0.00
0.00
0.00
0.00
9.00
73.00
160.00
132.00
4.00
0.00
0.00
0.00
0.00
0.00
0.00
0.00
0.00
0.00
0.00
0.00
0.00
11.00
56.00
64.00
36.00
0.00
0.00
43.00
0.00
0.00
0.00
0.00
0.00
0.00
0.00
0.00
0.00
0.00
0.00
0.00
0.00
0.00
0.00
0.00
0.00
0.00
0.00
0.00
0.00
0.00
0.00
0.00
0.00
0.00
0.00
0.00
0.00
0.00
0.00
0.00
1.00
0.00
0.00
0.00
0.00
0.00
0.00
0.00
0.00
0.00
0.00
0.00
227.00
1065.00
0.00
0.00
0.00
0.00
0.00
0.00
0.00
0.00
0.00
0.00
0.00
0.00
0.00
0.00
0.00
0.00
0.00
0.00
0.00
0.00
0.00
0.00
0.00
0.00
0.00
0.00
0.00
0.00
0.00
0.00
0.00
0.00
0.00
0.00
0.00
0.00
0.00
0.00
0.00
0.00
0.00
2.00
0.00
0.00
1.00
0.00
0.00
0.00
0.00
0.00
0.00
4.00
2.00
0.00
0.00
0.00
5.00
0.00
1.00
15.00
0.00
0.00
0.00
0.00
0.00
0.00
0.00
0.00
17.30
0.00
57.90
79.30
0.00
0.00
0.00
0.00
0.00
0.00
0.00
0.00
0.00
0.00
0.00
0.00
0.00
0.00
0.00
6.30
33.50
19.60
20.70
0.00
0.00
8.00
0.00
0.00
0.00
7.50
18.00
0.00
0.00
0.00
47.50
6.90
28.40
0.00
7.40
12.30
21.50
17.80
20.10
10.80
0.00
0.00
0.00
0.40
11.50
4.60
4.50
5.50
2.00
0.20
12.00
0.20
4.10
0.00
0.00
0.00
0.10
1.50
15.20
3.70
2.80
2.80
0.30
35.80
87.60
8.70
0.00
6.40
5.40
20.10
15.00
42.40
5.20
11.70
1.30
2.10
0.00
5.30
17.40
0.00
0.00
2.60
5.90
5.90
2.50
0.80
2.00
3.40
0.00
1.10
2.00
12.80
0.40
0.20
7.10
3.20
0.80
0.40
2.10
0.30
0.40
1.30
2.60
4.80
5.50
36.20
6.20
3.00
2.50
18.50
11.90
11.40
5.20
1.10
0.40
0.40
1.20
32.60
15.50
5.20
0.10
4.90
6.20
4.00
3.90
2.60
20.90
32.40
40.80
5.30
10.20
10.20
56.00
56.00
1.10
0.30
0.30
0.20
0.00
0.30
0.30
0.30
0.40
9.20
2.20
2.20
21.60
48.30
20.60
21.10
0.30
7.80
5.10
4.70
60.70
7.10
1.10
0.40
2.50
23.10
31.00
0.90
1.70
0.40
29.70
10.80
0.20
5.70
0.20
0.90
0.10
0.20
1.30
0.30
7.60
90.30
2.00
1.00
9.90
109.20
16.50
1.00
0.20
7.20
0.20
4.60
21.30
10.20
10.70
7.40
2.70
1.10
1.70
6.20
6.30
4.50
0.40
0.80
2.90
11.90
0.40
2.70
0.40
0.20
12.60
15.30
11.10
23.00
12.70
2.00
0.00
2.00
5.20
7.10
7.10
10.30
0.00
0.00
5.00
17.90
16.80
4.00
1.30
2.30
0.00
0.00
0.00
0.00
1.40
0.40
0.00
0.00
0.10
1.40
3.20
0.40
1.20
0.20
0.80
5.90
