20160101
0.00
0.00
0.00
0.00
0.00
0.00
0.00
0.00
0.00
0.00
0.00
0.00
0.00
0.00
0.00
0.00
0.00
0.00
24.00
1.00
0.00
0.00
0.00
0.00
0.00
0.00
2.00
0.00
0.00
0.00
0.00
0.00
0.00
0.00
0.00
0.00
0.00
0.00
8.00
0.00
0.00
0.00
0.00
0.00
0.00
0.00
0.00
0.00
0.00
0.00
14.00
0.00
0.00
0.00
0.00
0.00
5.00
0.00
0.00
0.00
0.00
0.00
0.00
0.00
0.00
7.00
0.00
0.00
0.00
0.00
0.00
0.00
5.00
6.00
0.00
0.00
0.00
0.00
0.00
21.00
0.00
0.00
0.00
0.00
0.00
0.00
13.00
186.00
0.00
458.00
273.00
8.00
0.00
1.00
0.00
1.00
0.00
0.00
0.00
0.00
0.00
0.00
0.00
0.00
0.00
0.00
192.00
0.00
85.00
0.00
1.00
0.00
0.00
0.00
0.00
0.00
0.00
113.00
0.00
0.00
0.00
0.00
1.00
291.00
10.00
41.00
6.00
402.00
54.00
26.00
248.00
18.00
21.00
110.00
207.00
121.00
8.00
18.00
245.00
107.00
77.00
18.00
0.00
0.00
167.00
97.00
0.00
33.00
1.00
3.00
31.00
52.00
0.00
0.00
0.00
8.00
2.00
13.00
0.00
0.00
0.00
1.00
261.00
20.00
0.00
243.00
339.00
506.00
1.00
29.00
9.00
65.00
96.00
11.00
632.00
129.00
18.00
81.00
164.00
1.00
1.00
3.00
4.00
178.00
110.00
204.00
131.00
0.00
34.00
203.00
35.00
32.00
78.00
30.00
86.00
35.00
11.00
106.00
198.00
223.00
115.00
80.00
289.00
21.00
150.00
16.00
203.00
21.00
4.00
50.00
261.00
64.00
65.00
230.00
154.00
15.00
80.00
59.00
10.00
28.00
32.00
19.00
43.00
55.00
5.00
17.00
84.00
158.00
125.00
141.00
0.00
0.00
0.00
38.00
1.00
4.00
7.00
116.00
6.00
0.00
279.00
23.00
81.00
7.00
28.00
219.00
0.00
31.00
1.00
2.00
16.00
0.00
0.00
16.00
15.00
25.00
4.00
61.00
18.00
24.00
79.00
65.00
38.00
0.00
261.00
0.00
197.00
44.00
536.00
57.00
0.00
34.00
151.00
0.00
0.00
0.00
0.00
0.00
0.00
2.00
9.00
43.00
447.00
393.00
64.00
0.00
0.00
0.00
0.00
0.00
0.00
0.00
0.00
0.00
0.00
0.00
0.00
0.00
0.00
0.00
10.00
0.00
0.00
0.00
0.00
0.00
0.00
0.00
15.00
9.00
0.00
0.00
0.00
0.00
0.00
0.00
0.00
0.00
0.00
0.00
0.00
0.00
0.00
0.00
0.00
0.00
0.00
0.00
0.00
0.00
0.00
0.00
0.00
0.00
0.00
1.00
0.00
0.00
0.00
0.00
0.00
0.00
0.00
0.00
0.00
0.00
0.00
0.00
0.00
0.00
0.00
0.00
0.00
0.00
0.00
0.00
0.00
0.00
0.00
0.00
46.00
0.00
0.00
0.00
0.00
0.00
0.00
0.00
0.00
0.00
0.00
0.00
0.00
0.00
0.00
102.00
0.00
0.00
0.00
0.00
0.00
0.00
0.00
0.00
0.00
0.00
0.00
0.00
0.00
0.00
0.00
17.00
39.00
49.00
0.00
0.00
0.00
0.00
0.00
0.00
0.00
0.00
0.00
0.00
0.00
0.00
0.00
0.00
0.00
0.00
0.00
0.00
0.00
0.00
0.00
0.00
0.00
0.00
0.00
0.00
0.00
0.00
0.00
0.00
0.00
0.00
0.00
0.00
92.00
0.00
0.00
0.00
8.00
2.00
216.00
0.00
0.00
0.00
0.00
0.00
0.00
5.00
239.00
22.00
286.00
0.00
0.00
0.00
0.00
283.00
0.00
23.00
725.00
82.00
1.00
17.00
59.00
216.00
140.00
0.00
177.00
0.00
23.00
56.00
0.00
0.00
0.00
0.00
0.00
0.00
725.00
104.00
0.00
2.00
182.00
46.00
765.00
387.00
0.00
200.00
38.00
0.00
0.00
26.00
0.00
121.00
21.00
0.00
171.00
138.00
46.00
26.00
0.00
16.00
577.00
4.00
102.00
3.00
25.00
666.00
410.00
0.00
52.00
468.00
0.00
150.00
63.00
174.00
0.00
0.00
3.00
262.00
0.00
6.00
72.00
45.00
176.00
84.00
390.00
286.00
1.00
28.00
0.00
5.00
83.00
32.00
38.00
2.00
804.00
13.00
183.00
0.00
304.00
60.00
821.00
348.00
0.00
85.00
1.00
7.00
48.00
4.00
2.00
17.00
22.00
61.00
168.00
436.00
5.00
407.00
94.00
35.00
30.00
38.00
44.00
152.00
123.00
284.00
121.00
4.00
4.00
8.00
61.00
13.00
347.00
272.00
0.00
11.00
53.00
260.00
225.00
68.00
12.00
9.00
15.00
166.00
19.00
41.00
403.00
52.00
80.00
31.00
87.00
210.00
50.00
9.00
260.00
348.00
1079.00
508.00
241.00
116.00
27.00
53.00
54.00
8.00
10.00
54.00
113.00
252.00
15.00
1.00
9.00
457.00
95.00
25.00
343.00
25.00
173.00
209.00
201.00
114.00
1.00
28.00
18.00
77.00
173.00
178.00
1086.00
4.00
0.00
2.00
14.00
3.00
0.00
323.00
148.00
103.00
103.00
2.00
9.00
0.00
77.00
5.00
0.00
103.00
124.00
509.00
444.00
173.00
129.00
0.00
0.00
0.00
13.00
0.00
12.00
0.00
0.00
0.00
3.00
397.00
28.00
20.00
0.00
0.00
1.00
14.00
957.00
807.00
0.00
0.00
0.00
0.00
0.00
0.00
0.00
0.00
34.00
0.00
0.00
0.00
0.00
0.00
0.00
0.00
0.00
0.00
0.00
0.00
0.00
0.00
0.00
0.00
120.00
97.00
0.00
0.00
0.00
0.00
0.00
0.00
0.00
0.00
0.00
0.00
0.00
0.00
0.00
0.00
0.00
0.00
0.00
0.00
0.00
0.00
0.00
3.00
32.00
9.00
0.00
0.00
0.00
0.00
0.00
0.00
0.00
0.00
4.00
0.00
0.00
0.00
0.00
0.00
0.00
0.00
0.00
0.00
0.00
0.00
0.00
8.00
0.00
0.00
0.00
0.00
0.00
0.00
0.00
0.00
0.00
0.00
0.00
0.00
0.00
0.00
0.00
0.00
0.00
0.00
0.00
0.00
0.00
0.00
3.00
0.00
0.00
0.00
0.00
0.00
0.00
0.00
0.00
0.00
0.00
0.00
0.00
1.00
761.00
17.00
64.00
12.00
25.00
86.00
316.00
529.00
0.00
0.00
0.00
0.00
0.00
0.00
0.00
0.00
0.00
0.00
216.00
11.00
0.00
0.00
0.00
0.00
0.00
0.00
2.00
0.00
0.00
0.00
0.00
0.00
0.00
29.00
0.00
0.00
0.00
11.00
0.00
0.00
0.00
0.00
0.00
0.00
0.00
0.00
0.00
0.00
0.00
26.00
177.00
453.00
103.00
5.00
1.00
0.00
0.00
41.00
1.00
8.00
12.00
493.00
0.00
38.00
4.00
0.00
1.00
0.00
20.00
137.00
21.00
40.00
0.00
3.00
0.00
1.00
21.00
43.00
4.00
1.00
167.00
106.00
207.00
62.00
152.00
71.00
407.00
0.00
248.00
183.00
0.00
311.00
40.00
0.00
3.00
3.00
0.00
91.00
3.00
0.00
0.00
0.00
0.00
0.00
23.00
56.00
98.00
148.00
12.00
35.00
115.00
0.00
24.00
14.00
78.00
0.00
6.00
0.00
0.00
87.00
14.00
6.00
1.00
76.00
16.00
30.00
12.00
47.00
41.00
103.00
22.00
112.00
125.00
2.00
0.00
0.00
5.00
15.00
19.00
3.00
2.00
46.00
8.00
8.00
330.00
387.00
101.00
16.00
0.00
0.00
6.00
0.00
5.00
24.00
9.00
66.00
31.00
25.00
21.00
1.00
13.00
8.00
4.00
360.00
30.00
43.00
78.00
168.00
28.00
38.00
91.00
139.00
200.00
12.00
163.00
579.00
127.00
8.00
11.00
134.00
46.00
25.00
8.00
3.00
1.00
17.00
23.00
71.00
47.00
433.00
39.00
5.00
1.00
130.00
151.00
77.00
75.00
717.00
329.00
32.00
18.00
23.00
121.00
4.00
1.00
18.00
39.00
125.00
243.00
156.00
51.00
1.00
0.00
0.00
1.00
40.00
207.00
364.00
190.00
65.00
0.00
0.00
0.00
0.00
15.00
72.00
0.00
0.00
3.00
23.00
23.00
75.00
1.00
129.00
0.00
0.00
0.00
0.00
0.00
0.00
0.00
0.00
0.00
0.00
0.00
1.00
559.00
18.00
25.00
0.00
0.00
0.00
0.00
0.00
0.00
0.00
0.00
0.00
0.00
0.00
0.00
0.00
0.00
0.00
0.00
0.00
0.00
0.00
0.00
0.00
0.00
0.00
0.00
0.00
0.00
0.00
0.00
0.00
0.00
0.00
0.00
0.00
0.00
0.00
0.00
0.00
0.00
0.00
0.00
0.00
0.00
0.00
0.00
0.00
0.00
0.00
0.00
0.00
0.00
0.00
0.00
15.00
15.00
0.00
0.00
0.00
0.00
0.00
0.00
0.00
0.00
0.00
1.00
142.00
676.00
0.00
0.00
0.00
0.00
0.00
0.00
0.00
0.00
0.00
0.00
0.00
0.00
0.00
0.00
0.00
0.00
0.00
19.00
0.00
0.00
0.00
0.00
0.00
0.00
0.00
0.00
0.00
0.00
0.00
0.00
0.00
0.00
0.00
0.00
0.00
0.00
0.00
0.00
1.00
1.00
0.00
0.00
0.00
0.00
0.00
0.00
0.00
0.00
0.00
0.00
1.00
22.00
0.00
0.00
0.00
1.00
0.00
0.00
7.00
7.00
0.00
0.00
0.00
0.00
0.00
0.00
0.00
2.10
3.90
0.00
26.70
9.90
0.00
0.00
0.00
1.80
0.00
0.00
0.00
0.00
0.00
0.00
0.00
0.00
0.00
0.30
0.70
0.00
0.60
4.40
0.00
0.00
0.00
0.00
0.00
0.00
0.00
21.40
0.00
0.00
61.90
2.00
69.90
1.10
13.70
0.00
10.80
28.90
8.70
0.10
1.50
28.10
0.00
0.10
0.00
7.40
4.10
29.00
12.60
0.00
0.00
0.00
0.00
2.70
0.00
0.00
0.00
0.00
6.70
0.70
8.80
0.00
13.50
13.50
7.10
63.00
55.20
0.00
0.00
0.00
0.00
0.30
10.10
43.50
1.10
10.50
1.30
29.10
0.00
37.20
44.70
7.20
7.20
0.90
35.40
35.40
9.60
1.10
4.70
61.70
3.30
3.30
13.80
17.90
15.50
28.40
8.60
0.00
0.00
0.00
0.10
0.00
0.00
0.20
20.20
1.40
8.20
5.60
16.00
64.30
5.40
0.00
3.60
10.60
8.70
0.00
0.00
0.00
26.60
72.30
55.50
12.40
0.00
0.30
5.00
0.30
0.00
4.20
4.00
11.00
7.50
38.40
221.60
221.60
59.50
59.50
25.10
0.10
0.10
3.20
0.30
0.10
0.10
0.10
0.10
26.50
105.90
19.80
2.50
23.80
10.30
2.00
16.10
6.30
6.20
2.00
2.30
2.00
17.70
14.70
13.30
11.40
5.90
0.50
2.80
8.80
44.30
25.60
19.90
20.50
6.60
1.20
0.40
0.00
0.00
0.00
74.50
17.20
5.30
0.90
0.00
0.10
3.60
0.60
3.70
8.90
1.80
4.60
8.20
7.20
0.80
2.60
2.40
3.20
31.60
12.10
0.50
1.20
30.50
1.90
17.00
49.60
23.90
0.00
0.00
0.50
0.10
16.30
17.40
22.60
26.20
0.00
1.60
21.90
17.30
114.90
114.90
0.00
0.00
0.00
4.20
3.30
90.60
31.20
13.90
0.00
0.00
0.00
0.00
0.00
0.00
0.20
0.00
0.00
0.00
0.00
3.20
0.20
0.00
0.20
21.30
72.50
