20160101
0.00
0.00
0.00
0.00
0.00
0.00
0.00
0.00
0.00
0.00
0.00
0.00
0.00
0.00
0.00
0.00
0.00
0.00
64.00
89.00
0.00
0.00
0.00
0.00
0.00
0.00
0.00
0.00
0.00
0.00
0.00
0.00
0.00
0.00
0.00
0.00
0.00
0.00
2.00
0.00
0.00
0.00
0.00
0.00
0.00
0.00
0.00
0.00
0.00
0.00
7.00
0.00
0.00
0.00
0.00
0.00
4.00
0.00
0.00
0.00
0.00
0.00
20.00
1.00
0.00
32.00
0.00
0.00
0.00
0.00
0.00
0.00
17.00
38.00
0.00
0.00
0.00
0.00
5.00
46.00
6.00
0.00
0.00
0.00
0.00
0.00
454.00
182.00
12.00
20.00
270.00
11.00
0.00
0.00
19.00
298.00
3.00
26.00
0.00
4.00
0.00
0.00
0.00
0.00
9.00
1.00
185.00
157.00
267.00
74.00
83.00
54.00
0.00
13.00
0.00
4.00
212.00
77.00
145.00
10.00
36.00
199.00
12.00
25.00
83.00
149.00
71.00
390.00
0.00
38.00
103.00
7.00
166.00
478.00
133.00
772.00
7.00
381.00
224.00
119.00
50.00
72.00
34.00
11.00
46.00
43.00
0.00
17.00
1.00
2.00
1.00
200.00
0.00
107.00
2.00
31.00
6.00
83.00
1.00
0.00
10.00
81.00
1.00
2.00
0.00
97.00
168.00
100.00
15.00
25.00
48.00
65.00
326.00
214.00
257.00
425.00
57.00
173.00
123.00
3.00
23.00
1.00
95.00
227.00
272.00
357.00
156.00
14.00
0.00
222.00
107.00
56.00
14.00
10.00
28.00
117.00
89.00
385.00
148.00
89.00
233.00
295.00
584.00
56.00
265.00
85.00
475.00
30.00
9.00
119.00
236.00
159.00
113.00
164.00
137.00
26.00
142.00
161.00
30.00
161.00
113.00
126.00
125.00
13.00
89.00
22.00
363.00
83.00
26.00
18.00
60.00
0.00
2.00
24.00
2.00
50.00
63.00
415.00
50.00
3.00
161.00
27.00
101.00
200.00
153.00
292.00
75.00
98.00
3.00
3.00
0.00
0.00
0.00
107.00
35.00
34.00
58.00
288.00
66.00
16.00
3.00
161.00
173.00
0.00
27.00
174.00
21.00
34.00
256.00
68.00
42.00
26.00
41.00
0.00
27.00
30.00
309.00
28.00
225.00
0.00
144.00
221.00
199.00
697.00
115.00
0.00
0.00
0.00
0.00
0.00
0.00
0.00
0.00
0.00
0.00
0.00
0.00
0.00
0.00
0.00
178.00
0.00
0.00
0.00
0.00
0.00
0.00
7.00
13.00
36.00
0.00
0.00
0.00
0.00
0.00
0.00
0.00
0.00
0.00
0.00
0.00
0.00
0.00
0.00
0.00
0.00
0.00
0.00
0.00
0.00
0.00
0.00
0.00
0.00
0.00
2.00
0.00
0.00
0.00
0.00
0.00
0.00
0.00
0.00
0.00
0.00
0.00
0.00
0.00
0.00
0.00
0.00
0.00
0.00
0.00
0.00
0.00
0.00
0.00
0.00
145.00
0.00
0.00
0.00
0.00
0.00
0.00
0.00
0.00
1.00
0.00
0.00
0.00
0.00
0.00
16.00
0.00
0.00
0.00
0.00
0.00
0.00
0.00
0.00
0.00
0.00
0.00
0.00
0.00
0.00
0.00
4.00
0.00
33.00
0.00
0.00
0.00
0.00
0.00
0.00
0.00
0.00
0.00
0.00
0.00
0.00
0.00
0.00
0.00
0.00
0.00
0.00
0.00
0.00
0.00
0.00
0.00
0.00
2.00
0.00
0.00
0.00
0.00
0.00
0.00
0.00
0.00
0.00
6.00
0.00
0.00
0.00
28.00
4.00
90.00
0.00
0.00
0.00
0.00
0.00
0.00
1.00
135.00
42.00
108.00
0.00
0.00
0.00
0.00
307.00
14.00
55.00
5.00
9.00
118.00
137.00
479.00
694.00
523.00
4.00
38.00
0.00
13.00
3.00
0.00
0.00
0.00
0.00
1.00
0.00
155.00
53.00
0.00
65.00
489.00
85.00
812.00
505.00
0.00
68.00
0.00
23.00
0.00
271.00
0.00
139.00
11.00
0.00
126.00
136.00
106.00
319.00
6.00
19.00
111.00
0.00
54.00
12.00
12.00
223.00
367.00
43.00
20.00
329.00
178.00
110.00
30.00
162.00
182.00
187.00
818.00
209.00
2.00
7.00
108.00
182.00
195.00
53.00
200.00
49.00
0.00
46.00
0.00
3.00
28.00
196.00
458.00
12.00
1332.00
632.00
397.00
16.00
351.00
31.00
179.00
99.00
0.00
184.00
273.00
1.00
115.00
34.00
16.00
40.00
59.00
79.00
165.00
630.00
68.00
1069.00
314.00
74.00
71.00
92.00
128.00
161.00
189.00
51.00
115.00
37.00
57.00
225.00
110.00
93.00
185.00
83.00
65.00
0.00
89.00
117.00
32.00
110.00
2.00
33.00
35.00
139.00
22.00
1.00
51.00
59.00
111.00
101.00
125.00
34.00
191.00
6.00
256.00
874.00
2203.00
873.00
316.00
127.00
23.00
58.00
95.00
31.00
11.00
162.00
51.00
172.00
169.00
2.00
1.00
658.00
158.00
25.00
0.00
57.00
95.00
107.00
279.00
105.00
5.00
108.00
0.00
11.00
267.00
218.00
661.00
119.00
103.00
0.00
28.00
7.00
1.00
266.00
156.00
279.00
246.00
48.00
3.00
8.00
92.00
1.00
7.00
92.00
239.00
450.00
355.00
10.00
10.00
9.00
12.00
81.00
29.00
16.00
50.00
4.00
0.00
9.00
52.00
671.00
215.00
0.00
0.00
0.00
10.00
15.00
728.00
1140.00
11.00
0.00
0.00
0.00
0.00
0.00
0.00
0.00
16.00
0.00
0.00
0.00
0.00
0.00
0.00
0.00
0.00
0.00
0.00
0.00
0.00
0.00
0.00
4.00
142.00
56.00
1.00
0.00
0.00
0.00
0.00
0.00
0.00
0.00
0.00
0.00
0.00
0.00
0.00
0.00
0.00
0.00
0.00
0.00
0.00
0.00
0.00
2.00
64.00
1.00
0.00
0.00
0.00
0.00
0.00
0.00
0.00
0.00
7.00
0.00
0.00
0.00
0.00
0.00
0.00
0.00
0.00
0.00
0.00
0.00
0.00
0.00
0.00
0.00
0.00
0.00
0.00
0.00
0.00
0.00
0.00
0.00
0.00
0.00
0.00
0.00
0.00
0.00
0.00
0.00
0.00
0.00
0.00
0.00
0.00
0.00
0.00
0.00
0.00
0.00
0.00
0.00
0.00
0.00
0.00
0.00
0.00
14.00
117.00
12.00
1.00
9.00
1.00
0.00
16.00
64.00
0.00
0.00
0.00
0.00
0.00
0.00
0.00
0.00
0.00
0.00
332.00
15.00
0.00
0.00
0.00
0.00
0.00
0.00
0.00
0.00
0.00
0.00
0.00
0.00
0.00
48.00
1.00
0.00
2.00
1.00
0.00
0.00
0.00
0.00
0.00
0.00
0.00
2.00
0.00
0.00
0.00
7.00
333.00
272.00
137.00
17.00
0.00
263.00
25.00
77.00
4.00
49.00
61.00
124.00
0.00
150.00
40.00
198.00
20.00
0.00
34.00
2.00
0.00
1.00
22.00
39.00
0.00
15.00
3.00
5.00
62.00
1.00
34.00
5.00
68.00
26.00
302.00
0.00
213.00
3.00
124.00
265.00
37.00
256.00
249.00
13.00
25.00
6.00
0.00
185.00
0.00
0.00
0.00
0.00
0.00
0.00
0.00
75.00
52.00
119.00
47.00
247.00
69.00
0.00
8.00
17.00
45.00
0.00
1.00
45.00
23.00
0.00
3.00
2.00
197.00
142.00
92.00
4.00
58.00
872.00
722.00
117.00
95.00
188.00
5.00
39.00
2.00
0.00
3.00
3.00
53.00
37.00
1.00
38.00
29.00
45.00
348.00
316.00
259.00
90.00
10.00
0.00
27.00
6.00
9.00
8.00
26.00
109.00
28.00
154.00
70.00
76.00
23.00
16.00
94.00
310.00
89.00
4.00
112.00
142.00
6.00
14.00
99.00
68.00
102.00
201.00
66.00
171.00
267.00
13.00
92.00
56.00
68.00
70.00
29.00
19.00
0.00
10.00
131.00
121.00
119.00
369.00
45.00
47.00
13.00
154.00
90.00
143.00
127.00
70.00
104.00
102.00
75.00
98.00
132.00
3.00
4.00
53.00
64.00
273.00
105.00
213.00
165.00
1.00
0.00
0.00
0.00
44.00
965.00
334.00
6.00
75.00
0.00
18.00
11.00
0.00
31.00
92.00
8.00
2.00
1.00
28.00
7.00
0.00
0.00
7.00
26.00
0.00
0.00
0.00
0.00
0.00
0.00
0.00
0.00
0.00
0.00
4.00
167.00
32.00
1.00
0.00
0.00
0.00
0.00
0.00
0.00
0.00
0.00
0.00
0.00
0.00
0.00
0.00
0.00
0.00
0.00
19.00
0.00
0.00
0.00
0.00
18.00
0.00
0.00
0.00
0.00
0.00
0.00
0.00
0.00
0.00
0.00
0.00
0.00
0.00
0.00
0.00
0.00
0.00
0.00
0.00
0.00
0.00
0.00
0.00
0.00
0.00
0.00
0.00
0.00
0.00
0.00
31.00
0.00
0.00
0.00
0.00
0.00
0.00
0.00
0.00
0.00
0.00
5.00
232.00
1164.00
0.00
0.00
0.00
0.00
0.00
0.00
0.00
0.00
0.00
0.00
0.00
0.00
0.00
0.00
0.00
0.00
0.00
0.00
0.00
0.00
0.00
0.00
0.00
0.00
0.00
0.00
0.00
0.00
0.00
0.00
0.00
0.00
0.00
0.00
0.00
0.00
0.00
0.00
0.00
0.00
0.00
0.00
0.00
0.00
0.00
0.00
0.00
0.00
0.00
0.00
0.00
60.00
0.00
0.00
0.00
0.00
0.00
0.00
5.00
19.00
0.00
0.00
0.00
0.00
0.00
0.00
0.00
2.00
7.10
0.00
65.90
4.40
0.00
0.00
0.50
0.00
0.00
0.00
0.00
0.00
0.00
0.00
0.00
0.00
0.00
0.00
0.30
0.00
0.00
9.30
0.00
0.00
0.00
0.00
0.00
0.00
0.00
21.80
2.60
0.00
33.30
6.20
186.20
4.40
7.60
0.00
25.40
20.30
12.90
5.80
4.10
24.70
0.20
0.00
0.00
2.70
3.20
20.90
34.40
0.00
0.00
1.30
2.20
10.00
0.20
0.00
0.00
0.00
0.50
0.00
25.20
4.90
2.90
2.90
2.00
63.30
111.10
0.00
0.00
82.60
0.10
2.60
92.30
72.00
38.70
25.20
7.90
19.50
0.50
37.20
27.70
0.70
0.70
6.30
23.50
23.50
26.60
0.40
8.60
22.30
4.20
11.20
25.50
4.10
1.40
8.80
28.90
1.10
0.00
0.10
0.20
0.10
0.00
0.10
1.10
0.00
2.90
6.50
1.20
74.90
2.90
0.00
8.70
30.10
38.40
1.80
0.30
0.30
22.30
190.10
99.80
36.80
1.20
0.40
1.50
0.50
1.30
2.60
6.00
13.80
42.30
92.70
212.40
212.40
57.70
57.70
37.90
0.90
0.90
2.10
0.00
0.90
0.90
0.90
0.90
34.50
108.90
13.80
10.60
11.30
2.90
4.30
0.00
2.00
15.20
13.60
16.60
2.90
60.30
24.70
12.30
19.20
1.90
1.80
8.20
6.50
37.10
6.30
7.20
6.70
0.70
0.70
1.60
0.00
1.10
4.60
68.80
32.90
26.30
2.10
0.70
2.50
12.80
9.40
14.60
7.20
7.20
8.70
34.10
4.90
0.30
10.70
3.20
0.50
5.90
6.00
3.60
27.00
38.10
6.50
9.00
18.90
7.70
0.00
0.00
0.10
1.70
9.20
9.80
15.20
35.80
0.10
26.50
32.90
12.70
85.10
85.10
8.30
0.20
3.20
0.50
2.00
24.00
24.40
4.90
0.00
0.00
0.00
0.00
0.00
0.00
0.20
0.00
0.00
0.00
0.20
2.60
0.00
0.30
1.80
20.20
109.10
