20160101
0.00
0.00
0.00
0.00
0.00
0.00
0.00
0.00
23.00
0.00
0.00
0.00
5.00
0.00
0.00
0.00
0.00
0.00
2.00
234.00
0.00
0.00
0.00
0.00
0.00
3.00
70.00
0.00
0.00
0.00
0.00
0.00
0.00
0.00
0.00
0.00
5.00
4.00
3.00
0.00
0.00
0.00
0.00
0.00
0.00
0.00
0.00
0.00
0.00
0.00
0.00
2.00
0.00
0.00
0.00
0.00
11.00
125.00
192.00
7.00
0.00
0.00
0.00
39.00
1.00
33.00
0.00
3.00
1.00
0.00
0.00
0.00
14.00
9.00
1.00
0.00
2.00
0.00
0.00
8.00
0.00
0.00
0.00
0.00
1.00
0.00
306.00
203.00
3.00
11.00
174.00
29.00
0.00
0.00
20.00
466.00
7.00
82.00
0.00
23.00
0.00
0.00
0.00
22.00
224.00
61.00
430.00
170.00
136.00
145.00
277.00
34.00
6.00
350.00
41.00
36.00
189.00
112.00
330.00
46.00
204.00
78.00
106.00
97.00
41.00
49.00
27.00
138.00
5.00
62.00
64.00
42.00
63.00
213.00
25.00
333.00
96.00
240.00
191.00
36.00
52.00
376.00
3.00
24.00
135.00
1.00
1.00
0.00
10.00
30.00
1.00
68.00
80.00
21.00
1.00
116.00
44.00
147.00
22.00
35.00
17.00
51.00
121.00
62.00
9.00
49.00
28.00
189.00
71.00
0.00
18.00
54.00
85.00
435.00
74.00
3.00
44.00
62.00
120.00
11.00
100.00
62.00
100.00
46.00
58.00
129.00
9.00
3.00
96.00
97.00
143.00
45.00
46.00
0.00
1.00
16.00
20.00
82.00
46.00
183.00
244.00
446.00
140.00
103.00
70.00
37.00
362.00
16.00
79.00
183.00
24.00
72.00
35.00
67.00
0.00
16.00
225.00
151.00
53.00
14.00
209.00
0.00
4.00
5.00
57.00
63.00
128.00
106.00
40.00
54.00
24.00
0.00
3.00
80.00
0.00
22.00
0.00
172.00
8.00
45.00
93.00
68.00
53.00
53.00
238.00
330.00
6.00
2.00
9.00
51.00
0.00
3.00
11.00
97.00
220.00
37.00
65.00
55.00
34.00
104.00
143.00
196.00
144.00
124.00
41.00
62.00
32.00
11.00
173.00
1.00
95.00
52.00
4.00
71.00
14.00
107.00
7.00
50.00
115.00
0.00
2.00
56.00
32.00
524.00
69.00
41.00
0.00
0.00
0.00
0.00
0.00
0.00
0.00
0.00
0.00
0.00
0.00
0.00
0.00
0.00
315.00
0.00
0.00
78.00
0.00
0.00
0.00
1.00
38.00
190.00
13.00
0.00
0.00
0.00
0.00
0.00
0.00
0.00
0.00
0.00
0.00
0.00
0.00
0.00
0.00
0.00
0.00
0.00
0.00
0.00
0.00
0.00
0.00
0.00
0.00
14.00
0.00
0.00
0.00
0.00
0.00
0.00
0.00
0.00
0.00
2.00
0.00
0.00
0.00
0.00
0.00
4.00
0.00
0.00
0.00
0.00
2.00
0.00
1.00
0.00
0.00
0.00
0.00
0.00
0.00
0.00
0.00
13.00
11.00
1.00
3.00
0.00
0.00
0.00
0.00
46.00
0.00
0.00
0.00
0.00
0.00
0.00
0.00
0.00
0.00
0.00
0.00
0.00
0.00
0.00
0.00
0.00
9.00
2.00
0.00
0.00
0.00
0.00
0.00
0.00
0.00
0.00
0.00
0.00
0.00
0.00
0.00
0.00
0.00
0.00
0.00
0.00
0.00
0.00
0.00
0.00
0.00
0.00
0.00
0.00
0.00
0.00
0.00
0.00
0.00
0.00
0.00
0.00
0.00
10.00
0.00
0.00
116.00
0.00
235.00
1.00
0.00
0.00
0.00
0.00
0.00
1.00
324.00
63.00
162.00
0.00
0.00
0.00
0.00
116.00
47.00
13.00
6.00
87.00
187.00
334.00
477.00
435.00
1227.00
383.00
18.00
0.00
75.00
21.00
0.00
0.00
0.00
0.00
22.00
152.00
247.00
0.00
0.00
0.00
237.00
46.00
121.00
8.00
0.00
8.00
51.00
131.00
6.00
92.00
7.00
287.00
14.00
0.00
40.00
79.00
219.00
577.00
1.00
46.00
41.00
5.00
43.00
68.00
25.00
29.00
171.00
27.00
1.00
71.00
65.00
92.00
23.00
54.00
21.00
199.00
383.00
140.00
8.00
15.00
92.00
282.00
28.00
94.00
263.00
31.00
0.00
12.00
4.00
51.00
27.00
254.00
396.00
136.00
259.00
97.00
161.00
0.00
496.00
326.00
106.00
38.00
11.00
73.00
434.00
45.00
219.00
8.00
47.00
8.00
48.00
33.00
325.00
144.00
2.00
41.00
188.00
81.00
62.00
11.00
36.00
103.00
102.00
44.00
73.00
4.00
49.00
198.00
44.00
32.00
81.00
112.00
12.00
117.00
33.00
222.00
25.00
49.00
15.00
18.00
37.00
93.00
31.00
26.00
54.00
25.00
58.00
146.00
42.00
25.00
39.00
30.00
92.00
697.00
706.00
950.00
461.00
132.00
27.00
14.00
203.00
130.00
0.00
67.00
55.00
57.00
17.00
22.00
84.00
169.00
50.00
66.00
12.00
41.00
31.00
23.00
386.00
345.00
5.00
6.00
0.00
3.00
61.00
268.00
75.00
7.00
10.00
34.00
38.00
0.00
0.00
258.00
33.00
206.00
61.00
24.00
22.00
145.00
122.00
21.00
10.00
47.00
134.00
127.00
508.00
34.00
12.00
36.00
41.00
7.00
50.00
2.00
20.00
0.00
72.00
28.00
58.00
8.00
73.00
3.00
0.00
0.00
11.00
107.00
446.00
1022.00
0.00
0.00
0.00
0.00
0.00
0.00
0.00
2.00
141.00
0.00
0.00
0.00
0.00
0.00
0.00
0.00
0.00
0.00
2.00
0.00
0.00
0.00
0.00
1.00
339.00
69.00
6.00
11.00
0.00
0.00
0.00
0.00
0.00
0.00
0.00
0.00
0.00
0.00
0.00
0.00
0.00
0.00
0.00
0.00
0.00
0.00
9.00
1.00
72.00
95.00
0.00
0.00
0.00
0.00
0.00
0.00
0.00
3.00
18.00
13.00
0.00
0.00
0.00
0.00
0.00
0.00
0.00
0.00
0.00
0.00
3.00
230.00
3.00
126.00
0.00
0.00
0.00
0.00
0.00
0.00
0.00
9.00
0.00
0.00
0.00
0.00
0.00
0.00
0.00
0.00
0.00
0.00
0.00
0.00
0.00
0.00
0.00
0.00
0.00
0.00
0.00
0.00
0.00
0.00
0.00
4.00
20.00
33.00
65.00
9.00
0.00
10.00
38.00
7.00
13.00
43.00
0.00
0.00
0.00
0.00
0.00
5.00
0.00
0.00
0.00
0.00
325.00
279.00
0.00
0.00
0.00
0.00
0.00
0.00
0.00
0.00
0.00
0.00
0.00
0.00
13.00
21.00
32.00
3.00
3.00
14.00
11.00
0.00
0.00
0.00
0.00
0.00
0.00
1.00
0.00
14.00
5.00
0.00
242.00
225.00
168.00
130.00
18.00
267.00
2.00
190.00
7.00
63.00
24.00
32.00
172.00
71.00
84.00
179.00
18.00
9.00
230.00
66.00
23.00
1.00
84.00
33.00
12.00
0.00
5.00
17.00
86.00
24.00
530.00
27.00
207.00
126.00
89.00
10.00
62.00
10.00
150.00
165.00
82.00
274.00
127.00
105.00
175.00
37.00
1.00
56.00
0.00
0.00
0.00
0.00
0.00
0.00
1.00
12.00
177.00
493.00
169.00
34.00
142.00
0.00
28.00
24.00
15.00
0.00
14.00
31.00
222.00
42.00
77.00
13.00
47.00
88.00
31.00
664.00
508.00
628.00
106.00
4.00
223.00
0.00
27.00
0.00
35.00
16.00
53.00
71.00
15.00
16.00
19.00
2.00
1.00
5.00
115.00
248.00
374.00
504.00
11.00
1.00
37.00
3.00
2.00
0.00
95.00
49.00
13.00
120.00
60.00
83.00
38.00
2.00
10.00
126.00
79.00
4.00
55.00
98.00
45.00
6.00
32.00
20.00
51.00
29.00
138.00
84.00
2.00
1.00
1.00
243.00
42.00
224.00
86.00
122.00
2.00
44.00
299.00
69.00
67.00
44.00
270.00
41.00
4.00
34.00
95.00
1.00
3.00
19.00
126.00
91.00
106.00
7.00
7.00
0.00
0.00
59.00
40.00
37.00
62.00
76.00
0.00
0.00
0.00
3.00
24.00
180.00
153.00
168.00
68.00
7.00
40.00
0.00
16.00
12.00
12.00
19.00
3.00
1.00
33.00
40.00
11.00
5.00
1.00
0.00
0.00
0.00
0.00
0.00
0.00
0.00
0.00
0.00
0.00
0.00
0.00
14.00
14.00
30.00
61.00
0.00
0.00
0.00
0.00
0.00
0.00
0.00
0.00
0.00
0.00
0.00
0.00
0.00
0.00
14.00
42.00
7.00
0.00
0.00
0.00
0.00
0.00
0.00
0.00
0.00
0.00
0.00
0.00
0.00
0.00
0.00
0.00
0.00
0.00
0.00
0.00
0.00
0.00
0.00
0.00
0.00
0.00
0.00
0.00
0.00
14.00
0.00
0.00
0.00
0.00
0.00
0.00
2.00
0.00
0.00
0.00
0.00
0.00
0.00
0.00
0.00
0.00
0.00
76.00
463.00
411.00
0.00
0.00
0.00
0.00
0.00
0.00
0.00
0.00
0.00
0.00
0.00
0.00
0.00
0.00
0.00
0.00
0.00
0.00
0.00
0.00
0.00
0.00
0.00
0.00
0.00
0.00
0.00
0.00
0.00
0.00
0.00
0.00
0.00
0.00
0.00
0.00
0.00
0.00
1.00
1.00
0.00
0.00
0.00
0.00
0.00
0.00
0.00
0.00
0.00
0.00
0.00
28.00
1.00
0.00
0.00
0.00
3.00
0.00
1.00
37.00
0.00
0.00
0.00
0.00
0.00
0.00
0.00
0.60
30.30
4.10
74.40
46.70
0.00
0.80
0.80
0.00
0.00
0.00
0.00
0.00
0.00
0.00
0.00
0.00
0.00
0.90
9.50
0.10
0.00
15.70
1.30
0.00
0.00
1.60
0.00
0.00
0.00
2.80
21.10
0.00
0.20
1.00
192.80
14.50
49.80
0.20
4.60
30.80
31.60
8.80
4.40
30.20
0.10
0.00
0.10
1.70
6.30
18.50
22.50
3.10
0.00
0.20
2.80
12.80
2.80
30.60
7.00
3.50
0.00
0.30
6.50
11.30
13.80
13.80
4.60
23.20
125.00
0.00
0.00
26.40
25.50
13.40
49.00
27.70
25.90
16.50
3.60
8.10
2.20
20.20
14.40
0.00
0.00
11.20
14.70
14.70
10.90
4.40
7.30
0.40
1.80
4.20
8.70
6.90
1.70
7.70
18.40
6.60
0.00
0.00
5.50
2.30
10.00
0.10
0.70
0.80
3.40
14.80
2.30
27.90
16.10
0.30
13.80
6.50
2.10
1.90
0.10
1.10
13.30
91.20
88.50
123.00
5.60
1.10
4.60
0.80
0.60
13.30
27.80
19.80
11.40
58.50
118.00
118.00
67.50
67.50
14.70
6.60
6.60
2.00
0.30
6.60
6.60
6.60
1.40
18.70
6.50
1.90
9.60
13.60
3.90
8.20
0.60
15.20
5.70
1.90
18.70
3.70
0.90
0.10
10.90
19.10
3.10
1.00
6.90
0.10
16.90
1.10
3.10
1.20
1.70
0.00
0.00
1.90
0.80
0.10
13.50
11.90
6.30
2.20
0.20
9.30
3.50
0.20
10.70
10.70
2.50
7.30
8.00
10.70
2.50
7.60
11.90
0.30
3.60
4.20
9.70
19.50
17.00
7.10
5.90
2.80
2.10
2.60
0.30
3.10
7.20
10.50
7.50
5.20
22.70
2.50
10.40
19.60
9.10
9.70
9.70
22.70
2.30
0.50
3.10
6.30
4.50
8.80
3.30
0.10
0.00
0.00
0.00
0.10
0.10
0.00
0.10
0.80
7.10
0.50
4.80
0.70
0.20
2.30
5.50
29.40
