20160101
0.00
0.00
0.00
0.00
0.00
0.00
0.00
0.00
8.00
0.00
0.00
0.00
5.00
0.00
0.00
0.00
0.00
0.00
0.00
152.00
0.00
0.00
0.00
0.00
0.00
1.00
0.00
0.00
0.00
0.00
0.00
0.00
0.00
0.00
0.00
0.00
0.00
8.00
4.00
0.00
0.00
0.00
0.00
0.00
0.00
0.00
0.00
0.00
0.00
0.00
2.00
11.00
0.00
6.00
47.00
0.00
0.00
0.00
108.00
0.00
0.00
0.00
0.00
1.00
1.00
73.00
0.00
0.00
0.00
0.00
0.00
0.00
102.00
2.00
0.00
0.00
0.00
0.00
14.00
1.00
7.00
0.00
0.00
0.00
0.00
0.00
84.00
437.00
219.00
272.00
186.00
1.00
1.00
4.00
13.00
183.00
72.00
188.00
80.00
1.00
0.00
32.00
572.00
96.00
487.00
287.00
485.00
116.00
184.00
306.00
108.00
73.00
67.00
1608.00
427.00
17.00
132.00
171.00
393.00
207.00
488.00
125.00
20.00
14.00
48.00
17.00
21.00
10.00
4.00
8.00
0.00
135.00
33.00
112.00
18.00
379.00
1332.00
840.00
241.00
52.00
48.00
540.00
1.00
0.00
2.00
3.00
29.00
44.00
27.00
0.00
1.00
105.00
0.00
0.00
0.00
88.00
11.00
341.00
480.00
158.00
5.00
187.00
30.00
11.00
1.00
0.00
52.00
90.00
254.00
3.00
0.00
16.00
12.00
4.00
79.00
1.00
65.00
176.00
115.00
33.00
14.00
21.00
44.00
173.00
94.00
126.00
15.00
8.00
23.00
10.00
379.00
36.00
41.00
5.00
1.00
0.00
0.00
8.00
13.00
8.00
9.00
12.00
40.00
30.00
79.00
39.00
105.00
5.00
15.00
145.00
14.00
302.00
4.00
18.00
0.00
0.00
68.00
120.00
49.00
9.00
67.00
4.00
3.00
13.00
78.00
38.00
230.00
23.00
3.00
32.00
1.00
1.00
190.00
62.00
0.00
6.00
0.00
258.00
0.00
82.00
86.00
22.00
91.00
320.00
141.00
35.00
314.00
0.00
307.00
195.00
33.00
0.00
49.00
43.00
25.00
20.00
133.00
71.00
0.00
103.00
28.00
1.00
89.00
20.00
174.00
37.00
78.00
15.00
316.00
51.00
37.00
610.00
4.00
26.00
0.00
50.00
0.00
3.00
4.00
4.00
192.00
95.00
118.00
79.00
19.00
17.00
0.00
0.00
0.00
0.00
0.00
0.00
0.00
0.00
0.00
0.00
0.00
0.00
0.00
0.00
39.00
0.00
8.00
0.00
0.00
0.00
0.00
8.00
90.00
354.00
405.00
16.00
0.00
0.00
0.00
0.00
0.00
0.00
0.00
0.00
0.00
0.00
0.00
0.00
0.00
0.00
0.00
0.00
0.00
0.00
0.00
0.00
0.00
0.00
0.00
25.00
0.00
0.00
0.00
0.00
0.00
0.00
0.00
0.00
0.00
0.00
0.00
0.00
0.00
0.00
0.00
0.00
0.00
0.00
0.00
0.00
0.00
0.00
0.00
0.00
61.00
0.00
0.00
0.00
0.00
0.00
0.00
0.00
0.00
8.00
0.00
0.00
0.00
0.00
0.00
0.00
0.00
0.00
0.00
0.00
0.00
0.00
0.00
0.00
0.00
4.00
0.00
0.00
0.00
0.00
0.00
0.00
30.00
0.00
0.00
0.00
0.00
0.00
0.00
0.00
0.00
0.00
0.00
0.00
0.00
0.00
0.00
0.00
0.00
0.00
0.00
0.00
0.00
0.00
0.00
0.00
36.00
419.00
497.00
0.00
0.00
0.00
0.00
0.00
0.00
0.00
0.00
9.00
4.00
260.00
0.00
0.00
107.00
3.00
606.00
37.00
0.00
0.00
0.00
0.00
0.00
131.00
325.00
19.00
127.00
0.00
0.00
0.00
0.00
66.00
3.00
48.00
13.00
295.00
233.00
751.00
1323.00
1466.00
1035.00
189.00
0.00
1.00
122.00
77.00
75.00
4.00
0.00
0.00
0.00
0.00
196.00
7.00
0.00
51.00
258.00
33.00
131.00
0.00
0.00
1.00
235.00
199.00
150.00
237.00
51.00
252.00
19.00
0.00
4.00
16.00
334.00
346.00
4.00
13.00
14.00
0.00
3.00
29.00
64.00
88.00
81.00
14.00
0.00
85.00
111.00
159.00
91.00
17.00
2.00
140.00
236.00
164.00
3.00
32.00
178.00
814.00
77.00
440.00
437.00
274.00
0.00
0.00
11.00
0.00
61.00
186.00
264.00
883.00
134.00
148.00
0.00
19.00
100.00
1074.00
504.00
254.00
1.00
317.00
14.00
129.00
541.00
178.00
14.00
61.00
64.00
83.00
230.00
14.00
4.00
54.00
220.00
297.00
31.00
18.00
43.00
75.00
204.00
19.00
33.00
7.00
8.00
148.00
29.00
6.00
49.00
192.00
0.00
4.00
47.00
66.00
7.00
16.00
9.00
10.00
90.00
80.00
132.00
35.00
0.00
25.00
83.00
78.00
58.00
29.00
45.00
14.00
9.00
160.00
718.00
416.00
22.00
15.00
80.00
68.00
117.00
64.00
0.00
24.00
27.00
8.00
0.00
1.00
292.00
127.00
4.00
29.00
10.00
1.00
82.00
232.00
4.00
177.00
26.00
0.00
0.00
4.00
108.00
147.00
211.00
17.00
0.00
39.00
196.00
127.00
32.00
100.00
1.00
152.00
84.00
1.00
0.00
26.00
212.00
0.00
105.00
286.00
549.00
43.00
125.00
205.00
10.00
1.00
4.00
14.00
71.00
1.00
171.00
5.00
13.00
0.00
179.00
64.00
52.00
14.00
0.00
1.00
12.00
271.00
456.00
1305.00
0.00
0.00
0.00
0.00
0.00
0.00
0.00
273.00
1021.00
0.00
0.00
0.00
0.00
0.00
0.00
0.00
0.00
0.00
0.00
0.00
0.00
0.00
0.00
14.00
323.00
33.00
5.00
0.00
0.00
0.00
0.00
0.00
0.00
0.00
0.00
0.00
0.00
0.00
0.00
0.00
0.00
12.00
0.00
0.00
0.00
5.00
0.00
15.00
498.00
40.00
0.00
0.00
0.00
0.00
0.00
0.00
0.00
0.00
78.00
0.00
0.00
0.00
0.00
0.00
0.00
0.00
0.00
0.00
0.00
0.00
147.00
246.00
7.00
113.00
0.00
0.00
0.00
0.00
0.00
0.00
0.00
0.00
2.00
0.00
0.00
0.00
0.00
0.00
0.00
0.00
0.00
0.00
0.00
0.00
0.00
0.00
0.00
0.00
0.00
0.00
0.00
0.00
0.00
0.00
0.00
0.00
0.00
0.00
2.00
0.00
0.00
24.00
22.00
0.00
1.00
0.00
0.00
0.00
0.00
0.00
0.00
0.00
0.00
0.00
0.00
0.00
154.00
697.00
0.00
0.00
0.00
0.00
0.00
0.00
43.00
0.00
0.00
0.00
0.00
0.00
0.00
589.00
328.00
0.00
142.00
236.00
187.00
0.00
0.00
0.00
0.00
0.00
0.00
65.00
0.00
25.00
5.00
0.00
121.00
246.00
41.00
101.00
11.00
0.00
10.00
0.00
0.00
20.00
34.00
53.00
122.00
126.00
55.00
0.00
76.00
6.00
1.00
115.00
2.00
31.00
29.00
84.00
37.00
0.00
0.00
18.00
0.00
1.00
131.00
21.00
153.00
47.00
116.00
2.00
21.00
34.00
152.00
129.00
79.00
642.00
600.00
136.00
0.00
33.00
0.00
44.00
0.00
0.00
0.00
0.00
0.00
0.00
0.00
5.00
165.00
481.00
518.00
16.00
27.00
5.00
32.00
15.00
10.00
12.00
6.00
10.00
0.00
16.00
38.00
32.00
25.00
11.00
67.00
736.00
1907.00
825.00
241.00
43.00
84.00
1.00
2.00
1.00
0.00
30.00
9.00
44.00
2.00
27.00
55.00
1.00
0.00
0.00
36.00
162.00
471.00
82.00
0.00
6.00
41.00
9.00
5.00
0.00
174.00
44.00
117.00
65.00
46.00
92.00
27.00
2.00
0.00
137.00
133.00
12.00
55.00
113.00
181.00
79.00
0.00
94.00
31.00
32.00
244.00
80.00
1.00
2.00
14.00
155.00
18.00
102.00
65.00
6.00
2.00
53.00
45.00
50.00
3.00
28.00
188.00
3.00
1.00
0.00
102.00
14.00
0.00
12.00
126.00
155.00
130.00
12.00
0.00
4.00
0.00
6.00
5.00
0.00
0.00
44.00
1.00
0.00
0.00
0.00
45.00
4.00
449.00
459.00
88.00
0.00
0.00
0.00
2.00
30.00
217.00
53.00
20.00
25.00
4.00
4.00
0.00
0.00
6.00
0.00
0.00
0.00
0.00
0.00
0.00
0.00
0.00
0.00
0.00
0.00
0.00
25.00
66.00
315.00
192.00
12.00
0.00
0.00
0.00
0.00
0.00
0.00
0.00
0.00
0.00
0.00
0.00
0.00
20.00
53.00
103.00
19.00
0.00
0.00
0.00
0.00
0.00
0.00
0.00
0.00
0.00
0.00
0.00
0.00
0.00
0.00
0.00
0.00
0.00
0.00
0.00
0.00
0.00
0.00
0.00
0.00
0.00
0.00
0.00
0.00
1.00
0.00
0.00
0.00
0.00
0.00
0.00
38.00
0.00
0.00
0.00
0.00
0.00
0.00
0.00
0.00
0.00
0.00
5.00
71.00
457.00
0.00
0.00
0.00
0.00
0.00
0.00
0.00
0.00
0.00
0.00
0.00
0.00
0.00
0.00
0.00
0.00
0.00
0.00
0.00
0.00
7.00
0.00
0.00
0.00
0.00
0.00
0.00
0.00
0.00
0.00
0.00
0.00
0.00
0.00
0.00
0.00
0.00
0.00
0.00
0.00
0.00
0.00
0.00
0.00
0.00
0.00
0.00
0.00
0.00
0.00
0.00
0.00
6.00
0.00
0.00
0.00
0.00
0.00
0.00
1.00
3.00
0.00
0.00
0.00
0.00
0.00
0.00
0.20
25.60
1.70
92.20
33.90
0.00
0.00
0.00
0.00
0.40
0.00
0.00
0.00
0.00
0.00
0.00
0.00
0.00
0.00
0.70
0.70
7.60
1.40
8.10
0.00
29.60
3.20
0.00
0.00
0.00
9.00
0.10
0.00
0.00
0.00
65.00
43.80
22.20
0.00
41.40
18.40
37.00
8.00
8.80
13.10
0.00
0.00
3.00
0.00
5.00
19.90
5.60
15.20
0.00
0.00
1.20
1.20
9.50
0.00
0.10
0.00
0.00
0.00
15.80
27.70
28.20
28.20
0.20
28.60
86.20
0.30
0.80
18.60
14.70
33.40
27.60
37.10
32.00
12.80
3.90
20.90
7.60
19.60
25.80
0.00
0.00
32.20
14.20
14.20
7.10
1.60
10.30
2.30
0.00
0.00
4.00
5.70
1.00
0.40
0.30
6.60
0.10
3.20
8.40
0.00
1.20
2.20
1.50
0.10
1.40
24.30
30.10
3.90
17.60
1.10
16.80
29.90
14.10
0.10
0.00
2.10
42.50
56.20
41.20
5.00
1.00
1.00
0.10
18.00
8.90
21.00
38.00
20.00
17.20
3.30
14.10
14.10
63.30
63.30
14.40
5.40
5.40
0.00
1.00
5.40
5.40
5.40
0.30
2.90
10.60
1.50
55.00
28.80
5.60
4.10
0.20
6.60
1.90
5.60
47.90
3.30
1.60
3.40
1.20
16.90
7.20
0.10
1.00
0.00
7.20
6.90
0.10
2.10
0.00
0.20
0.00
0.30
1.40
0.70
2.80
4.90
4.80
0.00
0.00
4.20
2.90
0.60
1.20
2.00
1.30
2.80
3.00
13.00
1.70
30.00
2.20
0.00
1.50
3.50
7.80
11.00
0.80
0.40
1.30
5.10
0.20
1.50
1.10
1.00
3.90
25.70
12.90
0.70
9.60
2.10
0.00
5.70
8.70
7.70
7.70
18.60
0.00
0.00
0.70
9.20
3.50
0.30
19.00
1.60
0.00
0.00
0.00
0.00
3.50
2.30
0.30
7.20
1.20
0.10
6.50
0.70
0.20
0.70
2.40
15.60
