20160101
0.00
0.00
0.00
0.00
0.00
0.00
0.00
0.00
0.00
0.00
0.00
0.00
0.00
0.00
0.00
0.00
0.00
0.00
56.00
6.00
0.00
0.00
0.00
0.00
0.00
0.00
0.00
0.00
0.00
0.00
0.00
0.00
0.00
0.00
0.00
0.00
0.00
0.00
2.00
0.00
0.00
0.00
0.00
0.00
0.00
0.00
0.00
0.00
0.00
0.00
11.00
1.00
0.00
0.00
0.00
0.00
3.00
0.00
0.00
0.00
0.00
0.00
6.00
0.00
0.00
24.00
0.00
0.00
0.00
0.00
0.00
0.00
9.00
26.00
0.00
0.00
0.00
0.00
8.00
81.00
10.00
0.00
0.00
0.00
0.00
0.00
291.00
168.00
13.00
15.00
349.00
19.00
0.00
1.00
13.00
338.00
2.00
1.00
0.00
0.00
0.00
0.00
0.00
0.00
31.00
2.00
245.00
270.00
327.00
48.00
51.00
50.00
0.00
2.00
0.00
0.00
134.00
52.00
211.00
1.00
14.00
236.00
9.00
21.00
194.00
136.00
55.00
313.00
4.00
44.00
130.00
8.00
194.00
307.00
194.00
562.00
13.00
310.00
518.00
53.00
44.00
45.00
4.00
107.00
66.00
50.00
0.00
26.00
1.00
1.00
35.00
126.00
10.00
0.00
0.00
7.00
24.00
184.00
111.00
9.00
12.00
5.00
9.00
4.00
0.00
28.00
227.00
107.00
23.00
2.00
24.00
18.00
126.00
113.00
393.00
494.00
70.00
198.00
59.00
18.00
11.00
21.00
107.00
398.00
278.00
416.00
79.00
30.00
0.00
126.00
104.00
68.00
47.00
9.00
14.00
86.00
66.00
295.00
153.00
56.00
164.00
72.00
859.00
70.00
164.00
104.00
493.00
56.00
11.00
138.00
261.00
105.00
115.00
236.00
36.00
40.00
117.00
123.00
63.00
123.00
53.00
80.00
93.00
17.00
10.00
2.00
296.00
148.00
10.00
36.00
44.00
0.00
3.00
51.00
1.00
19.00
31.00
317.00
28.00
0.00
86.00
129.00
203.00
60.00
43.00
344.00
33.00
63.00
2.00
0.00
0.00
0.00
0.00
121.00
59.00
182.00
6.00
20.00
84.00
40.00
57.00
148.00
225.00
2.00
169.00
48.00
115.00
53.00
223.00
67.00
0.00
27.00
50.00
0.00
9.00
3.00
207.00
2.00
161.00
0.00
151.00
120.00
155.00
167.00
246.00
3.00
0.00
0.00
0.00
0.00
0.00
0.00
0.00
0.00
0.00
0.00
0.00
0.00
0.00
0.00
171.00
0.00
0.00
0.00
0.00
0.00
0.00
0.00
0.00
8.00
0.00
0.00
0.00
0.00
0.00
0.00
0.00
0.00
0.00
0.00
0.00
0.00
0.00
0.00
0.00
0.00
0.00
0.00
0.00
0.00
0.00
0.00
0.00
0.00
0.00
2.00
0.00
0.00
0.00
0.00
0.00
0.00
0.00
0.00
0.00
0.00
0.00
0.00
0.00
0.00
0.00
0.00
0.00
0.00
0.00
0.00
0.00
0.00
0.00
0.00
83.00
0.00
0.00
0.00
0.00
0.00
0.00
0.00
1.00
8.00
0.00
0.00
0.00
0.00
0.00
7.00
0.00
0.00
0.00
0.00
0.00
0.00
0.00
0.00
0.00
0.00
0.00
0.00
0.00
0.00
0.00
4.00
3.00
15.00
0.00
0.00
0.00
0.00
0.00
0.00
0.00
0.00
0.00
0.00
0.00
0.00
0.00
0.00
0.00
0.00
0.00
0.00
0.00
0.00
0.00
0.00
0.00
0.00
0.00
0.00
0.00
0.00
0.00
0.00
0.00
0.00
0.00
0.00
3.00
0.00
0.00
0.00
13.00
10.00
104.00
20.00
0.00
0.00
0.00
0.00
0.00
3.00
217.00
39.00
182.00
0.00
0.00
0.00
0.00
326.00
5.00
108.00
7.00
8.00
152.00
92.00
441.00
685.00
488.00
7.00
64.00
0.00
1.00
5.00
0.00
0.00
0.00
0.00
2.00
0.00
323.00
19.00
0.00
24.00
392.00
101.00
928.00
445.00
0.00
97.00
0.00
4.00
0.00
186.00
0.00
229.00
2.00
0.00
495.00
171.00
87.00
89.00
0.00
194.00
97.00
1.00
16.00
1.00
13.00
290.00
337.00
63.00
11.00
255.00
154.00
119.00
6.00
217.00
174.00
40.00
747.00
194.00
0.00
44.00
91.00
111.00
81.00
11.00
134.00
12.00
0.00
108.00
1.00
21.00
61.00
218.00
252.00
22.00
1312.00
414.00
301.00
24.00
412.00
38.00
316.00
161.00
23.00
148.00
193.00
17.00
153.00
51.00
1.00
45.00
33.00
42.00
122.00
408.00
89.00
917.00
280.00
72.00
41.00
70.00
43.00
234.00
158.00
59.00
100.00
3.00
30.00
182.00
107.00
50.00
225.00
32.00
50.00
10.00
76.00
201.00
7.00
95.00
7.00
47.00
26.00
121.00
25.00
20.00
90.00
47.00
56.00
58.00
146.00
42.00
97.00
43.00
240.00
935.00
1700.00
440.00
358.00
130.00
16.00
62.00
147.00
37.00
39.00
232.00
59.00
236.00
77.00
1.00
2.00
637.00
185.00
19.00
15.00
59.00
199.00
79.00
155.00
49.00
7.00
43.00
1.00
94.00
263.00
186.00
426.00
233.00
0.00
29.00
60.00
8.00
2.00
271.00
40.00
168.00
339.00
38.00
2.00
55.00
31.00
8.00
1.00
79.00
131.00
1002.00
781.00
38.00
57.00
16.00
14.00
36.00
60.00
26.00
77.00
1.00
100.00
26.00
15.00
321.00
99.00
0.00
0.00
0.00
7.00
8.00
751.00
1174.00
0.00
0.00
0.00
0.00
0.00
0.00
0.00
0.00
15.00
0.00
0.00
0.00
0.00
0.00
0.00
0.00
0.00
0.00
0.00
0.00
0.00
0.00
0.00
0.00
109.00
45.00
0.00
0.00
0.00
0.00
0.00
0.00
0.00
0.00
0.00
0.00
0.00
0.00
0.00
0.00
0.00
0.00
0.00
0.00
0.00
0.00
1.00
0.00
12.00
0.00
0.00
0.00
0.00
0.00
0.00
0.00
0.00
0.00
1.00
0.00
0.00
0.00
0.00
0.00
0.00
0.00
0.00
0.00
0.00
0.00
0.00
0.00
0.00
0.00
0.00
0.00
0.00
0.00
0.00
0.00
0.00
0.00
0.00
0.00
0.00
0.00
0.00
0.00
0.00
0.00
0.00
0.00
0.00
0.00
0.00
0.00
0.00
0.00
0.00
0.00
0.00
0.00
0.00
0.00
0.00
0.00
0.00
12.00
94.00
8.00
2.00
40.00
2.00
15.00
29.00
112.00
0.00
0.00
0.00
0.00
0.00
0.00
0.00
0.00
0.00
0.00
342.00
113.00
0.00
0.00
0.00
0.00
0.00
0.00
0.00
0.00
0.00
0.00
0.00
0.00
0.00
62.00
1.00
0.00
0.00
0.00
1.00
0.00
0.00
0.00
0.00
0.00
0.00
0.00
0.00
21.00
0.00
0.00
623.00
299.00
106.00
10.00
1.00
34.00
15.00
92.00
2.00
54.00
38.00
160.00
5.00
206.00
31.00
3.00
23.00
0.00
30.00
19.00
1.00
3.00
46.00
11.00
0.00
0.00
11.00
8.00
50.00
1.00
10.00
9.00
66.00
11.00
239.00
6.00
287.00
10.00
92.00
195.00
30.00
293.00
274.00
11.00
43.00
8.00
0.00
256.00
0.00
1.00
1.00
2.00
0.00
0.00
1.00
64.00
60.00
82.00
243.00
680.00
42.00
0.00
9.00
21.00
34.00
0.00
1.00
111.00
9.00
10.00
12.00
14.00
31.00
341.00
84.00
13.00
335.00
740.00
53.00
37.00
54.00
148.00
2.00
17.00
0.00
0.00
18.00
4.00
59.00
20.00
3.00
22.00
3.00
13.00
337.00
315.00
32.00
47.00
0.00
0.00
31.00
9.00
8.00
3.00
32.00
117.00
47.00
192.00
169.00
20.00
24.00
27.00
121.00
510.00
77.00
13.00
87.00
241.00
18.00
1.00
24.00
31.00
34.00
168.00
113.00
537.00
130.00
8.00
97.00
76.00
91.00
45.00
13.00
20.00
0.00
13.00
122.00
113.00
111.00
838.00
72.00
54.00
1.00
159.00
154.00
103.00
105.00
58.00
149.00
58.00
22.00
164.00
134.00
2.00
8.00
96.00
42.00
295.00
91.00
190.00
304.00
2.00
0.00
0.00
0.00
28.00
777.00
293.00
6.00
106.00
0.00
0.00
15.00
0.00
8.00
75.00
10.00
5.00
8.00
50.00
8.00
0.00
0.00
74.00
0.00
0.00
0.00
0.00
0.00
0.00
0.00
0.00
0.00
0.00
0.00
3.00
264.00
67.00
0.00
0.00
0.00
0.00
0.00
0.00
0.00
0.00
0.00
0.00
0.00
0.00
0.00
0.00
0.00
0.00
0.00
325.00
0.00
0.00
0.00
0.00
21.00
0.00
0.00
0.00
0.00
0.00
0.00
0.00
0.00
0.00
0.00
0.00
0.00
0.00
0.00
0.00
0.00
0.00
0.00
0.00
0.00
0.00
0.00
0.00
0.00
0.00
0.00
0.00
0.00
0.00
0.00
35.00
0.00
0.00
0.00
0.00
0.00
0.00
0.00
0.00
0.00
0.00
3.00
104.00
1411.00
0.00
0.00
0.00
0.00
0.00
0.00
0.00
0.00
0.00
0.00
0.00
0.00
0.00
0.00
0.00
0.00
0.00
12.00
0.00
0.00
0.00
0.00
0.00
0.00
0.00
0.00
0.00
0.00
0.00
0.00
0.00
0.00
0.00
0.00
0.00
0.00
0.00
0.00
2.00
2.00
0.00
0.00
0.00
0.00
0.00
0.00
0.00
0.00
0.00
0.00
0.00
55.00
0.00
0.00
0.00
0.00
0.00
0.00
21.00
18.00
0.00
0.00
0.00
0.00
0.00
0.00
0.00
6.50
5.10
0.00
54.10
8.00
0.00
0.00
0.20
0.00
0.00
0.00
0.00
0.00
0.00
0.00
0.00
0.00
0.00
1.30
0.20
0.00
0.00
11.40
2.60
0.00
0.00
0.00
0.00
0.00
0.00
13.80
0.70
0.00
36.50
6.20
179.50
6.50
33.70
0.00
39.80
28.70
9.60
17.60
4.10
25.70
0.10
0.00
0.30
1.60
4.40
25.50
48.50
0.00
0.00
0.10
0.00
8.20
0.10
0.00
0.10
0.00
0.00
3.40
47.60
3.60
2.20
2.20
4.00
51.50
101.50
0.00
0.00
43.90
0.00
0.10
55.20
78.00
20.40
8.00
10.60
24.50
1.70
30.00
36.20
3.40
3.40
5.80
27.10
27.10
16.40
4.40
6.00
25.10
5.90
15.10
26.10
3.10
0.60
8.90
31.10
0.00
0.00
0.10
0.20
0.10
0.10
3.00
2.80
0.70
2.50
2.90
2.70
102.80
3.40
0.00
12.80
61.10
28.10
1.10
0.20
0.40
26.70
157.30
81.70
56.10
1.00
1.40
2.30
0.00
0.00
0.90
9.20
32.40
36.10
53.50
202.90
202.90
56.10
56.10
49.70
0.70
0.70
4.30
0.00
0.70
0.70
0.70
2.80
34.00
104.70
27.50
16.60
15.60
5.20
1.90
0.00
1.80
18.40
5.30
5.20
1.30
57.20
8.70
17.10
41.50
2.40
2.10
8.90
2.50
30.80
2.80
3.20
3.20
3.00
0.20
0.00
0.00
2.60
8.10
39.50
39.50
16.20
1.70
0.70
3.10
17.60
4.90
15.20
20.10
3.30
8.60
21.60
5.80
0.30
7.70
2.60
0.60
4.20
5.70
13.80
11.20
32.70
2.20
5.90
11.80
1.90
0.00
0.00
0.60
3.20
7.00
12.30
25.90
32.00
0.00
54.60
42.40
13.80
100.90
100.90
7.10
0.00
1.90
1.20
2.90
18.80
24.30
4.50
0.00
0.00
0.00
0.00
0.00
0.00
0.00
0.00
0.00
0.00
0.10
3.40
0.20
0.00
0.50
24.00
92.30
