20160101
0.00
0.00
0.00
0.00
0.00
0.00
0.00
0.00
12.00
0.00
0.00
0.00
0.00
0.00
0.00
0.00
0.00
0.00
0.00
39.00
0.00
0.00
0.00
0.00
0.00
28.00
51.00
0.00
0.00
0.00
0.00
0.00
0.00
0.00
0.00
0.00
0.00
11.00
0.00
1.00
0.00
0.00
0.00
0.00
0.00
0.00
0.00
0.00
0.00
0.00
1.00
0.00
0.00
0.00
7.00
0.00
9.00
0.00
0.00
0.00
1.00
0.00
9.00
6.00
0.00
0.00
0.00
119.00
0.00
2.00
0.00
0.00
33.00
0.00
0.00
0.00
0.00
2.00
0.00
1.00
6.00
0.00
0.00
0.00
0.00
0.00
10.00
133.00
42.00
26.00
75.00
80.00
0.00
9.00
4.00
80.00
11.00
4.00
43.00
0.00
0.00
52.00
0.00
0.00
74.00
20.00
226.00
135.00
76.00
340.00
19.00
0.00
22.00
40.00
1.00
0.00
53.00
31.00
113.00
19.00
172.00
63.00
90.00
24.00
7.00
0.00
2.00
4.00
9.00
1.00
0.00
68.00
33.00
30.00
5.00
22.00
517.00
228.00
67.00
29.00
101.00
546.00
6.00
2.00
19.00
23.00
0.00
35.00
7.00
48.00
1.00
112.00
18.00
0.00
0.00
182.00
24.00
32.00
15.00
3.00
94.00
481.00
2.00
13.00
14.00
3.00
84.00
146.00
531.00
111.00
0.00
4.00
0.00
29.00
74.00
30.00
65.00
26.00
133.00
16.00
40.00
33.00
142.00
242.00
555.00
90.00
26.00
79.00
26.00
15.00
128.00
1.00
29.00
48.00
17.00
103.00
154.00
50.00
4.00
3.00
10.00
32.00
14.00
82.00
75.00
55.00
270.00
34.00
93.00
20.00
44.00
70.00
49.00
19.00
3.00
49.00
81.00
152.00
318.00
74.00
146.00
11.00
105.00
433.00
82.00
97.00
0.00
37.00
50.00
1.00
15.00
0.00
172.00
350.00
36.00
48.00
15.00
183.00
1.00
24.00
139.00
275.00
144.00
33.00
6.00
1.00
8.00
78.00
45.00
25.00
84.00
9.00
21.00
35.00
27.00
99.00
27.00
73.00
17.00
173.00
493.00
139.00
361.00
196.00
202.00
3.00
66.00
40.00
78.00
32.00
3.00
96.00
97.00
3.00
94.00
14.00
3.00
19.00
2.00
118.00
61.00
23.00
26.00
64.00
1.00
13.00
0.00
0.00
0.00
1.00
0.00
0.00
0.00
0.00
0.00
0.00
0.00
0.00
0.00
0.00
60.00
3.00
3.00
2.00
0.00
10.00
0.00
52.00
28.00
204.00
290.00
135.00
0.00
0.00
0.00
0.00
0.00
0.00
0.00
0.00
0.00
0.00
0.00
0.00
0.00
0.00
0.00
0.00
0.00
0.00
0.00
0.00
0.00
0.00
0.00
1.00
0.00
0.00
0.00
0.00
0.00
0.00
0.00
0.00
0.00
0.00
0.00
0.00
0.00
0.00
0.00
0.00
0.00
0.00
0.00
0.00
0.00
0.00
0.00
0.00
226.00
107.00
0.00
0.00
4.00
2.00
0.00
0.00
0.00
4.00
0.00
0.00
0.00
0.00
0.00
1.00
0.00
0.00
0.00
0.00
0.00
0.00
0.00
0.00
0.00
8.00
0.00
0.00
0.00
0.00
0.00
0.00
9.00
0.00
0.00
0.00
0.00
0.00
0.00
0.00
0.00
0.00
0.00
0.00
0.00
0.00
0.00
0.00
0.00
0.00
0.00
0.00
0.00
0.00
0.00
0.00
0.00
0.00
1.00
0.00
0.00
0.00
0.00
0.00
0.00
0.00
0.00
0.00
14.00
20.00
0.00
0.00
110.00
37.00
401.00
240.00
25.00
0.00
0.00
0.00
0.00
20.00
279.00
29.00
184.00
1.00
0.00
0.00
0.00
46.00
285.00
0.00
25.00
78.00
182.00
222.00
279.00
327.00
562.00
293.00
9.00
1.00
26.00
45.00
1.00
0.00
0.00
0.00
0.00
0.00
112.00
2.00
0.00
37.00
47.00
1.00
19.00
14.00
1.00
11.00
10.00
10.00
12.00
139.00
1.00
62.00
3.00
0.00
0.00
0.00
83.00
147.00
0.00
0.00
188.00
4.00
13.00
2.00
15.00
10.00
19.00
83.00
10.00
14.00
4.00
37.00
11.00
54.00
28.00
72.00
25.00
61.00
257.00
166.00
287.00
676.00
1.00
94.00
193.00
50.00
2.00
57.00
23.00
0.00
394.00
106.00
265.00
484.00
366.00
59.00
48.00
42.00
454.00
69.00
4.00
48.00
25.00
13.00
117.00
191.00
153.00
48.00
5.00
509.00
127.00
71.00
618.00
273.00
168.00
62.00
105.00
88.00
75.00
12.00
58.00
407.00
175.00
158.00
10.00
44.00
168.00
32.00
44.00
7.00
86.00
268.00
39.00
19.00
310.00
173.00
32.00
68.00
36.00
25.00
156.00
26.00
47.00
19.00
1.00
44.00
98.00
82.00
61.00
113.00
19.00
4.00
17.00
98.00
313.00
133.00
11.00
15.00
74.00
126.00
32.00
7.00
3.00
74.00
82.00
4.00
61.00
72.00
218.00
122.00
14.00
230.00
2.00
15.00
44.00
37.00
22.00
32.00
9.00
0.00
0.00
6.00
10.00
2.00
65.00
221.00
128.00
29.00
88.00
9.00
7.00
191.00
97.00
47.00
127.00
1.00
17.00
0.00
297.00
10.00
48.00
190.00
107.00
311.00
87.00
0.00
82.00
4.00
37.00
14.00
328.00
12.00
60.00
46.00
2.00
81.00
49.00
0.00
0.00
4.00
3.00
23.00
0.00
23.00
329.00
591.00
0.00
0.00
0.00
0.00
0.00
0.00
0.00
589.00
1055.00
0.00
0.00
0.00
0.00
0.00
0.00
0.00
0.00
0.00
0.00
0.00
0.00
0.00
0.00
12.00
37.00
15.00
0.00
0.00
0.00
0.00
0.00
0.00
0.00
0.00
0.00
0.00
0.00
0.00
0.00
0.00
0.00
0.00
0.00
0.00
0.00
0.00
0.00
0.00
1.00
26.00
0.00
0.00
0.00
0.00
0.00
0.00
0.00
0.00
9.00
3.00
0.00
14.00
0.00
0.00
0.00
0.00
0.00
0.00
0.00
0.00
0.00
98.00
120.00
179.00
0.00
0.00
0.00
0.00
0.00
0.00
0.00
0.00
0.00
0.00
0.00
0.00
0.00
0.00
0.00
0.00
0.00
0.00
0.00
0.00
0.00
0.00
0.00
0.00
0.00
0.00
0.00
0.00
0.00
0.00
0.00
0.00
0.00
1.00
0.00
6.00
0.00
3.00
0.00
0.00
1.00
9.00
0.00
0.00
0.00
0.00
0.00
0.00
1.00
0.00
16.00
0.00
13.00
859.00
0.00
0.00
0.00
0.00
0.00
0.00
32.00
0.00
0.00
0.00
0.00
0.00
0.00
21.00
16.00
0.00
0.00
139.00
217.00
51.00
0.00
0.00
0.00
0.00
0.00
0.00
0.00
65.00
0.00
0.00
11.00
61.00
0.00
6.00
7.00
0.00
0.00
13.00
80.00
2.00
42.00
1.00
0.00
9.00
207.00
23.00
39.00
2.00
18.00
52.00
1.00
78.00
29.00
20.00
1.00
1.00
0.00
5.00
25.00
39.00
52.00
65.00
47.00
111.00
308.00
58.00
179.00
0.00
81.00
90.00
2.00
563.00
95.00
37.00
32.00
1.00
0.00
107.00
6.00
0.00
9.00
0.00
0.00
44.00
14.00
2.00
24.00
13.00
0.00
1.00
13.00
93.00
0.00
18.00
27.00
100.00
205.00
21.00
73.00
293.00
25.00
63.00
239.00
201.00
163.00
870.00
512.00
234.00
49.00
0.00
0.00
1.00
0.00
6.00
11.00
7.00
8.00
21.00
96.00
48.00
59.00
39.00
6.00
3.00
2.00
35.00
36.00
39.00
0.00
63.00
35.00
38.00
48.00
29.00
644.00
229.00
83.00
29.00
120.00
72.00
130.00
46.00
55.00
124.00
50.00
101.00
77.00
48.00
153.00
78.00
70.00
203.00
150.00
583.00
156.00
207.00
49.00
1.00
60.00
1.00
15.00
86.00
107.00
15.00
28.00
141.00
67.00
279.00
75.00
95.00
99.00
33.00
58.00
16.00
34.00
30.00
5.00
66.00
135.00
117.00
276.00
88.00
125.00
7.00
1.00
65.00
40.00
33.00
4.00
19.00
8.00
23.00
0.00
2.00
88.00
0.00
6.00
16.00
19.00
12.00
10.00
9.00
17.00
74.00
43.00
7.00
74.00
28.00
16.00
68.00
12.00
227.00
0.00
7.00
4.00
2.00
0.00
0.00
0.00
0.00
0.00
1.00
0.00
10.00
0.00
27.00
87.00
134.00
51.00
20.00
0.00
0.00
0.00
0.00
0.00
0.00
0.00
0.00
0.00
0.00
0.00
0.00
41.00
100.00
39.00
42.00
0.00
0.00
0.00
1.00
1.00
0.00
0.00
0.00
0.00
0.00
0.00
0.00
0.00
0.00
0.00
0.00
0.00
0.00
0.00
0.00
17.00
0.00
0.00
0.00
0.00
0.00
0.00
0.00
0.00
0.00
0.00
0.00
0.00
0.00
0.00
21.00
1.00
0.00
0.00
0.00
0.00
0.00
0.00
0.00
0.00
0.00
2.00
92.00
809.00
0.00
0.00
0.00
0.00
0.00
0.00
0.00
0.00
0.00
0.00
0.00
0.00
0.00
0.00
0.00
0.00
0.00
2.00
0.00
0.00
0.00
0.00
1.00
0.00
0.00
0.00
0.00
0.00
0.00
0.00
0.00
0.00
0.00
0.00
0.00
0.00
0.00
0.00
9.00
9.00
0.00
4.00
0.00
0.00
0.00
0.00
0.00
0.00
0.00
0.00
0.00
0.00
1.00
0.00
0.00
0.00
0.00
0.00
0.00
5.00
0.00
0.00
0.00
0.00
0.00
0.00
0.00
0.00
10.30
2.70
66.70
59.90
0.00
0.00
0.20
0.00
0.00
0.00
0.00
0.10
0.00
0.00
0.00
0.00
0.00
0.00
0.00
5.00
1.90
42.40
46.10
17.30
2.80
3.30
4.80
0.00
0.00
5.50
43.90
0.00
0.30
0.00
20.40
4.20
49.40
0.00
5.40
4.10
0.40
5.20
5.80
12.90
0.10
0.00
0.00
0.00
11.60
2.70
2.90
18.10
28.40
0.00
17.40
0.10
4.90
0.00
0.00
0.00
0.00
1.40
14.70
0.40
1.20
1.20
0.70
8.80
48.40
0.20
0.00
0.00
4.00
5.50
10.60
23.30
6.70
1.70
1.80
0.90
0.00
5.20
2.00
0.00
0.00
2.10
0.20
0.20
8.90
20.70
0.20
11.80
18.00
1.60
0.00
4.70
0.10
0.30
7.30
3.70
1.60
2.10
7.80
1.80
0.00
0.00
0.10
28.50
6.60
33.50
6.60
0.10
1.10
1.80
6.50
10.40
15.60
15.60
0.00
1.80
1.30
3.20
3.90
5.60
4.50
7.30
0.60
10.10
8.60
3.40
6.30
32.20
4.40
13.50
5.60
5.60
23.00
23.00
2.50
0.80
0.80
0.00
0.10
0.80
0.80
0.80
2.10
1.20
2.50
5.40
16.70
16.40
20.70
5.10
0.90
3.90
5.90
12.10
19.10
19.70
1.70
4.40
1.40
11.90
25.40
0.70
1.30
0.10
9.00
12.70
2.10
0.00
0.00
1.00
2.10
0.00
1.20
0.60
7.70
16.70
0.00
3.00
2.70
13.00
25.30
5.60
5.70
7.80
1.10
3.30
5.20
7.90
12.70
0.60
1.30
1.40
2.10
9.90
4.10
5.70
2.00
0.30
2.60
6.30
2.80
3.70
0.90
1.00
7.70
19.90
9.90
10.70
3.90
10.10
1.00
1.60
25.30
13.90
13.90
2.10
2.40
0.10
0.60
11.90
8.20
12.60
4.30
13.80
0.40
0.70
0.00
0.00
4.10
0.60
0.20
0.80
1.50
0.70
2.40
0.20
0.90
0.10
0.70
6.20
