20160101
0.00
0.00
0.00
0.00
0.00
0.00
0.00
0.00
54.00
0.00
0.00
0.00
4.00
0.00
0.00
0.00
0.00
0.00
2.00
133.00
0.00
0.00
0.00
0.00
0.00
6.00
0.00
0.00
0.00
0.00
0.00
0.00
0.00
0.00
0.00
0.00
2.00
5.00
10.00
0.00
0.00
36.00
0.00
0.00
0.00
0.00
0.00
0.00
0.00
0.00
6.00
20.00
0.00
7.00
128.00
0.00
1.00
0.00
116.00
0.00
0.00
0.00
0.00
10.00
1.00
63.00
0.00
0.00
0.00
0.00
3.00
2.00
1.00
1.00
0.00
0.00
0.00
0.00
56.00
0.00
7.00
0.00
0.00
0.00
0.00
0.00
85.00
470.00
222.00
312.00
240.00
5.00
1.00
12.00
49.00
210.00
91.00
271.00
98.00
11.00
0.00
65.00
656.00
129.00
458.00
293.00
576.00
159.00
251.00
414.00
136.00
321.00
93.00
1747.00
715.00
17.00
131.00
186.00
429.00
217.00
367.00
97.00
40.00
19.00
99.00
5.00
62.00
10.00
3.00
2.00
0.00
36.00
65.00
121.00
78.00
542.00
1377.00
694.00
296.00
81.00
51.00
626.00
0.00
0.00
71.00
9.00
29.00
61.00
80.00
0.00
8.00
197.00
0.00
0.00
0.00
48.00
1.00
429.00
536.00
153.00
16.00
279.00
43.00
12.00
0.00
0.00
158.00
99.00
286.00
49.00
0.00
10.00
150.00
22.00
39.00
3.00
35.00
181.00
111.00
13.00
31.00
31.00
148.00
203.00
93.00
115.00
7.00
26.00
2.00
7.00
177.00
73.00
36.00
14.00
2.00
0.00
42.00
61.00
14.00
6.00
0.00
21.00
47.00
41.00
125.00
43.00
107.00
8.00
8.00
141.00
14.00
200.00
4.00
17.00
0.00
0.00
60.00
126.00
70.00
14.00
103.00
23.00
2.00
2.00
89.00
27.00
167.00
20.00
1.00
13.00
16.00
0.00
221.00
67.00
1.00
11.00
0.00
264.00
0.00
6.00
42.00
377.00
170.00
403.00
172.00
8.00
344.00
0.00
289.00
246.00
163.00
0.00
44.00
35.00
15.00
70.00
218.00
100.00
0.00
56.00
61.00
2.00
64.00
34.00
643.00
38.00
113.00
30.00
180.00
3.00
0.00
761.00
1.00
52.00
0.00
56.00
0.00
1.00
6.00
11.00
234.00
183.00
136.00
85.00
13.00
23.00
0.00
0.00
0.00
0.00
0.00
0.00
0.00
0.00
0.00
0.00
0.00
0.00
0.00
0.00
61.00
0.00
13.00
0.00
0.00
1.00
0.00
4.00
123.00
357.00
421.00
6.00
0.00
0.00
0.00
0.00
0.00
0.00
0.00
0.00
0.00
1.00
0.00
0.00
0.00
0.00
0.00
0.00
0.00
0.00
0.00
0.00
0.00
0.00
0.00
40.00
0.00
0.00
0.00
0.00
0.00
0.00
0.00
0.00
0.00
0.00
0.00
0.00
35.00
0.00
8.00
0.00
0.00
0.00
0.00
0.00
0.00
0.00
0.00
0.00
75.00
0.00
0.00
0.00
0.00
0.00
0.00
0.00
0.00
4.00
0.00
0.00
0.00
0.00
0.00
0.00
0.00
0.00
0.00
0.00
0.00
0.00
0.00
0.00
0.00
0.00
0.00
0.00
0.00
0.00
0.00
0.00
19.00
0.00
0.00
0.00
0.00
0.00
0.00
0.00
0.00
0.00
0.00
0.00
0.00
0.00
0.00
0.00
0.00
0.00
0.00
0.00
0.00
0.00
0.00
0.00
109.00
501.00
252.00
0.00
0.00
0.00
0.00
0.00
0.00
0.00
0.00
6.00
5.00
225.00
0.00
0.00
94.00
2.00
554.00
43.00
0.00
2.00
0.00
0.00
0.00
166.00
375.00
28.00
143.00
0.00
0.00
0.00
0.00
86.00
1.00
43.00
12.00
415.00
277.00
934.00
1495.00
1403.00
1017.00
241.00
1.00
2.00
136.00
67.00
148.00
2.00
0.00
0.00
0.00
0.00
159.00
8.00
0.00
91.00
305.00
53.00
137.00
4.00
0.00
16.00
568.00
301.00
87.00
321.00
47.00
234.00
31.00
0.00
1.00
11.00
374.00
317.00
4.00
20.00
19.00
0.00
0.00
0.00
15.00
129.00
115.00
14.00
0.00
127.00
182.00
148.00
115.00
39.00
12.00
165.00
271.00
238.00
0.00
30.00
198.00
776.00
156.00
538.00
269.00
307.00
0.00
2.00
6.00
0.00
101.00
119.00
266.00
825.00
155.00
266.00
0.00
36.00
73.00
926.00
630.00
376.00
0.00
202.00
29.00
148.00
638.00
193.00
36.00
60.00
53.00
63.00
241.00
36.00
6.00
69.00
208.00
273.00
65.00
45.00
47.00
62.00
160.00
57.00
48.00
3.00
16.00
256.00
21.00
4.00
51.00
277.00
1.00
1.00
27.00
58.00
3.00
6.00
17.00
5.00
85.00
57.00
197.00
75.00
10.00
99.00
72.00
47.00
44.00
38.00
46.00
15.00
11.00
128.00
573.00
372.00
48.00
25.00
184.00
91.00
68.00
15.00
0.00
15.00
24.00
38.00
1.00
24.00
369.00
176.00
3.00
54.00
30.00
2.00
72.00
175.00
2.00
217.00
2.00
0.00
0.00
16.00
189.00
213.00
168.00
10.00
0.00
33.00
281.00
72.00
19.00
97.00
5.00
178.00
68.00
6.00
0.00
16.00
96.00
0.00
63.00
251.00
321.00
27.00
127.00
238.00
12.00
1.00
2.00
15.00
91.00
347.00
235.00
5.00
3.00
0.00
179.00
102.00
54.00
28.00
0.00
2.00
41.00
253.00
482.00
1409.00
0.00
0.00
0.00
0.00
0.00
0.00
0.00
240.00
930.00
0.00
0.00
0.00
0.00
0.00
0.00
0.00
0.00
0.00
0.00
0.00
0.00
0.00
0.00
15.00
321.00
5.00
4.00
0.00
0.00
0.00
0.00
0.00
0.00
0.00
0.00
0.00
0.00
0.00
0.00
0.00
0.00
0.00
0.00
0.00
0.00
2.00
0.00
25.00
717.00
86.00
0.00
0.00
0.00
0.00
0.00
0.00
0.00
0.00
95.00
0.00
0.00
0.00
0.00
0.00
0.00
0.00
0.00
0.00
23.00
0.00
145.00
210.00
31.00
199.00
0.00
0.00
0.00
0.00
0.00
0.00
0.00
0.00
5.00
0.00
2.00
0.00
0.00
0.00
0.00
0.00
0.00
0.00
0.00
0.00
0.00
0.00
0.00
0.00
0.00
0.00
0.00
0.00
0.00
0.00
0.00
0.00
0.00
0.00
1.00
0.00
1.00
23.00
8.00
0.00
2.00
0.00
0.00
0.00
0.00
0.00
0.00
0.00
0.00
0.00
0.00
0.00
127.00
635.00
0.00
0.00
0.00
0.00
23.00
0.00
20.00
0.00
0.00
0.00
0.00
0.00
0.00
682.00
336.00
0.00
225.00
209.00
188.00
0.00
0.00
0.00
0.00
0.00
0.00
24.00
0.00
23.00
14.00
0.00
131.00
241.00
55.00
92.00
11.00
0.00
0.00
0.00
0.00
12.00
24.00
54.00
90.00
230.00
80.00
0.00
101.00
5.00
1.00
293.00
1.00
60.00
66.00
179.00
22.00
0.00
0.00
112.00
0.00
0.00
97.00
20.00
234.00
13.00
107.00
0.00
27.00
97.00
186.00
129.00
183.00
680.00
394.00
190.00
0.00
13.00
0.00
47.00
0.00
0.00
18.00
0.00
0.00
0.00
0.00
22.00
177.00
482.00
753.00
39.00
40.00
5.00
74.00
16.00
0.00
16.00
11.00
15.00
2.00
5.00
31.00
12.00
29.00
8.00
87.00
788.00
2492.00
874.00
298.00
44.00
54.00
2.00
2.00
0.00
2.00
22.00
9.00
65.00
0.00
37.00
56.00
3.00
0.00
4.00
19.00
115.00
484.00
124.00
0.00
4.00
36.00
58.00
9.00
0.00
157.00
22.00
106.00
43.00
30.00
92.00
19.00
1.00
0.00
130.00
117.00
17.00
67.00
113.00
209.00
66.00
0.00
90.00
43.00
21.00
291.00
74.00
1.00
9.00
4.00
129.00
16.00
90.00
52.00
13.00
0.00
249.00
61.00
53.00
3.00
28.00
90.00
11.00
2.00
0.00
79.00
19.00
0.00
40.00
142.00
221.00
111.00
3.00
1.00
2.00
0.00
1.00
11.00
0.00
22.00
30.00
0.00
0.00
0.00
0.00
30.00
16.00
573.00
642.00
86.00
0.00
2.00
0.00
0.00
85.00
111.00
2.00
13.00
15.00
7.00
1.00
68.00
0.00
12.00
0.00
0.00
0.00
0.00
0.00
0.00
0.00
0.00
0.00
0.00
0.00
0.00
25.00
67.00
375.00
189.00
47.00
7.00
0.00
0.00
0.00
0.00
0.00
0.00
0.00
0.00
0.00
0.00
0.00
57.00
72.00
99.00
56.00
0.00
0.00
0.00
0.00
0.00
0.00
0.00
0.00
0.00
0.00
0.00
0.00
0.00
0.00
13.00
0.00
0.00
0.00
0.00
0.00
0.00
0.00
0.00
0.00
0.00
0.00
0.00
0.00
0.00
0.00
0.00
0.00
0.00
0.00
0.00
74.00
0.00
0.00
0.00
9.00
0.00
0.00
0.00
0.00
0.00
0.00
3.00
67.00
274.00
0.00
0.00
0.00
0.00
0.00
0.00
0.00
0.00
0.00
0.00
0.00
0.00
0.00
0.00
0.00
0.00
0.00
1.00
0.00
0.00
5.00
0.00
0.00
0.00
0.00
0.00
0.00
0.00
0.00
0.00
0.00
0.00
0.00
0.00
0.00
2.00
21.00
21.00
0.00
0.00
2.00
0.00
0.00
0.00
0.00
0.00
0.00
0.00
0.00
0.00
0.00
0.00
9.00
0.00
0.00
0.00
0.00
0.00
0.00
0.00
4.00
0.00
0.00
0.00
0.00
0.00
0.00
0.00
39.90
3.10
103.80
25.20
0.00
0.00
0.00
0.30
3.60
0.00
0.00
0.00
0.00
0.00
4.10
0.00
0.00
0.00
0.80
0.80
2.90
1.70
10.00
0.00
1.40
8.20
0.00
0.00
0.00
45.00
0.10
0.00
0.00
0.00
65.30
51.00
24.40
0.00
46.90
22.30
36.00
8.40
19.40
9.30
0.00
0.00
3.10
0.00
1.20
19.50
4.90
11.50
0.00
0.00
1.40
0.40
1.80
0.00
0.10
0.00
0.00
1.00
19.70
40.40
42.50
42.50
1.10
28.00
72.90
0.00
3.40
19.80
11.90
33.50
17.20
36.30
25.10
4.80
4.10
29.40
17.10
30.10
24.20
0.00
0.00
32.10
19.40
19.40
10.00
1.90
8.50
4.80
0.00
0.00
9.80
11.40
0.80
0.20
2.10
8.60
0.00
0.60
11.70
0.00
4.50
3.20
2.00
0.00
4.20
25.50
53.40
7.70
62.50
2.90
14.00
58.40
21.40
0.40
0.00
6.90
77.70
51.70
32.60
15.00
1.30
0.80
1.30
32.70
10.50
7.50
81.80
21.80
16.50
2.00
17.40
17.40
60.60
60.60
19.60
0.80
0.80
0.40
0.00
0.80
0.80
0.80
4.80
4.00
11.80
2.00
56.40
30.90
6.90
0.80
0.20
8.40
2.80
8.30
54.50
2.40
3.90
2.60
6.70
10.90
6.50
0.10
1.50
0.00
3.30
3.50
2.10
3.80
2.60
0.30
0.00
1.20
0.50
0.70
5.50
6.50
7.30
0.10
0.00
4.60
2.20
0.10
1.40
3.60
0.90
1.90
5.20
24.10
5.80
51.40
3.10
0.10
1.40
0.60
8.80
11.30
1.00
0.00
1.70
4.10
0.50
1.10
4.60
0.40
4.30
32.50
15.50
5.60
9.60
1.40
1.80
6.80
20.60
8.20
8.20
22.70
0.00
0.00
0.50
5.40
2.10
2.00
17.30
4.20
0.00
0.00
0.00
0.00
12.50
0.00
2.90
0.10
0.00
0.10
4.80
0.70
0.20
2.30
5.50
29.40
