20160101
0.00
0.00
0.00
0.00
0.00
0.00
0.00
0.00
0.00
0.00
0.00
0.00
0.00
0.00
0.00
0.00
0.00
0.00
41.00
0.00
0.00
0.00
0.00
0.00
0.00
0.00
0.00
0.00
0.00
0.00
0.00
0.00
0.00
0.00
0.00
0.00
0.00
0.00
5.00
0.00
0.00
0.00
0.00
0.00
0.00
0.00
3.00
0.00
0.00
1.00
21.00
1.00
0.00
0.00
0.00
0.00
6.00
0.00
0.00
0.00
0.00
0.00
0.00
0.00
0.00
34.00
0.00
2.00
0.00
0.00
0.00
1.00
9.00
12.00
0.00
0.00
0.00
0.00
0.00
0.00
0.00
0.00
0.00
0.00
0.00
0.00
24.00
10.00
0.00
95.00
279.00
7.00
0.00
0.00
0.00
5.00
0.00
0.00
0.00
0.00
0.00
0.00
0.00
0.00
0.00
0.00
30.00
0.00
0.00
0.00
0.00
0.00
0.00
0.00
0.00
0.00
0.00
68.00
0.00
2.00
0.00
0.00
14.00
160.00
0.00
0.00
1.00
331.00
35.00
42.00
194.00
4.00
59.00
162.00
137.00
59.00
37.00
88.00
109.00
272.00
63.00
14.00
0.00
0.00
103.00
159.00
0.00
6.00
3.00
0.00
61.00
85.00
0.00
0.00
0.00
0.00
70.00
12.00
0.00
0.00
5.00
1.00
197.00
9.00
10.00
319.00
99.00
341.00
29.00
18.00
72.00
3.00
58.00
35.00
257.00
8.00
8.00
29.00
101.00
0.00
8.00
15.00
17.00
323.00
193.00
169.00
126.00
5.00
38.00
172.00
46.00
24.00
19.00
17.00
150.00
53.00
24.00
79.00
450.00
208.00
144.00
82.00
169.00
21.00
120.00
38.00
139.00
24.00
14.00
22.00
170.00
47.00
72.00
278.00
136.00
45.00
83.00
74.00
21.00
31.00
17.00
14.00
239.00
6.00
5.00
28.00
71.00
162.00
220.00
114.00
13.00
0.00
1.00
81.00
2.00
8.00
0.00
397.00
4.00
19.00
66.00
8.00
16.00
30.00
24.00
236.00
6.00
35.00
29.00
3.00
16.00
1.00
0.00
7.00
19.00
125.00
40.00
17.00
7.00
30.00
140.00
57.00
66.00
11.00
105.00
0.00
139.00
18.00
374.00
148.00
9.00
39.00
20.00
0.00
43.00
0.00
0.00
0.00
4.00
6.00
0.00
0.00
546.00
281.00
134.00
50.00
0.00
0.00
0.00
0.00
0.00
0.00
0.00
0.00
0.00
0.00
0.00
0.00
0.00
0.00
32.00
0.00
0.00
0.00
0.00
0.00
0.00
0.00
66.00
52.00
0.00
0.00
0.00
0.00
0.00
0.00
0.00
0.00
0.00
0.00
0.00
0.00
0.00
0.00
0.00
0.00
0.00
0.00
0.00
0.00
0.00
0.00
0.00
0.00
0.00
2.00
0.00
0.00
0.00
0.00
0.00
0.00
0.00
0.00
0.00
0.00
0.00
0.00
0.00
0.00
0.00
0.00
0.00
0.00
0.00
0.00
0.00
0.00
0.00
0.00
8.00
0.00
0.00
0.00
0.00
0.00
0.00
0.00
0.00
5.00
0.00
0.00
0.00
0.00
0.00
178.00
0.00
0.00
0.00
0.00
0.00
0.00
0.00
0.00
0.00
0.00
0.00
0.00
0.00
0.00
0.00
17.00
59.00
126.00
0.00
0.00
0.00
0.00
0.00
0.00
0.00
0.00
0.00
0.00
0.00
0.00
0.00
0.00
0.00
0.00
0.00
0.00
0.00
0.00
0.00
0.00
0.00
0.00
0.00
0.00
0.00
0.00
0.00
0.00
0.00
0.00
0.00
4.00
193.00
0.00
0.00
0.00
5.00
0.00
136.00
0.00
0.00
0.00
0.00
0.00
0.00
34.00
20.00
42.00
333.00
0.00
0.00
0.00
0.00
189.00
0.00
0.00
375.00
85.00
0.00
0.00
8.00
16.00
32.00
0.00
26.00
5.00
29.00
100.00
0.00
0.00
0.00
0.00
0.00
0.00
294.00
291.00
0.00
0.00
302.00
16.00
525.00
773.00
0.00
73.00
69.00
0.00
0.00
0.00
6.00
213.00
37.00
0.00
45.00
72.00
81.00
40.00
0.00
20.00
378.00
1.00
50.00
0.00
44.00
474.00
567.00
0.00
58.00
202.00
0.00
59.00
102.00
81.00
0.00
0.00
29.00
442.00
0.00
0.00
75.00
44.00
21.00
44.00
753.00
381.00
7.00
75.00
0.00
1.00
52.00
2.00
1.00
7.00
552.00
5.00
27.00
0.00
248.00
73.00
1527.00
279.00
0.00
100.00
3.00
12.00
22.00
6.00
1.00
5.00
11.00
21.00
217.00
262.00
42.00
330.00
88.00
234.00
23.00
23.00
36.00
129.00
126.00
163.00
486.00
12.00
16.00
10.00
29.00
48.00
231.00
89.00
58.00
21.00
69.00
48.00
538.00
118.00
35.00
10.00
8.00
204.00
52.00
1.00
355.00
131.00
123.00
59.00
119.00
178.00
9.00
8.00
161.00
425.00
962.00
403.00
240.00
106.00
39.00
14.00
47.00
21.00
47.00
105.00
182.00
219.00
29.00
36.00
7.00
525.00
98.00
24.00
180.00
31.00
338.00
148.00
343.00
48.00
3.00
8.00
70.00
180.00
118.00
110.00
509.00
202.00
3.00
45.00
16.00
10.00
4.00
442.00
402.00
43.00
70.00
19.00
1.00
3.00
23.00
6.00
0.00
71.00
172.00
371.00
427.00
401.00
305.00
3.00
4.00
0.00
9.00
0.00
4.00
2.00
0.00
0.00
26.00
125.00
11.00
0.00
0.00
0.00
10.00
3.00
1053.00
641.00
0.00
0.00
0.00
0.00
0.00
0.00
0.00
0.00
32.00
0.00
0.00
0.00
0.00
0.00
0.00
0.00
0.00
0.00
0.00
0.00
0.00
0.00
1.00
2.00
165.00
83.00
0.00
0.00
0.00
0.00
0.00
0.00
0.00
0.00
0.00
0.00
0.00
0.00
0.00
0.00
0.00
0.00
0.00
0.00
0.00
0.00
1.00
1.00
46.00
0.00
0.00
0.00
0.00
0.00
0.00
0.00
0.00
1.00
7.00
0.00
0.00
0.00
0.00
0.00
0.00
0.00
0.00
0.00
0.00
0.00
0.00
3.00
0.00
0.00
0.00
0.00
0.00
0.00
0.00
0.00
0.00
0.00
0.00
0.00
0.00
0.00
0.00
0.00
0.00
0.00
0.00
0.00
0.00
0.00
0.00
0.00
0.00
0.00
0.00
0.00
0.00
0.00
0.00
0.00
0.00
0.00
0.00
0.00
1059.00
99.00
0.00
35.00
1.00
366.00
1035.00
558.00
0.00
0.00
0.00
0.00
0.00
0.00
0.00
0.00
0.00
0.00
189.00
141.00
0.00
0.00
0.00
0.00
0.00
0.00
22.00
0.00
0.00
0.00
0.00
0.00
0.00
68.00
0.00
0.00
1.00
16.00
0.00
0.00
0.00
0.00
0.00
0.00
0.00
0.00
0.00
0.00
0.00
37.00
132.00
409.00
175.00
0.00
0.00
0.00
0.00
35.00
1.00
5.00
5.00
131.00
0.00
4.00
2.00
0.00
10.00
0.00
1.00
96.00
0.00
58.00
8.00
11.00
0.00
16.00
48.00
186.00
8.00
0.00
242.00
269.00
388.00
86.00
87.00
1.00
380.00
25.00
292.00
1.00
0.00
288.00
8.00
0.00
0.00
20.00
0.00
400.00
83.00
0.00
0.00
0.00
0.00
0.00
50.00
79.00
10.00
35.00
2.00
23.00
120.00
0.00
134.00
30.00
83.00
0.00
15.00
0.00
1.00
58.00
18.00
43.00
3.00
97.00
1.00
60.00
12.00
98.00
0.00
0.00
2.00
948.00
109.00
0.00
0.00
0.00
1.00
104.00
46.00
4.00
7.00
9.00
2.00
56.00
232.00
260.00
157.00
90.00
0.00
0.00
0.00
0.00
6.00
8.00
0.00
17.00
20.00
23.00
3.00
4.00
14.00
2.00
1.00
345.00
35.00
43.00
65.00
249.00
10.00
4.00
124.00
49.00
199.00
17.00
192.00
314.00
147.00
104.00
6.00
105.00
159.00
31.00
21.00
8.00
3.00
24.00
25.00
49.00
102.00
481.00
32.00
7.00
1.00
56.00
189.00
37.00
19.00
665.00
361.00
29.00
9.00
5.00
14.00
1.00
2.00
117.00
8.00
120.00
303.00
86.00
63.00
0.00
0.00
0.00
0.00
47.00
112.00
431.00
348.00
2.00
4.00
9.00
7.00
4.00
302.00
404.00
2.00
0.00
0.00
16.00
9.00
235.00
1.00
207.00
0.00
0.00
0.00
0.00
0.00
0.00
0.00
0.00
0.00
0.00
0.00
0.00
745.00
35.00
1.00
0.00
0.00
0.00
0.00
0.00
0.00
0.00
0.00
0.00
0.00
0.00
0.00
0.00
0.00
0.00
0.00
0.00
0.00
0.00
0.00
0.00
0.00
0.00
0.00
0.00
0.00
0.00
0.00
0.00
0.00
0.00
0.00
0.00
0.00
0.00
0.00
0.00
0.00
0.00
0.00
0.00
0.00
0.00
0.00
0.00
0.00
0.00
0.00
0.00
0.00
0.00
0.00
2.00
6.00
0.00
0.00
0.00
0.00
0.00
0.00
0.00
0.00
0.00
1.00
145.00
544.00
0.00
0.00
0.00
0.00
0.00
0.00
0.00
0.00
0.00
0.00
0.00
0.00
0.00
0.00
0.00
0.00
0.00
0.00
0.00
0.00
0.00
0.00
0.00
0.00
0.00
0.00
0.00
0.00
0.00
0.00
0.00
0.00
0.00
0.00
0.00
0.00
0.00
0.00
1.00
1.00
0.00
0.00
0.00
0.00
0.00
0.00
0.00
0.00
0.00
0.00
2.00
19.00
0.00
0.00
0.00
1.00
0.00
0.00
12.00
5.00
0.00
0.00
0.00
0.00
0.00
0.00
0.00
3.80
8.10
0.00
28.60
5.30
0.00
0.00
0.00
0.00
0.00
0.00
0.00
0.00
0.00
0.00
0.00
0.00
0.00
2.10
2.40
0.00
2.90
4.50
0.00
0.00
0.00
9.00
0.00
0.00
0.00
6.20
0.00
0.00
80.90
0.00
50.80
0.50
16.20
0.00
18.60
9.40
9.30
0.00
2.20
19.10
0.00
0.80
0.00
11.10
0.70
11.50
3.90
0.00
0.00
0.00
0.00
3.50
0.00
0.00
0.00
0.00
12.60
7.30
0.00
0.00
26.20
26.20
3.20
42.50
44.60
0.00
0.00
0.00
0.00
0.00
12.00
0.00
0.00
16.90
0.80
32.70
0.00
23.60
83.60
13.20
13.20
0.00
30.80
30.80
25.20
3.60
12.20
46.30
9.80
1.80
3.90
17.90
7.40
51.10
0.70
0.00
0.00
0.00
0.20
0.00
0.10
0.00
7.10
0.10
9.70
14.10
16.10
16.30
44.00
0.00
6.90
5.70
8.00
0.00
0.00
0.10
26.00
60.20
13.60
15.40
0.00
0.80
6.90
0.00
0.00
1.10
6.20
64.20
25.30
30.80
99.90
99.90
56.40
56.40
33.40
4.40
4.40
1.90
2.00
4.40
4.40
4.40
4.60
31.00
94.20
22.00
5.10
36.20
23.60
4.70
16.90
5.70
4.80
5.50
6.00
3.00
11.80
10.20
8.60
8.60
11.20
2.80
2.00
3.40
49.30
18.90
18.70
8.20
34.30
0.80
0.80
0.60
1.20
0.90
61.70
9.20
2.70
1.20
0.00
0.70
7.10
6.20
4.40
8.10
3.30
4.90
5.70
2.00
0.00
0.80
4.30
0.20
21.00
13.50
2.80
5.80
22.30
2.30
27.60
42.60
27.30
0.40
0.40
1.10
0.70
9.10
5.50
28.70
61.00
4.70
1.00
28.10
22.80
80.60
80.60
0.10
1.30
0.30
6.20
6.30
47.20
57.00
13.00
0.20
0.00
0.00
0.00
0.00
0.10
1.00
0.00
0.00
0.00
0.10
0.10
0.10
0.00
0.30
22.00
120.00
