20160101
0.00
0.00
0.00
0.00
0.00
0.00
0.00
0.00
95.00
0.00
0.00
0.00
4.00
0.00
0.00
0.00
0.00
0.00
0.00
6.00
0.00
0.00
0.00
0.00
0.00
1.00
0.00
0.00
0.00
0.00
0.00
0.00
0.00
0.00
0.00
0.00
0.00
2.00
0.00
0.00
0.00
0.00
0.00
0.00
0.00
0.00
0.00
0.00
0.00
0.00
0.00
4.00
0.00
111.00
87.00
0.00
11.00
14.00
0.00
0.00
1.00
0.00
0.00
2.00
0.00
29.00
0.00
0.00
2.00
0.00
0.00
0.00
39.00
0.00
0.00
0.00
0.00
0.00
0.00
7.00
0.00
0.00
8.00
0.00
0.00
0.00
0.00
372.00
36.00
92.00
98.00
12.00
0.00
55.00
10.00
198.00
71.00
28.00
83.00
0.00
0.00
24.00
15.00
48.00
147.00
123.00
395.00
95.00
115.00
190.00
27.00
0.00
7.00
835.00
597.00
3.00
68.00
84.00
223.00
8.00
113.00
37.00
7.00
0.00
6.00
20.00
15.00
30.00
0.00
2.00
0.00
61.00
82.00
130.00
50.00
168.00
695.00
668.00
111.00
32.00
82.00
442.00
0.00
0.00
78.00
30.00
0.00
10.00
4.00
5.00
3.00
8.00
0.00
0.00
0.00
86.00
24.00
59.00
103.00
25.00
73.00
37.00
53.00
3.00
1.00
1.00
8.00
35.00
60.00
32.00
2.00
50.00
0.00
1.00
0.00
60.00
25.00
1.00
1.00
29.00
64.00
33.00
177.00
222.00
299.00
68.00
9.00
9.00
3.00
6.00
1.00
44.00
90.00
53.00
23.00
26.00
170.00
6.00
0.00
17.00
51.00
37.00
13.00
58.00
56.00
18.00
190.00
0.00
94.00
49.00
31.00
18.00
79.00
4.00
4.00
0.00
9.00
27.00
122.00
64.00
26.00
2.00
27.00
36.00
26.00
12.00
37.00
39.00
16.00
0.00
0.00
8.00
329.00
65.00
0.00
48.00
16.00
233.00
0.00
55.00
0.00
66.00
108.00
71.00
2.00
0.00
4.00
1.00
0.00
0.00
22.00
2.00
20.00
0.00
1.00
60.00
2.00
0.00
7.00
21.00
79.00
19.00
53.00
44.00
15.00
11.00
91.00
1.00
73.00
0.00
3.00
29.00
1.00
2.00
28.00
0.00
0.00
0.00
0.00
1.00
83.00
4.00
175.00
58.00
0.00
53.00
3.00
0.00
0.00
0.00
0.00
0.00
0.00
0.00
0.00
0.00
0.00
0.00
0.00
0.00
32.00
80.00
18.00
0.00
0.00
2.00
0.00
49.00
83.00
206.00
146.00
14.00
0.00
0.00
0.00
0.00
0.00
0.00
0.00
0.00
0.00
0.00
0.00
0.00
0.00
1.00
0.00
0.00
0.00
0.00
0.00
0.00
0.00
0.00
0.00
55.00
0.00
0.00
0.00
0.00
0.00
0.00
0.00
0.00
0.00
0.00
0.00
0.00
0.00
0.00
0.00
0.00
0.00
0.00
0.00
0.00
0.00
0.00
0.00
0.00
32.00
0.00
0.00
0.00
0.00
0.00
0.00
0.00
0.00
6.00
0.00
0.00
0.00
0.00
0.00
0.00
0.00
0.00
0.00
0.00
0.00
0.00
0.00
0.00
0.00
0.00
0.00
0.00
0.00
0.00
0.00
0.00
3.00
0.00
0.00
0.00
0.00
0.00
0.00
0.00
0.00
0.00
0.00
0.00
0.00
0.00
0.00
0.00
0.00
0.00
0.00
0.00
0.00
0.00
0.00
0.00
39.00
9.00
103.00
28.00
0.00
0.00
0.00
0.00
0.00
0.00
0.00
0.00
18.00
71.00
0.00
0.00
95.00
2.00
188.00
26.00
3.00
0.00
0.00
0.00
0.00
23.00
154.00
18.00
86.00
0.00
0.00
0.00
0.00
27.00
21.00
0.00
13.00
317.00
266.00
249.00
796.00
608.00
333.00
257.00
0.00
0.00
19.00
85.00
69.00
0.00
0.00
0.00
0.00
0.00
68.00
16.00
24.00
17.00
132.00
4.00
55.00
12.00
0.00
3.00
115.00
121.00
24.00
132.00
10.00
103.00
79.00
0.00
0.00
1.00
141.00
88.00
9.00
1.00
11.00
0.00
0.00
0.00
3.00
33.00
59.00
13.00
7.00
3.00
45.00
6.00
4.00
0.00
0.00
136.00
29.00
40.00
50.00
9.00
103.00
609.00
63.00
114.00
67.00
129.00
30.00
0.00
0.00
53.00
136.00
299.00
53.00
170.00
278.00
18.00
0.00
5.00
333.00
52.00
94.00
18.00
1.00
3.00
44.00
41.00
0.00
0.00
2.00
56.00
43.00
39.00
96.00
61.00
38.00
64.00
51.00
16.00
8.00
42.00
144.00
128.00
23.00
104.00
22.00
7.00
355.00
32.00
13.00
0.00
54.00
89.00
26.00
50.00
54.00
30.00
0.00
4.00
28.00
11.00
83.00
9.00
1.00
6.00
29.00
28.00
181.00
17.00
10.00
56.00
61.00
17.00
0.00
17.00
80.00
65.00
11.00
30.00
33.00
5.00
12.00
13.00
0.00
1.00
23.00
22.00
0.00
4.00
680.00
80.00
55.00
1.00
73.00
32.00
3.00
19.00
1.00
3.00
2.00
7.00
0.00
0.00
1.00
42.00
10.00
46.00
43.00
0.00
52.00
25.00
2.00
412.00
14.00
77.00
274.00
0.00
28.00
42.00
15.00
3.00
98.00
15.00
125.00
222.00
11.00
6.00
6.00
19.00
2.00
0.00
16.00
0.00
9.00
13.00
0.00
0.00
28.00
24.00
6.00
0.00
0.00
18.00
2.00
54.00
125.00
624.00
0.00
0.00
0.00
0.00
0.00
0.00
0.00
1339.00
541.00
0.00
0.00
0.00
0.00
0.00
0.00
0.00
0.00
0.00
0.00
0.00
0.00
7.00
0.00
8.00
224.00
0.00
5.00
0.00
0.00
0.00
0.00
0.00
0.00
0.00
0.00
0.00
0.00
0.00
0.00
0.00
0.00
0.00
0.00
0.00
0.00
0.00
10.00
20.00
255.00
21.00
0.00
0.00
0.00
0.00
0.00
0.00
0.00
0.00
65.00
0.00
0.00
0.00
0.00
0.00
0.00
0.00
0.00
0.00
0.00
0.00
6.00
50.00
85.00
0.00
0.00
0.00
0.00
0.00
0.00
0.00
0.00
0.00
0.00
0.00
0.00
0.00
0.00
0.00
0.00
0.00
0.00
0.00
0.00
0.00
0.00
0.00
0.00
0.00
0.00
0.00
0.00
0.00
0.00
0.00
0.00
0.00
5.00
0.00
0.00
4.00
1.00
1.00
0.00
0.00
0.00
0.00
0.00
0.00
0.00
0.00
0.00
0.00
0.00
0.00
0.00
0.00
1.00
614.00
0.00
0.00
0.00
0.00
0.00
0.00
65.00
0.00
0.00
0.00
0.00
0.00
0.00
89.00
196.00
0.00
93.00
333.00
172.00
7.00
0.00
0.00
0.00
0.00
0.00
0.00
0.00
53.00
49.00
0.00
34.00
36.00
0.00
1.00
44.00
0.00
163.00
0.00
16.00
1.00
79.00
15.00
13.00
59.00
188.00
7.00
43.00
6.00
0.00
38.00
69.00
1.00
15.00
116.00
3.00
0.00
0.00
7.00
0.00
0.00
82.00
80.00
46.00
1.00
298.00
6.00
186.00
112.00
103.00
80.00
96.00
536.00
309.00
3.00
135.00
30.00
0.00
4.00
0.00
0.00
0.00
0.00
0.00
0.00
0.00
0.00
67.00
16.00
20.00
33.00
24.00
92.00
0.00
13.00
0.00
54.00
40.00
21.00
31.00
94.00
3.00
18.00
116.00
90.00
149.00
608.00
160.00
138.00
51.00
17.00
0.00
0.00
5.00
17.00
0.00
5.00
11.00
16.00
11.00
106.00
25.00
22.00
20.00
1.00
0.00
5.00
0.00
3.00
3.00
12.00
65.00
131.00
14.00
47.00
44.00
8.00
3.00
0.00
2.00
3.00
6.00
0.00
0.00
14.00
5.00
37.00
49.00
310.00
118.00
15.00
55.00
72.00
152.00
244.00
25.00
22.00
9.00
60.00
64.00
68.00
26.00
1.00
107.00
89.00
43.00
149.00
37.00
42.00
1.00
25.00
6.00
32.00
53.00
4.00
24.00
53.00
6.00
68.00
29.00
1.00
0.00
56.00
6.00
3.00
1.00
0.00
95.00
4.00
9.00
123.00
0.00
0.00
0.00
3.00
25.00
16.00
0.00
16.00
2.00
0.00
12.00
17.00
0.00
2.00
8.00
44.00
4.00
6.00
2.00
5.00
1.00
0.00
2.00
0.00
0.00
0.00
0.00
0.00
0.00
0.00
0.00
0.00
0.00
0.00
0.00
55.00
35.00
197.00
106.00
60.00
0.00
0.00
0.00
0.00
0.00
0.00
0.00
0.00
0.00
0.00
0.00
0.00
337.00
314.00
81.00
114.00
8.00
0.00
0.00
0.00
1.00
0.00
0.00
0.00
0.00
0.00
0.00
0.00
0.00
0.00
0.00
0.00
0.00
0.00
0.00
0.00
0.00
0.00
0.00
0.00
0.00
0.00
0.00
0.00
0.00
0.00
0.00
0.00
0.00
0.00
0.00
2.00
0.00
0.00
0.00
0.00
0.00
30.00
0.00
0.00
0.00
0.00
0.00
39.00
49.00
0.00
0.00
0.00
0.00
0.00
0.00
0.00
0.00
0.00
0.00
0.00
0.00
0.00
0.00
0.00
0.00
0.00
0.00
0.00
0.00
0.00
0.00
0.00
0.00
0.00
0.00
0.00
0.00
0.00
0.00
0.00
0.00
0.00
0.00
0.00
0.00
0.00
0.00
0.00
0.00
0.00
13.00
0.00
0.00
0.00
0.00
0.00
0.00
0.00
0.00
0.00
0.00
0.00
0.00
0.00
0.00
0.00
0.00
0.00
1.00
4.00
0.00
0.00
0.00
0.00
0.00
1.80
0.00
22.70
9.60
49.70
24.40
0.00
0.00
0.00
0.00
4.20
1.80
0.00
0.00
0.00
0.00
0.00
0.00
0.00
0.00
0.20
0.00
5.50
3.80
30.70
2.50
0.40
0.20
0.00
0.00
0.00
2.80
3.80
0.00
0.00
0.00
15.80
44.30
46.90
0.00
113.20
6.60
7.30
13.90
30.50
4.50
0.00
0.00
0.00
0.00
1.10
5.10
0.00
21.00
0.00
3.50
12.70
0.00
2.60
0.00
0.00
0.00
0.00
0.20
7.00
5.30
4.30
4.30
0.80
4.20
9.30
0.00
0.00
0.00
0.20
3.00
0.00
3.10
6.70
2.80
0.00
0.00
0.10
12.50
2.40
0.00
0.00
0.00
0.10
0.10
3.90
1.10
0.00
0.00
0.00
0.00
0.00
5.40
0.10
0.00
2.80
0.20
0.00
0.60
1.30
0.00
2.90
0.00
0.00
0.00
0.00
14.40
5.80
0.00
0.00
2.30
5.50
0.20
14.90
0.40
0.00
0.10
1.40
2.80
1.30
0.20
2.50
0.10
0.50
0.00
0.00
0.50
0.80
8.30
2.50
1.70
7.60
7.60
4.60
4.60
2.60
7.30
7.30
0.00
1.40
7.30
7.30
7.30
8.60
6.40
0.00
1.20
12.90
7.60
1.40
0.00
0.60
2.60
5.40
1.50
0.70
0.50
0.00
3.80
0.80
0.50
5.40
1.10
10.40
0.10
2.10
1.80
3.30
2.70
0.10
0.00
0.20
0.40
3.60
3.40
9.70
10.50
0.80
0.10
0.00
0.00
18.70
0.00
8.70
2.30
0.00
0.30
0.00
0.00
7.40
0.20
3.90
0.20
1.80
10.30
7.50
3.60
0.50
0.40
1.80
4.70
0.10
0.10
0.10
1.00
5.20
23.20
11.20
11.00
7.60
20.40
0.00
2.20
3.60
1.80
1.80
5.00
0.00
0.00
1.70
3.40
7.10
0.60
6.10
1.50
0.00
0.00
0.00
0.10
2.60
0.10
0.00
0.00
0.00
0.10
2.10
1.30
1.30
1.00
4.40
4.50
