20160101
0.00
0.00
0.00
0.00
0.00
0.00
0.00
0.00
0.00
0.00
0.00
0.00
0.00
0.00
0.00
0.00
0.00
0.00
11.00
5.00
0.00
0.00
0.00
0.00
0.00
0.00
0.00
0.00
0.00
0.00
0.00
0.00
0.00
0.00
0.00
0.00
0.00
0.00
6.00
0.00
0.00
0.00
0.00
0.00
0.00
0.00
0.00
0.00
0.00
0.00
13.00
1.00
0.00
0.00
0.00
0.00
4.00
0.00
0.00
0.00
0.00
0.00
0.00
0.00
0.00
4.00
0.00
0.00
0.00
0.00
0.00
0.00
2.00
8.00
0.00
0.00
0.00
0.00
15.00
2.00
0.00
0.00
0.00
0.00
0.00
0.00
18.00
411.00
1.00
390.00
314.00
10.00
1.00
0.00
0.00
14.00
0.00
0.00
0.00
0.00
0.00
0.00
0.00
0.00
0.00
0.00
225.00
5.00
53.00
1.00
31.00
0.00
0.00
0.00
0.00
0.00
0.00
218.00
9.00
0.00
0.00
0.00
0.00
81.00
10.00
42.00
1.00
394.00
15.00
40.00
159.00
8.00
54.00
120.00
324.00
189.00
6.00
18.00
249.00
245.00
32.00
15.00
0.00
0.00
156.00
108.00
0.00
22.00
0.00
0.00
14.00
96.00
0.00
0.00
0.00
15.00
0.00
5.00
15.00
0.00
14.00
35.00
188.00
7.00
0.00
145.00
224.00
191.00
3.00
51.00
27.00
4.00
76.00
31.00
648.00
172.00
12.00
25.00
94.00
1.00
3.00
2.00
120.00
229.00
141.00
295.00
130.00
0.00
74.00
241.00
51.00
33.00
134.00
64.00
117.00
115.00
64.00
126.00
345.00
247.00
92.00
153.00
380.00
58.00
254.00
26.00
293.00
18.00
14.00
84.00
268.00
289.00
61.00
185.00
200.00
4.00
144.00
141.00
27.00
49.00
42.00
33.00
61.00
66.00
17.00
39.00
134.00
159.00
145.00
95.00
1.00
0.00
0.00
19.00
0.00
6.00
15.00
161.00
16.00
0.00
262.00
26.00
221.00
28.00
18.00
266.00
0.00
69.00
1.00
4.00
6.00
1.00
0.00
134.00
23.00
15.00
2.00
1.00
26.00
26.00
71.00
46.00
47.00
43.00
117.00
0.00
413.00
44.00
655.00
128.00
0.00
71.00
364.00
0.00
0.00
4.00
21.00
0.00
11.00
1.00
40.00
4.00
291.00
287.00
45.00
0.00
0.00
0.00
0.00
0.00
0.00
0.00
0.00
0.00
0.00
0.00
0.00
0.00
0.00
0.00
40.00
0.00
0.00
0.00
0.00
0.00
0.00
8.00
15.00
14.00
0.00
0.00
0.00
0.00
0.00
0.00
0.00
0.00
0.00
0.00
0.00
0.00
0.00
0.00
0.00
0.00
0.00
0.00
0.00
0.00
0.00
0.00
0.00
0.00
0.00
1.00
0.00
0.00
0.00
0.00
0.00
0.00
0.00
0.00
0.00
0.00
0.00
0.00
0.00
0.00
0.00
0.00
0.00
0.00
0.00
0.00
0.00
0.00
0.00
0.00
64.00
0.00
0.00
0.00
0.00
0.00
0.00
0.00
0.00
0.00
0.00
0.00
0.00
0.00
0.00
109.00
0.00
0.00
0.00
0.00
0.00
0.00
0.00
0.00
0.00
0.00
0.00
0.00
0.00
0.00
0.00
4.00
24.00
18.00
0.00
0.00
0.00
0.00
0.00
0.00
0.00
0.00
0.00
0.00
0.00
0.00
0.00
0.00
0.00
0.00
0.00
0.00
0.00
0.00
0.00
0.00
0.00
0.00
0.00
0.00
0.00
0.00
0.00
0.00
0.00
0.00
0.00
0.00
56.00
0.00
0.00
0.00
7.00
0.00
188.00
0.00
0.00
0.00
0.00
0.00
0.00
1.00
192.00
19.00
120.00
0.00
0.00
0.00
0.00
431.00
0.00
23.00
801.00
29.00
14.00
24.00
162.00
335.00
152.00
9.00
271.00
14.00
3.00
43.00
0.00
0.00
0.00
0.00
0.00
0.00
647.00
81.00
0.00
2.00
145.00
65.00
643.00
343.00
0.00
220.00
34.00
1.00
0.00
85.00
0.00
77.00
18.00
0.00
429.00
184.00
28.00
38.00
0.00
10.00
406.00
4.00
281.00
5.00
4.00
602.00
444.00
0.00
35.00
464.00
22.00
106.00
20.00
93.00
9.00
0.00
58.00
267.00
1.00
1.00
94.00
46.00
282.00
137.00
313.00
127.00
1.00
12.00
0.00
20.00
32.00
70.00
82.00
3.00
1009.00
51.00
79.00
21.00
378.00
38.00
672.00
453.00
14.00
145.00
21.00
2.00
102.00
10.00
1.00
6.00
17.00
68.00
67.00
313.00
6.00
539.00
230.00
33.00
43.00
44.00
26.00
193.00
128.00
190.00
84.00
0.00
4.00
10.00
69.00
7.00
506.00
311.00
3.00
6.00
128.00
261.00
78.00
60.00
1.00
9.00
27.00
267.00
16.00
22.00
319.00
55.00
65.00
36.00
129.00
256.00
68.00
5.00
170.00
420.00
1023.00
361.00
347.00
200.00
56.00
79.00
47.00
6.00
6.00
49.00
150.00
213.00
25.00
4.00
18.00
457.00
81.00
25.00
62.00
21.00
65.00
352.00
257.00
88.00
0.00
140.00
71.00
131.00
502.00
679.00
826.00
152.00
0.00
0.00
10.00
0.00
0.00
303.00
101.00
217.00
178.00
1.00
3.00
2.00
19.00
2.00
0.00
188.00
80.00
422.00
583.00
148.00
172.00
0.00
0.00
0.00
5.00
0.00
1.00
0.00
0.00
0.00
0.00
204.00
34.00
4.00
0.00
0.00
0.00
15.00
827.00
700.00
0.00
0.00
0.00
0.00
0.00
0.00
0.00
0.00
29.00
0.00
0.00
0.00
0.00
0.00
0.00
0.00
0.00
0.00
0.00
0.00
0.00
0.00
5.00
4.00
139.00
41.00
1.00
0.00
0.00
0.00
0.00
0.00
0.00
0.00
0.00
0.00
0.00
0.00
0.00
0.00
0.00
0.00
0.00
0.00
0.00
0.00
0.00
4.00
47.00
56.00
0.00
0.00
0.00
0.00
0.00
0.00
0.00
0.00
5.00
0.00
0.00
0.00
0.00
0.00
0.00
0.00
0.00
0.00
0.00
0.00
0.00
1.00
0.00
0.00
0.00
0.00
0.00
0.00
0.00
0.00
0.00
0.00
0.00
0.00
0.00
0.00
0.00
0.00
0.00
0.00
0.00
0.00
0.00
0.00
0.00
0.00
0.00
0.00
0.00
0.00
0.00
0.00
0.00
0.00
0.00
0.00
0.00
0.00
380.00
35.00
4.00
18.00
13.00
115.00
63.00
467.00
0.00
0.00
0.00
0.00
0.00
0.00
0.00
0.00
0.00
0.00
323.00
0.00
0.00
0.00
0.00
0.00
0.00
0.00
1.00
0.00
0.00
0.00
0.00
0.00
0.00
34.00
0.00
0.00
0.00
16.00
0.00
0.00
0.00
0.00
0.00
0.00
0.00
0.00
0.00
0.00
0.00
15.00
261.00
798.00
137.00
5.00
3.00
6.00
0.00
23.00
1.00
9.00
34.00
139.00
0.00
70.00
13.00
0.00
21.00
0.00
29.00
136.00
3.00
11.00
12.00
17.00
0.00
1.00
34.00
46.00
12.00
0.00
35.00
35.00
278.00
90.00
216.00
15.00
295.00
0.00
304.00
475.00
0.00
355.00
72.00
1.00
11.00
134.00
0.00
138.00
4.00
0.00
0.00
0.00
0.00
2.00
16.00
58.00
131.00
239.00
119.00
12.00
119.00
0.00
41.00
21.00
43.00
0.00
10.00
0.00
36.00
0.00
2.00
0.00
2.00
80.00
57.00
43.00
11.00
183.00
12.00
85.00
112.00
108.00
83.00
13.00
0.00
0.00
3.00
42.00
39.00
11.00
0.00
49.00
23.00
37.00
390.00
470.00
38.00
24.00
0.00
0.00
11.00
0.00
4.00
21.00
10.00
90.00
36.00
27.00
30.00
9.00
8.00
11.00
6.00
346.00
55.00
32.00
122.00
138.00
94.00
9.00
120.00
274.00
133.00
47.00
83.00
708.00
156.00
0.00
22.00
83.00
33.00
21.00
14.00
2.00
2.00
6.00
39.00
65.00
89.00
469.00
35.00
3.00
1.00
225.00
170.00
96.00
134.00
1033.00
266.00
80.00
50.00
18.00
80.00
9.00
5.00
13.00
58.00
167.00
313.00
232.00
44.00
1.00
0.00
0.00
0.00
33.00
538.00
552.00
105.00
72.00
0.00
0.00
0.00
2.00
25.00
90.00
0.00
2.00
2.00
33.00
38.00
53.00
0.00
86.00
0.00
0.00
0.00
0.00
0.00
0.00
0.00
0.00
0.00
0.00
0.00
1.00
499.00
19.00
19.00
0.00
0.00
0.00
0.00
0.00
0.00
0.00
0.00
0.00
0.00
0.00
0.00
0.00
0.00
0.00
0.00
0.00
0.00
0.00
0.00
0.00
59.00
0.00
0.00
0.00
0.00
0.00
0.00
0.00
0.00
0.00
0.00
0.00
0.00
0.00
0.00
0.00
0.00
0.00
0.00
0.00
0.00
0.00
0.00
0.00
0.00
0.00
0.00
0.00
0.00
0.00
0.00
29.00
0.00
0.00
0.00
0.00
0.00
0.00
0.00
0.00
0.00
0.00
1.00
80.00
346.00
0.00
0.00
0.00
0.00
0.00
0.00
0.00
0.00
0.00
0.00
0.00
0.00
0.00
0.00
0.00
0.00
0.00
20.00
0.00
0.00
0.00
0.00
0.00
0.00
0.00
0.00
0.00
0.00
0.00
0.00
0.00
0.00
0.00
0.00
0.00
0.00
0.00
0.00
0.00
0.00
0.00
0.00
0.00
0.00
0.00
0.00
0.00
0.00
0.00
0.00
3.00
18.00
0.00
0.00
0.00
0.00
0.00
0.00
6.00
9.00
0.00
0.00
0.00
0.00
0.00
0.00
0.00
4.30
3.20
0.00
31.40
7.00
0.00
0.00
0.00
7.00
0.00
0.00
0.00
0.00
0.00
0.00
0.00
0.00
0.00
0.10
0.00
0.00
0.40
4.00
0.00
0.00
0.00
0.10
0.00
0.00
0.00
19.70
0.00
0.00
52.50
0.70
75.30
2.10
19.40
0.00
10.30
25.20
10.60
1.80
1.60
20.60
0.00
0.00
0.00
4.40
0.00
21.20
11.00
0.00
0.00
0.00
0.00
4.80
0.00
0.00
0.00
0.00
5.60
0.00
16.10
4.00
9.40
9.40
7.90
77.40
51.80
0.00
0.00
4.00
0.00
7.10
15.70
71.80
0.00
12.80
5.80
49.70
0.00
36.50
39.40
7.10
7.10
0.00
29.10
29.10
8.40
2.00
0.30
31.60
4.70
8.90
23.10
22.70
9.50
20.70
26.30
0.00
0.40
0.00
0.00
0.00
0.00
0.50
27.00
0.00
4.80
4.30
16.80
71.50
5.70
0.00
6.60
25.80
4.20
0.20
0.00
0.00
28.20
115.00
85.60
9.50
0.10
0.50
2.40
0.00
0.00
9.20
4.80
15.30
9.50
62.10
204.10
204.10
63.90
63.90
26.10
0.10
0.10
2.10
0.00
0.10
0.10
0.10
0.20
12.10
81.30
8.70
5.10
9.90
3.90
0.30
6.00
14.70
21.00
4.90
0.90
0.20
25.00
4.10
12.80
10.20
5.40
1.10
2.30
10.50
41.20
20.60
13.30
8.80
3.70
4.00
1.00
0.00
0.20
0.30
91.90
11.90
6.70
0.80
0.00
0.40
4.00
0.50
4.20
4.30
2.00
11.00
9.10
9.90
0.80
3.00
5.10
1.70
14.80
19.20
1.90
0.80
55.00
6.40
15.90
41.00
26.30
0.00
0.00
0.10
0.70
13.60
19.20
21.00
24.40
0.00
2.20
37.70
10.80
104.40
104.40
0.00
0.00
1.80
7.00
2.50
96.90
43.10
7.70
0.00
0.00
0.00
0.00
0.00
0.00
0.00
0.00
0.00
0.00
0.00
0.10
0.10
0.00
0.30
22.00
120.00
