20160101
0.00
0.00
0.00
0.00
0.00
0.00
0.00
0.00
144.00
0.00
0.00
0.00
3.00
0.00
0.00
0.00
0.00
0.00
0.00
57.00
0.00
0.00
0.00
0.00
0.00
0.00
0.00
0.00
0.00
0.00
0.00
0.00
0.00
0.00
0.00
0.00
0.00
0.00
5.00
0.00
0.00
0.00
0.00
0.00
0.00
0.00
0.00
0.00
0.00
0.00
2.00
59.00
0.00
98.00
330.00
0.00
8.00
0.00
48.00
0.00
0.00
0.00
0.00
5.00
0.00
59.00
0.00
0.00
33.00
0.00
0.00
0.00
8.00
0.00
0.00
0.00
0.00
0.00
11.00
0.00
0.00
0.00
1.00
0.00
0.00
0.00
0.00
435.00
54.00
241.00
127.00
1.00
0.00
44.00
26.00
179.00
67.00
67.00
83.00
0.00
0.00
23.00
94.00
18.00
401.00
217.00
535.00
159.00
150.00
201.00
59.00
8.00
52.00
1213.00
425.00
1.00
145.00
118.00
486.00
95.00
183.00
51.00
12.00
0.00
52.00
0.00
24.00
4.00
1.00
24.00
0.00
146.00
93.00
151.00
97.00
402.00
1356.00
1089.00
141.00
17.00
65.00
503.00
0.00
0.00
102.00
11.00
1.00
57.00
13.00
88.00
7.00
26.00
0.00
0.00
0.00
133.00
17.00
122.00
233.00
36.00
88.00
151.00
5.00
6.00
0.00
14.00
83.00
21.00
295.00
30.00
0.00
14.00
12.00
65.00
3.00
7.00
9.00
16.00
3.00
2.00
58.00
425.00
308.00
260.00
135.00
30.00
31.00
78.00
0.00
3.00
8.00
2.00
77.00
23.00
5.00
1.00
101.00
65.00
0.00
4.00
0.00
0.00
11.00
61.00
48.00
56.00
243.00
17.00
18.00
55.00
51.00
83.00
26.00
12.00
0.00
6.00
20.00
5.00
139.00
29.00
44.00
7.00
86.00
26.00
52.00
33.00
20.00
8.00
3.00
1.00
17.00
5.00
197.00
93.00
1.00
42.00
1.00
554.00
0.00
6.00
53.00
170.00
147.00
236.00
7.00
1.00
140.00
76.00
115.00
23.00
44.00
11.00
0.00
1.00
19.00
102.00
191.00
1.00
0.00
28.00
77.00
20.00
91.00
64.00
50.00
78.00
127.00
16.00
568.00
0.00
0.00
386.00
1.00
76.00
303.00
0.00
2.00
0.00
0.00
63.00
33.00
75.00
206.00
357.00
37.00
127.00
0.00
0.00
0.00
0.00
0.00
0.00
0.00
0.00
0.00
0.00
0.00
0.00
0.00
0.00
110.00
11.00
5.00
0.00
0.00
0.00
0.00
24.00
116.00
204.00
206.00
11.00
0.00
0.00
0.00
0.00
0.00
0.00
0.00
0.00
0.00
0.00
0.00
0.00
0.00
4.00
0.00
0.00
0.00
0.00
0.00
0.00
0.00
0.00
0.00
47.00
0.00
0.00
0.00
0.00
0.00
0.00
0.00
0.00
0.00
0.00
0.00
0.00
0.00
0.00
0.00
0.00
0.00
0.00
0.00
0.00
0.00
0.00
0.00
0.00
138.00
0.00
0.00
0.00
0.00
0.00
0.00
0.00
0.00
11.00
0.00
0.00
0.00
0.00
0.00
0.00
0.00
0.00
0.00
0.00
0.00
0.00
0.00
0.00
0.00
0.00
0.00
0.00
0.00
0.00
0.00
0.00
1.00
0.00
0.00
0.00
0.00
0.00
0.00
0.00
0.00
0.00
0.00
0.00
0.00
0.00
0.00
0.00
0.00
0.00
0.00
0.00
0.00
0.00
0.00
0.00
55.00
158.00
514.00
17.00
0.00
0.00
0.00
0.00
0.00
0.00
0.00
0.00
13.00
158.00
0.00
0.00
126.00
12.00
294.00
55.00
0.00
0.00
0.00
0.00
0.00
85.00
313.00
50.00
108.00
0.00
0.00
0.00
0.00
42.00
0.00
1.00
10.00
448.00
101.00
517.00
1142.00
928.00
919.00
146.00
0.00
0.00
44.00
376.00
82.00
3.00
0.00
0.00
0.00
0.00
161.00
1.00
0.00
37.00
232.00
22.00
59.00
14.00
0.00
14.00
136.00
211.00
91.00
353.00
41.00
120.00
113.00
0.00
0.00
3.00
258.00
200.00
25.00
18.00
22.00
0.00
1.00
0.00
25.00
75.00
71.00
11.00
2.00
35.00
193.00
21.00
28.00
72.00
0.00
270.00
96.00
101.00
6.00
20.00
86.00
650.00
153.00
276.00
162.00
445.00
10.00
0.00
0.00
4.00
224.00
210.00
212.00
283.00
182.00
146.00
0.00
0.00
33.00
279.00
235.00
182.00
0.00
34.00
73.00
31.00
193.00
114.00
502.00
87.00
122.00
69.00
306.00
91.00
31.00
190.00
88.00
54.00
7.00
89.00
61.00
82.00
62.00
77.00
38.00
35.00
177.00
51.00
14.00
0.00
45.00
147.00
28.00
8.00
35.00
20.00
5.00
7.00
28.00
9.00
103.00
48.00
49.00
50.00
6.00
14.00
92.00
46.00
7.00
49.00
30.00
25.00
7.00
44.00
244.00
161.00
75.00
39.00
53.00
165.00
34.00
4.00
0.00
3.00
49.00
4.00
0.00
36.00
262.00
93.00
6.00
60.00
41.00
5.00
71.00
46.00
68.00
115.00
125.00
0.00
0.00
7.00
6.00
15.00
30.00
162.00
0.00
64.00
63.00
6.00
0.00
189.00
22.00
110.00
123.00
7.00
0.00
0.00
7.00
0.00
13.00
105.00
33.00
130.00
175.00
0.00
6.00
0.00
0.00
0.00
19.00
4.00
180.00
258.00
95.00
1.00
43.00
55.00
16.00
1.00
0.00
0.00
28.00
132.00
398.00
850.00
0.00
0.00
0.00
0.00
0.00
0.00
0.00
541.00
1518.00
0.00
0.00
0.00
0.00
0.00
0.00
0.00
0.00
0.00
0.00
0.00
0.00
0.00
0.00
13.00
176.00
1.00
0.00
0.00
0.00
0.00
0.00
0.00
0.00
0.00
0.00
0.00
0.00
0.00
0.00
0.00
0.00
0.00
0.00
0.00
0.00
0.00
1.00
12.00
612.00
209.00
2.00
0.00
0.00
0.00
0.00
0.00
0.00
0.00
90.00
0.00
0.00
0.00
0.00
0.00
0.00
0.00
0.00
0.00
15.00
0.00
50.00
151.00
10.00
0.00
0.00
0.00
0.00
0.00
0.00
0.00
0.00
0.00
0.00
0.00
0.00
0.00
0.00
0.00
0.00
0.00
0.00
0.00
0.00
0.00
0.00
0.00
0.00
0.00
0.00
0.00
0.00
0.00
0.00
0.00
0.00
0.00
0.00
0.00
0.00
0.00
0.00
24.00
20.00
1.00
0.00
0.00
0.00
0.00
0.00
0.00
0.00
0.00
0.00
0.00
0.00
0.00
56.00
1017.00
0.00
0.00
0.00
0.00
21.00
0.00
46.00
0.00
0.00
0.00
0.00
0.00
0.00
218.00
593.00
0.00
275.00
148.00
439.00
0.00
0.00
0.00
0.00
0.00
0.00
0.00
0.00
46.00
13.00
2.00
109.00
124.00
24.00
0.00
11.00
0.00
0.00
11.00
3.00
3.00
29.00
4.00
35.00
95.00
141.00
0.00
105.00
0.00
1.00
60.00
2.00
0.00
15.00
215.00
22.00
0.00
6.00
5.00
0.00
0.00
227.00
27.00
118.00
7.00
152.00
9.00
102.00
136.00
215.00
152.00
79.00
535.00
796.00
51.00
65.00
64.00
0.00
16.00
0.00
0.00
0.00
0.00
0.00
0.00
0.00
19.00
57.00
87.00
165.00
103.00
4.00
60.00
0.00
2.00
0.00
59.00
7.00
48.00
56.00
3.00
8.00
42.00
132.00
55.00
339.00
948.00
849.00
567.00
88.00
33.00
0.00
0.00
0.00
0.00
0.00
7.00
25.00
27.00
0.00
51.00
11.00
7.00
2.00
2.00
1.00
12.00
21.00
20.00
0.00
24.00
85.00
86.00
8.00
345.00
18.00
24.00
15.00
3.00
0.00
14.00
25.00
6.00
0.00
54.00
45.00
39.00
10.00
166.00
176.00
1.00
11.00
46.00
42.00
95.00
255.00
196.00
4.00
30.00
75.00
16.00
51.00
13.00
121.00
5.00
8.00
68.00
260.00
19.00
12.00
3.00
35.00
2.00
31.00
3.00
76.00
31.00
0.00
125.00
26.00
43.00
13.00
13.00
5.00
1.00
0.00
0.00
72.00
0.00
5.00
76.00
1.00
0.00
0.00
5.00
12.00
22.00
51.00
186.00
16.00
0.00
10.00
7.00
0.00
208.00
15.00
4.00
3.00
4.00
11.00
3.00
0.00
0.00
91.00
0.00
0.00
0.00
1.00
0.00
0.00
0.00
0.00
0.00
0.00
0.00
0.00
31.00
34.00
317.00
347.00
122.00
0.00
0.00
0.00
0.00
0.00
0.00
0.00
0.00
0.00
0.00
0.00
0.00
403.00
229.00
25.00
61.00
0.00
0.00
0.00
0.00
6.00
0.00
0.00
0.00
0.00
0.00
0.00
0.00
0.00
0.00
9.00
0.00
0.00
0.00
0.00
0.00
0.00
0.00
0.00
0.00
0.00
0.00
0.00
0.00
0.00
0.00
0.00
0.00
0.00
0.00
0.00
12.00
0.00
0.00
0.00
0.00
0.00
194.00
0.00
0.00
0.00
0.00
15.00
85.00
313.00
0.00
0.00
0.00
0.00
0.00
0.00
0.00
0.00
0.00
0.00
0.00
0.00
0.00
0.00
0.00
0.00
0.00
0.00
0.00
0.00
2.00
0.00
0.00
0.00
0.00
0.00
0.00
0.00
0.00
0.00
0.00
0.00
0.00
0.00
0.00
0.00
0.00
0.00
1.00
1.00
0.00
4.00
0.00
0.00
0.00
0.00
0.00
0.00
0.00
0.00
0.00
0.00
4.00
0.00
0.00
0.00
0.00
0.00
0.00
0.00
7.00
0.00
0.00
0.00
0.00
0.00
0.00
0.00
15.80
6.80
91.50
58.20
0.00
0.00
0.00
0.00
6.50
0.00
0.00
0.00
0.00
0.00
0.00
0.00
0.00
0.00
1.80
0.20
4.00
4.90
24.40
0.00
0.00
1.50
0.00
0.00
0.00
8.00
0.50
0.00
0.00
0.00
38.70
37.40
61.10
0.00
65.70
9.90
5.10
1.00
45.10
10.10
0.00
0.00
0.00
0.00
2.30
8.50
0.80
17.10
0.00
4.20
15.70
0.00
1.90
0.00
0.00
0.00
0.00
0.90
12.40
28.90
18.20
18.20
1.20
24.30
32.20
0.10
0.50
0.00
4.20
18.90
1.70
8.60
38.30
2.30
6.00
5.80
3.70
4.80
4.60
0.20
0.20
4.60
13.90
13.90
8.60
5.50
0.10
0.00
0.00
0.00
1.20
8.00
0.50
0.10
11.60
1.00
0.00
12.30
10.60
0.00
7.30
1.00
0.00
0.20
0.10
75.90
32.70
0.00
11.30
11.90
21.20
44.30
13.20
3.70
0.00
0.60
8.00
22.00
33.20
4.70
0.30
0.20
0.10
0.40
5.30
4.50
1.60
23.10
32.20
4.40
11.70
11.70
37.90
37.90
25.70
7.10
7.10
0.00
0.00
7.10
7.10
7.10
5.40
4.00
2.60
4.60
29.20
25.00
10.70
0.40
0.70
1.40
3.00
10.50
54.40
5.50
1.40
0.80
1.80
2.70
57.80
0.10
1.10
0.60
4.50
8.80
2.00
1.20
0.10
0.60
0.00
0.20
1.90
4.60
5.60
5.30
2.90
0.20
0.00
0.80
9.50
0.20
1.90
3.90
0.50
1.90
1.40
5.60
14.10
3.70
12.60
6.60
1.10
3.40
5.30
16.50
0.60
0.00
1.00
10.50
1.20
0.10
0.00
0.30
7.20
26.10
23.20
12.70
15.30
17.30
0.80
14.10
12.50
3.30
3.30
7.40
0.20
0.00
0.80
9.20
25.50
0.90
6.40
1.30
0.00
0.00
0.00
0.00
1.50
0.10
0.00
0.10
0.10
0.00
6.50
0.70
0.20
0.70
2.40
15.60
