20160101
0.00
0.00
0.00
0.00
0.00
0.00
0.00
0.00
0.00
0.00
0.00
0.00
0.00
0.00
0.00
0.00
0.00
0.00
0.00
67.00
0.00
0.00
0.00
0.00
0.00
4.00
6.00
0.00
0.00
0.00
0.00
0.00
0.00
0.00
0.00
0.00
0.00
2.00
24.00
0.00
0.00
0.00
0.00
0.00
0.00
0.00
0.00
0.00
0.00
0.00
0.00
0.00
0.00
0.00
0.00
0.00
6.00
71.00
0.00
0.00
9.00
0.00
4.00
80.00
0.00
30.00
0.00
0.00
0.00
0.00
0.00
0.00
17.00
2.00
2.00
0.00
0.00
0.00
13.00
0.00
0.00
0.00
1.00
0.00
0.00
0.00
124.00
248.00
19.00
50.00
115.00
0.00
1.00
0.00
10.00
156.00
36.00
82.00
29.00
5.00
0.00
0.00
0.00
28.00
283.00
69.00
400.00
145.00
86.00
128.00
171.00
6.00
27.00
430.00
218.00
19.00
175.00
85.00
232.00
76.00
349.00
114.00
37.00
23.00
21.00
6.00
55.00
14.00
10.00
43.00
4.00
117.00
35.00
119.00
8.00
225.00
499.00
332.00
220.00
37.00
48.00
469.00
2.00
0.00
19.00
1.00
0.00
0.00
9.00
0.00
0.00
130.00
1.00
0.00
0.00
183.00
25.00
226.00
299.00
83.00
0.00
26.00
21.00
14.00
2.00
3.00
40.00
47.00
97.00
0.00
5.00
19.00
18.00
19.00
154.00
0.00
44.00
30.00
177.00
11.00
31.00
15.00
2.00
99.00
119.00
101.00
7.00
9.00
125.00
61.00
121.00
49.00
15.00
0.00
0.00
1.00
4.00
18.00
9.00
10.00
3.00
20.00
37.00
26.00
24.00
16.00
96.00
25.00
78.00
23.00
8.00
200.00
26.00
6.00
0.00
4.00
142.00
61.00
75.00
30.00
97.00
29.00
24.00
34.00
47.00
69.00
255.00
164.00
23.00
11.00
12.00
0.00
115.00
67.00
0.00
0.00
0.00
272.00
0.00
86.00
174.00
23.00
27.00
101.00
77.00
30.00
88.00
1.00
254.00
203.00
13.00
4.00
50.00
113.00
71.00
1.00
103.00
31.00
9.00
26.00
117.00
99.00
66.00
172.00
76.00
74.00
35.00
0.00
294.00
184.00
4.00
306.00
15.00
81.00
5.00
48.00
0.00
70.00
10.00
25.00
9.00
52.00
100.00
68.00
21.00
82.00
0.00
0.00
0.00
0.00
0.00
0.00
0.00
0.00
0.00
0.00
0.00
14.00
0.00
0.00
46.00
0.00
0.00
0.00
0.00
0.00
0.00
0.00
52.00
378.00
259.00
3.00
0.00
0.00
0.00
0.00
0.00
0.00
0.00
0.00
0.00
0.00
0.00
0.00
0.00
0.00
0.00
0.00
0.00
0.00
0.00
0.00
0.00
0.00
0.00
14.00
0.00
0.00
0.00
0.00
0.00
0.00
0.00
0.00
0.00
0.00
0.00
0.00
0.00
0.00
0.00
0.00
0.00
0.00
0.00
0.00
0.00
0.00
0.00
0.00
32.00
0.00
0.00
0.00
0.00
0.00
0.00
0.00
0.00
0.00
0.00
0.00
0.00
0.00
0.00
0.00
0.00
0.00
0.00
0.00
0.00
0.00
0.00
0.00
0.00
8.00
0.00
0.00
0.00
0.00
0.00
1.00
27.00
0.00
0.00
0.00
0.00
0.00
0.00
0.00
0.00
0.00
0.00
0.00
0.00
0.00
0.00
0.00
0.00
0.00
0.00
0.00
0.00
0.00
0.00
0.00
0.00
0.00
186.00
0.00
0.00
0.00
0.00
0.00
0.00
0.00
0.00
0.00
1.00
189.00
0.00
0.00
81.00
0.00
587.00
12.00
0.00
0.00
0.00
0.00
0.00
49.00
279.00
12.00
119.00
0.00
0.00
0.00
0.00
47.00
30.00
10.00
36.00
159.00
296.00
308.00
718.00
791.00
1037.00
130.00
1.00
0.00
34.00
87.00
8.00
0.00
0.00
0.00
0.00
0.00
144.00
1.00
0.00
0.00
173.00
56.00
51.00
3.00
0.00
0.00
39.00
74.00
73.00
95.00
21.00
144.00
8.00
0.00
21.00
2.00
190.00
229.00
3.00
15.00
13.00
3.00
9.00
22.00
55.00
45.00
55.00
15.00
0.00
65.00
52.00
68.00
64.00
53.00
6.00
142.00
225.00
172.00
25.00
18.00
110.00
750.00
20.00
296.00
485.00
41.00
0.00
3.00
57.00
5.00
24.00
88.00
250.00
606.00
115.00
26.00
0.00
0.00
237.00
1260.00
412.00
144.00
0.00
210.00
30.00
68.00
415.00
131.00
53.00
77.00
33.00
52.00
252.00
6.00
14.00
14.00
82.00
275.00
15.00
0.00
58.00
112.00
259.00
33.00
28.00
0.00
1.00
260.00
177.00
2.00
50.00
297.00
0.00
20.00
127.00
155.00
13.00
30.00
17.00
15.00
110.00
46.00
72.00
13.00
0.00
0.00
68.00
150.00
45.00
13.00
16.00
11.00
3.00
331.00
605.00
585.00
71.00
1.00
8.00
28.00
344.00
84.00
0.00
65.00
20.00
0.00
0.00
0.00
116.00
110.00
2.00
71.00
10.00
17.00
70.00
23.00
0.00
104.00
7.00
0.00
14.00
37.00
7.00
7.00
240.00
27.00
13.00
17.00
0.00
56.00
11.00
145.00
0.00
26.00
44.00
0.00
2.00
90.00
418.00
3.00
139.00
91.00
381.00
53.00
75.00
115.00
5.00
3.00
0.00
0.00
134.00
0.00
172.00
42.00
51.00
41.00
65.00
37.00
22.00
8.00
0.00
2.00
4.00
76.00
436.00
1027.00
0.00
0.00
0.00
0.00
0.00
0.00
0.00
174.00
878.00
0.00
0.00
0.00
0.00
0.00
0.00
0.00
0.00
0.00
0.00
0.00
0.00
0.00
0.00
1.00
328.00
61.00
2.00
0.00
0.00
0.00
0.00
0.00
0.00
0.00
0.00
0.00
0.00
0.00
0.00
0.00
0.00
0.00
0.00
0.00
0.00
0.00
7.00
4.00
153.00
57.00
0.00
0.00
0.00
0.00
0.00
0.00
0.00
0.00
1.00
14.00
0.00
0.00
0.00
0.00
0.00
0.00
0.00
0.00
0.00
0.00
0.00
235.00
58.00
0.00
0.00
0.00
0.00
0.00
0.00
0.00
0.00
0.00
0.00
0.00
0.00
0.00
0.00
0.00
0.00
0.00
0.00
0.00
0.00
0.00
0.00
0.00
0.00
0.00
0.00
0.00
0.00
0.00
0.00
0.00
0.00
0.00
0.00
3.00
12.00
7.00
17.00
20.00
24.00
0.00
0.00
0.00
0.00
0.00
0.00
0.00
0.00
0.00
0.00
0.00
0.00
0.00
236.00
695.00
0.00
0.00
0.00
0.00
0.00
0.00
1.00
0.00
0.00
0.00
0.00
0.00
2.00
32.00
26.00
0.00
1.00
105.00
3.00
0.00
0.00
0.00
0.00
0.00
0.00
57.00
2.00
2.00
73.00
0.00
43.00
208.00
60.00
5.00
16.00
0.00
20.00
1.00
1.00
64.00
8.00
26.00
95.00
52.00
51.00
19.00
33.00
51.00
62.00
174.00
13.00
14.00
2.00
26.00
12.00
0.00
0.00
0.00
0.00
5.00
180.00
18.00
146.00
74.00
186.00
1.00
3.00
52.00
230.00
153.00
58.00
840.00
329.00
67.00
25.00
19.00
0.00
36.00
0.00
0.00
0.00
0.00
0.00
0.00
0.00
3.00
112.00
495.00
202.00
9.00
20.00
0.00
1.00
12.00
0.00
1.00
1.00
35.00
2.00
172.00
30.00
31.00
72.00
73.00
99.00
1151.00
1721.00
743.00
223.00
38.00
79.00
3.00
0.00
0.00
0.00
43.00
84.00
68.00
17.00
16.00
62.00
0.00
0.00
0.00
81.00
191.00
310.00
64.00
0.00
1.00
30.00
5.00
5.00
0.00
216.00
65.00
68.00
58.00
96.00
116.00
12.00
0.00
3.00
160.00
122.00
44.00
34.00
132.00
103.00
4.00
2.00
21.00
8.00
59.00
263.00
249.00
3.00
0.00
29.00
327.00
15.00
119.00
53.00
0.00
22.00
13.00
13.00
13.00
10.00
71.00
306.00
2.00
8.00
25.00
142.00
2.00
0.00
23.00
49.00
108.00
244.00
32.00
4.00
0.00
0.00
29.00
5.00
8.00
4.00
200.00
1.00
0.00
0.00
0.00
40.00
52.00
29.00
238.00
97.00
0.00
0.00
0.00
8.00
3.00
280.00
93.00
47.00
1.00
5.00
40.00
0.00
0.00
2.00
0.00
0.00
0.00
0.00
0.00
0.00
0.00
0.00
0.00
0.00
0.00
0.00
19.00
22.00
144.00
100.00
0.00
0.00
0.00
0.00
0.00
0.00
0.00
0.00
0.00
0.00
0.00
0.00
0.00
0.00
49.00
70.00
25.00
0.00
0.00
65.00
0.00
0.00
0.00
0.00
0.00
0.00
0.00
0.00
0.00
0.00
0.00
0.00
0.00
0.00
0.00
0.00
0.00
0.00
0.00
0.00
0.00
0.00
0.00
0.00
0.00
0.00
0.00
0.00
0.00
0.00
0.00
0.00
8.00
0.00
0.00
0.00
0.00
0.00
0.00
0.00
0.00
0.00
0.00
0.00
72.00
244.00
0.00
0.00
0.00
0.00
0.00
0.00
0.00
0.00
0.00
0.00
0.00
0.00
0.00
0.00
0.00
0.00
0.00
0.00
0.00
0.00
0.00
0.00
0.00
0.00
0.00
0.00
0.00
0.00
0.00
0.00
0.00
0.00
0.00
0.00
0.00
0.00
0.00
0.00
0.00
0.00
0.00
0.00
0.00
0.00
0.00
0.00
0.00
0.00
0.00
0.00
0.00
0.00
2.00
0.00
0.00
0.00
1.00
0.00
0.00
10.00
0.00
0.00
0.00
0.00
0.00
0.00
0.00
0.20
24.90
0.10
77.60
64.20
0.00
0.00
0.00
0.00
0.00
0.00
0.00
0.00
0.00
0.00
0.00
0.00
0.00
0.00
0.00
0.20
0.50
3.70
22.60
0.00
9.80
5.50
0.00
0.00
0.00
11.30
2.70
0.00
0.00
0.20
80.60
17.70
40.30
0.10
25.30
15.20
47.20
11.40
11.20
16.20
0.00
0.00
0.00
0.30
15.10
16.20
6.20
10.60
0.00
0.00
5.20
1.40
1.90
0.00
0.00
0.00
2.00
0.00
8.90
7.50
12.40
12.40
0.40
18.50
98.80
5.50
0.00
22.50
8.60
30.00
41.40
36.50
25.90
8.90
1.40
3.00
4.60
14.40
8.40
0.00
0.00
16.10
9.90
9.90
3.00
1.10
7.00
0.10
0.00
0.20
1.30
8.50
0.00
2.50
2.40
4.50
0.00
1.10
0.60
0.00
2.90
0.40
1.50
1.40
9.30
14.10
6.90
13.50
13.90
0.00
13.00
11.80
9.70
0.10
0.00
0.40
14.90
49.00
61.70
6.00
0.00
4.00
3.20
5.40
1.20
41.40
40.30
38.70
22.40
6.30
14.40
14.40
70.10
70.10
31.10
0.00
0.00
0.00
0.00
0.00
0.00
0.00
2.00
20.00
2.90
1.50
33.10
29.30
8.20
19.20
0.20
4.80
2.70
6.60
40.60
3.30
1.40
0.50
0.70
23.10
9.00
0.10
8.60
0.00
12.00
5.30
0.10
0.10
0.70
0.00
0.00
2.10
0.50
0.80
6.20
8.30
15.90
0.00
0.30
13.10
4.20
0.20
13.90
1.30
0.00
6.50
6.90
11.70
2.70
25.80
12.40
0.80
5.40
1.40
1.00
7.70
0.10
0.00
0.90
2.00
0.00
2.40
1.60
3.40
13.40
14.50
5.50
4.10
10.00
0.70
0.00
3.70
4.60
8.90
8.90
18.90
0.00
0.20
8.70
2.60
2.60
0.90
8.80
0.90
0.10
0.00
0.00
0.00
0.10
1.00
0.00
0.10
6.30
13.40
4.90
0.30
0.20
3.00
11.70
41.50
