20160101
0.00
0.00
0.00
0.00
0.00
0.00
0.00
0.00
73.00
0.00
0.00
0.00
3.00
0.00
0.00
0.00
0.00
0.00
0.00
76.00
0.00
0.00
0.00
0.00
0.00
0.00
0.00
0.00
0.00
0.00
0.00
0.00
0.00
0.00
0.00
0.00
0.00
0.00
3.00
6.00
0.00
0.00
0.00
0.00
0.00
0.00
1.00
0.00
0.00
0.00
1.00
0.00
0.00
10.00
210.00
0.00
3.00
17.00
17.00
0.00
0.00
0.00
0.00
13.00
0.00
61.00
0.00
0.00
1.00
0.00
0.00
0.00
36.00
0.00
0.00
5.00
0.00
0.00
21.00
0.00
0.00
0.00
9.00
0.00
0.00
0.00
5.00
412.00
57.00
148.00
61.00
0.00
0.00
31.00
15.00
132.00
29.00
51.00
71.00
0.00
0.00
3.00
50.00
8.00
271.00
159.00
335.00
126.00
162.00
166.00
63.00
7.00
25.00
984.00
190.00
1.00
118.00
113.00
248.00
82.00
186.00
41.00
14.00
0.00
27.00
11.00
6.00
2.00
2.00
9.00
0.00
167.00
80.00
102.00
54.00
192.00
1056.00
800.00
156.00
21.00
88.00
447.00
0.00
13.00
96.00
12.00
3.00
37.00
26.00
86.00
1.00
55.00
0.00
0.00
0.00
249.00
27.00
184.00
175.00
42.00
36.00
191.00
50.00
24.00
0.00
60.00
53.00
14.00
230.00
35.00
0.00
10.00
4.00
59.00
2.00
15.00
36.00
15.00
8.00
6.00
30.00
26.00
273.00
179.00
221.00
15.00
26.00
21.00
4.00
4.00
4.00
0.00
73.00
25.00
14.00
6.00
81.00
52.00
0.00
6.00
0.00
1.00
9.00
49.00
31.00
56.00
229.00
11.00
26.00
31.00
47.00
80.00
35.00
31.00
7.00
23.00
29.00
14.00
100.00
41.00
50.00
14.00
203.00
47.00
50.00
21.00
15.00
19.00
10.00
1.00
4.00
5.00
172.00
134.00
1.00
40.00
0.00
417.00
0.00
10.00
23.00
84.00
127.00
108.00
8.00
1.00
99.00
138.00
61.00
6.00
27.00
10.00
0.00
8.00
19.00
222.00
104.00
4.00
0.00
20.00
52.00
38.00
112.00
12.00
97.00
172.00
149.00
27.00
469.00
8.00
0.00
230.00
1.00
111.00
162.00
1.00
10.00
0.00
0.00
57.00
103.00
83.00
209.00
87.00
30.00
84.00
0.00
0.00
0.00
0.00
0.00
1.00
0.00
0.00
0.00
0.00
0.00
0.00
0.00
0.00
92.00
8.00
23.00
0.00
0.00
0.00
7.00
25.00
79.00
218.00
220.00
52.00
0.00
0.00
0.00
0.00
0.00
0.00
0.00
0.00
0.00
1.00
0.00
1.00
0.00
0.00
0.00
0.00
0.00
0.00
0.00
0.00
0.00
0.00
0.00
32.00
1.00
0.00
0.00
0.00
0.00
0.00
0.00
0.00
0.00
0.00
0.00
0.00
6.00
0.00
0.00
0.00
0.00
0.00
0.00
0.00
0.00
0.00
0.00
0.00
62.00
0.00
0.00
0.00
0.00
0.00
0.00
0.00
0.00
122.00
0.00
0.00
0.00
0.00
0.00
0.00
0.00
0.00
0.00
0.00
0.00
0.00
0.00
0.00
0.00
0.00
0.00
0.00
0.00
0.00
0.00
0.00
12.00
0.00
0.00
0.00
0.00
0.00
0.00
0.00
0.00
0.00
0.00
0.00
0.00
0.00
0.00
0.00
0.00
0.00
0.00
0.00
0.00
0.00
0.00
0.00
39.00
79.00
597.00
0.00
0.00
0.00
0.00
0.00
0.00
0.00
0.00
0.00
20.00
118.00
0.00
0.00
168.00
15.00
311.00
48.00
0.00
0.00
0.00
0.00
0.00
68.00
275.00
64.00
103.00
0.00
0.00
0.00
31.00
34.00
0.00
0.00
9.00
236.00
129.00
408.00
789.00
844.00
902.00
141.00
0.00
0.00
31.00
213.00
26.00
0.00
0.00
0.00
0.00
0.00
83.00
2.00
0.00
10.00
191.00
29.00
42.00
13.00
0.00
9.00
83.00
120.00
124.00
231.00
25.00
162.00
87.00
0.00
0.00
2.00
178.00
194.00
11.00
16.00
22.00
3.00
1.00
43.00
46.00
55.00
59.00
23.00
2.00
11.00
99.00
21.00
8.00
65.00
0.00
242.00
97.00
138.00
42.00
14.00
103.00
659.00
127.00
211.00
165.00
495.00
8.00
0.00
2.00
3.00
178.00
287.00
199.00
426.00
165.00
164.00
0.00
6.00
32.00
202.00
72.00
283.00
0.00
44.00
36.00
54.00
79.00
214.00
352.00
136.00
102.00
46.00
363.00
137.00
37.00
74.00
39.00
40.00
17.00
31.00
60.00
85.00
66.00
84.00
50.00
44.00
198.00
54.00
21.00
0.00
65.00
154.00
57.00
9.00
40.00
39.00
10.00
6.00
29.00
19.00
79.00
52.00
10.00
2.00
0.00
10.00
80.00
70.00
14.00
39.00
28.00
26.00
4.00
56.00
372.00
227.00
45.00
25.00
40.00
159.00
32.00
2.00
0.00
8.00
45.00
7.00
0.00
18.00
424.00
315.00
3.00
27.00
50.00
23.00
38.00
35.00
6.00
154.00
202.00
0.00
0.00
5.00
1.00
21.00
2.00
129.00
3.00
47.00
14.00
4.00
0.00
155.00
29.00
148.00
107.00
1.00
0.00
0.00
4.00
0.00
9.00
80.00
46.00
129.00
27.00
1.00
33.00
0.00
10.00
0.00
7.00
3.00
104.00
121.00
56.00
0.00
21.00
54.00
30.00
0.00
0.00
0.00
17.00
96.00
368.00
785.00
0.00
0.00
0.00
0.00
0.00
0.00
0.00
505.00
1500.00
0.00
0.00
0.00
0.00
0.00
0.00
0.00
0.00
0.00
0.00
0.00
0.00
0.00
0.00
20.00
228.00
2.00
0.00
0.00
0.00
0.00
0.00
0.00
0.00
0.00
0.00
0.00
48.00
0.00
0.00
0.00
0.00
0.00
0.00
0.00
0.00
0.00
1.00
23.00
430.00
216.00
0.00
0.00
0.00
0.00
0.00
0.00
0.00
0.00
71.00
0.00
0.00
29.00
0.00
11.00
0.00
0.00
0.00
0.00
0.00
0.00
63.00
143.00
3.00
37.00
0.00
0.00
0.00
0.00
0.00
0.00
0.00
0.00
0.00
0.00
0.00
0.00
0.00
0.00
0.00
0.00
0.00
0.00
0.00
0.00
0.00
0.00
0.00
0.00
0.00
0.00
0.00
0.00
0.00
0.00
0.00
0.00
0.00
0.00
0.00
0.00
0.00
33.00
9.00
0.00
0.00
0.00
0.00
0.00
0.00
0.00
0.00
0.00
0.00
0.00
5.00
0.00
55.00
1069.00
0.00
0.00
0.00
0.00
0.00
0.00
48.00
0.00
0.00
0.00
0.00
0.00
0.00
99.00
188.00
0.00
95.00
130.00
207.00
0.00
0.00
0.00
0.00
0.00
0.00
0.00
4.00
18.00
4.00
0.00
114.00
74.00
27.00
0.00
15.00
0.00
0.00
100.00
0.00
5.00
37.00
12.00
36.00
71.00
144.00
0.00
64.00
0.00
39.00
69.00
10.00
4.00
8.00
132.00
11.00
0.00
4.00
14.00
0.00
12.00
230.00
22.00
76.00
15.00
212.00
14.00
132.00
70.00
179.00
101.00
53.00
689.00
581.00
42.00
124.00
71.00
0.00
42.00
0.00
2.00
0.00
0.00
0.00
0.00
0.00
15.00
36.00
75.00
30.00
63.00
8.00
81.00
1.00
2.00
0.00
57.00
2.00
18.00
47.00
26.00
0.00
39.00
198.00
82.00
221.00
893.00
512.00
557.00
78.00
33.00
8.00
2.00
0.00
0.00
1.00
0.00
34.00
32.00
2.00
36.00
16.00
7.00
2.00
0.00
2.00
14.00
63.00
54.00
0.00
37.00
70.00
91.00
10.00
310.00
27.00
50.00
35.00
8.00
0.00
7.00
44.00
6.00
0.00
61.00
51.00
41.00
15.00
161.00
151.00
9.00
6.00
62.00
53.00
138.00
251.00
238.00
6.00
19.00
50.00
17.00
19.00
20.00
142.00
3.00
7.00
45.00
166.00
19.00
47.00
4.00
57.00
5.00
41.00
4.00
69.00
25.00
1.00
128.00
25.00
26.00
23.00
10.00
2.00
1.00
0.00
4.00
70.00
0.00
2.00
74.00
0.00
0.00
0.00
2.00
19.00
4.00
62.00
179.00
14.00
0.00
0.00
226.00
19.00
17.00
4.00
11.00
6.00
1.00
20.00
3.00
0.00
2.00
36.00
0.00
1.00
0.00
3.00
0.00
0.00
0.00
0.00
0.00
0.00
0.00
0.00
38.00
38.00
365.00
313.00
200.00
0.00
0.00
3.00
0.00
0.00
2.00
0.00
0.00
0.00
0.00
0.00
0.00
289.00
254.00
48.00
92.00
0.00
0.00
0.00
0.00
0.00
0.00
0.00
0.00
0.00
0.00
0.00
0.00
5.00
0.00
0.00
0.00
0.00
0.00
0.00
0.00
0.00
0.00
0.00
0.00
0.00
0.00
0.00
0.00
0.00
0.00
0.00
0.00
0.00
0.00
0.00
5.00
0.00
0.00
0.00
0.00
0.00
5.00
0.00
0.00
0.00
0.00
20.00
63.00
258.00
0.00
0.00
0.00
0.00
0.00
0.00
0.00
0.00
0.00
0.00
0.00
0.00
0.00
0.00
0.00
0.00
0.00
0.00
0.00
0.00
0.00
0.00
0.00
0.00
0.00
0.00
0.00
0.00
0.00
0.00
0.00
0.00
0.00
0.00
0.00
0.00
0.00
0.00
0.00
0.00
0.00
2.00
0.00
0.00
0.00
0.00
0.00
0.00
0.00
0.00
0.00
0.00
4.00
0.00
0.00
0.00
0.00
0.00
0.00
0.00
13.00
0.00
0.00
0.00
0.00
0.00
0.00
0.00
19.40
5.30
96.70
54.00
0.00
0.00
0.00
0.30
2.90
0.00
0.00
0.00
0.00
0.00
0.00
0.00
0.00
0.00
1.50
0.10
3.90
10.20
21.80
0.70
0.00
0.50
0.00
0.00
0.00
7.30
1.20
0.00
0.00
0.10
37.30
33.20
52.10
0.00
53.10
10.00
6.90
1.90
42.50
11.10
0.00
0.00
0.00
0.00
5.20
8.20
0.70
16.10
0.00
9.10
29.40
0.00
2.90
0.00
0.00
0.00
0.20
0.00
10.20
19.40
5.80
5.80
0.80
15.60
29.40
0.00
0.00
0.00
5.10
20.60
4.10
11.20
4.40
1.20
3.80
2.70
0.00
4.10
2.90
0.10
0.10
5.60
8.70
8.70
5.50
3.50
0.10
0.00
0.00
0.80
0.20
7.70
0.70
0.00
5.20
1.50
0.10
16.20
5.10
0.00
1.60
1.80
0.00
0.40
2.10
68.10
39.10
0.00
5.50
3.40
12.80
14.50
7.20
1.40
0.00
2.50
4.20
19.70
31.00
4.80
0.50
0.10
0.20
0.50
0.70
1.70
4.00
10.10
20.10
5.00
4.70
4.70
38.30
38.30
4.30
1.70
1.70
0.00
0.00
1.70
1.70
1.70
9.00
3.30
2.60
2.40
23.90
24.70
28.60
0.10
0.80
1.70
5.70
16.30
59.90
8.10
0.80
1.00
6.10
3.50
23.10
0.30
2.80
0.30
5.10
9.50
2.30
3.60
0.30
0.30
0.30
0.30
1.60
5.00
5.10
8.40
1.80
0.40
0.00
0.50
23.50
0.70
1.50
4.90
0.90
2.60
1.30
5.10
10.40
2.70
8.30
3.90
0.70
3.90
2.20
16.10
1.00
4.30
1.90
11.80
1.10
1.00
0.00
5.60
10.60
22.80
16.50
14.90
19.60
16.20
0.00
9.70
5.80
2.30
2.30
7.60
0.10
0.10
0.00
10.00
31.40
3.50
8.50
1.80
0.00
0.00
0.00
0.00
0.50
0.00
0.20
0.20
0.20
0.90
3.20
0.40
1.20
0.20
0.80
5.90
