20160101
0.00
0.00
0.00
0.00
0.00
0.00
0.00
0.00
16.00
0.00
0.00
0.00
0.00
0.00
0.00
0.00
0.00
0.00
0.00
57.00
0.00
0.00
0.00
0.00
0.00
2.00
0.00
0.00
0.00
9.00
0.00
0.00
0.00
0.00
0.00
0.00
0.00
0.00
0.00
3.00
0.00
0.00
0.00
0.00
0.00
0.00
0.00
0.00
0.00
0.00
0.00
0.00
0.00
23.00
3.00
0.00
4.00
89.00
0.00
0.00
0.00
0.00
3.00
3.00
0.00
12.00
0.00
0.00
0.00
83.00
0.00
0.00
41.00
0.00
0.00
4.00
0.00
0.00
0.00
117.00
0.00
0.00
0.00
0.00
0.00
0.00
3.00
236.00
17.00
50.00
42.00
7.00
0.00
12.00
11.00
76.00
70.00
28.00
59.00
0.00
0.00
29.00
0.00
1.00
123.00
57.00
229.00
152.00
39.00
179.00
20.00
0.00
0.00
209.00
50.00
0.00
62.00
64.00
157.00
48.00
195.00
18.00
22.00
8.00
8.00
24.00
0.00
3.00
0.00
0.00
0.00
69.00
32.00
34.00
4.00
50.00
378.00
526.00
126.00
29.00
99.00
347.00
0.00
0.00
39.00
12.00
0.00
16.00
28.00
26.00
1.00
62.00
0.00
0.00
4.00
213.00
45.00
33.00
22.00
10.00
12.00
269.00
17.00
21.00
3.00
0.00
101.00
104.00
453.00
133.00
0.00
7.00
18.00
6.00
1.00
47.00
55.00
13.00
2.00
6.00
55.00
83.00
164.00
250.00
473.00
8.00
17.00
13.00
17.00
7.00
6.00
8.00
40.00
35.00
32.00
62.00
124.00
44.00
0.00
0.00
0.00
16.00
9.00
72.00
67.00
44.00
265.00
6.00
61.00
38.00
93.00
53.00
64.00
68.00
6.00
3.00
39.00
52.00
192.00
126.00
98.00
28.00
7.00
238.00
30.00
27.00
11.00
37.00
60.00
1.00
31.00
0.00
253.00
172.00
4.00
46.00
37.00
221.00
0.00
57.00
65.00
95.00
243.00
43.00
11.00
0.00
45.00
53.00
3.00
2.00
20.00
10.00
3.00
17.00
20.00
123.00
56.00
23.00
2.00
64.00
132.00
62.00
213.00
76.00
42.00
1.00
76.00
11.00
58.00
26.00
55.00
16.00
18.00
9.00
307.00
1.00
1.00
0.00
0.00
11.00
53.00
28.00
181.00
86.00
4.00
43.00
9.00
0.00
0.00
0.00
0.00
0.00
0.00
0.00
0.00
0.00
0.00
0.00
0.00
0.00
55.00
13.00
65.00
9.00
0.00
0.00
0.00
70.00
49.00
221.00
195.00
27.00
0.00
0.00
0.00
0.00
0.00
0.00
0.00
0.00
0.00
0.00
0.00
0.00
0.00
0.00
0.00
0.00
0.00
0.00
0.00
0.00
0.00
0.00
0.00
42.00
1.00
0.00
0.00
0.00
0.00
0.00
0.00
0.00
0.00
0.00
0.00
0.00
0.00
0.00
0.00
0.00
0.00
0.00
0.00
0.00
0.00
0.00
0.00
0.00
99.00
0.00
0.00
0.00
0.00
0.00
0.00
0.00
1.00
48.00
0.00
0.00
0.00
0.00
0.00
0.00
0.00
0.00
0.00
0.00
0.00
0.00
0.00
0.00
0.00
0.00
0.00
0.00
0.00
0.00
0.00
0.00
5.00
0.00
0.00
0.00
0.00
0.00
0.00
0.00
0.00
0.00
0.00
0.00
0.00
0.00
0.00
0.00
0.00
0.00
0.00
0.00
0.00
0.00
0.00
0.00
0.00
0.00
179.00
0.00
0.00
0.00
0.00
0.00
0.00
0.00
0.00
0.00
0.00
19.00
0.00
0.00
87.00
1.00
272.00
42.00
0.00
0.00
0.00
1.00
0.00
7.00
231.00
48.00
128.00
0.00
0.00
0.00
38.00
13.00
8.00
0.00
11.00
122.00
216.00
248.00
384.00
570.00
472.00
125.00
0.00
0.00
10.00
107.00
3.00
0.00
0.00
0.00
0.00
0.00
79.00
0.00
0.00
0.00
108.00
1.00
13.00
16.00
0.00
9.00
56.00
41.00
26.00
115.00
2.00
68.00
16.00
0.00
3.00
1.00
108.00
141.00
2.00
0.00
48.00
7.00
0.00
2.00
3.00
22.00
25.00
17.00
0.00
14.00
16.00
6.00
1.00
27.00
11.00
114.00
28.00
78.00
11.00
4.00
255.00
597.00
57.00
145.00
78.00
61.00
1.00
4.00
0.00
1.00
195.00
144.00
143.00
272.00
168.00
22.00
6.00
7.00
307.00
93.00
24.00
40.00
23.00
16.00
14.00
177.00
1.00
30.00
172.00
337.00
115.00
34.00
171.00
142.00
115.00
30.00
62.00
10.00
41.00
13.00
129.00
249.00
63.00
147.00
24.00
41.00
209.00
35.00
17.00
6.00
42.00
175.00
68.00
93.00
104.00
125.00
39.00
18.00
55.00
18.00
51.00
37.00
10.00
17.00
5.00
24.00
114.00
75.00
32.00
77.00
59.00
38.00
12.00
38.00
152.00
107.00
17.00
57.00
27.00
15.00
7.00
8.00
0.00
3.00
45.00
18.00
3.00
12.00
352.00
59.00
4.00
34.00
21.00
6.00
26.00
62.00
2.00
68.00
30.00
0.00
0.00
45.00
17.00
0.00
32.00
135.00
30.00
50.00
24.00
15.00
2.00
215.00
14.00
15.00
111.00
0.00
4.00
0.00
43.00
1.00
51.00
77.00
211.00
213.00
1.00
0.00
50.00
1.00
23.00
0.00
88.00
0.00
13.00
23.00
3.00
2.00
7.00
16.00
3.00
0.00
0.00
6.00
5.00
17.00
226.00
453.00
0.00
0.00
2.00
0.00
0.00
0.00
0.00
744.00
940.00
0.00
5.00
0.00
0.00
0.00
0.00
0.00
0.00
0.00
0.00
0.00
0.00
0.00
0.00
17.00
188.00
0.00
6.00
0.00
0.00
0.00
0.00
0.00
0.00
0.00
0.00
0.00
0.00
0.00
0.00
0.00
0.00
0.00
0.00
0.00
0.00
1.00
5.00
4.00
51.00
324.00
0.00
0.00
0.00
0.00
0.00
0.00
0.00
0.00
49.00
0.00
0.00
0.00
0.00
0.00
0.00
0.00
0.00
0.00
0.00
0.00
84.00
78.00
8.00
2.00
0.00
0.00
0.00
0.00
0.00
0.00
0.00
14.00
0.00
0.00
0.00
0.00
2.00
0.00
0.00
0.00
0.00
0.00
5.00
0.00
0.00
0.00
0.00
0.00
0.00
0.00
0.00
0.00
0.00
0.00
0.00
0.00
41.00
0.00
6.00
0.00
0.00
8.00
0.00
0.00
0.00
1.00
0.00
0.00
0.00
0.00
0.00
0.00
0.00
0.00
0.00
0.00
3.00
957.00
0.00
0.00
0.00
6.00
0.00
0.00
41.00
0.00
0.00
0.00
0.00
0.00
0.00
81.00
45.00
0.00
0.00
94.00
16.00
3.00
0.00
0.00
0.00
0.00
0.00
0.00
0.00
56.00
0.00
0.00
72.00
119.00
1.00
5.00
6.00
51.00
96.00
18.00
22.00
10.00
100.00
17.00
19.00
17.00
202.00
8.00
46.00
20.00
8.00
20.00
56.00
5.00
4.00
56.00
0.00
0.00
0.00
40.00
6.00
5.00
71.00
39.00
34.00
40.00
307.00
26.00
119.00
31.00
99.00
89.00
35.00
674.00
138.00
10.00
83.00
36.00
0.00
5.00
0.00
0.00
0.00
0.00
0.00
7.00
20.00
0.00
0.00
2.00
0.00
18.00
14.00
80.00
0.00
9.00
0.00
48.00
74.00
4.00
74.00
298.00
19.00
106.00
320.00
183.00
118.00
518.00
319.00
200.00
81.00
11.00
0.00
0.00
0.00
0.00
5.00
4.00
4.00
24.00
30.00
20.00
21.00
3.00
24.00
0.00
11.00
9.00
27.00
14.00
0.00
31.00
30.00
18.00
33.00
0.00
95.00
27.00
33.00
2.00
3.00
24.00
123.00
25.00
1.00
61.00
27.00
84.00
50.00
222.00
224.00
31.00
48.00
104.00
195.00
283.00
37.00
81.00
15.00
29.00
43.00
3.00
4.00
36.00
280.00
17.00
54.00
82.00
106.00
68.00
1.00
4.00
11.00
19.00
155.00
0.00
21.00
23.00
5.00
93.00
9.00
120.00
10.00
43.00
18.00
16.00
0.00
71.00
133.00
17.00
12.00
23.00
0.00
0.00
0.00
10.00
38.00
1.00
4.00
53.00
16.00
0.00
13.00
10.00
0.00
5.00
2.00
28.00
8.00
7.00
3.00
6.00
2.00
7.00
2.00
0.00
0.00
0.00
0.00
0.00
0.00
0.00
2.00
0.00
0.00
0.00
0.00
43.00
38.00
249.00
503.00
96.00
0.00
0.00
0.00
0.00
0.00
0.00
0.00
0.00
0.00
0.00
0.00
0.00
160.00
258.00
40.00
80.00
0.00
0.00
0.00
0.00
0.00
3.00
0.00
0.00
0.00
0.00
0.00
0.00
3.00
0.00
2.00
0.00
0.00
0.00
0.00
0.00
0.00
0.00
0.00
0.00
0.00
0.00
0.00
0.00
0.00
0.00
0.00
0.00
0.00
0.00
0.00
6.00
9.00
0.00
0.00
0.00
0.00
17.00
0.00
0.00
0.00
0.00
4.00
57.00
310.00
0.00
0.00
0.00
0.00
0.00
0.00
0.00
0.00
0.00
0.00
0.00
0.00
0.00
0.00
0.00
0.00
0.00
39.00
0.00
0.00
0.00
0.00
0.00
0.00
0.00
0.00
0.00
0.00
0.00
0.00
0.00
0.00
0.00
0.00
0.00
0.00
0.00
0.00
0.00
0.00
2.00
15.00
0.00
0.00
0.00
0.00
0.00
0.00
0.00
0.00
0.00
0.00
0.00
0.00
0.00
0.00
0.00
0.00
0.00
1.00
0.00
0.00
0.00
0.00
0.00
0.00
0.00
0.00
18.90
7.40
88.80
40.00
0.00
0.00
0.00
0.10
0.40
0.00
0.00
0.00
0.00
0.00
0.00
0.00
0.00
0.00
0.50
0.00
3.40
35.10
30.40
0.00
0.20
0.00
0.00
0.00
0.00
2.40
6.20
0.10
0.00
0.00
17.80
21.90
59.90
0.00
33.10
8.50
1.70
13.00
17.50
3.50
0.00
0.00
0.00
0.30
9.50
3.50
0.10
16.10
25.40
1.70
32.50
0.00
2.30
0.00
0.00
0.00
0.00
0.00
7.20
4.10
0.10
0.10
2.40
2.40
18.70
0.10
0.00
0.00
3.10
8.60
3.70
14.40
4.80
0.00
0.40
0.00
0.00
9.30
1.30
0.00
0.00
1.50
2.10
2.10
0.90
3.10
0.10
2.70
0.00
3.90
0.00
3.50
0.30
1.20
6.00
0.30
0.00
5.90
1.70
0.50
1.10
2.20
0.40
4.70
2.60
16.20
4.00
0.20
1.20
1.60
2.70
9.90
8.60
4.20
0.00
2.70
2.60
2.80
8.60
3.30
0.30
0.00
0.10
0.20
3.90
0.70
2.50
30.30
5.00
5.20
3.30
3.30
13.70
13.70
1.10
1.70
1.70
0.30
0.00
1.70
1.70
1.70
6.60
3.50
3.30
2.60
14.70
11.20
9.20
0.50
0.80
10.40
5.10
12.60
10.20
4.70
0.10
1.20
1.00
0.40
12.60
1.30
2.10
0.20
4.40
5.60
3.70
1.10
0.10
0.90
2.30
0.60
0.20
4.70
9.10
2.70
1.10
0.70
1.10
4.20
21.50
0.40
2.30
2.30
0.30
3.50
0.40
6.80
4.30
0.30
2.00
8.60
1.90
9.50
2.40
8.30
1.80
1.80
3.00
6.20
1.00
4.20
1.10
2.80
11.20
23.80
19.40
13.80
4.70
9.20
0.50
2.10
6.70
2.00
2.00
4.70
0.10
0.90
0.00
8.70
9.80
7.70
7.40
1.50
0.40
0.10
0.00
0.00
5.50
0.00
0.10
1.00
0.60
1.60
2.10
1.30
1.30
1.00
4.40
4.50
