20160101
0.00
0.00
0.00
0.00
0.00
0.00
0.00
0.00
23.00
0.00
0.00
0.00
4.00
0.00
0.00
0.00
0.00
0.00
0.00
84.00
0.00
0.00
0.00
0.00
0.00
6.00
0.00
0.00
0.00
0.00
0.00
0.00
0.00
0.00
0.00
0.00
0.00
2.00
0.00
0.00
0.00
39.00
0.00
0.00
0.00
0.00
0.00
0.00
0.00
0.00
3.00
42.00
0.00
8.00
113.00
0.00
11.00
0.00
35.00
0.00
0.00
0.00
0.00
2.00
0.00
0.00
0.00
0.00
9.00
0.00
7.00
3.00
0.00
1.00
0.00
0.00
1.00
0.00
100.00
1.00
15.00
0.00
0.00
0.00
0.00
0.00
96.00
532.00
156.00
221.00
192.00
4.00
0.00
31.00
112.00
418.00
201.00
297.00
169.00
49.00
1.00
339.00
268.00
268.00
519.00
586.00
546.00
454.00
380.00
756.00
202.00
697.00
359.00
1302.00
645.00
30.00
157.00
237.00
324.00
154.00
273.00
43.00
75.00
20.00
122.00
5.00
115.00
19.00
1.00
1.00
1.00
31.00
103.00
127.00
122.00
379.00
1024.00
836.00
305.00
33.00
52.00
830.00
3.00
0.00
33.00
30.00
18.00
14.00
88.00
18.00
14.00
115.00
0.00
0.00
0.00
17.00
32.00
1181.00
513.00
131.00
33.00
176.00
13.00
29.00
5.00
33.00
162.00
124.00
280.00
65.00
0.00
19.00
134.00
151.00
128.00
3.00
26.00
79.00
128.00
17.00
40.00
18.00
191.00
244.00
163.00
25.00
2.00
35.00
0.00
5.00
206.00
67.00
26.00
14.00
3.00
0.00
61.00
85.00
22.00
11.00
0.00
10.00
69.00
30.00
235.00
65.00
112.00
8.00
0.00
93.00
22.00
114.00
30.00
1.00
0.00
0.00
114.00
185.00
42.00
97.00
113.00
33.00
6.00
0.00
109.00
29.00
443.00
24.00
1.00
0.00
10.00
0.00
152.00
31.00
0.00
5.00
0.00
173.00
1.00
40.00
22.00
423.00
574.00
711.00
206.00
15.00
401.00
1.00
325.00
399.00
198.00
0.00
19.00
44.00
10.00
185.00
295.00
171.00
0.00
2.00
85.00
27.00
26.00
25.00
791.00
100.00
43.00
108.00
464.00
3.00
0.00
749.00
34.00
80.00
13.00
54.00
0.00
0.00
3.00
159.00
35.00
385.00
163.00
72.00
0.00
23.00
0.00
0.00
0.00
0.00
0.00
0.00
0.00
0.00
0.00
0.00
0.00
0.00
0.00
0.00
87.00
4.00
20.00
0.00
0.00
0.00
0.00
6.00
142.00
355.00
530.00
4.00
0.00
0.00
0.00
0.00
0.00
0.00
0.00
0.00
0.00
0.00
0.00
0.00
0.00
0.00
0.00
0.00
0.00
0.00
0.00
0.00
0.00
0.00
0.00
33.00
0.00
0.00
0.00
0.00
0.00
0.00
0.00
0.00
0.00
0.00
0.00
0.00
0.00
0.00
0.00
0.00
0.00
0.00
0.00
0.00
0.00
0.00
0.00
0.00
56.00
0.00
0.00
0.00
0.00
0.00
0.00
0.00
0.00
0.00
0.00
0.00
0.00
0.00
0.00
0.00
0.00
0.00
0.00
0.00
0.00
0.00
0.00
0.00
0.00
0.00
0.00
0.00
0.00
0.00
0.00
0.00
2.00
0.00
0.00
0.00
0.00
0.00
0.00
0.00
0.00
0.00
0.00
0.00
0.00
0.00
0.00
0.00
0.00
0.00
0.00
0.00
0.00
0.00
0.00
0.00
175.00
666.00
77.00
0.00
0.00
0.00
0.00
0.00
0.00
0.00
0.00
0.00
24.00
38.00
0.00
0.00
96.00
1.00
366.00
56.00
0.00
0.00
0.00
0.00
0.00
169.00
286.00
27.00
152.00
0.00
0.00
0.00
0.00
113.00
0.00
72.00
45.00
598.00
469.00
1058.00
1587.00
1160.00
963.00
225.00
9.00
0.00
106.00
69.00
309.00
50.00
0.00
0.00
0.00
0.00
159.00
4.00
0.00
88.00
406.00
91.00
159.00
24.00
0.00
20.00
946.00
181.00
108.00
205.00
22.00
154.00
61.00
0.00
2.00
19.00
490.00
294.00
0.00
23.00
6.00
1.00
5.00
0.00
1.00
188.00
192.00
11.00
0.00
243.00
221.00
157.00
213.00
81.00
11.00
228.00
293.00
195.00
0.00
25.00
182.00
643.00
238.00
839.00
208.00
324.00
14.00
5.00
0.00
5.00
139.00
17.00
1012.00
610.00
187.00
349.00
17.00
164.00
74.00
863.00
531.00
454.00
14.00
159.00
37.00
250.00
470.00
236.00
72.00
95.00
84.00
76.00
212.00
61.00
8.00
60.00
143.00
173.00
135.00
73.00
36.00
48.00
69.00
134.00
204.00
9.00
37.00
348.00
12.00
4.00
34.00
311.00
3.00
0.00
14.00
210.00
29.00
2.00
48.00
8.00
65.00
35.00
195.00
82.00
68.00
113.00
97.00
62.00
239.00
41.00
41.00
18.00
38.00
104.00
828.00
396.00
69.00
13.00
243.00
34.00
54.00
8.00
0.00
23.00
48.00
56.00
3.00
265.00
309.00
147.00
4.00
118.00
72.00
41.00
189.00
259.00
5.00
213.00
7.00
0.00
0.00
23.00
233.00
261.00
631.00
11.00
16.00
119.00
375.00
20.00
3.00
79.00
6.00
153.00
65.00
9.00
2.00
3.00
4.00
0.00
26.00
118.00
385.00
11.00
105.00
251.00
17.00
0.00
3.00
37.00
127.00
298.00
444.00
9.00
0.00
0.00
219.00
140.00
63.00
67.00
0.00
9.00
112.00
261.00
447.00
1416.00
2.00
0.00
0.00
0.00
0.00
0.00
0.00
217.00
608.00
0.00
0.00
0.00
0.00
0.00
0.00
0.00
0.00
0.00
0.00
0.00
0.00
3.00
0.00
11.00
252.00
16.00
9.00
0.00
0.00
0.00
0.00
0.00
0.00
0.00
0.00
0.00
0.00
0.00
0.00
0.00
0.00
0.00
0.00
0.00
0.00
0.00
0.00
17.00
636.00
139.00
0.00
0.00
0.00
0.00
0.00
0.00
0.00
0.00
61.00
0.00
0.00
0.00
0.00
0.00
0.00
0.00
0.00
0.00
0.00
0.00
147.00
165.00
73.00
72.00
0.00
0.00
0.00
0.00
0.00
0.00
0.00
0.00
0.00
0.00
0.00
0.00
0.00
0.00
0.00
0.00
0.00
0.00
0.00
0.00
0.00
0.00
0.00
0.00
0.00
0.00
0.00
0.00
0.00
0.00
0.00
0.00
0.00
0.00
9.00
0.00
23.00
16.00
1.00
4.00
4.00
0.00
0.00
0.00
0.00
0.00
0.00
1.00
0.00
0.00
0.00
0.00
125.00
394.00
0.00
0.00
0.00
0.00
80.00
0.00
0.00
0.00
0.00
0.00
0.00
0.00
0.00
417.00
189.00
0.00
464.00
162.00
361.00
0.00
0.00
0.00
0.00
0.00
0.00
0.00
0.00
31.00
5.00
3.00
233.00
574.00
59.00
0.00
28.00
0.00
0.00
0.00
0.00
8.00
35.00
55.00
289.00
237.00
56.00
0.00
156.00
0.00
0.00
140.00
1.00
60.00
182.00
111.00
41.00
0.00
0.00
193.00
0.00
0.00
61.00
20.00
285.00
13.00
121.00
0.00
51.00
220.00
384.00
197.00
222.00
514.00
449.00
207.00
9.00
97.00
2.00
66.00
0.00
6.00
34.00
0.00
1.00
0.00
0.00
48.00
220.00
679.00
1011.00
95.00
10.00
3.00
83.00
29.00
0.00
2.00
36.00
58.00
21.00
16.00
0.00
4.00
29.00
10.00
198.00
768.00
1314.00
955.00
457.00
66.00
69.00
28.00
6.00
0.00
41.00
157.00
9.00
90.00
3.00
71.00
129.00
9.00
90.00
49.00
7.00
132.00
325.00
106.00
0.00
1.00
99.00
37.00
4.00
31.00
93.00
6.00
91.00
13.00
14.00
155.00
7.00
1.00
0.00
105.00
87.00
26.00
170.00
94.00
224.00
56.00
13.00
196.00
121.00
73.00
312.00
60.00
0.00
17.00
7.00
149.00
16.00
81.00
42.00
18.00
10.00
639.00
25.00
414.00
0.00
12.00
121.00
6.00
1.00
0.00
68.00
9.00
1.00
101.00
158.00
208.00
72.00
36.00
41.00
0.00
0.00
20.00
9.00
3.00
170.00
48.00
0.00
0.00
1.00
0.00
8.00
33.00
369.00
668.00
104.00
0.00
5.00
1.00
0.00
179.00
81.00
2.00
18.00
0.00
28.00
0.00
161.00
0.00
24.00
0.00
0.00
0.00
0.00
0.00
0.00
0.00
0.00
0.00
0.00
0.00
0.00
29.00
57.00
500.00
90.00
11.00
0.00
0.00
0.00
0.00
0.00
0.00
0.00
0.00
0.00
0.00
0.00
0.00
84.00
108.00
85.00
67.00
0.00
0.00
0.00
0.00
98.00
0.00
0.00
0.00
0.00
0.00
0.00
0.00
0.00
0.00
0.00
0.00
0.00
0.00
0.00
0.00
0.00
0.00
0.00
0.00
0.00
0.00
0.00
0.00
0.00
0.00
0.00
0.00
0.00
0.00
0.00
46.00
1.00
0.00
0.00
0.00
0.00
0.00
0.00
0.00
0.00
0.00
3.00
65.00
223.00
0.00
0.00
0.00
0.00
0.00
0.00
0.00
0.00
0.00
0.00
0.00
0.00
0.00
0.00
0.00
0.00
0.00
32.00
0.00
0.00
0.00
0.00
0.00
0.00
0.00
0.00
0.00
0.00
0.00
0.00
0.00
0.00
0.00
0.00
0.00
0.00
0.00
0.00
0.00
0.00
0.00
0.00
0.00
0.00
0.00
0.00
0.00
0.00
0.00
0.00
0.00
0.00
7.00
0.00
0.00
1.00
0.00
0.00
0.00
0.00
2.00
0.00
0.00
0.00
0.00
0.00
0.00
0.00
45.40
4.80
88.80
22.80
0.00
0.00
0.00
0.00
0.70
0.00
0.00
0.00
0.00
0.00
0.00
0.00
0.00
0.00
0.40
0.00
2.50
1.10
8.10
0.00
0.00
16.20
0.00
0.00
0.00
27.80
0.10
0.00
0.00
0.00
74.20
49.90
38.30
0.00
49.20
24.20
50.10
6.50
14.60
12.10
0.00
0.00
6.00
0.00
0.10
44.90
21.50
28.40
0.00
0.00
1.70
0.00
2.10
0.00
0.00
0.00
0.00
1.20
27.60
38.30
87.70
87.70
2.80
30.50
73.60
0.00
5.90
32.00
16.40
36.50
15.50
29.60
13.30
5.90
6.80
12.90
8.60
31.30
24.30
0.00
0.00
43.70
27.50
27.50
13.10
2.20
12.00
3.20
0.00
0.50
9.60
5.10
2.00
0.00
0.20
7.80
0.00
2.50
15.10
3.80
6.80
15.30
1.00
0.00
10.10
44.40
18.20
2.70
87.30
13.20
14.20
59.00
36.40
1.60
0.00
9.50
72.50
77.40
24.40
23.20
0.40
0.00
1.00
43.50
5.40
6.20
73.30
20.70
14.00
3.20
16.10
16.10
59.50
59.50
20.90
15.10
15.10
0.00
0.00
15.10
15.10
15.10
16.20
32.20
20.00
3.60
50.60
31.50
6.70
1.50
0.00
17.70
2.50
4.80
78.30
5.60
2.30
2.90
1.40
7.40
3.90
0.20
1.50
0.00
2.20
3.10
3.10
13.30
5.20
4.40
0.00
1.50
0.20
0.70
15.10
6.50
8.00
0.00
0.00
6.90
1.20
0.10
1.00
3.70
1.00
1.40
2.60
41.70
11.30
60.00
9.40
0.10
0.70
0.60
13.80
10.70
0.90
0.00
0.30
9.90
0.00
0.00
4.60
0.10
3.50
31.80
22.10
16.80
6.50
0.90
4.60
4.30
16.40
7.60
7.60
21.40
0.80
0.40
0.10
3.50
2.90
0.80
18.20
6.70
0.00
0.00
0.00
0.00
8.80
0.00
0.00
0.00
0.00
0.00
4.80
0.70
0.20
2.30
5.50
29.40
