20160101
0.00
0.00
0.00
0.00
0.00
0.00
0.00
0.00
65.00
0.00
0.00
0.00
0.00
0.00
0.00
0.00
0.00
0.00
0.00
1.00
0.00
0.00
0.00
0.00
0.00
5.00
0.00
0.00
0.00
0.00
0.00
0.00
0.00
0.00
0.00
0.00
0.00
0.00
0.00
0.00
0.00
0.00
0.00
0.00
0.00
0.00
0.00
0.00
0.00
0.00
0.00
39.00
0.00
46.00
53.00
0.00
21.00
0.00
0.00
0.00
0.00
0.00
0.00
49.00
0.00
11.00
0.00
0.00
1.00
1.00
0.00
0.00
0.00
0.00
0.00
0.00
2.00
0.00
27.00
5.00
0.00
0.00
7.00
0.00
0.00
0.00
0.00
366.00
54.00
89.00
96.00
23.00
1.00
67.00
10.00
197.00
64.00
24.00
48.00
1.00
0.00
42.00
43.00
27.00
218.00
191.00
339.00
55.00
78.00
116.00
23.00
0.00
15.00
815.00
522.00
7.00
67.00
92.00
170.00
0.00
82.00
96.00
1.00
0.00
6.00
0.00
14.00
12.00
0.00
0.00
0.00
49.00
34.00
101.00
56.00
161.00
645.00
548.00
91.00
98.00
62.00
444.00
0.00
82.00
69.00
14.00
0.00
3.00
3.00
2.00
2.00
5.00
0.00
0.00
0.00
58.00
23.00
81.00
74.00
18.00
50.00
31.00
0.00
0.00
0.00
0.00
69.00
23.00
11.00
10.00
11.00
70.00
2.00
4.00
5.00
66.00
22.00
0.00
1.00
12.00
36.00
118.00
187.00
113.00
171.00
38.00
16.00
24.00
2.00
18.00
10.00
83.00
56.00
76.00
12.00
122.00
181.00
15.00
0.00
0.00
53.00
63.00
16.00
46.00
70.00
31.00
172.00
0.00
140.00
39.00
59.00
2.00
104.00
0.00
1.00
0.00
12.00
14.00
111.00
53.00
4.00
25.00
41.00
21.00
7.00
20.00
3.00
51.00
19.00
0.00
3.00
1.00
418.00
46.00
0.00
51.00
1.00
324.00
0.00
23.00
0.00
17.00
113.00
126.00
4.00
2.00
1.00
15.00
0.00
0.00
0.00
1.00
1.00
16.00
1.00
13.00
0.00
0.00
3.00
5.00
59.00
7.00
33.00
109.00
6.00
8.00
47.00
0.00
169.00
0.00
5.00
16.00
0.00
7.00
10.00
0.00
0.00
0.00
0.00
0.00
1.00
1.00
120.00
45.00
4.00
23.00
0.00
0.00
0.00
0.00
0.00
0.00
0.00
0.00
0.00
0.00
0.00
0.00
0.00
0.00
52.00
174.00
34.00
0.00
0.00
0.00
0.00
45.00
111.00
195.00
140.00
1.00
0.00
0.00
0.00
0.00
0.00
0.00
0.00
0.00
0.00
0.00
0.00
0.00
0.00
0.00
0.00
0.00
0.00
0.00
0.00
0.00
0.00
0.00
0.00
35.00
0.00
0.00
0.00
0.00
0.00
0.00
0.00
0.00
0.00
0.00
0.00
0.00
0.00
0.00
0.00
0.00
0.00
0.00
0.00
0.00
0.00
0.00
0.00
0.00
0.00
0.00
0.00
0.00
0.00
0.00
0.00
0.00
17.00
0.00
0.00
0.00
0.00
0.00
0.00
0.00
0.00
0.00
0.00
0.00
0.00
0.00
0.00
0.00
0.00
0.00
0.00
0.00
0.00
0.00
0.00
0.00
4.00
0.00
0.00
0.00
0.00
0.00
0.00
0.00
0.00
0.00
0.00
0.00
0.00
0.00
0.00
0.00
0.00
0.00
0.00
0.00
0.00
0.00
0.00
0.00
79.00
22.00
14.00
16.00
0.00
0.00
0.00
0.00
0.00
0.00
0.00
0.00
6.00
52.00
0.00
0.00
70.00
0.00
151.00
52.00
1.00
0.00
0.00
0.00
0.00
7.00
102.00
4.00
80.00
0.00
0.00
0.00
0.00
26.00
13.00
0.00
14.00
304.00
277.00
199.00
616.00
314.00
278.00
243.00
1.00
0.00
19.00
45.00
103.00
0.00
0.00
0.00
0.00
1.00
73.00
13.00
57.00
34.00
145.00
6.00
64.00
10.00
0.00
2.00
245.00
79.00
19.00
63.00
7.00
43.00
83.00
0.00
0.00
2.00
83.00
58.00
6.00
0.00
14.00
2.00
0.00
0.00
0.00
41.00
77.00
3.00
17.00
0.00
39.00
7.00
1.00
0.00
0.00
110.00
17.00
34.00
236.00
27.00
115.00
508.00
27.00
26.00
39.00
112.00
31.00
0.00
0.00
23.00
103.00
179.00
13.00
177.00
586.00
0.00
0.00
8.00
115.00
45.00
74.00
16.00
1.00
5.00
72.00
19.00
1.00
0.00
3.00
62.00
17.00
81.00
84.00
90.00
40.00
23.00
58.00
24.00
29.00
7.00
102.00
86.00
22.00
74.00
14.00
1.00
128.00
39.00
4.00
0.00
43.00
98.00
36.00
23.00
61.00
103.00
1.00
7.00
21.00
6.00
119.00
9.00
0.00
9.00
47.00
53.00
128.00
14.00
13.00
119.00
43.00
9.00
1.00
8.00
56.00
51.00
15.00
58.00
122.00
19.00
27.00
42.00
4.00
0.00
18.00
44.00
0.00
23.00
149.00
181.00
23.00
1.00
143.00
8.00
2.00
9.00
12.00
10.00
0.00
2.00
1.00
19.00
3.00
2.00
22.00
21.00
0.00
1.00
38.00
12.00
6.00
424.00
37.00
56.00
136.00
0.00
28.00
88.00
51.00
3.00
108.00
44.00
82.00
307.00
89.00
3.00
0.00
0.00
2.00
0.00
12.00
0.00
7.00
16.00
0.00
0.00
103.00
15.00
4.00
0.00
0.00
0.00
3.00
40.00
103.00
580.00
0.00
0.00
0.00
0.00
0.00
0.00
1.00
1398.00
401.00
0.00
0.00
0.00
0.00
0.00
0.00
0.00
0.00
0.00
0.00
0.00
0.00
0.00
0.00
6.00
58.00
0.00
0.00
2.00
0.00
0.00
0.00
0.00
0.00
0.00
0.00
0.00
0.00
0.00
0.00
0.00
0.00
0.00
0.00
0.00
0.00
0.00
0.00
17.00
605.00
64.00
0.00
0.00
0.00
0.00
0.00
0.00
0.00
0.00
67.00
0.00
0.00
0.00
0.00
0.00
0.00
0.00
0.00
0.00
0.00
0.00
0.00
53.00
70.00
0.00
0.00
0.00
0.00
0.00
0.00
0.00
0.00
0.00
0.00
0.00
0.00
0.00
0.00
0.00
0.00
0.00
0.00
0.00
0.00
0.00
0.00
0.00
0.00
0.00
0.00
0.00
0.00
0.00
0.00
0.00
0.00
0.00
0.00
0.00
0.00
8.00
21.00
1.00
0.00
0.00
0.00
0.00
0.00
0.00
0.00
0.00
0.00
1.00
0.00
0.00
0.00
0.00
0.00
380.00
0.00
0.00
0.00
0.00
0.00
0.00
62.00
0.00
0.00
0.00
0.00
0.00
0.00
68.00
188.00
0.00
223.00
262.00
134.00
27.00
0.00
0.00
0.00
0.00
0.00
0.00
0.00
31.00
64.00
0.00
3.00
15.00
0.00
2.00
48.00
33.00
0.00
0.00
101.00
2.00
13.00
7.00
23.00
125.00
118.00
9.00
29.00
5.00
0.00
16.00
74.00
5.00
16.00
117.00
9.00
0.00
0.00
3.00
0.00
0.00
146.00
102.00
64.00
0.00
273.00
19.00
111.00
277.00
68.00
81.00
89.00
546.00
217.00
24.00
202.00
20.00
0.00
5.00
0.00
0.00
0.00
0.00
0.00
0.00
11.00
4.00
25.00
9.00
1.00
7.00
3.00
59.00
0.00
0.00
0.00
49.00
30.00
32.00
7.00
26.00
6.00
47.00
70.00
113.00
231.00
556.00
81.00
39.00
11.00
33.00
0.00
0.00
27.00
18.00
0.00
30.00
31.00
11.00
65.00
112.00
6.00
40.00
36.00
5.00
0.00
0.00
0.00
0.00
11.00
13.00
50.00
142.00
21.00
30.00
25.00
12.00
14.00
9.00
8.00
2.00
11.00
1.00
0.00
37.00
6.00
43.00
22.00
438.00
146.00
7.00
102.00
100.00
219.00
371.00
6.00
361.00
9.00
85.00
84.00
172.00
63.00
1.00
19.00
151.00
46.00
169.00
74.00
60.00
2.00
57.00
5.00
100.00
27.00
13.00
4.00
84.00
50.00
51.00
47.00
26.00
0.00
55.00
16.00
16.00
5.00
0.00
81.00
37.00
35.00
177.00
0.00
0.00
0.00
5.00
2.00
1.00
0.00
5.00
1.00
0.00
6.00
89.00
1.00
7.00
2.00
57.00
0.00
1.00
6.00
6.00
5.00
0.00
0.00
1.00
0.00
0.00
0.00
0.00
0.00
0.00
0.00
1.00
0.00
4.00
2.00
45.00
45.00
194.00
80.00
21.00
0.00
0.00
0.00
0.00
0.00
0.00
0.00
0.00
0.00
0.00
0.00
0.00
225.00
219.00
73.00
152.00
32.00
0.00
0.00
0.00
1.00
0.00
0.00
0.00
0.00
0.00
0.00
0.00
4.00
0.00
0.00
0.00
0.00
0.00
0.00
0.00
0.00
0.00
0.00
0.00
0.00
0.00
0.00
0.00
0.00
0.00
0.00
0.00
0.00
0.00
0.00
1.00
0.00
0.00
0.00
0.00
0.00
3.00
0.00
0.00
1.00
0.00
5.00
33.00
22.00
0.00
0.00
0.00
0.00
0.00
0.00
0.00
0.00
0.00
0.00
0.00
0.00
0.00
0.00
0.00
0.00
0.00
0.00
0.00
3.00
0.00
0.00
0.00
0.00
0.00
0.00
0.00
0.00
0.00
0.00
0.00
0.00
0.00
0.00
0.00
0.00
0.00
0.00
0.00
0.00
0.00
1.00
0.00
0.00
0.00
0.00
0.00
0.00
0.00
0.00
0.00
0.00
0.00
0.00
0.00
0.00
0.00
0.00
0.00
0.00
4.00
0.00
0.00
0.00
0.00
0.00
1.90
0.00
25.50
9.70
43.00
24.40
0.00
0.00
0.00
0.00
9.00
0.00
0.00
0.00
0.00
0.00
0.00
0.00
0.00
0.00
0.10
0.00
8.50
2.10
13.60
0.00
0.80
0.20
0.00
0.00
0.00
1.20
35.00
0.00
0.00
0.00
14.20
38.80
36.40
0.00
106.30
4.20
1.30
6.20
19.10
5.90
0.00
0.00
0.00
0.80
0.00
5.70
0.00
21.70
0.00
0.70
1.10
0.00
1.50
0.00
0.00
0.00
0.00
0.00
5.00
3.50
2.10
2.10
3.10
8.30
7.20
0.00
0.00
0.00
0.00
2.20
0.00
2.70
3.90
2.60
0.00
0.80
0.30
2.20
0.90
0.00
0.00
0.00
0.50
0.50
3.50
0.00
0.00
0.00
0.00
0.00
0.00
6.10
0.00
0.00
0.00
0.00
0.00
0.00
0.10
0.50
4.00
0.00
0.00
0.40
0.00
8.90
2.00
0.00
0.00
4.10
5.20
3.20
4.70
0.10
1.60
0.10
1.10
1.40
0.40
0.60
0.50
0.50
0.10
0.00
0.00
0.20
1.20
1.20
2.30
0.30
4.80
4.80
0.70
0.70
9.10
3.90
3.90
0.00
1.10
3.90
3.90
3.90
6.30
10.00
0.00
0.80
6.70
2.50
1.80
0.00
0.10
3.20
4.20
1.20
0.10
0.50
0.00
7.30
0.10
1.70
2.60
3.30
13.10
0.50
2.50
0.60
2.60
1.40
0.20
0.00
0.50
0.60
3.20
6.70
10.10
20.90
0.00
0.00
0.00
0.00
17.70
0.00
10.70
0.10
1.40
0.30
0.00
0.00
0.70
0.10
1.80
0.60
1.20
9.10
10.80
3.30
0.80
0.00
1.30
8.40
0.00
0.00
0.00
0.40
18.80
14.80
9.30
8.10
4.20
21.00
0.00
1.50
4.20
1.50
1.50
4.30
0.00
0.00
3.00
0.90
0.90
0.10
3.80
3.60
0.00
0.00
0.00
0.00
3.80
0.30
0.00
0.00
0.00
0.00
0.40
7.20
0.20
0.10
1.40
1.70
