20160101
0.00
0.00
0.00
0.00
0.00
0.00
0.00
0.00
6.00
0.00
0.00
0.00
1.00
0.00
0.00
0.00
0.00
0.00
0.00
44.00
0.00
0.00
0.00
0.00
0.00
6.00
0.00
1.00
0.00
0.00
0.00
0.00
0.00
0.00
0.00
0.00
0.00
2.00
11.00
0.00
0.00
0.00
0.00
0.00
0.00
0.00
0.00
0.00
0.00
0.00
2.00
0.00
0.00
0.00
0.00
0.00
9.00
0.00
0.00
0.00
0.00
0.00
3.00
4.00
3.00
21.00
0.00
0.00
0.00
0.00
0.00
0.00
0.00
15.00
0.00
0.00
0.00
0.00
5.00
0.00
0.00
0.00
0.00
0.00
0.00
0.00
222.00
194.00
9.00
52.00
114.00
8.00
0.00
1.00
13.00
190.00
22.00
138.00
5.00
19.00
0.00
0.00
1.00
50.00
321.00
68.00
449.00
128.00
98.00
134.00
195.00
5.00
3.00
467.00
158.00
35.00
193.00
108.00
234.00
59.00
204.00
304.00
39.00
49.00
14.00
2.00
65.00
41.00
4.00
64.00
17.00
93.00
53.00
167.00
12.00
360.00
362.00
386.00
258.00
29.00
28.00
406.00
8.00
0.00
37.00
8.00
3.00
3.00
7.00
0.00
0.00
192.00
0.00
0.00
0.00
121.00
17.00
296.00
219.00
97.00
13.00
20.00
14.00
0.00
10.00
46.00
195.00
68.00
71.00
0.00
0.00
9.00
38.00
332.00
264.00
0.00
42.00
16.00
160.00
13.00
34.00
46.00
4.00
203.00
55.00
73.00
2.00
10.00
69.00
44.00
164.00
54.00
22.00
0.00
0.00
9.00
9.00
98.00
7.00
21.00
50.00
126.00
62.00
43.00
18.00
47.00
224.00
33.00
47.00
79.00
6.00
97.00
13.00
6.00
0.00
6.00
202.00
187.00
74.00
23.00
105.00
10.00
21.00
14.00
43.00
55.00
238.00
89.00
41.00
10.00
1.00
0.00
17.00
63.00
0.00
0.00
0.00
201.00
0.00
36.00
118.00
23.00
124.00
144.00
252.00
29.00
34.00
12.00
128.00
61.00
10.00
1.00
12.00
110.00
231.00
1.00
119.00
100.00
143.00
18.00
186.00
125.00
79.00
139.00
87.00
107.00
12.00
6.00
103.00
44.00
49.00
278.00
23.00
83.00
9.00
454.00
0.00
1.00
5.00
154.00
6.00
76.00
35.00
99.00
21.00
50.00
0.00
0.00
0.00
0.00
0.00
0.00
0.00
0.00
0.00
0.00
0.00
0.00
0.00
0.00
54.00
0.00
0.00
0.00
0.00
0.00
0.00
368.00
39.00
346.00
253.00
0.00
0.00
0.00
0.00
0.00
0.00
0.00
0.00
0.00
0.00
0.00
0.00
0.00
0.00
0.00
0.00
0.00
0.00
0.00
0.00
0.00
0.00
0.00
0.00
35.00
0.00
0.00
0.00
0.00
0.00
0.00
0.00
0.00
0.00
0.00
0.00
0.00
0.00
0.00
0.00
0.00
0.00
0.00
0.00
0.00
0.00
0.00
0.00
0.00
0.00
0.00
0.00
0.00
0.00
0.00
0.00
0.00
0.00
78.00
0.00
0.00
0.00
0.00
0.00
9.00
0.00
0.00
0.00
0.00
0.00
0.00
0.00
0.00
0.00
0.00
0.00
0.00
0.00
0.00
0.00
0.00
21.00
0.00
0.00
0.00
0.00
0.00
0.00
0.00
0.00
0.00
0.00
0.00
0.00
0.00
0.00
0.00
0.00
0.00
0.00
0.00
0.00
0.00
0.00
0.00
0.00
1.00
0.00
0.00
0.00
0.00
0.00
0.00
0.00
0.00
0.00
0.00
1.00
254.00
0.00
0.00
100.00
0.00
219.00
7.00
0.00
0.00
0.00
0.00
0.00
22.00
276.00
21.00
143.00
0.00
0.00
0.00
0.00
73.00
69.00
16.00
31.00
146.00
210.00
413.00
682.00
749.00
1365.00
161.00
0.00
0.00
79.00
38.00
19.00
0.00
0.00
0.00
2.00
40.00
273.00
0.00
0.00
0.00
176.00
56.00
63.00
1.00
0.00
0.00
117.00
122.00
43.00
164.00
23.00
200.00
15.00
1.00
22.00
13.00
250.00
296.00
5.00
16.00
1.00
0.00
28.00
32.00
48.00
37.00
67.00
16.00
0.00
120.00
34.00
82.00
11.00
75.00
0.00
118.00
350.00
143.00
16.00
2.00
120.00
568.00
3.00
286.00
505.00
50.00
0.00
2.00
20.00
16.00
51.00
145.00
242.00
453.00
240.00
25.00
45.00
0.00
182.00
834.00
285.00
110.00
0.00
303.00
117.00
63.00
206.00
45.00
27.00
7.00
26.00
19.00
259.00
24.00
8.00
5.00
98.00
176.00
9.00
10.00
56.00
113.00
86.00
45.00
31.00
0.00
3.00
165.00
282.00
1.00
61.00
154.00
0.00
93.00
40.00
100.00
7.00
31.00
18.00
15.00
54.00
26.00
62.00
24.00
6.00
2.00
71.00
139.00
56.00
17.00
23.00
22.00
25.00
600.00
838.00
859.00
242.00
10.00
9.00
12.00
261.00
102.00
2.00
59.00
36.00
10.00
20.00
1.00
48.00
168.00
12.00
68.00
1.00
20.00
93.00
11.00
80.00
220.00
45.00
0.00
5.00
1.00
5.00
28.00
274.00
0.00
4.00
12.00
16.00
18.00
0.00
127.00
23.00
56.00
70.00
9.00
2.00
69.00
358.00
17.00
62.00
23.00
155.00
60.00
143.00
124.00
8.00
6.00
1.00
4.00
62.00
0.00
92.00
18.00
40.00
8.00
111.00
43.00
45.00
17.00
0.00
0.00
0.00
129.00
431.00
883.00
0.00
0.00
0.00
0.00
0.00
0.00
0.00
12.00
462.00
0.00
0.00
0.00
0.00
0.00
0.00
0.00
0.00
0.00
0.00
0.00
0.00
0.00
0.00
5.00
397.00
62.00
12.00
0.00
0.00
0.00
0.00
0.00
0.00
0.00
0.00
0.00
0.00
0.00
0.00
0.00
0.00
0.00
0.00
0.00
0.00
0.00
0.00
4.00
162.00
168.00
0.00
0.00
0.00
0.00
0.00
0.00
0.00
0.00
1.00
0.00
0.00
0.00
0.00
0.00
0.00
0.00
0.00
0.00
0.00
0.00
0.00
328.00
29.00
0.00
0.00
0.00
0.00
0.00
0.00
0.00
0.00
0.00
0.00
0.00
0.00
0.00
0.00
0.00
0.00
0.00
0.00
0.00
0.00
0.00
0.00
0.00
0.00
0.00
0.00
0.00
0.00
0.00
0.00
0.00
0.00
0.00
0.00
2.00
23.00
10.00
33.00
19.00
3.00
1.00
0.00
1.00
0.00
0.00
0.00
0.00
0.00
9.00
0.00
0.00
0.00
0.00
205.00
429.00
0.00
0.00
0.00
0.00
0.00
0.00
0.00
0.00
0.00
0.00
0.00
0.00
2.00
9.00
47.00
0.00
1.00
93.00
1.00
0.00
0.00
0.00
0.00
0.00
0.00
7.00
8.00
4.00
26.00
0.00
62.00
453.00
117.00
6.00
2.00
55.00
68.00
40.00
0.00
37.00
4.00
1.00
245.00
72.00
37.00
58.00
27.00
155.00
175.00
67.00
19.00
2.00
7.00
30.00
3.00
0.00
0.00
0.00
1.00
8.00
144.00
33.00
183.00
107.00
150.00
1.00
16.00
32.00
139.00
224.00
65.00
492.00
305.00
53.00
47.00
21.00
0.00
27.00
0.00
0.00
0.00
0.00
0.00
0.00
0.00
3.00
183.00
567.00
187.00
18.00
78.00
1.00
1.00
18.00
0.00
0.00
6.00
30.00
27.00
128.00
27.00
36.00
54.00
55.00
63.00
807.00
1064.00
766.00
141.00
9.00
358.00
0.00
3.00
0.00
43.00
121.00
130.00
177.00
20.00
10.00
26.00
0.00
0.00
0.00
43.00
216.00
316.00
273.00
7.00
3.00
20.00
14.00
5.00
0.00
157.00
88.00
63.00
36.00
83.00
128.00
13.00
0.00
5.00
128.00
142.00
31.00
15.00
14.00
180.00
15.00
1.00
54.00
10.00
54.00
116.00
187.00
1.00
0.00
2.00
288.00
16.00
184.00
62.00
1.00
6.00
26.00
13.00
18.00
29.00
72.00
387.00
4.00
9.00
54.00
132.00
4.00
0.00
8.00
49.00
140.00
226.00
6.00
14.00
0.00
0.00
19.00
9.00
40.00
13.00
63.00
1.00
0.00
0.00
0.00
56.00
103.00
50.00
208.00
72.00
28.00
3.00
0.00
21.00
7.00
106.00
79.00
13.00
14.00
24.00
7.00
1.00
1.00
9.00
0.00
0.00
6.00
0.00
0.00
0.00
0.00
0.00
0.00
0.00
0.00
0.00
12.00
24.00
78.00
152.00
0.00
0.00
0.00
0.00
0.00
0.00
0.00
0.00
0.00
0.00
0.00
0.00
0.00
0.00
58.00
44.00
6.00
0.00
0.00
8.00
0.00
0.00
0.00
0.00
0.00
0.00
0.00
0.00
0.00
0.00
0.00
0.00
0.00
0.00
0.00
0.00
0.00
0.00
0.00
0.00
0.00
0.00
0.00
0.00
0.00
1.00
0.00
0.00
0.00
0.00
0.00
0.00
9.00
0.00
0.00
0.00
0.00
0.00
0.00
0.00
0.00
0.00
0.00
5.00
55.00
228.00
0.00
0.00
0.00
0.00
0.00
0.00
0.00
0.00
0.00
0.00
0.00
0.00
0.00
0.00
0.00
0.00
0.00
0.00
0.00
0.00
0.00
0.00
0.00
0.00
0.00
0.00
0.00
0.00
0.00
0.00
0.00
0.00
0.00
0.00
0.00
0.00
0.00
0.00
0.00
0.00
0.00
0.00
0.00
0.00
1.00
0.00
0.00
0.00
0.00
0.00
0.00
0.00
2.00
0.00
0.00
0.00
4.00
0.00
0.00
24.00
0.00
0.00
0.00
0.00
0.00
0.00
0.00
0.30
30.20
1.00
54.70
50.00
0.00
0.00
0.00
0.00
0.00
0.00
0.00
0.00
0.00
0.00
0.00
0.00
0.00
0.00
0.50
0.00
0.00
5.60
9.20
0.00
13.30
25.20
0.00
0.00
0.00
0.00
4.10
0.00
0.10
0.00
99.60
20.10
36.40
0.40
12.40
22.80
27.30
9.80
5.80
14.60
0.00
0.00
0.00
0.20
6.00
19.20
8.10
21.90
0.00
0.00
5.20
2.30
1.60
0.90
0.40
0.00
1.70
0.00
12.50
8.00
28.10
28.10
1.60
14.80
99.10
0.50
0.00
36.60
16.90
26.30
46.10
35.70
18.40
5.30
0.70
5.50
4.20
17.00
11.20
0.00
0.00
16.90
11.00
11.00
1.70
3.30
3.60
1.90
0.00
2.10
4.80
8.30
0.20
0.10
2.90
2.90
0.00
0.20
0.20
0.00
6.80
0.00
0.10
0.00
2.40
12.50
4.70
32.00
23.70
0.00
5.60
4.00
4.00
0.00
0.00
1.40
16.80
71.60
69.70
86.70
0.00
5.60
2.50
4.50
0.50
39.60
28.90
39.70
13.60
21.30
29.70
29.70
68.40
68.40
19.50
0.00
0.00
3.70
7.40
0.00
0.00
0.00
0.40
31.10
6.10
0.80
25.70
16.70
4.20
8.00
0.30
13.40
8.90
2.00
19.20
2.50
3.70
0.10
0.40
38.50
5.70
0.00
1.70
0.00
3.50
2.50
2.00
2.00
0.00
1.00
0.00
0.90
0.10
0.40
14.50
9.00
4.00
0.60
0.20
9.10
0.80
1.50
3.10
1.20
0.70
4.20
8.60
10.90
1.80
14.40
16.00
2.10
6.30
1.20
0.00
18.50
2.60
1.60
0.20
1.00
0.00
0.20
2.70
17.30
8.50
9.50
4.80
2.10
8.50
0.40
1.60
6.40
10.50
12.00
12.00
27.30
8.00
0.00
6.70
2.00
1.60
0.00
6.30
0.00
0.00
1.80
0.00
0.00
0.10
1.00
0.10
7.70
1.30
2.00
4.80
0.70
0.20
2.30
5.50
29.40
