20160101
0.00
0.00
0.00
0.00
0.00
0.00
0.00
0.00
10.00
0.00
0.00
0.00
8.00
0.00
0.00
0.00
0.00
0.00
0.00
15.00
0.00
0.00
0.00
0.00
0.00
0.00
0.00
0.00
0.00
0.00
0.00
0.00
0.00
0.00
0.00
0.00
0.00
0.00
0.00
3.00
0.00
0.00
0.00
0.00
0.00
0.00
0.00
0.00
0.00
0.00
0.00
0.00
0.00
5.00
21.00
0.00
2.00
2.00
0.00
0.00
0.00
0.00
0.00
0.00
0.00
13.00
0.00
0.00
0.00
1.00
0.00
0.00
43.00
0.00
0.00
0.00
0.00
0.00
0.00
0.00
0.00
0.00
22.00
0.00
0.00
0.00
0.00
178.00
22.00
42.00
83.00
4.00
0.00
26.00
13.00
86.00
104.00
30.00
98.00
0.00
0.00
4.00
0.00
0.00
137.00
75.00
290.00
200.00
47.00
173.00
18.00
0.00
0.00
380.00
185.00
0.00
59.00
62.00
178.00
12.00
95.00
38.00
12.00
7.00
2.00
9.00
1.00
9.00
1.00
0.00
0.00
68.00
24.00
33.00
3.00
34.00
342.00
587.00
127.00
15.00
77.00
340.00
0.00
29.00
15.00
16.00
1.00
2.00
7.00
2.00
0.00
3.00
0.00
0.00
17.00
113.00
48.00
13.00
0.00
5.00
31.00
69.00
98.00
8.00
0.00
0.00
12.00
31.00
25.00
123.00
2.00
46.00
0.00
6.00
2.00
80.00
19.00
8.00
0.00
38.00
42.00
34.00
148.00
218.00
258.00
51.00
1.00
8.00
1.00
20.00
4.00
50.00
79.00
61.00
38.00
88.00
83.00
0.00
2.00
24.00
43.00
84.00
24.00
49.00
55.00
10.00
178.00
0.00
62.00
21.00
37.00
23.00
69.00
30.00
1.00
0.00
2.00
30.00
173.00
42.00
30.00
0.00
10.00
30.00
21.00
10.00
18.00
75.00
8.00
0.00
0.00
0.00
438.00
72.00
0.00
90.00
18.00
193.00
0.00
65.00
7.00
77.00
177.00
20.00
0.00
5.00
7.00
23.00
0.00
0.00
5.00
9.00
10.00
3.00
14.00
22.00
7.00
0.00
21.00
12.00
68.00
0.00
54.00
1.00
1.00
0.00
67.00
11.00
12.00
14.00
85.00
1.00
0.00
0.00
11.00
0.00
0.00
1.00
0.00
0.00
2.00
2.00
70.00
39.00
0.00
2.00
0.00
0.00
0.00
0.00
0.00
0.00
0.00
0.00
0.00
0.00
0.00
0.00
0.00
0.00
33.00
59.00
9.00
0.00
0.00
0.00
0.00
50.00
33.00
192.00
248.00
8.00
0.00
0.00
0.00
0.00
0.00
0.00
0.00
0.00
0.00
0.00
0.00
0.00
0.00
2.00
0.00
0.00
0.00
0.00
0.00
0.00
0.00
0.00
0.00
39.00
0.00
0.00
0.00
0.00
0.00
0.00
0.00
0.00
0.00
0.00
0.00
0.00
0.00
0.00
0.00
0.00
0.00
0.00
0.00
0.00
0.00
0.00
0.00
0.00
22.00
0.00
0.00
0.00
0.00
0.00
0.00
0.00
0.00
0.00
0.00
0.00
0.00
0.00
0.00
0.00
0.00
0.00
0.00
0.00
0.00
0.00
0.00
0.00
0.00
0.00
0.00
0.00
0.00
0.00
0.00
0.00
2.00
0.00
0.00
0.00
0.00
0.00
0.00
0.00
0.00
0.00
0.00
0.00
0.00
0.00
0.00
0.00
0.00
0.00
0.00
0.00
0.00
0.00
0.00
0.00
0.00
0.00
87.00
0.00
0.00
0.00
0.00
0.00
0.00
0.00
0.00
0.00
0.00
21.00
0.00
0.00
63.00
1.00
185.00
28.00
0.00
0.00
0.00
0.00
0.00
8.00
165.00
13.00
70.00
0.00
0.00
0.00
0.00
17.00
0.00
0.00
6.00
129.00
288.00
160.00
422.00
537.00
344.00
266.00
2.00
0.00
12.00
75.00
31.00
0.00
0.00
0.00
0.00
0.00
56.00
8.00
3.00
0.00
87.00
2.00
7.00
39.00
0.00
7.00
105.00
84.00
32.00
49.00
7.00
38.00
51.00
0.00
4.00
0.00
94.00
59.00
0.00
0.00
27.00
0.00
2.00
0.00
0.00
11.00
25.00
23.00
0.00
0.00
18.00
11.00
0.00
0.00
0.00
102.00
15.00
29.00
60.00
0.00
161.00
587.00
95.00
36.00
27.00
40.00
5.00
6.00
0.00
203.00
78.00
151.00
7.00
100.00
241.00
0.00
0.00
34.00
487.00
31.00
16.00
15.00
0.00
24.00
5.00
29.00
1.00
1.00
11.00
37.00
22.00
19.00
25.00
124.00
61.00
12.00
77.00
8.00
3.00
8.00
141.00
167.00
49.00
125.00
16.00
5.00
251.00
65.00
30.00
0.00
52.00
129.00
64.00
118.00
82.00
119.00
5.00
2.00
21.00
15.00
51.00
3.00
2.00
11.00
24.00
49.00
162.00
35.00
31.00
58.00
84.00
39.00
3.00
14.00
46.00
63.00
1.00
20.00
49.00
5.00
23.00
8.00
0.00
15.00
13.00
20.00
0.00
14.00
519.00
90.00
0.00
2.00
60.00
6.00
7.00
7.00
0.00
2.00
0.00
0.00
0.00
0.00
0.00
0.00
8.00
40.00
2.00
29.00
128.00
17.00
1.00
449.00
10.00
17.00
87.00
0.00
11.00
6.00
59.00
5.00
28.00
5.00
36.00
68.00
20.00
0.00
35.00
9.00
9.00
0.00
20.00
0.00
1.00
13.00
0.00
0.00
55.00
7.00
0.00
0.00
0.00
21.00
1.00
10.00
99.00
465.00
0.00
0.00
0.00
0.00
0.00
0.00
0.00
1074.00
464.00
0.00
0.00
0.00
0.00
0.00
0.00
0.00
0.00
0.00
0.00
0.00
0.00
0.00
0.00
7.00
274.00
3.00
4.00
2.00
0.00
0.00
0.00
0.00
0.00
0.00
0.00
0.00
0.00
0.00
0.00
0.00
0.00
0.00
0.00
0.00
0.00
0.00
2.00
219.00
106.00
5.00
0.00
0.00
0.00
0.00
0.00
0.00
0.00
0.00
114.00
0.00
0.00
0.00
0.00
0.00
0.00
0.00
0.00
0.00
0.00
0.00
14.00
52.00
78.00
0.00
0.00
0.00
0.00
0.00
0.00
0.00
0.00
0.00
0.00
0.00
0.00
0.00
0.00
0.00
0.00
0.00
0.00
0.00
0.00
0.00
0.00
0.00
0.00
0.00
0.00
0.00
0.00
0.00
0.00
0.00
0.00
0.00
0.00
0.00
0.00
3.00
0.00
46.00
0.00
0.00
0.00
0.00
0.00
0.00
0.00
0.00
0.00
0.00
0.00
0.00
0.00
0.00
3.00
450.00
0.00
0.00
0.00
0.00
0.00
0.00
23.00
0.00
0.00
0.00
0.00
0.00
0.00
72.00
42.00
0.00
10.00
194.00
39.00
31.00
0.00
0.00
0.00
0.00
0.00
0.00
0.00
31.00
50.00
0.00
32.00
10.00
0.00
26.00
4.00
19.00
24.00
0.00
18.00
0.00
110.00
0.00
4.00
10.00
69.00
14.00
15.00
15.00
5.00
4.00
80.00
5.00
1.00
57.00
43.00
0.00
0.00
22.00
0.00
0.00
13.00
99.00
23.00
13.00
306.00
10.00
130.00
23.00
70.00
49.00
45.00
528.00
113.00
34.00
158.00
37.00
0.00
0.00
0.00
0.00
0.00
0.00
0.00
0.00
25.00
5.00
2.00
8.00
0.00
12.00
2.00
64.00
1.00
13.00
0.00
45.00
26.00
11.00
49.00
102.00
37.00
54.00
122.00
187.00
87.00
460.00
307.00
49.00
41.00
0.00
0.00
3.00
15.00
34.00
0.00
55.00
6.00
44.00
36.00
61.00
40.00
26.00
15.00
0.00
1.00
0.00
0.00
18.00
2.00
16.00
53.00
171.00
2.00
33.00
79.00
12.00
7.00
0.00
1.00
0.00
4.00
20.00
8.00
22.00
12.00
33.00
50.00
371.00
69.00
12.00
62.00
134.00
230.00
185.00
16.00
95.00
2.00
68.00
48.00
31.00
9.00
0.00
128.00
18.00
115.00
95.00
98.00
36.00
0.00
30.00
0.00
42.00
69.00
0.00
18.00
44.00
7.00
45.00
18.00
18.00
5.00
58.00
17.00
15.00
2.00
26.00
102.00
8.00
21.00
38.00
0.00
0.00
0.00
3.00
2.00
11.00
0.00
0.00
0.00
0.00
4.00
18.00
0.00
19.00
0.00
67.00
0.00
0.00
4.00
7.00
15.00
0.00
0.00
0.00
0.00
0.00
0.00
0.00
0.00
0.00
0.00
0.00
0.00
0.00
0.00
39.00
42.00
171.00
388.00
148.00
0.00
0.00
0.00
0.00
0.00
0.00
0.00
0.00
0.00
0.00
0.00
0.00
255.00
293.00
34.00
108.00
4.00
0.00
0.00
0.00
0.00
0.00
0.00
0.00
0.00
0.00
0.00
0.00
0.00
0.00
0.00
0.00
0.00
0.00
0.00
0.00
0.00
0.00
0.00
0.00
0.00
0.00
0.00
0.00
0.00
0.00
0.00
0.00
0.00
0.00
0.00
3.00
0.00
0.00
0.00
0.00
0.00
4.00
0.00
0.00
0.00
0.00
3.00
19.00
52.00
0.00
0.00
0.00
0.00
0.00
0.00
0.00
0.00
0.00
0.00
0.00
0.00
0.00
0.00
0.00
0.00
0.00
0.00
0.00
0.00
0.00
0.00
0.00
0.00
0.00
0.00
0.00
0.00
0.00
0.00
0.00
0.00
0.00
0.00
0.00
0.00
0.00
0.00
0.00
0.00
0.00
11.00
0.00
0.00
0.00
0.00
0.00
0.00
0.00
0.00
0.00
0.00
0.00
0.00
0.00
0.00
0.00
0.00
0.00
0.00
0.00
0.00
0.00
0.00
0.00
0.00
0.00
0.00
15.60
4.60
45.40
24.70
0.00
0.00
0.30
0.00
0.10
0.00
0.00
0.00
0.00
0.00
0.00
0.00
0.00
0.00
0.50
0.00
2.90
9.50
27.80
0.10
0.00
0.00
0.00
0.00
0.00
1.70
2.00
0.00
0.00
0.00
8.90
27.90
31.80
0.00
83.90
6.20
0.20
7.20
17.00
2.10
0.00
0.00
0.00
0.00
4.30
6.30
0.00
21.50
2.00
0.80
12.10
0.00
3.80
0.00
0.00
0.00
0.00
0.00
5.10
1.30
0.10
0.10
1.00
2.70
6.10
0.00
0.00
0.00
1.00
2.30
0.80
5.20
5.00
1.30
0.00
0.20
0.00
0.70
1.60
0.00
0.00
0.60
0.00
0.00
1.20
6.40
0.00
0.00
0.00
0.00
0.00
3.30
0.10
0.10
3.50
0.00
0.00
0.40
0.00
0.10
0.90
0.00
0.40
1.90
0.00
4.70
2.20
0.00
0.30
25.60
1.20
6.70
0.10
2.50
0.00
1.10
0.00
1.00
3.50
0.80
0.10
0.00
0.00
0.00
0.10
0.50
1.60
10.60
2.00
4.80
2.60
2.60
0.10
0.10
0.30
1.80
1.80
0.00
1.40
1.80
1.80
1.80
6.80
4.30
0.00
1.20
5.90
9.10
0.30
0.00
0.10
3.50
3.50
3.30
1.40
0.20
0.00
5.30
0.00
0.40
8.50
1.30
2.80
0.40
1.80
3.40
1.00
0.10
0.60
0.00
1.20
1.30
2.60
2.00
10.70
6.00
0.20
0.00
0.00
0.00
14.70
0.00
5.10
6.10
0.10
0.10
0.00
0.10
7.30
0.70
0.30
0.50
4.90
10.90
6.60
1.50
0.40
0.10
0.90
2.90
0.10
0.00
0.00
2.00
3.30
18.90
11.40
5.20
3.40
31.30
0.00
0.20
4.80
1.70
1.70
2.20
0.10
0.00
0.00
6.30
3.50
1.60
7.70
0.80
1.60
0.00
0.00
0.00
0.30
0.00
0.00
0.00
0.00
0.00
2.40
0.20
0.90
0.10
0.70
6.20
