20160101
0.00
0.00
0.00
0.00
0.00
0.00
0.00
0.00
0.00
0.00
0.00
0.00
2.00
0.00
0.00
0.00
0.00
0.00
52.00
6.00
0.00
0.00
0.00
0.00
0.00
0.00
6.00
0.00
0.00
0.00
0.00
0.00
0.00
0.00
0.00
0.00
0.00
0.00
6.00
0.00
0.00
2.00
0.00
0.00
0.00
0.00
3.00
0.00
0.00
1.00
19.00
0.00
0.00
0.00
0.00
0.00
6.00
0.00
0.00
0.00
0.00
0.00
0.00
0.00
0.00
20.00
0.00
1.00
0.00
0.00
0.00
0.00
5.00
6.00
0.00
0.00
0.00
0.00
0.00
31.00
0.00
0.00
0.00
0.00
0.00
0.00
26.00
24.00
1.00
158.00
300.00
4.00
0.00
9.00
0.00
0.00
0.00
1.00
0.00
0.00
0.00
0.00
0.00
0.00
0.00
0.00
41.00
0.00
8.00
0.00
0.00
0.00
0.00
0.00
0.00
0.00
0.00
90.00
0.00
0.00
0.00
0.00
2.00
87.00
0.00
2.00
4.00
279.00
23.00
27.00
174.00
7.00
91.00
83.00
167.00
72.00
44.00
67.00
80.00
391.00
33.00
9.00
0.00
0.00
147.00
157.00
0.00
2.00
0.00
1.00
29.00
187.00
0.00
0.00
0.00
17.00
0.00
20.00
22.00
0.00
1.00
4.00
305.00
14.00
4.00
367.00
75.00
353.00
2.00
54.00
90.00
5.00
35.00
53.00
244.00
33.00
7.00
44.00
106.00
1.00
2.00
7.00
11.00
308.00
119.00
149.00
182.00
6.00
67.00
220.00
47.00
21.00
43.00
15.00
220.00
74.00
18.00
109.00
662.00
205.00
118.00
81.00
186.00
22.00
160.00
32.00
190.00
16.00
12.00
54.00
139.00
153.00
48.00
264.00
170.00
23.00
127.00
101.00
43.00
52.00
8.00
1.00
102.00
0.00
0.00
26.00
170.00
251.00
257.00
135.00
45.00
0.00
1.00
85.00
2.00
0.00
0.00
193.00
6.00
1.00
325.00
7.00
44.00
10.00
6.00
510.00
22.00
28.00
36.00
8.00
48.00
2.00
0.00
31.00
14.00
92.00
84.00
16.00
1.00
15.00
30.00
55.00
29.00
174.00
115.00
0.00
253.00
17.00
534.00
123.00
0.00
170.00
60.00
0.00
6.00
0.00
0.00
0.00
0.00
21.00
0.00
0.00
276.00
326.00
57.00
6.00
0.00
0.00
0.00
0.00
0.00
0.00
0.00
0.00
0.00
0.00
0.00
0.00
0.00
0.00
51.00
0.00
0.00
0.00
0.00
0.00
0.00
2.00
43.00
46.00
0.00
0.00
0.00
0.00
0.00
0.00
0.00
0.00
0.00
0.00
0.00
0.00
0.00
0.00
0.00
0.00
0.00
0.00
0.00
0.00
0.00
0.00
0.00
0.00
0.00
1.00
0.00
0.00
0.00
0.00
0.00
0.00
0.00
0.00
0.00
0.00
0.00
0.00
0.00
0.00
0.00
0.00
0.00
0.00
0.00
0.00
0.00
0.00
0.00
0.00
2.00
0.00
0.00
0.00
0.00
0.00
0.00
0.00
0.00
0.00
0.00
0.00
0.00
0.00
0.00
200.00
0.00
0.00
0.00
0.00
0.00
0.00
0.00
0.00
0.00
0.00
0.00
0.00
0.00
0.00
0.00
19.00
35.00
39.00
0.00
0.00
0.00
0.00
0.00
0.00
0.00
0.00
0.00
0.00
0.00
0.00
0.00
0.00
0.00
0.00
0.00
0.00
0.00
0.00
0.00
0.00
0.00
0.00
0.00
0.00
0.00
0.00
0.00
0.00
0.00
0.00
0.00
1.00
121.00
0.00
0.00
0.00
16.00
0.00
95.00
0.00
0.00
0.00
0.00
0.00
0.00
29.00
50.00
30.00
233.00
0.00
0.00
0.00
0.00
239.00
0.00
8.00
629.00
153.00
0.00
9.00
0.00
23.00
152.00
0.00
25.00
0.00
22.00
73.00
0.00
0.00
0.00
0.00
0.00
0.00
388.00
226.00
0.00
0.00
435.00
45.00
377.00
567.00
0.00
132.00
99.00
0.00
0.00
3.00
0.00
180.00
51.00
0.00
81.00
75.00
62.00
92.00
0.00
28.00
311.00
1.00
82.00
0.00
36.00
850.00
641.00
0.00
58.00
176.00
0.00
51.00
0.00
24.00
0.00
0.00
68.00
459.00
0.00
0.00
102.00
54.00
103.00
157.00
557.00
218.00
9.00
9.00
0.00
0.00
34.00
4.00
79.00
19.00
751.00
38.00
32.00
1.00
228.00
118.00
1011.00
463.00
2.00
126.00
5.00
1.00
89.00
32.00
0.00
9.00
12.00
14.00
211.00
271.00
24.00
376.00
128.00
123.00
6.00
44.00
19.00
126.00
131.00
207.00
221.00
9.00
11.00
6.00
16.00
24.00
360.00
190.00
38.00
13.00
145.00
103.00
430.00
141.00
26.00
6.00
9.00
343.00
50.00
0.00
592.00
303.00
131.00
76.00
222.00
226.00
16.00
16.00
142.00
285.00
994.00
328.00
276.00
157.00
50.00
16.00
77.00
18.00
33.00
96.00
226.00
200.00
100.00
21.00
5.00
597.00
85.00
27.00
226.00
39.00
412.00
172.00
356.00
206.00
2.00
46.00
0.00
97.00
154.00
168.00
708.00
95.00
0.00
1.00
2.00
1.00
0.00
346.00
166.00
90.00
57.00
27.00
0.00
4.00
35.00
4.00
0.00
155.00
139.00
467.00
395.00
291.00
88.00
1.00
0.00
0.00
35.00
0.00
1.00
0.00
0.00
0.00
22.00
64.00
21.00
0.00
0.00
0.00
1.00
2.00
968.00
590.00
0.00
0.00
0.00
0.00
0.00
0.00
0.00
0.00
0.00
0.00
0.00
0.00
0.00
0.00
0.00
0.00
0.00
0.00
0.00
0.00
0.00
0.00
0.00
3.00
179.00
97.00
0.00
0.00
0.00
0.00
0.00
0.00
0.00
0.00
0.00
0.00
0.00
0.00
0.00
0.00
0.00
0.00
0.00
0.00
0.00
0.00
1.00
0.00
77.00
1.00
0.00
0.00
0.00
0.00
0.00
0.00
0.00
5.00
13.00
1.00
0.00
0.00
0.00
0.00
0.00
0.00
0.00
0.00
0.00
0.00
0.00
0.00
0.00
0.00
0.00
0.00
0.00
0.00
0.00
0.00
0.00
0.00
0.00
0.00
0.00
0.00
0.00
0.00
0.00
0.00
0.00
0.00
0.00
0.00
0.00
0.00
0.00
0.00
0.00
0.00
0.00
0.00
0.00
0.00
0.00
0.00
0.00
0.00
1171.00
193.00
0.00
20.00
0.00
198.00
1027.00
591.00
0.00
0.00
0.00
0.00
0.00
3.00
0.00
0.00
0.00
0.00
211.00
44.00
0.00
0.00
0.00
0.00
0.00
0.00
16.00
0.00
0.00
0.00
0.00
0.00
0.00
90.00
0.00
0.00
0.00
32.00
1.00
0.00
0.00
0.00
0.00
0.00
0.00
0.00
10.00
0.00
0.00
43.00
317.00
674.00
141.00
0.00
0.00
0.00
0.00
6.00
3.00
9.00
32.00
65.00
0.00
15.00
0.00
0.00
105.00
0.00
38.00
131.00
1.00
157.00
2.00
8.00
0.00
14.00
110.00
41.00
5.00
3.00
191.00
184.00
318.00
83.00
138.00
6.00
318.00
28.00
587.00
82.00
0.00
276.00
5.00
0.00
0.00
19.00
0.00
92.00
43.00
0.00
0.00
0.00
0.00
1.00
42.00
116.00
76.00
104.00
32.00
7.00
147.00
1.00
202.00
33.00
29.00
0.00
8.00
0.00
1.00
48.00
10.00
11.00
11.00
68.00
4.00
47.00
3.00
84.00
0.00
101.00
1.00
506.00
116.00
0.00
1.00
0.00
14.00
99.00
13.00
24.00
12.00
6.00
6.00
57.00
256.00
443.00
67.00
54.00
1.00
1.00
1.00
0.00
3.00
18.00
8.00
45.00
34.00
27.00
3.00
9.00
5.00
2.00
0.00
353.00
51.00
41.00
123.00
157.00
30.00
10.00
123.00
111.00
222.00
29.00
214.00
264.00
132.00
101.00
21.00
66.00
89.00
46.00
33.00
6.00
4.00
16.00
35.00
72.00
92.00
485.00
25.00
6.00
1.00
99.00
202.00
43.00
61.00
685.00
305.00
61.00
17.00
4.00
6.00
1.00
14.00
130.00
19.00
129.00
400.00
124.00
25.00
1.00
0.00
0.00
0.00
40.00
173.00
517.00
111.00
39.00
4.00
0.00
0.00
4.00
309.00
113.00
0.00
0.00
0.00
23.00
13.00
124.00
2.00
255.00
0.00
0.00
0.00
0.00
0.00
0.00
0.00
0.00
0.00
0.00
0.00
0.00
633.00
58.00
1.00
0.00
0.00
0.00
0.00
0.00
0.00
0.00
0.00
0.00
0.00
0.00
0.00
0.00
0.00
2.00
0.00
0.00
0.00
0.00
0.00
0.00
70.00
0.00
0.00
0.00
0.00
0.00
0.00
0.00
0.00
0.00
0.00
0.00
0.00
0.00
0.00
0.00
0.00
0.00
0.00
0.00
0.00
0.00
0.00
0.00
0.00
0.00
0.00
0.00
0.00
0.00
0.00
8.00
0.00
0.00
0.00
0.00
0.00
0.00
0.00
0.00
0.00
0.00
6.00
99.00
325.00
0.00
0.00
0.00
0.00
0.00
0.00
0.00
0.00
0.00
0.00
0.00
0.00
0.00
0.00
0.00
0.00
0.00
9.00
0.00
0.00
0.00
0.00
0.00
0.00
0.00
0.00
0.00
0.00
0.00
0.00
0.00
0.00
0.00
0.00
0.00
0.00
0.00
0.00
1.00
1.00
0.00
0.00
0.00
0.00
0.00
0.00
0.00
0.00
0.00
0.00
1.00
13.00
0.00
0.00
0.00
3.00
0.00
0.00
8.00
4.00
0.00
0.00
0.00
0.00
0.00
0.00
0.00
1.80
7.90
0.20
28.50
2.00
0.00
0.00
0.00
4.30
0.00
0.00
0.00
0.00
0.00
0.00
0.00
0.00
0.00
0.20
1.80
0.00
0.60
4.90
0.00
0.00
0.00
5.00
0.00
0.00
0.00
4.70
0.00
0.00
70.20
2.50
33.00
0.60
22.00
0.00
12.00
17.90
11.70
0.40
2.80
26.00
0.00
0.70
0.00
8.60
0.00
23.80
2.80
0.00
0.00
0.00
0.00
4.50
0.00
0.00
0.00
0.00
13.00
3.40
0.00
0.10
23.30
23.30
1.00
47.20
39.70
0.00
0.00
0.00
0.00
2.30
49.80
0.60
0.00
9.60
1.00
27.50
0.00
30.40
85.10
5.10
5.10
0.00
23.90
23.90
23.50
3.70
3.30
51.60
9.50
0.80
3.30
23.30
19.00
36.90
4.70
0.00
0.00
0.00
1.20
0.00
0.00
0.00
12.10
0.00
9.40
4.80
13.50
26.10
15.50
0.00
3.80
6.20
6.90
0.20
0.00
0.20
24.70
77.40
23.60
8.50
0.00
0.60
1.70
0.00
0.00
3.60
10.80
6.70
6.70
39.30
170.00
170.00
58.20
58.20
50.10
2.70
2.70
1.70
0.70
2.70
2.70
2.70
4.20
14.80
70.50
11.70
5.00
26.00
15.00
3.50
10.70
9.80
9.90
2.80
4.00
0.80
15.10
8.20
9.30
7.50
4.70
3.50
3.00
5.00
39.50
31.40
21.40
10.00
52.50
0.90
0.90
0.20
0.80
1.00
50.20
14.30
5.50
1.30
0.00
1.80
9.60
8.90
4.10
5.50
3.00
4.90
4.30
6.00
0.40
0.90
2.00
0.10
30.40
18.40
2.00
3.50
23.10
36.00
50.50
75.10
27.60
0.10
0.10
0.00
0.00
5.00
2.60
28.70
38.00
0.30
0.20
21.30
15.60
72.10
72.10
0.00
0.00
0.00
9.90
9.90
39.00
42.00
18.30
0.00
0.00
0.00
0.00
0.00
0.00
1.80
0.00
0.00
0.00
0.20
3.20
0.20
0.00
0.20
21.30
72.50
