20160101
0.00
0.00
0.00
0.00
0.00
0.00
0.00
0.00
0.00
0.00
0.00
0.00
6.00
0.00
0.00
0.00
0.00
0.00
0.00
57.00
0.00
0.00
0.00
0.00
0.00
0.00
0.00
0.00
0.00
0.00
0.00
0.00
0.00
0.00
0.00
0.00
0.00
1.00
28.00
0.00
0.00
0.00
0.00
0.00
0.00
0.00
0.00
0.00
0.00
0.00
0.00
0.00
0.00
0.00
0.00
0.00
11.00
0.00
0.00
0.00
0.00
0.00
0.00
0.00
0.00
21.00
0.00
0.00
0.00
0.00
0.00
0.00
3.00
3.00
0.00
0.00
0.00
0.00
112.00
2.00
32.00
0.00
0.00
0.00
0.00
0.00
139.00
180.00
48.00
15.00
175.00
3.00
0.00
4.00
52.00
693.00
150.00
551.00
36.00
40.00
0.00
87.00
36.00
103.00
444.00
128.00
284.00
382.00
210.00
189.00
162.00
478.00
88.00
277.00
47.00
63.00
308.00
147.00
106.00
35.00
205.00
580.00
160.00
52.00
155.00
73.00
86.00
184.00
0.00
20.00
8.00
10.00
95.00
83.00
72.00
417.00
152.00
576.00
479.00
28.00
65.00
262.00
3.00
0.00
0.00
13.00
0.00
3.00
13.00
0.00
22.00
98.00
0.00
0.00
12.00
58.00
83.00
372.00
232.00
115.00
19.00
6.00
0.00
16.00
11.00
239.00
251.00
106.00
194.00
8.00
217.00
535.00
189.00
1000.00
580.00
41.00
7.00
68.00
125.00
1.00
62.00
94.00
74.00
22.00
136.00
3.00
24.00
21.00
50.00
264.00
106.00
75.00
11.00
3.00
47.00
34.00
26.00
61.00
41.00
391.00
510.00
1124.00
78.00
238.00
151.00
112.00
314.00
18.00
77.00
106.00
67.00
31.00
46.00
0.00
0.00
125.00
355.00
123.00
1.00
6.00
160.00
85.00
16.00
20.00
236.00
260.00
25.00
152.00
9.00
119.00
6.00
0.00
7.00
13.00
0.00
4.00
0.00
246.00
2.00
4.00
35.00
22.00
566.00
635.00
790.00
207.00
68.00
0.00
18.00
116.00
30.00
38.00
0.00
13.00
155.00
49.00
131.00
8.00
25.00
6.00
3.00
32.00
71.00
266.00
64.00
134.00
209.00
26.00
148.00
2.00
0.00
126.00
1.00
1.00
2.00
249.00
5.00
0.00
11.00
28.00
48.00
206.00
67.00
128.00
8.00
47.00
0.00
0.00
0.00
0.00
0.00
0.00
0.00
0.00
0.00
0.00
0.00
0.00
0.00
1.00
134.00
0.00
0.00
0.00
0.00
0.00
3.00
3.00
37.00
166.00
20.00
0.00
0.00
0.00
0.00
0.00
0.00
0.00
0.00
0.00
0.00
0.00
0.00
0.00
0.00
0.00
0.00
0.00
0.00
0.00
0.00
0.00
0.00
0.00
0.00
18.00
0.00
0.00
0.00
0.00
0.00
0.00
0.00
0.00
0.00
0.00
0.00
0.00
0.00
0.00
0.00
0.00
0.00
0.00
0.00
0.00
0.00
0.00
0.00
0.00
26.00
0.00
0.00
0.00
0.00
0.00
0.00
0.00
0.00
8.00
0.00
0.00
0.00
0.00
0.00
1.00
0.00
0.00
0.00
0.00
0.00
0.00
0.00
0.00
0.00
0.00
0.00
0.00
0.00
0.00
0.00
0.00
29.00
0.00
0.00
0.00
0.00
0.00
0.00
0.00
0.00
0.00
0.00
0.00
0.00
0.00
0.00
0.00
0.00
0.00
0.00
0.00
0.00
0.00
0.00
0.00
6.00
120.00
401.00
0.00
0.00
0.00
0.00
0.00
0.00
0.00
0.00
0.00
14.00
26.00
0.00
0.00
43.00
0.00
393.00
2.00
0.00
0.00
0.00
0.00
0.00
53.00
235.00
28.00
56.00
0.00
0.00
0.00
3.00
301.00
15.00
50.00
2.00
161.00
125.00
551.00
1293.00
917.00
1030.00
104.00
4.00
0.00
25.00
86.00
68.00
2.00
0.00
0.00
0.00
0.00
286.00
0.00
0.00
31.00
1047.00
203.00
350.00
23.00
0.00
77.00
453.00
339.00
16.00
88.00
16.00
313.00
26.00
0.00
56.00
128.00
315.00
613.00
13.00
13.00
28.00
1.00
8.00
0.00
3.00
115.00
288.00
1.00
0.00
160.00
129.00
312.00
227.00
311.00
130.00
221.00
376.00
128.00
1.00
16.00
111.00
228.00
52.00
230.00
428.00
156.00
0.00
28.00
1.00
18.00
22.00
16.00
138.00
153.00
429.00
486.00
13.00
20.00
1134.00
559.00
202.00
174.00
0.00
490.00
411.00
141.00
290.00
34.00
39.00
59.00
123.00
20.00
743.00
218.00
44.00
331.00
482.00
32.00
86.00
12.00
6.00
60.00
91.00
27.00
98.00
2.00
18.00
173.00
11.00
15.00
127.00
21.00
7.00
179.00
98.00
26.00
9.00
15.00
1.00
5.00
15.00
113.00
72.00
5.00
71.00
15.00
59.00
86.00
160.00
10.00
150.00
91.00
78.00
1365.00
975.00
697.00
669.00
179.00
39.00
20.00
215.00
212.00
69.00
18.00
159.00
218.00
14.00
5.00
40.00
180.00
34.00
43.00
1.00
14.00
56.00
77.00
881.00
623.00
84.00
1.00
1.00
1.00
490.00
1276.00
147.00
0.00
8.00
5.00
15.00
0.00
0.00
242.00
72.00
236.00
195.00
108.00
6.00
21.00
0.00
0.00
38.00
71.00
534.00
332.00
304.00
94.00
1.00
0.00
7.00
3.00
23.00
1.00
224.00
0.00
8.00
0.00
15.00
45.00
148.00
0.00
0.00
0.00
1.00
145.00
498.00
1260.00
0.00
0.00
0.00
0.00
0.00
0.00
0.00
10.00
180.00
0.00
0.00
0.00
0.00
0.00
0.00
0.00
0.00
0.00
0.00
0.00
0.00
0.00
0.00
4.00
291.00
68.00
10.00
0.00
0.00
0.00
2.00
0.00
0.00
0.00
0.00
0.00
0.00
0.00
0.00
0.00
0.00
0.00
0.00
0.00
0.00
0.00
0.00
28.00
284.00
38.00
0.00
0.00
0.00
0.00
0.00
0.00
0.00
0.00
10.00
0.00
0.00
0.00
0.00
0.00
0.00
0.00
0.00
0.00
0.00
0.00
0.00
104.00
0.00
0.00
0.00
0.00
0.00
0.00
0.00
0.00
0.00
0.00
0.00
0.00
0.00
0.00
0.00
0.00
0.00
0.00
0.00
0.00
0.00
0.00
0.00
0.00
0.00
0.00
0.00
0.00
0.00
0.00
0.00
0.00
0.00
0.00
0.00
0.00
75.00
7.00
26.00
13.00
11.00
0.00
0.00
0.00
0.00
0.00
0.00
0.00
0.00
0.00
0.00
0.00
0.00
0.00
313.00
341.00
0.00
0.00
0.00
0.00
0.00
0.00
0.00
0.00
0.00
0.00
0.00
0.00
0.00
0.00
2.00
0.00
34.00
79.00
0.00
0.00
0.00
0.00
0.00
0.00
0.00
18.00
3.00
1.00
0.00
112.00
370.00
423.00
224.00
3.00
11.00
0.00
0.00
191.00
0.00
31.00
46.00
85.00
112.00
120.00
71.00
212.00
233.00
0.00
70.00
0.00
0.00
6.00
45.00
30.00
15.00
0.00
48.00
0.00
50.00
0.00
153.00
1.00
147.00
117.00
136.00
0.00
134.00
2.00
284.00
235.00
199.00
314.00
110.00
366.00
76.00
5.00
0.00
262.00
0.00
0.00
0.00
0.00
0.00
1.00
0.00
0.00
426.00
370.00
414.00
14.00
192.00
0.00
41.00
33.00
1.00
1.00
1.00
1.00
21.00
3.00
4.00
23.00
163.00
59.00
24.00
1084.00
1286.00
804.00
242.00
5.00
198.00
27.00
3.00
1.00
50.00
65.00
368.00
332.00
30.00
48.00
7.00
2.00
5.00
213.00
341.00
363.00
452.00
823.00
29.00
0.00
174.00
37.00
10.00
0.00
34.00
22.00
75.00
356.00
98.00
130.00
54.00
33.00
0.00
243.00
78.00
22.00
76.00
80.00
356.00
98.00
56.00
146.00
25.00
28.00
56.00
55.00
50.00
0.00
0.00
65.00
37.00
422.00
37.00
19.00
10.00
172.00
220.00
82.00
5.00
96.00
93.00
10.00
1.00
13.00
50.00
13.00
20.00
85.00
328.00
86.00
189.00
10.00
24.00
3.00
7.00
0.00
37.00
203.00
184.00
149.00
27.00
0.00
0.00
0.00
84.00
320.00
627.00
316.00
440.00
13.00
0.00
1.00
0.00
12.00
1.00
1.00
1.00
0.00
11.00
17.00
3.00
16.00
1.00
0.00
12.00
0.00
0.00
0.00
0.00
0.00
0.00
0.00
0.00
0.00
0.00
39.00
11.00
70.00
167.00
0.00
0.00
0.00
0.00
0.00
0.00
0.00
0.00
0.00
0.00
0.00
0.00
0.00
1.00
32.00
32.00
3.00
0.00
0.00
0.00
0.00
0.00
14.00
0.00
0.00
0.00
0.00
0.00
0.00
0.00
0.00
0.00
0.00
0.00
0.00
0.00
0.00
0.00
0.00
0.00
0.00
0.00
0.00
0.00
0.00
0.00
0.00
0.00
0.00
0.00
0.00
0.00
0.00
0.00
0.00
0.00
0.00
0.00
0.00
0.00
0.00
0.00
0.00
0.00
36.00
101.00
0.00
0.00
0.00
0.00
0.00
0.00
0.00
0.00
0.00
0.00
0.00
0.00
0.00
0.00
0.00
0.00
0.00
0.00
0.00
0.00
0.00
0.00
0.00
0.00
0.00
0.00
0.00
0.00
0.00
0.00
0.00
0.00
0.00
0.00
0.00
0.00
0.00
0.00
0.00
0.00
0.00
0.00
0.00
0.00
0.00
0.00
0.00
0.00
0.00
0.00
0.00
12.00
1.00
0.00
0.00
0.00
0.00
3.00
0.00
0.00
20.00
0.00
0.00
0.00
0.00
0.00
0.00
0.60
34.50
4.40
48.00
11.70
0.00
0.00
0.00
0.00
0.00
0.00
0.00
0.00
0.00
0.00
0.00
0.00
0.00
0.00
0.00
0.00
0.00
0.00
0.20
0.00
0.00
23.70
0.00
0.00
0.00
1.10
7.20
0.00
0.00
0.50
178.10
13.20
71.40
0.00
15.00
8.00
35.50
2.70
1.50
56.30
0.00
0.00
0.70
0.00
0.00
24.60
20.90
0.10
0.00
0.30
6.40
12.20
1.30
0.00
0.00
1.40
0.00
4.50
7.70
17.80
30.20
30.20
2.20
30.60
61.50
17.90
0.30
25.90
46.90
33.00
50.30
21.60
11.30
86.40
19.20
8.40
1.10
23.40
17.60
0.10
0.10
25.00
27.80
27.80
6.00
2.10
12.60
2.00
0.20
0.20
22.20
2.50
1.70
3.90
39.70
14.80
0.70
2.30
2.10
0.30
14.10
0.70
2.70
0.00
18.40
23.20
0.90
23.50
33.20
0.00
12.70
13.40
1.20
0.10
1.00
5.70
79.00
119.00
147.90
100.20
0.00
14.30
2.30
0.90
0.60
10.90
12.20
23.10
4.20
38.70
120.30
120.30
90.20
90.20
33.60
15.70
15.70
0.00
0.00
15.70
15.70
15.70
6.30
45.20
71.00
3.70
2.70
2.20
6.40
3.60
1.80
19.20
8.40
1.10
19.80
1.50
26.60
0.20
5.50
18.80
4.20
15.80
1.90
0.10
11.60
14.00
71.40
34.30
2.30
1.50
0.00
0.00
0.00
8.20
19.80
8.40
15.70
0.50
5.00
4.30
0.20
0.00
6.40
11.60
0.00
5.20
19.70
8.20
0.40
5.70
27.60
25.60
13.00
8.30
3.30
3.50
28.30
24.10
9.20
5.60
3.00
0.00
0.10
0.00
0.50
13.10
15.70
22.60
26.70
0.00
6.40
2.50
19.20
25.40
25.40
53.30
6.60
0.00
1.40
0.00
1.50
0.80
5.10
1.10
0.00
0.00
0.00
0.00
0.10
0.00
0.00
0.00
0.00
0.00
4.90
0.30
0.20
3.00
11.70
41.50
