20160101
0.00
0.00
0.00
0.00
0.00
0.00
0.00
0.00
81.00
0.00
0.00
0.00
2.00
0.00
0.00
0.00
0.00
0.00
0.00
93.00
0.00
0.00
0.00
0.00
0.00
0.00
0.00
0.00
0.00
0.00
0.00
0.00
0.00
0.00
0.00
1.00
0.00
1.00
3.00
31.00
0.00
0.00
0.00
0.00
0.00
0.00
0.00
0.00
0.00
0.00
1.00
9.00
0.00
19.00
204.00
0.00
2.00
1.00
0.00
0.00
0.00
0.00
0.00
13.00
0.00
73.00
0.00
0.00
1.00
0.00
0.00
0.00
43.00
0.00
0.00
3.00
0.00
0.00
36.00
0.00
0.00
0.00
4.00
0.00
0.00
0.00
7.00
455.00
53.00
200.00
74.00
2.00
0.00
27.00
16.00
191.00
42.00
65.00
71.00
0.00
0.00
4.00
60.00
10.00
301.00
123.00
325.00
157.00
149.00
149.00
72.00
3.00
33.00
1048.00
186.00
3.00
123.00
110.00
274.00
102.00
182.00
52.00
16.00
5.00
35.00
2.00
6.00
3.00
2.00
19.00
0.00
158.00
88.00
109.00
83.00
274.00
1052.00
691.00
136.00
27.00
77.00
491.00
0.00
0.00
88.00
9.00
7.00
57.00
15.00
102.00
2.00
52.00
20.00
3.00
0.00
254.00
24.00
193.00
264.00
38.00
30.00
526.00
21.00
23.00
0.00
17.00
64.00
24.00
195.00
21.00
0.00
10.00
2.00
41.00
2.00
9.00
32.00
17.00
15.00
4.00
30.00
22.00
278.00
240.00
188.00
12.00
48.00
28.00
7.00
1.00
4.00
1.00
63.00
13.00
9.00
2.00
78.00
18.00
0.00
5.00
0.00
0.00
6.00
48.00
38.00
51.00
234.00
21.00
16.00
51.00
19.00
98.00
33.00
38.00
9.00
27.00
33.00
11.00
109.00
37.00
67.00
12.00
88.00
84.00
51.00
32.00
41.00
17.00
7.00
6.00
7.00
5.00
168.00
89.00
10.00
28.00
0.00
419.00
2.00
4.00
36.00
110.00
112.00
116.00
8.00
5.00
98.00
144.00
141.00
22.00
64.00
11.00
0.00
8.00
23.00
128.00
143.00
7.00
0.00
54.00
80.00
15.00
98.00
52.00
112.00
166.00
117.00
30.00
588.00
5.00
0.00
245.00
4.00
123.00
179.00
1.00
10.00
0.00
0.00
50.00
50.00
74.00
203.00
91.00
33.00
84.00
0.00
0.00
0.00
0.00
0.00
0.00
0.00
0.00
0.00
0.00
0.00
0.00
0.00
0.00
103.00
4.00
6.00
0.00
0.00
6.00
6.00
17.00
87.00
203.00
216.00
51.00
6.00
0.00
0.00
0.00
0.00
0.00
0.00
0.00
0.00
0.00
0.00
1.00
0.00
0.00
0.00
0.00
0.00
0.00
0.00
0.00
0.00
53.00
0.00
32.00
1.00
0.00
0.00
0.00
0.00
0.00
0.00
0.00
0.00
0.00
0.00
0.00
0.00
0.00
0.00
0.00
0.00
0.00
0.00
0.00
0.00
0.00
0.00
0.00
94.00
0.00
0.00
0.00
0.00
0.00
0.00
0.00
0.00
160.00
0.00
0.00
0.00
0.00
0.00
0.00
0.00
0.00
0.00
0.00
0.00
0.00
0.00
0.00
0.00
0.00
0.00
0.00
0.00
0.00
0.00
0.00
3.00
0.00
0.00
0.00
0.00
0.00
0.00
0.00
0.00
0.00
0.00
0.00
0.00
0.00
0.00
0.00
0.00
0.00
0.00
0.00
0.00
0.00
0.00
0.00
40.00
75.00
569.00
19.00
0.00
0.00
0.00
0.00
0.00
0.00
0.00
0.00
14.00
103.00
0.00
0.00
173.00
19.00
299.00
30.00
0.00
0.00
0.00
0.00
0.00
90.00
277.00
50.00
108.00
0.00
0.00
0.00
29.00
39.00
0.00
1.00
12.00
259.00
141.00
433.00
880.00
870.00
1053.00
164.00
0.00
0.00
34.00
375.00
32.00
2.00
2.00
0.00
0.00
0.00
92.00
0.00
0.00
17.00
206.00
32.00
45.00
19.00
1.00
10.00
85.00
157.00
122.00
272.00
29.00
105.00
90.00
0.00
0.00
4.00
195.00
203.00
11.00
17.00
36.00
3.00
2.00
0.00
49.00
58.00
57.00
25.00
3.00
17.00
115.00
23.00
12.00
75.00
0.00
202.00
103.00
153.00
50.00
17.00
112.00
670.00
146.00
276.00
154.00
380.00
8.00
0.00
0.00
3.00
207.00
251.00
225.00
276.00
181.00
96.00
0.00
5.00
18.00
292.00
105.00
446.00
0.00
48.00
37.00
47.00
83.00
172.00
163.00
75.00
147.00
51.00
381.00
92.00
31.00
61.00
112.00
60.00
9.00
83.00
43.00
84.00
56.00
80.00
42.00
43.00
152.00
58.00
32.00
0.00
60.00
182.00
74.00
14.00
46.00
33.00
4.00
10.00
27.00
25.00
86.00
50.00
35.00
27.00
0.00
9.00
99.00
83.00
14.00
41.00
18.00
19.00
3.00
57.00
402.00
246.00
61.00
10.00
51.00
181.00
55.00
5.00
0.00
10.00
41.00
3.00
0.00
26.00
360.00
307.00
7.00
42.00
35.00
14.00
72.00
54.00
10.00
116.00
146.00
15.00
0.00
5.00
0.00
12.00
3.00
163.00
4.00
23.00
23.00
1.00
0.00
163.00
13.00
125.00
93.00
0.00
0.00
1.00
9.00
1.00
16.00
104.00
37.00
172.00
68.00
1.00
14.00
1.00
0.00
0.00
26.00
3.00
230.00
100.00
38.00
0.00
44.00
51.00
19.00
0.00
1.00
0.00
14.00
104.00
401.00
793.00
0.00
0.00
0.00
0.00
0.00
0.00
6.00
461.00
1620.00
4.00
0.00
0.00
0.00
0.00
0.00
0.00
0.00
0.00
0.00
0.00
0.00
0.00
0.00
21.00
250.00
31.00
0.00
0.00
0.00
0.00
0.00
0.00
0.00
0.00
0.00
0.00
0.00
0.00
0.00
0.00
0.00
0.00
0.00
0.00
0.00
0.00
2.00
45.00
497.00
279.00
0.00
0.00
0.00
0.00
0.00
0.00
0.00
0.00
50.00
2.00
0.00
0.00
0.00
17.00
0.00
0.00
0.00
0.00
28.00
0.00
29.00
188.00
7.00
8.00
0.00
0.00
0.00
0.00
0.00
0.00
0.00
0.00
8.00
0.00
11.00
0.00
0.00
0.00
0.00
0.00
0.00
1.00
0.00
0.00
0.00
0.00
0.00
0.00
0.00
0.00
0.00
0.00
0.00
0.00
0.00
0.00
0.00
0.00
0.00
0.00
0.00
50.00
19.00
0.00
0.00
0.00
0.00
0.00
0.00
0.00
0.00
0.00
0.00
0.00
17.00
0.00
80.00
1104.00
0.00
0.00
0.00
0.00
0.00
0.00
47.00
0.00
0.00
0.00
0.00
0.00
0.00
93.00
134.00
0.00
102.00
179.00
257.00
0.00
0.00
0.00
0.00
0.00
0.00
0.00
0.00
16.00
31.00
0.00
117.00
81.00
32.00
0.00
17.00
23.00
0.00
29.00
0.00
8.00
129.00
12.00
22.00
75.00
145.00
0.00
66.00
1.00
17.00
54.00
4.00
7.00
1.00
155.00
21.00
0.00
6.00
6.00
7.00
12.00
235.00
26.00
86.00
24.00
109.00
17.00
110.00
54.00
222.00
106.00
50.00
604.00
573.00
61.00
68.00
177.00
0.00
20.00
0.00
1.00
0.00
0.00
0.00
0.00
0.00
13.00
26.00
123.00
45.00
60.00
6.00
57.00
2.00
2.00
0.00
46.00
0.00
28.00
41.00
11.00
0.00
46.00
184.00
76.00
318.00
896.00
590.00
467.00
89.00
33.00
8.00
0.00
0.00
0.00
2.00
0.00
31.00
15.00
2.00
32.00
12.00
7.00
1.00
2.00
4.00
19.00
135.00
67.00
0.00
33.00
26.00
66.00
9.00
28.00
24.00
63.00
41.00
11.00
0.00
10.00
41.00
5.00
0.00
69.00
65.00
46.00
20.00
172.00
206.00
16.00
11.00
54.00
45.00
127.00
305.00
172.00
8.00
18.00
60.00
36.00
16.00
21.00
115.00
5.00
6.00
47.00
142.00
26.00
85.00
7.00
61.00
2.00
34.00
3.00
90.00
52.00
0.00
102.00
28.00
52.00
41.00
6.00
0.00
0.00
0.00
0.00
65.00
0.00
1.00
74.00
0.00
1.00
0.00
2.00
18.00
11.00
103.00
219.00
27.00
0.00
0.00
99.00
5.00
21.00
7.00
7.00
11.00
5.00
10.00
4.00
0.00
0.00
44.00
0.00
0.00
18.00
7.00
0.00
0.00
17.00
1.00
0.00
0.00
0.00
0.00
40.00
44.00
339.00
359.00
142.00
0.00
0.00
0.00
11.00
0.00
0.00
0.00
0.00
0.00
0.00
0.00
0.00
279.00
223.00
37.00
69.00
3.00
0.00
0.00
0.00
0.00
0.00
0.00
0.00
0.00
0.00
0.00
0.00
0.00
0.00
0.00
0.00
0.00
0.00
0.00
25.00
0.00
5.00
0.00
0.00
0.00
0.00
0.00
0.00
0.00
0.00
20.00
0.00
0.00
0.00
0.00
18.00
1.00
0.00
0.00
5.00
0.00
23.00
0.00
0.00
0.00
0.00
21.00
46.00
243.00
0.00
0.00
0.00
0.00
0.00
0.00
0.00
0.00
0.00
0.00
0.00
0.00
0.00
0.00
0.00
0.00
0.00
0.00
0.00
0.00
0.00
0.00
9.00
0.00
0.00
0.00
0.00
0.00
0.00
0.00
0.00
0.00
0.00
0.00
0.00
0.00
0.00
0.00
0.00
0.00
0.00
1.00
0.00
0.00
0.00
0.00
0.00
0.00
0.00
0.00
0.00
0.00
5.00
0.00
0.00
0.00
1.00
0.00
0.00
0.00
11.00
0.00
0.00
0.00
0.00
0.00
0.00
0.00
21.30
4.60
105.60
66.80
0.00
0.00
0.10
0.30
4.00
0.00
0.00
0.00
0.00
0.00
0.00
0.00
0.00
0.00
1.50
0.20
2.10
8.80
21.20
0.00
0.00
0.90
0.00
0.00
0.00
10.70
0.30
0.00
0.00
0.10
31.30
39.60
51.80
0.00
51.50
9.90
33.80
1.60
29.00
12.00
0.00
0.00
0.00
0.00
7.20
7.40
1.00
18.90
0.00
8.20
24.60
0.00
3.70
0.00
0.00
0.00
0.00
0.00
13.20
24.10
9.80
9.80
1.70
29.10
45.80
0.00
0.30
0.20
5.60
22.50
6.30
12.50
10.40
1.50
3.70
2.60
0.00
5.70
3.10
0.20
0.20
4.80
8.60
8.60
7.00
8.70
0.60
0.10
0.00
0.10
0.50
13.20
0.80
0.40
2.80
7.10
0.00
15.30
13.50
0.00
1.10
3.80
0.00
1.20
1.10
56.80
38.00
1.50
7.70
5.40
11.10
33.40
4.60
2.00
0.00
1.80
4.10
20.80
34.00
8.50
0.10
0.30
0.10
4.70
0.70
1.50
5.50
22.70
32.70
5.00
5.90
5.90
44.10
44.10
12.10
2.10
2.10
0.10
0.00
2.10
2.10
2.10
8.40
3.00
2.90
4.40
27.60
15.80
9.80
0.30
0.60
2.30
5.00
13.70
54.30
9.30
2.70
2.90
5.80
5.10
29.00
0.10
3.00
0.30
7.10
5.40
2.10
3.00
0.00
0.20
0.10
1.00
1.40
4.90
5.80
9.50
4.20
0.20
0.00
0.60
16.20
0.90
1.60
4.90
1.10
2.20
1.90
7.40
8.90
3.80
7.10
3.50
0.60
4.30
2.70
16.70
1.00
2.30
1.40
7.90
1.30
0.30
0.00
5.20
12.00
23.20
17.50
14.20
21.60
16.10
0.20
13.40
7.00
2.60
2.60
9.30
0.30
0.60
0.80
8.30
34.40
3.90
7.60
0.80
0.50
0.00
0.20
0.10
0.50
0.00
0.50
0.10
0.10
0.60
6.50
0.70
0.20
0.70
2.40
15.60
