20160101
0.00
0.00
0.00
0.00
0.00
0.00
0.00
0.00
0.00
0.00
0.00
0.00
0.00
0.00
0.00
0.00
0.00
0.00
8.00
29.00
0.00
0.00
0.00
0.00
0.00
0.00
0.00
0.00
0.00
0.00
0.00
0.00
0.00
0.00
0.00
0.00
0.00
0.00
0.00
0.00
0.00
0.00
0.00
0.00
0.00
0.00
0.00
0.00
0.00
0.00
5.00
0.00
0.00
0.00
0.00
0.00
10.00
0.00
0.00
2.00
0.00
0.00
1.00
0.00
0.00
1.00
0.00
1.00
0.00
0.00
0.00
0.00
1.00
7.00
0.00
0.00
0.00
0.00
31.00
3.00
5.00
0.00
0.00
0.00
0.00
0.00
197.00
197.00
4.00
45.00
228.00
1.00
0.00
3.00
40.00
212.00
52.00
27.00
0.00
81.00
0.00
0.00
0.00
5.00
237.00
4.00
79.00
257.00
253.00
112.00
35.00
35.00
3.00
1.00
0.00
74.00
619.00
116.00
86.00
109.00
18.00
23.00
0.00
47.00
46.00
196.00
74.00
430.00
13.00
155.00
66.00
6.00
168.00
157.00
131.00
863.00
2.00
249.00
234.00
62.00
67.00
213.00
0.00
0.00
26.00
25.00
0.00
53.00
3.00
19.00
8.00
63.00
0.00
0.00
8.00
15.00
0.00
66.00
11.00
6.00
3.00
180.00
0.00
0.00
11.00
208.00
296.00
222.00
25.00
128.00
266.00
102.00
375.00
245.00
468.00
389.00
0.00
125.00
146.00
19.00
55.00
5.00
178.00
50.00
315.00
254.00
157.00
5.00
15.00
285.00
64.00
11.00
2.00
21.00
81.00
204.00
7.00
302.00
217.00
235.00
420.00
1015.00
536.00
107.00
302.00
46.00
656.00
21.00
9.00
48.00
96.00
91.00
115.00
38.00
131.00
8.00
174.00
170.00
1.00
75.00
96.00
29.00
73.00
11.00
421.00
92.00
45.00
122.00
55.00
27.00
18.00
0.00
0.00
5.00
0.00
15.00
0.00
349.00
17.00
3.00
77.00
20.00
476.00
338.00
675.00
752.00
58.00
98.00
3.00
31.00
0.00
4.00
0.00
92.00
152.00
6.00
2.00
1.00
3.00
114.00
27.00
48.00
21.00
2.00
25.00
21.00
47.00
5.00
253.00
194.00
0.00
0.00
54.00
0.00
8.00
98.00
45.00
0.00
38.00
0.00
5.00
11.00
510.00
774.00
26.00
4.00
0.00
0.00
0.00
0.00
0.00
0.00
0.00
0.00
0.00
0.00
0.00
0.00
0.00
0.00
58.00
0.00
0.00
6.00
0.00
0.00
0.00
0.00
15.00
94.00
0.00
0.00
0.00
0.00
0.00
0.00
0.00
0.00
0.00
0.00
0.00
0.00
0.00
0.00
0.00
0.00
0.00
0.00
0.00
0.00
0.00
0.00
0.00
0.00
0.00
13.00
0.00
0.00
0.00
0.00
0.00
0.00
0.00
0.00
0.00
0.00
0.00
0.00
0.00
0.00
0.00
0.00
0.00
0.00
0.00
0.00
0.00
0.00
0.00
0.00
0.00
0.00
0.00
0.00
0.00
0.00
0.00
0.00
0.00
0.00
0.00
0.00
0.00
0.00
0.00
2.00
0.00
0.00
0.00
0.00
0.00
0.00
0.00
0.00
0.00
0.00
0.00
0.00
0.00
0.00
0.00
4.00
2.00
0.00
0.00
0.00
0.00
0.00
0.00
0.00
0.00
0.00
0.00
0.00
0.00
0.00
0.00
0.00
0.00
0.00
0.00
0.00
0.00
0.00
0.00
0.00
2.00
0.00
68.00
0.00
0.00
0.00
0.00
0.00
0.00
0.00
0.00
0.00
15.00
0.00
0.00
0.00
51.00
0.00
101.00
0.00
0.00
0.00
0.00
0.00
0.00
0.00
348.00
5.00
41.00
0.00
0.00
0.00
0.00
265.00
12.00
5.00
2.00
40.00
130.00
342.00
750.00
876.00
487.00
1.00
77.00
0.00
59.00
7.00
0.00
0.00
0.00
0.00
0.00
0.00
263.00
65.00
0.00
29.00
214.00
120.00
213.00
457.00
0.00
137.00
56.00
123.00
1.00
440.00
7.00
360.00
25.00
0.00
82.00
226.00
524.00
337.00
7.00
7.00
81.00
0.00
49.00
57.00
2.00
141.00
450.00
7.00
10.00
572.00
184.00
141.00
3.00
125.00
189.00
97.00
167.00
303.00
0.00
10.00
68.00
236.00
105.00
268.00
342.00
95.00
0.00
2.00
1.00
12.00
36.00
65.00
129.00
96.00
1266.00
586.00
192.00
17.00
141.00
119.00
210.00
231.00
0.00
363.00
459.00
50.00
220.00
6.00
33.00
38.00
48.00
74.00
706.00
720.00
119.00
795.00
162.00
31.00
55.00
94.00
242.00
189.00
192.00
96.00
63.00
28.00
89.00
74.00
66.00
2.00
276.00
84.00
5.00
24.00
231.00
82.00
2.00
25.00
2.00
19.00
45.00
86.00
17.00
1.00
92.00
70.00
121.00
62.00
79.00
57.00
212.00
22.00
247.00
1318.00
1562.00
804.00
366.00
220.00
113.00
15.00
86.00
25.00
0.00
45.00
121.00
147.00
134.00
3.00
60.00
269.00
192.00
44.00
1.00
1.00
157.00
481.00
402.00
69.00
6.00
132.00
0.00
13.00
335.00
1340.00
314.00
11.00
7.00
0.00
76.00
8.00
0.00
386.00
143.00
331.00
201.00
112.00
101.00
55.00
39.00
46.00
2.00
51.00
146.00
240.00
346.00
19.00
2.00
4.00
3.00
3.00
29.00
12.00
17.00
0.00
2.00
0.00
23.00
526.00
242.00
0.00
0.00
0.00
0.00
307.00
672.00
1418.00
0.00
0.00
0.00
0.00
0.00
0.00
0.00
4.00
14.00
0.00
0.00
0.00
0.00
0.00
0.00
0.00
0.00
0.00
0.00
0.00
0.00
0.00
0.00
0.00
159.00
158.00
10.00
0.00
0.00
0.00
0.00
0.00
0.00
0.00
0.00
0.00
0.00
0.00
0.00
0.00
0.00
0.00
0.00
0.00
0.00
0.00
8.00
0.00
131.00
0.00
0.00
0.00
0.00
0.00
0.00
0.00
0.00
0.00
6.00
0.00
0.00
0.00
0.00
0.00
0.00
0.00
0.00
0.00
0.00
0.00
0.00
11.00
0.00
0.00
0.00
0.00
0.00
0.00
0.00
0.00
0.00
0.00
0.00
0.00
0.00
0.00
0.00
0.00
0.00
0.00
0.00
0.00
0.00
0.00
0.00
0.00
0.00
0.00
0.00
0.00
0.00
0.00
0.00
0.00
0.00
0.00
0.00
0.00
141.00
17.00
0.00
12.00
36.00
0.00
6.00
6.00
0.00
0.00
0.00
0.00
0.00
0.00
0.00
0.00
0.00
0.00
570.00
83.00
0.00
0.00
0.00
0.00
0.00
0.00
0.00
0.00
0.00
0.00
0.00
0.00
0.00
1.00
1.00
0.00
0.00
40.00
0.00
0.00
0.00
0.00
0.00
0.00
0.00
3.00
0.00
19.00
0.00
75.00
668.00
298.00
317.00
1.00
6.00
88.00
0.00
129.00
7.00
27.00
75.00
148.00
0.00
127.00
67.00
340.00
75.00
2.00
2.00
2.00
0.00
1.00
108.00
175.00
0.00
0.00
48.00
0.00
32.00
0.00
39.00
9.00
147.00
53.00
195.00
0.00
181.00
0.00
239.00
212.00
65.00
164.00
86.00
82.00
2.00
16.00
0.00
223.00
0.00
0.00
0.00
10.00
0.00
1.00
11.00
125.00
37.00
178.00
48.00
36.00
191.00
0.00
27.00
18.00
24.00
1.00
42.00
18.00
287.00
0.00
0.00
1.00
127.00
118.00
1.00
18.00
509.00
655.00
177.00
108.00
187.00
151.00
13.00
70.00
70.00
56.00
184.00
57.00
79.00
79.00
4.00
14.00
60.00
129.00
428.00
665.00
530.00
58.00
10.00
0.00
24.00
5.00
16.00
1.00
61.00
33.00
47.00
57.00
16.00
52.00
9.00
19.00
3.00
201.00
74.00
5.00
90.00
152.00
220.00
51.00
323.00
191.00
164.00
154.00
72.00
185.00
213.00
5.00
12.00
32.00
14.00
139.00
42.00
29.00
12.00
92.00
128.00
62.00
54.00
735.00
7.00
7.00
11.00
52.00
36.00
52.00
59.00
217.00
293.00
176.00
249.00
19.00
169.00
8.00
26.00
2.00
63.00
703.00
142.00
186.00
77.00
0.00
0.00
0.00
5.00
896.00
1449.00
737.00
86.00
50.00
0.00
28.00
0.00
1.00
21.00
30.00
0.00
0.00
26.00
26.00
13.00
12.00
0.00
40.00
18.00
0.00
0.00
0.00
0.00
0.00
0.00
0.00
0.00
0.00
0.00
17.00
32.00
49.00
23.00
0.00
0.00
0.00
0.00
0.00
0.00
0.00
0.00
0.00
0.00
0.00
0.00
0.00
3.00
2.00
1.00
13.00
0.00
0.00
0.00
0.00
9.00
0.00
0.00
0.00
0.00
0.00
0.00
0.00
0.00
0.00
0.00
0.00
0.00
0.00
0.00
0.00
0.00
0.00
0.00
1.00
0.00
0.00
0.00
0.00
0.00
0.00
0.00
0.00
0.00
0.00
0.00
1.00
0.00
0.00
0.00
0.00
0.00
0.00
0.00
0.00
0.00
0.00
2.00
55.00
412.00
0.00
0.00
0.00
0.00
0.00
0.00
0.00
0.00
0.00
0.00
0.00
0.00
0.00
0.00
0.00
0.00
0.00
0.00
0.00
0.00
0.00
0.00
0.00
0.00
0.00
0.00
0.00
0.00
0.00
0.00
0.00
0.00
0.00
0.00
0.00
0.00
0.00
0.00
0.00
0.00
0.00
0.00
0.00
2.00
1.00
0.00
0.00
0.00
0.00
0.00
0.00
20.00
0.00
0.00
0.00
0.00
0.00
0.00
0.00
11.00
0.00
0.00
0.00
0.00
0.00
0.00
0.00
1.20
10.80
0.60
53.60
5.00
0.00
0.00
0.00
5.50
0.00
0.00
0.00
0.00
0.00
0.00
0.00
0.00
0.00
0.00
0.50
0.00
3.50
2.40
0.10
0.00
0.10
2.90
0.00
0.00
0.00
5.20
1.70
0.00
25.60
1.60
155.80
0.90
19.60
0.00
8.50
10.50
22.30
1.10
1.50
29.60
0.00
0.20
0.00
0.20
1.30
17.50
23.70
0.00
0.00
0.10
0.00
25.60
0.20
0.00
0.00
0.00
0.00
8.20
30.90
11.30
12.50
12.50
3.70
71.00
83.50
0.10
0.00
70.60
26.00
20.70
82.40
127.60
33.40
22.90
5.90
15.50
0.00
56.40
27.90
1.00
1.00
27.40
33.60
33.60
39.40
1.80
20.10
12.70
5.20
24.30
24.50
2.70
1.80
6.40
34.60
1.90
0.00
0.20
0.10
0.00
0.10
0.00
0.00
0.40
0.80
14.10
2.00
73.90
2.00
0.00
8.60
20.60
43.90
1.00
1.70
3.30
86.90
165.20
136.20
101.40
0.00
3.10
0.40
0.80
0.90
16.90
6.30
10.10
48.00
134.80
268.00
268.00
77.30
77.30
70.40
6.00
6.00
0.10
0.00
6.00
6.00
6.00
2.60
17.80
71.20
6.90
25.60
2.40
0.60
4.10
1.00
13.60
10.70
5.30
19.80
2.10
18.80
9.20
2.90
2.60
3.90
4.40
4.20
7.90
31.50
35.40
23.80
11.10
0.70
2.60
1.20
0.90
0.30
2.40
61.30
13.20
20.30
1.00
1.10
2.10
8.20
1.20
11.70
1.60
5.00
2.70
33.30
17.10
0.50
1.10
10.00
7.00
41.50
18.10
4.60
50.10
52.70
19.80
13.60
27.60
11.30
0.00
0.00
0.00
0.10
7.70
13.80
20.10
33.40
4.60
16.60
21.00
1.30
53.70
53.70
16.30
0.00
0.00
0.10
1.10
14.10
16.30
11.20
0.20
0.00
0.00
0.00
0.00
0.40
0.00
0.00
0.00
0.00
0.00
3.40
0.20
0.00
0.50
24.00
92.30
