20160101
0.00
0.00
0.00
0.00
0.00
0.00
0.00
0.00
58.00
0.00
0.00
0.00
0.00
0.00
0.00
0.00
0.00
0.00
0.00
29.00
0.00
0.00
0.00
0.00
0.00
19.00
96.00
0.00
0.00
0.00
0.00
0.00
0.00
0.00
0.00
0.00
0.00
0.00
0.00
74.00
0.00
0.00
0.00
0.00
0.00
0.00
0.00
0.00
0.00
0.00
0.00
0.00
0.00
0.00
4.00
0.00
8.00
1.00
0.00
0.00
0.00
0.00
70.00
163.00
0.00
1.00
0.00
38.00
0.00
0.00
0.00
0.00
3.00
2.00
2.00
2.00
0.00
0.00
0.00
4.00
5.00
0.00
0.00
0.00
0.00
0.00
77.00
225.00
12.00
30.00
295.00
27.00
0.00
0.00
22.00
108.00
2.00
70.00
25.00
3.00
0.00
36.00
0.00
0.00
172.00
12.00
141.00
263.00
92.00
71.00
48.00
8.00
0.00
52.00
8.00
1.00
138.00
55.00
134.00
45.00
284.00
50.00
127.00
8.00
32.00
0.00
14.00
5.00
9.00
1.00
31.00
136.00
40.00
69.00
32.00
131.00
530.00
211.00
34.00
56.00
39.00
702.00
0.00
0.00
57.00
9.00
2.00
32.00
29.00
5.00
11.00
128.00
0.00
0.00
8.00
252.00
9.00
132.00
67.00
25.00
7.00
113.00
67.00
3.00
3.00
0.00
42.00
246.00
118.00
3.00
0.00
9.00
22.00
63.00
11.00
24.00
75.00
45.00
267.00
28.00
112.00
12.00
172.00
166.00
232.00
20.00
25.00
35.00
40.00
88.00
203.00
57.00
112.00
2.00
0.00
14.00
10.00
1.00
10.00
10.00
29.00
67.00
37.00
83.00
85.00
53.00
149.00
37.00
174.00
101.00
1.00
200.00
43.00
4.00
0.00
59.00
526.00
156.00
25.00
3.00
158.00
15.00
17.00
127.00
85.00
50.00
178.00
187.00
75.00
85.00
80.00
0.00
43.00
91.00
2.00
2.00
0.00
221.00
7.00
8.00
68.00
38.00
98.00
85.00
13.00
9.00
267.00
42.00
73.00
99.00
22.00
8.00
264.00
55.00
13.00
146.00
7.00
28.00
11.00
1.00
114.00
71.00
26.00
762.00
60.00
134.00
27.00
22.00
130.00
18.00
8.00
23.00
291.00
89.00
3.00
10.00
0.00
0.00
56.00
41.00
11.00
44.00
58.00
106.00
22.00
114.00
0.00
0.00
0.00
0.00
0.00
0.00
0.00
0.00
0.00
0.00
0.00
0.00
0.00
0.00
61.00
0.00
0.00
0.00
0.00
0.00
0.00
10.00
20.00
244.00
98.00
5.00
0.00
0.00
0.00
0.00
0.00
0.00
0.00
0.00
0.00
0.00
0.00
0.00
0.00
0.00
0.00
0.00
0.00
0.00
0.00
0.00
0.00
0.00
0.00
0.00
0.00
0.00
0.00
0.00
0.00
0.00
0.00
0.00
0.00
0.00
0.00
0.00
0.00
0.00
0.00
0.00
0.00
0.00
0.00
0.00
0.00
0.00
0.00
0.00
6.00
0.00
0.00
0.00
0.00
0.00
0.00
0.00
0.00
3.00
0.00
0.00
0.00
0.00
0.00
0.00
0.00
0.00
0.00
0.00
0.00
0.00
0.00
0.00
0.00
0.00
0.00
0.00
0.00
0.00
0.00
0.00
15.00
0.00
0.00
0.00
0.00
0.00
0.00
0.00
0.00
0.00
0.00
0.00
0.00
0.00
0.00
0.00
0.00
0.00
0.00
0.00
0.00
0.00
0.00
0.00
23.00
10.00
2.00
0.00
0.00
0.00
0.00
0.00
0.00
0.00
0.00
0.00
26.00
28.00
0.00
0.00
133.00
4.00
139.00
42.00
0.00
0.00
0.00
0.00
0.00
96.00
109.00
6.00
142.00
0.00
0.00
0.00
0.00
58.00
53.00
0.00
50.00
69.00
94.00
118.00
279.00
477.00
1094.00
352.00
0.00
0.00
20.00
16.00
10.00
0.00
0.00
0.00
0.00
1.00
91.00
2.00
0.00
0.00
94.00
10.00
11.00
17.00
0.00
12.00
24.00
35.00
1.00
75.00
0.00
101.00
6.00
0.00
3.00
8.00
119.00
163.00
0.00
21.00
87.00
31.00
3.00
0.00
114.00
39.00
37.00
24.00
5.00
25.00
25.00
22.00
80.00
42.00
30.00
72.00
156.00
325.00
3.00
18.00
88.00
782.00
7.00
147.00
254.00
46.00
1.00
42.00
1.00
0.00
565.00
32.00
172.00
425.00
120.00
172.00
0.00
89.00
268.00
443.00
118.00
136.00
6.00
13.00
3.00
69.00
447.00
43.00
151.00
246.00
106.00
67.00
457.00
98.00
7.00
5.00
76.00
288.00
24.00
18.00
133.00
242.00
496.00
66.00
26.00
0.00
0.00
57.00
84.00
11.00
115.00
640.00
0.00
2.00
499.00
152.00
20.00
116.00
55.00
17.00
112.00
41.00
122.00
31.00
3.00
11.00
63.00
196.00
38.00
21.00
4.00
10.00
5.00
206.00
362.00
408.00
45.00
7.00
29.00
15.00
379.00
102.00
3.00
158.00
76.00
0.00
1.00
0.00
157.00
335.00
20.00
186.00
21.00
41.00
47.00
107.00
0.00
40.00
5.00
0.00
19.00
239.00
58.00
8.00
16.00
140.00
0.00
112.00
0.00
1.00
0.00
84.00
20.00
45.00
107.00
0.00
13.00
699.00
243.00
0.00
214.00
118.00
584.00
24.00
170.00
9.00
62.00
160.00
0.00
0.00
228.00
4.00
32.00
40.00
0.00
0.00
22.00
8.00
1.00
11.00
0.00
23.00
0.00
49.00
368.00
892.00
0.00
0.00
0.00
0.00
0.00
0.00
0.00
110.00
701.00
0.00
0.00
0.00
0.00
0.00
0.00
0.00
0.00
0.00
0.00
0.00
0.00
0.00
0.00
2.00
193.00
90.00
12.00
0.00
0.00
0.00
0.00
0.00
0.00
0.00
0.00
0.00
0.00
0.00
0.00
0.00
0.00
0.00
0.00
0.00
0.00
0.00
1.00
0.00
13.00
0.00
0.00
0.00
0.00
0.00
0.00
0.00
0.00
0.00
1.00
0.00
0.00
0.00
0.00
0.00
0.00
0.00
0.00
0.00
0.00
0.00
0.00
192.00
2.00
282.00
0.00
0.00
0.00
0.00
0.00
0.00
0.00
0.00
0.00
0.00
0.00
0.00
0.00
0.00
0.00
0.00
0.00
0.00
0.00
0.00
0.00
0.00
0.00
0.00
0.00
0.00
0.00
0.00
0.00
0.00
0.00
0.00
0.00
1.00
3.00
7.00
0.00
13.00
23.00
0.00
0.00
55.00
0.00
0.00
0.00
0.00
0.00
0.00
0.00
0.00
0.00
0.00
138.00
269.00
0.00
0.00
0.00
30.00
0.00
0.00
10.00
59.00
0.00
0.00
0.00
0.00
152.00
3.00
4.00
0.00
1.00
20.00
11.00
3.00
0.00
0.00
0.00
0.00
49.00
0.00
0.00
14.00
5.00
0.00
102.00
235.00
12.00
15.00
1.00
0.00
0.00
26.00
0.00
24.00
10.00
78.00
19.00
41.00
121.00
75.00
37.00
7.00
8.00
10.00
36.00
67.00
34.00
7.00
5.00
11.00
0.00
54.00
32.00
14.00
217.00
42.00
120.00
88.00
263.00
17.00
18.00
4.00
80.00
131.00
14.00
637.00
234.00
12.00
0.00
0.00
0.00
44.00
0.00
0.00
0.00
0.00
0.00
0.00
0.00
8.00
40.00
242.00
8.00
20.00
32.00
0.00
44.00
2.00
3.00
25.00
2.00
8.00
21.00
77.00
19.00
19.00
58.00
251.00
486.00
543.00
759.00
629.00
49.00
80.00
11.00
1.00
35.00
0.00
20.00
1.00
57.00
12.00
50.00
52.00
110.00
17.00
0.00
3.00
22.00
81.00
167.00
58.00
7.00
2.00
62.00
11.00
16.00
2.00
445.00
126.00
63.00
145.00
68.00
133.00
3.00
1.00
9.00
332.00
179.00
63.00
52.00
121.00
139.00
2.00
5.00
33.00
0.00
105.00
369.00
234.00
9.00
9.00
93.00
601.00
17.00
153.00
66.00
1.00
7.00
120.00
20.00
73.00
43.00
67.00
337.00
20.00
38.00
40.00
128.00
4.00
0.00
20.00
49.00
111.00
406.00
20.00
48.00
0.00
0.00
80.00
84.00
1.00
6.00
331.00
0.00
1.00
0.00
1.00
110.00
32.00
1.00
35.00
8.00
6.00
0.00
0.00
0.00
6.00
76.00
169.00
0.00
27.00
0.00
5.00
4.00
4.00
238.00
47.00
0.00
0.00
0.00
0.00
0.00
0.00
0.00
0.00
3.00
0.00
0.00
13.00
66.00
84.00
50.00
10.00
0.00
0.00
0.00
0.00
0.00
0.00
0.00
0.00
0.00
21.00
0.00
0.00
1.00
27.00
1.00
20.00
0.00
0.00
55.00
12.00
0.00
0.00
0.00
0.00
0.00
0.00
0.00
0.00
0.00
0.00
0.00
0.00
0.00
0.00
0.00
0.00
0.00
0.00
0.00
0.00
0.00
0.00
0.00
0.00
0.00
0.00
0.00
0.00
0.00
0.00
0.00
0.00
0.00
0.00
0.00
0.00
0.00
0.00
0.00
0.00
0.00
0.00
1.00
376.00
784.00
0.00
0.00
0.00
0.00
0.00
0.00
0.00
0.00
0.00
0.00
0.00
0.00
0.00
0.00
0.00
0.00
0.00
25.00
0.00
0.00
0.00
0.00
0.00
0.00
0.00
0.00
0.00
0.00
0.00
0.00
0.00
0.00
0.00
0.00
0.00
0.00
0.00
0.00
0.00
0.00
0.00
0.00
0.00
0.00
2.00
0.00
0.00
0.00
0.00
0.00
0.00
26.00
10.00
0.00
0.00
0.00
4.00
0.00
0.00
27.00
26.00
0.00
0.00
0.00
0.00
0.00
0.00
0.30
16.50
0.80
39.40
113.90
0.00
0.00
0.00
0.00
0.00
0.00
0.00
0.00
0.00
0.00
0.00
0.00
0.00
0.00
0.30
27.20
0.30
15.90
21.50
0.00
0.00
34.60
0.00
0.00
0.00
5.30
38.30
0.00
0.00
0.40
60.30
9.50
70.40
0.10
1.00
9.20
17.00
14.20
7.20
10.00
0.00
0.00
0.00
1.70
6.80
3.60
4.80
12.10
2.50
1.30
22.90
1.50
2.50
0.00
0.00
0.00
4.50
2.80
10.60
1.00
5.30
5.30
0.40
34.40
86.70
4.00
0.00
16.10
5.80
8.80
10.20
40.90
8.90
26.30
1.60
2.70
1.70
6.20
5.90
0.00
0.00
3.10
9.10
9.10
2.30
0.90
0.80
0.10
0.00
0.70
1.20
7.40
0.10
0.60
4.90
7.40
0.50
0.10
6.30
0.40
1.50
0.70
0.00
1.00
1.10
25.00
2.50
3.40
1.60
0.60
0.70
18.30
12.40
1.10
0.10
0.30
1.80
52.40
28.10
5.70
0.00
0.90
7.60
5.20
2.30
33.80
11.50
66.20
19.60
5.90
28.60
28.60
47.60
47.60
19.40
0.30
0.30
0.00
0.00
0.30
0.30
0.30
1.80
11.20
3.60
0.90
25.10
37.00
8.20
15.50
0.10
3.90
6.10
8.20
20.50
3.20
6.00
1.20
3.80
37.90
18.30
1.50
0.50
0.00
38.30
11.70
0.10
0.00
1.60
1.00
0.00
0.00
0.80
0.60
8.60
68.80
1.60
0.60
13.90
39.30
8.00
0.20
1.20
5.10
0.40
11.90
21.60
12.00
13.00
12.10
17.90
0.40
1.10
7.70
3.00
7.50
0.80
0.80
3.10
3.10
1.00
0.30
0.90
0.30
9.50
13.00
21.90
36.20
11.40
6.60
0.00
1.30
2.10
4.70
4.70
7.90
0.00
1.30
12.20
12.00
10.20
1.20
5.00
1.30
0.00
0.00
0.00
0.00
0.40
1.80
0.00
0.00
0.00
3.30
6.50
0.70
0.20
0.70
2.40
15.60
